Sample description: primus/qt temporary file
Sample: primus/qt tempo  c= 0 mg/ml  Code: tmp
Parent(s): /Users/Udo Heintz SASBDB submission/SASBDB/141_142_SASBDB.dat
  1.419140e-01   5.516830e+01
  1.464910e-01   5.505280e+01
  1.510690e-01   5.441430e+01
  1.556470e-01   5.407390e+01
  1.602250e-01   5.421450e+01
  1.648030e-01   5.389740e+01
  1.693810e-01   5.374490e+01
  1.739580e-01   5.346240e+01
  1.785360e-01   5.356170e+01
  1.831140e-01   5.283490e+01
  1.876920e-01   5.264100e+01
  1.922700e-01   5.236040e+01
  1.968470e-01   5.212250e+01
  2.014250e-01   5.213040e+01
  2.060030e-01   5.184700e+01
  2.105810e-01   5.132350e+01
  2.151590e-01   5.121880e+01
  2.197360e-01   5.070670e+01
  2.243140e-01   5.051860e+01
  2.288920e-01   5.016510e+01
  2.334700e-01   4.982710e+01
  2.380480e-01   4.915860e+01
  2.426250e-01   4.907400e+01
  2.472030e-01   4.899500e+01
  2.517810e-01   4.877490e+01
  2.563590e-01   4.854600e+01
  2.609360e-01   4.799810e+01
  2.655140e-01   4.758480e+01
  2.700920e-01   4.743380e+01
  2.746700e-01   4.709880e+01
  2.792470e-01   4.650970e+01
  2.838250e-01   4.623240e+01
  2.884030e-01   4.588060e+01
  2.929810e-01   4.571130e+01
  2.975580e-01   4.534350e+01
  3.021360e-01   4.507000e+01
  3.067140e-01   4.453030e+01
  3.112920e-01   4.423770e+01
  3.158690e-01   4.396640e+01
  3.204470e-01   4.359910e+01
  3.250250e-01   4.307190e+01
  3.296020e-01   4.277270e+01
  3.341800e-01   4.261010e+01
  3.387580e-01   4.230360e+01
  3.433350e-01   4.195210e+01
  3.479130e-01   4.153800e+01
  3.524910e-01   4.102040e+01
  3.570680e-01   4.070630e+01
  3.616460e-01   4.056320e+01
  3.662240e-01   4.018310e+01
  3.708010e-01   3.974970e+01
  3.753790e-01   3.924440e+01
  3.799570e-01   3.903400e+01
  3.845340e-01   3.876370e+01
  3.891120e-01   3.848630e+01
  3.936900e-01   3.795730e+01
  3.982670e-01   3.743770e+01
  4.028450e-01   3.705560e+01
  4.074220e-01   3.671320e+01
  4.120000e-01   3.646490e+01
  4.165780e-01   3.627560e+01
  4.211550e-01   3.609950e+01
  4.257330e-01   3.582770e+01
  4.303100e-01   3.535120e+01
  4.348880e-01   3.494100e+01
  4.394660e-01   3.451310e+01
  4.440430e-01   3.420440e+01
  4.486210e-01   3.390970e+01
  4.531980e-01   3.359450e+01
  4.577760e-01   3.331320e+01
  4.623530e-01   3.293320e+01
  4.669310e-01   3.265250e+01
  4.715080e-01   3.229640e+01
  4.760860e-01   3.196370e+01
  4.806630e-01   3.151890e+01
  4.852410e-01   3.117230e+01
  4.898180e-01   3.088670e+01
  4.943960e-01   3.053210e+01
  4.989730e-01   3.025210e+01
  5.035510e-01   2.991320e+01
  5.081280e-01   2.952300e+01
  5.127060e-01   2.922170e+01
  5.172830e-01   2.881850e+01
  5.218610e-01   2.842040e+01
  5.264380e-01   2.804950e+01
  5.310150e-01   2.778340e+01
  5.355930e-01   2.742350e+01
  5.401700e-01   2.712670e+01
  5.447480e-01   2.686350e+01
  5.493250e-01   2.654510e+01
  5.539020e-01   2.641840e+01
  5.584800e-01   2.586820e+01
  5.630570e-01   2.551660e+01
  5.676340e-01   2.521050e+01
  5.722120e-01   2.476950e+01
  5.767890e-01   2.452550e+01
  5.813660e-01   2.404690e+01
  5.859440e-01   2.386890e+01
  5.905210e-01   2.352750e+01
  5.950980e-01   2.327110e+01
  5.996760e-01   2.294120e+01
  6.042530e-01   2.257440e+01
  6.088300e-01   2.231890e+01
  6.134080e-01   2.200440e+01
  6.179850e-01   2.171070e+01
  6.225620e-01   2.140000e+01
  6.271390e-01   2.118000e+01
  6.317170e-01   2.095690e+01
  6.362940e-01   2.068060e+01
  6.408710e-01   2.025630e+01
  6.454480e-01   1.996960e+01
  6.500250e-01   1.973050e+01
  6.546030e-01   1.937740e+01
  6.591800e-01   1.915880e+01
  6.637570e-01   1.892730e+01
  6.683340e-01   1.872380e+01
  6.729110e-01   1.846810e+01
  6.774880e-01   1.799980e+01
  6.820660e-01   1.785940e+01
  6.866430e-01   1.765070e+01
  6.912200e-01   1.732730e+01
  6.957970e-01   1.717660e+01
  7.003740e-01   1.679270e+01
  7.049510e-01   1.652320e+01
  7.095280e-01   1.624700e+01
  7.141050e-01   1.595040e+01
  7.186820e-01   1.567330e+01
  7.232590e-01   1.552360e+01
  7.278360e-01   1.523910e+01
  7.324130e-01   1.495540e+01
  7.369900e-01   1.469030e+01
  7.415670e-01   1.452370e+01
  7.461440e-01   1.434290e+01
  7.507210e-01   1.401680e+01
  7.552980e-01   1.380640e+01
  7.598750e-01   1.365510e+01
  7.644520e-01   1.339210e+01
  7.690290e-01   1.311770e+01
  7.736060e-01   1.294470e+01
  7.781830e-01   1.271090e+01
  7.827600e-01   1.252300e+01
  7.873370e-01   1.227160e+01
  7.919140e-01   1.205980e+01
  7.964900e-01   1.185150e+01
  8.010670e-01   1.159140e+01
  8.056440e-01   1.146280e+01
  8.102210e-01   1.130040e+01
  8.147980e-01   1.110010e+01
  8.193750e-01   1.086490e+01
  8.239510e-01   1.071010e+01
  8.285280e-01   1.052700e+01
  8.331050e-01   1.034940e+01
  8.376820e-01   1.008190e+01
  8.422580e-01   9.900580e+00
  8.468350e-01   9.706690e+00
  8.514120e-01   9.567930e+00
  8.559880e-01   9.390000e+00
  8.605650e-01   9.206150e+00
  8.651420e-01   9.069800e+00
  8.697190e-01   8.829990e+00
  8.742950e-01   8.742850e+00
  8.788720e-01   8.621020e+00
  8.834480e-01   8.424770e+00
  8.880250e-01   8.198900e+00
  8.926020e-01   8.071780e+00
  8.971780e-01   7.938580e+00
  9.017550e-01   7.821290e+00
  9.063310e-01   7.674700e+00
  9.109080e-01   7.505310e+00
  9.154840e-01   7.339380e+00
  9.200610e-01   7.171420e+00
  9.246380e-01   7.082540e+00
  9.292140e-01   6.978640e+00
  9.337900e-01   6.772520e+00
  9.383670e-01   6.646740e+00
  9.429430e-01   6.548850e+00
  9.475200e-01   6.403230e+00
  9.520960e-01   6.243480e+00
  9.566730e-01   6.192180e+00
  9.612490e-01   6.096200e+00
  9.658250e-01   5.947830e+00
  9.704020e-01   5.813990e+00
  9.749780e-01   5.682990e+00
  9.795550e-01   5.591170e+00
  9.841310e-01   5.513630e+00
  9.887070e-01   5.396140e+00
  9.932830e-01   5.296380e+00
  9.978600e-01   5.102000e+00
  1.002440e+00   5.024250e+00
  1.007010e+00   4.922600e+00
  1.011590e+00   4.840250e+00
  1.016160e+00   4.766730e+00
  1.020740e+00   4.681760e+00
  1.025320e+00   4.565030e+00
  1.029890e+00   4.369740e+00
  1.034470e+00   4.368790e+00
  1.039050e+00   4.335110e+00
  1.043620e+00   4.211300e+00
  1.048200e+00   4.081150e+00
  1.052770e+00   3.971140e+00
  1.057350e+00   3.959010e+00
  1.061930e+00   3.883430e+00
  1.066500e+00   3.718620e+00
  1.071080e+00   3.714970e+00
  1.075650e+00   3.640520e+00
  1.080230e+00   3.519800e+00
  1.084810e+00   3.434150e+00
  1.089380e+00   3.397190e+00
  1.093960e+00   3.372680e+00
  1.098530e+00   3.298240e+00
  1.103110e+00   3.157030e+00
  1.107690e+00   3.159020e+00
  1.112260e+00   3.095370e+00
  1.116840e+00   3.055490e+00
  1.121410e+00   2.973620e+00
  1.125990e+00   2.945690e+00
  1.130570e+00   2.870240e+00
  1.135140e+00   2.744560e+00
  1.139720e+00   2.732720e+00
  1.144290e+00   2.712680e+00
  1.148870e+00   2.685220e+00
  1.153440e+00   2.597200e+00
  1.158020e+00   2.576680e+00
  1.162600e+00   2.582420e+00
  1.167170e+00   2.523460e+00
  1.171750e+00   2.427620e+00
  1.176320e+00   2.380190e+00
  1.180900e+00   2.312690e+00
  1.185470e+00   2.325870e+00
  1.190050e+00   2.306880e+00
  1.194620e+00   2.190240e+00
  1.199200e+00   2.186750e+00
  1.203780e+00   2.189200e+00
  1.208350e+00   2.092010e+00
  1.212930e+00   2.102380e+00
  1.217500e+00   2.042220e+00
  1.222080e+00   1.995420e+00
  1.226650e+00   2.000680e+00
  1.231230e+00   1.927260e+00
  1.235800e+00   1.837490e+00
  1.240380e+00   1.839240e+00
  1.244960e+00   1.853140e+00
  1.249530e+00   1.815310e+00
  1.254110e+00   1.778960e+00
  1.258680e+00   1.764740e+00
  1.263260e+00   1.809970e+00
  1.267830e+00   1.777120e+00
  1.272410e+00   1.725650e+00
  1.276980e+00   1.684410e+00
  1.281560e+00   1.660690e+00
  1.286130e+00   1.624840e+00
  1.290710e+00   1.641520e+00
  1.295280e+00   1.546100e+00
  1.299860e+00   1.632110e+00
  1.304430e+00   1.572260e+00
  1.309010e+00   1.575240e+00
  1.313580e+00   1.554290e+00
  1.318160e+00   1.522400e+00
  1.322730e+00   1.537210e+00
  1.327310e+00   1.460970e+00
  1.331880e+00   1.416120e+00
  1.336460e+00   1.397130e+00
  1.341030e+00   1.422020e+00
  1.345610e+00   1.383920e+00
  1.350190e+00   1.390310e+00
  1.354760e+00   1.352470e+00
  1.359340e+00   1.373910e+00
  1.363910e+00   1.367130e+00
  1.368480e+00   1.330290e+00
  1.373060e+00   1.313130e+00
  1.377630e+00   1.327590e+00
  1.382210e+00   1.301810e+00
  1.386780e+00   1.257770e+00
  1.391360e+00   1.275480e+00
  1.395930e+00   1.267210e+00
  1.400510e+00   1.207340e+00
  1.405080e+00   1.188240e+00
  1.409660e+00   1.195520e+00
  1.414230e+00   1.182870e+00
  1.418810e+00   1.144090e+00
  1.423380e+00   1.174290e+00
  1.427960e+00   1.180070e+00
  1.432530e+00   1.135590e+00
  1.437100e+00   1.137620e+00
  1.441680e+00   1.116680e+00
  1.446250e+00   1.115300e+00
  1.450830e+00   1.092260e+00
  1.455400e+00   1.102590e+00
  1.459980e+00   1.102770e+00
  1.464550e+00   1.090890e+00
  1.469130e+00   1.070180e+00
  1.473700e+00   1.058860e+00
  1.478280e+00   1.067970e+00
  1.482850e+00   1.046420e+00
  1.487420e+00   1.047940e+00
  1.492000e+00   1.014230e+00
  1.496570e+00   1.004040e+00
  1.501150e+00   1.001560e+00
  1.505720e+00   9.992080e-01
  1.510300e+00   9.740080e-01
  1.514870e+00   9.910020e-01
  1.519440e+00   9.846170e-01
  1.524020e+00   9.899920e-01
  1.528590e+00   9.837660e-01
  1.533170e+00   9.501470e-01
  1.537740e+00   9.742140e-01
  1.542310e+00   9.516460e-01
  1.546890e+00   9.446480e-01
  1.551460e+00   9.752650e-01
  1.556040e+00   9.326520e-01
  1.560610e+00   9.037980e-01
  1.565190e+00   8.942500e-01
  1.569760e+00   9.038420e-01
  1.574330e+00   9.316150e-01
  1.578910e+00   8.890860e-01
  1.583480e+00   8.852690e-01
  1.588050e+00   8.647510e-01
  1.592630e+00   8.841470e-01
  1.597200e+00   8.891540e-01
  1.601780e+00   8.657830e-01
  1.606350e+00   8.466580e-01
  1.610920e+00   8.629000e-01
  1.615500e+00   8.471910e-01
  1.620070e+00   8.344860e-01
  1.624640e+00   8.302170e-01
  1.629220e+00   8.204620e-01
  1.633790e+00   7.937000e-01
  1.638360e+00   8.183430e-01
  1.642940e+00   8.174030e-01
  1.647510e+00   8.039180e-01
  1.652090e+00   8.001410e-01
  1.656660e+00   7.847760e-01
  1.661230e+00   7.866050e-01
  1.665810e+00   7.717450e-01
  1.670380e+00   7.796180e-01
  1.674950e+00   7.755360e-01
  1.679530e+00   7.673510e-01
  1.684100e+00   7.493250e-01
  1.688670e+00   7.229050e-01
  1.693250e+00   7.301940e-01
  1.697820e+00   7.208580e-01
  1.702390e+00   7.257840e-01
  1.706970e+00   7.255520e-01
  1.711540e+00   7.213050e-01
  1.716110e+00   7.133180e-01
  1.720690e+00   6.774910e-01
  1.725260e+00   6.948240e-01
  1.729830e+00   6.830470e-01
  1.734400e+00   6.626050e-01
  1.738980e+00   6.687930e-01
  1.743550e+00   6.574660e-01
  1.748120e+00   6.800610e-01
  1.752700e+00   6.610850e-01
  1.757270e+00   6.536320e-01
  1.761840e+00   6.405240e-01
  1.766420e+00   6.367350e-01
  1.770990e+00   6.492910e-01
  1.775560e+00   6.338540e-01
  1.780130e+00   6.200010e-01
  1.784710e+00   6.171020e-01
  1.789280e+00   6.206230e-01
  1.793850e+00   5.992330e-01
  1.798420e+00   6.013320e-01
  1.803000e+00   6.181940e-01
  1.807570e+00   6.049000e-01
  1.812140e+00   5.813840e-01
  1.816720e+00   5.817930e-01
  1.821290e+00   5.811090e-01
  1.825860e+00   5.685370e-01
  1.830430e+00   5.441510e-01
  1.835010e+00   5.570920e-01
  1.839580e+00   5.572880e-01
  1.844150e+00   5.408370e-01
  1.848720e+00   5.298820e-01
  1.853300e+00   5.161180e-01
  1.857870e+00   5.186510e-01
  1.862440e+00   4.924100e-01
  1.867010e+00   5.047130e-01
  1.871590e+00   5.150250e-01
  1.876160e+00   5.073230e-01
  1.880730e+00   4.913740e-01
  1.885300e+00   5.006270e-01
  1.889870e+00   4.789920e-01
  1.894450e+00   4.811090e-01
  1.899020e+00   4.682160e-01
  1.903590e+00   4.691370e-01
  1.908160e+00   4.640710e-01
  1.912730e+00   4.401230e-01
  1.917310e+00   4.324660e-01
  1.921880e+00   4.502080e-01
  1.926450e+00   4.488940e-01
  1.931020e+00   4.395470e-01
  1.935590e+00   4.302860e-01
  1.940170e+00   4.170100e-01
  1.944740e+00   4.292420e-01
  1.949310e+00   4.208730e-01
  1.953880e+00   4.148630e-01
  1.958450e+00   4.198440e-01
  1.963020e+00   4.024050e-01
  1.967600e+00   4.019510e-01
  1.972170e+00   3.847940e-01
  1.976740e+00   3.797030e-01
  1.981310e+00   4.032840e-01
  1.985880e+00   3.587920e-01
  1.990450e+00   3.691090e-01
  1.995030e+00   3.664870e-01
  1.999600e+00   3.385080e-01
  2.004170e+00   3.372270e-01
  2.008740e+00   3.683440e-01
  2.013310e+00   3.505780e-01
  2.017880e+00   3.492390e-01
  2.022450e+00   3.463190e-01
  2.027030e+00   3.311120e-01
  2.031600e+00   3.300810e-01
  2.036170e+00   3.106060e-01
  2.040740e+00   3.231820e-01
  2.045310e+00   3.152060e-01
  2.049880e+00   3.058570e-01
  2.054450e+00   3.000710e-01
  2.059020e+00   2.905790e-01
  2.063600e+00   2.952690e-01
  2.068170e+00   3.282970e-01
  2.072740e+00   3.219530e-01
  2.077310e+00   3.108210e-01
  2.081880e+00   2.999840e-01
  2.086450e+00   2.895350e-01
  2.091020e+00   2.919500e-01
  2.095590e+00   2.981300e-01
  2.100160e+00   2.696740e-01
  2.104730e+00   2.566260e-01
  2.109300e+00   2.644190e-01
  2.113880e+00   2.729790e-01
  2.118450e+00   2.613520e-01
  2.123020e+00   2.541190e-01
  2.127590e+00   2.572680e-01
  2.132160e+00   2.740310e-01
  2.136730e+00   2.642920e-01
  2.141300e+00   2.476170e-01
  2.145870e+00   2.414820e-01
  2.150440e+00   2.317100e-01
  2.155010e+00   2.377450e-01
  2.159580e+00   2.323840e-01
  2.164150e+00   2.490950e-01
  2.168720e+00   2.330710e-01
  2.173290e+00   2.342440e-01
  2.177860e+00   2.380500e-01
  2.182430e+00   2.327050e-01
  2.187000e+00   2.431340e-01
  2.191570e+00   2.312760e-01
  2.196140e+00   2.221080e-01
  2.200710e+00   2.158060e-01
  2.205280e+00   2.200750e-01
  2.209850e+00   2.140210e-01
  2.214420e+00   2.161900e-01
  2.218990e+00   1.936460e-01
  2.223560e+00   2.087950e-01
  2.228130e+00   2.150330e-01
  2.232700e+00   2.119860e-01
  2.237270e+00   2.147790e-01
  2.241840e+00   2.251950e-01
  2.246410e+00   2.029270e-01
  2.250980e+00   2.083300e-01
  2.255550e+00   2.205450e-01
  2.260120e+00   1.976420e-01
  2.264690e+00   1.967650e-01
  2.269260e+00   2.180000e-01
  2.273830e+00   1.848840e-01
  2.278400e+00   1.848200e-01
  2.282970e+00   1.937340e-01
  2.287540e+00   1.982820e-01
  2.292110e+00   1.786680e-01
  2.296680e+00   1.827320e-01
  2.301250e+00   1.840740e-01
  2.305820e+00   1.938970e-01
  2.310390e+00   1.929090e-01
  2.314960e+00   1.946810e-01
  2.319530e+00   1.998040e-01
  2.324090e+00   2.043220e-01
  2.328670e+00   1.909370e-01
  2.333230e+00   1.834750e-01
  2.337800e+00   1.957660e-01
  2.342370e+00   1.884290e-01
  2.346940e+00   1.955610e-01
  2.351510e+00   1.797810e-01
  2.356080e+00   1.879130e-01
  2.360650e+00   1.917740e-01
  2.365220e+00   1.903790e-01
  2.369790e+00   1.790620e-01
  2.374350e+00   1.774690e-01
  2.378920e+00   1.884870e-01
  2.383490e+00   2.026690e-01
  2.388060e+00   1.915340e-01
  2.392630e+00   2.001140e-01
  2.397200e+00   1.780890e-01
  2.401770e+00   1.780070e-01
  2.406340e+00   1.791300e-01
  2.410910e+00   1.678220e-01
  2.415470e+00   1.837090e-01
  2.420040e+00   1.887240e-01
  2.424610e+00   1.944580e-01
  2.429180e+00   1.866280e-01
  2.433750e+00   1.856690e-01
  2.438320e+00   1.885920e-01
  2.442880e+00   2.017560e-01
  2.447450e+00   1.998980e-01
  2.452020e+00   1.916400e-01
  2.456590e+00   1.764490e-01
  2.461160e+00   1.757820e-01
  2.465730e+00   1.881930e-01
  2.470290e+00   1.885250e-01
  2.474860e+00   1.903050e-01
  2.479430e+00   1.876990e-01
  2.484000e+00   1.998670e-01
  2.488570e+00   1.891700e-01
  2.493130e+00   1.902070e-01
  2.497700e+00   1.807350e-01
  2.502270e+00   1.751050e-01
  2.506840e+00   1.919020e-01
  2.511400e+00   1.909400e-01
  2.515970e+00   1.911180e-01
  2.520540e+00   1.840320e-01
  2.525110e+00   1.642030e-01
  2.529680e+00   1.780680e-01
  2.534240e+00   1.805080e-01
  2.538810e+00   1.701890e-01
  2.543380e+00   1.746580e-01
  2.547950e+00   1.753170e-01
  2.552510e+00   1.843270e-01
  2.557080e+00   1.635790e-01
  2.561650e+00   1.727210e-01
  2.566220e+00   1.802910e-01
  2.570780e+00   1.811580e-01
  2.575350e+00   1.885700e-01
  2.579920e+00   1.924680e-01
  2.584490e+00   1.765500e-01
  2.589050e+00   1.798470e-01
  2.593620e+00   1.923910e-01
  2.598190e+00   1.650850e-01
  2.602750e+00   1.685550e-01
  2.607320e+00   1.832050e-01
  2.611890e+00   1.759010e-01
  2.616450e+00   1.742570e-01
  2.621020e+00   1.765000e-01
  2.625590e+00   1.812320e-01
  2.630160e+00   1.583450e-01
  2.634720e+00   1.778740e-01
  2.639290e+00   1.859330e-01
  2.643850e+00   1.761240e-01
  2.648420e+00   1.789770e-01
  2.652990e+00   1.871160e-01
  2.657550e+00   1.740850e-01
  2.662120e+00   1.621660e-01
  2.666690e+00   1.680350e-01
  2.671260e+00   1.598610e-01
  2.675820e+00   1.736760e-01
  2.680390e+00   1.770200e-01
  2.684950e+00   1.702030e-01
  2.689520e+00   1.754780e-01
  2.694090e+00   1.805160e-01
  2.698650e+00   1.625720e-01
  2.703220e+00   1.782370e-01
  2.707780e+00   1.712330e-01
  2.712350e+00   1.748210e-01
  2.716920e+00   1.897570e-01
  2.721480e+00   1.830190e-01
  2.726050e+00   1.570030e-01
  2.730620e+00   1.742180e-01
  2.735180e+00   1.609950e-01
  2.739750e+00   1.823240e-01
  2.744310e+00   1.662490e-01
  2.748880e+00   1.647630e-01
  2.753440e+00   1.762040e-01
  2.758010e+00   1.754810e-01
  2.762580e+00   1.789900e-01
  2.767140e+00   1.524460e-01
  2.771710e+00   1.833360e-01
  2.776270e+00   1.953650e-01
  2.780840e+00   1.903300e-01
  2.785400e+00   1.578320e-01
  2.789970e+00   1.539380e-01
  2.794540e+00   1.622540e-01
  2.799100e+00   1.704150e-01
  2.803670e+00   1.572690e-01
  2.808230e+00   1.543680e-01
  2.812800e+00   1.527270e-01
  2.817360e+00   1.589400e-01
  2.821930e+00   1.696710e-01
  2.826490e+00   1.649500e-01
  2.831060e+00   1.492890e-01
  2.835620e+00   1.588410e-01
  2.840190e+00   1.682590e-01
  2.844750e+00   1.729660e-01
  2.849320e+00   1.756030e-01
  2.853880e+00   1.693700e-01
  2.858450e+00   1.630360e-01
  2.863010e+00   1.733800e-01
  2.867580e+00   1.683990e-01
  2.872140e+00   1.547760e-01
  2.876710e+00   1.655860e-01
  2.881270e+00   1.634970e-01
  2.885830e+00   1.585260e-01
  2.890400e+00   1.632060e-01
  2.894960e+00   1.562680e-01
  2.899530e+00   1.515050e-01
  2.904090e+00   1.481150e-01
  2.908660e+00   1.645370e-01
  2.913220e+00   1.535480e-01
  2.917790e+00   1.456010e-01
  2.922350e+00   1.590340e-01
  2.926910e+00   1.732450e-01
  2.931480e+00   1.547140e-01
  2.936040e+00   1.602120e-01
  2.940610e+00   1.693260e-01
  2.945170e+00   1.693570e-01
  2.949730e+00   1.731730e-01
  2.954300e+00   1.691850e-01
  2.958860e+00   1.603430e-01
  2.963430e+00   1.409260e-01
  2.967990e+00   1.315270e-01
  2.972550e+00   1.605220e-01
  2.977120e+00   1.669230e-01
  2.981680e+00   1.565540e-01
  2.986250e+00   1.479970e-01
  2.990810e+00   1.494380e-01
  2.995370e+00   1.532700e-01
  2.999940e+00   1.491460e-01
  3.004500e+00   1.443940e-01
  3.009060e+00   1.519600e-01
  3.013630e+00   1.706300e-01
  3.018190e+00   1.652960e-01
  3.022750e+00   1.548980e-01
  3.027320e+00   1.476160e-01
  3.031880e+00   1.503580e-01
  3.036440e+00   1.516880e-01
  3.041010e+00   1.428560e-01
  3.045570e+00   1.510550e-01
  3.050130e+00   1.505900e-01
  3.054700e+00   1.540290e-01
  3.059260e+00   1.311040e-01
  3.063820e+00   1.422660e-01
  3.068380e+00   1.645090e-01
  3.072950e+00   1.399350e-01
  3.077510e+00   1.257700e-01
  3.082070e+00   1.238930e-01
  3.086630e+00   1.528840e-01
  3.091200e+00   1.308760e-01
  3.095760e+00   1.331480e-01
  3.100320e+00   1.394940e-01
  3.104890e+00   1.514910e-01
  3.109450e+00   1.404740e-01
  3.114010e+00   1.505870e-01
  3.118570e+00   1.473360e-01
  3.123130e+00   1.456320e-01
  3.127700e+00   1.414920e-01
  3.132260e+00   1.378110e-01
  3.136820e+00   1.381590e-01
  3.141380e+00   1.410870e-01
  3.145940e+00   1.536320e-01
  3.150510e+00   1.471680e-01
  3.155070e+00   1.620020e-01
  3.159630e+00   1.472380e-01
  3.164190e+00   1.390650e-01
  3.168750e+00   1.430380e-01
  3.173320e+00   1.419560e-01
  3.177880e+00   1.223770e-01
  3.182440e+00   1.514720e-01
  3.187000e+00   1.431930e-01
  3.191560e+00   1.450000e-01
  3.196130e+00   1.433390e-01
  3.200690e+00   1.359680e-01
parent: /Users/Udo Heintz SASBDB submission/SASBDB/141_142_SASBDB.dat
range-from: 1
range-to: 670
