Sample description: Extrapolated to infinite dilution
Sample: Extrapolated to  c= 0.000 mg/ml  Code: Lytawt
Parent(s): lytawt_zc_new.dat
 1.765040e-001  6.019024e+001  6.984050e-001
 1.792400e-001  6.147766e+001  6.144870e-001
 1.819750e-001  6.204329e+001  6.098650e-001
 1.847100e-001  6.207439e+001  5.837510e-001
 1.874450e-001  5.946507e+001  5.740560e-001
 1.901800e-001  6.060455e+001  5.507390e-001
 1.929150e-001  5.726894e+001  5.418200e-001
 1.956500e-001  5.279682e+001  5.392480e-001
 1.983850e-001  5.636134e+001  5.169970e-001
 2.011200e-001  5.422831e+001  5.044550e-001
 2.038550e-001  5.610990e+001  4.974420e-001
 2.065900e-001  5.447464e+001  4.811410e-001
 2.093250e-001  5.364222e+001  4.849740e-001
 2.120610e-001  5.377317e+001  4.667070e-001
 2.147960e-001  5.635956e+001  4.608160e-001
 2.175310e-001  5.339934e+001  4.509500e-001
 2.202660e-001  5.364149e+001  4.461440e-001
 2.230010e-001  5.433735e+001  4.347610e-001
 2.257360e-001  5.207432e+001  4.271880e-001
 2.284710e-001  5.202315e+001  4.266380e-001
 2.312060e-001  5.172733e+001  4.157350e-001
 2.339410e-001  4.958578e+001  4.150410e-001
 2.366760e-001  5.110686e+001  4.005990e-001
 2.394110e-001  5.142988e+001  4.039890e-001
 2.421460e-001  4.963280e+001  3.974620e-001
 2.448820e-001  4.986434e+001  3.881580e-001
 2.476170e-001  4.765874e+001  3.879340e-001
 2.503520e-001  4.690140e+001  3.806270e-001
 2.530870e-001  4.675931e+001  3.818740e-001
 2.558220e-001  4.633320e+001  3.729240e-001
 2.585570e-001  4.528367e+001  3.664580e-001
 2.612920e-001  4.723051e+001  3.678920e-001
 2.640270e-001  4.588491e+001  3.584370e-001
 2.667620e-001  4.385391e+001  3.591950e-001
 2.694970e-001  4.461994e+001  3.496930e-001
 2.722320e-001  4.505332e+001  3.466570e-001
 2.749680e-001  4.264931e+001  3.464040e-001
 2.777030e-001  4.193247e+001  3.415020e-001
 2.804380e-001  4.250503e+001  3.430570e-001
 2.831730e-001  4.213079e+001  3.266300e-001
 2.859080e-001  4.253667e+001  3.286480e-001
 2.886430e-001  4.270726e+001  3.269580e-001
 2.913780e-001  4.117131e+001  3.160560e-001
 2.941130e-001  3.855168e+001  3.176150e-001
 2.968480e-001  4.063522e+001  3.099130e-001
 2.995830e-001  4.025253e+001  3.151650e-001
 3.023180e-001  4.081007e+001  3.105410e-001
 3.050530e-001  3.747532e+001  3.034780e-001
 3.077890e-001  3.737376e+001  3.056090e-001
 3.105240e-001  3.780949e+001  2.961630e-001
 3.132590e-001  3.591604e+001  3.005780e-001
 3.159940e-001  3.685787e+001  2.923220e-001
 3.187290e-001  3.501808e+001  2.894540e-001
 3.214640e-001  3.584832e+001  2.945390e-001
 3.241990e-001  3.534956e+001  2.825110e-001
 3.269340e-001  3.393157e+001  2.857360e-001
 3.296690e-001  3.291925e+001  2.801650e-001
 3.324040e-001  3.230975e+001  2.742300e-001
 3.351390e-001  3.339480e+001  2.791740e-001
 3.378750e-001  3.310726e+001  2.730170e-001
 3.406100e-001  3.342080e+001  2.693170e-001
 3.433450e-001  3.195089e+001  2.692730e-001
 3.460800e-001  3.055086e+001  2.661610e-001
 3.488150e-001  3.069040e+001  2.655250e-001
 3.515500e-001  3.126660e+001  2.596810e-001
 3.542850e-001  3.114050e+001  2.595400e-001
 3.570200e-001  2.922199e+001  2.573660e-001
 3.597550e-001  3.033216e+001  2.549330e-001
 3.624900e-001  2.913577e+001  2.504300e-001
 3.652250e-001  2.951787e+001  2.495350e-001
 3.679600e-001  2.765112e+001  2.493190e-001
 3.706960e-001  2.744409e+001  2.458960e-001
 3.734310e-001  2.782551e+001  2.424590e-001
 3.761660e-001  2.757819e+001  2.370400e-001
 3.789010e-001  2.764660e+001  2.414960e-001
 3.816360e-001  2.744863e+001  2.358750e-001
 3.843710e-001  2.684460e+001  2.387820e-001
 3.871060e-001  2.615120e+001  2.317960e-001
 3.898410e-001  2.577450e+001  2.292670e-001
 3.925760e-001  2.550710e+001  2.324040e-001
 3.953110e-001  2.532620e+001  2.272100e-001
 3.980460e-001  2.490080e+001  2.265370e-001
 4.007810e-001  2.457370e+001  2.253320e-001
 4.035170e-001  2.446740e+001  2.214650e-001
 4.062520e-001  2.397070e+001  2.260640e-001
 4.089870e-001  2.348760e+001  2.156690e-001
 4.117220e-001  2.357690e+001  2.180300e-001
 4.144570e-001  2.312730e+001  2.165440e-001
 4.171920e-001  2.305980e+001  2.146680e-001
 4.199270e-001  2.238580e+001  2.143750e-001
 4.226620e-001  2.235390e+001  2.097780e-001
 4.253970e-001  2.178290e+001  2.098350e-001
 4.281320e-001  2.173910e+001  2.091350e-001
 4.308670e-001  2.157180e+001  2.059650e-001
 4.336030e-001  2.096320e+001  2.054660e-001
 4.363380e-001  2.068610e+001  2.022540e-001
 4.390730e-001  2.073380e+001  2.059890e-001
 4.418080e-001  2.003410e+001  1.986010e-001
 4.445430e-001  1.987190e+001  1.966210e-001
 4.472780e-001  1.985060e+001  2.011170e-001
 4.500130e-001  1.946690e+001  1.941550e-001
 4.527480e-001  1.928640e+001  1.969430e-001
 4.554830e-001  1.907960e+001  1.932510e-001
 4.582180e-001  1.866330e+001  1.907040e-001
 4.609530e-001  1.864630e+001  1.927520e-001
 4.636880e-001  1.862490e+001  1.917760e-001
 4.664240e-001  1.816610e+001  1.887460e-001
 4.691590e-001  1.831820e+001  1.878630e-001
 4.718940e-001  1.805530e+001  1.884990e-001
 4.746290e-001  1.771000e+001  1.862550e-001
 4.773640e-001  1.736980e+001  1.855240e-001
 4.800990e-001  1.710650e+001  1.828990e-001
 4.828340e-001  1.719460e+001  1.824840e-001
 4.855690e-001  1.721080e+001  1.829890e-001
 4.883040e-001  1.672100e+001  1.813810e-001
 4.910390e-001  1.658160e+001  1.774640e-001
 4.937740e-001  1.629620e+001  1.780850e-001
 4.965090e-001  1.640470e+001  1.784300e-001
 4.992450e-001  1.613750e+001  1.776070e-001
 5.019800e-001  1.597160e+001  1.749980e-001
 5.047150e-001  1.556170e+001  1.752110e-001
 5.074500e-001  1.585530e+001  1.746950e-001
 5.101850e-001  1.549860e+001  1.735590e-001
 5.129200e-001  1.538940e+001  1.716730e-001
 5.156550e-001  1.528230e+001  1.706320e-001
 5.183900e-001  1.515220e+001  1.718360e-001
 5.211250e-001  1.486630e+001  1.708400e-001
 5.238600e-001  1.507010e+001  1.715690e-001
 5.265950e-001  1.510950e+001  1.690030e-001
 5.293310e-001  1.473220e+001  1.668450e-001
 5.320660e-001  1.463770e+001  1.670420e-001
 5.348010e-001  1.435860e+001  1.666440e-001
 5.375360e-001  1.464180e+001  1.669850e-001
 5.402710e-001  1.443880e+001  1.651500e-001
 5.430060e-001  1.422470e+001  1.641580e-001
 5.457410e-001  1.407550e+001  1.651190e-001
 5.484760e-001  1.399200e+001  1.617130e-001
 5.512110e-001  1.421500e+001  1.648210e-001
 5.539460e-001  1.399980e+001  1.619210e-001
 5.566810e-001  1.384310e+001  1.638440e-001
 5.594160e-001  1.370020e+001  1.605900e-001
 5.621520e-001  1.351490e+001  1.582290e-001
 5.648870e-001  1.351360e+001  1.622270e-001
 5.676220e-001  1.349940e+001  1.585840e-001
 5.703570e-001  1.353270e+001  1.605470e-001
 5.730920e-001  1.330180e+001  1.576930e-001
 5.758270e-001  1.288060e+001  1.529880e-001
 5.785620e-001  1.306940e+001  1.574880e-001
 5.812970e-001  1.245260e+001  1.512480e-001
 5.840320e-001  1.325090e+001  1.607450e-001
 5.867670e-001  1.279580e+001  1.537080e-001
 5.895020e-001  1.300730e+001  1.573010e-001
 5.922380e-001  1.273260e+001  1.561960e-001
 5.949730e-001  1.268470e+001  1.504830e-001
 5.977080e-001  1.270940e+001  1.552920e-001
 6.004430e-001  1.244090e+001  1.517480e-001
 6.031780e-001  1.248710e+001  1.544980e-001
 6.059130e-001  1.270020e+001  1.545430e-001
 6.086480e-001  1.243600e+001  1.535370e-001
 6.113830e-001  1.238850e+001  1.544650e-001
 6.141180e-001  1.222730e+001  1.527170e-001
 6.168530e-001  1.184160e+001  1.485690e-001
 6.195880e-001  1.182580e+001  1.476510e-001
 6.223230e-001  1.174650e+001  1.544310e-001
 6.250590e-001  1.219200e+001  1.534100e-001
 6.277940e-001  1.143990e+001  1.406700e-001
 6.305290e-001  1.177060e+001  1.473290e-001
 6.332640e-001  1.212460e+001  1.507850e-001
 6.359990e-001  1.181040e+001  1.488510e-001
 6.387340e-001  1.171030e+001  1.493750e-001
 6.414690e-001  1.169640e+001  1.455000e-001
 6.442040e-001  1.129680e+001  1.427080e-001
 6.469390e-001  1.158120e+001  1.454910e-001
 6.496740e-001  1.164870e+001  1.488270e-001
 6.524090e-001  1.141640e+001  1.417360e-001
 6.551440e-001  1.170910e+001  1.462950e-001
 6.578800e-001  1.152030e+001  1.461270e-001
 6.606150e-001  1.138720e+001  1.449540e-001
 6.633500e-001  1.118700e+001  1.434050e-001
 6.660850e-001  1.152450e+001  1.437650e-001
 6.688200e-001  1.106070e+001  1.430790e-001
 6.715550e-001  1.152000e+001  1.466220e-001
 6.742900e-001  1.113630e+001  1.428370e-001
 6.770250e-001  1.105230e+001  1.418810e-001
 6.797600e-001  1.098420e+001  1.404950e-001
 6.824950e-001  1.139570e+001  1.451610e-001
 6.852300e-001  1.104260e+001  1.413760e-001
 6.879660e-001  1.124110e+001  1.440420e-001
 6.907010e-001  1.086470e+001  1.408770e-001
 6.934360e-001  1.076060e+001  1.397450e-001
 6.961710e-001  1.117660e+001  1.435460e-001
 6.989060e-001  1.105180e+001  1.429890e-001
 7.016410e-001  1.067810e+001  1.401240e-001
 7.043760e-001  1.092780e+001  1.444140e-001
 7.071110e-001  1.080110e+001  1.389540e-001
 7.098460e-001  1.073680e+001  1.394980e-001
 7.125810e-001  1.082330e+001  1.397330e-001
 7.153160e-001  1.066240e+001  1.381570e-001
 7.180510e-001  1.021480e+001  1.330140e-001
 7.207870e-001  1.077120e+001  1.400000e-001
 7.235220e-001  1.035860e+001  1.376490e-001
 7.262570e-001  1.047540e+001  1.367420e-001
 7.289920e-001  1.025270e+001  1.347080e-001
 7.317270e-001  1.047170e+001  1.360230e-001
 7.344620e-001  1.042660e+001  1.354050e-001
 7.371970e-001  1.014980e+001  1.363460e-001
 7.399320e-001  1.010500e+001  1.345320e-001
 7.426670e-001  1.021910e+001  1.365720e-001
 7.454020e-001  9.978530e+000  1.343090e-001
 7.481370e-001  1.003530e+001  1.338270e-001
 7.508720e-001  1.008680e+001  1.355510e-001
 7.536080e-001  9.979080e+000  1.331810e-001
 7.563430e-001  1.017090e+001  1.344730e-001
 7.590780e-001  1.024170e+001  1.367980e-001
 7.618130e-001  1.020850e+001  1.378330e-001
 7.645480e-001  9.760940e+000  1.328960e-001
 7.672830e-001  1.011970e+001  1.337500e-001
 7.700180e-001  9.810080e+000  1.330590e-001
 7.727530e-001  9.816690e+000  1.326370e-001
 7.754880e-001  9.504430e+000  1.305650e-001
 7.782230e-001  9.768250e+000  1.315060e-001
 7.809580e-001  9.785780e+000  1.332300e-001
 7.836940e-001  9.759980e+000  1.312110e-001
 7.864290e-001  9.338760e+000  1.281690e-001
 7.891640e-001  9.535790e+000  1.306900e-001
 7.918990e-001  9.586500e+000  1.295060e-001
 7.946340e-001  9.713850e+000  1.336960e-001
 7.973690e-001  9.370750e+000  1.281160e-001
 8.001040e-001  9.222010e+000  1.278730e-001
 8.028390e-001  9.593820e+000  1.300660e-001
 8.055740e-001  9.337190e+000  1.287840e-001
 8.083090e-001  9.354730e+000  1.306820e-001
 8.110440e-001  9.427870e+000  1.329920e-001
 8.137790e-001  9.248410e+000  1.304640e-001
 8.165150e-001  9.360920e+000  1.304290e-001
 8.192500e-001  9.346750e+000  1.324880e-001
 8.219850e-001  9.099160e+000  1.331960e-001
 8.247200e-001  9.175810e+000  1.333170e-001
 8.274550e-001  8.957030e+000  1.286700e-001
 8.301900e-001  8.866990e+000  1.300070e-001
 8.329250e-001  8.660970e+000  1.298390e-001
 8.356600e-001  8.615600e+000  1.296580e-001
 8.383950e-001  8.626930e+000  1.286300e-001
 8.411300e-001  8.769620e+000  1.307480e-001
 8.438650e-001  8.762210e+000  1.292130e-001
 8.466010e-001  8.659900e+000  1.309290e-001
 8.493360e-001  8.714820e+000  1.352450e-001
 8.520710e-001  8.599190e+000  1.299080e-001
 8.548060e-001  8.774650e+000  1.357610e-001
 8.575410e-001  8.487870e+000  1.303260e-001
 8.602760e-001  8.432950e+000  1.324660e-001
 8.630110e-001  8.358600e+000  1.305770e-001
 8.657460e-001  8.299530e+000  1.293370e-001
 8.684810e-001  8.466570e+000  1.326570e-001
 8.712160e-001  8.091890e+000  1.284160e-001
 8.739510e-001  8.206730e+000  1.287670e-001
 8.766860e-001  8.214130e+000  1.315570e-001
 8.794220e-001  8.004630e+000  1.275040e-001
 8.821570e-001  7.983880e+000  1.287290e-001
 8.848920e-001  7.795400e+000  1.253230e-001
 8.876270e-001  7.931840e+000  1.302570e-001
 8.903620e-001  7.839850e+000  1.301630e-001
 8.930970e-001  7.611220e+000  1.272220e-001
 8.958320e-001  7.775790e+000  1.269530e-001
 8.985670e-001  7.952530e+000  1.307600e-001
 9.013020e-001  8.060150e+000  1.325100e-001
 9.040370e-001  7.732460e+000  1.306360e-001
 9.067720e-001  7.635360e+000  1.291560e-001
 9.095070e-001  7.739170e+000  1.299560e-001
 9.122430e-001  7.596780e+000  1.282360e-001
 9.149780e-001  7.394890e+000  1.286940e-001
 9.177130e-001  7.588570e+000  1.297070e-001
 9.204480e-001  7.416960e+000  1.289520e-001
 9.231830e-001  7.081660e+000  1.271340e-001
 9.259180e-001  7.496320e+000  1.303560e-001
 9.286530e-001  7.497760e+000  1.285660e-001
 9.313880e-001  7.222890e+000  1.249220e-001
 9.341230e-001  7.214560e+000  1.287320e-001
 9.368580e-001  7.180410e+000  1.279860e-001
 9.395930e-001  7.182390e+000  1.291990e-001
 9.423290e-001  6.989040e+000  1.261950e-001
 9.450640e-001  7.119500e+000  1.286300e-001
 9.477990e-001  7.079500e+000  1.293080e-001
 9.505340e-001  6.972640e+000  1.262080e-001
 9.532690e-001  6.864250e+000  1.261980e-001
 9.560040e-001  6.888450e+000  1.261820e-001
 9.587390e-001  6.882510e+000  1.296080e-001
 9.614740e-001  6.968810e+000  1.295550e-001
 9.642090e-001  6.656110e+000  1.238520e-001
 9.669440e-001  6.688900e+000  1.267710e-001
 9.696790e-001  6.875250e+000  1.296580e-001
 9.724140e-001  6.638040e+000  1.291270e-001
 9.751500e-001  6.607170e+000  1.294330e-001
 9.778850e-001  6.279740e+000  1.228730e-001
 9.806200e-001  6.529540e+000  1.262300e-001
 9.833550e-001  6.126840e+000  1.226040e-001
 9.860900e-001  6.214890e+000  1.251970e-001
 9.888250e-001  6.121990e+000  1.226350e-001
 9.915600e-001  6.267790e+000  1.252380e-001
 9.942950e-001  6.358220e+000  1.265180e-001
 9.970300e-001  6.375270e+000  1.254500e-001
 9.997650e-001  6.019870e+000  1.213210e-001
 1.002500e+000  6.160060e+000  1.251140e-001
 1.005240e+000  6.106920e+000  1.256830e-001
 1.007970e+000  6.084220e+000  1.257630e-001
 1.010710e+000  5.813210e+000  1.221710e-001
 1.013440e+000  5.984960e+000  1.222740e-001
 1.016180e+000  5.979740e+000  1.241730e-001
 1.018910e+000  5.691990e+000  1.229940e-001
 1.021650e+000  5.962300e+000  1.257290e-001
 1.024380e+000  5.686290e+000  1.201170e-001
 1.027120e+000  5.983870e+000  1.237770e-001
 1.029850e+000  5.837890e+000  1.251240e-001
 1.032590e+000  5.811690e+000  1.208320e-001
 1.035320e+000  5.640330e+000  1.244590e-001
 1.038060e+000  5.664120e+000  1.253140e-001
 1.040790e+000  5.803330e+000  1.249300e-001
 1.043530e+000  5.402810e+000  1.197630e-001
 1.046260e+000  5.236880e+000  1.211320e-001
 1.049000e+000  5.373820e+000  1.216260e-001
 1.051730e+000  5.535360e+000  1.225980e-001
 1.054470e+000  5.266050e+000  1.223700e-001
 1.057200e+000  5.373230e+000  1.205490e-001
 1.059940e+000  5.471380e+000  1.216440e-001
 1.062670e+000  5.389390e+000  1.219690e-001
 1.065410e+000  5.511460e+000  1.224670e-001
 1.068140e+000  5.098660e+000  1.195670e-001
 1.070880e+000  5.194890e+000  1.208050e-001
 1.073610e+000  5.139010e+000  1.223140e-001
 1.076350e+000  5.172130e+000  1.203780e-001
 1.079080e+000  5.490280e+000  1.262840e-001
 1.081820e+000  4.988240e+000  1.187390e-001
 1.084550e+000  4.894060e+000  1.211350e-001
 1.087290e+000  4.964020e+000  1.197500e-001
 1.090020e+000  4.874050e+000  1.191230e-001
 1.092760e+000  5.102630e+000  1.206150e-001
 1.095490e+000  4.845510e+000  1.216550e-001
 1.098230e+000  4.706510e+000  1.196080e-001
 1.100960e+000  4.732450e+000  1.196530e-001
 1.103700e+000  4.754420e+000  1.162640e-001
 1.106430e+000  4.821340e+000  1.189790e-001
 1.109170e+000  4.685760e+000  1.200760e-001
 1.111900e+000  4.545290e+000  1.179110e-001
 1.114640e+000  4.540130e+000  1.192670e-001
 1.117370e+000  4.680400e+000  1.195210e-001
 1.120110e+000  4.716140e+000  1.210360e-001
 1.122840e+000  4.315790e+000  1.149790e-001
 1.125580e+000  4.514950e+000  1.191230e-001
 1.128310e+000  4.500600e+000  1.202700e-001
 1.131050e+000  4.494150e+000  1.191580e-001
 1.133780e+000  4.238830e+000  1.191590e-001
 1.136520e+000  4.432430e+000  1.169840e-001
 1.139250e+000  4.416190e+000  1.186620e-001
 1.141990e+000  4.141180e+000  1.149340e-001
 1.144720e+000  4.272040e+000  1.187480e-001
 1.147460e+000  4.389060e+000  1.182110e-001
 1.150200e+000  4.217770e+000  1.153240e-001
 1.152930e+000  4.036320e+000  1.140680e-001
 1.155670e+000  4.283130e+000  1.198270e-001
 1.158400e+000  4.123080e+000  1.175100e-001
 1.161140e+000  4.105140e+000  1.195480e-001
 1.163870e+000  4.155510e+000  1.167860e-001
 1.166610e+000  4.034440e+000  1.159700e-001
 1.169340e+000  4.054660e+000  1.183820e-001
 1.172080e+000  3.989860e+000  1.153300e-001
 1.174810e+000  3.923750e+000  1.162950e-001
 1.177550e+000  3.887420e+000  1.162120e-001
 1.180280e+000  3.977520e+000  1.158790e-001
 1.183020e+000  4.028100e+000  1.195080e-001
 1.185750e+000  3.787120e+000  1.150220e-001
 1.188490e+000  3.954090e+000  1.171020e-001
 1.191220e+000  3.849730e+000  1.179560e-001
 1.193960e+000  3.663180e+000  1.148890e-001
 1.196690e+000  3.809740e+000  1.160020e-001
 1.199430e+000  3.787100e+000  1.133830e-001
 1.202160e+000  3.817310e+000  1.174760e-001
 1.204900e+000  3.826770e+000  1.156580e-001
 1.207630e+000  4.017960e+000  1.172420e-001
 1.210370e+000  3.738680e+000  1.152310e-001
 1.213100e+000  3.664610e+000  1.152080e-001
 1.215840e+000  3.783790e+000  1.185080e-001
 1.221310e+000  3.553440e+000  1.151590e-001
 1.224040e+000  3.614730e+000  1.159860e-001
 1.226780e+000  3.715040e+000  1.186020e-001
 1.229510e+000  3.627930e+000  1.143610e-001
 1.232250e+000  3.740610e+000  1.232390e-001
 1.234980e+000  3.590800e+000  1.258630e-001
 1.237720e+000  3.456530e+000  1.297790e-001
 1.240450e+000  3.425850e+000  1.290890e-001
 1.243190e+000  3.539290e+000  1.328330e-001
 1.245920e+000  3.360590e+000  1.373880e-001
 1.248660e+000  3.165180e+000  1.357100e-001
 1.251390e+000  3.423760e+000  1.407190e-001
 1.254130e+000  3.430800e+000  1.429870e-001
 1.256860e+000  3.400240e+000  1.401700e-001
 1.259600e+000  3.502760e+000  1.421680e-001
 1.262330e+000  3.433270e+000  1.489780e-001
 1.265070e+000  3.212470e+000  1.370680e-001
 1.267800e+000  3.477040e+000  1.351120e-001
 1.270540e+000  3.143600e+000  1.247950e-001
 1.273270e+000  3.217340e+000  1.265300e-001
 1.276010e+000  3.215080e+000  1.217250e-001
 1.278740e+000  3.091740e+000  1.228310e-001
 1.281480e+000  3.167290e+000  1.215860e-001
 1.284210e+000  3.226030e+000  1.193260e-001
 1.286950e+000  3.163890e+000  1.171200e-001
 1.289680e+000  3.199430e+000  1.173870e-001
 1.292420e+000  3.063460e+000  1.171120e-001
 1.295150e+000  3.373590e+000  1.206000e-001
 1.297890e+000  2.874640e+000  1.134280e-001
 1.300620e+000  2.973190e+000  1.167500e-001
 1.303360e+000  3.148870e+000  1.161370e-001
 1.306090e+000  2.904450e+000  1.137480e-001
 1.308830e+000  2.995600e+000  1.161690e-001
 1.311570e+000  3.126720e+000  1.189690e-001
 1.314300e+000  3.051060e+000  1.178830e-001
 1.317040e+000  2.835910e+000  1.131670e-001
 1.319770e+000  3.092080e+000  1.151980e-001
 1.322510e+000  3.197990e+000  1.173290e-001
 1.325240e+000  2.975880e+000  1.171350e-001
 1.327980e+000  2.905450e+000  1.143490e-001
 1.330710e+000  2.877880e+000  1.177800e-001
 1.333450e+000  2.825850e+000  1.128790e-001
 1.336180e+000  3.014830e+000  1.166960e-001
 1.338920e+000  2.739930e+000  1.158300e-001
 1.341650e+000  2.816230e+000  1.120170e-001
 1.344390e+000  2.851750e+000  1.127210e-001
 1.347120e+000  2.960010e+000  1.158510e-001
 1.349860e+000  2.674120e+000  1.147200e-001
 1.352590e+000  2.862900e+000  1.143690e-001
 1.355330e+000  2.941130e+000  1.143830e-001
 1.358060e+000  2.705900e+000  1.129060e-001
 1.360800e+000  2.876750e+000  1.114170e-001
 1.363530e+000  2.655770e+000  1.128300e-001
 1.366270e+000  2.828290e+000  1.108990e-001
 1.369000e+000  2.780620e+000  1.148160e-001
 1.371740e+000  3.033580e+000  1.160890e-001
 1.374470e+000  2.955680e+000  1.138220e-001
 1.377210e+000  2.563800e+000  1.122740e-001
 1.379940e+000  2.663770e+000  1.099100e-001
 1.382680e+000  2.836360e+000  1.151420e-001
 1.385410e+000  2.700460e+000  1.123200e-001
 1.388150e+000  2.373840e+000  1.114940e-001
 1.390880e+000  2.689330e+000  1.129630e-001
 1.393620e+000  2.763400e+000  1.163920e-001
 1.396350e+000  2.688280e+000  1.134880e-001
 1.399090e+000  2.559790e+000  1.109160e-001
 1.401820e+000  2.663580e+000  1.142940e-001
 1.404560e+000  2.479330e+000  1.118160e-001
 1.407290e+000  2.610060e+000  1.125340e-001
 1.410030e+000  2.639630e+000  1.119450e-001
 1.412760e+000  2.493350e+000  1.116560e-001
 1.415500e+000  2.537320e+000  1.128470e-001
 1.418230e+000  2.507520e+000  1.130330e-001
 1.420970e+000  2.339960e+000  1.101100e-001
 1.423700e+000  2.517970e+000  1.124370e-001
 1.426440e+000  2.630110e+000  1.152730e-001
 1.429170e+000  2.610800e+000  1.107680e-001
 1.431910e+000  2.515550e+000  1.090770e-001
 1.434640e+000  2.616060e+000  1.138790e-001
 1.437380e+000  2.419560e+000  1.103990e-001
 1.440110e+000  2.347270e+000  1.099190e-001
 1.442850e+000  2.487580e+000  1.092510e-001
 1.445580e+000  2.324990e+000  1.137340e-001
 1.448320e+000  2.451610e+000  1.142750e-001
 1.451050e+000  2.430440e+000  1.117130e-001
 1.453790e+000  2.281900e+000  1.107220e-001
 1.456520e+000  2.384440e+000  1.088950e-001
 1.459260e+000  2.443840e+000  1.106570e-001
 1.461990e+000  2.322320e+000  1.091510e-001
 1.464730e+000  2.323090e+000  1.122180e-001
 1.467470e+000  2.366720e+000  1.106630e-001
 1.470200e+000  2.562200e+000  1.113410e-001
 1.472940e+000  2.254730e+000  1.106310e-001
 1.475670e+000  2.269720e+000  1.139160e-001
 1.478410e+000  2.396690e+000  1.100260e-001
 1.481140e+000  2.267690e+000  1.092230e-001
 1.483880e+000  2.180340e+000  1.068010e-001
 1.486610e+000  2.184010e+000  1.089830e-001
 1.489350e+000  2.214160e+000  1.082710e-001
 1.492080e+000  2.276690e+000  1.091150e-001
 1.494820e+000  2.190260e+000  1.078760e-001
 1.497550e+000  2.176510e+000  1.065450e-001
 1.500290e+000  2.059030e+000  1.052210e-001
 1.503020e+000  2.119210e+000  1.070020e-001
 1.505760e+000  2.375830e+000  1.100550e-001
 1.508490e+000  2.079960e+000  1.073140e-001
 1.511230e+000  2.179290e+000  1.073140e-001
 1.513960e+000  2.198840e+000  1.078560e-001
 1.516700e+000  2.193790e+000  1.088180e-001
 1.519430e+000  2.263000e+000  1.105050e-001
 1.522170e+000  2.179770e+000  1.107570e-001
 1.524900e+000  2.066450e+000  1.075370e-001
 1.527640e+000  1.994130e+000  1.093290e-001
 1.530370e+000  1.920210e+000  1.071090e-001
 1.533110e+000  2.099450e+000  1.084170e-001
 1.535840e+000  2.107770e+000  1.076230e-001
 1.538580e+000  2.028880e+000  1.060910e-001
 1.541310e+000  1.974650e+000  1.059110e-001
 1.544050e+000  2.189900e+000  1.103940e-001
 1.546780e+000  1.936540e+000  1.061040e-001
 1.549520e+000  2.152140e+000  1.065160e-001
 1.552250e+000  2.020580e+000  1.090360e-001
 1.554990e+000  1.898270e+000  1.070620e-001
 1.557720e+000  1.991010e+000  1.076440e-001
 1.560460e+000  2.006830e+000  1.065330e-001
 1.563190e+000  2.049740e+000  1.085480e-001
 1.565930e+000  1.881500e+000  1.055560e-001
 1.568660e+000  1.856380e+000  1.069820e-001
 1.571400e+000  2.217170e+000  1.080480e-001
 1.574130e+000  1.889970e+000  1.061730e-001
 1.576870e+000  1.944160e+000  1.081380e-001
 1.579600e+000  2.073910e+000  1.060490e-001
 1.582340e+000  1.960440e+000  1.084690e-001
 1.585070e+000  1.935130e+000  1.090630e-001
 1.587810e+000  1.860320e+000  1.040470e-001
 1.590540e+000  1.896570e+000  1.095110e-001
 1.593280e+000  1.692650e+000  1.045840e-001
 1.596010e+000  1.780090e+000  1.031590e-001
 1.598750e+000  1.814510e+000  1.057270e-001
 1.601480e+000  1.822400e+000  1.061140e-001
 1.604220e+000  1.687180e+000  1.062690e-001
 1.606950e+000  1.653270e+000  1.020330e-001
 1.609690e+000  1.692190e+000  1.040770e-001
 1.612420e+000  1.717130e+000  1.047360e-001
 1.615160e+000  1.591660e+000  1.067370e-001
 1.617890e+000  1.661840e+000  1.012110e-001
 1.620630e+000  1.847670e+000  1.086840e-001
 1.623360e+000  1.684370e+000  1.058850e-001
 1.626100e+000  1.722450e+000  1.051730e-001
 1.628840e+000  1.773340e+000  1.043780e-001
 1.631570e+000  1.513120e+000  1.040360e-001
 1.634310e+000  1.872240e+000  1.060330e-001
 1.637040e+000  1.576570e+000  1.044350e-001
 1.639780e+000  1.558200e+000  1.058140e-001
 1.642510e+000  1.520600e+000  1.050030e-001
 1.645250e+000  1.565950e+000  1.053820e-001
 1.647980e+000  1.626080e+000  1.047950e-001
 1.650720e+000  1.544380e+000  1.040730e-001
 1.653450e+000  1.755370e+000  1.029550e-001
 1.656190e+000  1.649550e+000  1.056980e-001
 1.658920e+000  1.713460e+000  1.051650e-001
 1.661660e+000  1.325480e+000  1.043960e-001
 1.664390e+000  1.532440e+000  1.022030e-001
 1.667130e+000  1.507630e+000  1.044350e-001
 1.669860e+000  1.601110e+000  1.045330e-001
 1.672600e+000  1.368820e+000  1.046370e-001
 1.675330e+000  1.457460e+000  1.038490e-001
 1.678070e+000  1.567510e+000  1.067470e-001
 1.680800e+000  1.345260e+000  1.019930e-001
 1.683540e+000  1.388110e+000  1.054700e-001
 1.686270e+000  1.667270e+000  1.058740e-001
 1.689010e+000  1.639620e+000  1.041490e-001
 1.691740e+000  1.244360e+000  1.041180e-001
 1.694480e+000  1.216550e+000  1.042680e-001
 1.697210e+000  1.415620e+000  1.037730e-001
 1.699950e+000  1.329840e+000  1.037750e-001
 1.702680e+000  1.287600e+000  1.049350e-001
 1.705420e+000  1.535140e+000  1.039750e-001
 1.708150e+000  1.417660e+000  1.049530e-001
 1.710890e+000  1.397950e+000  1.033250e-001
 1.713620e+000  1.534440e+000  1.046390e-001
 1.716360e+000  1.255810e+000  1.026810e-001
 1.719090e+000  1.390670e+000  1.039280e-001
 1.721830e+000  1.340900e+000  1.026880e-001
 1.724560e+000  1.339080e+000  1.028300e-001
 1.727300e+000  1.187590e+000  1.018040e-001
 1.730030e+000  1.227250e+000  1.021760e-001
 1.732770e+000  1.465010e+000  1.002150e-001
 1.735500e+000  1.312550e+000  1.039240e-001
 1.738240e+000  1.338100e+000  1.032650e-001
 1.740970e+000  1.252220e+000  1.030870e-001
 1.743710e+000  1.160390e+000  9.959410e-002
 1.746440e+000  1.229170e+000  1.003180e-001
 1.749180e+000  1.084110e+000  1.038910e-001
 1.751910e+000  1.093150e+000  1.021810e-001
 1.754650e+000  1.234920e+000  1.051110e-001
 1.757380e+000  1.257850e+000  1.023170e-001
 1.760120e+000  1.028570e+000  1.032110e-001
 1.762850e+000  1.109360e+000  1.008830e-001
 1.765590e+000  1.056540e+000  1.044510e-001
 1.768320e+000  1.147360e+000  1.020120e-001
 1.771060e+000  1.004160e+000  9.957460e-002
 1.773790e+000  1.141070e+000  1.019490e-001
 1.776530e+000  1.125380e+000  9.972110e-002
 1.779260e+000  1.081360e+000  1.029680e-001
 1.782000e+000  1.137680e+000  9.951740e-002
 1.784740e+000  1.181730e+000  1.028290e-001
 1.787470e+000  9.558100e-001  9.946610e-002
 1.790210e+000  1.092830e+000  1.004400e-001
 1.792940e+000  9.542500e-001  1.001040e-001
 1.795680e+000  1.109670e+000  1.038000e-001
 1.798410e+000  1.150300e+000  1.029430e-001
 1.801150e+000  1.102970e+000  1.008540e-001
 1.803880e+000  9.664100e-001  1.008880e-001
 1.806620e+000  9.925600e-001  1.014050e-001
 1.809350e+000  8.819600e-001  1.012270e-001
 1.812090e+000  9.961200e-001  1.031320e-001
 1.814820e+000  9.622800e-001  1.021430e-001
 1.817560e+000  1.165880e+000  1.035130e-001
 1.820290e+000  8.048900e-001  1.006830e-001
 1.823030e+000  1.034040e+000  1.003230e-001
 1.825760e+000  9.850900e-001  1.021740e-001
 1.828500e+000  9.943500e-001  1.000740e-001
 1.831230e+000  8.650700e-001  9.965250e-002
 1.833970e+000  9.679500e-001  9.928320e-002
 1.836700e+000  7.905900e-001  1.005120e-001
 1.839440e+000  8.141900e-001  1.029860e-001
 1.842170e+000  8.677200e-001  9.774640e-002
 1.844910e+000  9.689200e-001  1.019940e-001
 1.847640e+000  7.895700e-001  1.001880e-001
 1.850380e+000  1.062860e+000  1.040280e-001
 1.853110e+000  9.905800e-001  1.019500e-001
 1.855850e+000  8.384800e-001  1.005240e-001
 1.858580e+000  6.942600e-001  9.959550e-002
 1.861320e+000  9.332100e-001  1.032550e-001
 1.864050e+000  7.976600e-001  1.015700e-001
 1.866790e+000  8.529700e-001  1.018870e-001
 1.869520e+000  7.954200e-001  1.008310e-001
 1.872260e+000  7.651300e-001  1.006370e-001
 1.874990e+000  7.986000e-001  9.993310e-002
 1.877730e+000  6.586600e-001  9.835420e-002
 1.880460e+000  9.960600e-001  9.997650e-002
 1.883200e+000  8.187900e-001  9.763070e-002
 1.885930e+000  8.583400e-001  1.000740e-001
 1.888670e+000  8.539700e-001  9.971840e-002
 1.891400e+000  7.547400e-001  1.002970e-001
 1.894140e+000  7.994000e-001  9.880280e-002
 1.896870e+000  8.472400e-001  9.979210e-002
 1.899610e+000  8.286500e-001  9.845930e-002
 1.902340e+000  7.539200e-001  1.010610e-001
 1.905080e+000  8.437800e-001  9.923450e-002
 1.907810e+000  6.937600e-001  1.010030e-001
 1.910550e+000  8.823200e-001  1.016420e-001
 1.913280e+000  7.021200e-001  9.822650e-002
 1.916020e+000  7.047700e-001  9.813300e-002
 1.918750e+000  6.840100e-001  9.925320e-002
 1.921490e+000  6.094600e-001  1.022450e-001
 1.924220e+000  7.468100e-001  1.012170e-001
 1.926960e+000  6.376500e-001  9.267300e-002
 1.929690e+000  5.950100e-001  9.945490e-002
 1.932430e+000  7.218900e-001  1.018130e-001
 1.935160e+000  7.829400e-001  1.011900e-001
 1.937900e+000  7.104700e-001  1.003190e-001
 1.940630e+000  7.279500e-001  1.032070e-001
 1.943370e+000  8.384700e-001  1.016720e-001
 1.946110e+000  6.297300e-001  9.897030e-002
 1.948840e+000  6.965700e-001  1.012410e-001
 1.951580e+000  6.713100e-001  1.008690e-001
 1.954310e+000  7.653200e-001  1.005150e-001
 1.957050e+000  6.953000e-001  9.924420e-002
 1.959780e+000  6.292400e-001  9.863190e-002
 1.962520e+000  6.569400e-001  9.888880e-002
 1.965250e+000  6.017300e-001  9.998360e-002
 1.967990e+000  6.011500e-001  9.916820e-002
 1.970720e+000  5.430300e-001  1.013040e-001
 1.973460e+000  5.727100e-001  9.965940e-002
 1.976190e+000  5.831600e-001  1.012950e-001
 1.978930e+000  4.229200e-001  9.822160e-002
 1.981660e+000  5.264300e-001  9.840870e-002
 1.984400e+000  5.870600e-001  1.001670e-001
 1.987130e+000  3.239200e-001  1.008350e-001
 1.989870e+000  6.510100e-001  9.682260e-002
 1.992600e+000  5.407400e-001  9.889010e-002
 1.995340e+000  5.296000e-001  9.670160e-002
 1.998070e+000  5.992600e-001  9.958770e-002
 2.000810e+000  4.849900e-001  9.775440e-002
 2.003540e+000  6.279100e-001  1.010420e-001
 2.006280e+000  5.260300e-001  9.914630e-002
 2.009010e+000  6.423800e-001  1.003350e-001
 2.011750e+000  5.817800e-001  9.859850e-002
 2.014480e+000  5.146300e-001  9.968050e-002
 2.017220e+000  4.169700e-001  9.706160e-002
 2.019950e+000  4.593200e-001  1.010670e-001
 2.022690e+000  5.451400e-001  9.864600e-002
 2.025420e+000  4.634900e-001  9.761690e-002
 2.028160e+000  6.168900e-001  9.974870e-002
 2.030890e+000  4.646200e-001  9.815290e-002
 2.033630e+000  5.453200e-001  9.936950e-002
 2.036360e+000  4.072100e-001  9.745440e-002
 2.039100e+000  4.266400e-001  9.731620e-002
 2.041830e+000  4.784900e-001  9.696330e-002
 2.044570e+000  6.710700e-001  9.937090e-002
 2.047300e+000  4.046800e-001  9.727180e-002
 2.050040e+000  4.304200e-001  9.962820e-002
 2.052770e+000  3.108300e-001  9.888670e-002
 2.055510e+000  5.713900e-001  9.989690e-002
 2.058240e+000  3.611200e-001  1.003550e-001
 2.060980e+000  3.806100e-001  9.705530e-002
 2.063710e+000  5.416400e-001  9.785440e-002
 2.066450e+000  4.040700e-001  9.950690e-002
 2.069180e+000  4.187500e-001  1.014070e-001
 2.071920e+000  5.765700e-001  9.975570e-002
 2.074650e+000  4.993500e-001  9.713820e-002
 2.077390e+000  3.281800e-001  9.672860e-002
 2.080120e+000  4.930200e-001  9.740660e-002
 2.082860e+000  2.921300e-001  9.638560e-002
 2.085590e+000  3.706900e-001  9.621650e-002
 2.088330e+000  2.855500e-001  9.826150e-002
 2.091060e+000  5.340100e-001  9.762120e-002
 2.093800e+000  3.914200e-001  9.784270e-002
 2.096530e+000  4.146900e-001  9.632570e-002
 2.099270e+000  4.152600e-001  9.716480e-002
 2.102000e+000  5.515200e-001  9.750130e-002
 2.104740e+000  4.990700e-001  9.914590e-002
 2.107480e+000  4.022500e-001  9.722480e-002
 2.110210e+000  2.004700e-001  9.758410e-002
 2.112950e+000  3.742700e-001  9.555080e-002
 2.115680e+000  4.579900e-001  9.897040e-002
 2.118420e+000  2.791700e-001  9.865700e-002
 2.121150e+000  5.399300e-001  9.754560e-002
 2.123890e+000  5.099800e-001  9.767430e-002
 2.126620e+000  3.701400e-001  9.751830e-002
 2.129360e+000  4.329900e-001  9.385210e-002
 2.132090e+000  3.372000e-001  9.972090e-002
 2.134830e+000  3.273100e-001  9.938920e-002
 2.137560e+000  3.803900e-001  1.017330e-001
 2.140300e+000  3.754000e-001  9.825730e-002
 2.143030e+000  4.702700e-001  9.836780e-002
 2.145770e+000  3.651300e-001  9.845810e-002
 2.148500e+000  3.821500e-001  9.825810e-002
 2.151240e+000  2.612700e-001  9.613580e-002
 2.153970e+000  4.798100e-001  9.517770e-002
 2.156710e+000  4.362500e-001  9.630750e-002
 2.159440e+000  3.285900e-001  9.620070e-002
 2.162180e+000  5.311200e-001  9.578590e-002
 2.164910e+000  4.118200e-001  9.440140e-002
 2.167650e+000  2.380700e-001  9.922730e-002
 2.170380e+000  4.265100e-001  9.752260e-002
 2.173120e+000  4.436700e-001  9.829880e-002
 2.175850e+000  2.328600e-001  9.743500e-002
 2.178590e+000  4.384600e-001  9.728950e-002
 2.181320e+000  3.457600e-001  9.612520e-002
 2.184060e+000  3.962900e-001  9.469990e-002
 2.186790e+000  2.617400e-001  9.862970e-002
 2.189530e+000  4.116700e-001  9.742090e-002
 2.192260e+000  2.740500e-001  9.717760e-002
 2.195000e+000  4.367000e-001  9.531420e-002
 2.197730e+000  3.659900e-001  9.562930e-002
 2.200470e+000  4.358500e-001  9.826390e-002
 2.203200e+000  3.893700e-001  9.627770e-002
 2.205940e+000  2.821200e-001  9.657260e-002
 2.208670e+000  3.794600e-001  9.566310e-002
 2.211410e+000  3.257600e-001  9.936730e-002
 2.214140e+000  3.126900e-001  9.452070e-002
 2.216880e+000  4.217500e-001  9.780630e-002
 2.219610e+000  2.257500e-001  9.553960e-002
 2.222350e+000  5.092500e-001  9.897690e-002
 2.225080e+000  3.692900e-001  9.564810e-002
 2.227820e+000  3.242000e-001  9.625160e-002
 2.230550e+000  2.514000e-001  9.483170e-002
 2.233290e+000  1.467700e-001  9.872770e-002
 2.236020e+000  2.683500e-001  9.666660e-002
 2.238760e+000  2.891400e-001  9.583070e-002
 2.241490e+000  3.116400e-001  9.585640e-002
 2.244230e+000  3.824500e-001  9.516150e-002
 2.246960e+000  2.821700e-001  9.663060e-002
 2.249700e+000  3.286100e-001  9.650390e-002
 2.252430e+000  4.351700e-001  9.759650e-002
 2.255170e+000  1.435700e-001  9.585390e-002
 2.257900e+000  2.082900e-001  9.646530e-002
 2.260640e+000  2.574500e-001  9.573800e-002
 2.263380e+000  3.032800e-001  9.843150e-002
 2.266110e+000  2.304500e-001  9.473450e-002
 2.268850e+000  3.756500e-001  9.664200e-002
 2.271580e+000  1.650000e-001  9.622580e-002
 2.274320e+000  2.169500e-001  9.437710e-002
 2.277050e+000  3.589200e-001  9.643490e-002
 2.279790e+000  2.301400e-001  9.611350e-002
 2.282520e+000  4.660100e-001  9.550200e-002
 2.285260e+000  4.721300e-001  9.584820e-002
 2.287990e+000  1.970600e-001  9.640920e-002
 2.290730e+000  3.754500e-001  9.712280e-002
 2.293460e+000  1.837900e-001  9.352090e-002
 2.296200e+000  4.206300e-001  9.834250e-002
 2.298930e+000  2.601800e-001  9.204810e-002
 2.301670e+000  1.949700e-001  9.550310e-002
 2.304400e+000  9.041000e-002  9.542470e-002
 2.307140e+000  3.103900e-001  9.676130e-002
 2.309870e+000  3.091400e-001  9.720060e-002
 2.312610e+000  2.711900e-001  9.702460e-002
 2.315340e+000  2.401500e-001  9.530870e-002
 2.318080e+000  3.273000e-001  9.377290e-002
 2.320810e+000  1.584000e-001  9.734030e-002
 2.323550e+000  1.199300e-001  9.742750e-002
 2.326280e+000  3.143100e-001  9.528190e-002
 2.329020e+000  2.184200e-001  9.651470e-002
 2.331750e+000  3.785400e-001  9.531620e-002
 2.334490e+000  3.655500e-001  9.671370e-002
 2.337220e+000  7.982000e-002  9.291700e-002
 2.339960e+000  1.999900e-001  9.908310e-002
 2.342690e+000  3.093300e-001  9.690190e-002
 2.345430e+000  1.208100e-001  9.397450e-002
 2.348160e+000  2.933200e-001  9.613390e-002
 2.350900e+000  1.031300e-001  9.688100e-002
 2.353630e+000  5.342900e-001  9.734740e-002
 2.356370e+000  4.498200e-001  9.516970e-002
 2.359100e+000  2.960000e-001  9.741710e-002
 2.361840e+000  1.994800e-001  9.541210e-002
 2.364570e+000  1.224900e-001  9.683910e-002
 2.367310e+000  4.244700e-001  9.676360e-002
 2.370040e+000  3.520400e-001  9.391230e-002
 2.372780e+000  2.217900e-001  9.599160e-002
 2.375510e+000  9.750000e-003  9.715350e-002
 2.378250e+000  2.837800e-001  9.507790e-002
 2.380980e+000  2.286200e-001  9.728670e-002
 2.383720e+000  2.741200e-001  9.688130e-002
 2.386450e+000  1.940100e-001  9.686900e-002
 2.389190e+000  8.023000e-002  9.533970e-002
 2.391920e+000  3.339800e-001  9.648760e-002
 2.394660e+000  1.310400e-001  9.638290e-002
 2.397390e+000  3.259300e-001  9.251010e-002
 2.400130e+000  1.875900e-001  9.421300e-002
 2.402860e+000  6.909000e-002  9.387850e-002
 2.405600e+000  1.379900e-001  9.375570e-002
 2.408330e+000  1.695000e-001  9.360660e-002
 2.411070e+000  1.597500e-001  9.320340e-002
 2.413800e+000  1.348300e-001  9.215880e-002
 2.416540e+000  2.552700e-001  9.721860e-002
 2.419270e+000  2.886800e-001  9.516530e-002
 2.422010e+000  2.441500e-001  9.591660e-002
 2.424750e+000  1.898600e-001  9.519860e-002
 2.427480e+000  3.264100e-001  9.647630e-002
 2.430220e+000  2.592100e-001  9.702320e-002
 2.432950e+000  2.152700e-001  9.631290e-002
 2.435690e+000  1.872300e-001  9.397750e-002
 2.438420e+000  2.166900e-001  9.539430e-002
 2.441160e+000  2.647300e-001  9.645730e-002
 2.443890e+000  2.517700e-001  9.506280e-002
 2.446630e+000  3.776700e-001  9.502070e-002
 2.449360e+000  1.877700e-001  9.460660e-002
 2.452100e+000  1.501500e-001  9.621420e-002
 2.454830e+000  2.258700e-001  9.706780e-002
 2.457570e+000  1.874700e-001  9.594590e-002
 2.460300e+000  2.198400e-001  9.648120e-002
 2.463040e+000  2.229900e-001  9.721230e-002
 2.465770e+000  4.464000e-002  9.325660e-002
 2.468510e+000  2.889200e-001  9.551820e-002
 2.471240e+000  1.196900e-001  9.512370e-002
 2.473980e+000  2.580200e-001  9.650140e-002
 2.476710e+000  9.571000e-002  9.299510e-002
 2.479450e+000  2.545700e-001  9.388400e-002
 2.482180e+000  1.898000e-001  9.484130e-002
 2.484920e+000  8.511000e-002  9.229020e-002
 2.487650e+000  3.109500e-001  9.334870e-002
 2.490390e+000  8.783000e-002  9.340920e-002
 2.493120e+000  1.309400e-001  9.574080e-002
 2.495860e+000  3.036400e-001  9.573150e-002
 2.498590e+000  1.840100e-001  9.451030e-002
 2.501330e+000  2.455200e-001  9.253800e-002
 2.504060e+000  2.243200e-001  9.317830e-002
 2.506800e+000  2.258900e-001  9.420370e-002
 2.509530e+000  1.882600e-001  9.719240e-002
 2.512270e+000  2.700100e-001  9.366540e-002
 2.515000e+000  2.814700e-001  9.344040e-002
 2.517740e+000  2.273400e-001  9.179430e-002
 2.520470e+000  2.627100e-001  9.584210e-002
 2.523210e+000  2.087900e-001  9.472480e-002
 2.525940e+000  1.728400e-001  9.417770e-002
 2.528680e+000  2.290400e-001  9.269010e-002
 2.531410e+000  3.431500e-001  9.617180e-002
 2.534150e+000  2.767400e-001  9.397240e-002
 2.536880e+000  2.006300e-001  9.411060e-002
 2.539620e+000  1.785400e-001  9.364410e-002
 2.542350e+000 -1.613000e-002  9.760430e-002
 2.545090e+000  1.982400e-001  9.751340e-002
 2.547820e+000  1.703600e-001  9.483010e-002
 2.550560e+000  2.811700e-001  9.315190e-002
 2.553290e+000  2.480800e-001  9.332570e-002
 2.556030e+000  1.517800e-001  9.390290e-002
 2.558760e+000  3.114700e-001  9.610830e-002
 2.561500e+000  2.357000e-001  9.360110e-002
 2.564230e+000  6.834000e-002  9.339910e-002
 2.566970e+000  1.398300e-001  9.381560e-002
 2.569700e+000  1.788600e-001  9.352630e-002
 2.572440e+000  2.858400e-001  9.680340e-002
 2.575170e+000  2.891700e-001  9.613850e-002
 2.577910e+000  2.754000e-002  9.895980e-002
 2.580650e+000  9.260000e-002  9.517050e-002
 2.583380e+000  1.735100e-001  1.061740e-001
 2.586120e+000  2.397900e-001  1.124700e-001
 2.588850e+000  2.833800e-001  1.126550e-001
 2.591590e+000  3.790500e-001  1.222820e-001
 2.594320e+000  1.085500e-001  1.274690e-001
 2.597060e+000  1.492500e-001  1.356060e-001
 2.599790e+000  2.345000e-001  1.319150e-001
 2.602530e+000  5.349000e-002  1.334570e-001
 2.605260e+000  1.429000e-001  1.343740e-001
 2.608000e+000  2.263800e-001  1.430550e-001
 2.610730e+000  3.529700e-001  1.432060e-001
 2.613470e+000 -6.888000e-002  1.481950e-001
 2.616200e+000  2.520000e-001  1.247270e-001
 2.618940e+000  2.195000e-001  1.143020e-001
 2.621670e+000  2.206800e-001  1.092570e-001
 2.624410e+000  2.702300e-001  1.077950e-001
 2.627140e+000  2.212000e-001  1.065670e-001
 2.629880e+000  2.193600e-001  1.036820e-001
 2.632610e+000  1.789800e-001  1.011090e-001
 2.635350e+000 -6.132000e-002  1.014500e-001
 2.638080e+000  2.247500e-001  1.009470e-001
 2.640820e+000  6.196000e-002  1.051090e-001
 2.643550e+000  1.894000e-001  1.035470e-001
 2.646290e+000  7.908000e-002  1.032890e-001
 2.649020e+000  1.510500e-001  1.041390e-001
 2.651760e+000  2.609700e-001  1.019160e-001
 2.654490e+000  2.594000e-002  1.016160e-001
 2.657230e+000  6.813000e-002  1.016600e-001
 2.659960e+000  1.541700e-001  1.011340e-001
 2.662700e+000  2.840300e-001  1.040620e-001
 2.665430e+000  1.921400e-001  1.022940e-001
 2.668170e+000  3.922900e-001  1.007940e-001
 2.670900e+000  1.345800e-001  1.023850e-001
 2.673640e+000  1.766400e-001  1.031530e-001
 2.676370e+000  2.758300e-001  1.029350e-001
 2.679110e+000  1.223100e-001  1.031510e-001
 2.681840e+000  2.303600e-001  1.006080e-001
 2.684580e+000  1.562600e-001  1.025090e-001
 2.687310e+000  1.727500e-001  1.023150e-001
 2.690050e+000  2.002100e-001  9.917060e-002
 2.692780e+000  2.959300e-001  1.035340e-001
 2.695520e+000  2.000000e-001  9.921690e-002
 2.698250e+000  2.417500e-001  9.842970e-002
 2.700990e+000  2.008900e-001  9.914270e-002
 2.703720e+000  1.762700e-001  1.008110e-001
 2.706460e+000  1.081300e-001  9.933740e-002
 2.709190e+000  2.160500e-001  9.901210e-002
 2.711930e+000  2.874700e-001  9.760890e-002
 2.714660e+000  1.280400e-001  9.939230e-002
 2.717400e+000  2.481600e-001  9.890330e-002
 2.720130e+000  2.003600e-001  9.885610e-002
 2.722870e+000  2.929900e-001  9.948170e-002
 2.725600e+000  2.904000e-001  9.759670e-002
 2.728340e+000  2.309500e-001  9.809380e-002
 2.731070e+000  2.569800e-001  9.397550e-002
 2.733810e+000  3.244000e-002  9.627260e-002
 2.736540e+000  1.058800e-001  9.427820e-002
 2.739280e+000  1.281100e-001  9.587300e-002
 2.742020e+000  1.909600e-001  9.232060e-002
 2.744750e+000  1.814300e-001  9.345300e-002
 2.747490e+000  2.692600e-001  9.410940e-002
 2.750220e+000  1.659600e-001  9.500880e-002
 2.752960e+000  3.892000e-002  9.417980e-002
 2.755690e+000  1.198100e-001  9.314790e-002
 2.758430e+000  3.561900e-001  9.487180e-002
 2.761160e+000  2.938000e-002  9.465740e-002
 2.763900e+000  2.247300e-001  9.421270e-002
 2.766630e+000  2.646400e-001  9.546190e-002
 2.769370e+000  2.659500e-001  9.663750e-002
 2.772100e+000  2.131400e-001  9.696920e-002
 2.774840e+000  1.639100e-001  9.748840e-002
 2.777570e+000  9.225000e-002  9.377420e-002
 2.780310e+000 -3.665000e-002  9.552790e-002
 2.783040e+000  2.525500e-001  9.618910e-002
 2.785780e+000  1.872300e-001  9.331420e-002
 2.788510e+000  2.542000e-001  9.531130e-002
 2.791250e+000  1.495100e-001  9.646220e-002
 2.793980e+000  1.882800e-001  9.311930e-002
 2.796720e+000  1.496000e-001  9.386370e-002
 2.799450e+000 -1.870000e-002  9.351960e-002
 2.802190e+000  1.072600e-001  9.549870e-002
 2.804920e+000 -5.680000e-002  9.557970e-002
 2.807660e+000  2.634600e-001  9.792720e-002
 2.810390e+000  1.326300e-001  9.511970e-002
 2.813130e+000  2.191100e-001  9.597160e-002
 2.815860e+000  1.378800e-001  9.366740e-002
 2.818600e+000  6.673000e-002  9.430250e-002
 2.821330e+000  2.700800e-001  9.532750e-002
 2.824070e+000  1.727600e-001  9.400080e-002
 2.826800e+000  3.522900e-001  9.362820e-002
 2.829540e+000  3.003900e-001  9.669360e-002
 2.832270e+000  1.833200e-001  9.432970e-002
 2.835010e+000  2.093500e-001  9.586550e-002
 2.837740e+000  3.091700e-001  9.426470e-002
 2.840480e+000  1.634000e-001  9.620490e-002
 2.843210e+000  2.401700e-001  9.463890e-002
 2.845950e+000  1.487900e-001  9.636120e-002
 2.848680e+000  2.082000e-001  9.504640e-002
 2.851420e+000  8.649000e-002  9.481910e-002
 2.854150e+000  2.480400e-001  9.384470e-002
 2.856890e+000  2.303000e-001  9.502100e-002
 2.859620e+000  7.915000e-002  9.279800e-002
 2.862360e+000  1.712100e-001  9.603960e-002
 2.865090e+000  1.093700e-001  9.522520e-002
 2.867830e+000  3.029300e-001  9.677390e-002
 2.870560e+000  3.524800e-001  9.630090e-002
 2.873300e+000  2.251800e-001  9.273760e-002
 2.876030e+000  2.661400e-001  9.373800e-002
 2.878770e+000  9.233000e-002  9.475960e-002
 2.881500e+000  3.094700e-001  9.515050e-002
 2.884240e+000  2.308000e-001  9.405140e-002
 2.886970e+000  2.389200e-001  9.406220e-002
 2.889710e+000  3.942700e-001  9.743990e-002
 2.892440e+000  2.244900e-001  9.408140e-002
 2.895180e+000  9.565000e-002  9.257000e-002
 2.897920e+000  1.334500e-001  9.667780e-002
 2.900650e+000  2.395700e-001  9.748740e-002
 2.903390e+000  2.095700e-001  9.501280e-002
 2.906120e+000  2.231400e-001  9.344990e-002
 2.908860e+000  1.251200e-001  9.415670e-002
 2.911590e+000  1.261300e-001  9.343330e-002
 2.914330e+000  9.651000e-002  9.488320e-002
 2.917060e+000  7.000000e-005  9.168210e-002
 2.919800e+000  1.287600e-001  9.499890e-002
 2.922530e+000  4.003300e-001  9.561830e-002
 2.925270e+000  9.112000e-002  9.282090e-002
 2.928000e+000  1.408000e-001  9.548190e-002
 2.930740e+000  2.354000e-001  9.402540e-002
 2.933470e+000  2.315900e-001  9.201040e-002
 2.936210e+000  1.876000e-001  9.440430e-002
 2.938940e+000  2.229100e-001  9.743550e-002
 2.941680e+000  9.458000e-002  9.471700e-002
 2.944410e+000  2.540000e-002  9.532210e-002
 2.947150e+000  2.913900e-001  9.497590e-002
 2.949880e+000  2.516900e-001  9.316910e-002
 2.952620e+000  1.057600e-001  9.491100e-002
 2.955350e+000  1.149500e-001  9.636790e-002
 2.958090e+000  2.291200e-001  9.540160e-002
 2.960820e+000  2.008000e-001  9.571180e-002
 2.963560e+000  8.385000e-002  9.819530e-002
 2.966290e+000  2.155600e-001  9.400300e-002
 2.969030e+000  1.835900e-001  9.507580e-002
 2.971760e+000  1.596500e-001  9.337530e-002
 2.974500e+000  2.245700e-001  9.643950e-002
 2.977230e+000  1.432500e-001  9.521240e-002
 2.979970e+000  1.889800e-001  9.701750e-002
 2.982700e+000  5.250000e-002  9.838970e-002
 2.985440e+000  2.181300e-001  9.661550e-002
 2.988170e+000  1.123400e-001  9.246800e-002
 2.990910e+000  9.918000e-002  9.554520e-002
 2.993640e+000  1.845800e-001  9.422930e-002
 2.996380e+000  1.748700e-001  9.421390e-002
 2.999110e+000  1.051500e-001  9.500630e-002
 3.001850e+000  7.093000e-002  9.236440e-002
 3.004580e+000  9.322000e-002  9.304980e-002
 3.007320e+000  1.443800e-001  9.187720e-002
 3.010050e+000  6.939000e-002  9.742820e-002
 3.012790e+000  1.578200e-001  9.384530e-002
 3.015520e+000  1.020100e-001  9.486560e-002
 3.018260e+000  2.220300e-001  9.610890e-002
 3.020990e+000  2.323700e-001  9.618670e-002
 3.023730e+000  8.432000e-002  9.369420e-002
 3.026460e+000  1.509600e-001  9.329430e-002
 3.029200e+000  2.097200e-001  9.561230e-002
 3.031930e+000  1.748800e-001  9.352050e-002
 3.034670e+000  2.281600e-001  9.447880e-002
 3.037400e+000  2.819800e-001  9.518300e-002
 3.040140e+000  7.884000e-002  9.381310e-002
 3.042870e+000  2.304200e-001  9.722940e-002
 3.045610e+000  1.682300e-001  9.283190e-002
 3.048340e+000  2.045200e-001  9.340960e-002
 3.051080e+000  9.681000e-002  9.335700e-002
 3.053810e+000  3.028000e-001  9.381170e-002
 3.056550e+000  1.012900e-001  9.003870e-002
 3.059290e+000  1.942100e-001  9.022350e-002
 3.062020e+000  1.533300e-001  9.172830e-002
 3.064760e+000  1.061500e-001  9.593020e-002
 3.067490e+000  1.874700e-001  9.527410e-002
 3.070230e+000  2.440900e-001  9.648060e-002
 3.072960e+000  1.643400e-001  9.459990e-002
 3.075700e+000  2.281000e-001  9.207860e-002
 3.078430e+000  1.394100e-001  9.462820e-002
 3.081170e+000  1.473000e-002  9.441880e-002
 3.083900e+000  2.029900e-001  9.627420e-002
 3.086640e+000  1.938700e-001  9.381560e-002
 3.089370e+000  6.603000e-002  9.423040e-002
 3.092110e+000  1.913100e-001  9.133870e-002
 3.094840e+000  2.816800e-001  9.297400e-002
 3.097580e+000  7.797000e-002  9.375170e-002
 3.100310e+000  1.018000e-001  9.329960e-002
 3.103050e+000  1.603100e-001  9.331380e-002
 3.105780e+000  4.975000e-002  9.240260e-002
 3.108520e+000  1.157600e-001  9.566400e-002
 3.111250e+000  1.314000e-001  9.296670e-002
 3.113990e+000  2.236700e-001  9.447740e-002
 3.116720e+000  1.236600e-001  9.160780e-002
 3.119460e+000 -3.185000e-002  9.351950e-002
 3.122190e+000  1.870900e-001  8.971510e-002
 3.124930e+000  1.038200e-001  8.976280e-002
 3.127660e+000  1.126700e-001  9.462770e-002
 3.130400e+000  1.104000e-001  9.439740e-002
 3.133130e+000  1.753700e-001  9.275580e-002
 3.135870e+000  3.528000e-002  9.335600e-002
 3.138600e+000 -4.640000e-003  9.166920e-002
 3.141340e+000  1.121500e-001  9.342570e-002
 3.144070e+000  7.158000e-002  9.187060e-002
 3.146810e+000  1.053000e-001  9.316690e-002
 3.149540e+000  1.303800e-001  9.333000e-002
 3.152280e+000  2.958300e-001  9.321400e-002
 3.155010e+000  1.805600e-001  9.378230e-002
 3.157750e+000  1.925300e-001  9.270450e-002
 3.160480e+000  3.945500e-001  9.632760e-002
 3.163220e+000  1.209500e-001  9.257770e-002
 3.165950e+000  2.113900e-001  9.281630e-002
 3.168690e+000  1.033100e-001  9.232680e-002
 3.171420e+000  6.663000e-002  9.384960e-002
 3.174160e+000  6.418000e-002  9.240770e-002
 3.176890e+000  1.670900e-001  9.367000e-002
 3.179630e+000  1.889000e-001  9.329730e-002
 3.182360e+000  1.673800e-001  9.088830e-002
 3.185100e+000  4.507000e-002  9.170700e-002
 3.187830e+000  8.890000e-002  9.309300e-002
 3.190570e+000  2.620800e-001  9.268600e-002
 3.193300e+000  1.152000e-001  9.372810e-002
 3.196040e+000  5.801000e-002  9.206980e-002
 3.198770e+000  1.692700e-001  9.185300e-002
 3.201510e+000  1.549800e-001  9.530180e-002
 3.204240e+000  2.449700e-001  9.521940e-002
 3.206980e+000  1.528900e-001  9.353430e-002
 3.209710e+000  1.880700e-001  9.194860e-002
 3.212450e+000  9.725000e-002  9.180490e-002
 3.215190e+000  2.290800e-001  9.237600e-002
 3.217920e+000 -2.659000e-002  9.207280e-002
 3.220660e+000  2.166900e-001  9.414620e-002
 3.223390e+000  1.510700e-001  9.263240e-002
 3.226130e+000  1.233900e-001  9.206560e-002
 3.228860e+000  2.485100e-001  9.030660e-002
 3.231600e+000  2.449200e-001  9.315260e-002
 3.234330e+000  2.043700e-001  9.254460e-002
 3.237070e+000  2.807200e-001  9.329610e-002
 3.239800e+000  1.106700e-001  9.115060e-002
 3.242540e+000  2.761000e-002  9.192600e-002
 3.245270e+000  1.934500e-001  9.161560e-002
 3.248010e+000  2.490100e-001  9.194790e-002
 3.250740e+000  2.495900e-001  9.359430e-002
 3.253480e+000  1.886200e-001  9.631290e-002
 3.256210e+000  1.597500e-001  9.267800e-002
 3.258950e+000  1.892300e-001  9.231970e-002
 3.261680e+000  1.989700e-001  9.235040e-002
 3.264420e+000  1.794700e-001  9.360380e-002
 3.267150e+000  7.849000e-002  9.436020e-002
 3.269890e+000  5.250000e-003  9.500510e-002
 3.272620e+000 -3.101000e-002  9.443390e-002
 3.275360e+000  1.109800e-001  9.286660e-002
 3.278090e+000 -2.297000e-002  8.994690e-002
 3.280830e+000  1.838500e-001  9.258470e-002
 3.283560e+000  1.954000e-001  9.285760e-002
 3.286300e+000  8.368000e-002  9.348260e-002
 3.289030e+000  7.445000e-002  9.172020e-002
 3.291770e+000  7.334000e-002  9.154620e-002
 3.294500e+000  3.372200e-001  9.533880e-002
 3.297240e+000  1.767900e-001  9.455280e-002
 3.299970e+000  1.161600e-001  9.065350e-002
 3.302710e+000  2.945500e-001  9.508640e-002
 3.305440e+000  2.575400e-001  9.308080e-002
 3.308180e+000  1.147200e-001  9.327310e-002
 3.310910e+000  1.784900e-001  9.314880e-002
 3.313650e+000  1.606700e-001  9.144170e-002
 3.316380e+000  1.970800e-001  9.522980e-002
 3.319120e+000  1.088700e-001  9.102830e-002
 3.321850e+000  1.315000e-001  9.297550e-002
 3.324590e+000  5.438000e-002  9.280680e-002
 3.327320e+000  1.924100e-001  9.192860e-002
 3.330060e+000  1.065100e-001  9.323130e-002
 3.332790e+000 -3.580000e-002  9.277880e-002
 3.335530e+000  7.258000e-002  9.064240e-002
 3.338260e+000  1.623300e-001  9.184130e-002
 3.341000e+000  2.530700e-001  9.160670e-002
 3.343730e+000  1.565800e-001  9.364490e-002
 3.346470e+000  2.509000e-002  9.267990e-002
 3.349200e+000  1.718500e-001  9.273150e-002
 3.351940e+000 -8.656000e-002  9.019710e-002
 3.354670e+000  1.687700e-001  9.402210e-002
 3.357410e+000  2.737800e-001  9.255550e-002
 3.360140e+000  8.986000e-002  9.263200e-002
 3.362880e+000  1.167400e-001  9.066700e-002
 3.365610e+000  4.313000e-002  9.205720e-002
 3.368350e+000  2.527000e-001  9.169830e-002
 3.371080e+000  7.117000e-002  9.315170e-002
 3.373820e+000  3.059800e-001  9.246690e-002
 3.376560e+000  1.240600e-001  9.129440e-002
 3.379290e+000  1.053100e-001  9.165520e-002
 3.382030e+000  1.462600e-001  9.500580e-002
 3.384760e+000 -9.300000e-003  9.160900e-002
 3.387500e+000  1.430800e-001  9.330460e-002
 3.390230e+000  1.505900e-001  9.211270e-002
 3.392970e+000  8.426000e-002  9.426640e-002
 3.395700e+000  7.605000e-002  9.189210e-002
 3.398440e+000  1.328300e-001  9.408640e-002
 3.401170e+000  8.454000e-002  9.246650e-002
 3.403910e+000  7.210000e-002  9.330150e-002
 3.406640e+000  1.159900e-001  9.323090e-002
 3.409380e+000  1.816700e-001  8.953360e-002
 3.412110e+000  1.097300e-001  9.411280e-002
 3.414850e+000  1.550500e-001  9.238540e-002
 3.417580e+000  1.729000e-001  9.229610e-002
 3.420320e+000  1.997900e-001  9.270770e-002
 3.423050e+000  2.927700e-001  9.241270e-002
 3.425790e+000  1.417300e-001  9.184410e-002
 3.428520e+000  8.576000e-002  9.235310e-002
 3.431260e+000 -1.936000e-002  9.307070e-002
 3.433990e+000 -1.619000e-002  9.398580e-002
 3.436730e+000  3.027800e-001  9.225010e-002
 3.439460e+000  1.517800e-001  8.890110e-002
 3.442200e+000  9.905000e-002  9.144750e-002
 3.444930e+000  7.834000e-002  9.235310e-002
 3.447670e+000  6.394000e-002  9.266050e-002
 3.450400e+000 -3.432000e-002  8.976980e-002
 3.453140e+000  1.928500e-001  9.288830e-002
 3.455870e+000  1.297300e-001  9.433580e-002
 3.458610e+000  8.926000e-002  9.360610e-002
 3.461340e+000  1.131100e-001  9.205360e-002
 3.464080e+000  9.110000e-002  9.555300e-002
 3.466810e+000  2.520000e-002  9.255650e-002
 3.469550e+000  5.671000e-002  9.432870e-002
 3.472280e+000  6.877000e-002  9.258990e-002
 3.475020e+000  1.659900e-001  9.103850e-002
 3.477750e+000  7.100000e-002  9.230060e-002
 3.480490e+000 -1.002400e-001  9.128490e-002
 3.483220e+000  2.713200e-001  9.298800e-002
 3.485960e+000  9.887000e-002  9.230060e-002
 3.488690e+000  6.881000e-002  9.203110e-002
 3.491430e+000  1.387600e-001  9.426670e-002
 3.494160e+000  1.303000e-001  9.115620e-002
 3.496900e+000  1.546000e-001  9.106850e-002
 3.499630e+000  2.466200e-001  9.298700e-002
 3.502370e+000  6.234000e-002  9.142410e-002
 3.505100e+000 -5.809000e-002  9.139210e-002
 3.507840e+000  3.915000e-002  9.002610e-002
 3.510570e+000  2.045100e-001  9.526510e-002
 3.513310e+000  9.903000e-002  9.383140e-002
 3.516040e+000  1.811200e-001  9.453150e-002
 3.518780e+000  8.576000e-002  9.195860e-002
 3.521510e+000  1.595400e-001  9.139070e-002
 3.524250e+000 -8.605000e-002  9.076490e-002
 3.526980e+000 -7.640000e-003  8.965710e-002
 3.529720e+000  5.542000e-002  9.207280e-002
 3.532450e+000  9.174000e-002  9.240780e-002
 3.535190e+000  1.637300e-001  9.463950e-002
 3.537930e+000  2.318900e-001  9.046940e-002
 3.540660e+000  6.293000e-002  9.269730e-002
 3.543400e+000  1.010100e-001  9.140210e-002
 3.546130e+000 -5.300000e-003  9.308660e-002
 3.548870e+000  1.658600e-001  9.082260e-002
 3.551600e+000  2.321500e-001  9.224630e-002
 3.554340e+000  1.554700e-001  9.340290e-002
 3.557070e+000 -3.182000e-002  9.262280e-002
 3.559810e+000  1.523500e-001  9.088690e-002
 3.562540e+000  5.410000e-002  8.973450e-002
 3.565280e+000  1.485200e-001  9.084860e-002
 3.568010e+000  1.421600e-001  9.330450e-002
 3.570750e+000  2.569600e-001  9.432410e-002
 3.573480e+000  1.344600e-001  9.191300e-002
 3.576220e+000  1.338300e-001  9.124400e-002
 3.578950e+000  1.310200e-001  9.205930e-002
 3.581690e+000  2.032200e-001  9.094300e-002
 3.584420e+000  2.266000e-001  9.096660e-002
 3.587160e+000  1.976900e-001  9.148040e-002
 3.589890e+000  1.189100e-001  9.058980e-002
 3.592630e+000 -1.066000e-002  9.010630e-002
 3.595360e+000  2.311200e-001  9.052000e-002
 3.598100e+000  1.685700e-001  9.177890e-002
 3.600830e+000  1.736100e-001  9.350400e-002
 3.603570e+000 -5.230000e-002  9.405760e-002
 3.606300e+000  1.940000e-003  9.005180e-002
 3.609040e+000  6.570000e-002  8.987680e-002
 3.611770e+000  1.530000e-002  9.077910e-002
 3.614510e+000  8.342000e-002  9.138160e-002
 3.617240e+000  8.020000e-003  9.301620e-002
 3.619980e+000  2.700600e-001  9.316850e-002
 3.622710e+000 -1.314300e-001  9.073620e-002
 3.625450e+000  5.437000e-002  9.156400e-002
 3.628180e+000 -4.098000e-002  8.835670e-002
 3.630920e+000  1.608000e-001  8.842370e-002
 3.633650e+000  3.060000e-002  9.370340e-002
 3.636390e+000  4.893000e-002  9.025110e-002
 3.639120e+000  2.780100e-001  9.274160e-002
 3.641860e+000  1.419800e-001  9.188770e-002
 3.644590e+000  1.046600e-001  9.001830e-002
 3.647330e+000  2.445800e-001  8.958400e-002
 3.650060e+000  8.650000e-002  9.028760e-002
 3.652800e+000  9.902000e-002  9.183040e-002
 3.655530e+000  1.151200e-001  9.139740e-002
 3.658270e+000  4.567000e-002  9.015860e-002
 3.661000e+000  3.745000e-002  9.314590e-002
 3.663740e+000  6.793000e-002  9.233330e-002
 3.666470e+000  1.647100e-001  9.092500e-002
 3.669210e+000  1.111000e-001  8.963800e-002
 3.671940e+000  1.101300e-001  9.006590e-002
 3.674680e+000  1.291000e-001  9.241640e-002
 3.677410e+000  6.981000e-002  9.068450e-002
 3.680150e+000  7.990000e-002  9.186150e-002
 3.682880e+000  7.162000e-002  9.275390e-002
 3.685620e+000 -1.003600e-001  9.047020e-002
 3.688350e+000 -8.109000e-002  9.025720e-002
 3.691090e+000  3.958000e-002  9.049590e-002
 3.693830e+000  2.352600e-001  9.222420e-002
 3.696560e+000  1.870400e-001  8.980130e-002
 3.699300e+000  1.969200e-001  9.105950e-002
 3.702030e+000  9.860000e-003  9.175730e-002
 3.704770e+000  1.278600e-001  9.133280e-002
 3.707500e+000  2.061900e-001  9.174420e-002
 3.710240e+000 -5.408000e-002  9.270780e-002
 3.712970e+000  7.348000e-002  9.247050e-002
 3.715710e+000  1.831600e-001  9.161730e-002
 3.718440e+000  7.112000e-002  9.042990e-002
 3.721180e+000  1.881000e-002  9.367510e-002
 3.723910e+000  1.027400e-001  8.971640e-002
 3.726650e+000  7.521000e-002  9.070220e-002
 3.729380e+000  1.517500e-001  9.077480e-002
 3.732120e+000  1.163800e-001  9.152660e-002
 3.734850e+000  1.528200e-001  9.099300e-002
 3.737590e+000 -4.361000e-002  9.317270e-002
 3.740320e+000  2.388900e-001  9.115850e-002
 3.743060e+000  1.005300e-001  9.363660e-002
 3.745790e+000  2.407700e-001  9.043870e-002
 3.748530e+000  1.423000e-002  9.147860e-002
 3.751260e+000 -2.159000e-002  9.105100e-002
 3.754000e+000  2.113400e-001  9.137290e-002
 3.756730e+000  1.493900e-001  8.975970e-002
 3.759470e+000  2.733000e-002  9.198330e-002
 3.762200e+000  1.452000e-001  9.270750e-002
 3.764940e+000  1.330700e-001  9.315150e-002
 3.767670e+000  1.027800e-001  8.969000e-002
 3.770410e+000  1.301200e-001  9.278450e-002
 3.773140e+000  2.643600e-001  8.933740e-002
 3.775880e+000  1.977700e-001  9.103590e-002
 3.778610e+000  1.654400e-001  9.394300e-002
 3.781350e+000  1.526000e-001  9.013610e-002
 3.784080e+000  1.269300e-001  9.022160e-002
 3.786820e+000  1.201900e-001  9.158690e-002
 3.789550e+000  6.346000e-002  9.228360e-002
 3.792290e+000  1.191100e-001  8.841930e-002
 3.795020e+000  1.997500e-001  9.178950e-002
 3.797760e+000  1.388500e-001  9.275980e-002
 3.800490e+000  1.293200e-001  9.119710e-002
 3.803230e+000 -3.551000e-002  8.802370e-002
 3.805960e+000  6.255000e-002  8.916410e-002
 3.808700e+000  1.132200e-001  9.203820e-002
 3.811430e+000  1.545700e-001  9.149840e-002
 3.814170e+000 -8.736000e-002  8.984390e-002
 3.816900e+000  1.845400e-001  9.049690e-002
 3.819640e+000  1.374700e-001  9.204170e-002
 3.822370e+000  2.789600e-001  9.033460e-002
 3.825110e+000  5.754000e-002  8.811570e-002
 3.827840e+000  1.882000e-001  9.254040e-002
 3.830580e+000  7.120000e-002  9.278560e-002
 3.833310e+000  1.049800e-001  9.031120e-002
 3.836050e+000 -1.244600e-001  8.898810e-002
 3.838780e+000  8.007000e-002  9.065120e-002
 3.841520e+000  8.678000e-002  9.125610e-002
 3.844250e+000 -4.888000e-002  8.998900e-002
 3.846990e+000  1.930300e-001  9.010540e-002
 3.849720e+000  1.633200e-001  8.846670e-002
 3.852460e+000  8.603000e-002  9.061770e-002
 3.855200e+000  1.309900e-001  8.908740e-002
 3.857930e+000  1.753600e-001  9.225500e-002
 3.860670e+000  9.208000e-002  8.999860e-002
 3.863400e+000  1.220500e-001  9.160020e-002
 3.866140e+000  2.357000e-002  8.861790e-002
 3.868870e+000  1.045200e-001  8.955100e-002
 3.871610e+000  1.222400e-001  9.133820e-002
 3.874340e+000  4.034000e-002  8.872330e-002
 3.877080e+000  1.213500e-001  9.068340e-002
 3.879810e+000  8.084000e-002  9.146290e-002
 3.882550e+000 -1.102500e-001  9.030870e-002
 3.885280e+000 -5.600000e-003  9.038180e-002
 3.888020e+000  1.554600e-001  9.418830e-002
 3.890750e+000  4.990000e-003  8.919860e-002
 3.893490e+000  3.877000e-002  9.352720e-002
 3.896220e+000  1.476500e-001  9.102080e-002
 3.898960e+000  2.420600e-001  9.247910e-002
 3.901690e+000  1.557700e-001  9.221220e-002
 3.904430e+000  8.872000e-002  8.865140e-002
 3.907160e+000  4.536000e-002  9.161690e-002
 3.909900e+000  1.728600e-001  9.131270e-002
 3.912630e+000 -6.420000e-003  9.106660e-002
 3.915370e+000  7.901000e-002  9.093310e-002
 3.918100e+000  7.090000e-002  9.257530e-002
 3.920840e+000  6.220000e-003  8.970280e-002
 3.923570e+000 -2.926000e-002  9.244940e-002
 3.926310e+000  1.090900e-001  9.106390e-002
 3.929040e+000 -5.699000e-002  9.211910e-002
 3.931780e+000  2.175300e-001  9.363800e-002
 3.934510e+000  4.082000e-002  8.949240e-002
 3.937250e+000  1.470100e-001  1.044710e-001
 3.939980e+000  3.091100e-001  1.145340e-001
 3.942720e+000  1.167700e-001  1.161420e-001
 3.945450e+000  2.218000e-001  1.227840e-001
 3.948190e+000  3.120200e-001  1.364230e-001
 3.950920e+000 -6.994000e-002  1.314710e-001
 3.953660e+000  1.086000e-001  1.409060e-001
 3.956390e+000  1.850700e-001  1.409290e-001
 3.959130e+000 -1.144900e-001  1.429960e-001
 3.961860e+000  2.854500e-001  1.481400e-001
 3.964600e+000 -4.023000e-002  1.248710e-001
 3.967330e+000 -4.869000e-002  1.093660e-001
 3.970070e+000  1.452900e-001  1.036440e-001
 3.972800e+000  1.937300e-001  9.952420e-002
 3.975540e+000  3.005700e-001  9.879880e-002
 3.978270e+000  2.021600e-001  1.000500e-001
 3.981010e+000 -4.316000e-002  9.981130e-002
 3.983740e+000 -1.010700e-001  9.542520e-002
 3.986480e+000  4.740000e-002  9.821120e-002
 3.989210e+000  5.871000e-002  9.823500e-002
 3.991950e+000  6.760000e-003  9.994530e-002
 3.994680e+000  2.902000e-002  9.643610e-002
 3.997420e+000  5.516700e-001  1.016910e-001
 4.000150e+000  8.027000e-002  9.642250e-002
 4.002890e+000  2.831900e-001  9.422540e-002
 4.005620e+000  1.109900e-001  9.533380e-002
 4.008360e+000  1.362300e-001  9.575100e-002
 4.011100e+000  7.859000e-002  9.382460e-002
 4.013830e+000 -5.062000e-002  9.360780e-002
 4.016570e+000  1.610000e-002  9.445650e-002
 4.019300e+000  1.736000e-002  9.154230e-002
 4.022040e+000  9.994000e-002  9.469330e-002
 4.024770e+000  4.830000e-002  9.393980e-002
 4.027510e+000  1.884000e-002  9.258820e-002
 4.030240e+000  3.223000e-002  9.400560e-002
 4.032980e+000 -1.092100e-001  9.218710e-002
 4.035710e+000  6.250000e-003  9.138780e-002
 4.038450e+000  1.591700e-001  9.182660e-002
 4.041180e+000  9.475000e-002  9.165240e-002
 4.043920e+000  1.072400e-001  9.179740e-002
 4.046650e+000  6.050000e-002  8.847370e-002
 4.049390e+000  5.266000e-002  8.719790e-002
 4.052120e+000  2.106200e-001  8.657940e-002
 4.054860e+000  9.720000e-002  9.077970e-002
 4.057590e+000  1.799000e-001  8.848370e-002
 4.060330e+000  2.245300e-001  8.841990e-002
 4.063060e+000  7.951000e-002  9.048850e-002
 4.065800e+000  4.686000e-002  8.817520e-002
 4.068530e+000  1.610100e-001  8.764570e-002
 4.071270e+000  6.866000e-002  8.875450e-002
 4.074000e+000  7.433000e-002  9.029630e-002
 4.076740e+000  6.650000e-003  8.707560e-002
 4.079470e+000  1.080700e-001  8.845540e-002
 4.082210e+000  7.474000e-002  8.988970e-002
 4.084940e+000  7.490000e-002  8.691380e-002
 4.087680e+000  1.617000e-002  8.793900e-002
 4.090410e+000  2.429000e-002  9.004510e-002
 4.093150e+000  8.210000e-002  8.925470e-002
 4.095880e+000  1.737800e-001  9.042940e-002
 4.098620e+000  5.107000e-002  9.081620e-002
 4.101350e+000  1.420300e-001  9.031820e-002
 4.104090e+000  5.802000e-002  8.807330e-002
 4.106820e+000  1.312100e-001  8.890520e-002
 4.109560e+000  1.297600e-001  8.815550e-002
 4.112290e+000  1.558400e-001  8.786510e-002
 4.115030e+000  1.133000e-001  8.795220e-002
 4.117760e+000  2.206600e-001  9.008770e-002
 4.120500e+000 -1.595000e-002  8.906910e-002
 4.123230e+000  1.204600e-001  8.843990e-002
 4.125970e+000  4.122000e-002  9.148130e-002
 4.128700e+000  1.259300e-001  9.049080e-002
 4.131440e+000  1.230000e-003  9.108370e-002
 4.134170e+000  1.734400e-001  8.894250e-002
 4.136910e+000  7.193000e-002  8.927530e-002
 4.139640e+000  1.377700e-001  8.939160e-002
 4.142380e+000  2.482700e-001  8.965870e-002
 4.145110e+000  1.772400e-001  9.103660e-002
 4.147850e+000 -1.005400e-001  9.082340e-002
 4.150580e+000  1.116700e-001  8.864440e-002
 4.153320e+000  3.633000e-002  8.987590e-002
 4.156050e+000  5.242000e-002  8.894850e-002
 4.158790e+000  6.374000e-002  8.984980e-002
 4.161520e+000  2.632500e-001  8.689320e-002
 4.164260e+000  1.521200e-001  9.079740e-002
 4.166990e+000  1.851500e-001  9.121290e-002
 4.169730e+000  1.894000e-001  9.043350e-002
 4.172470e+000  1.848600e-001  8.813570e-002
 4.175200e+000  4.746000e-002  8.966850e-002
 4.177940e+000  1.447000e-001  8.703880e-002
 4.180670e+000 -9.340000e-002  8.994390e-002
 4.183410e+000  2.087900e-001  8.786080e-002
 4.186140e+000  1.143400e-001  8.911870e-002
 4.188880e+000  1.758200e-001  9.027100e-002
 4.191610e+000  1.134400e-001  8.889540e-002
 4.194350e+000  4.729000e-002  8.999920e-002
 4.197080e+000  1.957000e-002  9.026330e-002
 4.199820e+000  7.350000e-002  9.015340e-002
 4.202550e+000 -3.476000e-002  8.864970e-002
 4.205290e+000  4.372000e-002  9.036010e-002
 4.208020e+000  2.035800e-001  9.122980e-002
 4.210760e+000  1.409300e-001  9.116820e-002
 4.213490e+000  1.295700e-001  8.941100e-002
 4.216230e+000  9.880000e-002  8.823800e-002
 4.218960e+000  1.575300e-001  8.904270e-002
 4.221700e+000 -8.560000e-003  8.882070e-002
 4.224430e+000  1.153900e-001  8.825560e-002
 4.227170e+000  7.262000e-002  9.157760e-002
 4.229900e+000  8.821000e-002  8.674650e-002
 4.232640e+000  1.919300e-001  9.119820e-002
 4.235370e+000  6.299000e-002  8.826060e-002
 4.238110e+000  1.788700e-001  8.741860e-002
 4.240840e+000  1.488000e-001  8.904650e-002
 4.243580e+000  4.024000e-002  9.246810e-002
 4.246310e+000  1.064000e-001  8.798520e-002
 4.249050e+000  6.692000e-002  8.822750e-002
 4.251780e+000  1.593900e-001  8.896460e-002
 4.254520e+000  2.171100e-001  8.948460e-002
 4.257250e+000  8.396000e-002  8.877840e-002
 4.259990e+000  1.024000e-002  8.596070e-002
 4.262720e+000  5.297200e-001  9.256160e-002
 4.265460e+000  1.888300e-001  9.001860e-002
 4.268190e+000  8.023000e-002  8.796810e-002
 4.270930e+000  5.894000e-002  8.843110e-002
 4.273660e+000  1.568000e-001  9.091220e-002
 4.276400e+000  1.193200e-001  8.864870e-002
 4.279130e+000  2.424700e-001  8.906230e-002
 4.281870e+000  1.251100e-001  8.834220e-002
 4.284600e+000 -3.919000e-002  8.809670e-002
 4.287340e+000  2.828000e-001  9.019310e-002
 4.290070e+000  1.566100e-001  8.889850e-002
 4.292810e+000 -6.827000e-002  8.804090e-002
 4.295540e+000  8.221000e-002  8.605390e-002
 4.298280e+000  4.026000e-002  8.977560e-002
 4.301010e+000  8.959000e-002  8.900900e-002
 4.303750e+000  1.558600e-001  8.758920e-002
 4.306480e+000  2.028800e-001  8.874560e-002
 4.309220e+000  8.504000e-002  8.874800e-002
 4.311950e+000  1.090400e-001  8.557250e-002
 4.314690e+000  1.431900e-001  9.046370e-002
 4.317420e+000  9.687000e-002  8.598710e-002
 4.320160e+000  9.192000e-002  8.759650e-002
 4.322890e+000 -9.640000e-003  9.027890e-002
 4.325630e+000  6.133000e-002  8.819370e-002
 4.328370e+000  9.961000e-002  8.996570e-002
 4.331100e+000  8.464000e-002  9.041910e-002
 4.333840e+000  5.280000e-002  8.735770e-002
 4.336570e+000  8.217000e-002  8.833770e-002
 4.339310e+000  2.439600e-001  8.828840e-002
 4.342040e+000 -1.319000e-002  8.877310e-002
 4.344780e+000 -6.422000e-002  8.896440e-002
 4.347510e+000  8.545000e-002  9.014360e-002
 4.350250e+000  8.206000e-002  8.811700e-002
 4.352980e+000  1.567100e-001  8.871220e-002
 4.355720e+000  1.547900e-001  8.604390e-002
 4.358450e+000  2.752900e-001  8.999500e-002
 4.361190e+000  2.220000e-002  8.564420e-002
 4.363920e+000  2.383000e-001  8.820040e-002
 4.366660e+000  9.813000e-002  8.832020e-002
 4.369390e+000  1.239400e-001  9.008960e-002
 4.372130e+000  1.199900e-001  8.929120e-002
 4.374860e+000  1.816100e-001  8.935660e-002
 4.377600e+000  7.574000e-002  8.838440e-002
 4.380330e+000  6.152000e-002  8.830490e-002
 4.383070e+000  1.479300e-001  8.751580e-002
 4.385800e+000  9.882000e-002  8.925970e-002
 4.388540e+000  1.106700e-001  8.853110e-002
 4.391270e+000  1.690100e-001  9.027570e-002
 4.394010e+000  1.009200e-001  8.841230e-002
 4.396740e+000  1.579900e-001  8.922460e-002
 4.399480e+000  1.776900e-001  8.840030e-002
 4.402210e+000  2.545700e-001  8.799640e-002
 4.404950e+000  1.459000e-002  8.801260e-002
 4.407680e+000  8.618000e-002  8.832660e-002
 4.410420e+000  1.854000e-001  8.747490e-002
 4.413150e+000  8.042000e-002  8.921480e-002
 4.415890e+000  7.870000e-002  8.836810e-002
 4.418620e+000  8.261000e-002  8.920340e-002
 4.421360e+000  3.948000e-002  8.782220e-002
 4.424090e+000  1.101600e-001  8.879520e-002
 4.426830e+000  1.683500e-001  8.609870e-002
 4.429560e+000  1.610300e-001  9.110700e-002
 4.432300e+000  6.706000e-002  8.994770e-002
 4.435030e+000  7.652000e-002  8.921980e-002
 4.437770e+000  1.344500e-001  8.838700e-002
 4.440500e+000  2.100000e-001  9.019270e-002
 4.443240e+000  1.823000e-001  8.766870e-002
 4.445970e+000  4.592000e-002  8.730060e-002
 4.448710e+000  2.796300e-001  8.780700e-002
 4.451440e+000 -5.803000e-002  8.762080e-002
 4.454180e+000  1.950900e-001  8.863880e-002
 4.456910e+000  1.907200e-001  8.638430e-002
 4.459650e+000  9.806000e-002  8.731910e-002
 4.462380e+000  1.418900e-001  8.867290e-002
 4.465120e+000  1.256800e-001  8.686000e-002
 4.467850e+000  1.914300e-001  8.729260e-002
 4.470590e+000  1.178300e-001  9.074150e-002
 4.473320e+000  9.479000e-002  8.867060e-002
 4.476060e+000  1.039700e-001  8.718630e-002
 4.478790e+000  1.369100e-001  8.648430e-002
 4.481530e+000  1.441200e-001  8.708330e-002
 4.484260e+000  1.235600e-001  8.818920e-002
 4.487000e+000  7.358000e-002  8.539040e-002
 4.489740e+000  1.006000e-001  8.759830e-002
 4.492470e+000  6.549000e-002  8.974780e-002
 4.495210e+000  1.477700e-001  8.668300e-002
 4.497940e+000  9.713000e-002  9.095890e-002
 4.500680e+000  9.329000e-002  8.904770e-002
 4.503410e+000  1.426400e-001  8.753490e-002
 4.506150e+000 -8.336000e-002  8.523140e-002
 4.508880e+000  1.284100e-001  8.673170e-002
 4.511620e+000  8.655000e-002  9.005690e-002
 4.514350e+000  1.819800e-001  8.658040e-002
 4.517090e+000  1.090300e-001  8.862730e-002
 4.519820e+000  1.283500e-001  8.784660e-002
 4.522560e+000  6.911000e-002  8.724250e-002
 4.525290e+000  1.007600e-001  8.849260e-002
 4.528030e+000  8.239000e-002  8.795150e-002
 4.530760e+000  1.907200e-001  8.862230e-002
 4.533500e+000  8.691000e-002  8.892760e-002
 4.536230e+000 -1.023000e-001  8.710540e-002
 4.538970e+000  1.148400e-001  8.927300e-002
 4.541700e+000  1.858700e-001  8.653830e-002
 4.544440e+000  2.097500e-001  8.965760e-002
 4.547170e+000  2.607000e-002  8.758290e-002
 4.549910e+000  1.493200e-001  8.641520e-002
 4.552640e+000  1.172500e-001  8.675430e-002
 4.555380e+000  1.193800e-001  8.928310e-002
 4.558110e+000  9.344000e-002  8.970910e-002
 4.560850e+000  3.673000e-002  8.653140e-002
 4.563580e+000 -1.830000e-003  8.950250e-002
 4.566320e+000  1.405300e-001  9.036180e-002
 4.569050e+000  1.501400e-001  8.896980e-002
 4.571790e+000  1.626300e-001  8.646690e-002
 4.574520e+000  3.712000e-002  9.024090e-002
 4.577260e+000  1.477700e-001  8.790920e-002
 4.579990e+000  1.655500e-001  8.758340e-002
 4.582730e+000  1.827300e-001  8.633720e-002
 4.585460e+000  1.669500e-001  8.685860e-002
 4.588200e+000  1.288800e-001  8.670870e-002
 4.590930e+000  1.426200e-001  9.081040e-002
 4.593670e+000  1.411200e-001  8.894980e-002
 4.596400e+000  1.509900e-001  8.886940e-002
 4.599140e+000  1.490400e-001  8.895840e-002
 4.601870e+000  2.280400e-001  8.851990e-002
 4.604610e+000  1.606000e-001  8.928020e-002
 4.607340e+000  2.226000e-001  8.837960e-002
 4.610080e+000  7.224000e-002  8.771780e-002
 4.612810e+000  1.283300e-001  8.904580e-002
 4.615550e+000  1.926500e-001  8.741230e-002
 4.618280e+000  1.510500e-001  8.767220e-002
 4.621020e+000  1.647800e-001  8.580410e-002
 4.623750e+000  1.913600e-001  8.833200e-002
 4.626490e+000  1.241500e-001  8.580230e-002
 4.629220e+000  2.002300e-001  8.994810e-002
 4.631960e+000  1.517400e-001  8.609860e-002
 4.634690e+000  2.034900e-001  8.788470e-002
 4.637430e+000  1.537600e-001  8.694620e-002
 4.640160e+000  3.022900e-001  8.828420e-002
 4.642900e+000  1.401300e-001  8.919950e-002
 4.645640e+000  9.894000e-002  8.811590e-002
 4.648370e+000  1.441800e-001  8.720940e-002
 4.651110e+000  1.427500e-001  8.943700e-002
 4.653840e+000  1.641400e-001  8.650090e-002
 4.656580e+000  1.377300e-001  8.751230e-002
 4.659310e+000  4.024000e-002  8.567800e-002
 4.662050e+000 -7.931000e-002  8.811610e-002
 4.664780e+000  2.182500e-001  8.925830e-002
 4.667520e+000  1.435900e-001  8.547180e-002
 4.670250e+000  8.281000e-002  8.995010e-002
 4.672990e+000  1.068200e-001  8.723520e-002
 4.675720e+000  1.622000e-002  8.783690e-002
 4.678460e+000  1.718000e-002  8.824350e-002
 4.681190e+000  1.425000e-001  8.740990e-002
 4.683930e+000  1.231400e-001  8.834820e-002
 4.686660e+000  2.309300e-001  8.707670e-002
 4.689400e+000  1.891200e-001  8.800210e-002
 4.692130e+000  1.379300e-001  8.921440e-002
 4.694870e+000  2.740100e-001  8.998450e-002
 4.697600e+000  1.600500e-001  8.812190e-002
 4.700340e+000  1.363500e-001  8.687300e-002
 4.703070e+000  1.514000e-001  8.783130e-002
 4.705810e+000  2.653100e-001  8.747790e-002
 4.708540e+000  1.526600e-001  8.950970e-002
 4.711280e+000  1.123800e-001  8.720770e-002
 4.714010e+000  1.405300e-001  8.862100e-002
 4.716750e+000  1.677000e-001  9.044700e-002
 4.719480e+000  1.560500e-001  8.716230e-002
 4.722220e+000  1.592200e-001  8.951870e-002
 4.724950e+000  2.365500e-001  8.904890e-002
 4.727690e+000  9.443000e-002  8.843250e-002
 4.730420e+000  1.077200e-001  8.612620e-002
 4.733160e+000  4.203000e-002  8.686750e-002
 4.735890e+000  5.193000e-002  8.879010e-002
 4.738630e+000  2.309300e-001  8.817880e-002
 4.741360e+000  2.298200e-001  9.037360e-002
 4.744100e+000  7.271000e-002  8.562370e-002
 4.746830e+000  1.078200e-001  8.786820e-002
 4.749570e+000  3.611000e-002  8.782750e-002
 4.752300e+000  2.364200e-001  8.834110e-002
 4.755040e+000  2.307800e-001  8.709080e-002
 4.757770e+000  1.368200e-001  8.546460e-002
 4.760510e+000  1.760900e-001  8.688820e-002
 4.763240e+000  1.012500e-001  8.739890e-002
 4.765980e+000  2.068900e-001  8.692500e-002
 4.768710e+000  1.758200e-001  8.791010e-002
 4.771450e+000  1.166000e-001  8.868740e-002
 4.774180e+000  8.365000e-002  8.913420e-002
 4.776920e+000  4.596000e-002  8.659990e-002
 4.779650e+000  8.297000e-002  8.837030e-002
 4.782390e+000  2.115500e-001  8.734370e-002
 4.785120e+000  1.545300e-001  8.704420e-002
 4.787860e+000  1.457200e-001  8.648270e-002
 4.790590e+000  1.368200e-001  8.992630e-002
 4.793330e+000  1.909000e-001  9.032660e-002
 4.796060e+000  2.883000e-001  8.783390e-002
 4.798800e+000  1.551600e-001  8.647860e-002
 4.801530e+000  1.357800e-001  8.794450e-002
 4.804270e+000  1.434300e-001  8.952150e-002
 4.807010e+000 -4.830000e-003  8.669440e-002
 4.809740e+000 -1.994000e-002  8.817310e-002
 4.812480e+000  1.338800e-001  8.722070e-002
 4.815210e+000  1.223800e-001  8.877540e-002
 4.817950e+000  4.590000e-003  8.511580e-002
 4.820680e+000  1.356400e-001  8.661430e-002
 4.823420e+000  8.765000e-002  8.765950e-002
 4.826150e+000  1.493500e-001  8.694330e-002
 4.828890e+000  3.556000e-002  8.834860e-002
 4.831620e+000  4.889000e-002  8.804090e-002
 4.834360e+000  2.051900e-001  8.981400e-002
 4.837090e+000  1.603400e-001  8.864600e-002
 4.839830e+000  1.066200e-001  8.620320e-002
 4.842560e+000  1.188300e-001  8.558930e-002
 4.845300e+000  2.916500e-001  8.952380e-002
 4.848030e+000  2.565100e-001  8.824920e-002
 4.850770e+000  1.865500e-001  8.557180e-002
 4.853500e+000  4.228000e-002  8.756830e-002
 4.856240e+000 -4.834000e-002  8.852380e-002
 4.858970e+000 -3.542000e-002  8.784660e-002
 4.861710e+000  7.047000e-002  8.774970e-002
 4.864440e+000  9.297000e-002  8.625900e-002
 4.867180e+000  2.648100e-001  9.109940e-002
 4.869910e+000  1.006800e-001  8.635920e-002
 4.872650e+000  1.338400e-001  8.577220e-002
 4.875380e+000  7.300000e-002  8.696420e-002
 4.878120e+000  1.933700e-001  8.820140e-002
 4.880850e+000  4.708000e-002  8.954590e-002
 4.883590e+000  5.100000e-002  8.812680e-002
 4.886320e+000  1.816100e-001  8.885030e-002
 4.889060e+000  2.531700e-001  8.535650e-002
 4.891790e+000  2.478400e-001  8.655830e-002
 4.894530e+000  2.283900e-001  8.852800e-002
 4.897260e+000  1.461900e-001  8.790930e-002
 4.900000e+000  1.915400e-001  8.571610e-002
 4.902730e+000 -1.125000e-002  8.648730e-002
 4.905470e+000  9.713000e-002  8.688520e-002
 4.908200e+000  7.962000e-002  8.577430e-002
 4.910940e+000  1.251300e-001  8.933510e-002
 4.913670e+000  3.018000e-002  8.832180e-002
 4.916410e+000  1.055000e-001  8.885100e-002
 4.919140e+000  8.060000e-002  8.537010e-002
 4.921880e+000  9.643000e-002  8.774500e-002
 4.924610e+000  1.304400e-001  8.670040e-002
 4.927350e+000  1.735300e-001  8.913250e-002
 4.930080e+000  2.270300e-001  8.537510e-002
 4.932820e+000  1.890000e-002  8.723680e-002
 4.935550e+000  1.007300e-001  8.809780e-002
 4.938290e+000  2.195800e-001  8.938900e-002
 4.941020e+000  1.842000e-001  8.703220e-002
 4.943760e+000  2.099000e-001  8.943250e-002
 4.946490e+000  1.928600e-001  8.855260e-002
 4.949230e+000  9.218000e-002  8.803380e-002
 4.951960e+000  3.000000e-003  8.773760e-002
 4.954700e+000  2.628400e-001  9.208640e-002
 4.957430e+000  1.747900e-001  8.514980e-002
 4.960170e+000  3.327000e-002  8.512820e-002
 4.962900e+000  2.596900e-001  8.818060e-002
 4.965640e+000  8.816000e-002  8.904510e-002
 4.968380e+000  1.322100e-001  8.926060e-002
 4.971110e+000  1.995400e-001  8.786000e-002
 4.973850e+000  1.719800e-001  8.836340e-002
 4.976580e+000  2.710900e-001  8.820970e-002
 4.979320e+000  2.417100e-001  8.958500e-002
 4.982050e+000  1.553000e-002  8.775940e-002
 4.984790e+000  1.193100e-001  8.796360e-002
 4.987520e+000  8.715000e-002  8.778400e-002
 4.990260e+000  1.234600e-001  8.671430e-002
 4.992990e+000  3.637000e-002  8.489190e-002
 4.995730e+000  2.601600e-001  8.789270e-002
 4.998460e+000  2.096800e-001  8.808480e-002
 5.001200e+000  2.326800e-001  8.760200e-002
 5.003930e+000  2.030000e-003  8.478030e-002
 5.006670e+000  1.686100e-001  8.854370e-002
 5.009400e+000  3.549000e-002  8.874860e-002
 5.012140e+000  1.132700e-001  8.673540e-002
 5.014870e+000  1.190400e-001  8.812980e-002
 5.017610e+000  1.092600e-001  9.034430e-002
 5.020340e+000  2.161200e-001  9.013020e-002
 5.023080e+000  1.900700e-001  9.008180e-002
 5.025810e+000  1.912800e-001  8.756410e-002
 5.028550e+000  1.274900e-001  8.744260e-002
 5.031280e+000  7.032000e-002  8.664870e-002
 5.034020e+000  6.847000e-002  9.047290e-002
 5.036750e+000  4.582000e-002  8.787770e-002
 5.039490e+000  1.411100e-001  8.846510e-002
 5.042220e+000  2.183400e-001  8.825870e-002
 5.044960e+000  3.139500e-001  8.852710e-002
 5.047690e+000  3.314000e-002  8.938850e-002
 5.050430e+000  3.488000e-002  8.525840e-002
 5.053160e+000  1.245300e-001  8.853090e-002
 5.055900e+000  1.652000e-001  8.686370e-002
 5.058630e+000  1.678500e-001  8.791930e-002
 5.061370e+000  1.033900e-001  8.668550e-002
 5.064100e+000  6.919000e-002  8.870430e-002
 5.066840e+000  2.509900e-001  8.987990e-002
 5.069570e+000  2.056700e-001  8.692990e-002
 5.072310e+000  8.167000e-002  8.657950e-002
 5.075040e+000  2.162900e-001  8.762740e-002
 5.077780e+000  1.291300e-001  8.766250e-002
 5.080510e+000 -6.826000e-002  8.635660e-002
 5.083250e+000  1.276500e-001  8.789180e-002
 5.085980e+000  1.308400e-001  8.712810e-002
 5.088720e+000  1.941300e-001  8.535740e-002
 5.091450e+000  1.057800e-001  8.895780e-002
 5.094190e+000  1.353400e-001  8.983420e-002
 5.096920e+000  1.354800e-001  8.839780e-002
 5.099660e+000  2.017600e-001  8.797000e-002
 5.102390e+000  1.187500e-001  8.843300e-002
 5.105130e+000  1.677000e-001  8.834930e-002
 5.107860e+000  9.617000e-002  8.896010e-002
 5.110600e+000  3.111700e-001  8.761190e-002
 5.113330e+000  2.065700e-001  8.797230e-002
 5.116070e+000  2.631400e-001  8.662720e-002
 5.118800e+000  1.747300e-001  8.689410e-002
 5.121540e+000  9.809000e-002  8.919690e-002
 5.124280e+000  2.089700e-001  9.149090e-002
 5.127010e+000  6.393000e-002  8.898350e-002
 5.129750e+000  4.581000e-002  8.638240e-002
 5.132480e+000 -5.304000e-002  8.480650e-002
 5.135220e+000  8.137000e-002  8.565030e-002
 5.137950e+000  1.278200e-001  8.797020e-002
 5.140690e+000  2.131600e-001  8.644180e-002
 5.143420e+000 -1.619000e-002  8.767870e-002
 5.146160e+000  1.404500e-001  8.850850e-002
 5.148890e+000  1.184700e-001  8.560800e-002
 5.151630e+000  1.798000e-001  8.875990e-002
 5.154360e+000  1.093000e-002  8.880600e-002
 5.157100e+000  1.937600e-001  8.871880e-002
 5.159830e+000  1.546100e-001  8.772650e-002
 5.162570e+000  1.049400e-001  8.875400e-002
 5.165300e+000  3.626000e-002  8.805190e-002
 5.168040e+000  8.336000e-002  8.964270e-002
 5.170770e+000 -1.075000e-002  8.987510e-002
 5.173510e+000  1.316000e-001  8.948050e-002
 5.176240e+000  2.338500e-001  8.591300e-002
 5.178980e+000  1.322500e-001  8.772510e-002
 5.181710e+000  1.768700e-001  8.833820e-002
 5.184450e+000  1.642900e-001  8.649450e-002
 5.187180e+000  1.459500e-001  8.737920e-002
 5.189920e+000  2.502800e-001  8.559020e-002
 5.192650e+000  5.035000e-002  8.645870e-002
 5.195390e+000  5.369000e-002  8.966410e-002
 5.198120e+000  1.456900e-001  8.643270e-002
 5.200860e+000  9.509000e-002  8.829780e-002
 5.203590e+000  2.107500e-001  8.631270e-002
 5.206330e+000  1.201200e-001  8.750240e-002
 5.209060e+000  5.100000e-002  8.634720e-002
 5.211800e+000  1.784700e-001  8.499470e-002
 5.214530e+000 -3.100000e-003  8.531350e-002
 5.217270e+000  2.225900e-001  8.821930e-002
 5.220000e+000  7.771000e-002  8.737310e-002
 5.222740e+000  3.846000e-002  8.758010e-002
 5.225470e+000  1.820500e-001  8.804130e-002
 5.228210e+000  1.114600e-001  8.958990e-002
 5.230940e+000  1.255100e-001  8.751450e-002
 5.233680e+000  3.074200e-001  8.762990e-002
 5.236410e+000  1.397000e-002  8.935210e-002
 5.239150e+000  1.988800e-001  8.639130e-002
 5.241880e+000  1.692300e-001  8.600380e-002
 5.244620e+000  1.166000e-001  8.643340e-002
 5.247350e+000  2.210600e-001  9.014420e-002
 5.250090e+000  1.494000e-002  8.610650e-002
 5.252820e+000  3.184900e-001  8.914550e-002
 5.255560e+000  2.313000e-002  8.659350e-002
 5.258290e+000  8.377000e-002  8.816330e-002
 5.261030e+000  4.695000e-002  8.545550e-002
 5.263760e+000  1.095300e-001  8.859890e-002
 5.266500e+000  2.209100e-001  8.784050e-002
 5.269230e+000  3.168000e-002  8.434580e-002
 5.271970e+000  1.062700e-001  8.647070e-002
 5.274700e+000  1.165200e-001  8.708060e-002
 5.277440e+000  1.343800e-001  8.867170e-002
 5.280170e+000  1.718000e-001  8.861610e-002
 5.282910e+000  7.604000e-002  9.025590e-002
 5.285650e+000  1.934000e-002  8.602890e-002
 5.288380e+000  3.306000e-002  1.020120e-001
 5.291120e+000  6.422000e-002  1.097310e-001
 5.293850e+000  1.294000e-002  1.188950e-001
 5.296590e+000  1.351700e-001  1.273730e-001
 5.299320e+000  6.354000e-002  1.269550e-001
 5.302060e+000  3.208500e-001  1.263620e-001
 5.304790e+000  2.063900e-001  1.440640e-001
 5.307530e+000  2.974000e-001  1.516960e-001
 5.310260e+000  4.924700e-001  1.570950e-001
 5.313000e+000  2.778100e-001  1.182390e-001
 5.315730e+000  2.238900e-001  1.059760e-001
 5.318470e+000  1.459000e-001  1.008020e-001
 5.321200e+000 -1.160500e-001  9.713650e-002
 5.323940e+000  3.758000e-002  9.865500e-002
 5.326670e+000  7.124000e-002  9.659100e-002
 5.329410e+000  1.856400e-001  9.718430e-002
 5.332140e+000  3.059100e-001  9.690860e-002
 5.334880e+000 -2.973000e-002  9.418000e-002
 5.337610e+000  1.112400e-001  9.646010e-002
 5.340350e+000  4.752000e-002  9.676730e-002
 5.343080e+000  7.549000e-002  9.501500e-002
 5.345820e+000  1.094300e-001  9.733140e-002
 5.348550e+000  7.176000e-002  9.802260e-002
 5.351290e+000  1.625700e-001  9.549000e-002
 5.354020e+000  2.257900e-001  9.442590e-002
 5.356760e+000  1.153100e-001  9.227730e-002
 5.359490e+000  2.232100e-001  9.436650e-002
 5.362230e+000  1.264900e-001  8.994070e-002
 5.364960e+000  3.006500e-001  9.200790e-002
 5.367700e+000  8.245000e-002  8.844220e-002
 5.370430e+000  8.645000e-002  8.927720e-002
 5.373170e+000 -4.370000e-003  8.651340e-002
 5.375900e+000  9.224000e-002  8.654470e-002
 5.378640e+000  1.054500e-001  8.767520e-002
 5.381370e+000  1.372400e-001  8.920160e-002
 5.384110e+000  6.043000e-002  8.727540e-002
 5.386840e+000  2.514300e-001  8.826420e-002
 5.389580e+000  1.240200e-001  8.506860e-002
 5.392310e+000  1.212000e-001  8.758950e-002
 5.395050e+000  1.333800e-001  8.982380e-002
 5.397780e+000  5.232000e-002  8.630440e-002
 5.400520e+000  2.016000e-002  8.570570e-002
 5.403250e+000  2.202300e-001  8.851220e-002
 5.405990e+000  2.065200e-001  8.539660e-002
 5.408720e+000  1.489100e-001  8.517900e-002
 5.411460e+000  1.344300e-001  8.683870e-002
 5.414190e+000  1.735300e-001  9.105360e-002
 5.416930e+000 -8.820000e-002  8.711440e-002
 5.419660e+000  4.770000e-003  8.822960e-002
 5.422400e+000  1.038100e-001  8.685270e-002
 5.425130e+000  2.187300e-001  8.649670e-002
 5.427870e+000  9.849000e-002  8.825740e-002
 5.430600e+000  2.465100e-001  8.917690e-002
 5.433340e+000  1.738200e-001  8.737280e-002
 5.436070e+000  1.034800e-001  8.880030e-002
 5.438810e+000  5.034000e-002  8.828780e-002
 5.441550e+000  7.607000e-002  8.694510e-002
 5.444280e+000  1.663900e-001  8.818220e-002
 5.447020e+000  2.337000e-002  8.767500e-002
 5.449750e+000  1.201800e-001  8.718870e-002
 5.452490e+000  1.651800e-001  8.700130e-002
 5.455220e+000  1.035900e-001  8.730430e-002
 5.457960e+000  3.709000e-002  8.845440e-002
 5.460690e+000  1.601200e-001  8.748040e-002
 5.463430e+000  1.533600e-001  8.818070e-002
 5.466160e+000  1.442800e-001  8.696770e-002
 5.468900e+000  6.250000e-002  8.714920e-002
 5.471630e+000  9.133000e-002  8.721070e-002
 5.474370e+000  1.715900e-001  8.785880e-002
 5.477100e+000  6.124000e-002  8.758070e-002
 5.479840e+000  2.532600e-001  8.899610e-002
 5.482570e+000  1.620300e-001  9.028640e-002
 5.485310e+000  7.409000e-002  8.794570e-002
 5.488040e+000  7.155000e-002  8.678270e-002
 5.490780e+000  1.923000e-002  9.057830e-002
 5.493510e+000  1.398600e-001  8.667770e-002
 5.496250e+000  1.583700e-001  9.078530e-002
 5.498980e+000  1.635900e-001  8.741300e-002
 5.501720e+000  1.184100e-001  8.589660e-002
 5.504450e+000  9.178000e-002  8.612460e-002
 5.507190e+000  2.057500e-001  8.872450e-002
 5.509920e+000  2.297800e-001  8.851200e-002
 5.512660e+000  4.009000e-002  8.911460e-002
 5.515390e+000  1.417900e-001  9.154770e-002
 5.518130e+000  1.003200e-001  8.842620e-002
 5.520860e+000  6.997000e-002  8.863410e-002
 5.523600e+000  1.344000e-002  8.891670e-002
 5.526330e+000  1.312900e-001  8.717470e-002
 5.529070e+000  2.041000e-002  1.008110e-001
 5.531800e+000  2.012900e-001  1.069680e-001
 5.534540e+000 -4.930000e-003  1.150120e-001
 5.537270e+000  9.526000e-002  1.013340e-001
 5.540010e+000  7.662000e-002  9.358660e-002
 5.542740e+000  1.747100e-001  9.653250e-002
 5.545480e+000  2.680300e-001  8.955070e-002
 5.548210e+000  4.938000e-002  8.950830e-002
 5.550950e+000  1.559700e-001  9.049540e-002
 5.553680e+000  1.815500e-001  9.146780e-002
 5.556420e+000  1.382700e-001  8.992700e-002
 5.559150e+000  1.434700e-001  8.999690e-002
 5.561890e+000  8.230000e-002  9.097220e-002
 5.564620e+000  8.260000e-002  8.863820e-002
 5.567360e+000  1.041900e-001  9.152240e-002
 5.570090e+000  2.015900e-001  9.112250e-002
 5.572830e+000 -5.671000e-002  9.014530e-002
 5.575560e+000 -7.750000e-003  9.102650e-002
 5.578300e+000  1.451400e-001  8.767640e-002
 5.581030e+000  1.174400e-001  9.138630e-002
 5.583770e+000  1.477600e-001  8.986790e-002
 5.586500e+000 -1.074000e-002  8.772340e-002
 5.589240e+000 -1.153100e-001  8.930090e-002
 5.591970e+000  1.539500e-001  8.707080e-002
 5.594710e+000 -5.217000e-002  8.574580e-002
 5.597440e+000  1.862700e-001  8.788110e-002
 5.600180e+000  1.462500e-001  8.517740e-002
 5.602920e+000  8.925000e-002  8.716790e-002
 5.605650e+000  2.079000e-001  8.960230e-002
 5.608390e+000  9.377000e-002  8.825510e-002
 5.611120e+000 -3.839000e-002  8.759200e-002
 5.613860e+000 -1.765000e-002  8.820810e-002
 5.616590e+000  1.300300e-001  8.650670e-002
 5.619330e+000  1.547000e-002  8.670050e-002
 5.622060e+000  4.880000e-002  8.677430e-002
 5.624800e+000  1.211800e-001  8.526580e-002
 5.627530e+000  7.693000e-002  8.667090e-002
 5.630270e+000  1.490700e-001  8.603080e-002
 5.633000e+000  2.251700e-001  8.738300e-002
 5.635740e+000  1.293600e-001  8.794140e-002
 5.638470e+000  1.879800e-001  8.885880e-002
 5.641210e+000  2.156300e-001  8.922210e-002
 5.643940e+000  9.834000e-002  8.715630e-002
 5.646680e+000  7.238000e-002  8.687870e-002
 5.649410e+000  1.697900e-001  8.914720e-002
 5.652150e+000  9.847000e-002  8.773520e-002
 5.654880e+000  2.117500e-001  8.656730e-002
 5.657620e+000  1.419700e-001  8.650040e-002
 5.660350e+000  3.219000e-002  8.516390e-002
 5.663090e+000  1.282700e-001  8.812580e-002
 5.665820e+000  4.196000e-002  8.986630e-002
 5.668560e+000  1.740500e-001  8.776650e-002
 5.671290e+000  1.855000e-001  8.541950e-002
 5.674030e+000  1.904400e-001  8.660780e-002
 5.676760e+000  1.184700e-001  8.806980e-002
 5.679500e+000  1.670100e-001  8.825160e-002
 5.682230e+000  7.686000e-002  8.518410e-002
 5.684970e+000  4.072000e-002  8.707250e-002
 5.687700e+000  1.203600e-001  8.711350e-002
 5.690440e+000  5.470000e-002  8.635270e-002
 5.693170e+000  1.392600e-001  8.305300e-002
 5.695910e+000  1.276200e-001  8.814930e-002
 5.698640e+000  1.946200e-001  8.894620e-002
 5.701380e+000  2.205000e-002  8.656570e-002
 5.704110e+000  7.848000e-002  8.766400e-002
 5.706850e+000  8.970000e-003  8.775240e-002
 5.709580e+000  2.163300e-001  8.822180e-002
 5.712320e+000  9.849000e-002  8.759720e-002
 5.715050e+000  1.661600e-001  8.566600e-002
 5.717790e+000  3.354000e-002  8.796520e-002
 5.720520e+000  1.787300e-001  8.687870e-002
 5.723260e+000  1.851900e-001  8.778070e-002
 5.725990e+000  1.926000e-001  8.529630e-002
 5.728730e+000  4.182000e-002  8.597880e-002
 5.731460e+000 -6.244000e-002  8.692780e-002
 5.734200e+000  8.654000e-002  8.809540e-002
 5.736930e+000  1.048600e-001  8.774620e-002
 5.739670e+000  2.566000e-001  8.757570e-002
 5.742400e+000  8.438000e-002  8.821580e-002
 5.745140e+000  7.696000e-002  8.811810e-002
 5.747870e+000  1.160600e-001  8.665360e-002
 5.750610e+000  1.432400e-001  8.823750e-002
 5.753340e+000  2.875000e-002  8.839970e-002
 5.756080e+000  2.150000e-001  8.589500e-002
 5.758820e+000  3.447100e-001  8.987330e-002
 5.761550e+000 -1.431000e-002  8.882020e-002
 5.764290e+000  9.600000e-002  8.835880e-002
 5.767020e+000  1.004400e-001  8.681420e-002
 5.769760e+000  2.006900e-001  8.660870e-002
 5.772490e+000  1.019500e-001  8.727930e-002
 5.775230e+000  1.488100e-001  8.710720e-002
 5.777960e+000  2.297900e-001  8.841320e-002
 5.780700e+000  1.616500e-001  8.696390e-002
 5.783430e+000  1.389200e-001  8.814050e-002
 5.786170e+000  1.848300e-001  9.052180e-002
 5.788900e+000  1.709000e-001  8.883340e-002
 5.791640e+000  2.082400e-001  8.624330e-002
 5.794370e+000  6.428000e-002  8.692170e-002
 5.797110e+000  2.142800e-001  8.732960e-002
 5.799840e+000  1.400400e-001  8.690760e-002
 5.802580e+000  1.414800e-001  8.644150e-002
 5.805310e+000  9.311000e-002  8.597810e-002
 5.808050e+000 -3.472000e-002  8.762710e-002
 5.810780e+000  1.352100e-001  8.773290e-002
 5.813520e+000  9.215000e-002  8.803420e-002
 5.816250e+000  1.112000e-001  8.776670e-002
 5.818990e+000  1.468500e-001  8.715090e-002
 5.821720e+000 -4.187000e-002  8.874560e-002
 5.824460e+000  6.843000e-002  8.888170e-002
 5.827190e+000  1.449400e-001  8.802760e-002
 5.829930e+000 -1.275000e-001  8.666580e-002
 5.832660e+000  1.707600e-001  8.862730e-002
 5.835400e+000  1.139700e-001  8.910610e-002
 5.838130e+000  9.959000e-002  8.674560e-002
 5.840870e+000  1.221000e-001  8.750040e-002
 5.843600e+000  1.713800e-001  8.834800e-002
 5.846340e+000  2.058500e-001  8.591040e-002
 5.849070e+000  2.721300e-001  8.876940e-002
 5.851810e+000  1.412400e-001  8.766960e-002
 5.854540e+000  1.334000e-002  8.795360e-002
 5.857280e+000  8.291000e-002  8.635280e-002
 5.860010e+000  8.105000e-002  8.828230e-002
 5.862750e+000  2.487600e-001  8.484090e-002
 5.865480e+000  9.795000e-002  8.539610e-002
 5.868220e+000  4.580000e-002  8.754510e-002
 5.870950e+000  1.361600e-001  8.793700e-002
 5.873690e+000  1.731900e-001  8.577460e-002
 5.876420e+000  6.226000e-002  8.772070e-002
 5.879160e+000  7.307000e-002  8.609780e-002
 5.881890e+000  1.007800e-001  8.801750e-002
 5.884630e+000  7.640000e-002  8.675570e-002
 5.887360e+000 -1.539400e-001  8.612900e-002
 5.890100e+000  7.819000e-002  8.977170e-002
 5.892830e+000  1.526700e-001  8.913040e-002
 5.895570e+000  4.577000e-002  8.670470e-002
 5.898300e+000  9.108000e-002  8.644150e-002
 5.901040e+000  1.259800e-001  8.875900e-002
 5.903770e+000  1.435800e-001  8.443920e-002
 5.906510e+000  1.495000e-001  8.817490e-002
 5.909240e+000  3.780000e-003  8.517650e-002
 5.911980e+000  9.333000e-002  8.529950e-002
 5.914710e+000  6.226000e-002  8.684860e-002
 5.917450e+000 -3.209000e-002  8.629280e-002
 5.920190e+000  4.296000e-002  9.074630e-002
 5.922920e+000  1.023800e-001  8.765090e-002
 5.925660e+000  5.801000e-002  8.622080e-002
 5.928390e+000  1.695700e-001  8.777160e-002
 5.931130e+000  6.862000e-002  9.009100e-002
 5.933860e+000  2.041300e-001  8.729600e-002
 5.936600e+000  8.870000e-002  8.791850e-002
 5.939330e+000  1.667800e-001  8.455320e-002
 5.942070e+000 -4.362000e-002  8.757350e-002
 5.944800e+000  1.194200e-001  8.426460e-002
 5.947540e+000  1.261300e-001  8.662870e-002
 5.950270e+000  5.700000e-003  8.966760e-002
 5.953010e+000  1.406400e-001  8.582740e-002
 5.955740e+000 -3.546000e-002  8.978520e-002
 5.958480e+000  2.300000e-002  8.894220e-002
 5.961210e+000  4.780000e-002  9.127450e-002
 5.963950e+000  2.529400e-001  9.202200e-002
 5.966680e+000  9.518000e-002  9.319370e-002
 5.969420e+000  1.247700e-001  9.438210e-002
 5.972150e+000  5.848000e-002  1.017200e-001
 5.974890e+000  1.794500e-001  1.139240e-001
 5.977620e+000  1.677400e-001  1.296810e-001
 5.980360e+000  2.130400e-001  1.277340e-001
 5.983090e+000  1.445000e-002  1.315730e-001
 5.985830e+000  1.847500e-001  1.369300e-001
 5.988560e+000 -1.990600e-001  1.415420e-001
 5.991300e+000  1.929700e-001  1.645170e-001
 5.994030e+000  1.578100e-001  1.730710e-001
 5.996770e+000  2.083100e-001  1.709960e-001
 5.999500e+000 -4.717000e-001  1.739830e-001
 6.002240e+000  7.640000e-003  1.931140e-001
 6.004970e+000  3.828100e-001  1.972320e-001
 6.007710e+000  4.304600e-001  2.134980e-001
 6.010440e+000  2.501000e-002  2.290640e-001
 6.013180e+000 -2.605000e-002  2.567580e-001
 6.015910e+000  1.959300e-001  2.888140e-001
 6.018650e+000  8.360000e-002  3.486770e-001
 6.021380e+000  3.705000e-002  4.535520e-001
 6.024120e+000 -7.400900e-001  7.469730e-001
parent: lytawt_zc_new.dat
creator: datcrop
creator-version: v0.2 (r2835)
datcrop-operation: Skipped points: 40
