
  1.438110e-01   8.035531e+01   7.192628e+00
  1.465430e-01   7.998794e+01   2.699641e+00
  1.492750e-01   7.790682e+01   2.413225e+00
  1.520080e-01   7.626537e+01   2.275526e+00
  1.547400e-01   7.563872e+01   2.141937e+00
  1.574720e-01   7.772884e+01   2.044096e+00
  1.602050e-01   7.657725e+01   1.929810e+00
  1.629370e-01   7.374592e+01   1.823038e+00
  1.656690e-01   7.441683e+01   1.750453e+00
  1.684020e-01   7.552885e+01   1.671490e+00
  1.711340e-01   7.589685e+01   1.603537e+00
  1.738660e-01   7.488392e+01   1.520407e+00
  1.765990e-01   7.371547e+01   1.453394e+00
  1.793310e-01   7.354230e+01   1.402691e+00
  1.820630e-01   7.476127e+01   1.348603e+00
  1.847950e-01   7.224172e+01   1.299757e+00
  1.875280e-01   7.138992e+01   1.238705e+00
  1.902600e-01   7.314564e+01   1.200469e+00
  1.929920e-01   7.230321e+01   1.157934e+00
  1.957250e-01   7.010434e+01   1.123630e+00
  1.984570e-01   6.945827e+01   1.077104e+00
  2.011890e-01   7.001873e+01   1.057539e+00
  2.039220e-01   6.933137e+01   1.016290e+00
  2.066540e-01   6.879457e+01   9.871293e-01
  2.093860e-01   6.880733e+01   9.536224e-01
  2.121190e-01   6.870286e+01   9.304001e-01
  2.148510e-01   6.711892e+01   9.159767e-01
  2.175830e-01   6.656050e+01   8.949205e-01
  2.203150e-01   6.701964e+01   8.666839e-01
  2.230480e-01   6.577663e+01   8.449134e-01
  2.257800e-01   6.544904e+01   8.259042e-01
  2.285120e-01   6.462430e+01   8.094782e-01
  2.312450e-01   6.565084e+01   7.974355e-01
  2.339770e-01   6.419789e+01   7.817256e-01
  2.367090e-01   6.370938e+01   7.690110e-01
  2.394420e-01   6.358677e+01   7.573368e-01
  2.421740e-01   6.261174e+01   7.411104e-01
  2.449060e-01   6.258277e+01   7.292273e-01
  2.476390e-01   6.209968e+01   7.242820e-01
  2.503710e-01   6.229610e+01   7.098140e-01
  2.531030e-01   6.099676e+01   7.008985e-01
  2.558350e-01   6.067238e+01   6.940696e-01
  2.585680e-01   6.016957e+01   6.842924e-01
  2.613000e-01   5.910615e+01   6.721620e-01
  2.640320e-01   5.885914e+01   6.635942e-01
  2.667650e-01   5.856189e+01   6.587784e-01
  2.694970e-01   5.923664e+01   6.533619e-01
  2.722290e-01   5.825542e+01   6.438415e-01
  2.749620e-01   5.662151e+01   6.326981e-01
  2.776940e-01   5.599099e+01   6.261128e-01
  2.804260e-01   5.626777e+01   6.228914e-01
  2.831590e-01   5.544792e+01   6.126550e-01
  2.858910e-01   5.490209e+01   6.001460e-01
  2.886230e-01   5.532429e+01   6.016887e-01
  2.913550e-01   5.443159e+01   5.927204e-01
  2.940880e-01   5.305559e+01   5.824489e-01
  2.968200e-01   5.340632e+01   5.817277e-01
  2.995520e-01   5.241151e+01   5.685606e-01
  3.022850e-01   5.244841e+01   5.648460e-01
  3.050170e-01   5.216434e+01   5.610856e-01
  3.077490e-01   5.182963e+01   5.553127e-01
  3.104820e-01   5.094311e+01   5.496014e-01
  3.132140e-01   5.087229e+01   5.446664e-01
  3.159460e-01   5.038946e+01   5.392269e-01
  3.186790e-01   4.992350e+01   5.353972e-01
  3.214110e-01   4.945196e+01   5.243616e-01
  3.241430e-01   4.903370e+01   5.270516e-01
  3.268760e-01   4.915098e+01   5.259573e-01
  3.296080e-01   4.783003e+01   5.191273e-01
  3.323400e-01   4.823949e+01   5.174334e-01
  3.350720e-01   4.755771e+01   5.120298e-01
  3.378050e-01   4.649323e+01   5.117153e-01
  3.405370e-01   4.676203e+01   5.110655e-01
  3.432690e-01   4.600061e+01   5.045937e-01
  3.460020e-01   4.537764e+01   5.032022e-01
  3.487340e-01   4.497063e+01   4.951391e-01
  3.514660e-01   4.427704e+01   5.014683e-01
  3.541990e-01   4.423313e+01   4.927910e-01
  3.569310e-01   4.310901e+01   4.890689e-01
  3.596630e-01   4.299952e+01   4.889246e-01
  3.623960e-01   4.268868e+01   4.832159e-01
  3.651280e-01   4.231517e+01   4.842689e-01
  3.678600e-01   4.214425e+01   4.782314e-01
  3.705920e-01   4.151909e+01   4.769215e-01
  3.733250e-01   4.147477e+01   4.801760e-01
  3.760570e-01   4.099316e+01   4.750238e-01
  3.787890e-01   4.002989e+01   4.704108e-01
  3.815220e-01   3.967834e+01   4.678787e-01
  3.842540e-01   3.934332e+01   4.660618e-01
  3.869860e-01   3.912714e+01   4.623962e-01
  3.897190e-01   3.882043e+01   4.611542e-01
  3.924510e-01   3.822902e+01   4.592785e-01
  3.951830e-01   3.783945e+01   4.553205e-01
  3.979160e-01   3.759011e+01   4.540403e-01
  4.006480e-01   3.734006e+01   4.551449e-01
  4.033800e-01   3.712451e+01   4.509292e-01
  4.061120e-01   3.657381e+01   4.476163e-01
  4.088450e-01   3.602792e+01   4.472435e-01
  4.115770e-01   3.556981e+01   4.410918e-01
  4.143090e-01   3.506996e+01   4.412953e-01
  4.170420e-01   3.461392e+01   4.374214e-01
  4.197740e-01   3.405842e+01   4.369925e-01
  4.225060e-01   3.387394e+01   4.355346e-01
  4.252390e-01   3.363926e+01   4.315986e-01
  4.279710e-01   3.314363e+01   4.303328e-01
  4.307030e-01   3.308633e+01   4.267891e-01
  4.334360e-01   3.272646e+01   4.259946e-01
  4.361680e-01   3.232520e+01   4.227005e-01
  4.389000e-01   3.228817e+01   4.212011e-01
  4.416320e-01   3.110066e+01   4.201459e-01
  4.443650e-01   3.131941e+01   4.177843e-01
  4.470970e-01   3.079935e+01   4.140104e-01
  4.498290e-01   3.065081e+01   4.124086e-01
  4.525620e-01   2.987379e+01   4.110446e-01
  4.552940e-01   2.980133e+01   4.112093e-01
  4.580260e-01   2.930554e+01   4.056776e-01
  4.607590e-01   2.923826e+01   4.069195e-01
  4.634910e-01   2.891802e+01   4.033132e-01
  4.662230e-01   2.835392e+01   4.024734e-01
  4.689560e-01   2.835041e+01   3.978557e-01
  4.716880e-01   2.829140e+01   4.006332e-01
  4.744200e-01   2.751449e+01   4.020244e-01
  4.771520e-01   2.698819e+01   3.939860e-01
  4.798850e-01   2.689786e+01   3.958089e-01
  4.826170e-01   2.707658e+01   3.970997e-01
  4.853490e-01   2.676308e+01   3.933670e-01
  4.880820e-01   2.668953e+01   3.939555e-01
  4.908140e-01   2.609570e+01   3.939711e-01
  4.935460e-01   2.580818e+01   3.902349e-01
  4.962790e-01   2.563181e+01   3.820782e-01
  4.990110e-01   2.514320e+01   3.870964e-01
  5.017430e-01   2.478165e+01   3.823182e-01
  5.044760e-01   2.456650e+01   3.816495e-01
  5.072080e-01   2.434371e+01   3.803424e-01
  5.099400e-01   2.433799e+01   3.783451e-01
  5.126720e-01   2.405230e+01   3.801035e-01
  5.154050e-01   2.353682e+01   3.779203e-01
  5.181370e-01   2.363375e+01   3.749548e-01
  5.208690e-01   2.360592e+01   3.798733e-01
  5.236020e-01   2.308438e+01   3.773075e-01
  5.263340e-01   2.278206e+01   3.744738e-01
  5.290660e-01   2.289521e+01   3.710570e-01
  5.317990e-01   2.255632e+01   3.722058e-01
  5.345310e-01   2.196384e+01   3.714779e-01
  5.372630e-01   2.147923e+01   3.658388e-01
  5.399960e-01   2.148278e+01   3.702940e-01
  5.427280e-01   2.104044e+01   3.610106e-01
  5.454600e-01   2.105490e+01   3.609947e-01
  5.481920e-01   2.063117e+01   3.603625e-01
  5.509250e-01   2.089516e+01   3.625290e-01
  5.536570e-01   2.064254e+01   3.601923e-01
  5.563890e-01   2.061441e+01   3.570759e-01
  5.591220e-01   2.018767e+01   3.593317e-01
  5.618540e-01   1.976892e+01   3.560949e-01
  5.645860e-01   1.935731e+01   3.513337e-01
  5.673190e-01   1.917363e+01   3.546831e-01
  5.700510e-01   1.918963e+01   3.561333e-01
  5.727830e-01   1.868415e+01   3.551673e-01
  5.755160e-01   1.836789e+01   3.490363e-01
  5.782480e-01   1.794101e+01   3.491429e-01
  5.809800e-01   1.833575e+01   3.481237e-01
  5.837130e-01   1.792238e+01   3.428068e-01
  5.864450e-01   1.780103e+01   3.466938e-01
  5.891770e-01   1.763489e+01   3.458913e-01
  5.919090e-01   1.736103e+01   3.448087e-01
  5.946420e-01   1.695437e+01   3.424017e-01
  5.973740e-01   1.711812e+01   3.407372e-01
  6.001060e-01   1.683652e+01   3.424179e-01
  6.028390e-01   1.711543e+01   3.402648e-01
  6.055710e-01   1.656215e+01   3.393645e-01
  6.083030e-01   1.639500e+01   3.404143e-01
  6.110360e-01   1.580686e+01   3.375674e-01
  6.137680e-01   1.567990e+01   3.330636e-01
  6.165000e-01   1.562718e+01   3.347713e-01
  6.192330e-01   1.555625e+01   3.326121e-01
  6.219650e-01   1.518690e+01   3.288726e-01
  6.246970e-01   1.553448e+01   3.333263e-01
  6.274290e-01   1.570484e+01   3.369194e-01
  6.301620e-01   1.535019e+01   3.324865e-01
  6.328940e-01   1.501801e+01   3.276741e-01
  6.356260e-01   1.489199e+01   3.275357e-01
  6.383590e-01   1.465669e+01   3.280226e-01
  6.410910e-01   1.464304e+01   3.281305e-01
  6.438230e-01   1.467071e+01   3.267425e-01
  6.465560e-01   1.402950e+01   3.240575e-01
  6.492880e-01   1.426102e+01   3.230386e-01
  6.520200e-01   1.381045e+01   3.215909e-01
  6.547530e-01   1.371268e+01   3.246494e-01
  6.574850e-01   1.370687e+01   3.229204e-01
  6.602170e-01   1.331841e+01   3.192639e-01
  6.629490e-01   1.344754e+01   3.183218e-01
  6.656820e-01   1.286440e+01   3.186037e-01
  6.684140e-01   1.311241e+01   3.176206e-01
  6.711460e-01   1.301511e+01   3.164662e-01
  6.738790e-01   1.307379e+01   3.177138e-01
  6.766110e-01   1.252653e+01   3.168651e-01
  6.793430e-01   1.251699e+01   3.142369e-01
  6.820760e-01   1.235584e+01   3.120555e-01
  6.848080e-01   1.240111e+01   3.129124e-01
  6.875400e-01   1.228563e+01   3.110795e-01
  6.902730e-01   1.211607e+01   3.107534e-01
  6.930050e-01   1.177976e+01   3.071171e-01
  6.957370e-01   1.203423e+01   3.116416e-01
  6.984690e-01   1.194861e+01   3.137031e-01
  7.012020e-01   1.174842e+01   3.081735e-01
  7.039340e-01   1.146283e+01   3.070972e-01
  7.066660e-01   1.133192e+01   3.055201e-01
  7.093990e-01   1.092172e+01   3.034895e-01
  7.121310e-01   1.098895e+01   3.061989e-01
  7.148630e-01   1.078745e+01   3.002528e-01
  7.175960e-01   1.066482e+01   3.037496e-01
  7.203280e-01   1.094971e+01   3.008021e-01
  7.230600e-01   1.066134e+01   3.012113e-01
  7.257930e-01   1.050631e+01   3.031115e-01
  7.285250e-01   1.079123e+01   3.019472e-01
  7.312570e-01   1.067810e+01   3.003272e-01
  7.339890e-01   1.072018e+01   2.970849e-01
  7.367220e-01   1.021872e+01   2.980154e-01
  7.394540e-01   1.018777e+01   2.964834e-01
  7.421860e-01   1.039303e+01   2.957048e-01
  7.449190e-01   1.003987e+01   2.979215e-01
  7.476510e-01   1.008546e+01   2.945801e-01
  7.503830e-01   9.809144e+00   2.955972e-01
  7.531160e-01   1.023901e+01   2.956270e-01
  7.558480e-01   9.947906e+00   2.951614e-01
  7.585800e-01   9.422690e+00   2.938680e-01
  7.613130e-01   9.530226e+00   2.936226e-01
  7.640450e-01   9.375981e+00   2.926869e-01
  7.667770e-01   8.830359e+00   2.871586e-01
  7.695090e-01   8.803966e+00   2.869115e-01
  7.722420e-01   9.054900e+00   2.876399e-01
  7.749740e-01   9.146946e+00   2.895989e-01
  7.777060e-01   9.010847e+00   2.899569e-01
  7.804390e-01   9.025401e+00   2.878743e-01
  7.831710e-01   8.768786e+00   2.862452e-01
  7.859030e-01   8.874323e+00   2.861269e-01
  7.886360e-01   8.974511e+00   2.876884e-01
  7.913680e-01   9.086150e+00   2.901517e-01
  7.941000e-01   8.371084e+00   2.852303e-01
  7.968330e-01   8.321480e+00   2.825263e-01
  7.995650e-01   8.378348e+00   2.839300e-01
  8.022970e-01   8.418171e+00   2.875859e-01
  8.050290e-01   8.345783e+00   2.872512e-01
  8.077620e-01   8.058698e+00   2.847178e-01
  8.104940e-01   8.271468e+00   2.890279e-01
  8.132260e-01   8.258795e+00   2.898549e-01
  8.159590e-01   7.900316e+00   2.894902e-01
  8.186910e-01   7.957601e+00   2.888068e-01
  8.214230e-01   7.739956e+00   2.881843e-01
  8.241560e-01   7.673934e+00   2.938091e-01
  8.268880e-01   7.554422e+00   2.914902e-01
  8.296200e-01   7.972216e+00   2.919626e-01
  8.323530e-01   7.635443e+00   2.881047e-01
  8.350850e-01   7.403374e+00   2.880476e-01
  8.378170e-01   7.431559e+00   2.891296e-01
  8.405490e-01   7.290472e+00   2.893129e-01
  8.432820e-01   6.939767e+00   2.900557e-01
  8.460140e-01   6.841198e+00   2.862776e-01
  8.487460e-01   6.862581e+00   2.879003e-01
  8.514790e-01   6.872656e+00   2.914463e-01
  8.542110e-01   6.812393e+00   2.904418e-01
  8.569430e-01   7.098223e+00   2.906853e-01
  8.596760e-01   6.555674e+00   2.873300e-01
  8.624080e-01   6.569997e+00   2.887207e-01
  8.651400e-01   6.616520e+00   2.862258e-01
  8.678730e-01   6.736191e+00   2.891341e-01
  8.706050e-01   6.684716e+00   2.917676e-01
  8.733370e-01   6.337713e+00   2.901048e-01
  8.760700e-01   6.523849e+00   2.897395e-01
  8.788020e-01   6.588665e+00   2.901809e-01
  8.815340e-01   6.347992e+00   2.885514e-01
  8.842660e-01   6.284544e+00   2.882649e-01
  8.869990e-01   6.379586e+00   2.900662e-01
  8.897310e-01   6.444383e+00   2.871879e-01
  8.924630e-01   6.150125e+00   2.848273e-01
  8.951960e-01   6.302706e+00   2.882071e-01
  8.979280e-01   6.170398e+00   2.863631e-01
  9.006600e-01   6.040988e+00   2.894947e-01
  9.033930e-01   6.025904e+00   2.882613e-01
  9.061250e-01   5.843612e+00   2.849373e-01
  9.088570e-01   5.829602e+00   2.886992e-01
  9.115900e-01   5.904945e+00   2.886477e-01
  9.143220e-01   5.707952e+00   2.907437e-01
  9.170540e-01   5.849526e+00   2.909358e-01
  9.197860e-01   6.307565e+00   2.881857e-01
  9.225190e-01   5.838535e+00   2.910022e-01
  9.252510e-01   5.491413e+00   2.862977e-01
  9.279830e-01   5.356366e+00   2.857947e-01
  9.307160e-01   5.576517e+00   2.902615e-01
  9.334480e-01   5.779256e+00   2.904128e-01
  9.361800e-01   5.641409e+00   2.887248e-01
  9.389130e-01   5.549598e+00   2.857881e-01
  9.416450e-01   5.401726e+00   2.862636e-01
  9.443770e-01   5.621617e+00   2.877752e-01
  9.471100e-01   5.581337e+00   2.909148e-01
  9.498420e-01   5.396671e+00   2.875169e-01
  9.525740e-01   5.163899e+00   2.842152e-01
  9.553060e-01   5.328248e+00   2.881129e-01
  9.580390e-01   5.358894e+00   2.850932e-01
  9.607710e-01   5.418966e+00   2.870412e-01
  9.635030e-01   5.578824e+00   2.866897e-01
  9.662360e-01   5.219849e+00   2.861554e-01
  9.689680e-01   5.188722e+00   2.874416e-01
  9.717000e-01   5.000627e+00   2.841380e-01
  9.744330e-01   4.321556e+00   2.872191e-01
  9.771650e-01   4.805959e+00   2.875622e-01
  9.798970e-01   4.869438e+00   2.859054e-01
  9.826300e-01   4.799138e+00   2.870834e-01
  9.853620e-01   4.769591e+00   2.809631e-01
  9.880940e-01   5.115939e+00   2.891812e-01
  9.908260e-01   4.858988e+00   2.892713e-01
  9.935590e-01   4.941269e+00   2.845915e-01
  9.962910e-01   5.040006e+00   2.861530e-01
  9.990230e-01   4.740784e+00   2.855662e-01
  1.001760e+00   4.719590e+00   2.839784e-01
  1.004490e+00   4.615130e+00   2.832070e-01
  1.007220e+00   4.608698e+00   2.818896e-01
  1.009950e+00   4.420190e+00   2.816098e-01
  1.012680e+00   4.600093e+00   2.808854e-01
  1.015420e+00   4.576996e+00   2.843606e-01
  1.018150e+00   4.574270e+00   2.807848e-01
  1.020880e+00   4.484108e+00   2.846809e-01
  1.023610e+00   4.451638e+00   2.824217e-01
  1.026350e+00   4.289176e+00   2.834982e-01
  1.029080e+00   4.416401e+00   2.864452e-01
  1.031810e+00   4.333367e+00   2.802302e-01
  1.034540e+00   3.983950e+00   2.812886e-01
  1.037280e+00   4.054015e+00   2.821555e-01
  1.040010e+00   4.069296e+00   2.814205e-01
  1.042740e+00   4.280575e+00   2.826415e-01
  1.045470e+00   4.098532e+00   2.833934e-01
  1.048200e+00   4.343736e+00   2.839314e-01
  1.050940e+00   3.788399e+00   2.856560e-01
  1.053670e+00   4.168812e+00   2.830103e-01
  1.056400e+00   4.129468e+00   2.817486e-01
  1.059130e+00   3.312317e+00   2.819256e-01
  1.061870e+00   3.677751e+00   2.830407e-01
  1.064600e+00   4.278119e+00   2.796725e-01
  1.067330e+00   4.183532e+00   2.807854e-01
  1.070060e+00   4.029334e+00   2.797615e-01
  1.072800e+00   3.773678e+00   2.811964e-01
  1.075530e+00   3.942583e+00   2.798867e-01
  1.078260e+00   3.874614e+00   2.796408e-01
  1.080990e+00   3.942647e+00   2.847327e-01
  1.083720e+00   3.883010e+00   2.810363e-01
  1.086460e+00   3.630428e+00   2.827482e-01
  1.089190e+00   3.558538e+00   2.790807e-01
  1.091920e+00   3.807661e+00   2.794842e-01
  1.094650e+00   3.904504e+00   2.777532e-01
  1.097390e+00   3.420258e+00   2.773882e-01
  1.100120e+00   3.318980e+00   2.779762e-01
  1.102850e+00   3.062136e+00   2.812207e-01
  1.105580e+00   3.465377e+00   2.807411e-01
  1.108320e+00   3.561876e+00   2.833741e-01
  1.111050e+00   3.480690e+00   2.772797e-01
  1.113780e+00   3.422704e+00   2.803465e-01
  1.116510e+00   3.261364e+00   2.803265e-01
  1.119240e+00   3.446086e+00   2.797080e-01
  1.121980e+00   3.511141e+00   2.795012e-01
  1.124710e+00   3.209440e+00   2.806367e-01
  1.127440e+00   3.603344e+00   2.814238e-01
  1.130170e+00   3.216033e+00   2.779978e-01
  1.132910e+00   2.950707e+00   2.810663e-01
  1.135640e+00   2.723081e+00   2.762300e-01
  1.138370e+00   3.097761e+00   2.759569e-01
  1.141100e+00   3.408029e+00   2.770515e-01
  1.143840e+00   3.372103e+00   2.775718e-01
  1.146570e+00   3.031867e+00   2.753872e-01
  1.149300e+00   3.009125e+00   2.782370e-01
  1.152030e+00   2.923287e+00   2.750223e-01
  1.154760e+00   2.875122e+00   2.755628e-01
  1.157500e+00   2.968806e+00   2.757070e-01
  1.160230e+00   2.746249e+00   2.764857e-01
  1.162960e+00   3.086843e+00   2.758631e-01
  1.165690e+00   3.023727e+00   2.745819e-01
  1.168430e+00   2.792749e+00   2.758534e-01
  1.171160e+00   2.850311e+00   2.785805e-01
  1.173890e+00   2.444544e+00   2.749139e-01
  1.176620e+00   2.929872e+00   2.742970e-01
  1.179360e+00   2.904418e+00   2.764493e-01
  1.182090e+00   2.849087e+00   2.777383e-01
  1.184820e+00   2.961007e+00   2.756598e-01
  1.187550e+00   3.181190e+00   2.777714e-01
  1.190280e+00   3.058709e+00   2.754851e-01
  1.193020e+00   3.173027e+00   2.757807e-01
  1.195750e+00   2.771091e+00   2.758674e-01
  1.198480e+00   2.971017e+00   2.768183e-01
  1.201210e+00   2.926851e+00   2.786519e-01
  1.203950e+00   2.784590e+00   2.747376e-01
  1.206680e+00   2.852156e+00   2.709367e-01
  1.209410e+00   2.568611e+00   2.766200e-01
  1.212140e+00   2.758158e+00   2.749865e-01
  1.214880e+00   2.546928e+00   2.747847e-01
  1.217610e+00   2.659015e+00   2.768335e-01
  1.220340e+00   2.575427e+00   2.745759e-01
  1.223070e+00   2.351745e+00   2.758796e-01
  1.225800e+00   2.714292e+00   2.763864e-01
  1.228540e+00   2.658630e+00   4.058680e-01
  1.231270e+00   2.572309e+00   2.206342e-01
  1.236730e+00   2.691838e+00   3.611089e-01
  1.239470e+00   2.194820e+00   3.231759e-01
  1.242200e+00   2.267813e+00   3.191567e-01
  1.244930e+00   2.017941e+00   3.283207e-01
  1.247660e+00   1.845400e+00   3.299222e-01
  1.250400e+00   2.129172e+00   3.312766e-01
  1.253130e+00   2.487507e+00   3.360329e-01
  1.255860e+00   2.093222e+00   3.423700e-01
  1.258590e+00   2.496400e+00   3.449615e-01
  1.261330e+00   2.275936e+00   3.519706e-01
  1.264060e+00   2.266039e+00   3.256292e-01
  1.266790e+00   2.523881e+00   3.103217e-01
  1.269520e+00   2.330923e+00   3.079617e-01
  1.272250e+00   2.407776e+00   3.029164e-01
  1.274990e+00   2.248328e+00   2.966866e-01
  1.277720e+00   1.877304e+00   2.903654e-01
  1.280450e+00   2.090212e+00   2.898421e-01
  1.283180e+00   2.381920e+00   2.888806e-01
  1.285920e+00   1.883856e+00   2.879359e-01
  1.288650e+00   2.104182e+00   2.854625e-01
  1.291380e+00   2.313456e+00   2.874924e-01
  1.294110e+00   2.024171e+00   2.816615e-01
  1.296850e+00   1.845942e+00   2.821652e-01
  1.299580e+00   2.025286e+00   2.758023e-01
  1.302310e+00   1.949136e+00   2.762765e-01
  1.305040e+00   2.037483e+00   2.763949e-01
  1.307770e+00   1.976981e+00   2.740544e-01
  1.310510e+00   1.778097e+00   2.765759e-01
  1.313240e+00   2.188818e+00   2.766476e-01
  1.315970e+00   2.050030e+00   2.739703e-01
  1.318700e+00   2.059535e+00   2.752689e-01
  1.321440e+00   2.209063e+00   2.754877e-01
  1.324170e+00   2.199191e+00   2.763390e-01
  1.326900e+00   2.302640e+00   2.727687e-01
  1.329630e+00   1.837536e+00   2.732612e-01
  1.332370e+00   2.069298e+00   2.738578e-01
  1.335100e+00   2.009869e+00   2.722657e-01
  1.337830e+00   1.966732e+00   2.763956e-01
  1.340560e+00   2.079913e+00   2.740095e-01
  1.343290e+00   2.002900e+00   2.708183e-01
  1.346030e+00   1.896138e+00   2.703186e-01
  1.348760e+00   1.889861e+00   2.737896e-01
  1.351490e+00   1.858697e+00   2.734827e-01
  1.354220e+00   1.964371e+00   2.737972e-01
  1.356960e+00   1.602284e+00   2.726831e-01
  1.359690e+00   1.766153e+00   2.731070e-01
  1.362420e+00   2.041203e+00   2.750430e-01
  1.365150e+00   1.914779e+00   2.737272e-01
  1.367890e+00   1.692105e+00   2.738239e-01
  1.370620e+00   1.655476e+00   2.704202e-01
  1.373350e+00   1.635697e+00   2.689725e-01
  1.376080e+00   1.703290e+00   2.706012e-01
  1.378810e+00   1.917263e+00   2.679863e-01
  1.381550e+00   1.965671e+00   2.670786e-01
  1.384280e+00   1.418386e+00   2.694275e-01
  1.387010e+00   1.542423e+00   2.710818e-01
  1.389740e+00   1.630991e+00   2.727738e-01
  1.392480e+00   1.622671e+00   2.713578e-01
  1.395210e+00   1.760222e+00   2.713155e-01
  1.397940e+00   1.728678e+00   2.698049e-01
  1.400670e+00   1.338889e+00   2.666360e-01
  1.403410e+00   1.411539e+00   2.699372e-01
  1.406140e+00   1.821152e+00   2.685768e-01
  1.408870e+00   1.275537e+00   2.692350e-01
  1.411600e+00   1.287808e+00   2.705791e-01
  1.414330e+00   1.315902e+00   2.657208e-01
  1.417070e+00   1.404373e+00   2.645696e-01
  1.419800e+00   1.662550e+00   2.685652e-01
  1.422530e+00   1.571463e+00   1.418097e-01
  1.425260e+00   1.463188e+00   1.333601e-01
  1.428000e+00   1.434978e+00   1.332612e-01
  1.430730e+00   1.527221e+00   1.345568e-01
  1.433460e+00   1.480834e+00   1.346249e-01
  1.436190e+00   1.367367e+00   1.351510e-01
  1.438930e+00   1.399992e+00   1.356567e-01
  1.441660e+00   1.295276e+00   1.344270e-01
  1.444390e+00   1.613285e+00   1.338633e-01
  1.447120e+00   1.688779e+00   1.349792e-01
  1.449850e+00   1.493713e+00   1.336102e-01
  1.452590e+00   1.563129e+00   1.344653e-01
  1.455320e+00   1.279789e+00   1.334988e-01
  1.458050e+00   1.492800e+00   1.331498e-01
  1.460780e+00   1.379607e+00   1.331429e-01
  1.463520e+00   1.312613e+00   1.338365e-01
  1.466250e+00   1.221019e+00   1.321264e-01
  1.468980e+00   1.276143e+00   1.357441e-01
  1.471710e+00   1.626328e+00   1.344865e-01
  1.474450e+00   1.422551e+00   1.319929e-01
  1.477180e+00   1.394751e+00   1.317649e-01
  1.479910e+00   1.275106e+00   1.308738e-01
  1.482640e+00   1.212006e+00   1.306172e-01
  1.485370e+00   1.264655e+00   1.299077e-01
  1.488110e+00   1.127255e+00   1.300307e-01
  1.490840e+00   1.290796e+00   1.301361e-01
  1.493570e+00   1.142628e+00   1.310995e-01
  1.496300e+00   1.295640e+00   1.313141e-01
  1.499040e+00   1.231219e+00   1.322300e-01
  1.501770e+00   1.300273e+00   1.286905e-01
  1.504500e+00   1.204604e+00   1.305992e-01
  1.507230e+00   1.294241e+00   1.313036e-01
  1.509970e+00   1.388471e+00   1.300998e-01
  1.512700e+00   1.332360e+00   1.299885e-01
  1.515430e+00   1.248235e+00   1.309054e-01
  1.518160e+00   1.373054e+00   1.285191e-01
  1.520890e+00   1.138354e+00   1.292679e-01
  1.523630e+00   9.507624e-01   1.298303e-01
  1.526360e+00   1.212550e+00   1.303994e-01
  1.529090e+00   1.140270e+00   1.302839e-01
  1.531820e+00   1.109001e+00   1.291055e-01
  1.534560e+00   1.268586e+00   1.291838e-01
  1.537290e+00   1.278038e+00   1.313149e-01
  1.540020e+00   1.181961e+00   1.310724e-01
  1.542750e+00   1.203150e+00   1.288351e-01
  1.545490e+00   1.025977e+00   1.287925e-01
  1.548220e+00   1.124705e+00   1.288062e-01
  1.550950e+00   1.087053e+00   1.288604e-01
  1.553680e+00   1.172412e+00   1.286144e-01
  1.556410e+00   1.142258e+00   1.287002e-01
  1.559150e+00   1.041609e+00   1.296932e-01
  1.561880e+00   1.021984e+00   1.292904e-01
  1.564610e+00   1.088246e+00   1.287436e-01
  1.567340e+00   9.583987e-01   1.279708e-01
  1.570080e+00   1.088771e+00   1.297030e-01
  1.572810e+00   1.198082e+00   1.303090e-01
  1.575540e+00   1.087978e+00   1.287876e-01
  1.578270e+00   1.008080e+00   1.265480e-01
  1.581010e+00   9.212952e-01   1.279093e-01
  1.583740e+00   9.458758e-01   1.281883e-01
  1.586470e+00   9.388314e-01   1.285227e-01
  1.589200e+00   1.018273e+00   1.288970e-01
  1.591930e+00   9.533300e-01   1.283139e-01
  1.594670e+00   1.016848e+00   1.391583e-01
  1.597400e+00   1.023410e+00   3.651487e-01
  1.600130e+00   9.389919e-01   3.109165e-02
  1.602860e+00   9.197920e-01   3.108750e-02
  1.605600e+00   9.344562e-01   3.158375e-02
  1.608330e+00   9.141629e-01   3.128273e-02
  1.611060e+00   8.985261e-01   3.102583e-02
  1.613790e+00   9.338240e-01   3.103934e-02
  1.616530e+00   9.123256e-01   3.122097e-02
  1.619260e+00   9.193135e-01   3.115149e-02
  1.621990e+00   9.009040e-01   3.088926e-02
  1.624720e+00   8.744748e-01   3.096054e-02
  1.627450e+00   8.690423e-01   3.084729e-02
  1.630190e+00   8.709570e-01   3.089187e-02
  1.632920e+00   8.550321e-01   3.113596e-02
  1.635650e+00   8.748402e-01   3.089364e-02
  1.638380e+00   8.659978e-01   3.063717e-02
  1.641120e+00   8.460237e-01   3.079962e-02
  1.643850e+00   8.415175e-01   3.048117e-02
  1.646580e+00   8.372592e-01   3.048613e-02
  1.649310e+00   8.357892e-01   3.047663e-02
  1.652050e+00   8.341425e-01   3.044951e-02
  1.654780e+00   8.274941e-01   3.034523e-02
  1.657510e+00   8.105440e-01   3.079701e-02
  1.660240e+00   7.846592e-01   3.063338e-02
  1.662970e+00   8.007111e-01   3.069647e-02
  1.665710e+00   7.994994e-01   3.049647e-02
  1.668440e+00   7.811717e-01   3.000693e-02
  1.671170e+00   7.731808e-01   3.007810e-02
  1.673900e+00   7.741627e-01   3.022076e-02
  1.676640e+00   7.756456e-01   3.044526e-02
  1.679370e+00   7.692338e-01   3.052348e-02
  1.682100e+00   7.791286e-01   3.029259e-02
  1.684830e+00   7.664831e-01   2.999834e-02
  1.687570e+00   7.403228e-01   2.991895e-02
  1.690300e+00   7.608524e-01   3.011009e-02
  1.693030e+00   7.490970e-01   3.001675e-02
  1.695760e+00   7.516011e-01   3.036374e-02
  1.698490e+00   7.360190e-01   3.035462e-02
  1.701230e+00   7.161594e-01   2.994317e-02
  1.703960e+00   7.313618e-01   2.998418e-02
  1.706690e+00   7.236410e-01   2.995993e-02
  1.709420e+00   6.855748e-01   2.989242e-02
  1.712160e+00   6.925071e-01   2.980265e-02
  1.714890e+00   6.934629e-01   2.992607e-02
  1.717620e+00   7.065625e-01   2.991898e-02
  1.720350e+00   6.707512e-01   2.947436e-02
  1.723090e+00   6.583055e-01   2.979205e-02
  1.725820e+00   6.942612e-01   2.988861e-02
  1.728550e+00   6.769335e-01   2.949024e-02
  1.731280e+00   6.852951e-01   2.985211e-02
  1.734010e+00   6.958296e-01   2.980932e-02
  1.736750e+00   6.720347e-01   2.951269e-02
  1.739480e+00   6.452144e-01   2.956953e-02
  1.742210e+00   6.477310e-01   2.949563e-02
  1.744940e+00   6.447160e-01   2.958777e-02
  1.747680e+00   6.650911e-01   2.956066e-02
  1.750410e+00   6.409456e-01   2.933324e-02
  1.753140e+00   6.310628e-01   2.902701e-02
  1.755870e+00   6.002665e-01   2.865975e-02
  1.758610e+00   6.021540e-01   2.917978e-02
  1.761340e+00   6.177910e-01   2.958675e-02
  1.764070e+00   6.462319e-01   2.936710e-02
  1.766800e+00   6.339135e-01   2.938936e-02
  1.769530e+00   6.063426e-01   2.927587e-02
  1.772270e+00   5.806226e-01   2.957339e-02
  1.775000e+00   6.040517e-01   2.952136e-02
  1.777730e+00   5.947166e-01   2.943787e-02
  1.780460e+00   5.941796e-01   2.918428e-02
  1.783200e+00   6.056978e-01   2.891850e-02
  1.785930e+00   5.873678e-01   2.891847e-02
  1.788660e+00   5.911024e-01   2.916673e-02
  1.791390e+00   5.827177e-01   2.883833e-02
  1.794130e+00   5.701506e-01   2.896299e-02
  1.796860e+00   5.986370e-01   2.926374e-02
  1.799590e+00   5.652543e-01   2.923161e-02
  1.802320e+00   5.494904e-01   2.891937e-02
  1.805050e+00   5.717051e-01   2.912286e-02
  1.807790e+00   5.620447e-01   2.920631e-02
  1.810520e+00   5.422686e-01   2.889797e-02
  1.813250e+00   5.643089e-01   2.880018e-02
  1.815980e+00   5.406860e-01   2.852668e-02
  1.818720e+00   5.422415e-01   2.867939e-02
  1.821450e+00   5.643815e-01   2.873823e-02
  1.824180e+00   5.378798e-01   2.887500e-02
  1.826910e+00   5.288063e-01   2.876223e-02
  1.829650e+00   5.294038e-01   2.906110e-02
  1.832380e+00   5.149461e-01   2.882374e-02
  1.835110e+00   5.272573e-01   2.898770e-02
  1.837840e+00   5.175910e-01   2.868641e-02
  1.840570e+00   5.067558e-01   2.865809e-02
  1.843310e+00   5.217584e-01   2.893252e-02
  1.846040e+00   5.227781e-01   2.909018e-02
  1.848770e+00   4.993923e-01   2.866081e-02
  1.851500e+00   5.105485e-01   2.843681e-02
  1.854240e+00   5.253728e-01   2.856041e-02
  1.856970e+00   5.176373e-01   2.885236e-02
  1.859700e+00   5.041198e-01   2.844091e-02
  1.862430e+00   4.935877e-01   2.833884e-02
  1.865170e+00   4.853951e-01   2.860893e-02
  1.867900e+00   4.728091e-01   2.862136e-02
  1.870630e+00   4.701075e-01   2.849548e-02
  1.873360e+00   4.875880e-01   2.798115e-02
  1.876090e+00   4.654563e-01   2.822205e-02
  1.878830e+00   4.425174e-01   2.828170e-02
  1.881560e+00   4.716716e-01   2.829452e-02
  1.884290e+00   4.563406e-01   2.822725e-02
  1.887020e+00   4.408398e-01   2.801859e-02
  1.889760e+00   4.755495e-01   2.799298e-02
  1.892490e+00   4.624495e-01   2.795883e-02
  1.895220e+00   4.517602e-01   2.811986e-02
  1.897950e+00   4.578072e-01   2.793612e-02
  1.900690e+00   4.601895e-01   2.834750e-02
  1.903420e+00   4.541326e-01   2.795104e-02
  1.906150e+00   4.510765e-01   2.802134e-02
  1.908880e+00   4.668105e-01   2.826887e-02
  1.911610e+00   4.522104e-01   2.801555e-02
  1.914350e+00   4.402550e-01   2.820591e-02
  1.917080e+00   4.626607e-01   2.801431e-02
  1.919810e+00   4.722596e-01   2.811742e-02
  1.922540e+00   4.257357e-01   2.775966e-02
  1.925280e+00   4.238124e-01   2.786311e-02
  1.928010e+00   4.317634e-01   2.752411e-02
  1.930740e+00   4.142173e-01   2.784001e-02
  1.933470e+00   4.422422e-01   2.884107e-02
  1.936210e+00   4.638290e-01   2.828244e-02
  1.938940e+00   4.383313e-01   2.777881e-02
  1.941670e+00   4.168424e-01   2.785103e-02
  1.944400e+00   4.223013e-01   2.789883e-02
  1.947130e+00   4.183763e-01   2.789412e-02
  1.949870e+00   4.153828e-01   2.795813e-02
  1.952600e+00   4.048693e-01   2.754111e-02
  1.955330e+00   4.044797e-01   2.768769e-02
  1.958060e+00   4.167102e-01   2.792032e-02
  1.960800e+00   4.191146e-01   2.750697e-02
  1.963530e+00   3.834749e-01   2.757206e-02
  1.966260e+00   3.959965e-01   2.779154e-02
  1.968990e+00   3.746952e-01   2.730812e-02
  1.971730e+00   3.909376e-01   2.771066e-02
  1.974460e+00   3.882517e-01   2.756219e-02
  1.977190e+00   3.969933e-01   2.778335e-02
  1.979920e+00   3.947537e-01   2.750548e-02
  1.982650e+00   4.152970e-01   2.780535e-02
  1.985390e+00   4.189427e-01   2.793454e-02
  1.988120e+00   3.846765e-01   2.760935e-02
  1.990850e+00   3.961013e-01   2.796761e-02
  1.993580e+00   4.054806e-01   2.775505e-02
  1.996320e+00   3.998741e-01   2.763581e-02
  1.999050e+00   4.041423e-01   2.748934e-02
  2.001780e+00   3.742517e-01   2.733113e-02
  2.004510e+00   3.544048e-01   2.727211e-02
  2.007250e+00   3.517726e-01   2.732893e-02
  2.009980e+00   3.725973e-01   2.740030e-02
  2.012710e+00   3.889610e-01   2.752962e-02
  2.015440e+00   3.713446e-01   2.765178e-02
  2.018170e+00   3.652814e-01   2.726519e-02
  2.020910e+00   3.612502e-01   2.719350e-02
  2.023640e+00   3.462704e-01   2.757817e-02
  2.026370e+00   3.780310e-01   2.792651e-02
  2.029100e+00   3.431657e-01   2.767388e-02
  2.031840e+00   3.448217e-01   2.748481e-02
  2.034570e+00   3.794549e-01   2.780669e-02
  2.037300e+00   3.822571e-01   2.750838e-02
  2.040030e+00   3.812989e-01   2.735026e-02
  2.042770e+00   3.768973e-01   2.724265e-02
  2.045500e+00   3.726986e-01   2.716138e-02
  2.048230e+00   3.602506e-01   2.738213e-02
  2.050960e+00   3.592855e-01   2.777008e-02
  2.053690e+00   3.461296e-01   2.744131e-02
  2.056430e+00   3.403950e-01   2.717392e-02
  2.059160e+00   3.444069e-01   2.712067e-02
  2.061890e+00   3.494982e-01   2.732684e-02
  2.064620e+00   3.701261e-01   2.756886e-02
  2.067360e+00   3.394403e-01   2.737762e-02
  2.070090e+00   3.384934e-01   2.713160e-02
  2.072820e+00   3.278945e-01   2.694361e-02
  2.075550e+00   3.386166e-01   2.726629e-02
  2.078290e+00   3.476220e-01   2.748914e-02
  2.081020e+00   3.537192e-01   2.743732e-02
  2.083750e+00   3.528866e-01   2.754557e-02
  2.086480e+00   3.244244e-01   2.737412e-02
  2.089210e+00   3.476350e-01   2.713217e-02
  2.091950e+00   3.416111e-01   2.713017e-02
  2.094680e+00   3.507898e-01   2.716675e-02
  2.097410e+00   3.460040e-01   2.734756e-02
  2.100140e+00   3.442085e-01   2.714363e-02
  2.102880e+00   3.461259e-01   2.714048e-02
  2.105610e+00   3.398848e-01   2.729303e-02
  2.108340e+00   3.420170e-01   2.690903e-02
  2.111070e+00   3.465621e-01   2.696930e-02
  2.113810e+00   3.333185e-01   2.716062e-02
  2.116540e+00   3.333267e-01   2.712678e-02
  2.119270e+00   3.303471e-01   2.709997e-02
  2.122000e+00   3.200161e-01   2.694135e-02
  2.124730e+00   3.303946e-01   2.700617e-02
  2.127470e+00   3.102982e-01   2.709872e-02
  2.130200e+00   3.170256e-01   2.738774e-02
  2.132930e+00   3.237493e-01   2.698149e-02
  2.135660e+00   3.051486e-01   2.650287e-02
  2.138400e+00   3.008636e-01   2.682495e-02
  2.141130e+00   3.102563e-01   2.688202e-02
  2.143860e+00   3.242020e-01   2.697388e-02
  2.146590e+00   3.295444e-01   2.689505e-02
  2.149330e+00   3.401452e-01   2.687802e-02
  2.152060e+00   3.324095e-01   2.702285e-02
  2.154790e+00   3.116922e-01   2.706765e-02
  2.157520e+00   3.277896e-01   2.693663e-02
  2.160250e+00   3.105640e-01   2.687975e-02
  2.162990e+00   2.997345e-01   2.698381e-02
  2.165720e+00   3.201934e-01   2.679977e-02
  2.168450e+00   3.253922e-01   2.672953e-02
  2.171180e+00   3.270986e-01   2.701621e-02
  2.173920e+00   3.262751e-01   2.678296e-02
  2.176650e+00   2.797631e-01   2.663360e-02
  2.179380e+00   2.944582e-01   2.675459e-02
  2.182110e+00   3.023344e-01   2.666835e-02
  2.184850e+00   2.874946e-01   2.648166e-02
  2.187580e+00   3.169678e-01   2.656963e-02
  2.190310e+00   3.204870e-01   2.652082e-02
  2.193040e+00   2.889258e-01   2.635111e-02
  2.195770e+00   3.034357e-01   2.659300e-02
  2.198510e+00   3.197632e-01   2.651694e-02
  2.201240e+00   3.069575e-01   2.670186e-02
  2.203970e+00   3.187654e-01   2.685950e-02
  2.206700e+00   3.183089e-01   2.662381e-02
  2.209440e+00   3.024912e-01   2.673145e-02
  2.212170e+00   2.827025e-01   2.657165e-02
  2.214900e+00   2.699614e-01   2.655484e-02
  2.217630e+00   2.980850e-01   2.641111e-02
  2.220370e+00   2.952896e-01   2.675470e-02
  2.223100e+00   2.864372e-01   2.648177e-02
  2.225830e+00   3.092569e-01   2.647484e-02
  2.228560e+00   3.023440e-01   2.684516e-02
  2.231290e+00   3.067397e-01   2.690089e-02
  2.234030e+00   3.101283e-01   2.672232e-02
  2.236760e+00   3.011164e-01   2.651201e-02
  2.239490e+00   2.780322e-01   2.617867e-02
  2.242220e+00   2.978491e-01   2.617776e-02
  2.244960e+00   2.731512e-01   2.663568e-02
  2.247690e+00   2.795454e-01   2.651475e-02
  2.250420e+00   2.791514e-01   2.686342e-02
  2.253150e+00   2.721664e-01   2.672757e-02
  2.255890e+00   2.983965e-01   2.682507e-02
  2.258620e+00   3.036875e-01   2.665039e-02
  2.261350e+00   2.780274e-01   2.621106e-02
  2.264080e+00   2.940925e-01   2.674068e-02
  2.266810e+00   2.743183e-01   2.627801e-02
  2.269550e+00   2.738529e-01   2.631883e-02
  2.272280e+00   2.853198e-01   2.619264e-02
  2.275010e+00   2.975982e-01   2.644279e-02
  2.277740e+00   2.901119e-01   2.649221e-02
  2.280480e+00   2.897808e-01   2.682231e-02
  2.283210e+00   2.432518e-01   2.655652e-02
  2.285940e+00   2.682020e-01   2.658086e-02
  2.288670e+00   2.711689e-01   2.626200e-02
  2.291410e+00   2.718712e-01   2.655196e-02
  2.294140e+00   2.791980e-01   2.642121e-02
  2.296870e+00   2.936105e-01   2.649481e-02
  2.299600e+00   2.789225e-01   2.643309e-02
  2.302330e+00   2.609273e-01   2.637513e-02
  2.305070e+00   2.777228e-01   2.655435e-02
  2.307800e+00   2.808013e-01   2.619655e-02
  2.310530e+00   2.902683e-01   2.621762e-02
  2.313260e+00   2.678081e-01   2.591650e-02
  2.316000e+00   2.863342e-01   2.633074e-02
  2.318730e+00   2.789713e-01   2.619758e-02
  2.321460e+00   2.763687e-01   2.585571e-02
  2.324190e+00   2.752951e-01   2.611083e-02
  2.326930e+00   2.691668e-01   2.622503e-02
  2.329660e+00   2.582514e-01   2.611310e-02
  2.332390e+00   2.825300e-01   2.634234e-02
  2.335120e+00   2.770164e-01   2.627675e-02
  2.337850e+00   2.608721e-01   2.629709e-02
  2.340590e+00   2.595577e-01   2.609684e-02
  2.343320e+00   2.746274e-01   2.610257e-02
  2.346050e+00   2.768840e-01   2.606476e-02
  2.348780e+00   2.629255e-01   2.629976e-02
  2.351520e+00   2.601741e-01   2.632616e-02
  2.354250e+00   2.335039e-01   2.569965e-02
  2.356980e+00   2.528279e-01   2.588122e-02
  2.359710e+00   2.603699e-01   2.566741e-02
  2.362450e+00   2.428757e-01   2.566830e-02
  2.365180e+00   2.528586e-01   2.583243e-02
  2.367910e+00   2.789350e-01   2.614400e-02
  2.370640e+00   2.658183e-01   2.630843e-02
  2.373370e+00   2.538856e-01   2.600389e-02
  2.376110e+00   2.720094e-01   2.607257e-02
  2.378840e+00   2.726457e-01   2.580645e-02
  2.381570e+00   2.586279e-01   2.580018e-02
  2.384300e+00   2.561850e-01   2.599163e-02
  2.387040e+00   2.354652e-01   2.601816e-02
  2.389770e+00   2.349408e-01   2.617417e-02
  2.392500e+00   2.375230e-01   2.603426e-02
  2.395230e+00   2.544189e-01   2.603320e-02
  2.397970e+00   2.675344e-01   2.585907e-02
  2.400700e+00   2.483373e-01   2.574022e-02
  2.403430e+00   2.407881e-01   2.594984e-02
  2.406160e+00   2.447642e-01   2.598203e-02
  2.408890e+00   2.511104e-01   2.551203e-02
  2.411630e+00   2.887572e-01   2.597778e-02
  2.414360e+00   2.506650e-01   2.593524e-02
  2.417090e+00   2.682950e-01   2.592769e-02
  2.419820e+00   2.619012e-01   2.565483e-02
  2.422560e+00   2.423828e-01   2.569963e-02
  2.425290e+00   2.533714e-01   2.594696e-02
  2.428020e+00   2.599229e-01   2.562552e-02
  2.430750e+00   2.601173e-01   2.559067e-02
  2.433490e+00   2.457649e-01   2.599987e-02
  2.436220e+00   2.510930e-01   2.593783e-02
  2.438950e+00   2.678000e-01   2.551400e-02
  2.441680e+00   2.627443e-01   2.576664e-02
  2.444410e+00   2.414952e-01   2.556390e-02
  2.447150e+00   2.342692e-01   2.568374e-02
  2.449880e+00   2.525591e-01   2.610525e-02
  2.452610e+00   2.576332e-01   2.678408e-02
  2.455340e+00   2.666387e-01   2.625374e-02
  2.458080e+00   2.397291e-01   2.598056e-02
  2.460810e+00   2.496132e-01   2.598242e-02
  2.463540e+00   2.382915e-01   2.563533e-02
  2.466270e+00   2.383070e-01   2.563102e-02
  2.469010e+00   2.267427e-01   2.581990e-02
  2.471740e+00   2.649549e-01   2.599439e-02
  2.474470e+00   2.530105e-01   2.584956e-02
  2.477200e+00   2.375903e-01   2.552746e-02
  2.479930e+00   2.253972e-01   2.542890e-02
  2.482670e+00   2.441812e-01   2.549893e-02
  2.485400e+00   2.283499e-01   2.568547e-02
  2.488130e+00   2.216094e-01   2.572911e-02
  2.490860e+00   2.267362e-01   2.555907e-02
  2.493600e+00   2.322549e-01   2.580277e-02
  2.496330e+00   2.480855e-01   2.588431e-02
  2.499060e+00   2.317580e-01   2.584458e-02
  2.501790e+00   2.313943e-01   2.562384e-02
  2.504530e+00   2.111382e-01   2.559427e-02
  2.507260e+00   2.390585e-01   2.571373e-02
  2.509990e+00   2.341716e-01   2.553002e-02
  2.512720e+00   2.291044e-01   2.552060e-02
  2.515450e+00   2.376521e-01   2.542639e-02
  2.518190e+00   2.327956e-01   2.539067e-02
  2.520920e+00   2.118475e-01   2.553741e-02
  2.523650e+00   2.154014e-01   2.563359e-02
  2.526380e+00   2.399485e-01   2.536914e-02
  2.529120e+00   2.454028e-01   2.556588e-02
  2.531850e+00   2.253189e-01   2.559742e-02
  2.534580e+00   2.492714e-01   2.538706e-02
  2.537310e+00   2.332053e-01   2.533478e-02
  2.540050e+00   2.313732e-01   2.551773e-02
  2.542780e+00   2.205687e-01   2.563749e-02
  2.545510e+00   2.192900e-01   2.538697e-02
  2.548240e+00   2.165070e-01   2.553692e-02
  2.550970e+00   2.094358e-01   2.548566e-02
  2.553710e+00   2.154129e-01   2.561965e-02
  2.556440e+00   2.127678e-01   2.534811e-02
  2.559170e+00   2.248568e-01   2.519736e-02
  2.561900e+00   2.033095e-01   2.523622e-02
  2.564640e+00   2.300143e-01   2.545691e-02
  2.567370e+00   2.443853e-01   2.539003e-02
  2.570100e+00   2.199840e-01   2.506218e-02
  2.572830e+00   2.118439e-01   2.515062e-02
  2.575570e+00   2.036400e-01   2.525103e-02
  2.578300e+00   2.090003e-01   2.572509e-02
  2.581030e+00   2.009144e-01   2.842326e-02
  2.583760e+00   2.086839e-01   2.988828e-02
  2.586490e+00   2.015364e-01   3.019820e-02
  2.589230e+00   1.950650e-01   3.106581e-02
  2.591960e+00   2.188290e-01   3.260695e-02
  2.594690e+00   2.056690e-01   3.362395e-02
  2.597420e+00   1.824039e-01   3.484843e-02
  2.600160e+00   1.614009e-01   3.595620e-02
  2.602890e+00   1.738628e-01   3.660976e-02
  2.605620e+00   2.134324e-01   3.735612e-02
  2.608350e+00   2.353166e-01   3.808405e-02
  2.611090e+00   2.289885e-01   3.829297e-02
  2.613820e+00   2.250498e-01   3.264190e-02
  2.616550e+00   2.179267e-01   3.054541e-02
  2.619280e+00   2.226243e-01   2.940411e-02
  2.622010e+00   2.239979e-01   2.885102e-02
  2.624750e+00   1.959717e-01   2.857832e-02
  2.627480e+00   1.898152e-01   2.797147e-02
  2.630210e+00   2.117428e-01   2.798291e-02
  2.632940e+00   2.053227e-01   2.773864e-02
  2.635680e+00   1.974214e-01   2.734818e-02
  2.638410e+00   2.160978e-01   2.750742e-02
  2.641140e+00   2.151344e-01   2.756931e-02
  2.643870e+00   2.010557e-01   2.716075e-02
  2.646610e+00   2.032706e-01   2.702792e-02
  2.649340e+00   2.138973e-01   2.732444e-02
  2.652070e+00   2.091462e-01   2.701569e-02
  2.654800e+00   2.055793e-01   2.703154e-02
  2.657530e+00   2.006053e-01   2.672879e-02
  2.660270e+00   2.112208e-01   2.686910e-02
  2.663000e+00   2.130783e-01   2.720185e-02
  2.665730e+00   2.082421e-01   2.760429e-02
  2.668460e+00   1.974627e-01   2.721692e-02
  2.671200e+00   1.858494e-01   2.664363e-02
  2.673930e+00   2.042866e-01   2.690639e-02
  2.676660e+00   2.167238e-01   2.689886e-02
  2.679390e+00   1.998228e-01   2.674490e-02
  2.682130e+00   2.070827e-01   2.659668e-02
  2.684860e+00   1.867352e-01   2.671736e-02
  2.687590e+00   2.049331e-01   2.666833e-02
  2.690320e+00   1.847043e-01   2.650405e-02
  2.693050e+00   1.890800e-01   2.632212e-02
  2.695790e+00   1.869730e-01   2.648025e-02
  2.698520e+00   1.663358e-01   2.665305e-02
  2.701250e+00   1.826896e-01   2.656254e-02
  2.703980e+00   1.754901e-01   2.593550e-02
  2.706720e+00   1.983780e-01   2.592614e-02
  2.709450e+00   2.093263e-01   2.591734e-02
  2.712180e+00   2.013469e-01   2.580943e-02
  2.714910e+00   1.733269e-01   2.535312e-02
  2.717650e+00   1.819256e-01   2.562929e-02
  2.720380e+00   1.991401e-01   2.556556e-02
  2.723110e+00   1.882552e-01   2.552635e-02
  2.725840e+00   2.043576e-01   2.568483e-02
  2.728570e+00   1.880953e-01   2.511225e-02
  2.731310e+00   1.871325e-01   2.516946e-02
  2.734040e+00   2.241593e-01   2.522178e-02
  2.736770e+00   2.210672e-01   2.529691e-02
  2.739500e+00   1.958599e-01   2.511152e-02
  2.742240e+00   2.005194e-01   2.488507e-02
  2.744970e+00   2.077366e-01   2.526257e-02
  2.747700e+00   1.874612e-01   2.536253e-02
  2.750430e+00   2.009216e-01   2.550608e-02
  2.753170e+00   1.752376e-01   2.513240e-02
  2.755900e+00   1.903416e-01   2.539205e-02
  2.758630e+00   2.095721e-01   2.568375e-02
  2.761360e+00   2.065912e-01   2.542132e-02
  2.764090e+00   2.049161e-01   2.508918e-02
  2.766830e+00   1.751682e-01   2.532675e-02
  2.769560e+00   1.969470e-01   2.525432e-02
  2.772290e+00   1.906591e-01   2.501428e-02
  2.775020e+00   1.945541e-01   2.504636e-02
  2.777760e+00   1.910504e-01   2.486975e-02
  2.780490e+00   1.940210e-01   2.510272e-02
  2.783220e+00   1.902831e-01   2.499068e-02
  2.785950e+00   1.967578e-01   2.495925e-02
  2.788690e+00   1.780540e-01   2.483637e-02
  2.791420e+00   1.921427e-01   2.487623e-02
  2.794150e+00   1.859657e-01   2.503100e-02
  2.796880e+00   1.721660e-01   2.483878e-02
  2.799610e+00   1.792867e-01   2.467636e-02
  2.802350e+00   1.809882e-01   2.491661e-02
  2.805080e+00   1.807856e-01   2.471863e-02
  2.807810e+00   1.657366e-01   2.473713e-02
  2.810540e+00   1.794963e-01   2.473628e-02
  2.813280e+00   1.715327e-01   2.471621e-02
  2.816010e+00   1.868815e-01   2.515507e-02
  2.818740e+00   1.893307e-01   2.503231e-02
  2.821470e+00   1.732695e-01   2.497165e-02
  2.824210e+00   1.619931e-01   2.500934e-02
  2.826940e+00   1.819703e-01   2.515599e-02
  2.829670e+00   1.712039e-01   2.480741e-02
  2.832400e+00   1.834393e-01   2.487837e-02
  2.835130e+00   1.783145e-01   2.477442e-02
  2.837870e+00   1.707123e-01   2.468923e-02
  2.840600e+00   1.894733e-01   2.504327e-02
  2.843330e+00   1.705136e-01   2.494459e-02
  2.846060e+00   1.806329e-01   2.463468e-02
  2.848800e+00   1.539579e-01   2.446729e-02
  2.851530e+00   1.893995e-01   2.463955e-02
  2.854260e+00   1.877132e-01   2.487971e-02
  2.856990e+00   1.924310e-01   2.473460e-02
  2.859730e+00   1.732830e-01   2.463353e-02
  2.862460e+00   1.602995e-01   2.453789e-02
  2.865190e+00   1.757544e-01   2.449852e-02
  2.867920e+00   1.516391e-01   2.474628e-02
  2.870650e+00   1.626964e-01   2.435266e-02
  2.873390e+00   1.695289e-01   2.458707e-02
  2.876120e+00   1.935800e-01   2.494552e-02
  2.878850e+00   1.735083e-01   2.503526e-02
  2.881580e+00   1.764374e-01   2.481293e-02
  2.884320e+00   1.853722e-01   2.461265e-02
  2.887050e+00   1.788005e-01   2.445001e-02
  2.889780e+00   1.845036e-01   2.475103e-02
  2.892510e+00   1.891780e-01   2.490839e-02
  2.895250e+00   1.835453e-01   2.481763e-02
  2.897980e+00   1.907485e-01   2.447537e-02
  2.900710e+00   1.717705e-01   2.446304e-02
  2.903440e+00   1.537259e-01   2.464220e-02
  2.906170e+00   1.534669e-01   2.471959e-02
  2.908910e+00   1.675610e-01   2.463745e-02
  2.911640e+00   1.858315e-01   2.473975e-02
  2.914370e+00   1.734436e-01   2.454744e-02
  2.917100e+00   1.477939e-01   2.449538e-02
  2.919840e+00   1.686441e-01   2.483188e-02
  2.922570e+00   1.667280e-01   2.461078e-02
  2.925300e+00   1.733472e-01   2.418606e-02
  2.928030e+00   1.782235e-01   2.425040e-02
  2.930770e+00   1.660638e-01   2.469536e-02
  2.933500e+00   1.670795e-01   2.476248e-02
  2.936230e+00   1.605827e-01   2.447478e-02
  2.938960e+00   1.754704e-01   2.456539e-02
  2.941690e+00   1.755770e-01   2.451578e-02
  2.944430e+00   1.631256e-01   2.454718e-02
  2.947160e+00   1.595015e-01   2.453681e-02
  2.949890e+00   1.430470e-01   2.449073e-02
  2.952620e+00   1.592963e-01   2.422188e-02
  2.955360e+00   1.515805e-01   2.441426e-02
  2.958090e+00   1.899013e-01   2.461794e-02
  2.960820e+00   1.856161e-01   2.457670e-02
  2.963550e+00   1.601674e-01   2.453904e-02
  2.966290e+00   1.283640e-01   2.445014e-02
  2.969020e+00   1.320544e-01   2.444575e-02
  2.971750e+00   1.648801e-01   2.451101e-02
  2.974480e+00   1.657532e-01   2.445197e-02
  2.977210e+00   1.669411e-01   2.431391e-02
  2.979950e+00   1.573292e-01   2.430846e-02
  2.982680e+00   1.712194e-01   2.465946e-02
  2.985410e+00   1.795704e-01   2.451567e-02
  2.988140e+00   1.761034e-01   2.456947e-02
  2.990880e+00   1.615121e-01   2.423169e-02
  2.993610e+00   1.598852e-01   2.421171e-02
  2.996340e+00   1.618114e-01   2.436845e-02
  2.999070e+00   1.399912e-01   2.418259e-02
  3.001810e+00   1.621363e-01   2.436138e-02
  3.004540e+00   1.595862e-01   2.430620e-02
  3.007270e+00   1.458621e-01   2.446519e-02
  3.010000e+00   1.502998e-01   2.447725e-02
  3.012730e+00   1.576578e-01   2.451272e-02
  3.015470e+00   1.510393e-01   2.452364e-02
  3.018200e+00   1.572944e-01   2.416717e-02
  3.020930e+00   1.638386e-01   2.457235e-02
  3.023660e+00   1.766801e-01   2.461015e-02
  3.026400e+00   1.578434e-01   2.420511e-02
  3.029130e+00   1.467658e-01   2.417343e-02
  3.031860e+00   1.629984e-01   2.465412e-02
  3.034590e+00   1.554686e-01   2.442065e-02
  3.037330e+00   1.554726e-01   2.443822e-02
  3.040060e+00   1.686432e-01   2.430486e-02
  3.042790e+00   1.603437e-01   2.438874e-02
  3.045520e+00   1.617028e-01   2.416673e-02
  3.048250e+00   1.601133e-01   2.415506e-02
  3.050990e+00   1.457984e-01   2.402785e-02
  3.053720e+00   1.588088e-01   2.430896e-02
  3.056450e+00   1.711588e-01   2.422882e-02
  3.059180e+00   1.844549e-01   2.418661e-02
  3.061920e+00   1.625010e-01   2.401702e-02
  3.064650e+00   1.523711e-01   2.419804e-02
  3.067380e+00   1.678283e-01   2.419420e-02
  3.070110e+00   1.634904e-01   2.395549e-02
  3.072850e+00   1.660883e-01   2.425809e-02
  3.075580e+00   1.858601e-01   2.416677e-02
  3.078310e+00   1.633401e-01   2.398469e-02
  3.081040e+00   1.533661e-01   2.464083e-02
  3.083770e+00   1.724468e-01   2.446494e-02
  3.086510e+00   1.611579e-01   2.439929e-02
  3.089240e+00   1.381498e-01   2.419501e-02
  3.091970e+00   1.663077e-01   2.428219e-02
  3.094700e+00   1.510133e-01   2.414956e-02
  3.097440e+00   1.652302e-01   2.425081e-02
  3.100170e+00   1.599363e-01   2.426667e-02
  3.102900e+00   1.765008e-01   2.418277e-02
  3.105630e+00   1.736502e-01   2.404577e-02
  3.108370e+00   1.801343e-01   2.397555e-02
  3.111100e+00   1.745756e-01   2.391313e-02
  3.113830e+00   1.496147e-01   2.390147e-02
  3.116560e+00   1.477289e-01   2.435456e-02
  3.119290e+00   1.855109e-01   2.438153e-02
  3.122030e+00   1.592940e-01   2.406917e-02
  3.124760e+00   1.679677e-01   2.403390e-02
  3.127490e+00   1.775586e-01   2.391305e-02
  3.130220e+00   1.697247e-01   2.419278e-02
  3.132960e+00   1.517485e-01   2.429492e-02
  3.135690e+00   1.657017e-01   2.430986e-02
  3.138420e+00   1.699606e-01   2.423102e-02
  3.141150e+00   1.487884e-01   2.385142e-02
  3.143890e+00   1.756267e-01   2.372079e-02
  3.146620e+00   1.865400e-01   2.405200e-02
  3.149350e+00   1.672861e-01   2.385142e-02
  3.152080e+00   1.741932e-01   2.403412e-02
  3.154810e+00   1.583892e-01   2.389116e-02
  3.157550e+00   1.673759e-01   2.425836e-02
  3.160280e+00   1.759429e-01   2.423835e-02
  3.163010e+00   1.781966e-01   2.450305e-02
  3.165740e+00   1.806458e-01   2.407450e-02
  3.168480e+00   1.841944e-01   2.392388e-02
  3.171210e+00   1.775167e-01   2.400715e-02
  3.173940e+00   1.786317e-01   2.403332e-02
  3.176670e+00   1.665175e-01   2.401627e-02
  3.179410e+00   1.676371e-01   2.423153e-02
  3.182140e+00   1.621352e-01   2.416521e-02
  3.184870e+00   1.438745e-01   2.381288e-02
  3.187600e+00   1.550789e-01   2.381124e-02
  3.190330e+00   1.507887e-01   2.379424e-02
  3.193070e+00   1.583579e-01   2.382017e-02
  3.195800e+00   1.415836e-01   2.368885e-02
  3.198530e+00   1.490335e-01   2.400226e-02
  3.201260e+00   1.745442e-01   2.404752e-02
  3.204000e+00   1.746515e-01   2.396876e-02
  3.206730e+00   1.520660e-01   2.419298e-02
  3.209460e+00   1.663502e-01   2.402006e-02
  3.212190e+00   1.824542e-01   2.377388e-02
  3.214930e+00   1.710746e-01   2.366314e-02
  3.217660e+00   1.683361e-01   2.397664e-02
  3.220390e+00   1.647594e-01   2.397619e-02
  3.223120e+00   1.508561e-01   2.383835e-02
  3.225850e+00   1.589201e-01   2.358198e-02
  3.228590e+00   1.671803e-01   2.383167e-02
  3.231320e+00   1.938891e-01   2.391997e-02
  3.234050e+00   1.609075e-01   2.364764e-02
  3.236780e+00   1.539005e-01   2.354776e-02
  3.239520e+00   1.595579e-01   2.395148e-02
  3.242250e+00   1.692968e-01   2.389192e-02
  3.244980e+00   1.500537e-01   2.373203e-02
  3.247710e+00   1.632948e-01   2.393898e-02
  3.250450e+00   1.622524e-01   2.422483e-02
  3.253180e+00   1.579319e-01   2.425735e-02
  3.255910e+00   1.575972e-01   2.390864e-02
  3.258640e+00   1.547322e-01   2.401809e-02
  3.261370e+00   1.650468e-01   2.364921e-02
  3.264110e+00   1.763040e-01   2.362139e-02
  3.266840e+00   1.688611e-01   2.355622e-02
  3.269570e+00   1.771433e-01   2.382179e-02
  3.272300e+00   1.765766e-01   2.352521e-02
  3.275040e+00   1.641379e-01   2.375588e-02
  3.277770e+00   1.692640e-01   2.390580e-02
  3.280500e+00   1.656663e-01   2.428323e-02
  3.283230e+00   1.674655e-01   2.387767e-02
  3.285970e+00   1.653091e-01   2.363517e-02
  3.288700e+00   1.656862e-01   2.381416e-02
  3.291430e+00   1.543664e-01   2.367676e-02
  3.294160e+00   1.522608e-01   2.377535e-02
  3.296890e+00   1.827315e-01   2.370917e-02
  3.299630e+00   1.534885e-01   2.326071e-02
  3.302360e+00   1.464977e-01   2.347860e-02
  3.305090e+00   1.686939e-01   2.381841e-02
  3.307820e+00   1.580296e-01   2.357958e-02
  3.310560e+00   1.730020e-01   2.367985e-02
  3.313290e+00   1.676256e-01   2.379147e-02
  3.316020e+00   1.627870e-01   2.380421e-02
  3.318750e+00   1.724344e-01   2.368209e-02
  3.321490e+00   1.768227e-01   2.375884e-02
  3.324220e+00   1.627360e-01   2.353766e-02
  3.326950e+00   1.499466e-01   2.372350e-02
  3.329680e+00   1.576241e-01   2.364651e-02
  3.332410e+00   1.621512e-01   2.371637e-02
  3.335150e+00   1.726180e-01   2.371852e-02
  3.337880e+00   1.875475e-01   2.373774e-02
  3.340610e+00   1.931030e-01   2.356683e-02
  3.343340e+00   1.986068e-01   2.383908e-02
  3.346080e+00   1.762079e-01   2.385828e-02
  3.348810e+00   1.765385e-01   2.362858e-02
  3.351540e+00   1.671904e-01   2.336724e-02
  3.354270e+00   1.741091e-01   2.355453e-02
  3.357010e+00   1.677783e-01   2.353964e-02
  3.359740e+00   1.692942e-01   2.363411e-02
  3.362470e+00   1.804777e-01   2.380056e-02
  3.365200e+00   1.628705e-01   2.365081e-02
  3.367930e+00   1.418337e-01   2.355187e-02
  3.370670e+00   1.538083e-01   2.377795e-02
  3.373400e+00   1.830223e-01   2.377334e-02
  3.376130e+00   1.905029e-01   2.367107e-02
  3.378860e+00   1.800358e-01   2.378239e-02
  3.381600e+00   1.820356e-01   2.363208e-02
  3.384330e+00   1.685798e-01   2.339461e-02
  3.387060e+00   1.655466e-01   2.373272e-02
  3.389790e+00   1.836369e-01   2.345631e-02
  3.392530e+00   1.783660e-01   2.369343e-02
  3.395260e+00   1.863815e-01   2.361288e-02
  3.397990e+00   1.854980e-01   2.371190e-02
  3.400720e+00   1.762412e-01   2.343929e-02
  3.403450e+00   1.583173e-01   2.328076e-02
  3.406190e+00   1.695680e-01   2.359973e-02
  3.408920e+00   1.575394e-01   2.342930e-02
  3.411650e+00   1.505820e-01   2.375978e-02
  3.414380e+00   1.511798e-01   2.345923e-02
  3.417120e+00   1.807106e-01   2.357026e-02
  3.419850e+00   1.789814e-01   2.347000e-02
  3.422580e+00   1.800229e-01   2.339128e-02
  3.425310e+00   1.696938e-01   2.336097e-02
  3.428050e+00   1.712848e-01   2.362695e-02
  3.430780e+00   1.709302e-01   2.371093e-02
  3.433510e+00   1.685979e-01   2.333154e-02
  3.436240e+00   1.555937e-01   2.342725e-02
  3.438970e+00   1.463734e-01   2.342921e-02
  3.441710e+00   1.704965e-01   2.354149e-02
  3.444440e+00   1.567359e-01   2.340970e-02
  3.447170e+00   1.630097e-01   2.368319e-02
  3.449900e+00   1.804356e-01   2.349082e-02
  3.452640e+00   1.729638e-01   2.402125e-02
  3.455370e+00   1.640200e-01   2.357049e-02
  3.458100e+00   1.646618e-01   2.342936e-02
  3.460830e+00   1.689804e-01   2.342247e-02
  3.463570e+00   1.760006e-01   2.343917e-02
  3.466300e+00   1.508400e-01   2.369585e-02
  3.469030e+00   1.712566e-01   2.359923e-02
  3.471760e+00   1.797532e-01   2.375216e-02
  3.474490e+00   1.817986e-01   2.330490e-02
  3.477230e+00   1.651144e-01   2.328262e-02
  3.479960e+00   1.736733e-01   2.341562e-02
  3.482690e+00   1.708570e-01   2.348874e-02
  3.485420e+00   1.629275e-01   2.313097e-02
  3.488160e+00   1.719599e-01   2.337723e-02
  3.490890e+00   1.747896e-01   2.334182e-02
  3.493620e+00   1.773659e-01   2.349500e-02
  3.496350e+00   1.449182e-01   2.316617e-02
  3.499090e+00   1.715826e-01   2.341040e-02
  3.501820e+00   1.770067e-01   2.323776e-02
  3.504550e+00   1.650144e-01   2.328674e-02
  3.507280e+00   1.820900e-01   2.331554e-02
  3.510010e+00   1.694569e-01   2.345878e-02
  3.512750e+00   1.711102e-01   2.392959e-02
  3.515480e+00   1.658783e-01   2.354686e-02
  3.518210e+00   1.574079e-01   2.359874e-02
  3.520940e+00   1.767784e-01   2.340687e-02
  3.523680e+00   1.686909e-01   2.316329e-02
  3.526410e+00   1.760513e-01   2.352703e-02
  3.529140e+00   1.765332e-01   2.375208e-02
  3.531870e+00   1.731971e-01   2.327861e-02
  3.534610e+00   1.507749e-01   2.318464e-02
  3.537340e+00   1.682718e-01   2.319117e-02
  3.540070e+00   1.778996e-01   2.333986e-02
  3.542800e+00   2.004587e-01   2.322924e-02
  3.545530e+00   1.943074e-01   2.321434e-02
  3.548270e+00   1.748868e-01   2.344558e-02
  3.551000e+00   1.919095e-01   2.345298e-02
  3.553730e+00   1.677743e-01   2.363613e-02
  3.556460e+00   1.822370e-01   2.351512e-02
  3.559200e+00   1.637823e-01   2.317352e-02
  3.561930e+00   1.735371e-01   2.338850e-02
  3.564660e+00   1.739014e-01   2.310449e-02
  3.567390e+00   1.695341e-01   2.297625e-02
  3.570130e+00   1.639193e-01   2.319798e-02
  3.572860e+00   1.670323e-01   2.337486e-02
  3.575590e+00   1.590133e-01   2.341182e-02
  3.578320e+00   1.679936e-01   2.318815e-02
  3.581050e+00   1.631400e-01   2.337961e-02
  3.583790e+00   1.755756e-01   2.319351e-02
  3.586520e+00   1.855914e-01   2.339843e-02
  3.589250e+00   1.698453e-01   2.333216e-02
  3.591980e+00   1.653098e-01   2.314811e-02
  3.594720e+00   1.858068e-01   2.297894e-02
  3.597450e+00   1.689162e-01   2.330686e-02
  3.600180e+00   1.594399e-01   2.312050e-02
  3.602910e+00   1.538611e-01   2.309399e-02
  3.605650e+00   1.660504e-01   2.345936e-02
  3.608380e+00   1.746301e-01   2.342693e-02
  3.611110e+00   1.630650e-01   2.299547e-02
  3.613840e+00   1.845161e-01   2.326947e-02
  3.616570e+00   1.797490e-01   2.336989e-02
  3.619310e+00   1.786714e-01   2.327364e-02
  3.622040e+00   1.685900e-01   2.343671e-02
  3.624770e+00   1.766063e-01   2.340321e-02
  3.627500e+00   1.472889e-01   2.331883e-02
  3.630240e+00   1.486650e-01   2.312662e-02
  3.632970e+00   1.829353e-01   2.318430e-02
  3.635700e+00   1.590912e-01   2.337995e-02
  3.638430e+00   1.659291e-01   2.310618e-02
  3.641170e+00   1.674840e-01   2.330596e-02
  3.643900e+00   1.544518e-01   2.304555e-02
  3.646630e+00   1.546870e-01   2.327195e-02
  3.649360e+00   1.695158e-01   2.347755e-02
  3.652090e+00   1.719132e-01   2.300345e-02
  3.654830e+00   1.701784e-01   2.336822e-02
  3.657560e+00   1.631675e-01   2.336603e-02
  3.660290e+00   1.665235e-01   2.348555e-02
  3.663020e+00   1.788341e-01   2.305379e-02
  3.665760e+00   1.568086e-01   2.322603e-02
  3.668490e+00   1.827241e-01   2.315378e-02
  3.671220e+00   1.633319e-01   2.311381e-02
  3.673950e+00   1.801236e-01   2.317047e-02
  3.676690e+00   1.705004e-01   2.360724e-02
  3.679420e+00   1.806057e-01   2.327081e-02
  3.682150e+00   1.844079e-01   2.337307e-02
  3.684880e+00   1.447063e-01   2.297634e-02
  3.687610e+00   1.647051e-01   2.314267e-02
  3.690350e+00   1.779825e-01   2.327717e-02
  3.693080e+00   1.536333e-01   2.300235e-02
  3.695810e+00   1.609587e-01   2.303468e-02
  3.698540e+00   1.745459e-01   2.315984e-02
  3.701280e+00   1.722260e-01   2.330035e-02
  3.704010e+00   1.606800e-01   2.353059e-02
  3.706740e+00   1.625820e-01   2.332357e-02
  3.709470e+00   1.569250e-01   2.316260e-02
  3.712210e+00   1.752675e-01   2.312205e-02
  3.714940e+00   1.643906e-01   2.346226e-02
  3.717670e+00   1.614068e-01   2.301284e-02
  3.720400e+00   1.624548e-01   2.305802e-02
  3.723130e+00   1.636571e-01   2.292704e-02
  3.725870e+00   1.733776e-01   2.316868e-02
  3.728600e+00   1.798179e-01   2.327769e-02
  3.731330e+00   1.829737e-01   2.303140e-02
  3.734060e+00   1.575693e-01   2.287557e-02
  3.736800e+00   1.614711e-01   2.305298e-02
  3.739530e+00   1.695449e-01   2.264413e-02
  3.742260e+00   1.639974e-01   2.296076e-02
  3.744990e+00   1.695044e-01   2.314914e-02
  3.747730e+00   1.729103e-01   2.321033e-02
  3.750460e+00   1.905580e-01   2.332842e-02
  3.753190e+00   1.661941e-01   2.314889e-02
  3.755920e+00   1.673981e-01   2.318011e-02
  3.758650e+00   1.593855e-01   2.298455e-02
  3.761390e+00   1.633948e-01   2.320986e-02
  3.764120e+00   1.569502e-01   2.328720e-02
  3.766850e+00   1.443269e-01   2.322566e-02
  3.769580e+00   1.533063e-01   2.278006e-02
  3.772320e+00   1.597478e-01   2.284682e-02
  3.775050e+00   1.616157e-01   2.300643e-02
  3.777780e+00   1.695275e-01   2.298392e-02
  3.780510e+00   1.675932e-01   2.295098e-02
  3.783250e+00   1.472493e-01   2.296632e-02
  3.785980e+00   1.584653e-01   2.316487e-02
  3.788710e+00   1.628233e-01   2.301109e-02
  3.791440e+00   1.768547e-01   2.288850e-02
  3.794170e+00   1.417183e-01   2.274481e-02
  3.796910e+00   1.577790e-01   2.288647e-02
  3.799640e+00   1.745525e-01   2.309369e-02
  3.802370e+00   1.337601e-01   2.257902e-02
  3.805100e+00   1.327872e-01   2.255887e-02
  3.807840e+00   1.305903e-01   2.261725e-02
  3.810570e+00   1.565753e-01   2.315458e-02
  3.813300e+00   1.566723e-01   2.321810e-02
  3.816030e+00   1.560216e-01   2.317474e-02
  3.818770e+00   1.622091e-01   2.316409e-02
  3.821500e+00   1.568108e-01   2.325598e-02
  3.824230e+00   1.748029e-01   2.335551e-02
  3.826960e+00   1.617158e-01   2.322013e-02
  3.829690e+00   1.674289e-01   2.295864e-02
  3.832430e+00   1.503963e-01   2.305358e-02
  3.835160e+00   1.686583e-01   2.297103e-02
  3.837890e+00   1.803201e-01   2.301424e-02
  3.840620e+00   1.663446e-01   2.312720e-02
  3.843360e+00   1.514613e-01   2.301507e-02
  3.846090e+00   1.610743e-01   2.312335e-02
  3.848820e+00   1.655282e-01   2.312569e-02
  3.851550e+00   1.505148e-01   2.273718e-02
  3.854290e+00   1.662863e-01   2.294873e-02
  3.857020e+00   1.634086e-01   2.286267e-02
  3.859750e+00   1.477474e-01   2.306169e-02
  3.862480e+00   1.636129e-01   2.291218e-02
  3.865210e+00   1.453104e-01   2.304517e-02
  3.867950e+00   1.350193e-01   2.292471e-02
  3.870680e+00   1.525342e-01   2.320279e-02
  3.873410e+00   1.655122e-01   2.281622e-02
  3.876140e+00   1.337833e-01   2.312457e-02
  3.878880e+00   1.489703e-01   2.281429e-02
  3.881610e+00   1.626850e-01   2.274332e-02
  3.884340e+00   1.493879e-01   2.317661e-02
  3.887070e+00   1.549327e-01   2.307814e-02
  3.889810e+00   1.603178e-01   2.273987e-02
  3.892540e+00   1.532668e-01   2.297838e-02
  3.895270e+00   1.328258e-01   2.306361e-02
  3.898000e+00   1.580936e-01   2.307467e-02
  3.900730e+00   1.650703e-01   2.293802e-02
  3.903470e+00   1.571992e-01   2.318004e-02
  3.906200e+00   1.705111e-01   2.316433e-02
  3.908930e+00   1.806346e-01   2.294194e-02
  3.911660e+00   1.646180e-01   2.296659e-02
  3.914400e+00   1.490165e-01   2.306367e-02
  3.917130e+00   1.651968e-01   2.301717e-02
  3.919860e+00   1.540753e-01   2.318981e-02
  3.922590e+00   1.459325e-01   2.302739e-02
  3.925330e+00   1.507778e-01   2.309337e-02
  3.928060e+00   1.568903e-01   2.265894e-02
  3.930790e+00   1.494692e-01   2.315424e-02
  3.933520e+00   1.390324e-01   2.561717e-02
  3.936250e+00   1.466426e-01   2.789043e-02
  3.938990e+00   1.692206e-01   2.939743e-02
  3.941720e+00   1.507806e-01   3.095318e-02
  3.944450e+00   1.191646e-01   3.195438e-02
  3.947180e+00   1.458896e-01   3.302039e-02
  3.949920e+00   1.473724e-01   3.476897e-02
  3.952650e+00   1.707786e-01   3.572573e-02
  3.955380e+00   1.659765e-01   3.716443e-02
  3.958110e+00   2.142341e-01   3.709202e-02
  3.960850e+00   1.737605e-01   3.082480e-02
  3.963580e+00   1.418470e-01   2.787883e-02
  3.966310e+00   1.490229e-01   2.666657e-02
  3.969040e+00   1.713616e-01   2.653892e-02
  3.971770e+00   1.676030e-01   2.586044e-02
  3.974510e+00   1.511472e-01   2.587133e-02
  3.977240e+00   1.482693e-01   2.532132e-02
  3.979970e+00   1.494182e-01   2.573851e-02
  3.982700e+00   1.559260e-01   2.539280e-02
  3.985440e+00   1.375278e-01   2.541246e-02
  3.988170e+00   1.538095e-01   2.501560e-02
  3.990900e+00   1.454769e-01   2.494846e-02
  3.993630e+00   1.510939e-01   2.451178e-02
  3.996370e+00   1.610908e-01   2.483737e-02
  3.999100e+00   1.644691e-01   2.450750e-02
  4.001830e+00   1.436675e-01   2.471807e-02
  4.004560e+00   1.570475e-01   2.449537e-02
  4.007300e+00   1.425992e-01   2.453674e-02
  4.010030e+00   1.421879e-01   2.438558e-02
  4.012760e+00   1.523470e-01   2.404365e-02
  4.015490e+00   1.734968e-01   2.391042e-02
  4.018220e+00   1.443882e-01   2.358469e-02
  4.020960e+00   1.434336e-01   2.357159e-02
  4.023690e+00   1.481803e-01   2.360011e-02
  4.026420e+00   1.434009e-01   2.343848e-02
  4.029150e+00   1.449221e-01   2.321160e-02
  4.031890e+00   1.359324e-01   2.348555e-02
  4.034620e+00   1.326671e-01   2.259914e-02
  4.037350e+00   1.286172e-01   2.278452e-02
  4.040080e+00   1.378725e-01   2.294746e-02
  4.042820e+00   1.443150e-01   2.301993e-02
  4.045550e+00   1.412757e-01   2.296021e-02
  4.048280e+00   1.368876e-01   2.287993e-02
  4.051010e+00   1.511677e-01   2.315105e-02
  4.053740e+00   1.412941e-01   2.278056e-02
  4.056480e+00   1.203916e-01   2.265309e-02
  4.059210e+00   1.374490e-01   2.228100e-02
  4.061940e+00   1.374964e-01   2.286460e-02
  4.064670e+00   1.350532e-01   2.268700e-02
  4.067410e+00   1.149959e-01   2.275902e-02
  4.070140e+00   1.202148e-01   2.272184e-02
  4.072870e+00   1.313004e-01   2.285437e-02
  4.075600e+00   1.374282e-01   2.279277e-02
  4.078340e+00   1.320224e-01   2.288815e-02
  4.081070e+00   1.340570e-01   2.300038e-02
  4.083800e+00   1.456540e-01   2.291193e-02
  4.086530e+00   1.278886e-01   2.281709e-02
  4.089260e+00   1.302406e-01   2.278508e-02
  4.092000e+00   1.551891e-01   2.271882e-02
  4.094730e+00   1.301790e-01   2.259736e-02
  4.097460e+00   1.281686e-01   2.296231e-02
  4.100190e+00   1.383630e-01   2.284147e-02
  4.102930e+00   1.373781e-01   2.285720e-02
  4.105660e+00   1.400357e-01   2.260024e-02
  4.108390e+00   1.419984e-01   2.276031e-02
  4.111120e+00   1.432930e-01   2.245474e-02
  4.113860e+00   1.309271e-01   2.231805e-02
  4.116590e+00   1.131078e-01   2.242205e-02
  4.119320e+00   1.368496e-01   2.235720e-02
  4.122050e+00   1.266049e-01   2.236259e-02
  4.124780e+00   1.463867e-01   2.238030e-02
  4.127520e+00   1.330376e-01   2.249078e-02
  4.130250e+00   1.156774e-01   2.243054e-02
  4.132980e+00   1.073800e-01   2.244868e-02
  4.135710e+00   1.257234e-01   2.229132e-02
  4.138450e+00   1.343933e-01   2.235516e-02
  4.141180e+00   1.152096e-01   2.257986e-02
  4.143910e+00   1.413007e-01   2.270813e-02
  4.146640e+00   1.404246e-01   2.289112e-02
  4.149380e+00   1.064803e-01   2.247522e-02
  4.152110e+00   1.229465e-01   2.273758e-02
  4.154840e+00   1.138431e-01   2.273046e-02
  4.157570e+00   1.430844e-01   2.251793e-02
  4.160300e+00   1.227856e-01   2.252406e-02
  4.163040e+00   1.140544e-01   2.268835e-02
  4.165770e+00   1.089761e-01   2.247802e-02
  4.168500e+00   1.350390e-01   2.231926e-02
  4.171230e+00   1.467155e-01   2.263293e-02
  4.173970e+00   1.421198e-01   2.266572e-02
  4.176700e+00   1.203945e-01   2.254325e-02
  4.179430e+00   1.342786e-01   2.262386e-02
  4.182160e+00   1.242575e-01   2.240064e-02
  4.184900e+00   1.150398e-01   2.221771e-02
  4.187630e+00   1.201104e-01   2.210148e-02
  4.190360e+00   1.419155e-01   2.222327e-02
  4.193090e+00   1.433425e-01   2.258172e-02
  4.195820e+00   1.165533e-01   2.262180e-02
  4.198560e+00   1.364501e-01   2.262746e-02
  4.201290e+00   1.420566e-01   2.264690e-02
  4.204020e+00   1.342205e-01   2.239161e-02
  4.206750e+00   1.339687e-01   2.222345e-02
  4.209490e+00   1.251665e-01   2.213668e-02
  4.212220e+00   1.194617e-01   2.217328e-02
  4.214950e+00   1.152006e-01   2.231959e-02
  4.217680e+00   1.050163e-01   2.208112e-02
  4.220420e+00   1.138685e-01   2.236610e-02
  4.223150e+00   1.180025e-01   2.232194e-02
  4.225880e+00   1.380449e-01   2.232676e-02
  4.228610e+00   1.237140e-01   2.258601e-02
  4.231340e+00   1.450361e-01   2.270757e-02
  4.234080e+00   1.272356e-01   2.241595e-02
  4.236810e+00   1.343611e-01   2.210002e-02
  4.239540e+00   1.403787e-01   2.226423e-02
  4.242270e+00   1.533108e-01   2.241575e-02
  4.245010e+00   1.183219e-01   2.246725e-02
  4.247740e+00   1.135428e-01   2.184311e-02
  4.250470e+00   1.304351e-01   2.212502e-02
  4.253200e+00   1.100506e-01   2.221657e-02
  4.255940e+00   9.766419e-02   2.191189e-02
  4.258670e+00   1.013141e-01   2.212520e-02
  4.261400e+00   1.069203e-01   2.192529e-02
  4.264130e+00   1.122210e-01   2.212482e-02
  4.266860e+00   1.201688e-01   2.229976e-02
  4.269600e+00   1.222676e-01   2.229723e-02
  4.272330e+00   1.269269e-01   2.209212e-02
  4.275060e+00   1.271976e-01   2.199893e-02
  4.277790e+00   1.156724e-01   2.221896e-02
  4.280530e+00   1.171466e-01   2.222472e-02
  4.283260e+00   1.191925e-01   2.235071e-02
  4.285990e+00   1.289468e-01   2.238061e-02
  4.288720e+00   1.458446e-01   2.218461e-02
  4.291460e+00   1.416463e-01   2.217142e-02
  4.294190e+00   1.293613e-01   2.198597e-02
  4.296920e+00   8.796497e-02   2.278926e-02
  4.299650e+00   1.390994e-01   2.252351e-02
  4.302380e+00   1.453710e-01   2.230920e-02
  4.305120e+00   1.291072e-01   2.236203e-02
  4.307850e+00   1.381590e-01   2.192500e-02
  4.310580e+00   1.468416e-01   2.206630e-02
  4.313310e+00   1.255612e-01   2.213317e-02
  4.316050e+00   1.129598e-01   2.240165e-02
  4.318780e+00   1.189410e-01   2.226062e-02
  4.321510e+00   1.277198e-01   2.222971e-02
  4.324240e+00   1.491674e-01   2.211577e-02
  4.326980e+00   1.488042e-01   2.213353e-02
  4.329710e+00   1.095426e-01   2.165657e-02
  4.332440e+00   1.122271e-01   2.195533e-02
  4.335170e+00   1.231540e-01   2.191261e-02
  4.337900e+00   1.244393e-01   2.218662e-02
  4.340640e+00   1.382400e-01   2.247856e-02
  4.343370e+00   1.241119e-01   2.221776e-02
  4.346100e+00   1.314050e-01   2.232382e-02
  4.348830e+00   1.142106e-01   2.203576e-02
  4.351570e+00   1.213618e-01   2.210454e-02
  4.354300e+00   1.369136e-01   2.221830e-02
  4.357030e+00   1.156587e-01   2.180294e-02
  4.359760e+00   1.150274e-01   2.189483e-02
  4.362500e+00   1.082381e-01   2.188311e-02
  4.365230e+00   9.296749e-02   2.173095e-02
  4.367960e+00   1.130283e-01   2.248534e-02
  4.370690e+00   1.234319e-01   2.207146e-02
  4.373420e+00   1.078014e-01   2.195947e-02
  4.376160e+00   1.148805e-01   2.201357e-02
  4.378890e+00   1.101747e-01   2.189675e-02
  4.381620e+00   1.301376e-01   2.175391e-02
  4.384350e+00   1.252407e-01   2.186712e-02
  4.387090e+00   1.162212e-01   2.198703e-02
  4.389820e+00   1.092660e-01   2.191899e-02
  4.392550e+00   1.254837e-01   2.156455e-02
  4.395280e+00   1.194022e-01   2.161785e-02
  4.398020e+00   1.262131e-01   2.179011e-02
  4.400750e+00   1.278698e-01   2.188412e-02
  4.403480e+00   1.164111e-01   2.184428e-02
  4.406210e+00   1.333159e-01   2.212151e-02
  4.408940e+00   1.227775e-01   2.198409e-02
  4.411680e+00   1.260384e-01   2.214848e-02
  4.414410e+00   1.169872e-01   2.183504e-02
  4.417140e+00   1.085942e-01   2.204148e-02
  4.419870e+00   1.248261e-01   2.190494e-02
  4.422610e+00   1.221679e-01   2.160023e-02
  4.425340e+00   1.106189e-01   2.184101e-02
  4.428070e+00   1.127524e-01   2.171474e-02
  4.430800e+00   1.012314e-01   2.158937e-02
  4.433540e+00   1.181565e-01   2.178216e-02
  4.436270e+00   1.386470e-01   2.184257e-02
  4.439000e+00   1.070380e-01   2.194241e-02
  4.441730e+00   9.628362e-02   2.194024e-02
  4.444460e+00   1.081026e-01   2.187543e-02
  4.447200e+00   1.125159e-01   2.187625e-02
  4.449930e+00   1.066577e-01   2.177250e-02
  4.452660e+00   1.232404e-01   2.188004e-02
  4.455390e+00   1.055611e-01   2.160316e-02
  4.458130e+00   1.005359e-01   2.167896e-02
  4.460860e+00   9.695928e-02   2.172327e-02
  4.463590e+00   1.024224e-01   2.152226e-02
  4.466320e+00   1.186015e-01   2.177320e-02
  4.469060e+00   1.247494e-01   2.185439e-02
  4.471790e+00   1.199532e-01   2.190237e-02
  4.474520e+00   1.037315e-01   2.201214e-02
  4.477250e+00   8.864026e-02   2.161291e-02
  4.479980e+00   1.249441e-01   2.160888e-02
  4.482720e+00   1.070144e-01   2.163347e-02
  4.485450e+00   1.046277e-01   2.124456e-02
  4.488180e+00   1.166476e-01   2.175007e-02
  4.490910e+00   9.712104e-02   2.159963e-02
  4.493650e+00   1.153619e-01   2.179575e-02
  4.496380e+00   1.318832e-01   2.183669e-02
  4.499110e+00   1.138095e-01   2.193204e-02
  4.501840e+00   1.194098e-01   2.189813e-02
  4.504580e+00   1.285672e-01   2.183332e-02
  4.507310e+00   1.365327e-01   2.157980e-02
  4.510040e+00   9.555825e-02   2.179804e-02
  4.512770e+00   1.045873e-01   2.182784e-02
  4.515500e+00   1.146326e-01   2.195187e-02
  4.518240e+00   1.159785e-01   2.175185e-02
  4.520970e+00   1.167974e-01   2.184806e-02
  4.523700e+00   1.027437e-01   2.168575e-02
  4.526430e+00   1.168535e-01   2.169606e-02
  4.529170e+00   1.216563e-01   2.170536e-02
  4.531900e+00   1.281534e-01   2.158231e-02
  4.534630e+00   1.170194e-01   2.177217e-02
  4.537360e+00   1.244659e-01   2.161899e-02
  4.540100e+00   1.037843e-01   2.147539e-02
  4.542830e+00   1.075136e-01   2.206051e-02
  4.545560e+00   9.452850e-02   2.192597e-02
  4.548290e+00   1.008936e-01   2.137573e-02
  4.551020e+00   1.074651e-01   2.138159e-02
  4.553760e+00   1.174732e-01   2.170927e-02
  4.556490e+00   1.191102e-01   2.155595e-02
  4.559220e+00   1.259894e-01   2.191221e-02
  4.561950e+00   1.315136e-01   2.167913e-02
  4.564690e+00   1.174921e-01   2.174031e-02
  4.567420e+00   1.072513e-01   2.175048e-02
  4.570150e+00   1.122668e-01   2.162797e-02
  4.572880e+00   1.060285e-01   2.152088e-02
  4.575620e+00   1.127235e-01   2.148132e-02
  4.578350e+00   1.190102e-01   2.154551e-02
  4.581080e+00   1.036607e-01   2.172299e-02
  4.583810e+00   1.154004e-01   2.183201e-02
  4.586540e+00   1.048173e-01   2.174594e-02
  4.589280e+00   1.095750e-01   2.162479e-02
  4.592010e+00   1.143280e-01   2.175415e-02
  4.594740e+00   1.109705e-01   2.166378e-02
  4.597470e+00   1.208329e-01   2.153011e-02
  4.600210e+00   1.148054e-01   2.163450e-02
  4.602940e+00   1.054816e-01   2.156975e-02
  4.605670e+00   9.530515e-02   2.155253e-02
  4.608400e+00   1.195019e-01   2.150127e-02
  4.611140e+00   1.050317e-01   2.128368e-02
  4.613870e+00   9.284904e-02   2.128000e-02
  4.616600e+00   9.855374e-02   2.149356e-02
  4.619330e+00   1.043018e-01   2.130511e-02
  4.622060e+00   1.049432e-01   2.120445e-02
  4.624800e+00   1.167574e-01   2.157235e-02
  4.627530e+00   9.805037e-02   2.146398e-02
  4.630260e+00   9.392536e-02   2.110144e-02
  4.632990e+00   1.053736e-01   2.148912e-02
  4.635730e+00   1.062556e-01   2.161342e-02
  4.638460e+00   1.019780e-01   2.142348e-02
  4.641190e+00   1.039238e-01   2.175940e-02
  4.643920e+00   9.052930e-02   2.127573e-02
  4.646660e+00   9.082405e-02   2.132255e-02
  4.649390e+00   9.499578e-02   2.132260e-02
  4.652120e+00   1.131822e-01   2.128143e-02
  4.654850e+00   1.066688e-01   2.120697e-02
  4.657580e+00   1.176727e-01   2.128541e-02
  4.660320e+00   1.234029e-01   2.144326e-02
  4.663050e+00   1.099581e-01   2.147845e-02
  4.665780e+00   1.140622e-01   2.117276e-02
  4.668510e+00   1.140418e-01   2.101293e-02
  4.671250e+00   8.977635e-02   2.157150e-02
  4.673980e+00   1.095600e-01   2.142383e-02
  4.676710e+00   1.233209e-01   2.155151e-02
  4.679440e+00   1.114988e-01   2.115717e-02
  4.682180e+00   1.161082e-01   2.124281e-02
  4.684910e+00   1.057867e-01   2.139322e-02
  4.687640e+00   1.036055e-01   2.180747e-02
  4.690370e+00   1.129508e-01   2.136037e-02
  4.693100e+00   9.390326e-02   2.103125e-02
  4.695840e+00   8.404079e-02   2.128653e-02
  4.698570e+00   9.402969e-02   2.153393e-02
  4.701300e+00   1.022984e-01   2.169967e-02
  4.704030e+00   1.032082e-01   2.154920e-02
  4.706770e+00   1.299358e-01   2.152260e-02
  4.709500e+00   1.109632e-01   2.170072e-02
  4.712230e+00   1.198035e-01   2.151366e-02
  4.714960e+00   1.089905e-01   2.143042e-02
  4.717700e+00   9.742524e-02   2.133377e-02
  4.720430e+00   1.225274e-01   2.151638e-02
  4.723160e+00   1.244110e-01   2.157817e-02
  4.725890e+00   1.012902e-01   2.143105e-02
  4.728620e+00   1.011357e-01   2.152935e-02
  4.731360e+00   1.006215e-01   2.133646e-02
  4.734090e+00   1.047985e-01   2.144558e-02
  4.736820e+00   1.019433e-01   2.180988e-02
  4.739550e+00   1.050542e-01   2.157500e-02
  4.742290e+00   1.219866e-01   2.136521e-02
  4.745020e+00   1.153292e-01   2.124369e-02
  4.747750e+00   1.027501e-01   2.137572e-02
  4.750480e+00   1.162138e-01   2.141985e-02
  4.753220e+00   1.169771e-01   2.120999e-02
  4.755950e+00   9.723204e-02   2.138289e-02
  4.758680e+00   1.048218e-01   2.145208e-02
  4.761410e+00   1.120102e-01   2.125239e-02
  4.764140e+00   1.056197e-01   2.117635e-02
  4.766880e+00   1.173710e-01   2.142851e-02
  4.769610e+00   1.058477e-01   2.125294e-02
  4.772340e+00   1.083206e-01   2.129975e-02
  4.775070e+00   9.736194e-02   2.153927e-02
  4.777810e+00   1.060651e-01   2.132483e-02
  4.780540e+00   1.090056e-01   2.145865e-02
  4.783270e+00   9.957839e-02   2.121793e-02
  4.786000e+00   9.778022e-02   2.122030e-02
  4.788740e+00   9.886838e-02   2.128364e-02
  4.791470e+00   1.016537e-01   2.132377e-02
  4.794200e+00   1.016445e-01   2.110036e-02
  4.796930e+00   7.652885e-02   2.123721e-02
  4.799660e+00   8.811242e-02   2.125954e-02
  4.802400e+00   1.064120e-01   2.133454e-02
  4.805130e+00   1.022597e-01   2.111050e-02
  4.807860e+00   9.264653e-02   2.125362e-02
  4.810590e+00   9.569318e-02   2.123003e-02
  4.813330e+00   7.959956e-02   2.128664e-02
  4.816060e+00   9.597310e-02   2.118865e-02
  4.818790e+00   1.002530e-01   2.107667e-02
  4.821520e+00   1.049409e-01   2.121347e-02
  4.824260e+00   1.058597e-01   2.149355e-02
  4.826990e+00   9.381806e-02   2.130369e-02
  4.829720e+00   1.081553e-01   2.116250e-02
  4.832450e+00   1.147165e-01   2.128453e-02
  4.835180e+00   1.249003e-01   2.143133e-02
  4.837920e+00   1.018634e-01   2.132847e-02
  4.840650e+00   9.627909e-02   2.135572e-02
  4.843380e+00   8.058030e-02   2.131910e-02
  4.846110e+00   8.231857e-02   2.138097e-02
  4.848850e+00   9.070012e-02   2.112203e-02
  4.851580e+00   8.563151e-02   2.116821e-02
  4.854310e+00   9.164827e-02   2.117904e-02
  4.857040e+00   9.157201e-02   2.105680e-02
  4.859780e+00   1.215381e-01   2.093192e-02
  4.862510e+00   1.120862e-01   2.094182e-02
  4.865240e+00   1.270480e-01   2.109538e-02
  4.867970e+00   1.185209e-01   2.130661e-02
  4.870700e+00   1.114472e-01   2.111000e-02
  4.873440e+00   9.642713e-02   2.106960e-02
  4.876170e+00   8.748243e-02   2.094807e-02
  4.878900e+00   1.276756e-01   2.107782e-02
  4.881630e+00   9.685254e-02   2.105733e-02
  4.884370e+00   9.304724e-02   2.112288e-02
  4.887100e+00   1.096659e-01   2.126300e-02
  4.889830e+00   9.658663e-02   2.135664e-02
  4.892560e+00   1.020426e-01   2.106474e-02
  4.895300e+00   1.028942e-01   2.107786e-02
  4.898030e+00   1.002168e-01   2.147723e-02
  4.900760e+00   1.080145e-01   2.115961e-02
  4.903490e+00   9.505531e-02   2.131723e-02
  4.906220e+00   8.708311e-02   2.152194e-02
  4.908960e+00   9.336770e-02   2.149757e-02
  4.911690e+00   1.041832e-01   2.111285e-02
  4.914420e+00   1.042640e-01   2.105230e-02
  4.917150e+00   1.214631e-01   2.150158e-02
  4.919890e+00   1.055697e-01   2.129131e-02
  4.922620e+00   1.103331e-01   2.113983e-02
  4.925350e+00   1.016212e-01   2.095101e-02
  4.928080e+00   1.010147e-01   2.106850e-02
  4.930820e+00   1.132013e-01   2.086722e-02
  4.933550e+00   1.145838e-01   2.088131e-02
  4.936280e+00   1.129607e-01   2.128200e-02
  4.939010e+00   1.101472e-01   2.134723e-02
  4.941740e+00   1.064694e-01   2.107771e-02
  4.944480e+00   1.168375e-01   2.090832e-02
  4.947210e+00   1.064720e-01   2.098141e-02
  4.949940e+00   8.720372e-02   2.128384e-02
  4.952670e+00   1.199001e-01   2.118609e-02
  4.955410e+00   9.909171e-02   2.110532e-02
  4.958140e+00   9.615483e-02   2.120157e-02
  4.960870e+00   1.057613e-01   2.142598e-02
  4.963600e+00   1.080565e-01   2.127639e-02
  4.966340e+00   1.170035e-01   2.117571e-02
  4.969070e+00   1.127148e-01   2.116747e-02
  4.971800e+00   1.123804e-01   2.104479e-02
  4.974530e+00   1.088567e-01   2.121489e-02
  4.977260e+00   1.200671e-01   2.126944e-02
  4.980000e+00   1.190224e-01   2.112215e-02
  4.982730e+00   1.010696e-01   2.112891e-02
  4.985460e+00   9.499005e-02   2.126047e-02
  4.988190e+00   9.909523e-02   2.091651e-02
  4.990930e+00   9.733610e-02   2.104287e-02
  4.993660e+00   9.409938e-02   2.094512e-02
  4.996390e+00   1.272909e-01   2.104737e-02
  4.999120e+00   1.044688e-01   2.099706e-02
  5.001860e+00   1.264445e-01   2.112699e-02
  5.004590e+00   9.274549e-02   2.124170e-02
  5.007320e+00   9.144116e-02   2.100613e-02
  5.010050e+00   1.002569e-01   2.083841e-02
  5.012780e+00   1.036857e-01   2.060112e-02
  5.015520e+00   9.279317e-02   2.099856e-02
  5.018250e+00   9.574120e-02   2.109550e-02
  5.020980e+00   8.535078e-02   2.130341e-02
  5.023710e+00   1.150500e-01   2.114201e-02
  5.026450e+00   1.040528e-01   2.132114e-02
  5.029180e+00   1.105003e-01   2.110979e-02
  5.031910e+00   8.779320e-02   2.112219e-02
  5.034640e+00   1.101758e-01   2.098479e-02
  5.037380e+00   8.749688e-02   2.087912e-02
  5.040110e+00   1.061016e-01   2.128694e-02
  5.042840e+00   1.026806e-01   2.119015e-02
  5.045570e+00   1.042100e-01   2.098513e-02
  5.048300e+00   1.126151e-01   2.110865e-02
  5.051040e+00   1.133592e-01   2.120294e-02
  5.053770e+00   9.206954e-02   2.066875e-02
  5.056500e+00   1.107718e-01   2.090489e-02
  5.059230e+00   9.955025e-02   2.108949e-02
  5.061970e+00   9.657466e-02   2.120083e-02
  5.064700e+00   1.043588e-01   2.089633e-02
  5.067430e+00   9.858534e-02   2.073684e-02
  5.070160e+00   1.056050e-01   2.078034e-02
  5.072900e+00   1.035607e-01   2.089806e-02
  5.075630e+00   8.738096e-02   2.113986e-02
  5.078360e+00   8.863904e-02   2.132795e-02
  5.081090e+00   9.940139e-02   2.112404e-02
  5.083820e+00   1.191829e-01   2.108181e-02
  5.086560e+00   1.068203e-01   2.120122e-02
  5.089290e+00   1.042499e-01   2.110781e-02
  5.092020e+00   1.001600e-01   2.123356e-02
  5.094750e+00   9.251785e-02   2.092927e-02
  5.097490e+00   1.209086e-01   2.114550e-02
  5.100220e+00   1.120643e-01   2.101774e-02
  5.102950e+00   1.018181e-01   2.115982e-02
  5.105680e+00   8.066237e-02   2.089871e-02
  5.108420e+00   1.009070e-01   2.119113e-02
  5.111150e+00   1.213985e-01   2.127854e-02
  5.113880e+00   1.021444e-01   2.127726e-02
  5.116610e+00   8.963984e-02   2.100441e-02
  5.119340e+00   1.145878e-01   2.097074e-02
  5.122080e+00   1.189155e-01   2.124782e-02
  5.124810e+00   9.756386e-02   2.067594e-02
  5.127540e+00   1.024428e-01   2.090761e-02
  5.130270e+00   1.049977e-01   2.112451e-02
  5.133010e+00   9.956075e-02   2.091499e-02
  5.135740e+00   9.780863e-02   2.108844e-02
  5.138470e+00   9.904988e-02   2.109117e-02
  5.141200e+00   9.683505e-02   2.097321e-02
  5.143940e+00   1.083093e-01   2.124651e-02
  5.146670e+00   1.127838e-01   2.110944e-02
  5.149400e+00   1.163269e-01   2.145581e-02
  5.152130e+00   1.104660e-01   2.144290e-02
  5.154860e+00   1.058943e-01   2.116709e-02
  5.157600e+00   1.103231e-01   2.119317e-02
  5.160330e+00   1.177575e-01   2.133972e-02
  5.163060e+00   1.090450e-01   2.128857e-02
  5.165790e+00   1.017739e-01   2.108042e-02
  5.168530e+00   1.186149e-01   2.084482e-02
  5.171260e+00   1.181676e-01   2.083657e-02
  5.173990e+00   1.143308e-01   2.104188e-02
  5.176720e+00   1.151107e-01   2.123217e-02
  5.179460e+00   1.180150e-01   2.107996e-02
  5.182190e+00   1.064125e-01   2.097120e-02
  5.184920e+00   1.259109e-01   2.109546e-02
  5.187650e+00   1.007995e-01   2.098976e-02
  5.190380e+00   8.606298e-02   2.077071e-02
  5.193120e+00   1.008679e-01   2.096345e-02
  5.195850e+00   8.489028e-02   2.115838e-02
  5.198580e+00   8.645689e-02   2.105442e-02
  5.201310e+00   9.309159e-02   2.095592e-02
  5.204050e+00   1.147310e-01   2.106128e-02
  5.206780e+00   1.059564e-01   2.138673e-02
  5.209510e+00   1.137678e-01   2.118689e-02
  5.212240e+00   1.149296e-01   2.118858e-02
  5.214980e+00   1.237618e-01   2.116995e-02
  5.217710e+00   1.206879e-01   2.129355e-02
  5.220440e+00   1.024801e-01   2.128674e-02
  5.223170e+00   1.158980e-01   2.113789e-02
  5.225900e+00   1.106624e-01   2.113402e-02
  5.228640e+00   1.077097e-01   2.128867e-02
  5.231370e+00   1.060302e-01   2.104293e-02
  5.234100e+00   8.913063e-02   2.092683e-02
  5.236830e+00   8.719916e-02   2.065520e-02
  5.239570e+00   9.916254e-02   2.110545e-02
  5.242300e+00   9.383027e-02   2.107615e-02
  5.245030e+00   1.193458e-01   2.081763e-02
  5.247760e+00   1.173618e-01   2.084601e-02
  5.250500e+00   9.975533e-02   2.091421e-02
  5.253230e+00   1.157572e-01   2.130186e-02
  5.255960e+00   1.071042e-01   2.129108e-02
  5.258690e+00   1.101191e-01   2.104092e-02
  5.261420e+00   1.157077e-01   2.092790e-02
  5.264160e+00   1.150471e-01   2.130853e-02
  5.266890e+00   1.033172e-01   2.126366e-02
  5.269620e+00   1.332224e-01   2.084342e-02
  5.272350e+00   1.154642e-01   2.098158e-02
  5.275090e+00   1.116098e-01   2.102676e-02
  5.277820e+00   1.187955e-01   2.098282e-02
  5.280550e+00   1.034014e-01   2.150658e-02
  5.283280e+00   1.051684e-01   2.475501e-02
  5.286020e+00   1.340473e-01   2.730601e-02
  5.288750e+00   1.325057e-01   2.910804e-02
  5.291480e+00   1.117072e-01   3.025235e-02
  5.294210e+00   1.233989e-01   3.210797e-02
  5.296940e+00   1.273016e-01   3.327360e-02
  5.299680e+00   7.500382e-02   3.514315e-02
  5.302410e+00   1.261773e-01   3.712534e-02
  5.305140e+00   1.080677e-01   3.796144e-02
  5.307870e+00   1.280166e-01   2.826269e-02
  5.310610e+00   1.321344e-01   2.506774e-02
  5.313340e+00   1.169794e-01   2.451764e-02
  5.316070e+00   1.156922e-01   2.418413e-02
  5.318800e+00   9.163109e-02   2.311577e-02
  5.321540e+00   9.774074e-02   2.336978e-02
  5.324270e+00   1.160958e-01   2.334312e-02
  5.327000e+00   1.043629e-01   2.307181e-02
  5.329730e+00   1.267923e-01   2.297407e-02
  5.332460e+00   1.161740e-01   2.320351e-02
  5.335200e+00   1.096007e-01   2.320943e-02
  5.337930e+00   1.066517e-01   2.314088e-02
  5.340660e+00   1.262234e-01   2.262070e-02
  5.343390e+00   1.064940e-01   2.220357e-02
  5.346130e+00   1.206047e-01   2.219840e-02
  5.348860e+00   1.200186e-01   2.218903e-02
  5.351590e+00   1.124338e-01   2.172531e-02
  5.354320e+00   1.264325e-01   2.178960e-02
  5.357060e+00   9.693429e-02   2.149449e-02
  5.359790e+00   1.187341e-01   2.156738e-02
  5.362520e+00   1.113145e-01   2.107805e-02
  5.365250e+00   1.032839e-01   2.037752e-02
  5.367980e+00   1.020854e-01   2.044842e-02
  5.370720e+00   1.234435e-01   2.107332e-02
  5.373450e+00   1.102300e-01   2.103932e-02
  5.376180e+00   1.110207e-01   2.091438e-02
  5.378910e+00   1.125313e-01   2.103476e-02
  5.381650e+00   1.141178e-01   2.099720e-02
  5.384380e+00   1.192953e-01   2.077350e-02
  5.387110e+00   1.223502e-01   2.069254e-02
  5.389840e+00   1.131833e-01   2.059115e-02
  5.392580e+00   1.196569e-01   2.085375e-02
  5.395310e+00   1.189623e-01   2.063356e-02
  5.398040e+00   1.192034e-01   2.091414e-02
  5.400770e+00   9.419310e-02   2.087316e-02
  5.403500e+00   1.021995e-01   2.068980e-02
  5.406240e+00   1.123517e-01   2.081614e-02
  5.408970e+00   1.084601e-01   2.080274e-02
  5.411700e+00   1.153838e-01   2.056067e-02
  5.414430e+00   1.094525e-01   2.066576e-02
  5.417170e+00   1.305621e-01   2.073762e-02
  5.419900e+00   8.922701e-02   2.078592e-02
  5.422630e+00   1.099528e-01   2.075113e-02
  5.425360e+00   1.230229e-01   2.081125e-02
  5.428100e+00   1.217482e-01   2.067623e-02
  5.430830e+00   9.662402e-02   2.081443e-02
  5.433560e+00   1.180075e-01   2.042522e-02
  5.436290e+00   1.178825e-01   2.051757e-02
  5.439020e+00   1.104658e-01   2.078329e-02
  5.441760e+00   1.025344e-01   2.076752e-02
  5.444490e+00   8.606343e-02   2.071498e-02
  5.447220e+00   1.002821e-01   2.043703e-02
  5.449950e+00   1.007095e-01   2.061814e-02
  5.452690e+00   1.199762e-01   2.039500e-02
  5.455420e+00   1.187594e-01   2.072452e-02
  5.458150e+00   1.070099e-01   2.075132e-02
  5.460880e+00   9.945935e-02   2.031983e-02
  5.463620e+00   1.318626e-01   2.089957e-02
  5.466350e+00   1.267355e-01   2.057792e-02
  5.469080e+00   1.252767e-01   2.084776e-02
  5.471810e+00   9.825791e-02   2.023261e-02
  5.474540e+00   1.071873e-01   2.048101e-02
  5.477280e+00   9.856883e-02   2.066557e-02
  5.480010e+00   1.078543e-01   2.083600e-02
  5.482740e+00   1.252643e-01   2.069259e-02
  5.485470e+00   1.275377e-01   2.046956e-02
  5.488210e+00   1.187489e-01   2.043583e-02
  5.490940e+00   1.120555e-01   2.049532e-02
  5.493670e+00   1.011832e-01   2.071832e-02
  5.496400e+00   1.062156e-01   2.031052e-02
  5.499140e+00   9.582005e-02   2.052334e-02
  5.501870e+00   1.043345e-01   2.064560e-02
  5.504600e+00   9.146695e-02   2.045142e-02
  5.507330e+00   9.384845e-02   2.050653e-02
  5.510060e+00   1.098006e-01   2.034476e-02
  5.512800e+00   1.059658e-01   2.030501e-02
  5.515530e+00   1.223283e-01   2.033725e-02
  5.518260e+00   1.078078e-01   2.055481e-02
  5.520990e+00   1.380635e-01   2.102818e-02
  5.523730e+00   1.419353e-01   2.452347e-02
  5.526460e+00   1.213820e-01   2.694048e-02
  5.529190e+00   1.216968e-01   2.798707e-02
  5.531920e+00   1.183204e-01   2.431145e-02
  5.534660e+00   1.055851e-01   2.236015e-02
  5.537390e+00   9.824604e-02   2.177521e-02
  5.540120e+00   1.071602e-01   2.122413e-02
  5.542850e+00   1.177573e-01   2.116410e-02
  5.545580e+00   1.050636e-01   2.083157e-02
  5.548320e+00   1.103156e-01   2.140312e-02
  5.551050e+00   1.137524e-01   2.160561e-02
  5.553780e+00   1.136182e-01   2.129325e-02
  5.556510e+00   1.325383e-01   2.092103e-02
  5.559250e+00   1.302892e-01   2.100192e-02
  5.561980e+00   1.296535e-01   2.093476e-02
  5.564710e+00   1.322602e-01   2.103095e-02
  5.567440e+00   1.153215e-01   2.090736e-02
  5.570180e+00   1.206644e-01   2.092905e-02
  5.572910e+00   1.109912e-01   2.091766e-02
  5.575640e+00   9.733030e-02   2.116642e-02
  5.578370e+00   1.145245e-01   2.089117e-02
  5.581100e+00   1.255343e-01   2.074929e-02
  5.583840e+00   1.136873e-01   2.063219e-02
  5.586570e+00   1.290790e-01   2.041872e-02
  5.589300e+00   1.245074e-01   2.043825e-02
  5.592030e+00   1.098275e-01   2.067407e-02
  5.594770e+00   1.024865e-01   2.064961e-02
  5.597500e+00   1.112732e-01   2.043604e-02
  5.600230e+00   1.073493e-01   2.068781e-02
  5.602960e+00   1.081776e-01   2.063180e-02
  5.605700e+00   1.125091e-01   2.074389e-02
  5.608430e+00   1.159696e-01   2.058752e-02
  5.611160e+00   1.045081e-01   2.047896e-02
  5.613890e+00   1.196961e-01   2.049220e-02
  5.616620e+00   1.321031e-01   2.039156e-02
  5.619360e+00   1.071987e-01   2.054720e-02
  5.622090e+00   9.784360e-02   2.041134e-02
  5.624820e+00   1.019292e-01   2.069404e-02
  5.627550e+00   1.186568e-01   2.043499e-02
  5.630290e+00   1.169517e-01   2.040178e-02
  5.633020e+00   1.223533e-01   2.040351e-02
  5.635750e+00   1.270650e-01   2.044453e-02
  5.638480e+00   1.245230e-01   2.034513e-02
  5.641220e+00   9.528383e-02   2.029678e-02
  5.643950e+00   1.043817e-01   2.049646e-02
  5.646680e+00   1.151313e-01   2.058344e-02
  5.649410e+00   1.177083e-01   2.046572e-02
  5.652140e+00   1.136501e-01   2.069877e-02
  5.654880e+00   1.074342e-01   2.066455e-02
  5.657610e+00   1.137771e-01   2.049480e-02
  5.660340e+00   9.729049e-02   2.038234e-02
  5.663070e+00   9.051838e-02   2.010288e-02
  5.665810e+00   1.008942e-01   2.028609e-02
  5.668540e+00   1.258533e-01   2.041937e-02
  5.671270e+00   1.288214e-01   2.030039e-02
  5.674000e+00   1.221697e-01   2.019629e-02
  5.676740e+00   1.099106e-01   2.058373e-02
  5.679470e+00   9.743831e-02   2.047722e-02
  5.682200e+00   1.202145e-01   2.024804e-02
  5.684930e+00   1.286823e-01   2.033624e-02
  5.687660e+00   1.160910e-01   2.028212e-02
  5.690400e+00   1.127026e-01   2.007394e-02
  5.693130e+00   1.139205e-01   2.026983e-02
  5.695860e+00   1.098997e-01   2.063906e-02
  5.698590e+00   1.143182e-01   2.020072e-02
  5.701330e+00   1.222369e-01   2.038656e-02
  5.704060e+00   1.158602e-01   2.045275e-02
  5.706790e+00   1.024872e-01   2.039751e-02
  5.709520e+00   9.261469e-02   2.012935e-02
  5.712260e+00   1.238302e-01   2.034415e-02
  5.714990e+00   1.243611e-01   2.039612e-02
  5.717720e+00   1.194261e-01   2.021721e-02
  5.720450e+00   1.032116e-01   2.035124e-02
  5.723180e+00   1.035576e-01   2.036449e-02
  5.725920e+00   1.093998e-01   2.015565e-02
  5.728650e+00   9.125444e-02   2.049119e-02
  5.731380e+00   1.227414e-01   2.061338e-02
  5.734110e+00   1.049677e-01   2.041916e-02
  5.736850e+00   9.915873e-02   2.033719e-02
  5.739580e+00   9.593370e-02   2.028449e-02
  5.742310e+00   1.171243e-01   2.059311e-02
  5.745040e+00   1.077035e-01   2.025109e-02
  5.747780e+00   1.146745e-01   2.013685e-02
  5.750510e+00   1.089669e-01   2.011014e-02
  5.753240e+00   1.048104e-01   2.023188e-02
  5.755970e+00   9.869278e-02   2.024528e-02
  5.758700e+00   9.990024e-02   2.010326e-02
  5.761440e+00   1.150054e-01   2.010444e-02
  5.764170e+00   1.130419e-01   2.036851e-02
  5.766900e+00   9.716352e-02   2.047866e-02
  5.769630e+00   1.088874e-01   2.028964e-02
  5.772370e+00   1.157720e-01   2.033929e-02
  5.775100e+00   1.043584e-01   2.011372e-02
  5.777830e+00   1.131296e-01   2.032452e-02
  5.780560e+00   1.046253e-01   2.052010e-02
  5.783300e+00   1.262947e-01   2.034165e-02
  5.786030e+00   1.024841e-01   2.019877e-02
  5.788760e+00   1.201999e-01   2.015327e-02
  5.791490e+00   1.035793e-01   2.051442e-02
  5.794220e+00   9.356985e-02   2.052590e-02
  5.796960e+00   9.705349e-02   2.055663e-02
  5.799690e+00   1.158352e-01   2.037726e-02
  5.802420e+00   1.155144e-01   2.014160e-02
  5.805150e+00   1.032145e-01   1.991749e-02
  5.807890e+00   9.715303e-02   1.998283e-02
  5.810620e+00   1.062457e-01   1.996590e-02
  5.813350e+00   9.586416e-02   2.021183e-02
  5.816080e+00   9.783577e-02   2.013801e-02
  5.818820e+00   9.673760e-02   2.019096e-02
  5.821550e+00   9.930385e-02   2.020771e-02
  5.824280e+00   1.081040e-01   2.031401e-02
  5.827010e+00   1.177911e-01   2.011067e-02
  5.829740e+00   1.111621e-01   2.023224e-02
  5.832480e+00   8.718191e-02   2.036508e-02
  5.835210e+00   1.236805e-01   2.052993e-02
  5.837940e+00   1.227189e-01   2.061930e-02
  5.840670e+00   1.039641e-01   2.046920e-02
  5.843410e+00   9.140010e-02   2.038047e-02
  5.846140e+00   1.038568e-01   2.047686e-02
  5.848870e+00   1.176703e-01   2.012689e-02
  5.851600e+00   1.225112e-01   2.023455e-02
  5.854340e+00   1.160807e-01   2.031056e-02
  5.857070e+00   1.087767e-01   2.046358e-02
  5.859800e+00   1.017577e-01   2.047399e-02
  5.862530e+00   1.029310e-01   2.035529e-02
  5.865260e+00   1.170100e-01   2.022178e-02
  5.868000e+00   1.131509e-01   2.011699e-02
  5.870730e+00   1.273028e-01   1.993376e-02
  5.873460e+00   1.234389e-01   1.973497e-02
  5.876190e+00   9.920500e-02   1.998420e-02
  5.878930e+00   9.700385e-02   2.031781e-02
  5.881660e+00   1.101797e-01   2.029624e-02
  5.884390e+00   1.279078e-01   2.039205e-02
  5.887120e+00   1.178941e-01   2.042176e-02
  5.889860e+00   1.175062e-01   2.041423e-02
  5.892590e+00   1.044920e-01   2.021131e-02
  5.895320e+00   1.014876e-01   2.062579e-02
  5.898050e+00   1.021901e-01   2.073938e-02
  5.900780e+00   1.091759e-01   2.046050e-02
  5.903520e+00   1.026689e-01   2.027463e-02
  5.906250e+00   1.112562e-01   2.019006e-02
  5.908980e+00   1.351606e-01   2.038107e-02
  5.911710e+00   1.258192e-01   2.034787e-02
  5.914450e+00   1.062675e-01   2.025476e-02
  5.917180e+00   1.168788e-01   2.012843e-02
  5.919910e+00   1.059053e-01   1.988366e-02
  5.922640e+00   1.019752e-01   2.005931e-02
  5.925380e+00   1.221773e-01   2.020404e-02
  5.928110e+00   9.936297e-02   2.026023e-02
  5.930840e+00   1.158756e-01   2.043908e-02
  5.933570e+00   8.865769e-02   2.029794e-02
  5.936300e+00   9.639931e-02   2.031250e-02
  5.939040e+00   1.114196e-01   2.033438e-02
  5.941770e+00   1.101839e-01   2.027989e-02
  5.944500e+00   8.592076e-02   1.994954e-02
  5.947230e+00   8.721772e-02   2.049692e-02
  5.949970e+00   1.083296e-01   2.067066e-02
  5.952700e+00   9.726556e-02   2.039715e-02
  5.955430e+00   9.523547e-02   2.012538e-02
  5.958160e+00   1.045084e-01   2.038610e-02
  5.960900e+00   9.955651e-02   2.036949e-02
  5.963630e+00   1.074123e-01   2.075643e-02
  5.966360e+00   1.084897e-01   2.402968e-02
  5.969090e+00   1.028515e-01   2.615694e-02
  5.971820e+00   1.151084e-01   2.794104e-02
  5.974560e+00   8.658479e-02   3.003510e-02
  5.977290e+00   9.895321e-02   3.196558e-02
  5.980020e+00   9.914610e-02   3.376032e-02
  5.982750e+00   9.327884e-02   3.527086e-02
  5.985490e+00   1.125212e-01   3.848234e-02
  5.988220e+00   9.664627e-02   3.970232e-02
  5.990950e+00   8.308447e-02   4.128061e-02
  5.993680e+00   1.097357e-01   4.443017e-02
  5.996420e+00   1.222528e-01   4.966690e-02
  5.999150e+00   9.766493e-02   5.425072e-02
  6.001880e+00   1.381686e-01   5.723173e-02
  6.004610e+00   3.205273e-02   6.891820e-02
  6.007340e+00   1.248946e-01   7.642336e-02
  6.010080e+00   1.583316e-01   9.676955e-02
  6.012810e+00   1.160187e-01   1.703442e-01
  6.015540e+00   3.800178e-01   3.624661e-01
