Sample description: m7_hsa
Sample: m7_hsa  c= .0000 mg/ml  Code: m7_hsa
Parent(s): C:/Users/jeffries/AppData/Local/Temp/qt_temp.Yd7788 C:/Users/jeffries/AppData/Local/Temp/qt_temp.cd7788
 1.595730e-001  4.859890e+002  6.732134e+000
 1.622070e-001  4.863552e+002  6.615749e+000
 1.648420e-001  4.908803e+002  6.716577e+000
 1.674770e-001  4.770023e+002  6.629638e+000
 1.701110e-001  4.782513e+002  6.586648e+000
 1.727460e-001  4.769231e+002  6.597309e+000
 1.753810e-001  4.976550e+002  6.528858e+000
 1.780150e-001  4.733385e+002  6.529784e+000
 1.806500e-001  4.796903e+002  6.429789e+000
 1.832840e-001  4.857935e+002  6.498911e+000
 1.859190e-001  4.797173e+002  6.441487e+000
 1.885540e-001  4.683279e+002  6.281928e+000
 1.911880e-001  4.763653e+002  6.363680e+000
 1.938230e-001  4.748977e+002  6.249579e+000
 1.964580e-001  4.689242e+002  6.320687e+000
 1.990920e-001  4.701089e+002  6.282240e+000
 2.017270e-001  4.708274e+002  6.185731e+000
 2.043620e-001  4.727104e+002  6.147860e+000
 2.069960e-001  4.633219e+002  6.007104e+000
 2.096310e-001  4.710534e+002  6.193761e+000
 2.122660e-001  4.539243e+002  5.970995e+000
 2.149000e-001  4.565343e+002  5.999221e+000
 2.175350e-001  4.595664e+002  6.019790e+000
 2.201700e-001  4.539433e+002  5.944002e+000
 2.228040e-001  4.612974e+002  6.032609e+000
 2.254390e-001  4.581026e+002  5.823064e+000
 2.280740e-001  4.561456e+002  5.870641e+000
 2.307080e-001  4.517041e+002  5.792515e+000
 2.333430e-001  4.491975e+002  5.801015e+000
 2.359780e-001  4.544603e+002  5.836455e+000
 2.386120e-001  4.460253e+002  5.705927e+000
 2.412470e-001  4.456122e+002  5.730222e+000
 2.438820e-001  4.412729e+002  5.665296e+000
 2.465160e-001  4.447898e+002  5.668430e+000
 2.491510e-001  4.418902e+002  5.682210e+000
 2.517860e-001  4.460640e+002  5.599230e+000
 2.544200e-001  4.376841e+002  5.657332e+000
 2.570550e-001  4.474802e+002  5.510512e+000
 2.596890e-001  4.500018e+002  5.533938e+000
 2.623240e-001  4.347128e+002  5.526787e+000
 2.649590e-001  4.266952e+002  5.476596e+000
 2.675930e-001  4.395816e+002  5.504629e+000
 2.702280e-001  4.388285e+002  5.385145e+000
 2.728630e-001  4.326633e+002  5.444886e+000
 2.754970e-001  4.228187e+002  5.347122e+000
 2.781320e-001  4.220774e+002  5.359566e+000
 2.807670e-001  4.197264e+002  5.326988e+000
 2.834010e-001  4.248782e+002  5.319303e+000
 2.860360e-001  4.308617e+002  5.330897e+000
 2.886710e-001  4.196168e+002  5.216841e+000
 2.913050e-001  4.124056e+002  5.220436e+000
 2.939400e-001  4.112010e+002  5.225413e+000
 2.965750e-001  4.184719e+002  5.184869e+000
 2.992090e-001  4.131384e+002  5.230089e+000
 3.018440e-001  4.059389e+002  5.092262e+000
 3.044790e-001  4.092064e+002  5.127473e+000
 3.071130e-001  4.036336e+002  5.105345e+000
 3.097480e-001  4.118534e+002  5.112586e+000
 3.123830e-001  4.020411e+002  5.073286e+000
 3.150170e-001  4.095560e+002  4.968790e+000
 3.176520e-001  4.019722e+002  5.047911e+000
 3.202870e-001  4.054173e+002  4.977040e+000
 3.229210e-001  3.924170e+002  4.977616e+000
 3.255560e-001  3.941283e+002  4.975333e+000
 3.281900e-001  3.898642e+002  4.875834e+000
 3.308250e-001  3.865960e+002  4.953637e+000
 3.334600e-001  3.891995e+002  4.855939e+000
 3.360940e-001  3.932833e+002  4.873968e+000
 3.387290e-001  3.760784e+002  4.819083e+000
 3.413640e-001  3.888713e+002  4.787078e+000
 3.439980e-001  3.903399e+002  4.852129e+000
 3.466330e-001  3.834872e+002  4.743995e+000
 3.492680e-001  3.790971e+002  4.791075e+000
 3.519020e-001  3.725747e+002  4.764727e+000
 3.545370e-001  3.799294e+002  4.757349e+000
 3.571720e-001  3.711311e+002  4.753760e+000
 3.598060e-001  3.695597e+002  4.833952e+000
 3.624410e-001  3.638810e+002  4.916271e+000
 3.650760e-001  3.779430e+002  4.917426e+000
 3.677100e-001  3.653946e+002  4.983031e+000
 3.703450e-001  3.597251e+002  4.969602e+000
 3.729800e-001  3.592436e+002  4.979858e+000
 3.756140e-001  3.667819e+002  5.088993e+000
 3.782490e-001  3.578415e+002  4.983276e+000
 3.808840e-001  3.616214e+002  5.109840e+000
 3.835180e-001  3.511376e+002  5.006415e+000
 3.861530e-001  3.495337e+002  5.112983e+000
 3.887880e-001  3.612507e+002  5.136856e+000
 3.914220e-001  3.488826e+002  5.046465e+000
 3.940570e-001  3.479157e+002  5.160269e+000
 3.966910e-001  3.425900e+002  5.064734e+000
 3.993260e-001  3.482993e+002  5.147267e+000
 4.019610e-001  3.448400e+002  5.097831e+000
 4.045950e-001  3.453812e+002  5.137049e+000
 4.072300e-001  3.402458e+002  5.186817e+000
 4.098650e-001  3.453457e+002  5.118417e+000
 4.124990e-001  3.287901e+002  5.096822e+000
 4.151340e-001  3.371751e+002  4.920768e+000
 4.177690e-001  3.318558e+002  4.857554e+000
 4.204030e-001  3.292252e+002  4.822070e+000
 4.230380e-001  3.167897e+002  4.697550e+000
 4.256730e-001  3.186185e+002  4.751952e+000
 4.283070e-001  3.212743e+002  4.633243e+000
 4.309420e-001  3.282122e+002  4.661577e+000
 4.335770e-001  3.230103e+002  4.670700e+000
 4.362110e-001  3.134288e+002  4.538881e+000
 4.388460e-001  3.145800e+002  4.570753e+000
 4.414810e-001  3.130950e+002  4.479168e+000
 4.441150e-001  3.146921e+002  4.524597e+000
 4.467500e-001  3.029517e+002  4.452579e+000
 4.493850e-001  3.102701e+002  4.437448e+000
 4.520190e-001  3.062363e+002  4.466286e+000
 4.546540e-001  3.020972e+002  4.376811e+000
 4.572890e-001  3.072642e+002  4.426665e+000
 4.599230e-001  2.983712e+002  4.356282e+000
 4.625580e-001  3.050490e+002  4.349727e+000
 4.651930e-001  2.910095e+002  4.352668e+000
 4.678270e-001  2.885449e+002  4.259255e+000
 4.704620e-001  2.952581e+002  4.318169e+000
 4.730960e-001  2.879024e+002  4.225480e+000
 4.757310e-001  2.936722e+002  4.304252e+000
 4.783660e-001  2.814334e+002  4.253822e+000
 4.810000e-001  2.897525e+002  4.192567e+000
 4.836350e-001  2.858666e+002  4.235498e+000
 4.862700e-001  2.808557e+002  4.142594e+000
 4.889040e-001  2.848360e+002  4.228568e+000
 4.915390e-001  2.721259e+002  4.134276e+000
 4.941740e-001  2.747227e+002  4.117677e+000
 4.968080e-001  2.730245e+002  4.177123e+000
 4.994430e-001  2.714096e+002  4.138880e+000
 5.020780e-001  2.738112e+002  4.110119e+000
 5.047120e-001  2.703956e+002  4.064221e+000
 5.073470e-001  2.678165e+002  4.060117e+000
 5.099820e-001  2.697119e+002  4.074553e+000
 5.126160e-001  2.602555e+002  4.037155e+000
 5.152510e-001  2.613321e+002  4.018829e+000
 5.178860e-001  2.520603e+002  3.990657e+000
 5.205200e-001  2.556615e+002  3.997923e+000
 5.231550e-001  2.506073e+002  3.994382e+000
 5.257900e-001  2.463894e+002  3.950953e+000
 5.284240e-001  2.458309e+002  4.011989e+000
 5.310590e-001  2.506217e+002  4.052842e+000
 5.336940e-001  2.475896e+002  4.096875e+000
 5.363280e-001  2.373381e+002  4.066727e+000
 5.389630e-001  2.461948e+002  4.093908e+000
 5.415970e-001  2.510281e+002  4.157149e+000
 5.442320e-001  2.303502e+002  4.180649e+000
 5.468670e-001  2.403688e+002  4.135397e+000
 5.495010e-001  2.382688e+002  4.122010e+000
 5.521360e-001  2.320485e+002  4.090750e+000
 5.547710e-001  2.282092e+002  4.097423e+000
 5.574050e-001  2.341842e+002  4.062096e+000
 5.600400e-001  2.291852e+002  3.990509e+000
 5.626750e-001  2.274681e+002  3.969419e+000
 5.653090e-001  2.268818e+002  3.925042e+000
 5.679440e-001  2.226514e+002  3.891230e+000
 5.705790e-001  2.187431e+002  3.838950e+000
 5.732130e-001  2.208277e+002  3.839099e+000
 5.758480e-001  2.166699e+002  3.826615e+000
 5.784830e-001  2.114446e+002  3.808051e+000
 5.811170e-001  2.127471e+002  3.758800e+000
 5.837520e-001  2.085866e+002  3.772334e+000
 5.863870e-001  2.057603e+002  3.773858e+000
 5.890210e-001  2.119739e+002  3.767329e+000
 5.916560e-001  2.034642e+002  3.723425e+000
 5.942910e-001  2.039245e+002  3.705065e+000
 5.969250e-001  2.041469e+002  3.721765e+000
 5.995600e-001  2.041671e+002  3.686107e+000
 6.021950e-001  2.004892e+002  3.674320e+000
 6.048290e-001  1.993452e+002  3.689879e+000
 6.074640e-001  1.997383e+002  3.646785e+000
 6.100980e-001  1.962934e+002  3.695389e+000
 6.127330e-001  1.861515e+002  3.601155e+000
 6.153680e-001  1.891443e+002  3.617258e+000
 6.180020e-001  1.859850e+002  3.613712e+000
 6.206370e-001  1.898211e+002  3.610998e+000
 6.232720e-001  1.828638e+002  3.617867e+000
 6.259060e-001  1.852426e+002  3.548856e+000
 6.285410e-001  1.756610e+002  3.572144e+000
 6.311760e-001  1.788783e+002  3.545051e+000
 6.338100e-001  1.807327e+002  3.545314e+000
 6.364450e-001  1.777549e+002  3.539244e+000
 6.390800e-001  1.745286e+002  3.484749e+000
 6.417140e-001  1.764774e+002  3.519074e+000
 6.443490e-001  1.702218e+002  3.475829e+000
 6.469840e-001  1.746872e+002  3.474412e+000
 6.496180e-001  1.680337e+002  3.455035e+000
 6.522530e-001  1.669084e+002  3.422381e+000
 6.548880e-001  1.683771e+002  3.462004e+000
 6.575220e-001  1.639346e+002  3.379079e+000
 6.601570e-001  1.631252e+002  3.411364e+000
 6.627920e-001  1.646754e+002  3.384374e+000
 6.654260e-001  1.618363e+002  3.376716e+000
 6.680610e-001  1.631015e+002  3.434931e+000
 6.706960e-001  1.508119e+002  3.352775e+000
 6.733300e-001  1.523565e+002  3.386490e+000
 6.759650e-001  1.517786e+002  3.351875e+000
 6.786000e-001  1.555938e+002  3.380945e+000
 6.812340e-001  1.537859e+002  3.369976e+000
 6.838690e-001  1.471675e+002  3.319878e+000
 6.865030e-001  1.512949e+002  3.387388e+000
 6.891380e-001  1.463412e+002  3.310986e+000
 6.917730e-001  1.508380e+002  3.364216e+000
 6.944070e-001  1.444446e+002  3.323136e+000
 6.970420e-001  1.478630e+002  3.302877e+000
 6.996770e-001  1.410776e+002  3.348999e+000
 7.023110e-001  1.390373e+002  3.268954e+000
 7.049460e-001  1.382248e+002  3.295250e+000
 7.075810e-001  1.320228e+002  3.296212e+000
 7.102150e-001  1.313407e+002  3.251271e+000
 7.128500e-001  1.348827e+002  3.298453e+000
 7.154850e-001  1.376254e+002  3.227052e+000
 7.181190e-001  1.285102e+002  3.264407e+000
 7.207540e-001  1.322012e+002  3.218257e+000
 7.233890e-001  1.331411e+002  3.253374e+000
 7.260230e-001  1.246166e+002  3.222331e+000
 7.286580e-001  1.284331e+002  3.201717e+000
 7.312930e-001  1.299236e+002  3.225665e+000
 7.339270e-001  1.215698e+002  3.197670e+000
 7.365620e-001  1.192651e+002  3.189731e+000
 7.391970e-001  1.197757e+002  3.197733e+000
 7.418310e-001  1.207689e+002  3.172864e+000
 7.444660e-001  1.211977e+002  3.193356e+000
 7.471010e-001  1.142570e+002  3.143695e+000
 7.497350e-001  1.155294e+002  3.160825e+000
 7.523700e-001  1.187174e+002  3.147392e+000
 7.550040e-001  1.130688e+002  3.179446e+000
 7.576390e-001  1.174996e+002  3.241562e+000
 7.602740e-001  1.133514e+002  3.232002e+000
 7.629080e-001  1.121240e+002  3.275781e+000
 7.655430e-001  1.110741e+002  3.299620e+000
 7.681780e-001  1.058456e+002  3.318168e+000
 7.708120e-001  1.052408e+002  3.298136e+000
 7.734470e-001  1.132627e+002  3.329833e+000
 7.760820e-001  1.032708e+002  3.329280e+000
 7.787160e-001  1.043468e+002  3.303497e+000
 7.813510e-001  9.740780e+001  3.325988e+000
 7.839860e-001  9.891790e+001  3.264379e+000
 7.866200e-001  9.986240e+001  3.211886e+000
 7.892550e-001  9.419370e+001  3.189457e+000
 7.918900e-001  9.194450e+001  3.132773e+000
 7.945240e-001  9.447570e+001  3.130767e+000
 7.971590e-001  9.535670e+001  3.083548e+000
 7.997940e-001  9.289830e+001  3.113486e+000
 8.024280e-001  9.239300e+001  3.077338e+000
 8.050630e-001  9.156690e+001  3.068075e+000
 8.076980e-001  8.731720e+001  3.063294e+000
 8.103320e-001  9.432670e+001  3.051258e+000
 8.129670e-001  8.814730e+001  3.042409e+000
 8.156020e-001  8.781280e+001  3.022285e+000
 8.182360e-001  8.199650e+001  3.016691e+000
 8.208710e-001  8.908770e+001  3.035857e+000
 8.235050e-001  7.994450e+001  3.011325e+000
 8.261400e-001  7.723910e+001  2.998996e+000
 8.287750e-001  8.110430e+001  2.982098e+000
 8.314090e-001  7.873100e+001  3.008758e+000
 8.340440e-001  8.163300e+001  2.987233e+000
 8.366790e-001  7.663270e+001  2.970682e+000
 8.393130e-001  7.872520e+001  2.966444e+000
 8.419480e-001  7.880740e+001  2.934358e+000
 8.445830e-001  7.236330e+001  2.957895e+000
 8.472170e-001  6.983960e+001  2.927196e+000
 8.498520e-001  7.592190e+001  2.903204e+000
 8.524870e-001  6.998240e+001  2.918544e+000
 8.551210e-001  6.978390e+001  2.890180e+000
 8.577560e-001  7.443730e+001  2.909117e+000
 8.603910e-001  6.979650e+001  2.867968e+000
 8.630250e-001  6.725220e+001  2.883049e+000
 8.656600e-001  6.839500e+001  2.889665e+000
 8.682950e-001  7.013780e+001  2.856347e+000
 8.709290e-001  6.922660e+001  2.900728e+000
 8.735640e-001  6.442940e+001  2.843232e+000
 8.761990e-001  6.497170e+001  2.865550e+000
 8.788330e-001  6.651450e+001  2.888085e+000
 8.814680e-001  6.088430e+001  2.849316e+000
 8.841030e-001  6.601920e+001  2.884400e+000
 8.867370e-001  6.138340e+001  2.846294e+000
 8.893720e-001  6.368410e+001  2.865890e+000
 8.920070e-001  6.429100e+001  2.844315e+000
 8.946410e-001  5.872710e+001  2.821382e+000
 8.972760e-001  6.342190e+001  2.855459e+000
 8.999100e-001  5.727960e+001  2.813039e+000
 9.025450e-001  6.034520e+001  2.846881e+000
 9.051800e-001  5.484270e+001  2.804343e+000
 9.078140e-001  5.616440e+001  2.803979e+000
 9.104490e-001  5.376700e+001  2.816420e+000
 9.130840e-001  5.907700e+001  2.799231e+000
 9.157180e-001  5.323570e+001  2.822197e+000
 9.183530e-001  5.567610e+001  2.854729e+000
 9.209880e-001  5.381290e+001  2.898680e+000
 9.236220e-001  5.251900e+001  2.922983e+000
 9.262570e-001  4.645970e+001  2.898974e+000
 9.288920e-001  4.961050e+001  2.956809e+000
 9.315260e-001  5.169150e+001  2.933225e+000
 9.341610e-001  4.702110e+001  2.978191e+000
 9.367960e-001  5.273620e+001  2.971566e+000
 9.394300e-001  4.595590e+001  2.952296e+000
 9.420650e-001  4.684450e+001  2.997515e+000
 9.447000e-001  4.982370e+001  2.990020e+000
 9.473340e-001  4.446250e+001  3.034418e+000
 9.499690e-001  4.753700e+001  2.976417e+000
 9.526040e-001  5.535310e+001  3.020413e+000
 9.552380e-001  4.093940e+001  3.038388e+000
 9.578730e-001  4.147130e+001  3.020096e+000
 9.605080e-001  4.443870e+001  3.047483e+000
 9.631420e-001  4.968970e+001  3.019436e+000
 9.657770e-001  4.671360e+001  3.065290e+000
 9.684110e-001  4.300220e+001  3.073258e+000
 9.710460e-001  3.985220e+001  2.994852e+000
 9.736810e-001  3.939550e+001  2.966303e+000
 9.763150e-001  4.473810e+001  2.923379e+000
 9.789500e-001  3.970290e+001  2.931853e+000
 9.815850e-001  4.193100e+001  2.897681e+000
 9.842190e-001  3.959850e+001  2.867875e+000
 9.868540e-001  4.272880e+001  2.876258e+000
 9.894890e-001  4.223680e+001  2.849091e+000
 9.921230e-001  4.041170e+001  2.865452e+000
 9.947580e-001  3.789660e+001  2.821686e+000
 9.973930e-001  3.995950e+001  2.823944e+000
 1.000030e+000  3.580300e+001  2.803907e+000
 1.002660e+000  3.370030e+001  2.800726e+000
 1.005300e+000  3.409600e+001  2.783245e+000
 1.007930e+000  2.831240e+001  2.764358e+000
 1.010570e+000  3.468680e+001  2.795861e+000
 1.013200e+000  3.464670e+001  2.761355e+000
 1.015840e+000  2.854280e+001  2.753087e+000
 1.018470e+000  3.323920e+001  2.753445e+000
 1.021100e+000  3.284750e+001  2.740299e+000
 1.023740e+000  3.216360e+001  2.749390e+000
 1.026370e+000  3.541250e+001  2.720737e+000
 1.029010e+000  2.728560e+001  2.740827e+000
 1.031640e+000  3.465170e+001  2.716851e+000
 1.034280e+000  3.055470e+001  2.712342e+000
 1.036910e+000  3.223610e+001  2.724279e+000
 1.039550e+000  3.122660e+001  2.681447e+000
 1.042180e+000  3.374940e+001  2.712222e+000
 1.044820e+000  2.955960e+001  2.693518e+000
 1.047450e+000  3.391760e+001  2.691721e+000
 1.050090e+000  2.845120e+001  2.686341e+000
 1.052720e+000  3.085600e+001  2.663918e+000
 1.055360e+000  2.993470e+001  2.671169e+000
 1.057990e+000  3.236450e+001  2.666480e+000
 1.060620e+000  2.710380e+001  2.658593e+000
 1.063260e+000  2.459840e+001  2.640950e+000
 1.065890e+000  2.494790e+001  2.626786e+000
 1.068530e+000  2.457920e+001  2.632366e+000
 1.071160e+000  2.513650e+001  2.617359e+000
 1.073800e+000  2.389950e+001  2.634104e+000
 1.076430e+000  2.612870e+001  2.621869e+000
 1.079070e+000  2.602570e+001  2.596331e+000
 1.081700e+000  2.400920e+001  2.615629e+000
 1.084340e+000  2.469460e+001  2.590148e+000
 1.086970e+000  2.179030e+001  2.603199e+000
 1.089610e+000  1.925170e+001  2.594017e+000
 1.092240e+000  2.806670e+001  2.593667e+000
 1.094870e+000  2.573840e+001  2.586853e+000
 1.097510e+000  2.316240e+001  2.572402e+000
 1.100140e+000  2.426870e+001  2.592059e+000
 1.102780e+000  2.752030e+001  2.585002e+000
 1.105410e+000  2.255040e+001  2.555865e+000
 1.108050e+000  1.810960e+001  2.548686e+000
 1.110680e+000  2.176000e+001  2.563018e+000
 1.113320e+000  2.103890e+001  2.588550e+000
 1.115950e+000  2.061010e+001  2.549183e+000
 1.118590e+000  1.857450e+001  2.556943e+000
 1.121220e+000  2.350760e+001  2.561917e+000
 1.123860e+000  2.196920e+001  2.561030e+000
 1.126490e+000  2.191200e+001  2.555661e+000
 1.129130e+000  1.929550e+001  2.531241e+000
 1.131760e+000  2.221150e+001  2.539893e+000
 1.134390e+000  2.381210e+001  2.535827e+000
 1.137030e+000  2.203690e+001  2.539340e+000
 1.139660e+000  2.566730e+001  2.530782e+000
 1.142300e+000  1.824930e+001  2.518590e+000
 1.144930e+000  2.064050e+001  2.543819e+000
 1.147570e+000  1.839920e+001  2.510563e+000
 1.150200e+000  1.814610e+001  2.512588e+000
 1.152840e+000  1.757010e+001  2.506181e+000
 1.155470e+000  1.788760e+001  2.503988e+000
 1.158110e+000  1.686360e+001  2.517537e+000
 1.160740e+000  1.372990e+001  2.472645e+000
 1.163380e+000  1.943690e+001  2.504119e+000
 1.166010e+000  1.993200e+001  2.484750e+000
 1.168650e+000  1.952700e+001  2.488455e+000
 1.171280e+000  1.875350e+001  2.490386e+000
 1.173910e+000  1.749390e+001  2.470199e+000
 1.176550e+000  1.267130e+001  2.482954e+000
 1.179180e+000  1.765440e+001  2.471333e+000
 1.181820e+000  1.334070e+001  2.477330e+000
 1.184450e+000  2.107360e+001  2.467181e+000
 1.187090e+000  1.578980e+001  2.453796e+000
 1.189720e+000  1.180030e+001  2.461934e+000
 1.192360e+000  1.914900e+001  2.448546e+000
 1.194990e+000  1.393240e+001  2.448784e+000
 1.197630e+000  1.581490e+001  2.434127e+000
 1.200260e+000  2.158750e+001  2.448986e+000
 1.202900e+000  1.369910e+001  2.437080e+000
 1.205530e+000  2.000440e+001  2.419855e+000
 1.208170e+000  1.288930e+001  2.442110e+000
 1.210800e+000  1.462800e+001  2.414985e+000
 1.213430e+000  1.657720e+001  2.424452e+000
 1.216070e+000  1.716650e+001  2.414427e+000
 1.218700e+000  1.783690e+001  2.407980e+000
 1.221340e+000  1.590350e+001  2.424630e+000
 1.223970e+000  1.478220e+001  2.406257e+000
 1.226610e+000  1.444960e+001  2.412149e+000
 1.229240e+000  1.462750e+001  2.406223e+000
 1.231880e+000  1.520740e+001  2.405145e+000
 1.234510e+000  1.473510e+001  2.411519e+000
 1.237150e+000  1.695100e+001  2.400868e+000
 1.239780e+000  1.634190e+001  2.404104e+000
 1.242420e+000  1.452250e+001  2.396190e+000
 1.245050e+000  1.164790e+001  2.406186e+000
 1.247680e+000  1.525940e+001  2.415770e+000
 1.250320e+000  1.705750e+001  2.379329e+000
 1.252950e+000  1.371490e+001  2.404314e+000
 1.255590e+000  1.524120e+001  2.379040e+000
 1.258220e+000  9.620800e+000  2.398046e+000
 1.260860e+000  1.904700e+001  2.396111e+000
 1.263490e+000  1.420040e+001  2.374990e+000
 1.266130e+000  1.561520e+001  2.379320e+000
 1.268760e+000  1.198000e+001  2.376057e+000
 1.271400e+000  1.700790e+001  2.379933e+000
 1.274030e+000  1.745440e+001  2.365870e+000
 1.276670e+000  1.366820e+001  2.373460e+000
 1.279300e+000  1.502390e+001  2.369828e+000
 1.281940e+000  1.348520e+001  2.364368e+000
 1.284570e+000  1.365300e+001  2.355291e+000
 1.287200e+000  1.423400e+001  2.345021e+000
 1.289840e+000  1.306450e+001  2.362673e+000
 1.292470e+000  1.532590e+001  2.360330e+000
 1.295110e+000  1.223560e+001  2.337815e+000
 1.297740e+000  1.414970e+001  2.330040e+000
 1.300380e+000  1.336570e+001  2.345285e+000
 1.303010e+000  1.649540e+001  2.354107e+000
 1.305650e+000  1.354010e+001  2.336929e+000
 1.308280e+000  7.487300e+000  2.332852e+000
 1.310920e+000  9.089100e+000  2.325982e+000
 1.313550e+000  9.790200e+000  2.329776e+000
 1.316190e+000  1.033390e+001  2.327601e+000
 1.318820e+000  8.531500e+000  2.316005e+000
 1.321460e+000  1.261890e+001  2.320765e+000
 1.324090e+000  1.041480e+001  2.312172e+000
 1.326720e+000  1.489880e+001  2.321189e+000
 1.329360e+000  1.403270e+001  2.312248e+000
 1.331990e+000  7.412800e+000  2.310349e+000
 1.334630e+000  6.249600e+000  2.311088e+000
 1.337260e+000  8.950500e+000  2.315661e+000
 1.339900e+000  1.173890e+001  2.301970e+000
 1.342530e+000  1.229360e+001  2.293999e+000
 1.345170e+000  1.254200e+001  2.287294e+000
 1.347800e+000  1.244170e+001  2.293193e+000
 1.350440e+000  1.363790e+001  2.298465e+000
 1.353070e+000  1.048630e+001  2.282466e+000
 1.355710e+000  8.169400e+000  2.281319e+000
 1.358340e+000  9.589000e+000  2.292181e+000
 1.360970e+000  1.107890e+001  2.286669e+000
 1.363610e+000  1.135270e+001  2.264454e+000
 1.366240e+000  7.482700e+000  2.276521e+000
 1.368880e+000  9.918500e+000  2.281523e+000
 1.371510e+000  7.677000e+000  2.273014e+000
 1.374150e+000  1.212550e+001  2.277414e+000
 1.376780e+000  1.182910e+001  2.263173e+000
 1.379420e+000  1.354350e+001  2.273104e+000
 1.382050e+000  5.774900e+000  2.260443e+000
 1.384690e+000  9.915100e+000  2.267354e+000
 1.387320e+000  1.265770e+001  2.256849e+000
 1.389960e+000  8.248900e+000  2.254850e+000
 1.392590e+000  1.207950e+001  2.276077e+000
 1.395230e+000  7.179400e+000  2.236327e+000
 1.397860e+000  1.108970e+001  2.251306e+000
 1.400490e+000  8.231700e+000  2.258134e+000
 1.403130e+000  1.186180e+001  2.244633e+000
 1.405760e+000  9.255000e+000  2.264216e+000
 1.408400e+000  1.027840e+001  2.224206e+000
 1.411030e+000  7.253000e+000  2.249185e+000
 1.413670e+000  1.120820e+001  2.248107e+000
 1.416300e+000  8.443600e+000  2.243111e+000
 1.418940e+000  8.443500e+000  2.248893e+000
 1.421570e+000  8.786300e+000  2.221127e+000
 1.424210e+000  5.522300e+000  2.244649e+000
 1.426840e+000  8.649500e+000  2.225526e+000
 1.429480e+000  1.024900e+001  2.222180e+000
 1.432110e+000  1.275550e+001  2.239558e+000
 1.434750e+000  1.166760e+001  2.228144e+000
 1.437380e+000  1.049230e+001  2.238585e+000
 1.440010e+000  1.031890e+001  2.217912e+000
 1.442650e+000  9.640600e+000  2.213625e+000
 1.445280e+000  5.938800e+000  2.220664e+000
 1.447920e+000  1.480680e+001  2.227603e+000
 1.450550e+000  7.060600e+000  2.218150e+000
 1.453190e+000  7.875200e+000  2.202382e+000
 1.455820e+000  1.071360e+001  2.214668e+000
 1.458460e+000  8.197100e+000  2.213539e+000
 1.461090e+000  7.380900e+000  2.206845e+000
 1.463730e+000  1.045400e+001  2.215221e+000
 1.466360e+000  6.909900e+000  2.187301e+000
 1.469000e+000  9.272800e+000  2.220284e+000
 1.471630e+000  1.293940e+001  2.205571e+000
 1.474270e+000  9.885000e+000  2.212894e+000
 1.476900e+000  7.222700e+000  2.241611e+000
 1.479530e+000  7.088700e+000  2.252250e+000
 1.482170e+000  1.089810e+001  2.301960e+000
 1.484800e+000  9.646700e+000  2.273607e+000
 1.487440e+000  1.200710e+001  2.309417e+000
 1.490070e+000  8.767400e+000  2.304013e+000
 1.492710e+000  7.805300e+000  2.321821e+000
 1.495340e+000  4.391600e+000  2.329054e+000
 1.497980e+000  1.047610e+001  2.320807e+000
 1.500610e+000  1.144020e+001  2.357981e+000
 1.503250e+000  6.320600e+000  2.343668e+000
 1.505880e+000  8.975900e+000  2.346717e+000
 1.508520e+000  1.182500e+001  2.366265e+000
 1.511150e+000  1.139700e+001  2.360612e+000
 1.513780e+000  9.137900e+000  2.378181e+000
 1.516420e+000  1.114030e+001  2.369140e+000
 1.519050e+000  9.646300e+000  2.381963e+000
 1.521690e+000  5.972500e+000  2.388551e+000
 1.524320e+000  1.054650e+001  2.380519e+000
 1.526960e+000  8.670800e+000  2.410710e+000
 1.529590e+000  9.059700e+000  2.363423e+000
 1.532230e+000  7.018900e+000  2.341201e+000
 1.534860e+000  4.458100e+000  2.325393e+000
 1.537500e+000  9.020800e+000  2.310033e+000
 1.540130e+000  6.194500e+000  2.304242e+000
 1.542770e+000  9.005500e+000  2.277175e+000
 1.545400e+000  1.165770e+001  2.293525e+000
 1.548040e+000  6.017100e+000  2.268665e+000
 1.550670e+000  7.463300e+000  2.267014e+000
 1.553300e+000  1.051330e+001  2.266789e+000
 1.555940e+000  9.716100e+000  2.255435e+000
 1.558570e+000  8.013000e+000  2.274142e+000
 1.561210e+000  7.340400e+000  2.235585e+000
 1.563840e+000  1.031580e+001  2.245144e+000
 1.566480e+000  8.080700e+000  2.221132e+000
 1.569110e+000  6.524200e+000  2.239732e+000
 1.571750e+000  1.134330e+001  2.243513e+000
 1.574380e+000  5.498800e+000  2.209503e+000
 1.577020e+000  8.799600e+000  2.223488e+000
 1.579650e+000  3.863000e+000  2.199804e+000
 1.582290e+000  8.458100e+000  2.219749e+000
 1.584920e+000  7.693100e+000  2.207353e+000
 1.587560e+000  5.865500e+000  2.187303e+000
 1.590190e+000  9.200100e+000  2.219942e+000
 1.592820e+000  6.190100e+000  2.194742e+000
 1.595460e+000  8.940100e+000  2.207559e+000
 1.598090e+000  7.985500e+000  2.181362e+000
 1.600730e+000  8.257400e+000  2.196875e+000
 1.603360e+000  8.745600e+000  2.204886e+000
 1.606000e+000  4.565700e+000  2.176952e+000
 1.608630e+000  8.940100e+000  2.197433e+000
 1.611270e+000  7.009300e+000  2.171449e+000
 1.613900e+000  3.869900e+000  2.189650e+000
 1.616540e+000  9.235500e+000  2.193265e+000
 1.619170e+000  6.008600e+000  2.165193e+000
 1.621810e+000  1.035830e+001  2.187778e+000
 1.624440e+000  5.653200e+000  2.170465e+000
 1.627080e+000  4.426200e+000  2.191266e+000
 1.629710e+000  6.363200e+000  2.178453e+000
 1.632340e+000  6.402000e+000  2.170454e+000
 1.634980e+000  8.901500e+000  2.192262e+000
 1.637610e+000  7.320100e+000  2.159048e+000
 1.640250e+000  8.381600e+000  2.171645e+000
 1.642880e+000  6.164200e+000  2.165123e+000
 1.645520e+000  7.517700e+000  2.165255e+000
 1.648150e+000  6.485900e+000  2.173814e+000
 1.650790e+000  6.647700e+000  2.161119e+000
 1.653420e+000  7.285500e+000  2.169098e+000
 1.656060e+000  6.102100e+000  2.149076e+000
 1.658690e+000  8.446200e+000  2.162601e+000
 1.661330e+000  1.337730e+001  2.166630e+000
 1.663960e+000  5.075700e+000  2.141743e+000
 1.666590e+000  7.138700e+000  2.163679e+000
 1.669230e+000  4.501100e+000  2.127955e+000
 1.671860e+000  8.824700e+000  2.151089e+000
 1.674500e+000  8.941200e+000  2.142581e+000
 1.677130e+000  7.470000e+000  2.137169e+000
 1.679770e+000  6.160300e+000  2.151015e+000
 1.682400e+000  9.465300e+000  2.136961e+000
 1.685040e+000  6.227900e+000  2.141816e+000
 1.687670e+000  5.751100e+000  2.125654e+000
 1.690310e+000  6.803300e+000  2.129373e+000
 1.692940e+000  8.065700e+000  2.149565e+000
 1.695580e+000  6.310900e+000  2.117420e+000
 1.698210e+000  6.160100e+000  2.145859e+000
 1.700850e+000  8.143100e+000  2.113301e+000
 1.703480e+000  6.340500e+000  2.130621e+000
 1.706110e+000  2.573900e+000  2.128526e+000
 1.708750e+000  8.236800e+000  2.117085e+000
 1.711380e+000  8.027300e+000  2.133390e+000
 1.714020e+000  3.155400e+000  2.126084e+000
 1.716650e+000  6.490600e+000  2.127917e+000
 1.719290e+000  5.785200e+000  2.121680e+000
 1.721920e+000  2.107100e+000  2.119392e+000
 1.724560e+000  2.039600e+000  2.124528e+000
 1.727190e+000  6.296900e+000  2.128083e+000
 1.729830e+000  7.151700e+000  2.125811e+000
 1.732460e+000  5.590000e+000  2.111026e+000
 1.735100e+000  8.106000e+000  2.120261e+000
 1.737730e+000  7.115700e+000  2.124490e+000
 1.740370e+000  9.009000e+000  2.119647e+000
 1.743000e+000  6.138300e+000  2.108891e+000
 1.745630e+000  2.796300e+000  2.103232e+000
 1.748270e+000  6.165700e+000  2.120841e+000
 1.750900e+000  3.377300e+000  2.102661e+000
 1.753540e+000  7.875400e+000  2.108134e+000
 1.756170e+000  2.369700e+000  2.108187e+000
 1.758810e+000  6.446400e+000  2.111555e+000
 1.761440e+000  1.094990e+001  2.121617e+000
 1.764080e+000  4.480700e+000  2.093717e+000
 1.766710e+000  8.020000e+000  2.106655e+000
 1.769350e+000  3.145600e+000  2.095919e+000
 1.771980e+000  4.166100e+000  2.100698e+000
 1.774620e+000  1.954900e+000  2.103082e+000
 1.777250e+000  2.932500e+000  2.084083e+000
 1.779890e+000  9.552100e+000  2.110916e+000
 1.782520e+000  4.264900e+000  2.099714e+000
 1.785150e+000  4.798400e+000  2.090719e+000
 1.787790e+000  2.525500e+000  2.100533e+000
 1.790420e+000  6.176700e+000  2.081373e+000
 1.793060e+000  4.498500e+000  2.103201e+000
 1.795690e+000  2.800700e+000  2.083364e+000
 1.798330e+000  7.912400e+000  2.089421e+000
 1.800960e+000  2.238700e+000  2.085587e+000
 1.803600e+000  5.884500e+000  2.082389e+000
 1.806230e+000  7.136500e+000  2.109075e+000
 1.808870e+000  2.206400e+000  2.071139e+000
 1.811500e+000 -2.725000e-001  2.086081e+000
 1.814140e+000  8.463900e+000  2.086095e+000
 1.816770e+000  2.880000e+000  2.078770e+000
 1.819400e+000  8.183800e+000  2.083395e+000
 1.822040e+000  2.766800e+000  2.070955e+000
 1.824670e+000  7.245800e+000  2.092407e+000
 1.827310e+000  2.819700e+000  2.067945e+000
 1.829940e+000  4.957500e+000  2.079267e+000
 1.832580e+000  5.703700e+000  2.071539e+000
 1.835210e+000  1.616200e+000  2.060501e+000
 1.837850e+000  5.301700e+000  2.091297e+000
 1.840480e+000  6.230400e+000  2.062712e+000
 1.843120e+000  6.112700e+000  2.074757e+000
 1.845750e+000  6.531400e+000  2.078677e+000
 1.848390e+000  8.120200e+000  2.073018e+000
 1.851020e+000  4.589000e+000  2.081417e+000
 1.853660e+000  6.072500e+000  2.058340e+000
 1.856290e+000  4.463400e+000  2.077692e+000
 1.858920e+000  6.003800e+000  2.074274e+000
 1.861560e+000  4.479400e+000  2.079949e+000
 1.864190e+000  4.167500e+000  2.073812e+000
 1.866830e+000  4.713800e+000  2.054596e+000
 1.869460e+000  3.966700e+000  2.082819e+000
 1.872100e+000  5.709500e+000  2.064919e+000
 1.874730e+000  5.060100e+000  2.067008e+000
 1.877370e+000  4.362800e+000  2.082073e+000
 1.880000e+000  7.480600e+000  2.060884e+000
 1.882640e+000  2.089100e+000  2.083457e+000
 1.885270e+000  6.847100e+000  2.064203e+000
 1.887910e+000  8.343300e+000  2.081840e+000
 1.890540e+000  3.945800e+000  2.079729e+000
 1.893180e+000  3.128600e+000  2.074118e+000
 1.895810e+000  4.571000e+000  2.086235e+000
 1.898440e+000  4.665700e+000  2.062122e+000
 1.901080e+000  7.571200e+000  2.086951e+000
 1.903710e+000  5.782600e+000  2.075106e+000
 1.906350e+000  3.254000e+000  2.097047e+000
 1.908980e+000  4.499500e+000  2.078112e+000
 1.911620e+000  7.028300e+000  2.072884e+000
 1.914250e+000  4.889200e+000  2.087271e+000
 1.916890e+000  4.494000e+000  2.086835e+000
 1.919520e+000  4.729800e+000  2.082520e+000
 1.922160e+000  7.105700e+000  2.085789e+000
 1.924790e+000  5.515300e+000  2.079107e+000
 1.927430e+000  7.363800e+000  2.096778e+000
 1.930060e+000  5.101400e+000  2.078593e+000
 1.932690e+000  6.468400e+000  2.091353e+000
 1.935330e+000  6.266000e+000  2.079578e+000
 1.937960e+000  3.628100e+000  2.090619e+000
 1.940600e+000  4.113100e+000  2.086727e+000
 1.943230e+000  7.587100e+000  2.080621e+000
 1.945870e+000  2.055900e+000  2.092744e+000
 1.948500e+000  7.085000e+000  2.084331e+000
 1.951140e+000  6.568700e+000  2.093530e+000
 1.953770e+000  4.902000e+000  2.087910e+000
 1.956410e+000  6.032900e+000  2.081796e+000
 1.959040e+000  3.334800e+000  2.100618e+000
 1.961680e+000  1.476400e+000  2.080154e+000
 1.964310e+000  5.740700e+000  2.088839e+000
 1.966950e+000  6.306600e+000  2.084238e+000
 1.969580e+000  2.197000e+000  2.080574e+000
 1.972210e+000  3.672100e+000  2.098413e+000
 1.974850e+000  2.440100e+000  2.085753e+000
 1.977480e+000  5.653500e+000  2.099274e+000
 1.980120e+000  5.682100e+000  2.079871e+000
 1.982750e+000  2.484100e+000  2.093984e+000
 1.985390e+000  4.381600e+000  2.090345e+000
 1.988020e+000  5.278900e+000  2.078319e+000
 1.990660e+000  5.224000e+000  2.104242e+000
 1.993290e+000  4.650600e+000  2.083700e+000
 1.995930e+000  4.593300e+000  2.095631e+000
 1.998560e+000  4.853500e+000  2.088889e+000
 2.001200e+000  1.643700e+000  2.084386e+000
 2.003830e+000  3.320400e+000  2.107254e+000
 2.006470e+000  6.595500e+000  2.091036e+000
 2.009100e+000  4.071100e+000  2.092621e+000
 2.011730e+000  2.823400e+000  2.078151e+000
 2.014370e+000  6.244600e+000  2.091334e+000
 2.017000e+000  5.468800e+000  2.100964e+000
 2.019640e+000  5.572700e+000  2.081199e+000
 2.022270e+000  5.105100e+000  2.104292e+000
 2.024910e+000  5.890200e+000  2.083059e+000
 2.027540e+000  1.288400e+000  2.098870e+000
 2.030180e+000  4.998300e+000  2.094059e+000
 2.032810e+000  1.253000e+000  2.092394e+000
 2.035450e+000  3.905300e+000  2.149503e+000
 2.038080e+000  4.267300e+000  2.157836e+000
 2.040720e+000  7.718000e-001  2.192581e+000
 2.043350e+000  2.631400e+000  2.177751e+000
 2.045990e+000  6.077000e+000  2.196814e+000
 2.048620e+000  8.057100e+000  2.220358e+000
 2.051250e+000  3.361900e+000  2.210396e+000
 2.053890e+000  4.730400e+000  2.226330e+000
 2.056520e+000  4.252200e+000  2.225882e+000
 2.059160e+000  3.010600e+000  2.246105e+000
 2.061790e+000  4.534000e+000  2.254476e+000
 2.064430e+000  1.355100e+000  2.240567e+000
 2.067060e+000  3.068400e+000  2.266192e+000
 2.069700e+000  5.033900e+000  2.261684e+000
 2.072330e+000  2.760600e+000  2.292229e+000
 2.074970e+000  1.780500e+000  2.273302e+000
 2.077600e+000  5.598000e+000  2.268596e+000
 2.080240e+000  6.345000e-001  2.298480e+000
 2.082870e+000  2.869800e+000  2.303396e+000
 2.085500e+000  3.243000e-001  2.318522e+000
 2.088140e+000  4.297900e+000  2.289089e+000
 2.090770e+000  3.912700e+000  2.248543e+000
 2.093410e+000  3.958200e+000  2.239430e+000
 2.096040e+000  3.502700e+000  2.232112e+000
 2.098680e+000  6.046100e+000  2.220916e+000
 2.101310e+000  3.055800e+000  2.207373e+000
 2.103950e+000  1.340000e-001  2.212753e+000
 2.106580e+000  1.326900e+000  2.197927e+000
 2.109220e+000  5.636000e+000  2.195573e+000
 2.111850e+000  2.180100e+000  2.185661e+000
 2.114490e+000  3.986200e+000  2.192596e+000
 2.117120e+000  7.011700e+000  2.204336e+000
 2.119760e+000  5.616900e+000  2.201889e+000
 2.122390e+000  2.598500e+000  2.180019e+000
 2.125020e+000  5.192000e-001  2.187409e+000
 2.127660e+000  2.309400e+000  2.193459e+000
 2.130290e+000  3.462700e+000  2.196113e+000
 2.132930e+000  1.210500e+000  2.189508e+000
 2.135560e+000  2.969800e+000  2.189799e+000
 2.138200e+000  4.328900e+000  2.191650e+000
 2.140830e+000 -6.164000e-001  2.191840e+000
 2.143470e+000 -7.369000e-001  2.181858e+000
 2.146100e+000  2.533600e+000  2.183072e+000
 2.148740e+000  4.806000e+000  2.193886e+000
 2.151370e+000  3.988600e+000  2.203063e+000
 2.154010e+000  1.971700e+000  2.188634e+000
 2.156640e+000  5.561300e+000  2.196437e+000
 2.159280e+000  6.377400e+000  2.193273e+000
 2.161910e+000  3.702700e+000  2.210358e+000
 2.164540e+000  3.246400e+000  2.195076e+000
 2.167180e+000  1.321000e+000  2.199230e+000
 2.169810e+000  5.024100e+000  2.211180e+000
 2.172450e+000  1.322200e+000  2.189067e+000
 2.175080e+000  6.985600e+000  2.192418e+000
 2.177720e+000  3.983400e+000  2.184599e+000
 2.180350e+000 -8.860000e-001  2.193827e+000
 2.182990e+000  2.879100e+000  2.203725e+000
 2.185620e+000  5.932700e+000  2.198404e+000
 2.188260e+000  2.252300e+000  2.195004e+000
 2.190890e+000  2.138900e+000  2.189427e+000
 2.193530e+000  3.550100e+000  2.205703e+000
 2.196160e+000  6.386000e+000  2.205539e+000
 2.198800e+000  1.091200e+000  2.187189e+000
 2.201430e+000  1.567300e+000  2.191409e+000
 2.204060e+000  5.678500e+000  2.201643e+000
 2.206700e+000  3.932400e+000  2.218545e+000
 2.209330e+000  3.064300e+000  2.184274e+000
 2.211970e+000  2.643600e+000  2.199039e+000
 2.214600e+000  5.617000e-001  2.200058e+000
 2.217240e+000  3.139500e+000  2.202058e+000
 2.219870e+000  1.798300e+000  2.210185e+000
 2.222510e+000  1.368300e+000  2.194909e+000
 2.225140e+000 -1.457400e+000  2.206309e+000
 2.227780e+000  3.781800e+000  2.213628e+000
 2.230410e+000  3.634200e+000  2.218224e+000
 2.233050e+000  1.274600e+000  2.210376e+000
 2.235680e+000  7.371900e+000  2.216051e+000
 2.238310e+000  4.263800e+000  2.220680e+000
 2.240950e+000  3.858400e+000  2.209270e+000
 2.243580e+000  1.847600e+000  2.219584e+000
 2.246220e+000  1.037640e+001  2.211622e+000
 2.248850e+000  8.194600e+000  2.220099e+000
 2.251490e+000  4.434000e+000  2.232059e+000
 2.254120e+000  1.666300e+000  2.191858e+000
 2.256760e+000  2.238700e+000  2.219193e+000
 2.259390e+000  5.010000e+000  2.214480e+000
 2.262030e+000 -2.154500e+000  2.208827e+000
 2.264660e+000  1.022200e+000  2.214297e+000
 2.267300e+000  2.280000e-001  2.192302e+000
 2.269930e+000 -9.770000e-001  2.217630e+000
 2.272570e+000  1.149800e+000  2.192034e+000
 2.275200e+000  2.163000e-001  2.206862e+000
 2.277830e+000  6.166000e-001  2.204002e+000
 2.280470e+000  3.075600e+000  2.199187e+000
 2.283100e+000 -1.132500e+000  2.220662e+000
 2.285740e+000  1.439600e+000  2.186550e+000
 2.288370e+000 -2.381800e+000  2.210553e+000
 2.291010e+000  3.687900e+000  2.207296e+000
 2.293640e+000  2.610000e-002  2.207395e+000
 2.296280e+000  6.300700e+000  2.232981e+000
 2.298910e+000  4.827200e+000  2.190727e+000
 2.301550e+000  4.342900e+000  2.226682e+000
 2.304180e+000  3.136800e+000  2.208688e+000
 2.306820e+000  1.392300e+000  2.205656e+000
 2.309450e+000  3.138800e+000  2.222890e+000
 2.312090e+000  7.131500e+000  2.203182e+000
 2.314720e+000 -1.316000e+000  2.224723e+000
 2.317350e+000  7.290900e+000  2.205869e+000
 2.319990e+000  4.871000e-001  2.217028e+000
 2.322620e+000  2.794800e+000  2.230492e+000
 2.325260e+000  3.720500e+000  2.202313e+000
 2.327890e+000  3.215500e+000  2.231196e+000
 2.330530e+000  3.308200e+000  2.201210e+000
 2.333160e+000  2.320100e+000  2.221260e+000
 2.335800e+000  4.763100e+000  2.225404e+000
 2.338430e+000  9.098000e-001  2.208453e+000
 2.341070e+000  3.211000e-001  2.232353e+000
 2.343700e+000  8.699000e-001  2.206048e+000
 2.346340e+000  1.089200e+000  2.216148e+000
 2.348970e+000  7.672000e-001  2.224216e+000
 2.351610e+000  1.324900e+000  2.213581e+000
 2.354240e+000  1.047600e+000  2.224864e+000
 2.356870e+000  9.485000e-001  2.194793e+000
 2.359510e+000  3.502700e+000  2.226482e+000
 2.362140e+000  9.207000e-001  2.209957e+000
 2.364780e+000  1.279000e+000  2.217203e+000
 2.367410e+000 -1.271400e+000  2.205555e+000
 2.370050e+000  5.140000e+000  2.203755e+000
 2.372680e+000 -1.378300e+000  2.218122e+000
 2.375320e+000 -3.987900e+000  2.195492e+000
 2.377950e+000  7.070000e-001  2.214375e+000
 2.380590e+000  8.152000e-001  2.196177e+000
 2.383220e+000  4.188000e+000  2.220206e+000
 2.385860e+000  1.412000e+000  2.210701e+000
 2.388490e+000  3.378200e+000  2.203204e+000
 2.391120e+000  3.569700e+000  2.208148e+000
 2.393760e+000  3.632900e+000  2.199271e+000
 2.396390e+000  5.827700e+000  2.227585e+000
 2.399030e+000  3.684700e+000  2.211364e+000
 2.401660e+000  3.128900e+000  2.199436e+000
 2.404300e+000  2.966500e+000  2.228052e+000
 2.406930e+000 -2.398000e-001  2.195540e+000
 2.409570e+000  3.520700e+000  2.224387e+000
 2.412200e+000  3.303700e+000  2.203751e+000
 2.414840e+000  4.493200e+000  2.202999e+000
 2.417470e+000 -8.675000e-001  2.224595e+000
 2.420110e+000  1.511000e-001  2.199042e+000
 2.422740e+000  4.806400e+000  2.227426e+000
 2.425380e+000  2.949200e+000  2.199266e+000
 2.428010e+000  3.195600e+000  2.222873e+000
 2.430640e+000 -1.195000e+000  2.222133e+000
 2.433280e+000 -1.090600e+000  2.197944e+000
 2.435910e+000 -7.778000e-001  2.218807e+000
 2.438550e+000  1.173000e-001  2.199494e+000
 2.441180e+000  3.912000e-001  2.221672e+000
 2.443820e+000  3.398200e+000  2.221846e+000
 2.446450e+000  1.812400e+000  2.205853e+000
 2.449090e+000  1.149600e+000  2.234777e+000
 2.451720e+000  1.438100e+000  2.203317e+000
 2.454360e+000  2.991100e+000  2.228871e+000
 2.456990e+000  1.803900e+000  2.209381e+000
 2.459630e+000 -3.260100e+000  2.213939e+000
 2.462260e+000 -1.909200e+000  2.225670e+000
 2.464900e+000 -7.714000e-001  2.211702e+000
 2.467530e+000  4.549000e-001  2.219932e+000
 2.470160e+000 -2.718100e+000  2.204030e+000
 2.472800e+000  2.513400e+000  2.228424e+000
 2.475430e+000  6.709000e+000  2.235946e+000
 2.478070e+000  2.960900e+000  2.213529e+000
 2.480700e+000  5.655100e+000  2.231729e+000
 2.483340e+000  3.995200e+000  2.209689e+000
 2.485970e+000  2.837300e+000  2.235975e+000
 2.488610e+000  3.263100e+000  2.223209e+000
 2.491240e+000  2.423800e+000  2.210378e+000
 2.493880e+000  8.599000e-001  2.237191e+000
 2.496510e+000  3.408500e+000  2.208764e+000
 2.499150e+000  2.449700e+000  2.234018e+000
 2.501780e+000  4.105000e+000  2.215544e+000
 2.504410e+000  2.672900e+000  2.225987e+000
 2.507050e+000  1.026800e+000  2.235663e+000
 2.509680e+000  5.167600e+000  2.220513e+000
 2.512320e+000  3.090300e+000  2.233052e+000
 2.514950e+000  2.751900e+000  2.215679e+000
 2.517590e+000  4.099000e+000  2.237219e+000
 2.520220e+000  1.014400e+000  2.236651e+000
 2.522860e+000  4.050200e+000  2.213381e+000
 2.525490e+000  3.386800e+000  2.235099e+000
 2.528130e+000  1.642800e+000  2.219737e+000
 2.530760e+000  2.899100e+000  2.247944e+000
 2.533400e+000  2.308100e+000  2.207800e+000
 2.536030e+000  1.928200e+000  2.218801e+000
 2.538670e+000  1.210900e+000  2.234898e+000
 2.541300e+000  3.066600e+000  2.220369e+000
 2.543930e+000  3.165500e+000  2.235411e+000
 2.546570e+000  2.746600e+000  2.195600e+000
 2.549200e+000  6.468000e-001  2.224977e+000
 2.551840e+000 -4.398000e-001  2.217356e+000
 2.554470e+000  5.553500e+000  2.223316e+000
 2.557110e+000  9.681000e-001  2.223346e+000
 2.559740e+000  2.402900e+000  2.198060e+000
 2.562380e+000  2.166400e+000  2.225809e+000
 2.565010e+000 -5.200000e-003  2.200845e+000
 2.567650e+000  2.653900e+000  2.213175e+000
 2.570280e+000  3.859800e+000  2.225005e+000
 2.572920e+000  1.786900e+000  2.208600e+000
 2.575550e+000  6.353000e-001  2.231796e+000
 2.578190e+000  6.145000e-001  2.202072e+000
 2.580820e+000  4.013500e+000  2.211278e+000
 2.583450e+000  4.172300e+000  2.214219e+000
 2.586090e+000 -9.872000e-001  2.215303e+000
 2.588720e+000  8.395200e+000  2.237528e+000
 2.591360e+000  4.667300e+000  2.219870e+000
 2.593990e+000  2.100100e+000  2.293062e+000
 2.596630e+000  5.843900e+000  2.316357e+000
 2.599260e+000  3.499000e+000  2.333294e+000
 2.601900e+000  2.176200e+000  2.360086e+000
 2.604530e+000  1.672400e+000  2.361518e+000
 2.607170e+000 -1.421500e+000  2.407468e+000
 2.609800e+000  3.248000e-001  2.406078e+000
 2.612440e+000  2.703000e+000  2.413790e+000
 2.615070e+000  1.650000e+000  2.436167e+000
 2.617710e+000  6.299800e+000  2.454401e+000
 2.620340e+000  4.003000e+000  2.483020e+000
 2.622970e+000  2.056200e+000  2.468013e+000
 2.625610e+000  7.624000e-001  2.483722e+000
 2.628240e+000  9.282000e-001  2.506991e+000
 2.630880e+000  4.239400e+000  2.515313e+000
 2.633510e+000  2.980500e+000  2.541599e+000
 2.636150e+000  7.754100e+000  2.526325e+000
 2.638780e+000  2.001300e+000  2.578535e+000
 2.641420e+000  5.639500e+000  2.568020e+000
 2.644050e+000  1.587100e+000  2.587926e+000
 2.646690e+000 -1.198200e+000  2.529711e+000
 2.649320e+000  6.821000e-001  2.488651e+000
 2.651960e+000  2.623800e+000  2.478774e+000
 2.654590e+000  1.688500e+000  2.442226e+000
 2.657220e+000  4.944500e+000  2.441887e+000
 2.659860e+000  3.052700e+000  2.414142e+000
 2.662490e+000 -6.703100e+000  2.409385e+000
 2.665130e+000  2.425900e+000  2.421803e+000
 2.667760e+000  4.887600e+000  2.383127e+000
 2.670400e+000  7.238700e+000  2.407993e+000
 2.673030e+000  1.643300e+000  2.381933e+000
 2.675670e+000  8.080000e-002  2.388809e+000
 2.678300e+000  5.473400e+000  2.379184e+000
 2.680940e+000  2.212400e+000  2.361911e+000
 2.683570e+000  4.579100e+000  2.386755e+000
 2.686210e+000 -1.978400e+000  2.365735e+000
 2.688840e+000  6.854000e-001  2.368143e+000
 2.691480e+000  4.880900e+000  2.361416e+000
 2.694110e+000  2.541800e+000  2.355210e+000
 2.696740e+000  4.286800e+000  2.374188e+000
 2.699380e+000  3.553100e+000  2.351424e+000
 2.702010e+000  4.341000e-001  2.354351e+000
 2.704650e+000 -7.054000e-001  2.345640e+000
 2.707280e+000  2.110300e+000  2.361044e+000
 2.709920e+000  5.141000e-001  2.351978e+000
 2.712550e+000  5.730400e+000  2.342527e+000
 2.715190e+000  3.721400e+000  2.340647e+000
 2.717820e+000  7.856000e-001  2.347305e+000
 2.720460e+000  7.778000e-001  2.348205e+000
 2.723090e+000  2.734500e+000  2.334187e+000
 2.725730e+000  1.451100e+000  2.335535e+000
 2.728360e+000  6.714600e+000  2.343525e+000
 2.731000e+000 -3.712300e+000  2.333444e+000
 2.733630e+000  3.122000e+000  2.334002e+000
 2.736260e+000  5.077500e+000  2.318841e+000
 2.738900e+000  5.637400e+000  2.338351e+000
 2.741530e+000 -3.015500e+000  2.335528e+000
 2.744170e+000  4.288500e+000  2.313712e+000
 2.746800e+000  1.598700e+000  2.333353e+000
 2.749440e+000 -6.995000e-001  2.304271e+000
 2.752070e+000 -1.805500e+000  2.326173e+000
 2.754710e+000  3.228600e+000  2.322608e+000
 2.757340e+000  1.577500e+000  2.306716e+000
 2.759980e+000  9.524000e-001  2.320915e+000
 2.762610e+000  1.340100e+000  2.305030e+000
 2.765250e+000  3.237600e+000  2.327431e+000
 2.767880e+000  2.780500e+000  2.308385e+000
 2.770520e+000  2.054600e+000  2.304944e+000
 2.773150e+000  4.154900e+000  2.319806e+000
 2.775780e+000  6.782100e+000  2.302661e+000
 2.778420e+000  6.109700e+000  2.321561e+000
 2.781050e+000  3.228000e-001  2.289532e+000
 2.783690e+000  3.820600e+000  2.310724e+000
 2.786320e+000  4.904000e-001  2.313074e+000
 2.788960e+000 -1.034700e+000  2.288239e+000
 2.791590e+000  1.883200e+000  2.310016e+000
 2.794230e+000 -1.669300e+000  2.290691e+000
 2.796860e+000  4.752800e+000  2.315046e+000
 2.799500e+000  1.288400e+000  2.298558e+000
 2.802130e+000  2.874800e+000  2.296970e+000
 2.804770e+000  3.137900e+000  2.319474e+000
 2.807400e+000  4.257500e+000  2.285920e+000
 2.810030e+000  2.751100e+000  2.323156e+000
 2.812670e+000  1.498300e+000  2.290447e+000
 2.815300e+000  1.205900e+000  2.296153e+000
 2.817940e+000  3.283700e+000  2.325356e+000
 2.820570e+000 -2.574100e+000  2.288661e+000
 2.823210e+000 -2.470000e-002  2.303453e+000
 2.825840e+000  1.066100e+000  2.284037e+000
 2.828480e+000  3.721800e+000  2.304900e+000
 2.831110e+000  3.605100e+000  2.307249e+000
 2.833750e+000 -3.464200e+000  2.294332e+000
 2.836380e+000  5.491500e+000  2.311559e+000
 2.839020e+000  8.576000e-001  2.282763e+000
 2.841650e+000 -1.273600e+000  2.302241e+000
 2.844290e+000  2.714600e+000  2.300355e+000
 2.846920e+000 -1.908500e+000  2.288505e+000
 2.849550e+000  1.538700e+000  2.314807e+000
 2.852190e+000  2.876000e+000  2.294841e+000
 2.854820e+000  1.957500e+000  2.313039e+000
 2.857460e+000  4.582000e+000  2.287774e+000
 2.860090e+000  2.106800e+000  2.290945e+000
 2.862730e+000  8.737000e-001  2.299705e+000
 2.865360e+000  3.040800e+000  2.310329e+000
 2.868000e+000  4.464100e+000  2.296863e+000
 2.870630e+000 -3.159300e+000  2.283960e+000
 2.873270e+000 -2.052300e+000  2.286655e+000
 2.875900e+000  1.131300e+000  2.308676e+000
 2.878540e+000  5.023800e+000  2.297280e+000
 2.881170e+000  2.864000e-001  2.295653e+000
 2.883810e+000  8.805000e-001  2.304010e+000
 2.886440e+000  6.818000e-001  2.286130e+000
 2.889070e+000 -9.898000e-001  2.299743e+000
 2.891710e+000  5.923100e+000  2.290806e+000
 2.894340e+000 -3.089100e+000  2.288967e+000
 2.896980e+000  9.909000e-001  2.294854e+000
 2.899610e+000  1.737000e+000  2.303004e+000
 2.902250e+000  2.110600e+000  2.292365e+000
 2.904880e+000  1.559700e+000  2.285979e+000
 2.907520e+000  3.894300e+000  2.283532e+000
 2.910150e+000  4.474700e+000  2.292076e+000
 2.912790e+000  5.783800e+000  2.285586e+000
 2.915420e+000  2.385100e+000  2.281872e+000
 2.918060e+000  2.142600e+000  2.280024e+000
 2.920690e+000  2.025900e+000  2.277848e+000
 2.923320e+000 -2.237000e-001  2.269201e+000
 2.925960e+000  1.069000e-001  2.279537e+000
 2.928590e+000  2.771300e+000  2.268995e+000
 2.931230e+000  3.230900e+000  2.283421e+000
 2.933860e+000  7.847000e-001  2.270737e+000
 2.936500e+000  1.565500e+000  2.280978e+000
 2.939130e+000  5.631200e+000  2.271449e+000
 2.941770e+000  6.104000e-001  2.270215e+000
 2.944400e+000 -4.049600e+000  2.275576e+000
 2.947040e+000  5.633000e-001  2.270657e+000
 2.949670e+000 -9.560000e-002  2.271082e+000
 2.952310e+000  1.121100e+000  2.268683e+000
 2.954940e+000  3.767300e+000  2.275607e+000
 2.957580e+000  5.125000e-001  2.275530e+000
 2.960210e+000  6.924000e-001  2.273351e+000
 2.962840e+000  1.525200e+000  2.276155e+000
 2.965480e+000  8.163000e-001  2.282850e+000
 2.968110e+000  1.380000e-001  2.271046e+000
 2.970750e+000  9.831000e-001  2.261258e+000
 2.973380e+000 -1.232800e+000  2.273522e+000
 2.976020e+000  3.588100e+000  2.278837e+000
 2.978650e+000 -3.106000e-001  2.271389e+000
 2.981290e+000  7.373000e-001  2.268290e+000
 2.983920e+000  1.620100e+000  2.271812e+000
 2.986560e+000 -3.900000e-001  2.269498e+000
 2.989190e+000 -2.756900e+000  2.273333e+000
 2.991830e+000 -1.541300e+000  2.267951e+000
 2.994460e+000  1.198600e+000  2.272347e+000
 2.997100e+000 -1.658700e+000  2.279216e+000
 2.999730e+000  4.364500e+000  2.271064e+000
 3.002360e+000  6.999600e+000  2.277095e+000
 3.005000e+000 -1.720000e-001  2.266762e+000
 3.007630e+000  2.647700e+000  2.282399e+000
 3.010270e+000  5.995500e+000  2.279469e+000
 3.012900e+000  8.821000e-001  2.271564e+000
 3.015540e+000  2.145500e+000  2.271825e+000
 3.018170e+000  1.929200e+000  2.264895e+000
 3.020810e+000  1.278700e+000  2.277515e+000
 3.023440e+000  3.542500e+000  2.274596e+000
 3.026080e+000  1.629500e+000  2.274676e+000
 3.028710e+000  2.155300e+000  2.276010e+000
 3.031350e+000  5.651200e+000  2.281388e+000
 3.033980e+000  2.308100e+000  2.282206e+000
 3.036620e+000 -1.377000e-001  2.259987e+000
 3.039250e+000 -3.069300e+000  2.270846e+000
 3.041880e+000  4.018000e-001  2.281332e+000
 3.044520e+000  1.431000e+000  2.285487e+000
 3.047150e+000  8.220000e-001  2.275459e+000
 3.049790e+000  7.261000e-001  2.267273e+000
 3.052420e+000  4.589600e+000  2.272458e+000
 3.055060e+000  4.058900e+000  2.285329e+000
 3.057690e+000  1.410500e+000  2.274765e+000
 3.060330e+000  1.449800e+000  2.268591e+000
 3.062960e+000 -2.011300e+000  2.277384e+000
 3.065600e+000 -1.551000e+000  2.271758e+000
 3.068230e+000  2.898400e+000  2.278068e+000
 3.070870e+000  3.156200e+000  2.274008e+000
 3.073500e+000  5.245300e+000  2.271456e+000
 3.076130e+000 -5.639000e-001  2.277053e+000
 3.078770e+000 -1.685100e+000  2.276608e+000
 3.081400e+000  1.631000e-001  2.271729e+000
 3.084040e+000  9.881000e-001  2.272035e+000
 3.086670e+000 -3.118700e+000  2.267501e+000
 3.089310e+000  1.309400e+000  2.280420e+000
 3.091940e+000 -4.849000e-001  2.277770e+000
 3.094580e+000  5.943900e+000  2.277151e+000
 3.097210e+000  3.034800e+000  2.281224e+000
 3.099850e+000 -1.570400e+000  2.271964e+000
 3.102480e+000  1.272900e+000  2.268284e+000
 3.105120e+000  6.109000e-001  2.271702e+000
 3.107750e+000  9.533000e-001  2.275021e+000
 3.110390e+000  2.464100e+000  2.281869e+000
 3.113020e+000  6.234000e-001  2.275421e+000
 3.115650e+000 -8.192000e-001  2.272009e+000
 3.118290e+000  1.222500e+000  2.272141e+000
 3.120920e+000  6.120000e-002  2.278758e+000
 3.123560e+000  3.798200e+000  2.277211e+000
 3.126190e+000  4.908800e+000  2.273621e+000
 3.128830e+000 -8.068000e-001  2.276510e+000
 3.131460e+000  1.119000e+000  2.278945e+000
 3.134100e+000 -1.198000e-001  2.269284e+000
 3.136730e+000 -8.712000e-001  2.275525e+000
 3.139370e+000  1.301700e+000  2.269222e+000
 3.142000e+000  1.965900e+000  2.278580e+000
 3.144640e+000  4.844000e-001  2.286183e+000
 3.147270e+000 -3.448100e+000  2.269065e+000
 3.149910e+000  3.282600e+000  2.297000e+000
 3.152540e+000 -2.475000e-001  2.358076e+000
 3.155170e+000 -3.406600e+000  2.396185e+000
 3.157810e+000  1.139100e+000  2.428621e+000
 3.160440e+000  2.201800e+000  2.436615e+000
 3.163080e+000  8.498000e-001  2.469332e+000
 3.165710e+000  2.468100e+000  2.486107e+000
 3.168350e+000 -2.839200e+000  2.505631e+000
 3.170980e+000 -9.369000e-001  2.520748e+000
 3.173620e+000  1.451300e+000  2.533910e+000
 3.176250e+000 -1.503300e+000  2.558996e+000
 3.178890e+000  1.513000e-001  2.575281e+000
 3.181520e+000  6.961400e+000  2.571532e+000
 3.184160e+000 -3.950000e-001  2.599973e+000
 3.186790e+000 -4.793000e-001  2.604607e+000
 3.189430e+000  4.861900e+000  2.632293e+000
 3.192060e+000  1.421200e+000  2.636083e+000
 3.194690e+000  2.010100e+000  2.640089e+000
 3.197330e+000  4.479100e+000  2.650189e+000
 3.199960e+000  5.106000e+000  2.669662e+000
 3.202600e+000  1.076000e-001  2.670327e+000
 3.205230e+000  5.564700e+000  2.647016e+000
 3.207870e+000  8.879000e-001  2.566586e+000
 3.210500e+000  1.780100e+000  2.546000e+000
 3.213140e+000  3.234200e+000  2.512844e+000
 3.215770e+000 -4.768000e-001  2.545389e+000
 3.218410e+000 -5.804000e-001  2.485545e+000
 3.221040e+000  2.286000e-001  2.473863e+000
 3.223680e+000 -1.297100e+000  2.474941e+000
 3.226310e+000  3.634200e+000  2.445060e+000
 3.228940e+000 -1.317000e+000  2.449684e+000
 3.231580e+000  3.707200e+000  2.442536e+000
 3.234210e+000  3.129200e+000  2.445211e+000
 3.236850e+000  4.777100e+000  2.434130e+000
 3.239480e+000  2.076100e+000  2.423846e+000
 3.242120e+000  3.518800e+000  2.422823e+000
 3.244750e+000  2.736000e+000  2.412231e+000
 3.247390e+000  3.112500e+000  2.401745e+000
 3.250020e+000 -1.942800e+000  2.391889e+000
 3.252660e+000  6.030000e-002  2.408020e+000
 3.255290e+000  2.600400e+000  2.418505e+000
 3.257930e+000  2.127800e+000  2.405019e+000
 3.260560e+000  4.103500e+000  2.390627e+000
 3.263200e+000 -1.000000e-003  2.389651e+000
 3.265830e+000  1.046600e+000  2.395934e+000
 3.268460e+000  1.488200e+000  2.399854e+000
 3.271100e+000  6.042700e+000  2.389206e+000
 3.273730e+000  2.044200e+000  2.389113e+000
 3.276370e+000  3.313800e+000  2.387808e+000
 3.279000e+000 -2.012200e+000  2.386357e+000
 3.281640e+000  2.324900e+000  2.378949e+000
 3.284270e+000  3.988800e+000  2.378271e+000
 3.286910e+000  1.699100e+000  2.387466e+000
 3.289540e+000  1.708600e+000  2.387459e+000
 3.292180e+000  3.855000e-001  2.368121e+000
 3.294810e+000 -1.354900e+000  2.367998e+000
 3.297450e+000  1.688000e+000  2.375908e+000
 3.300080e+000  4.798300e+000  2.393059e+000
parent: C:/Users/jeffries/AppData/Local/Temp/qt_temp.Yd7788
parent: C:/Users/jeffries/AppData/Local/Temp/qt_temp.cd7788
creator: datop
creator-version: v0.2 (r3648)
datop-operation: C:/Users/jeffries/AppData/Local/Temp/qt_temp.Yd7788 - C:/Users/jeffries/AppData/Local/Temp/qt_temp.cd7788
