Sample description: primus/qt temporary file
Sample: primus/qt tempo  c= 7.16 mg/ml  Code: tmp
Parent(s): /tmp/qt_temp.P32273 /tmp/qt_temp.E32273
  1.392910e-01   1.852661e+03   1.283320e+02
  1.419460e-01   1.834423e+03   4.810946e+01
  1.446010e-01   1.758961e+03   4.318679e+01
  1.472560e-01   1.836577e+03   4.342296e+01
  1.499110e-01   1.769303e+03   4.234591e+01
  1.525650e-01   1.769730e+03   4.212584e+01
  1.552200e-01   1.792306e+03   4.249121e+01
  1.578750e-01   1.722639e+03   4.166103e+01
  1.605300e-01   1.709080e+03   4.108026e+01
  1.631850e-01   1.675063e+03   4.112795e+01
  1.658390e-01   1.720460e+03   4.055704e+01
  1.684940e-01   1.758728e+03   4.149881e+01
  1.711490e-01   1.711895e+03   4.030077e+01
  1.738040e-01   1.708889e+03   3.998290e+01
  1.764590e-01   1.609741e+03   3.953115e+01
  1.791130e-01   1.668735e+03   3.939620e+01
  1.817680e-01   1.716274e+03   3.977413e+01
  1.844230e-01   1.760735e+03   3.956880e+01
  1.870780e-01   1.681652e+03   3.941549e+01
  1.897320e-01   1.658452e+03   3.887640e+01
  1.923870e-01   1.657500e+03   3.817254e+01
  1.950420e-01   1.634242e+03   3.828101e+01
  1.976970e-01   1.647741e+03   3.823796e+01
  2.003520e-01   1.596045e+03   3.739055e+01
  2.030060e-01   1.632258e+03   3.812084e+01
  2.056610e-01   1.647633e+03   3.727705e+01
  2.083160e-01   1.713499e+03   3.763110e+01
  2.109710e-01   1.607905e+03   3.688962e+01
  2.136260e-01   1.604012e+03   3.639787e+01
  2.162800e-01   1.610621e+03   3.707581e+01
  2.189350e-01   1.595791e+03   3.621185e+01
  2.215900e-01   1.602521e+03   3.601654e+01
  2.242450e-01   1.642628e+03   3.620182e+01
  2.269000e-01   1.573392e+03   3.544554e+01
  2.295540e-01   1.551799e+03   3.566366e+01
  2.322090e-01   1.605453e+03   3.549176e+01
  2.348640e-01   1.581838e+03   3.524321e+01
  2.375190e-01   1.539789e+03   3.496898e+01
  2.401740e-01   1.492800e+03   3.400830e+01
  2.428280e-01   1.526073e+03   3.456955e+01
  2.454830e-01   1.464458e+03   3.390503e+01
  2.481380e-01   1.488507e+03   3.375408e+01
  2.507930e-01   1.543070e+03   3.421001e+01
  2.534480e-01   1.547074e+03   3.386893e+01
  2.561020e-01   1.439160e+03   3.303895e+01
  2.587570e-01   1.459373e+03   3.331989e+01
  2.614120e-01   1.490293e+03   3.309663e+01
  2.640670e-01   1.472641e+03   3.314457e+01
  2.667220e-01   1.421933e+03   3.226143e+01
  2.693760e-01   1.445524e+03   3.242382e+01
  2.720310e-01   1.460712e+03   3.243353e+01
  2.746860e-01   1.422158e+03   3.196568e+01
  2.773410e-01   1.448142e+03   3.207001e+01
  2.799960e-01   1.433795e+03   3.181082e+01
  2.826500e-01   1.407641e+03   3.168448e+01
  2.853050e-01   1.450160e+03   3.175295e+01
  2.879600e-01   1.429466e+03   3.127549e+01
  2.906150e-01   1.415724e+03   3.120610e+01
  2.932700e-01   1.411622e+03   3.113332e+01
  2.959240e-01   1.407867e+03   3.108646e+01
  2.985790e-01   1.359423e+03   3.049658e+01
  3.012340e-01   1.382481e+03   3.044630e+01
  3.038890e-01   1.365612e+03   3.044840e+01
  3.065440e-01   1.387814e+03   3.023734e+01
  3.091980e-01   1.364660e+03   3.014441e+01
  3.118530e-01   1.358599e+03   3.004743e+01
  3.145080e-01   1.343033e+03   2.983527e+01
  3.171630e-01   1.346999e+03   2.987309e+01
  3.198180e-01   1.359661e+03   2.959072e+01
  3.224720e-01   1.337340e+03   2.943441e+01
  3.251270e-01   1.327310e+03   2.923466e+01
  3.277820e-01   1.334351e+03   2.941606e+01
  3.304370e-01   1.330843e+03   2.893146e+01
  3.330920e-01   1.301531e+03   2.877151e+01
  3.357460e-01   1.287024e+03   2.871360e+01
  3.384010e-01   1.298818e+03   2.863644e+01
  3.410560e-01   1.284560e+03   2.836915e+01
  3.437110e-01   1.230485e+03   2.800640e+01
  3.463660e-01   1.261157e+03   2.817218e+01
  3.490200e-01   1.219607e+03   2.767406e+01
  3.516750e-01   1.236044e+03   2.765065e+01
  3.543300e-01   1.269131e+03   2.772547e+01
  3.569850e-01   1.226233e+03   2.750207e+01
  3.596400e-01   1.227943e+03   2.745808e+01
  3.622940e-01   1.255441e+03   2.737797e+01
  3.649490e-01   1.196295e+03   2.706167e+01
  3.676040e-01   1.212008e+03   2.705922e+01
  3.702590e-01   1.231835e+03   2.711727e+01
  3.729140e-01   1.203748e+03   2.692981e+01
  3.755680e-01   1.132253e+03   2.635516e+01
  3.782230e-01   1.171139e+03   2.651476e+01
  3.808780e-01   1.208811e+03   2.677889e+01
  3.835330e-01   1.191970e+03   2.648043e+01
  3.861880e-01   1.163569e+03   2.681827e+01
  3.888420e-01   1.177390e+03   2.726325e+01
  3.914970e-01   1.140510e+03   2.734942e+01
  3.941520e-01   1.121298e+03   2.750323e+01
  3.968070e-01   1.112748e+03   2.758556e+01
  3.994620e-01   1.166437e+03   2.800312e+01
  4.021160e-01   1.145791e+03   2.787063e+01
  4.047710e-01   1.127098e+03   2.826176e+01
  4.074260e-01   1.107719e+03   2.794270e+01
  4.100810e-01   1.106152e+03   2.795697e+01
  4.127360e-01   1.096289e+03   2.805437e+01
  4.153900e-01   1.098708e+03   2.807569e+01
  4.180450e-01   1.099755e+03   2.837750e+01
  4.207000e-01   1.063187e+03   2.793125e+01
  4.233550e-01   1.027605e+03   2.815099e+01
  4.260090e-01   1.047405e+03   2.814599e+01
  4.286640e-01   1.013295e+03   2.766305e+01
  4.313190e-01   1.058003e+03   2.752602e+01
  4.339740e-01   1.027524e+03   2.678806e+01
  4.366290e-01   1.056388e+03   2.695696e+01
  4.392830e-01   1.014772e+03   2.620199e+01
  4.419380e-01   1.005388e+03   2.574520e+01
  4.445930e-01   9.898993e+02   2.570968e+01
  4.472480e-01   1.034372e+03   2.578032e+01
  4.499030e-01   9.896456e+02   2.546041e+01
  4.525570e-01   9.992388e+02   2.523782e+01
  4.552120e-01   9.905713e+02   2.497053e+01
  4.578670e-01   1.000421e+03   2.478502e+01
  4.605220e-01   9.583747e+02   2.471591e+01
  4.631770e-01   9.759847e+02   2.476525e+01
  4.658310e-01   9.680189e+02   2.439841e+01
  4.684860e-01   9.642227e+02   2.430707e+01
  4.711410e-01   9.682591e+02   2.420167e+01
  4.737960e-01   9.034203e+02   2.378299e+01
  4.764510e-01   9.358918e+02   2.389093e+01
  4.791050e-01   9.643488e+02   2.399316e+01
  4.817600e-01   1.002415e+03   2.429267e+01
  4.844150e-01   8.989339e+02   2.353198e+01
  4.870700e-01   8.844428e+02   2.310244e+01
  4.897250e-01   9.436207e+02   2.339778e+01
  4.923790e-01   9.565021e+02   2.351371e+01
  4.950340e-01   8.991214e+02   2.324206e+01
  4.976890e-01   9.443040e+02   2.340917e+01
  5.003440e-01   8.751811e+02   2.280327e+01
  5.029990e-01   8.856023e+02   2.284642e+01
  5.056530e-01   8.701883e+02   2.268846e+01
  5.083080e-01   8.613121e+02   2.272536e+01
  5.109630e-01   8.652333e+02   2.279286e+01
  5.136180e-01   8.177115e+02   2.286457e+01
  5.162730e-01   8.774641e+02   2.334890e+01
  5.189270e-01   8.338116e+02   2.308028e+01
  5.215820e-01   8.275961e+02   2.297390e+01
  5.242370e-01   8.309800e+02   2.329294e+01
  5.268920e-01   8.676017e+02   2.368575e+01
  5.295470e-01   8.475679e+02   2.314676e+01
  5.322010e-01   8.439365e+02   2.286428e+01
  5.348560e-01   8.209433e+02   2.240704e+01
  5.375110e-01   8.145849e+02   2.209514e+01
  5.401660e-01   8.195207e+02   2.212876e+01
  5.428210e-01   7.653239e+02   2.154167e+01
  5.454750e-01   7.780185e+02   2.170737e+01
  5.481300e-01   8.535558e+02   2.196543e+01
  5.507850e-01   8.016391e+02   2.149556e+01
  5.534400e-01   7.583356e+02   2.127792e+01
  5.560950e-01   7.603077e+02   2.109496e+01
  5.587490e-01   8.222340e+02   2.162138e+01
  5.614040e-01   7.611943e+02   2.125904e+01
  5.640590e-01   7.257260e+02   2.079315e+01
  5.667140e-01   7.238060e+02   2.076323e+01
  5.693690e-01   7.469422e+02   2.079863e+01
  5.720230e-01   7.097439e+02   2.041341e+01
  5.746780e-01   7.093979e+02   2.059744e+01
  5.773330e-01   7.378093e+02   2.058314e+01
  5.799880e-01   7.125827e+02   2.044671e+01
  5.826430e-01   7.112493e+02   2.023515e+01
  5.852970e-01   7.089270e+02   2.032908e+01
  5.879520e-01   7.426598e+02   2.041493e+01
  5.906070e-01   7.040029e+02   1.995815e+01
  5.932620e-01   7.417141e+02   2.028898e+01
  5.959170e-01   7.115014e+02   2.002513e+01
  5.985710e-01   7.121215e+02   1.988464e+01
  6.012260e-01   7.261743e+02   1.986804e+01
  6.038810e-01   6.684224e+02   1.961608e+01
  6.065360e-01   6.830028e+02   1.969957e+01
  6.091910e-01   6.616485e+02   1.949331e+01
  6.118450e-01   6.824922e+02   1.947379e+01
  6.145000e-01   6.817878e+02   1.949551e+01
  6.171550e-01   6.658068e+02   1.923202e+01
  6.198100e-01   6.152983e+02   1.900455e+01
  6.224650e-01   6.372685e+02   1.903818e+01
  6.251190e-01   6.365646e+02   1.908915e+01
  6.277740e-01   6.424317e+02   1.900217e+01
  6.304290e-01   6.359398e+02   1.902128e+01
  6.330840e-01   6.258455e+02   1.887029e+01
  6.357390e-01   6.597332e+02   1.898783e+01
  6.383930e-01   6.341428e+02   1.881189e+01
  6.410480e-01   6.174498e+02   1.852517e+01
  6.437030e-01   6.422941e+02   1.854335e+01
  6.463580e-01   6.241165e+02   1.524281e+01
  6.490120e-01   6.066806e+02   1.023051e+01
  6.516670e-01   6.177164e+02   1.011211e+01
  6.543220e-01   6.107636e+02   1.007523e+01
  6.569770e-01   6.066276e+02   1.001057e+01
  6.596320e-01   6.052489e+02   1.001952e+01
  6.622860e-01   6.147205e+02   1.001906e+01
  6.649410e-01   6.037953e+02   9.931058e+00
  6.675960e-01   6.116089e+02   1.002182e+01
  6.702510e-01   6.011756e+02   9.957330e+00
  6.729060e-01   5.966123e+02   9.948730e+00
  6.755600e-01   5.994371e+02   9.919426e+00
  6.782150e-01   5.779553e+02   9.803092e+00
  6.808700e-01   5.859336e+02   9.874585e+00
  6.835250e-01   5.645274e+02   9.726291e+00
  6.861800e-01   5.882371e+02   9.839622e+00
  6.888340e-01   5.848630e+02   9.827041e+00
  6.914890e-01   5.782457e+02   9.743147e+00
  6.941440e-01   5.550657e+02   9.698929e+00
  6.967990e-01   5.519877e+02   9.631815e+00
  6.994540e-01   5.445971e+02   9.599055e+00
  7.021080e-01   5.546282e+02   9.559203e+00
  7.047630e-01   5.404676e+02   9.521192e+00
  7.074180e-01   5.249635e+02   9.491293e+00
  7.100730e-01   5.406908e+02   9.517929e+00
  7.127280e-01   5.255400e+02   9.396368e+00
  7.153820e-01   5.246795e+02   9.373497e+00
  7.180370e-01   5.115812e+02   9.314529e+00
  7.206920e-01   5.293644e+02   9.398288e+00
  7.233470e-01   5.332004e+02   9.374737e+00
  7.260020e-01   5.225924e+02   9.328534e+00
  7.286560e-01   4.958258e+02   9.195867e+00
  7.313110e-01   5.022023e+02   9.210907e+00
  7.339660e-01   5.009225e+02   9.121144e+00
  7.366210e-01   4.997119e+02   9.176125e+00
  7.392760e-01   4.840918e+02   9.134805e+00
  7.419300e-01   4.807362e+02   9.080992e+00
  7.445850e-01   4.831565e+02   9.045710e+00
  7.472400e-01   4.702187e+02   8.936728e+00
  7.498950e-01   5.045208e+02   9.108319e+00
  7.525500e-01   4.946056e+02   9.081947e+00
  7.552040e-01   4.784396e+02   9.022014e+00
  7.578590e-01   4.640840e+02   8.956870e+00
  7.605140e-01   4.869765e+02   9.012027e+00
  7.631690e-01   4.783839e+02   8.981382e+00
  7.658240e-01   4.887570e+02   9.026702e+00
  7.684780e-01   4.731235e+02   8.886917e+00
  7.711330e-01   4.532919e+02   8.805334e+00
  7.737880e-01   4.507839e+02   8.819812e+00
  7.764430e-01   4.299217e+02   8.745443e+00
  7.790980e-01   4.437333e+02   8.701559e+00
  7.817520e-01   4.424227e+02   8.702092e+00
  7.844070e-01   4.351503e+02   8.640764e+00
  7.870620e-01   4.332034e+02   8.661095e+00
  7.897170e-01   4.359362e+02   8.662198e+00
  7.923720e-01   4.400296e+02   8.619138e+00
  7.950260e-01   4.280900e+02   8.659038e+00
  7.976810e-01   4.306513e+02   8.803164e+00
  8.003360e-01   4.238987e+02   8.864018e+00
  8.029910e-01   4.251844e+02   8.934465e+00
  8.056460e-01   4.311402e+02   9.007531e+00
  8.083000e-01   4.253138e+02   9.080548e+00
  8.109550e-01   4.266087e+02   9.095287e+00
  8.136100e-01   4.393794e+02   9.034265e+00
  8.162650e-01   4.250428e+02   8.855684e+00
  8.189200e-01   4.249763e+02   8.746386e+00
  8.215740e-01   4.277673e+02   8.796132e+00
  8.242290e-01   4.048164e+02   8.540375e+00
  8.268840e-01   3.913919e+02   8.432981e+00
  8.295390e-01   3.917706e+02   8.425781e+00
  8.321940e-01   3.946922e+02   8.396782e+00
  8.348480e-01   3.869516e+02   8.376418e+00
  8.375030e-01   3.894002e+02   8.350630e+00
  8.401580e-01   4.025672e+02   8.424067e+00
  8.428130e-01   3.938928e+02   8.357131e+00
  8.454680e-01   3.743469e+02   8.296817e+00
  8.481220e-01   3.698083e+02   8.209199e+00
  8.507770e-01   3.721855e+02   8.224174e+00
  8.534320e-01   3.800832e+02   8.268462e+00
  8.560870e-01   3.740132e+02   8.190289e+00
  8.587420e-01   3.689531e+02   8.122727e+00
  8.613960e-01   3.764063e+02   8.207467e+00
  8.640510e-01   3.719527e+02   8.155690e+00
  8.667060e-01   3.608978e+02   8.073668e+00
  8.693610e-01   3.681486e+02   8.137241e+00
  8.720160e-01   3.640883e+02   8.069310e+00
  8.746700e-01   3.624805e+02   8.044612e+00
  8.773250e-01   3.550148e+02   8.028027e+00
  8.799800e-01   3.495186e+02   7.970542e+00
  8.826350e-01   3.564061e+02   7.981915e+00
  8.852890e-01   3.543770e+02   7.979246e+00
  8.879440e-01   3.466213e+02   7.925169e+00
  8.905990e-01   3.513085e+02   7.940747e+00
  8.932540e-01   3.513403e+02   7.894289e+00
  8.959090e-01   3.429099e+02   7.844505e+00
  8.985630e-01   3.405068e+02   7.810448e+00
  9.012180e-01   3.350324e+02   7.749213e+00
  9.038730e-01   3.354964e+02   7.787465e+00
  9.065280e-01   3.322235e+02   7.785790e+00
  9.091830e-01   3.324475e+02   7.760280e+00
  9.118370e-01   3.234268e+02   7.665946e+00
  9.144920e-01   3.271430e+02   7.705083e+00
  9.171470e-01   3.183324e+02   7.710916e+00
  9.198020e-01   3.184285e+02   7.678460e+00
  9.224570e-01   3.206173e+02   7.705875e+00
  9.251110e-01   3.068658e+02   7.639114e+00
  9.277660e-01   3.326661e+02   7.701052e+00
  9.304210e-01   3.221019e+02   7.651514e+00
  9.330760e-01   3.200832e+02   7.644284e+00
  9.357310e-01   3.100298e+02   7.613073e+00
  9.383850e-01   3.185567e+02   7.608949e+00
  9.410400e-01   3.044106e+02   7.561836e+00
  9.436950e-01   3.062120e+02   7.553079e+00
  9.463500e-01   3.064259e+02   7.556551e+00
  9.490050e-01   3.041298e+02   7.688842e+00
  9.516590e-01   2.930747e+02   7.693575e+00
  9.543140e-01   2.950862e+02   7.797977e+00
  9.569690e-01   2.879806e+02   7.809932e+00
  9.596240e-01   2.911813e+02   7.790285e+00
  9.622790e-01   2.966609e+02   7.967604e+00
  9.649330e-01   2.961637e+02   7.929460e+00
  9.675880e-01   3.028396e+02   7.976135e+00
  9.702430e-01   2.866782e+02   7.940457e+00
  9.728980e-01   2.900824e+02   7.993898e+00
  9.755530e-01   2.970009e+02   8.064176e+00
  9.782070e-01   2.741878e+02   7.961570e+00
  9.808620e-01   2.720660e+02   8.018099e+00
  9.835170e-01   2.903346e+02   8.097032e+00
  9.861720e-01   2.760764e+02   8.052884e+00
  9.888270e-01   2.731461e+02   8.078222e+00
  9.914810e-01   2.720764e+02   7.995658e+00
  9.941360e-01   2.569391e+02   7.838978e+00
  9.967910e-01   2.704390e+02   7.855289e+00
  9.994460e-01   2.648426e+02   7.743094e+00
  1.002100e+00   2.646374e+02   7.681947e+00
  1.004760e+00   2.640564e+02   7.653476e+00
  1.007410e+00   2.535109e+02   7.601981e+00
  1.010060e+00   2.572359e+02   7.581780e+00
  1.012720e+00   2.635777e+02   7.597706e+00
  1.015370e+00   2.658404e+02   7.522755e+00
  1.018030e+00   2.493700e+02   7.440816e+00
  1.020680e+00   2.553467e+02   7.435219e+00
  1.023340e+00   2.646515e+02   7.537167e+00
  1.025990e+00   2.655813e+02   7.463124e+00
  1.028650e+00   2.583805e+02   7.419714e+00
  1.031300e+00   2.526435e+02   7.305306e+00
  1.033960e+00   2.582726e+02   7.381666e+00
  1.036610e+00   2.417523e+02   7.266566e+00
  1.039270e+00   2.409987e+02   7.280114e+00
  1.041920e+00   2.483449e+02   7.275367e+00
  1.044580e+00   2.577185e+02   7.303601e+00
  1.047230e+00   2.398785e+02   7.198255e+00
  1.049890e+00   2.384696e+02   7.207770e+00
  1.052540e+00   2.429573e+02   7.181703e+00
  1.055200e+00   2.437170e+02   7.195695e+00
  1.057850e+00   2.391473e+02   7.154786e+00
  1.060510e+00   2.432312e+02   7.138915e+00
  1.063160e+00   2.355427e+02   7.092062e+00
  1.065820e+00   2.311950e+02   7.147334e+00
  1.068470e+00   2.340997e+02   7.076081e+00
  1.071130e+00   2.342834e+02   7.095020e+00
  1.073780e+00   2.159758e+02   6.975066e+00
  1.076430e+00   2.214009e+02   7.015233e+00
  1.079090e+00   2.240683e+02   7.056135e+00
  1.081740e+00   2.231125e+02   6.948686e+00
  1.084400e+00   2.336577e+02   7.031222e+00
  1.087050e+00   2.293804e+02   6.966949e+00
  1.089710e+00   2.239512e+02   7.004161e+00
  1.092360e+00   2.319568e+02   6.977021e+00
  1.095020e+00   2.282038e+02   6.939881e+00
  1.097670e+00   2.154768e+02   6.900215e+00
  1.100330e+00   2.133420e+02   6.884727e+00
  1.102980e+00   2.096849e+02   6.848193e+00
  1.105640e+00   2.297899e+02   6.917302e+00
  1.108290e+00   2.211071e+02   6.822254e+00
  1.110950e+00   2.198529e+02   6.838433e+00
  1.113600e+00   2.145752e+02   6.814983e+00
  1.116260e+00   2.112073e+02   6.829838e+00
  1.118910e+00   2.093956e+02   6.785655e+00
  1.121570e+00   2.100113e+02   6.791303e+00
  1.124220e+00   2.063515e+02   6.760378e+00
  1.126880e+00   2.171072e+02   6.790133e+00
  1.129530e+00   2.003954e+02   6.718482e+00
  1.132190e+00   2.004827e+02   6.735510e+00
  1.134840e+00   1.993081e+02   7.106847e+00
  1.137500e+00   1.978418e+02   1.791836e+01
  1.140150e+00   1.985115e+02   5.023746e+00
  1.142800e+00   1.988569e+02   5.033060e+00
  1.145460e+00   1.987941e+02   5.041436e+00
  1.148110e+00   1.987897e+02   5.017844e+00
  1.150770e+00   1.950883e+02   5.014713e+00
  1.153420e+00   1.932800e+02   4.964978e+00
  1.156080e+00   1.944246e+02   4.985244e+00
  1.158730e+00   1.905940e+02   4.928811e+00
  1.161390e+00   1.936139e+02   4.969283e+00
  1.164040e+00   1.850415e+02   4.906126e+00
  1.166700e+00   1.920177e+02   4.950968e+00
  1.169350e+00   1.928583e+02   4.912570e+00
  1.172010e+00   1.826302e+02   4.915596e+00
  1.174660e+00   1.877306e+02   4.879987e+00
  1.177320e+00   1.815360e+02   4.876404e+00
  1.179970e+00   1.799435e+02   4.845948e+00
  1.182630e+00   1.802954e+02   4.846410e+00
  1.185280e+00   1.860006e+02   4.828821e+00
  1.187940e+00   1.833100e+02   4.850537e+00
  1.190590e+00   1.772346e+02   4.808313e+00
  1.193250e+00   1.769612e+02   4.821468e+00
  1.195900e+00   1.848626e+02   4.794066e+00
  1.198560e+00   1.743526e+02   4.800282e+00
  1.201210e+00   1.770264e+02   4.784804e+00
  1.203870e+00   1.758397e+02   4.779166e+00
  1.206520e+00   1.738896e+02   4.775347e+00
  1.209170e+00   1.777238e+02   4.746552e+00
  1.211830e+00   1.699252e+02   4.750225e+00
  1.214480e+00   1.691212e+02   4.724333e+00
  1.217140e+00   1.770222e+02   4.745629e+00
  1.219790e+00   1.756815e+02   4.730650e+00
  1.222450e+00   1.733223e+02   4.733884e+00
  1.225100e+00   1.724592e+02   4.723315e+00
  1.227760e+00   1.666163e+02   4.692699e+00
  1.230410e+00   1.654457e+02   4.651936e+00
  1.233070e+00   1.598869e+02   4.664219e+00
  1.235720e+00   1.646640e+02   4.654452e+00
  1.238380e+00   1.597932e+02   4.640407e+00
  1.241030e+00   1.610148e+02   4.595375e+00
  1.243690e+00   1.603988e+02   4.627989e+00
  1.246340e+00   1.585887e+02   4.589762e+00
  1.249000e+00   1.617629e+02   4.614363e+00
  1.251650e+00   1.585763e+02   4.571749e+00
  1.254310e+00   1.561640e+02   4.573507e+00
  1.256960e+00   1.489633e+02   4.551434e+00
  1.259620e+00   1.541305e+02   4.553590e+00
  1.262270e+00   1.543548e+02   4.531654e+00
  1.264930e+00   1.507766e+02   4.518244e+00
  1.267580e+00   1.497156e+02   4.505827e+00
  1.270240e+00   1.512350e+02   4.536783e+00
  1.272890e+00   1.516851e+02   4.521109e+00
  1.275540e+00   1.548442e+02   4.490595e+00
  1.278200e+00   1.515047e+02   4.528808e+00
  1.280850e+00   1.476040e+02   4.476629e+00
  1.283510e+00   1.523535e+02   4.529013e+00
  1.286160e+00   1.484416e+02   4.468587e+00
  1.288820e+00   1.483433e+02   4.471549e+00
  1.291470e+00   1.490613e+02   4.450628e+00
  1.294130e+00   1.465714e+02   4.461302e+00
  1.296780e+00   1.432065e+02   4.416446e+00
  1.299440e+00   1.424685e+02   4.439729e+00
  1.302090e+00   1.447739e+02   4.416866e+00
  1.304750e+00   1.425949e+02   4.427385e+00
  1.307400e+00   1.409457e+02   4.388089e+00
  1.310060e+00   1.409411e+02   4.395540e+00
  1.312710e+00   1.491150e+02   4.429399e+00
  1.315370e+00   1.376726e+02   4.406824e+00
  1.318020e+00   1.391287e+02   4.384538e+00
  1.320680e+00   1.452639e+02   4.405026e+00
  1.323330e+00   1.356542e+02   4.356899e+00
  1.325990e+00   1.382169e+02   4.369051e+00
  1.328640e+00   1.390609e+02   4.367996e+00
  1.331300e+00   1.413977e+02   4.367240e+00
  1.333950e+00   1.390439e+02   4.357316e+00
  1.336610e+00   1.322367e+02   4.323911e+00
  1.339260e+00   1.307887e+02   4.300059e+00
  1.341910e+00   1.348339e+02   4.298896e+00
  1.344570e+00   1.295460e+02   4.302580e+00
  1.347220e+00   1.310180e+02   4.309886e+00
  1.349880e+00   1.305918e+02   4.285465e+00
  1.352530e+00   1.285014e+02   4.254138e+00
  1.355190e+00   1.282263e+02   4.263693e+00
  1.357840e+00   1.306685e+02   4.254293e+00
  1.360500e+00   1.282394e+02   4.290814e+00
  1.363150e+00   1.272649e+02   4.246062e+00
  1.365810e+00   1.230945e+02   4.223902e+00
  1.368460e+00   1.299672e+02   4.238838e+00
  1.371120e+00   1.334059e+02   4.268993e+00
  1.373770e+00   1.292481e+02   4.220161e+00
  1.376430e+00   1.232423e+02   4.200015e+00
  1.379080e+00   1.228929e+02   4.195217e+00
  1.381740e+00   1.269412e+02   4.228139e+00
  1.384390e+00   1.176172e+02   4.161273e+00
  1.387050e+00   1.176521e+02   4.172394e+00
  1.389700e+00   1.219498e+02   4.166674e+00
  1.392360e+00   1.189981e+02   4.175024e+00
  1.395010e+00   1.185037e+02   4.160214e+00
  1.397670e+00   1.097377e+02   4.107986e+00
  1.400320e+00   1.100366e+02   4.102368e+00
  1.402980e+00   1.129097e+02   4.124240e+00
  1.405630e+00   1.222282e+02   4.150822e+00
  1.408280e+00   1.186573e+02   4.138710e+00
  1.410940e+00   1.159560e+02   4.142202e+00
  1.413590e+00   1.164695e+02   4.108559e+00
  1.416250e+00   1.137155e+02   4.117897e+00
  1.418900e+00   1.172249e+02   4.086511e+00
  1.421560e+00   1.155389e+02   4.094385e+00
  1.424210e+00   1.121996e+02   4.097809e+00
  1.426870e+00   1.098769e+02   4.098219e+00
  1.429520e+00   1.093966e+02   4.071148e+00
  1.432180e+00   1.133091e+02   4.068071e+00
  1.434830e+00   1.125556e+02   4.057688e+00
  1.437490e+00   1.089814e+02   4.069665e+00
  1.440140e+00   1.125101e+02   4.057942e+00
  1.442800e+00   1.115343e+02   4.079036e+00
  1.445450e+00   1.080133e+02   4.034941e+00
  1.448110e+00   1.064273e+02   4.051852e+00
  1.450760e+00   1.087641e+02   4.046529e+00
  1.453420e+00   1.106551e+02   4.065375e+00
  1.456070e+00   1.104472e+02   4.038778e+00
  1.458730e+00   1.053453e+02   4.024400e+00
  1.461380e+00   1.035283e+02   4.003331e+00
  1.464040e+00   1.067685e+02   4.045134e+00
  1.466690e+00   1.049118e+02   4.004053e+00
  1.469340e+00   1.049503e+02   4.002943e+00
  1.472000e+00   1.022098e+02   3.996267e+00
  1.474650e+00   1.024745e+02   3.996797e+00
  1.477310e+00   1.054095e+02   4.007879e+00
  1.479960e+00   1.015770e+02   3.983008e+00
  1.482620e+00   1.024847e+02   4.010082e+00
  1.485270e+00   1.076197e+02   3.989565e+00
  1.487930e+00   9.994562e+01   3.985063e+00
  1.490580e+00   1.014811e+02   3.960849e+00
  1.493240e+00   1.003901e+02   3.979440e+00
  1.495890e+00   1.033621e+02   3.986037e+00
  1.498550e+00   9.664944e+01   3.952366e+00
  1.501200e+00   9.636202e+01   3.944909e+00
  1.503860e+00   9.766909e+01   3.945621e+00
  1.506510e+00   9.601702e+01   3.948946e+00
  1.509170e+00   9.678119e+01   3.975089e+00
  1.511820e+00   9.285565e+01   3.972059e+00
  1.514480e+00   9.590101e+01   4.045266e+00
  1.517130e+00   9.244670e+01   4.042943e+00
  1.519790e+00   8.913069e+01   4.073211e+00
  1.522440e+00   9.965763e+01   4.100437e+00
  1.525100e+00   9.744097e+01   4.131003e+00
  1.527750e+00   8.996228e+01   4.115476e+00
  1.530410e+00   9.075414e+01   4.127950e+00
  1.533060e+00   9.119523e+01   4.175152e+00
  1.535710e+00   9.158702e+01   4.146705e+00
  1.538370e+00   8.591437e+01   4.168154e+00
  1.541020e+00   8.944366e+01   4.189234e+00
  1.543680e+00   8.947801e+01   4.192059e+00
  1.546330e+00   8.933319e+01   4.177754e+00
  1.548990e+00   9.274275e+01   4.226963e+00
  1.551640e+00   9.029679e+01   4.202559e+00
  1.554300e+00   8.721403e+01   4.213528e+00
  1.556950e+00   8.960966e+01   4.146888e+00
  1.559610e+00   8.991055e+01   4.137402e+00
  1.562260e+00   9.085196e+01   4.121703e+00
  1.564920e+00   8.244863e+01   4.066379e+00
  1.567570e+00   8.566813e+01   4.046359e+00
  1.570230e+00   8.521241e+01   4.047115e+00
  1.572880e+00   7.942050e+01   4.000290e+00
  1.575540e+00   8.160444e+01   4.024910e+00
  1.578190e+00   8.708566e+01   3.997420e+00
  1.580850e+00   8.669788e+01   4.013123e+00
  1.583500e+00   8.831950e+01   3.981578e+00
  1.586160e+00   8.737866e+01   3.997261e+00
  1.588810e+00   8.446680e+01   3.962572e+00
  1.591470e+00   8.651718e+01   3.977435e+00
  1.594120e+00   8.745754e+01   3.965308e+00
  1.596780e+00   8.656636e+01   3.978990e+00
  1.599430e+00   8.195473e+01   3.932847e+00
  1.602080e+00   7.959382e+01   3.912189e+00
  1.604740e+00   7.700881e+01   3.893761e+00
  1.607390e+00   7.809617e+01   3.899123e+00
  1.610050e+00   7.486145e+01   3.913068e+00
  1.612700e+00   7.864566e+01   3.877355e+00
  1.615360e+00   8.385931e+01   3.931744e+00
  1.618010e+00   8.206588e+01   3.908210e+00
  1.620670e+00   8.428200e+01   3.919228e+00
  1.623320e+00   7.711726e+01   3.862806e+00
  1.625980e+00   7.610093e+01   3.864122e+00
  1.628630e+00   7.905841e+01   3.880478e+00
  1.631290e+00   8.081789e+01   3.888538e+00
  1.633940e+00   7.306109e+01   3.818700e+00
  1.636600e+00   7.788142e+01   3.867971e+00
  1.639250e+00   7.353282e+01   3.825941e+00
  1.641910e+00   7.164944e+01   3.864129e+00
  1.644560e+00   7.592498e+01   3.848663e+00
  1.647220e+00   7.907518e+01   3.850861e+00
  1.649870e+00   7.697706e+01   3.842285e+00
  1.652530e+00   7.683521e+01   3.843467e+00
  1.655180e+00   7.806496e+01   3.844758e+00
  1.657840e+00   7.022373e+01   3.809528e+00
  1.660490e+00   7.420030e+01   3.802085e+00
  1.663150e+00   7.675165e+01   3.827315e+00
  1.665800e+00   7.197855e+01   3.800791e+00
  1.668450e+00   7.020069e+01   3.765727e+00
  1.671110e+00   7.245715e+01   3.808348e+00
  1.673760e+00   7.039441e+01   3.791561e+00
  1.676420e+00   6.863480e+01   3.804980e+00
  1.679070e+00   7.323586e+01   3.774617e+00
  1.681730e+00   7.082188e+01   3.772145e+00
  1.684380e+00   7.101751e+01   3.763204e+00
  1.687040e+00   7.130256e+01   3.792937e+00
  1.689690e+00   6.965684e+01   3.768883e+00
  1.692350e+00   6.688246e+01   3.769314e+00
  1.695000e+00   7.381654e+01   3.757703e+00
  1.697660e+00   6.458207e+01   3.749459e+00
  1.700310e+00   6.159939e+01   3.703316e+00
  1.702970e+00   6.773280e+01   3.759094e+00
  1.705620e+00   6.160672e+01   3.736744e+00
  1.708280e+00   6.631279e+01   3.740041e+00
  1.710930e+00   6.853512e+01   3.732178e+00
  1.713590e+00   6.454545e+01   3.722616e+00
  1.716240e+00   6.500170e+01   3.697642e+00
  1.718900e+00   6.478541e+01   3.714979e+00
  1.721550e+00   6.231357e+01   3.691443e+00
  1.724210e+00   6.584406e+01   3.725176e+00
  1.726860e+00   6.786733e+01   3.718271e+00
  1.729520e+00   6.310389e+01   3.701179e+00
  1.732170e+00   6.295694e+01   3.710042e+00
  1.734820e+00   6.609397e+01   3.689464e+00
  1.737480e+00   6.709691e+01   3.712619e+00
  1.740130e+00   6.205414e+01   3.693279e+00
  1.742790e+00   6.391096e+01   3.701509e+00
  1.745440e+00   6.355835e+01   3.680675e+00
  1.748100e+00   6.297198e+01   3.679885e+00
  1.750750e+00   6.668394e+01   3.687547e+00
  1.753410e+00   6.392478e+01   3.701085e+00
  1.756060e+00   5.770180e+01   3.663264e+00
  1.758720e+00   5.811087e+01   3.663297e+00
  1.761370e+00   6.043768e+01   3.653246e+00
  1.764030e+00   5.630965e+01   3.659203e+00
  1.766680e+00   5.998626e+01   3.653152e+00
  1.769340e+00   6.008210e+01   3.670081e+00
  1.771990e+00   5.986703e+01   3.651932e+00
  1.774650e+00   5.986169e+01   3.646687e+00
  1.777300e+00   5.864988e+01   3.649511e+00
  1.779960e+00   5.633773e+01   3.663252e+00
  1.782610e+00   5.827829e+01   3.639930e+00
  1.785270e+00   5.569162e+01   3.624860e+00
  1.787920e+00   5.052077e+01   3.598422e+00
  1.790580e+00   5.298253e+01   3.613205e+00
  1.793230e+00   5.982336e+01   3.620980e+00
  1.795890e+00   5.805918e+01   3.633967e+00
  1.798540e+00   5.805536e+01   3.610854e+00
  1.801190e+00   6.114811e+01   3.626798e+00
  1.803850e+00   5.410649e+01   3.613669e+00
  1.806500e+00   5.519842e+01   3.591355e+00
  1.809160e+00   5.689746e+01   3.621301e+00
  1.811810e+00   5.394860e+01   3.594038e+00
  1.814470e+00   4.884759e+01   3.593927e+00
  1.817120e+00   4.940566e+01   3.590258e+00
  1.819780e+00   4.956686e+01   3.596346e+00
  1.822430e+00   5.159605e+01   3.599735e+00
  1.825090e+00   5.470110e+01   3.595489e+00
  1.827740e+00   5.229826e+01   3.563704e+00
  1.830400e+00   5.042811e+01   3.579159e+00
  1.833050e+00   5.390805e+01   3.570413e+00
  1.835710e+00   5.290594e+01   3.591146e+00
  1.838360e+00   5.730792e+01   3.575130e+00
  1.841020e+00   5.150396e+01   3.562100e+00
  1.843670e+00   4.974603e+01   3.560483e+00
  1.846330e+00   5.076244e+01   3.577424e+00
  1.848980e+00   4.992678e+01   3.555419e+00
  1.851640e+00   4.831911e+01   3.567065e+00
  1.854290e+00   4.641467e+01   3.553026e+00
  1.856950e+00   4.842259e+01   3.573281e+00
  1.859600e+00   4.628011e+01   3.545051e+00
  1.862260e+00   5.130256e+01   3.561860e+00
  1.864910e+00   5.300331e+01   3.582646e+00
  1.867560e+00   4.387665e+01   3.527641e+00
  1.870220e+00   4.602072e+01   3.545047e+00
  1.872870e+00   4.815956e+01   3.569859e+00
  1.875530e+00   4.459982e+01   3.553236e+00
  1.878180e+00   4.129806e+01   3.527512e+00
  1.880840e+00   4.406690e+01   3.541764e+00
  1.883490e+00   5.120126e+01   3.557339e+00
  1.886150e+00   4.464682e+01   3.564725e+00
  1.888800e+00   4.204956e+01   3.541154e+00
  1.891460e+00   5.039918e+01   3.586801e+00
  1.894110e+00   4.663434e+01   3.546633e+00
  1.896770e+00   4.657221e+01   3.551350e+00
  1.899420e+00   5.308447e+01   3.581096e+00
  1.902080e+00   4.472434e+01   3.557367e+00
  1.904730e+00   4.002890e+01   3.540547e+00
  1.907390e+00   4.448591e+01   3.560421e+00
  1.910040e+00   4.212758e+01   3.544754e+00
  1.912700e+00   4.628807e+01   3.582975e+00
  1.915350e+00   4.191235e+01   3.528513e+00
  1.918010e+00   4.397005e+01   3.575296e+00
  1.920660e+00   4.877553e+01   3.551345e+00
  1.923320e+00   4.719425e+01   3.567970e+00
  1.925970e+00   4.312316e+01   3.553041e+00
  1.928630e+00   4.020523e+01   3.536190e+00
  1.931280e+00   4.380997e+01   3.577645e+00
  1.933930e+00   4.546922e+01   3.569385e+00
  1.936590e+00   4.318169e+01   3.564449e+00
  1.939240e+00   3.933700e+01   3.512841e+00
  1.941900e+00   4.449959e+01   3.550866e+00
  1.944550e+00   3.919757e+01   3.542626e+00
  1.947210e+00   4.058800e+01   3.556753e+00
  1.949860e+00   4.301790e+01   3.550992e+00
  1.952520e+00   4.361424e+01   3.586165e+00
  1.955170e+00   4.308980e+01   3.551890e+00
  1.957830e+00   4.387697e+01   3.571060e+00
  1.960480e+00   3.917402e+01   3.545101e+00
  1.963140e+00   4.085405e+01   3.556378e+00
  1.965790e+00   3.948529e+01   3.538474e+00
  1.968450e+00   4.117907e+01   3.557551e+00
  1.971100e+00   3.796624e+01   3.533180e+00
  1.973760e+00   3.942314e+01   3.563977e+00
  1.976410e+00   4.021440e+01   3.548649e+00
  1.979070e+00   4.198706e+01   3.573276e+00
  1.981720e+00   3.864272e+01   3.564822e+00
  1.984380e+00   3.788066e+01   3.546253e+00
  1.987030e+00   3.554948e+01   3.539462e+00
  1.989690e+00   3.668154e+01   3.548196e+00
  1.992340e+00   3.851370e+01   3.554527e+00
  1.994990e+00   3.903611e+01   3.542680e+00
  1.997650e+00   3.975986e+01   3.547626e+00
  2.000300e+00   3.879137e+01   3.539497e+00
  2.002960e+00   3.869609e+01   3.565030e+00
  2.005610e+00   3.995806e+01   3.531492e+00
  2.008270e+00   4.010915e+01   3.563111e+00
  2.010920e+00   3.839499e+01   3.526469e+00
  2.013580e+00   3.613159e+01   3.548549e+00
  2.016230e+00   3.763515e+01   3.532515e+00
  2.018890e+00   3.887879e+01   3.546020e+00
  2.021540e+00   3.689256e+01   3.528403e+00
  2.024200e+00   3.589179e+01   3.538317e+00
  2.026850e+00   3.516710e+01   3.528484e+00
  2.029510e+00   3.866294e+01   3.542015e+00
  2.032160e+00   3.625461e+01   3.535022e+00
  2.034820e+00   3.360449e+01   3.540639e+00
  2.037470e+00   3.458270e+01   3.525659e+00
  2.040130e+00   3.554808e+01   3.549138e+00
  2.042780e+00   3.169966e+01   3.512843e+00
  2.045440e+00   3.176031e+01   3.530761e+00
  2.048090e+00   3.106290e+01   3.522174e+00
  2.050750e+00   3.102732e+01   3.520955e+00
  2.053400e+00   3.120433e+01   3.507092e+00
  2.056060e+00   3.296953e+01   3.517010e+00
  2.058710e+00   2.890141e+01   3.514105e+00
  2.061360e+00   3.021404e+01   3.499013e+00
  2.064020e+00   3.168168e+01   3.508827e+00
  2.066670e+00   3.394713e+01   3.495888e+00
  2.069330e+00   3.511704e+01   3.520369e+00
  2.071980e+00   3.280115e+01   3.509130e+00
  2.074640e+00   3.884259e+01   3.582810e+00
  2.077290e+00   3.029584e+01   3.599771e+00
  2.079950e+00   3.543683e+01   3.662460e+00
  2.082600e+00   3.201520e+01   3.666106e+00
  2.085260e+00   3.615295e+01   3.711816e+00
  2.087910e+00   3.516258e+01   3.694548e+00
  2.090570e+00   3.093551e+01   3.724956e+00
  2.093220e+00   3.194102e+01   3.732716e+00
  2.095880e+00   3.125383e+01   3.767438e+00
  2.098530e+00   3.453801e+01   3.773803e+00
  2.101190e+00   3.594912e+01   3.789041e+00
  2.103840e+00   3.357933e+01   3.801429e+00
  2.106500e+00   2.628588e+01   3.789226e+00
  2.109150e+00   2.966332e+01   3.792253e+00
  2.111810e+00   3.669618e+01   3.861642e+00
  2.114460e+00   3.435531e+01   3.864989e+00
  2.117120e+00   3.458654e+01   3.874817e+00
  2.119770e+00   2.569375e+01   3.782042e+00
  2.122430e+00   3.213737e+01   3.763036e+00
  2.125080e+00   3.090209e+01   3.742035e+00
  2.127730e+00   2.720126e+01   3.705876e+00
  2.130390e+00   2.910844e+01   3.685891e+00
  2.133040e+00   2.862673e+01   3.665843e+00
  2.135700e+00   2.990908e+01   3.659791e+00
  2.138350e+00   2.255560e+01   3.615082e+00
  2.141010e+00   2.371721e+01   3.637559e+00
  2.143660e+00   2.758182e+01   3.621954e+00
  2.146320e+00   3.046962e+01   3.634316e+00
  2.148970e+00   3.296476e+01   3.643997e+00
  2.151630e+00   2.941270e+01   3.625248e+00
  2.154280e+00   2.759896e+01   3.607020e+00
  2.156940e+00   3.502058e+01   3.640761e+00
  2.159590e+00   3.218514e+01   3.620517e+00
  2.162250e+00   3.151909e+01   3.657233e+00
  2.164900e+00   2.965676e+01   3.611761e+00
  2.167560e+00   3.063306e+01   3.636764e+00
  2.170210e+00   2.926800e+01   3.608273e+00
  2.172870e+00   2.979920e+01   3.639077e+00
  2.175520e+00   3.046079e+01   3.626050e+00
  2.178180e+00   2.628363e+01   3.634363e+00
  2.180830e+00   2.714925e+01   3.630098e+00
  2.183490e+00   2.833383e+01   3.654903e+00
  2.186140e+00   2.405036e+01   3.611862e+00
  2.188800e+00   2.575499e+01   3.637205e+00
  2.191450e+00   3.179752e+01   3.649095e+00
  2.194100e+00   2.947206e+01   3.646305e+00
  2.196760e+00   2.695087e+01   3.655148e+00
  2.199410e+00   2.469272e+01   3.626428e+00
  2.202070e+00   2.469509e+01   3.627278e+00
  2.204720e+00   2.559545e+01   3.627153e+00
  2.207380e+00   2.258032e+01   3.623474e+00
  2.210030e+00   2.791201e+01   3.633250e+00
  2.212690e+00   2.960602e+01   3.663015e+00
  2.215340e+00   2.455825e+01   3.630781e+00
  2.218000e+00   2.625035e+01   3.652993e+00
  2.220650e+00   2.737005e+01   3.612087e+00
  2.223310e+00   3.148934e+01   3.655557e+00
  2.225960e+00   2.658585e+01   3.611154e+00
  2.228620e+00   2.550909e+01   3.651159e+00
  2.231270e+00   2.816135e+01   3.648522e+00
  2.233930e+00   2.250181e+01   3.643236e+00
  2.236580e+00   2.604797e+01   3.634387e+00
  2.239240e+00   2.502830e+01   3.666366e+00
  2.241890e+00   2.930858e+01   3.647778e+00
  2.244550e+00   2.707594e+01   3.660304e+00
  2.247200e+00   2.595815e+01   3.622165e+00
  2.249860e+00   2.730442e+01   3.652868e+00
  2.252510e+00   2.422249e+01   3.629753e+00
  2.255170e+00   2.611560e+01   3.654493e+00
  2.257820e+00   2.189591e+01   3.651847e+00
  2.260470e+00   2.199086e+01   3.625237e+00
  2.263130e+00   2.885747e+01   3.674288e+00
  2.265780e+00   2.642685e+01   3.639280e+00
  2.268440e+00   2.608197e+01   3.658471e+00
  2.271090e+00   2.612371e+01   3.653957e+00
  2.273750e+00   2.603558e+01   3.678417e+00
  2.276400e+00   2.016731e+01   3.658924e+00
  2.279060e+00   1.918846e+01   3.655390e+00
  2.281710e+00   2.493671e+01   3.645124e+00
  2.284370e+00   2.305302e+01   3.678675e+00
  2.287020e+00   2.909462e+01   3.660020e+00
  2.289680e+00   2.694099e+01   3.678849e+00
  2.292330e+00   2.106714e+01   3.633927e+00
  2.294990e+00   1.950752e+01   3.654009e+00
  2.297640e+00   2.356481e+01   3.666402e+00
  2.300300e+00   2.202977e+01   3.659977e+00
  2.302950e+00   2.557120e+01   3.664408e+00
  2.305610e+00   2.268509e+01   3.672366e+00
  2.308260e+00   2.380731e+01   3.679682e+00
  2.310920e+00   2.735160e+01   3.681644e+00
  2.313570e+00   2.561540e+01   3.646541e+00
  2.316230e+00   1.771180e+01   3.652443e+00
  2.318880e+00   2.053697e+01   3.645445e+00
  2.321540e+00   2.437056e+01   3.657369e+00
  2.324190e+00   1.912285e+01   3.636571e+00
  2.326840e+00   2.047151e+01   3.628856e+00
  2.329500e+00   2.124785e+01   3.644723e+00
  2.332150e+00   2.530842e+01   3.627818e+00
  2.334810e+00   2.315840e+01   3.642617e+00
  2.337460e+00   1.972940e+01   3.613083e+00
  2.340120e+00   1.789971e+01   3.643717e+00
  2.342770e+00   2.460103e+01   3.643631e+00
  2.345430e+00   2.281680e+01   3.647406e+00
  2.348080e+00   2.462387e+01   3.637121e+00
  2.350740e+00   2.267437e+01   3.670065e+00
  2.353390e+00   2.044640e+01   3.662413e+00
  2.356050e+00   1.970118e+01   3.644082e+00
  2.358700e+00   1.665334e+01   3.630006e+00
  2.361360e+00   2.047574e+01   3.650581e+00
  2.364010e+00   2.408612e+01   3.652913e+00
  2.366670e+00   2.250150e+01   3.653944e+00
  2.369320e+00   2.212933e+01   3.626470e+00
  2.371980e+00   1.798220e+01   3.638192e+00
  2.374630e+00   2.163560e+01   3.631143e+00
  2.377290e+00   2.073188e+01   3.657194e+00
  2.379940e+00   1.701131e+01   3.617153e+00
  2.382600e+00   1.777833e+01   3.627857e+00
  2.385250e+00   2.222343e+01   3.631706e+00
  2.387910e+00   2.216338e+01   3.634707e+00
  2.390560e+00   1.746512e+01   3.616586e+00
  2.393210e+00   2.325967e+01   3.634738e+00
  2.395870e+00   2.290272e+01   3.645172e+00
  2.398520e+00   2.272677e+01   3.640529e+00
  2.401180e+00   2.173822e+01   3.646446e+00
  2.403830e+00   2.115228e+01   3.634558e+00
  2.406490e+00   1.715728e+01   3.634636e+00
  2.409140e+00   2.151706e+01   3.620955e+00
  2.411800e+00   1.997173e+01   3.643775e+00
  2.414450e+00   2.080098e+01   3.624299e+00
  2.417110e+00   2.356654e+01   3.669798e+00
  2.419760e+00   2.215628e+01   3.644968e+00
  2.422420e+00   2.307437e+01   3.655743e+00
  2.425070e+00   1.999646e+01   3.638566e+00
  2.427730e+00   1.994625e+01   3.630494e+00
  2.430380e+00   1.710192e+01   3.643521e+00
  2.433040e+00   1.860361e+01   3.619842e+00
  2.435690e+00   2.532406e+01   3.656096e+00
  2.438350e+00   2.275480e+01   3.657160e+00
  2.441000e+00   1.808921e+01   3.623456e+00
  2.443660e+00   1.507914e+01   3.647203e+00
  2.446310e+00   1.961957e+01   3.613381e+00
  2.448970e+00   2.116566e+01   3.652536e+00
  2.451620e+00   2.555314e+01   3.650041e+00
  2.454270e+00   1.460047e+01   3.610513e+00
  2.456930e+00   1.741759e+01   3.652849e+00
  2.459580e+00   2.047580e+01   3.623318e+00
  2.462240e+00   2.002131e+01   3.657797e+00
  2.464890e+00   1.880444e+01   3.640976e+00
  2.467550e+00   2.026357e+01   3.624668e+00
  2.470200e+00   1.925917e+01   3.646326e+00
  2.472860e+00   1.875286e+01   3.644580e+00
  2.475510e+00   1.680627e+01   3.633226e+00
  2.478170e+00   1.888159e+01   3.648027e+00
  2.480820e+00   1.903555e+01   3.627120e+00
  2.483480e+00   2.287919e+01   3.664678e+00
  2.486130e+00   1.536522e+01   3.626713e+00
  2.488790e+00   1.345421e+01   3.648827e+00
  2.491440e+00   1.717604e+01   3.632709e+00
  2.494100e+00   1.863141e+01   3.638218e+00
  2.496750e+00   1.665188e+01   3.632817e+00
  2.499410e+00   2.259065e+01   3.670823e+00
  2.502060e+00   2.155523e+01   3.648180e+00
  2.504720e+00   1.962811e+01   3.666134e+00
  2.507370e+00   1.882104e+01   3.649364e+00
  2.510030e+00   1.889695e+01   3.681824e+00
  2.512680e+00   1.564338e+01   3.629597e+00
  2.515340e+00   1.771471e+01   3.653148e+00
  2.517990e+00   1.010047e+01   3.624568e+00
  2.520640e+00   1.827007e+01   3.653412e+00
  2.523300e+00   1.811969e+01   3.659983e+00
  2.525950e+00   1.458494e+01   3.638433e+00
  2.528610e+00   1.942486e+01   3.658417e+00
  2.531260e+00   2.054999e+01   3.645736e+00
  2.533920e+00   2.101113e+01   3.658608e+00
  2.536570e+00   1.773310e+01   3.635854e+00
  2.539230e+00   1.386007e+01   3.662946e+00
  2.541880e+00   1.565530e+01   3.630514e+00
  2.544540e+00   1.247075e+01   3.631509e+00
  2.547190e+00   1.372364e+01   3.620166e+00
  2.549850e+00   2.135594e+01   3.666974e+00
  2.552500e+00   2.132790e+01   3.672690e+00
  2.555160e+00   2.421231e+01   3.691839e+00
  2.557810e+00   1.650977e+01   3.659651e+00
  2.560470e+00   1.783236e+01   3.657394e+00
  2.563120e+00   1.975050e+01   3.665930e+00
  2.565780e+00   1.748172e+01   3.675586e+00
  2.568430e+00   1.804296e+01   3.626182e+00
  2.571090e+00   1.583734e+01   3.656458e+00
  2.573740e+00   1.702762e+01   3.646869e+00
  2.576400e+00   1.844148e+01   3.662081e+00
  2.579050e+00   2.008606e+01   3.659010e+00
  2.581710e+00   1.462222e+01   3.643823e+00
  2.584360e+00   1.184303e+01   3.628662e+00
  2.587010e+00   1.252036e+01   3.643400e+00
  2.589670e+00   1.552176e+01   3.669082e+00
  2.592320e+00   1.713836e+01   3.637658e+00
  2.594980e+00   1.769302e+01   3.658697e+00
  2.597630e+00   1.822614e+01   3.636375e+00
  2.600290e+00   1.922497e+01   3.668039e+00
  2.602940e+00   1.526260e+01   3.629751e+00
  2.605600e+00   2.012960e+01   3.650551e+00
  2.608250e+00   1.557698e+01   3.624398e+00
  2.610910e+00   1.656432e+01   3.636629e+00
  2.613560e+00   1.582287e+01   3.623893e+00
  2.616220e+00   1.747805e+01   3.655561e+00
  2.618870e+00   1.361026e+01   3.604023e+00
  2.621530e+00   1.440004e+01   3.653631e+00
  2.624180e+00   1.268375e+01   3.610790e+00
  2.626840e+00   1.614555e+01   3.651531e+00
  2.629490e+00   1.752095e+01   3.622782e+00
  2.632150e+00   1.688596e+01   3.633703e+00
  2.634800e+00   1.554553e+01   3.668896e+00
  2.637460e+00   1.471142e+01   3.727541e+00
  2.640110e+00   1.449114e+01   3.789459e+00
  2.642770e+00   2.132336e+01   3.840754e+00
  2.645420e+00   1.975954e+01   3.865059e+00
  2.648080e+00   2.205902e+01   3.902260e+00
  2.650730e+00   1.608333e+01   3.904382e+00
  2.653380e+00   1.744985e+01   3.936969e+00
  2.656040e+00   1.585604e+01   3.966303e+00
  2.658690e+00   1.908754e+01   3.980047e+00
  2.661350e+00   1.604582e+01   4.028142e+00
  2.664000e+00   1.721710e+01   4.026623e+00
  2.666660e+00   2.139072e+01   4.079934e+00
  2.669310e+00   1.722928e+01   4.061959e+00
  2.671970e+00   1.357605e+01   4.096413e+00
  2.674620e+00   1.341079e+01   4.070916e+00
  2.677280e+00   1.847789e+01   4.158963e+00
  2.679930e+00   1.939954e+01   4.172392e+00
  2.682590e+00   1.248027e+01   4.047998e+00
  2.685240e+00   1.529224e+01   4.013412e+00
  2.687900e+00   1.376198e+01   3.981048e+00
  2.690550e+00   1.257206e+01   3.927570e+00
  2.693210e+00   1.210484e+01   3.918099e+00
  2.695860e+00   1.385959e+01   3.882224e+00
  2.698520e+00   1.280987e+01   3.919444e+00
  2.701170e+00   8.698229e+00   3.870028e+00
  2.703830e+00   1.482484e+01   3.878612e+00
  2.706480e+00   1.604383e+01   3.861813e+00
  2.709140e+00   1.300139e+01   3.862494e+00
  2.711790e+00   6.208248e+00   3.834909e+00
  2.714450e+00   1.402412e+01   3.830189e+00
  2.717100e+00   1.806203e+01   3.858538e+00
  2.719750e+00   1.838303e+01   3.852638e+00
  2.722410e+00   1.104855e+01   3.841109e+00
  2.725060e+00   1.436243e+01   3.828285e+00
  2.727720e+00   1.339935e+01   3.828966e+00
  2.730370e+00   1.905199e+01   3.847592e+00
  2.733030e+00   1.783828e+01   3.833879e+00
  2.735680e+00   1.791436e+01   3.829324e+00
  2.738340e+00   8.541454e+00   3.802135e+00
  2.740990e+00   9.676548e+00   3.786324e+00
  2.743650e+00   8.920368e+00   3.796352e+00
  2.746300e+00   1.348939e+01   3.797081e+00
  2.748960e+00   1.887493e+01   3.824982e+00
  2.751610e+00   1.681263e+01   3.818023e+00
  2.754270e+00   1.679949e+01   3.830192e+00
  2.756920e+00   1.367013e+01   3.788880e+00
  2.759580e+00   1.370136e+01   3.797348e+00
  2.762230e+00   1.155230e+01   3.774460e+00
  2.764890e+00   1.289946e+01   3.750111e+00
  2.767540e+00   1.187621e+01   3.758982e+00
  2.770200e+00   1.055596e+01   3.759268e+00
  2.772850e+00   5.275981e+00   3.704159e+00
  2.775510e+00   1.421953e+01   3.769578e+00
  2.778160e+00   1.402565e+01   3.744319e+00
  2.780820e+00   1.575960e+01   3.767699e+00
  2.783470e+00   1.194350e+01   3.759263e+00
  2.786120e+00   6.191041e+00   3.718417e+00
  2.788780e+00   1.152416e+01   3.753286e+00
  2.791430e+00   7.813607e+00   3.712386e+00
  2.794090e+00   1.107582e+01   3.739583e+00
  2.796740e+00   7.777620e+00   3.714252e+00
  2.799400e+00   6.755312e+00   3.738669e+00
  2.802050e+00   1.293151e+01   3.760837e+00
  2.804710e+00   9.490014e+00   3.718288e+00
  2.807360e+00   1.539010e+01   3.747069e+00
  2.810020e+00   1.755559e+01   3.752980e+00
  2.812670e+00   1.719328e+01   3.750987e+00
  2.815330e+00   1.205782e+01   3.755197e+00
  2.817980e+00   1.473955e+01   3.742245e+00
  2.820640e+00   2.069982e+01   3.775635e+00
  2.823290e+00   1.549505e+01   3.734063e+00
  2.825950e+00   1.845313e+01   3.768620e+00
  2.828600e+00   1.736196e+01   3.749006e+00
  2.831260e+00   1.467875e+01   3.733689e+00
  2.833910e+00   8.576032e+00   3.720719e+00
  2.836570e+00   9.566777e+00   3.732728e+00
  2.839220e+00   1.317163e+01   3.728050e+00
  2.841880e+00   9.170911e+00   3.724494e+00
  2.844530e+00   1.495879e+01   3.711132e+00
  2.847190e+00   1.531347e+01   3.742649e+00
  2.849840e+00   1.348301e+01   3.729042e+00
  2.852490e+00   1.354361e+01   3.732913e+00
  2.855150e+00   1.088207e+01   3.726782e+00
  2.857800e+00   1.553117e+01   3.740669e+00
  2.860460e+00   1.319872e+01   3.730954e+00
  2.863110e+00   6.398878e+00   3.675215e+00
  2.865770e+00   1.480971e+01   3.736841e+00
  2.868420e+00   1.942431e+01   3.739059e+00
  2.871080e+00   1.586414e+01   3.749681e+00
  2.873730e+00   1.263710e+01   3.686995e+00
  2.876390e+00   7.926052e+00   3.716681e+00
  2.879040e+00   1.614200e+01   3.737313e+00
  2.881700e+00   1.238063e+01   3.736653e+00
  2.884350e+00   8.317155e+00   3.719804e+00
  2.887010e+00   1.215031e+01   3.716632e+00
  2.889660e+00   1.779648e+01   3.741903e+00
  2.892320e+00   6.994893e+00   3.715440e+00
  2.894970e+00   8.203507e+00   3.696730e+00
  2.897630e+00   1.344171e+01   3.725054e+00
  2.900280e+00   1.473383e+01   3.703882e+00
  2.902940e+00   1.801483e+01   3.761068e+00
  2.905590e+00   1.945656e+01   3.734129e+00
  2.908250e+00   1.998259e+01   3.775532e+00
  2.910900e+00   1.921438e+01   3.762958e+00
  2.913550e+00   1.111835e+01   3.702517e+00
  2.916210e+00   1.034804e+01   3.731323e+00
  2.918860e+00   1.190807e+01   3.727325e+00
  2.921520e+00   1.497173e+01   3.747206e+00
  2.924170e+00   1.682881e+01   3.737817e+00
  2.926830e+00   1.626229e+01   3.730740e+00
  2.929480e+00   1.225844e+01   3.706981e+00
  2.932140e+00   1.285156e+01   3.730096e+00
  2.934790e+00   1.556800e+01   3.707608e+00
  2.937450e+00   1.058166e+01   3.728308e+00
  2.940100e+00   1.239555e+01   3.718925e+00
  2.942760e+00   1.280544e+01   3.726135e+00
  2.945410e+00   1.220397e+01   3.713434e+00
  2.948070e+00   1.401987e+01   3.727808e+00
  2.950720e+00   1.350045e+01   3.715035e+00
  2.953380e+00   1.375395e+01   3.717694e+00
  2.956030e+00   9.823140e+00   3.717332e+00
  2.958690e+00   1.297351e+01   3.715697e+00
  2.961340e+00   1.309470e+01   3.691350e+00
  2.964000e+00   1.228977e+01   3.718163e+00
  2.966650e+00   8.911318e+00   3.693104e+00
  2.969310e+00   1.081408e+01   3.715770e+00
  2.971960e+00   9.620108e+00   3.689589e+00
  2.974620e+00   1.097211e+01   3.694581e+00
  2.977270e+00   1.237092e+01   3.692039e+00
  2.979920e+00   1.356285e+01   3.686651e+00
  2.982580e+00   9.482240e+00   3.687501e+00
  2.985230e+00   1.224516e+01   3.694391e+00
  2.987890e+00   1.322775e+01   3.711932e+00
  2.990540e+00   1.099395e+01   3.682135e+00
  2.993200e+00   1.226145e+01   3.702696e+00
  2.995850e+00   9.950248e+00   3.676535e+00
  2.998510e+00   7.833856e+00   3.673298e+00
  3.001160e+00   1.158298e+01   3.675023e+00
  3.003820e+00   1.041391e+01   3.680292e+00
  3.006470e+00   1.676931e+01   3.681654e+00
  3.009130e+00   1.144842e+01   3.697271e+00
  3.011780e+00   1.146431e+01   3.677942e+00
  3.014440e+00   1.112367e+01   3.683800e+00
  3.017090e+00   9.801535e+00   3.665304e+00
  3.019750e+00   1.151454e+01   3.683156e+00
  3.022400e+00   1.257579e+01   3.691762e+00
  3.025060e+00   1.187932e+01   3.684394e+00
  3.027710e+00   8.927247e+00   3.652318e+00
  3.030370e+00   1.096871e+01   3.691223e+00
  3.033020e+00   1.266924e+01   3.669237e+00
  3.035680e+00   1.127606e+01   3.705614e+00
  3.038330e+00   1.028923e+01   3.688021e+00
  3.040990e+00   1.171979e+01   3.689535e+00
  3.043640e+00   5.497904e+00   3.674597e+00
  3.046290e+00   1.035494e+01   3.674892e+00
  3.048950e+00   1.436509e+01   3.721630e+00
  3.051600e+00   1.671691e+01   3.692696e+00
  3.054260e+00   1.487605e+01   3.706477e+00
  3.056910e+00   1.552305e+01   3.700618e+00
  3.059570e+00   9.664818e+00   3.691822e+00
  3.062220e+00   9.506132e+00   3.672125e+00
  3.064880e+00   6.858183e+00   3.677218e+00
  3.067530e+00   1.072317e+01   3.646180e+00
  3.070190e+00   1.165287e+01   3.689254e+00
  3.072840e+00   1.087736e+01   3.655322e+00
  3.075500e+00   1.142557e+01   3.684732e+00
  3.078150e+00   1.199124e+01   3.687969e+00
  3.080810e+00   1.610242e+01   3.704376e+00
  3.083460e+00   1.209191e+01   3.681978e+00
  3.086120e+00   1.311325e+01   3.695236e+00
  3.088770e+00   6.458811e+00   3.653423e+00
  3.091430e+00   6.916977e+00   3.673525e+00
  3.094080e+00   7.249157e+00   3.656587e+00
  3.096740e+00   1.343990e+01   3.709542e+00
  3.099390e+00   1.545019e+01   3.703390e+00
  3.102050e+00   9.397623e+00   3.674868e+00
  3.104700e+00   1.370479e+01   3.694425e+00
  3.107360e+00   1.132613e+01   3.686312e+00
  3.110010e+00   7.725522e+00   3.672973e+00
  3.112660e+00   7.201358e+00   3.646423e+00
  3.115320e+00   5.821135e+00   3.650998e+00
  3.117970e+00   1.096852e+01   3.680047e+00
  3.120630e+00   8.539475e+00   3.675230e+00
  3.123280e+00   9.783967e+00   3.653335e+00
  3.125940e+00   1.020199e+01   3.667124e+00
  3.128590e+00   1.031795e+01   3.665126e+00
  3.131250e+00   9.851380e+00   3.669338e+00
  3.133900e+00   9.531817e+00   3.656866e+00
  3.136560e+00   1.541527e+01   3.697736e+00
  3.139210e+00   1.426165e+01   3.692261e+00
  3.141870e+00   1.198596e+01   3.673344e+00
  3.144520e+00   1.054178e+01   3.675210e+00
  3.147180e+00   1.394945e+01   3.694976e+00
  3.149830e+00   1.122272e+01   3.693657e+00
  3.152490e+00   1.052839e+01   3.704928e+00
  3.155140e+00   1.193456e+01   3.692167e+00
  3.157800e+00   8.198576e+00   3.674539e+00
  3.160450e+00   4.245579e+00   3.640823e+00
  3.163110e+00   8.082876e+00   3.682505e+00
  3.165760e+00   9.803742e+00   3.685361e+00
  3.168420e+00   7.941673e+00   3.679438e+00
  3.171070e+00   1.178715e+01   3.668502e+00
  3.173730e+00   1.406872e+01   3.678628e+00
  3.176380e+00   1.564324e+01   3.693997e+00
  3.179030e+00   1.516697e+01   3.700771e+00
  3.181690e+00   1.245639e+01   3.703535e+00
  3.184340e+00   1.254045e+01   3.687915e+00
  3.187000e+00   1.087905e+01   3.694368e+00
  3.189650e+00   1.322315e+01   3.678407e+00
  3.192310e+00   9.787642e+00   3.677852e+00
  3.194960e+00   9.414500e+00   3.660520e+00
  3.197620e+00   1.320472e+01   3.714099e+00
  3.200270e+00   1.392158e+01   3.786225e+00
  3.202930e+00   1.221201e+01   3.850298e+00
  3.205580e+00   1.730410e+01   3.902659e+00
  3.208240e+00   1.554021e+01   3.954364e+00
  3.210890e+00   9.864538e+00   3.971197e+00
  3.213550e+00   1.305647e+01   4.019308e+00
  3.216200e+00   1.046773e+01   4.023470e+00
  3.218860e+00   1.085139e+01   4.073249e+00
  3.221510e+00   1.392579e+01   4.085732e+00
  3.224170e+00   1.489275e+01   4.098186e+00
  3.226820e+00   1.420594e+01   4.140138e+00
  3.229480e+00   8.644831e+00   4.148140e+00
  3.232130e+00   8.608365e+00   4.151439e+00
  3.234790e+00   1.196436e+01   4.193498e+00
  3.237440e+00   1.336419e+01   4.200973e+00
  3.240100e+00   1.254939e+01   4.243124e+00
  3.242750e+00   1.062100e+01   4.237599e+00
  3.245400e+00   1.038190e+01   4.157982e+00
  3.248060e+00   7.358050e+00   4.058369e+00
  3.250710e+00   1.123030e+01   4.032210e+00
  3.253370e+00   8.070613e+00   4.003049e+00
  3.256020e+00   9.983677e+00   3.976867e+00
  3.258680e+00   1.762237e+01   4.014508e+00
  3.261330e+00   1.453469e+01   3.942570e+00
  3.263990e+00   1.721202e+01   3.965140e+00
  3.266640e+00   1.439748e+01   3.946915e+00
  3.269300e+00   1.253829e+01   3.926905e+00
  3.271950e+00   1.360541e+01   3.898107e+00
  3.274610e+00   1.363727e+01   3.918162e+00
  3.277260e+00   9.456865e+00   3.877856e+00
  3.279920e+00   5.210289e+00   3.869622e+00
  3.282570e+00   7.562873e+00   3.843920e+00
  3.285230e+00   8.977404e+00   3.868369e+00
  3.287880e+00   1.304340e+01   3.889654e+00
  3.290540e+00   1.230588e+01   3.902270e+00
  3.293190e+00   1.025417e+01   3.853650e+00
  3.295850e+00   1.273320e+01   3.869724e+00
  3.298500e+00   1.231717e+01   3.861766e+00
  3.301160e+00   1.157015e+01   3.868121e+00
  3.303810e+00   1.607595e+01   3.847208e+00
  3.306470e+00   1.432979e+01   3.882265e+00
  3.309120e+00   9.738876e+00   3.840276e+00
  3.311770e+00   1.100259e+01   3.830389e+00
  3.314430e+00   1.049538e+01   3.821145e+00
  3.317080e+00   6.590282e+00   3.811017e+00
  3.319740e+00   1.279013e+01   3.853602e+00
  3.322390e+00   1.460965e+01   3.824395e+00
  3.325050e+00   1.284846e+01   3.847708e+00
  3.327700e+00   1.210163e+01   3.799539e+00
  3.330360e+00   1.155062e+01   3.824722e+00
  3.333010e+00   8.275126e+00   3.778443e+00
  3.335670e+00   1.092396e+01   3.809304e+00
  3.338320e+00   1.462679e+01   3.822666e+00
  3.340980e+00   1.767946e+01   3.836381e+00
  3.343630e+00   1.708461e+01   3.831995e+00
  3.346290e+00   1.587293e+01   3.821015e+00
  3.348940e+00   1.506126e+01   3.794229e+00
  3.351600e+00   1.492127e+01   3.821253e+00
  3.354250e+00   1.353670e+01   3.815886e+00
  3.356910e+00   1.491429e+01   3.837525e+00
  3.359560e+00   1.140361e+01   3.808204e+00
  3.362220e+00   1.159700e+01   3.814083e+00
  3.364870e+00   1.354483e+01   3.815631e+00
  3.367530e+00   1.195684e+01   3.814899e+00
  3.370180e+00   4.679226e+00   3.783928e+00
  3.372830e+00   8.579294e+00   3.785666e+00
  3.375490e+00   8.384270e+00   3.802448e+00
  3.378140e+00   1.198427e+01   3.778799e+00
  3.380800e+00   1.512070e+01   3.814028e+00
  3.383450e+00   1.049636e+01   3.752020e+00
  3.386110e+00   8.240700e+00   3.780192e+00
  3.388760e+00   5.812905e+00   3.728471e+00
  3.391420e+00   5.554971e+00   3.747590e+00
  3.394070e+00   1.261020e+01   3.758944e+00
  3.396730e+00   1.409371e+01   3.799101e+00
  3.399380e+00   7.916444e+00   3.752877e+00
  3.402040e+00   6.477443e+00   3.759688e+00
  3.404690e+00   1.437065e+01   3.743914e+00
  3.407350e+00   1.021841e+01   3.749813e+00
  3.410000e+00   1.127090e+01   3.747384e+00
  3.412660e+00   1.233805e+01   3.766341e+00
  3.415310e+00   1.223701e+01   3.761144e+00
  3.417970e+00   1.570364e+01   3.789493e+00
  3.420620e+00   1.327994e+01   3.753169e+00
  3.423280e+00   1.336943e+01   3.744056e+00
  3.425930e+00   6.600461e+00   3.710335e+00
  3.428590e+00   8.636340e+00   3.748118e+00
  3.431240e+00   1.293065e+01   3.733642e+00
  3.433900e+00   1.127498e+01   3.756893e+00
  3.436550e+00   1.009650e+01   3.756621e+00
  3.439200e+00   1.143597e+01   3.759182e+00
  3.441860e+00   8.187291e+00   3.762990e+00
  3.444510e+00   7.608741e+00   3.719527e+00
  3.447170e+00   9.028644e+00   3.757420e+00
  3.449820e+00   5.870875e+00   3.720089e+00
  3.452480e+00   1.105796e+01   3.747249e+00
  3.455130e+00   1.326295e+01   3.749467e+00
  3.457790e+00   1.275843e+01   3.746514e+00
  3.460440e+00   1.166884e+01   3.737102e+00
  3.463100e+00   1.531859e+01   3.767329e+00
  3.465750e+00   9.975663e+00   3.742055e+00
  3.468410e+00   1.125949e+01   3.757198e+00
  3.471060e+00   1.044317e+01   3.742523e+00
  3.473720e+00   9.862324e+00   3.735776e+00
  3.476370e+00   7.689184e+00   3.695775e+00
  3.479030e+00   8.723585e+00   3.735320e+00
  3.481680e+00   8.007775e+00   3.719041e+00
  3.484340e+00   2.682163e+00   3.710572e+00
  3.486990e+00   9.719771e+00   3.724407e+00
  3.489650e+00   1.655874e+01   3.755686e+00
  3.492300e+00   1.248823e+01   3.727008e+00
  3.494960e+00   1.302900e+01   3.749669e+00
  3.497610e+00   1.441886e+01   3.755350e+00
  3.500270e+00   1.428090e+01   3.746082e+00
  3.502920e+00   1.046797e+01   3.740442e+00
  3.505570e+00   1.185896e+01   3.742439e+00
  3.508230e+00   1.008064e+01   3.748398e+00
  3.510880e+00   1.308116e+01   3.738851e+00
  3.513540e+00   1.393585e+01   3.747874e+00
  3.516190e+00   9.472049e+00   3.728251e+00
  3.518850e+00   1.219001e+01   3.745935e+00
  3.521500e+00   1.565311e+01   3.775998e+00
  3.524160e+00   7.170583e+00   3.724566e+00
  3.526810e+00   4.120782e+00   3.709620e+00
  3.529470e+00   7.974474e+00   3.719418e+00
  3.532120e+00   1.288360e+01   3.726174e+00
  3.534780e+00   8.217345e+00   3.729473e+00
  3.537430e+00   9.834125e+00   3.727521e+00
  3.540090e+00   9.128392e+00   3.719314e+00
  3.542740e+00   1.156994e+01   3.718087e+00
  3.545400e+00   1.310298e+01   3.740188e+00
  3.548050e+00   1.245561e+01   3.712885e+00
  3.550710e+00   4.369369e+00   3.700875e+00
  3.553360e+00   7.458505e+00   3.713709e+00
  3.556020e+00   1.390714e+01   3.753598e+00
  3.558670e+00   1.501548e+01   3.751618e+00
  3.561330e+00   1.062682e+01   3.737941e+00
  3.563980e+00   8.728521e+00   3.704829e+00
  3.566640e+00   1.732460e+01   3.749167e+00
  3.569290e+00   1.468584e+01   3.738227e+00
  3.571940e+00   6.355323e+00   3.714912e+00
  3.574600e+00   9.582214e+00   3.739064e+00
  3.577250e+00   5.324701e+00   3.691040e+00
  3.579910e+00   8.185291e+00   3.721040e+00
  3.582560e+00   1.210269e+01   3.730256e+00
  3.585220e+00   1.715717e+01   3.755476e+00
  3.587870e+00   1.826532e+01   3.747533e+00
  3.590530e+00   1.261530e+01   3.740834e+00
  3.593180e+00   9.857114e+00   3.716986e+00
  3.595840e+00   5.287892e+00   3.709251e+00
  3.598490e+00   9.200113e+00   3.698662e+00
  3.601150e+00   1.014191e+01   3.711231e+00
  3.603800e+00   1.282630e+01   3.715930e+00
  3.606460e+00   1.746840e+01   3.756129e+00
  3.609110e+00   8.783320e+00   3.709176e+00
  3.611770e+00   7.559278e+00   3.737835e+00
  3.614420e+00   9.196244e+00   3.718711e+00
  3.617080e+00   7.257164e+00   3.719619e+00
  3.619730e+00   1.187918e+01   3.713751e+00
  3.622390e+00   1.498930e+01   3.747076e+00
  3.625040e+00   1.047547e+01   3.706587e+00
  3.627700e+00   1.384370e+01   3.742405e+00
  3.630350e+00   1.716786e+01   3.722669e+00
  3.633010e+00   7.356575e+00   3.705697e+00
  3.635660e+00   1.539358e+00   3.697854e+00
  3.638310e+00   1.115914e+01   3.723590e+00
  3.640970e+00   8.196024e+00   3.714531e+00
  3.643620e+00   1.334010e+01   3.719535e+00
  3.646280e+00   5.868692e+00   3.713351e+00
  3.648930e+00   1.074800e+01   3.717473e+00
  3.651590e+00   1.269672e+01   3.721321e+00
  3.654240e+00   9.556579e+00   3.724146e+00
  3.656900e+00   9.094824e+00   3.742492e+00
  3.659550e+00   1.079706e+01   3.723983e+00
  3.662210e+00   8.919803e+00   3.728116e+00
  3.664860e+00   1.649357e+01   3.726238e+00
  3.667520e+00   9.560257e+00   3.727596e+00
  3.670170e+00   9.484954e+00   3.699101e+00
  3.672830e+00   6.436030e+00   3.691972e+00
  3.675480e+00   3.958289e+00   3.683193e+00
  3.678140e+00   1.151265e+01   3.730235e+00
  3.680790e+00   1.303200e+01   3.705045e+00
  3.683450e+00   9.958874e+00   3.721247e+00
  3.686100e+00   6.493616e+00   3.690109e+00
  3.688760e+00   1.312180e+01   3.732614e+00
  3.691410e+00   1.046716e+01   3.693131e+00
  3.694070e+00   1.188085e+01   3.706598e+00
  3.696720e+00   1.160882e+01   3.686819e+00
  3.699380e+00   9.088127e+00   3.692845e+00
  3.702030e+00   1.156739e+01   3.708225e+00
  3.704680e+00   5.940944e+00   3.664763e+00
  3.707340e+00   7.223944e+00   3.685964e+00
  3.709990e+00   1.109070e+01   3.690292e+00
  3.712650e+00   9.540210e+00   3.677586e+00
  3.715300e+00   1.345123e+01   3.674632e+00
  3.717960e+00   1.144124e+01   3.690240e+00
  3.720610e+00   1.247704e+01   3.669406e+00
  3.723270e+00   1.082729e+01   3.684142e+00
  3.725920e+00   9.153753e+00   3.668259e+00
  3.728580e+00   9.763283e+00   3.680178e+00
  3.731230e+00   1.416440e+01   3.682961e+00
  3.733890e+00   1.068665e+01   3.686272e+00
  3.736540e+00   1.224529e+01   3.677762e+00
  3.739200e+00   1.140834e+01   3.678223e+00
  3.741850e+00   1.075619e+01   3.662206e+00
  3.744510e+00   4.723530e+00   3.651162e+00
  3.747160e+00   5.386790e+00   3.651543e+00
  3.749820e+00   9.298638e+00   3.687715e+00
  3.752470e+00   1.539985e+01   3.686583e+00
  3.755130e+00   1.131028e+01   3.669657e+00
  3.757780e+00   1.467610e+01   3.701778e+00
  3.760440e+00   9.486175e+00   3.721048e+00
  3.763090e+00   1.134232e+01   3.799959e+00
  3.765750e+00   1.072445e+01   3.856106e+00
  3.768400e+00   1.166647e+01   3.925136e+00
  3.771050e+00   1.157402e+01   3.966597e+00
  3.773710e+00   1.470460e+01   4.017490e+00
  3.776360e+00   1.407669e+01   4.038318e+00
  3.779020e+00   1.353053e+01   4.089776e+00
  3.781670e+00   6.004011e+00   4.091425e+00
  3.784330e+00   2.708200e+00   4.109240e+00
  3.786980e+00   3.508636e+00   4.131632e+00
  3.789640e+00   7.308987e+00   4.209621e+00
  3.792290e+00   1.020375e+01   4.209232e+00
  3.794950e+00   1.254210e+01   4.260368e+00
  3.797600e+00   9.497876e+00   4.280617e+00
  3.800260e+00   1.035324e+01   4.306063e+00
  3.802910e+00   7.783279e+00   4.299960e+00
  3.805570e+00   8.017904e+00   4.323371e+00
  3.808220e+00   1.195400e+01   4.227967e+00
  3.810880e+00   1.347591e+01   4.153807e+00
  3.813530e+00   1.061345e+01   4.096451e+00
  3.816190e+00   5.795607e+00   4.066215e+00
  3.818840e+00   6.211243e+00   4.030558e+00
  3.821500e+00   8.776675e+00   4.026765e+00
  3.824150e+00   7.453586e+00   3.980258e+00
  3.826810e+00   1.110516e+01   3.993392e+00
  3.829460e+00   1.119041e+01   4.003577e+00
  3.832110e+00   1.456655e+01   3.975826e+00
  3.834770e+00   1.816316e+01   3.982167e+00
  3.837420e+00   1.408501e+01   3.955273e+00
  3.840080e+00   1.069099e+01   3.936626e+00
  3.842730e+00   9.880276e+00   3.914460e+00
  3.845390e+00   1.064876e+01   3.913477e+00
  3.848040e+00   1.049580e+01   3.897122e+00
  3.850700e+00   1.470400e+01   3.924103e+00
  3.853350e+00   1.776044e+01   3.907718e+00
  3.856010e+00   1.786935e+01   3.910477e+00
  3.858660e+00   9.990393e+00   3.857910e+00
  3.861320e+00   8.064898e+00   3.862198e+00
  3.863970e+00   7.377183e+00   3.833661e+00
  3.866630e+00   7.767277e+00   3.856898e+00
  3.869280e+00   1.546134e+01   3.840269e+00
  3.871940e+00   1.524871e+01   3.854350e+00
  3.874590e+00   1.004716e+01   3.832771e+00
  3.877250e+00   5.910366e+00   3.834126e+00
  3.879900e+00   8.849637e+00   3.827408e+00
  3.882560e+00   8.876862e+00   3.839024e+00
  3.885210e+00   1.207638e+01   3.819813e+00
  3.887870e+00   5.344413e+00   3.806493e+00
  3.890520e+00   8.310692e+00   3.811807e+00
  3.893180e+00   3.698754e+00   3.798736e+00
  3.895830e+00   6.607897e+00   3.812165e+00
  3.898480e+00   1.006184e+01   3.808675e+00
  3.901140e+00   1.460038e+01   3.838815e+00
  3.903790e+00   1.404227e+01   3.842825e+00
  3.906450e+00   1.359685e+01   3.836316e+00
  3.909100e+00   6.336508e+00   3.799696e+00
  3.911760e+00   7.982300e+00   3.813919e+00
  3.914410e+00   1.219187e+01   3.819369e+00
  3.917070e+00   1.113361e+01   3.810279e+00
  3.919720e+00   1.205878e+01   3.814269e+00
  3.922380e+00   1.388084e+01   3.829620e+00
  3.925030e+00   1.862418e+01   3.830635e+00
  3.927690e+00   1.447259e+01   3.821855e+00
  3.930340e+00   1.402587e+01   3.828332e+00
  3.933000e+00   1.497510e+01   3.827329e+00
  3.935650e+00   1.674945e+01   3.819093e+00
  3.938310e+00   7.063503e+00   3.803146e+00
  3.940960e+00   6.244872e+00   3.754973e+00
  3.943620e+00   8.459988e+00   3.792659e+00
  3.946270e+00   1.385934e+01   3.782251e+00
  3.948930e+00   1.240931e+01   3.826467e+00
  3.951580e+00   1.385985e+01   3.796539e+00
  3.954240e+00   8.721521e+00   3.787506e+00
  3.956890e+00   1.138185e+01   3.774564e+00
  3.959550e+00   9.677615e+00   3.788304e+00
  3.962200e+00   1.426730e+01   3.804497e+00
  3.964850e+00   1.035735e+01   3.781756e+00
  3.967510e+00   9.835557e+00   3.782676e+00
  3.970160e+00   9.222416e+00   3.767336e+00
  3.972820e+00   1.472751e+01   3.796269e+00
  3.975470e+00   1.275514e+01   3.773698e+00
  3.978130e+00   7.476378e+00   3.774714e+00
  3.980780e+00   9.927279e+00   3.784914e+00
  3.983440e+00   1.031018e+01   3.806839e+00
  3.986090e+00   1.005020e+01   3.758336e+00
  3.988750e+00   1.396039e+01   3.797122e+00
  3.991400e+00   1.196531e+01   3.765874e+00
  3.994060e+00   1.039448e+01   3.765069e+00
  3.996710e+00   8.266471e+00   3.747453e+00
  3.999370e+00   9.517226e+00   3.800005e+00
  4.002020e+00   1.107189e+01   3.770633e+00
  4.004680e+00   1.096250e+01   3.767586e+00
  4.007330e+00   8.231207e+00   3.741265e+00
  4.009990e+00   6.982970e+00   3.764292e+00
  4.012640e+00   1.262135e+01   3.768180e+00
  4.015300e+00   1.279690e+01   3.795134e+00
  4.017950e+00   1.410983e+01   3.776987e+00
  4.020610e+00   1.497992e+01   3.785126e+00
  4.023260e+00   8.528849e+00   3.738139e+00
  4.025920e+00   9.289605e+00   3.748023e+00
  4.028570e+00   1.229278e+01   3.789550e+00
  4.031220e+00   1.424639e+01   3.761218e+00
  4.033880e+00   9.115295e+00   3.768681e+00
  4.036530e+00   7.396314e+00   3.762373e+00
  4.039190e+00   1.096520e+01   3.793170e+00
  4.041840e+00   1.485865e+01   3.777228e+00
  4.044500e+00   1.373940e+01   3.794623e+00
  4.047150e+00   9.127836e+00   3.786260e+00
  4.049810e+00   1.446555e+01   3.814469e+00
  4.052460e+00   1.169992e+01   3.769951e+00
  4.055120e+00   1.506330e+01   3.818572e+00
  4.057770e+00   1.026942e+01   3.781261e+00
  4.060430e+00   1.035334e+01   3.797995e+00
  4.063080e+00   1.035138e+01   3.783657e+00
  4.065740e+00   1.212200e+01   3.817967e+00
  4.068390e+00   8.783851e+00   3.791307e+00
  4.071050e+00   1.160932e+01   3.801957e+00
  4.073700e+00   1.752540e+01   3.835068e+00
  4.076360e+00   1.362274e+01   3.820392e+00
  4.079010e+00   9.891411e+00   3.802749e+00
  4.081670e+00   1.057488e+01   3.819888e+00
  4.084320e+00   5.304968e+00   3.795633e+00
  4.086980e+00   1.041294e+01   3.804108e+00
  4.089630e+00   1.032231e+01   3.813576e+00
  4.092290e+00   1.079928e+01   3.824753e+00
  4.094940e+00   8.533210e+00   3.816365e+00
  4.097590e+00   1.031070e+01   3.818638e+00
  4.100250e+00   1.319210e+01   3.851260e+00
  4.102900e+00   1.085101e+01   3.855951e+00
  4.105560e+00   1.144948e+01   3.847845e+00
  4.108210e+00   1.198114e+01   3.831493e+00
  4.110870e+00   1.192288e+01   3.860756e+00
  4.113520e+00   1.396171e+01   3.844235e+00
  4.116180e+00   1.095380e+01   3.840543e+00
  4.118830e+00   1.232888e+01   3.864296e+00
  4.121490e+00   1.515181e+01   3.885609e+00
  4.124140e+00   1.019904e+01   3.831841e+00
  4.126800e+00   1.244170e+01   3.868083e+00
  4.129450e+00   1.143173e+01   3.870502e+00
  4.132110e+00   7.996026e+00   3.846371e+00
  4.134760e+00   1.051239e+01   3.859391e+00
  4.137420e+00   8.506134e+00   3.873950e+00
  4.140070e+00   5.547081e+00   3.847075e+00
  4.142730e+00   6.280346e+00   3.858922e+00
  4.145380e+00   9.001252e+00   3.874262e+00
  4.148040e+00   9.303734e+00   3.878976e+00
  4.150690e+00   9.556849e+00   3.882978e+00
  4.153350e+00   1.061213e+01   3.903818e+00
  4.156000e+00   1.054798e+01   3.874204e+00
  4.158660e+00   9.631017e+00   3.910374e+00
  4.161310e+00   7.002682e+00   3.890981e+00
  4.163960e+00   5.955897e+00   3.890994e+00
  4.166620e+00   1.035779e+01   3.936765e+00
  4.169270e+00   8.499935e+00   3.891505e+00
  4.171930e+00   5.894274e+00   3.905199e+00
  4.174580e+00   1.059535e+01   3.920144e+00
  4.177240e+00   1.368992e+01   3.925857e+00
  4.179890e+00   1.310696e+01   3.906591e+00
  4.182550e+00   4.348869e+00   3.865794e+00
  4.185200e+00   1.200086e+01   3.858417e+00
  4.187860e+00   1.379869e+01   3.871188e+00
  4.190510e+00   1.236928e+01   3.858018e+00
  4.193170e+00   1.360349e+01   3.884703e+00
  4.195820e+00   1.186265e+01   3.852483e+00
  4.198480e+00   8.385143e+00   3.868968e+00
  4.201130e+00   1.388087e+01   3.873400e+00
  4.203790e+00   8.280321e+00   3.846800e+00
  4.206440e+00   7.180074e+00   3.838924e+00
  4.209100e+00   1.026337e+01   3.857790e+00
  4.211750e+00   1.646435e+00   3.817817e+00
  4.214410e+00   8.638600e+00   3.859003e+00
  4.217060e+00   8.511075e+00   3.839913e+00
  4.219720e+00   8.943737e+00   3.861004e+00
  4.222370e+00   1.137069e+01   3.876451e+00
  4.225030e+00   1.003146e+01   3.876040e+00
  4.227680e+00   1.131108e+01   3.899355e+00
  4.230330e+00   7.523724e+00   3.866928e+00
  4.232990e+00   3.824683e+00   3.877782e+00
  4.235640e+00   1.266544e+01   3.912781e+00
  4.238300e+00   1.551357e+01   3.920038e+00
  4.240950e+00   1.244257e+01   3.923491e+00
  4.243610e+00   8.259735e+00   3.908776e+00
  4.246260e+00   8.764279e+00   3.900045e+00
  4.248920e+00   1.211247e+01   3.923139e+00
  4.251570e+00   1.252589e+01   3.911805e+00
  4.254230e+00   1.067952e+01   3.926732e+00
  4.256880e+00   1.001281e+01   3.903199e+00
  4.259540e+00   1.363690e+01   3.961872e+00
  4.262190e+00   1.151272e+01   3.939327e+00
  4.264850e+00   1.325078e+01   3.978044e+00
  4.267500e+00   1.447617e+01   3.969171e+00
  4.270160e+00   9.906790e+00   3.972156e+00
  4.272810e+00   1.031398e+01   3.965395e+00
  4.275470e+00   1.734522e+01   4.004097e+00
  4.278120e+00   1.896343e+01   3.978843e+00
  4.280780e+00   1.416376e+01   3.996221e+00
  4.283430e+00   1.194349e+01   3.967621e+00
  4.286090e+00   1.254143e+01   3.985664e+00
  4.288740e+00   1.769354e+01   4.022982e+00
  4.291390e+00   1.427732e+01   4.012815e+00
  4.294050e+00   8.232687e+00   4.006073e+00
  4.296700e+00   7.954214e+00   3.982883e+00
  4.299360e+00   7.706517e+00   4.010262e+00
  4.302010e+00   9.792958e+00   4.003379e+00
  4.304670e+00   7.711107e+00   4.011064e+00
  4.307320e+00   2.709718e+00   3.977014e+00
  4.309980e+00   7.824203e+00   4.033928e+00
  4.312630e+00   9.458686e+00   4.052122e+00
  4.315290e+00   8.126882e+00   4.054632e+00
  4.317940e+00   8.743644e+00   4.026676e+00
  4.320600e+00   1.283253e+01   4.077724e+00
  4.323250e+00   1.165396e+01   4.102701e+00
  4.325910e+00   1.192516e+01   4.254945e+00
  4.328560e+00   1.707535e+01   4.377280e+00
  4.331220e+00   1.601624e+01   4.494833e+00
  4.333870e+00   1.420650e+01   4.514226e+00
  4.336530e+00   1.189594e+01   4.608405e+00
  4.339180e+00   1.287849e+01   4.682977e+00
  4.341840e+00   3.662510e+00   4.699384e+00
  4.344490e+00   3.678975e+00   4.752349e+00
  4.347150e+00   5.754806e+00   4.858282e+00
  4.349800e+00   1.327773e+01   4.958390e+00
  4.352460e+00   6.751869e+00   4.967953e+00
  4.355110e+00   1.418087e+01   5.049629e+00
  4.357760e+00   9.170448e+00   5.091939e+00
  4.360420e+00   1.191541e+01   5.152491e+00
  4.363070e+00   1.247321e+01   5.219245e+00
  4.365730e+00   1.321030e+01   5.324589e+00
  4.368380e+00   2.464988e+01   5.434757e+00
  4.371040e+00   1.367335e+01   5.443909e+00
  4.373690e+00   3.138401e+00   5.408462e+00
  4.376350e+00   5.899487e+00   5.507203e+00
  4.379000e+00   7.038633e+00   5.573397e+00
  4.381660e+00   1.085295e+01   5.680268e+00
  4.384310e+00   1.157179e+01   5.732244e+00
  4.386970e+00   6.440084e+00   5.853363e+00
  4.389620e+00   1.231477e+01   6.017175e+00
  4.392280e+00   6.297289e+00   6.019295e+00
  4.394930e+00   3.497857e+00   6.042378e+00
  4.397590e+00   9.636228e+00   6.198693e+00
  4.400240e+00   1.049162e+01   6.269820e+00
  4.402900e+00   6.184520e-01   6.317050e+00
  4.405550e+00   4.778921e+00   6.416552e+00
  4.408210e+00   7.908154e+00   6.520340e+00
  4.410860e+00   1.491251e+01   6.676932e+00
  4.413520e+00   1.096399e+01   6.768907e+00
  4.416170e+00   1.034161e+01   6.808778e+00
  4.418830e+00   2.891368e+00   6.926945e+00
  4.421480e+00   1.026364e+01   7.071958e+00
  4.424130e+00   2.413317e+01   7.262776e+00
  4.426790e+00   2.109310e+01   7.451575e+00
  4.429440e+00   1.574556e+01   7.479305e+00
  4.432100e+00   2.347335e+01   7.735263e+00
  4.434750e+00   1.203070e+01   7.737761e+00
  4.437410e+00   1.315053e+01   7.839891e+00
  4.440060e+00   1.346059e+01   7.895475e+00
  4.442720e+00   6.041008e-01   7.831507e+00
  4.445370e+00   5.398891e+00   7.900153e+00
  4.448030e+00   1.203211e+01   8.033846e+00
  4.450680e+00   2.548309e+01   8.143238e+00
  4.453340e+00   1.117278e+01   8.197059e+00
  4.455990e+00   7.082101e+00   8.165972e+00
  4.458650e+00  -1.606738e-01   8.147529e+00
  4.461300e+00   1.287512e+01   8.327558e+00
  4.463960e+00   5.057380e+00   8.254782e+00
  4.466610e+00   5.140920e+00   8.352122e+00
  4.469270e+00   9.623723e+00   8.479636e+00
  4.471920e+00   1.035742e+01   8.573378e+00
  4.474580e+00   2.864183e+00   8.560798e+00
  4.477230e+00   2.011076e+00   8.574603e+00
  4.479890e+00   2.039595e+01   8.923495e+00
  4.482540e+00   2.059277e+01   8.905311e+00
  4.485200e+00   1.681855e+01   8.883987e+00
  4.487850e+00   1.047877e+01   8.949391e+00
  4.490500e+00   1.532393e+01   9.038242e+00
  4.493160e+00   6.568446e+00   9.103056e+00
  4.495810e+00   4.350654e+00   9.238335e+00
  4.498470e+00   1.021469e+01   9.252180e+00
  4.501120e+00   1.357050e+01   9.315196e+00
  4.503780e+00   1.542271e+01   9.421181e+00
  4.506430e+00   1.504726e+01   9.459109e+00
  4.509090e+00  -4.201291e+00   9.548652e+00
  4.511740e+00  -1.175380e+01   9.421856e+00
  4.514400e+00  -5.664596e+00   9.566006e+00
  4.517050e+00  -1.293635e+01   9.508301e+00
  4.519710e+00  -4.336951e+00   9.812146e+00
  4.522360e+00   4.360089e+00   9.882586e+00
  4.525020e+00  -5.967416e+00   1.000585e+01
  4.527670e+00   4.815722e+00   1.011655e+01
  4.530330e+00   8.292087e+00   1.017870e+01
  4.532980e+00   3.209889e+00   1.020591e+01
  4.535640e+00   6.970613e+00   1.053483e+01
  4.538290e+00   5.215304e+00   1.052634e+01
  4.540950e+00   1.699152e+01   1.069380e+01
  4.543600e+00   2.708457e+01   1.105162e+01
  4.546260e+00   2.103151e+01   1.085915e+01
  4.548910e+00   2.300852e+01   1.115391e+01
  4.551570e+00   2.579015e+00   1.103416e+01
  4.554220e+00   5.122192e+00   1.110070e+01
  4.556870e+00   2.049163e+01   1.147616e+01
  4.559530e+00   1.121253e+01   1.144611e+01
  4.562180e+00   5.096380e+00   1.144569e+01
  4.564840e+00  -4.121396e+00   1.168097e+01
  4.567490e+00   5.294588e+00   1.170761e+01
  4.570150e+00  -6.670319e-02   1.188348e+01
  4.572800e+00  -6.504891e-01   1.211936e+01
  4.575460e+00   8.930663e+00   1.231160e+01
  4.578110e+00   5.229475e+00   1.239158e+01
  4.580770e+00   3.176120e+00   1.256238e+01
  4.583420e+00  -1.434151e+00   1.262778e+01
  4.586080e+00   4.775791e+00   1.297004e+01
  4.588730e+00   1.954959e+01   1.314669e+01
  4.591390e+00   1.856442e+01   1.344174e+01
  4.594040e+00   4.686623e+00   1.309209e+01
  4.596700e+00   1.205976e+01   1.365425e+01
  4.599350e+00   9.286788e+00   1.396055e+01
  4.602010e+00   2.512768e+01   1.447755e+01
  4.604660e+00   3.876213e+00   1.449108e+01
  4.607320e+00  -8.448643e+00   1.453627e+01
  4.609970e+00  -7.211439e+00   1.438544e+01
  4.612630e+00   2.660051e+01   1.575389e+01
  4.615280e+00   1.974726e+01   1.524820e+01
  4.617940e+00   1.502261e+01   1.558379e+01
  4.620590e+00  -1.242717e+00   1.621774e+01
  4.623240e+00   7.118480e+00   1.658125e+01
  4.625900e+00  -7.790582e+00   1.673380e+01
  4.628550e+00   1.541963e+01   1.780204e+01
  4.631210e+00   1.460697e+01   1.881018e+01
  4.633860e+00   5.420293e+00   1.999925e+01
  4.636520e+00   6.236968e+00   2.070957e+01
  4.639170e+00   2.218146e+01   2.295169e+01
  4.641830e+00   9.007467e+00   2.442800e+01
  4.644480e+00  -5.387108e-01   2.434862e+01
  4.647140e+00   2.598100e+01   2.850373e+01
  4.649790e+00   2.748834e+01   3.243298e+01
  4.652450e+00   1.392468e+00   4.478070e+01
range-from: 219
range-to: 1727
parent: /tmp/qt_temp.P32273
parent: /tmp/qt_temp.E32273
creator: datmerge
creator-version: v0.2 (r3823)
datmerge-factor /tmp/qt_temp.P32273: 1.0000
datmerge-factor /tmp/qt_temp.E32273: 1.0246
