Sample description: primus/qt temporary file
Sample: primus/qt tempo  c= 9.83 mg/ml  Code: tmp
Parent(s): C:/Users/Sebastiaan/Documents/Science/Projects/PRV/UL26/SAXS/Data/Ser
 6.799610e-002  2.631882e+003  2.700307e+002
 7.062820e-002  2.733917e+003  1.299344e+002
 7.326030e-002  2.855727e+003  1.095825e+002
 7.589240e-002  3.012879e+003  9.369405e+001
 7.852440e-002  2.912452e+003  8.288858e+001
 8.115650e-002  3.066958e+003  7.452815e+001
 8.378860e-002  3.070435e+003  7.136243e+001
 8.642070e-002  2.928728e+003  6.962023e+001
 8.905270e-002  2.910431e+003  6.633789e+001
 9.168480e-002  2.930554e+003  6.609297e+001
 9.431690e-002  3.025767e+003  6.571744e+001
 9.694900e-002  2.916973e+003  6.176914e+001
 9.958100e-002  2.936638e+003  6.248430e+001
 1.022130e-001  2.892403e+003  5.993678e+001
 1.048450e-001  2.946801e+003  6.059534e+001
 1.074770e-001  2.890279e+003  5.812125e+001
 1.101090e-001  2.961335e+003  5.711685e+001
 1.127410e-001  2.931314e+003  5.702374e+001
 1.153740e-001  2.884268e+003  5.607517e+001
 1.180060e-001  2.830178e+003  5.475512e+001
 1.206380e-001  2.803446e+003  5.374136e+001
 1.232700e-001  2.862487e+003  5.206181e+001
 1.259020e-001  2.812037e+003  5.296201e+001
 1.285340e-001  2.853098e+003  5.138657e+001
 1.311660e-001  2.873235e+003  5.128410e+001
 1.337980e-001  2.842249e+003  5.000281e+001
 1.364300e-001  2.757961e+003  4.913054e+001
 1.390620e-001  2.871520e+003  4.982401e+001
 1.416940e-001  2.929077e+003  4.867503e+001
 1.443260e-001  2.826255e+003  4.938437e+001
 1.469580e-001  2.869627e+003  4.993427e+001
 1.495900e-001  2.831844e+003  5.053942e+001
 1.522230e-001  2.836573e+003  4.923300e+001
 1.548550e-001  2.889503e+003  4.971068e+001
 1.574870e-001  2.797877e+003  4.898149e+001
 1.601190e-001  2.790031e+003  4.923014e+001
 1.627510e-001  2.740401e+003  4.900482e+001
 1.653830e-001  2.751815e+003  4.867043e+001
 1.680150e-001  2.828772e+003  4.845518e+001
 1.706470e-001  2.828717e+003  4.867426e+001
 1.732790e-001  2.765614e+003  4.855747e+001
 1.759110e-001  2.853623e+003  4.828816e+001
 1.785430e-001  2.801128e+003  4.691448e+001
 1.811750e-001  2.809959e+003  4.827014e+001
 1.838070e-001  2.720270e+003  4.667271e+001
 1.864400e-001  2.727297e+003  4.628372e+001
 1.890720e-001  2.689335e+003  4.636078e+001
 1.917040e-001  2.797909e+003  4.669191e+001
 1.943360e-001  2.706575e+003  4.645353e+001
 1.969680e-001  2.674345e+003  4.540413e+001
 1.996000e-001  2.688589e+003  4.526535e+001
 2.022320e-001  2.668461e+003  4.539018e+001
 2.048640e-001  2.698815e+003  4.519320e+001
 2.074960e-001  2.566715e+003  4.434039e+001
 2.101280e-001  2.687801e+003  4.482207e+001
 2.127600e-001  2.606165e+003  4.338954e+001
 2.153920e-001  2.625156e+003  4.484160e+001
 2.180240e-001  2.701723e+003  4.353461e+001
 2.206570e-001  2.651499e+003  4.376451e+001
 2.232890e-001  2.648434e+003  4.333522e+001
 2.259210e-001  2.651336e+003  4.274256e+001
 2.285530e-001  2.613725e+003  4.423274e+001
 2.311850e-001  2.625597e+003  4.217244e+001
 2.338170e-001  2.563657e+003  4.258637e+001
 2.364490e-001  2.594862e+003  4.164513e+001
 2.390810e-001  2.583031e+003  4.258186e+001
 2.417130e-001  2.584165e+003  4.238485e+001
 2.443450e-001  2.619708e+003  4.141984e+001
 2.469770e-001  2.635149e+003  4.219991e+001
 2.496090e-001  2.620209e+003  4.146842e+001
 2.522410e-001  2.579388e+003  4.117064e+001
 2.548740e-001  2.560677e+003  4.068465e+001
 2.575060e-001  2.559604e+003  4.032772e+001
 2.601380e-001  2.466046e+003  4.049137e+001
 2.627700e-001  2.586712e+003  4.057809e+001
 2.654020e-001  2.454407e+003  3.942272e+001
 2.680340e-001  2.553744e+003  3.996956e+001
 2.706660e-001  2.429863e+003  3.963356e+001
 2.732980e-001  2.539640e+003  3.988469e+001
 2.759300e-001  2.503996e+003  3.889462e+001
 2.785620e-001  2.417973e+003  3.859695e+001
 2.811940e-001  2.434935e+003  3.867239e+001
 2.838260e-001  2.405833e+003  3.851522e+001
 2.864580e-001  2.449595e+003  3.849274e+001
 2.890910e-001  2.480778e+003  3.821356e+001
 2.917230e-001  2.412572e+003  3.848055e+001
 2.943550e-001  2.497722e+003  3.823525e+001
 2.969870e-001  2.368123e+003  3.748613e+001
 2.996190e-001  2.388296e+003  3.729781e+001
 3.022510e-001  2.426901e+003  3.753988e+001
 3.048830e-001  2.291098e+003  3.723660e+001
 3.075150e-001  2.363051e+003  3.679274e+001
 3.101470e-001  2.376279e+003  3.678030e+001
 3.127790e-001  2.362960e+003  3.649185e+001
 3.154110e-001  2.405233e+003  3.695331e+001
 3.180430e-001  2.327552e+003  3.682068e+001
 3.206750e-001  2.352194e+003  3.602646e+001
 3.233080e-001  2.252039e+003  3.566757e+001
 3.259400e-001  2.312774e+003  3.604347e+001
 3.285720e-001  2.326024e+003  3.630077e+001
 3.312040e-001  2.226421e+003  3.520813e+001
 3.338360e-001  2.257533e+003  3.511890e+001
 3.364680e-001  2.339423e+003  3.554295e+001
 3.391000e-001  2.211763e+003  3.454756e+001
 3.417320e-001  2.309645e+003  3.551061e+001
 3.443640e-001  2.238351e+003  3.450116e+001
 3.469960e-001  2.267383e+003  3.462987e+001
 3.496280e-001  2.178709e+003  3.434996e+001
 3.522600e-001  2.248522e+003  3.443960e+001
 3.548920e-001  2.123426e+003  3.395915e+001
 3.575250e-001  2.172998e+003  3.357553e+001
 3.601570e-001  2.161468e+003  3.417827e+001
 3.627890e-001  2.224771e+003  3.399267e+001
 3.654210e-001  2.180074e+003  3.320155e+001
 3.680530e-001  2.228266e+003  3.398142e+001
 3.706850e-001  2.179740e+003  3.299752e+001
 3.733170e-001  2.206774e+003  3.397301e+001
 3.759490e-001  2.195873e+003  3.312510e+001
 3.785810e-001  2.116169e+003  3.336026e+001
 3.812130e-001  2.100077e+003  3.422680e+001
 3.838450e-001  2.135457e+003  3.413828e+001
 3.864770e-001  2.114002e+003  3.485301e+001
 3.891090e-001  2.122715e+003  3.456084e+001
 3.917420e-001  2.119932e+003  3.504544e+001
 3.943740e-001  2.041095e+003  3.511090e+001
 3.970060e-001  2.052191e+003  3.481982e+001
 3.996380e-001  2.083209e+003  3.556917e+001
 4.022700e-001  2.035965e+003  3.485995e+001
 4.049020e-001  2.034786e+003  3.514660e+001
 4.075340e-001  2.060353e+003  3.592075e+001
 4.101660e-001  1.972535e+003  3.458964e+001
 4.127980e-001  2.091412e+003  3.589352e+001
 4.154300e-001  1.969435e+003  3.505604e+001
 4.180620e-001  1.996125e+003  3.546271e+001
 4.206940e-001  2.002534e+003  3.563751e+001
 4.233260e-001  2.009954e+003  3.495645e+001
 4.259590e-001  1.926401e+003  3.378864e+001
 4.285910e-001  1.955838e+003  3.339551e+001
 4.312230e-001  1.905902e+003  3.296040e+001
 4.338550e-001  1.974567e+003  3.301937e+001
 4.364870e-001  1.934041e+003  3.239958e+001
 4.391190e-001  1.837127e+003  3.178770e+001
 4.417510e-001  1.920805e+003  3.192729e+001
 4.443830e-001  1.909706e+003  3.192975e+001
 4.470150e-001  1.905151e+003  3.117016e+001
 4.496470e-001  1.834775e+003  3.134094e+001
 4.522790e-001  1.868725e+003  3.085873e+001
 4.549110e-001  1.861734e+003  3.119965e+001
 4.575430e-001  1.820268e+003  3.068058e+001
 4.601760e-001  1.823376e+003  3.037080e+001
 4.628080e-001  1.819391e+003  3.033481e+001
 4.654400e-001  1.833070e+003  3.012295e+001
 4.680720e-001  1.778309e+003  3.012974e+001
 4.707040e-001  1.760663e+003  2.952092e+001
 4.733360e-001  1.883270e+003  3.026972e+001
 4.759680e-001  1.745568e+003  2.926940e+001
 4.786000e-001  1.764491e+003  2.908869e+001
 4.812320e-001  1.696687e+003  2.914354e+001
 4.838640e-001  1.772614e+003  2.962958e+001
 4.864960e-001  1.706988e+003  2.878078e+001
 4.891280e-001  1.712991e+003  2.873968e+001
 4.917600e-001  1.706889e+003  2.804297e+001
 4.943930e-001  1.683092e+003  2.855969e+001
 4.970250e-001  1.708056e+003  2.848474e+001
 4.996570e-001  1.670012e+003  2.785106e+001
 5.022890e-001  1.664090e+003  2.812736e+001
 5.049210e-001  1.649616e+003  2.753749e+001
 5.075530e-001  1.632672e+003  2.780990e+001
 5.101850e-001  1.600895e+003  2.717628e+001
 5.128170e-001  1.645110e+003  2.749177e+001
 5.154490e-001  1.615161e+003  2.755724e+001
 5.180810e-001  1.573760e+003  2.758416e+001
 5.207130e-001  1.600176e+003  2.803495e+001
 5.233450e-001  1.620019e+003  2.789754e+001
 5.259770e-001  1.636620e+003  2.831678e+001
 5.286100e-001  1.572343e+003  2.852125e+001
 5.312420e-001  1.554050e+003  2.844931e+001
 5.338740e-001  1.593509e+003  2.865359e+001
 5.365060e-001  1.531672e+003  2.757149e+001
 5.391380e-001  1.567940e+003  2.793020e+001
 5.417700e-001  1.495193e+003  2.701800e+001
 5.444020e-001  1.532237e+003  2.697716e+001
 5.470340e-001  1.481255e+003  2.647977e+001
 5.496660e-001  1.456793e+003  2.613394e+001
 5.522980e-001  1.462588e+003  2.611601e+001
 5.549300e-001  1.441757e+003  2.578829e+001
 5.575620e-001  1.456261e+003  2.560040e+001
 5.601940e-001  1.504043e+003  2.595372e+001
 5.628260e-001  1.476501e+003  2.604565e+001
 5.654590e-001  1.430068e+003  2.530564e+001
 5.680910e-001  1.446535e+003  2.536014e+001
 5.707230e-001  1.455525e+003  2.545513e+001
 5.733550e-001  1.431164e+003  2.538483e+001
 5.759870e-001  1.454384e+003  2.507167e+001
 5.786190e-001  1.372973e+003  2.495262e+001
 5.812510e-001  1.377596e+003  2.462739e+001
 5.838830e-001  1.355872e+003  2.462472e+001
 5.865150e-001  1.365224e+003  2.465480e+001
 5.891470e-001  1.354345e+003  2.424663e+001
 5.917790e-001  1.323795e+003  2.437665e+001
 5.944110e-001  1.409507e+003  2.445333e+001
 5.970430e-001  1.293232e+003  2.420824e+001
 5.996760e-001  1.329984e+003  2.388195e+001
 6.023080e-001  1.307628e+003  2.393854e+001
 6.049400e-001  1.288321e+003  2.357694e+001
 6.075720e-001  1.311203e+003  2.377477e+001
 6.102040e-001  1.265827e+003  2.374450e+001
 6.128360e-001  1.307191e+003  2.356400e+001
 6.154680e-001  1.276856e+003  2.352879e+001
 6.181000e-001  1.255498e+003  2.321437e+001
 6.207320e-001  1.285061e+003  2.342330e+001
 6.233640e-001  1.241689e+003  2.303266e+001
 6.259960e-001  1.244746e+003  2.297269e+001
 6.286280e-001  1.253044e+003  2.313742e+001
 6.312600e-001  1.212529e+003  2.265663e+001
 6.338930e-001  1.204466e+003  2.281320e+001
 6.365250e-001  1.172522e+003  2.253278e+001
 6.391570e-001  1.202640e+003  2.267376e+001
 6.417890e-001  1.200056e+003  2.272421e+001
 6.444210e-001  1.178420e+003  2.204726e+001
 6.470530e-001  1.153697e+003  2.220037e+001
 6.496850e-001  1.162140e+003  2.186661e+001
 6.523170e-001  1.172046e+003  2.228692e+001
 6.549490e-001  1.152266e+003  2.185002e+001
 6.575810e-001  1.163297e+003  2.171000e+001
 6.602130e-001  1.091232e+003  2.172755e+001
 6.628450e-001  1.119052e+003  2.134267e+001
 6.654770e-001  1.062150e+003  2.147491e+001
 6.681100e-001  1.050717e+003  2.111038e+001
 6.707420e-001  1.100292e+003  2.133695e+001
 6.733740e-001  1.102968e+003  2.173145e+001
 6.760060e-001  1.096846e+003  2.122388e+001
 6.786380e-001  1.085963e+003  2.149569e+001
 6.812700e-001  1.076588e+003  2.111590e+001
 6.839020e-001  1.027684e+003  2.082644e+001
 6.865340e-001  1.051670e+003  2.118165e+001
 6.891660e-001  1.056271e+003  2.075558e+001
 6.917980e-001  1.013718e+003  2.089372e+001
 6.944300e-001  1.019387e+003  2.076523e+001
 6.970620e-001  1.014547e+003  2.073936e+001
 6.996940e-001  1.021241e+003  2.064248e+001
 7.023270e-001  9.905168e+002  2.044408e+001
 7.049590e-001  9.980793e+002  2.049268e+001
 7.075910e-001  9.938128e+002  2.025609e+001
 7.102230e-001  9.733296e+002  2.043358e+001
 7.128550e-001  1.016493e+003  2.015962e+001
 7.154870e-001  9.634059e+002  2.017040e+001
 7.181190e-001  9.769786e+002  2.036089e+001
 7.207510e-001  9.396063e+002  1.982341e+001
 7.233830e-001  9.133011e+002  1.989150e+001
 7.260150e-001  9.407965e+002  1.960653e+001
 7.286470e-001  9.651984e+002  2.003975e+001
 7.312790e-001  9.100743e+002  1.973242e+001
 7.339110e-001  9.040041e+002  1.946854e+001
 7.365440e-001  8.718983e+002  1.949140e+001
 7.391760e-001  9.311282e+002  1.939321e+001
 7.418080e-001  9.024557e+002  1.960654e+001
 7.444400e-001  8.901139e+002  1.925231e+001
 7.470720e-001  8.769552e+002  1.903213e+001
 7.497040e-001  9.063499e+002  1.950215e+001
 7.523360e-001  8.713876e+002  1.888150e+001
 7.549680e-001  8.574954e+002  1.919212e+001
 7.576000e-001  8.827436e+002  1.896989e+001
 7.602320e-001  8.447609e+002  1.886217e+001
 7.628640e-001  8.486541e+002  1.905781e+001
 7.654960e-001  8.532523e+002  1.865805e+001
 7.681280e-001  8.206063e+002  1.883413e+001
 7.707610e-001  8.303520e+002  1.857644e+001
 7.733930e-001  8.073469e+002  1.873581e+001
 7.760250e-001  8.122960e+002  1.924015e+001
 7.786570e-001  7.946694e+002  1.889077e+001
 7.812890e-001  7.969949e+002  1.943224e+001
 7.839210e-001  8.177701e+002  1.930791e+001
 7.865530e-001  7.726785e+002  1.953484e+001
 7.891850e-001  7.876938e+002  1.934761e+001
 7.918170e-001  7.731760e+002  1.919072e+001
 7.944490e-001  7.740203e+002  1.902079e+001
 7.970810e-001  7.398118e+002  1.843125e+001
 7.997130e-001  7.326602e+002  1.827624e+001
 8.023450e-001  7.525076e+002  1.823648e+001
 8.049780e-001  7.418647e+002  1.823263e+001
 8.076100e-001  7.298444e+002  1.812954e+001
 8.102420e-001  7.412045e+002  1.793960e+001
 8.128740e-001  7.533184e+002  1.796582e+001
 8.155060e-001  7.173164e+002  1.774301e+001
 8.181380e-001  7.151913e+002  1.800834e+001
 8.207700e-001  7.162930e+002  1.759094e+001
 8.234020e-001  7.126643e+002  1.774043e+001
 8.260340e-001  7.203530e+002  1.765620e+001
 8.286660e-001  7.410865e+002  1.767557e+001
 8.312980e-001  6.796816e+002  1.752310e+001
 8.339300e-001  6.681180e+002  1.715251e+001
 8.365620e-001  7.001689e+002  1.748376e+001
 8.391950e-001  6.834771e+002  1.745202e+001
 8.418270e-001  6.802177e+002  1.737602e+001
 8.444590e-001  6.760020e+002  1.724706e+001
 8.470910e-001  6.778210e+002  1.712587e+001
 8.497230e-001  6.360020e+002  1.709267e+001
 8.523550e-001  6.879756e+002  1.713267e+001
 8.549870e-001  6.662167e+002  1.695777e+001
 8.576190e-001  6.526195e+002  1.713471e+001
 8.602510e-001  6.056897e+002  1.670484e+001
 8.628830e-001  6.071953e+002  1.676902e+001
 8.655150e-001  6.030997e+002  1.663990e+001
 8.681470e-001  6.398616e+002  1.668624e+001
 8.707790e-001  6.162625e+002  1.661685e+001
 8.734120e-001  6.046490e+002  1.630435e+001
 8.760440e-001  5.994751e+002  1.635021e+001
 8.786760e-001  6.100264e+002  1.628380e+001
 8.813080e-001  6.215982e+002  1.646443e+001
 8.839400e-001  5.994924e+002  1.639629e+001
 8.865720e-001  5.664598e+002  1.630294e+001
 8.892040e-001  5.685076e+002  1.621574e+001
 8.918360e-001  5.570987e+002  1.598509e+001
 8.944680e-001  5.382828e+002  1.615370e+001
 8.971000e-001  5.426663e+002  1.588825e+001
 8.997320e-001  5.462960e+002  1.593025e+001
 9.023640e-001  5.553856e+002  1.618159e+001
 9.049960e-001  5.460621e+002  1.578653e+001
 9.076290e-001  5.854364e+002  1.609621e+001
 9.102610e-001  5.429919e+002  1.567318e+001
 9.128930e-001  5.178057e+002  1.578122e+001
 9.155250e-001  5.373388e+002  1.567624e+001
 9.181570e-001  5.310214e+002  1.570060e+001
 9.207890e-001  5.307508e+002  1.579335e+001
 9.234210e-001  5.215229e+002  1.547980e+001
 9.260530e-001  5.132503e+002  1.567406e+001
 9.286850e-001  5.325972e+002  1.572776e+001
 9.313170e-001  5.524547e+002  1.559174e+001
 9.339490e-001  5.315677e+002  1.576129e+001
 9.365810e-001  5.133062e+002  1.550596e+001
 9.392130e-001  4.914639e+002  1.587105e+001
 9.418460e-001  5.028433e+002  1.595927e+001
 9.444780e-001  4.861465e+002  1.602340e+001
 9.471100e-001  4.752787e+002  1.615044e+001
 9.497420e-001  4.993489e+002  1.613893e+001
 9.523740e-001  4.732818e+002  1.627633e+001
 9.550060e-001  4.738362e+002  1.604151e+001
 9.576380e-001  4.764588e+002  1.619534e+001
 9.602700e-001  4.957009e+002  1.627486e+001
 9.629020e-001  4.588250e+002  1.607557e+001
 9.655340e-001  4.759369e+002  1.645164e+001
 9.681660e-001  4.562614e+002  1.618227e+001
 9.707980e-001  4.738128e+002  1.650300e+001
 9.734300e-001  4.361455e+002  1.627818e+001
 9.760620e-001  4.271180e+002  1.636864e+001
 9.786950e-001  4.213927e+002  1.618476e+001
 9.813270e-001  4.107253e+002  1.583965e+001
 9.839590e-001  4.161017e+002  1.598014e+001
 9.865910e-001  4.361841e+002  1.569551e+001
 9.892230e-001  4.107375e+002  1.549802e+001
 9.918550e-001  4.273683e+002  1.544002e+001
 9.944870e-001  4.032879e+002  1.539642e+001
 9.971190e-001  4.203856e+002  1.558398e+001
 9.997510e-001  3.923784e+002  1.517034e+001
 1.002380e+000  4.134090e+002  1.531962e+001
 1.005020e+000  4.251495e+002  1.505694e+001
 1.007650e+000  4.173072e+002  1.512649e+001
 1.010280e+000  3.974100e+002  1.520560e+001
 1.012910e+000  3.944914e+002  1.486132e+001
 1.015540e+000  3.463164e+002  1.468106e+001
 1.018180e+000  3.592899e+002  1.472431e+001
 1.020810e+000  4.239512e+002  1.495321e+001
 1.023440e+000  3.926572e+002  1.483262e+001
 1.026070e+000  3.666714e+002  1.445176e+001
 1.028700e+000  3.862126e+002  1.477515e+001
 1.031340e+000  3.728169e+002  1.446595e+001
 1.033970e+000  3.589227e+002  1.457394e+001
 1.036600e+000  3.812360e+002  1.459195e+001
 1.039230e+000  3.890804e+002  1.439752e+001
 1.041860e+000  3.694079e+002  1.456406e+001
 1.044500e+000  3.674018e+002  1.435257e+001
 1.047130e+000  3.567111e+002  1.431317e+001
 1.049760e+000  3.344486e+002  1.416023e+001
 1.052390e+000  3.293133e+002  1.417606e+001
 1.055020e+000  3.343245e+002  1.433527e+001
 1.057660e+000  3.197355e+002  1.400660e+001
 1.060290e+000  3.299023e+002  1.401634e+001
 1.062920e+000  3.188433e+002  1.398831e+001
 1.065550e+000  3.400855e+002  1.418304e+001
 1.068190e+000  3.266724e+002  1.395623e+001
 1.070820e+000  3.187111e+002  1.381847e+001
 1.073450e+000  3.176480e+002  1.385415e+001
 1.076080e+000  3.096979e+002  1.365555e+001
 1.078710e+000  3.073611e+002  1.376246e+001
 1.081350e+000  3.328993e+002  1.375045e+001
 1.083980e+000  3.123143e+002  1.379152e+001
 1.086610e+000  3.046592e+002  1.368496e+001
 1.089240e+000  3.020539e+002  1.370833e+001
 1.091870e+000  3.021913e+002  1.356364e+001
 1.094510e+000  3.087141e+002  1.350314e+001
 1.097140e+000  2.841353e+002  1.342357e+001
 1.099770e+000  2.890661e+002  1.348440e+001
 1.102400e+000  2.785941e+002  1.336483e+001
 1.105030e+000  2.779064e+002  1.333525e+001
 1.107670e+000  2.784425e+002  1.331141e+001
 1.110300e+000  2.956053e+002  1.336383e+001
 1.112930e+000  3.118627e+002  1.334665e+001
 1.115560e+000  2.903642e+002  1.328658e+001
 1.118190e+000  2.854283e+002  1.337316e+001
 1.120830e+000  2.925626e+002  1.340816e+001
 1.123460e+000  2.657915e+002  1.321887e+001
 1.126090e+000  2.628922e+002  1.314230e+001
 1.128720e+000  2.576826e+002  1.306123e+001
 1.131360e+000  2.768779e+002  1.330409e+001
 1.133990e+000  2.702024e+002  1.308890e+001
 1.136620e+000  2.557650e+002  1.301505e+001
 1.139250e+000  2.599797e+002  1.295293e+001
 1.141880e+000  2.748596e+002  1.317628e+001
 1.144520e+000  2.561851e+002  1.306501e+001
 1.147150e+000  2.505056e+002  1.297605e+001
 1.149780e+000  2.566704e+002  1.300943e+001
 1.152410e+000  2.244547e+002  1.275209e+001
 1.155040e+000  2.408932e+002  1.294151e+001
 1.157680e+000  2.581465e+002  1.273545e+001
 1.160310e+000  2.422920e+002  1.276542e+001
 1.162940e+000  2.477731e+002  1.287209e+001
 1.165570e+000  2.309837e+002  1.265901e+001
 1.168200e+000  2.312482e+002  1.284536e+001
 1.170840e+000  2.465015e+002  1.271191e+001
 1.173470e+000  2.348230e+002  1.272658e+001
 1.176100e+000  2.141719e+002  1.260996e+001
 1.178730e+000  2.234914e+002  1.259949e+001
 1.181360e+000  2.409542e+002  1.270431e+001
 1.184000e+000  2.226714e+002  1.241253e+001
 1.186630e+000  2.280305e+002  1.264409e+001
 1.189260e+000  2.250417e+002  1.250602e+001
 1.191890e+000  2.278271e+002  1.258285e+001
 1.194520e+000  2.038850e+002  1.259084e+001
 1.197160e+000  2.090356e+002  1.230261e+001
 1.199790e+000  1.876389e+002  1.244924e+001
 1.202420e+000  2.151343e+002  1.237955e+001
 1.205050e+000  2.101617e+002  1.236651e+001
 1.207690e+000  2.014914e+002  1.244044e+001
 1.210320e+000  1.953733e+002  1.219873e+001
 1.212950e+000  1.785280e+002  1.225058e+001
 1.215580e+000  1.847436e+002  1.218271e+001
 1.218210e+000  1.841811e+002  1.213606e+001
 1.220850e+000  1.946226e+002  1.223466e+001
 1.223480e+000  1.844964e+002  1.205562e+001
 1.226110e+000  1.832055e+002  1.214655e+001
 1.228740e+000  2.201190e+002  1.206290e+001
 1.231370e+000  1.828057e+002  1.217517e+001
 1.234010e+000  1.805534e+002  1.197121e+001
 1.236640e+000  1.693723e+002  1.185499e+001
 1.239270e+000  1.721445e+002  1.190637e+001
 1.241900e+000  1.874191e+002  1.201322e+001
 1.244530e+000  1.616053e+002  1.186670e+001
 1.247170e+000  1.899339e+002  1.192341e+001
 1.249800e+000  1.938728e+002  1.201262e+001
 1.252430e+000  1.610987e+002  1.187316e+001
 1.255060e+000  1.564425e+002  1.181934e+001
 1.257690e+000  1.719308e+002  1.188050e+001
 1.260330e+000  1.688220e+002  1.175081e+001
 1.262960e+000  1.801129e+002  1.190673e+001
 1.265590e+000  1.504090e+002  1.171878e+001
 1.268220e+000  1.783408e+002  1.174908e+001
 1.270860e+000  1.712655e+002  1.174908e+001
 1.273490e+000  1.584639e+002  1.165482e+001
 1.276120e+000  1.623204e+002  1.185101e+001
 1.278750e+000  1.444039e+002  1.153411e+001
 1.281380e+000  1.615849e+002  1.172889e+001
 1.284020e+000  1.570132e+002  1.171243e+001
 1.286650e+000  1.525748e+002  1.155723e+001
 1.289280e+000  1.726511e+002  1.170871e+001
 1.291910e+000  1.497894e+002  1.157054e+001
 1.294540e+000  1.440682e+002  1.163045e+001
 1.297180e+000  1.251882e+002  1.158575e+001
 1.299810e+000  1.292737e+002  1.148691e+001
 1.302440e+000  1.617487e+002  1.154304e+001
 1.305070e+000  1.646633e+002  1.138588e+001
 1.307700e+000  1.352757e+002  1.147399e+001
 1.310340e+000  1.306083e+002  1.149677e+001
 1.312970e+000  1.358159e+002  1.138445e+001
 1.315600e+000  1.449583e+002  1.145055e+001
 1.318230e+000  1.460539e+002  1.141482e+001
 1.320860e+000  1.465544e+002  1.147808e+001
 1.323500e+000  1.393093e+002  1.139995e+001
 1.326130e+000  1.453235e+002  1.132407e+001
 1.328760e+000  1.307955e+002  1.125453e+001
 1.331390e+000  1.343398e+002  1.140586e+001
 1.334020e+000  1.303978e+002  1.137004e+001
 1.336660e+000  1.341556e+002  1.130421e+001
 1.339290e+000  1.162136e+002  1.120335e+001
 1.341920e+000  1.358606e+002  1.136369e+001
 1.344550e+000  1.155707e+002  1.120264e+001
 1.347190e+000  1.157803e+002  1.112693e+001
 1.349820e+000  1.255687e+002  1.124483e+001
 1.352450e+000  1.226460e+002  1.105427e+001
 1.355080e+000  1.245219e+002  1.115527e+001
 1.357710e+000  1.235961e+002  1.116612e+001
 1.360350e+000  1.115188e+002  1.105078e+001
 1.362980e+000  1.327884e+002  1.119364e+001
 1.365610e+000  1.084130e+002  1.096392e+001
 1.368240e+000  1.271648e+002  1.102790e+001
 1.370870e+000  1.310020e+002  1.107161e+001
 1.373510e+000  9.959003e+001  1.095161e+001
 1.376140e+000  1.031811e+002  1.106812e+001
 1.378770e+000  1.011953e+002  1.087802e+001
 1.381400e+000  1.024435e+002  1.091192e+001
 1.384030e+000  9.608138e+001  1.083874e+001
 1.386670e+000  9.775687e+001  1.078802e+001
 1.389300e+000  8.018210e+001  1.090634e+001
 1.391930e+000  1.014659e+002  1.085208e+001
 1.394560e+000  8.242930e+001  1.074499e+001
 1.397190e+000  9.106918e+001  1.084689e+001
 1.399830e+000  1.073927e+002  1.088286e+001
 1.402460e+000  9.679145e+001  1.081087e+001
 1.405090e+000  9.979552e+001  1.086384e+001
 1.407720e+000  8.889725e+001  1.080839e+001
 1.410360e+000  9.531027e+001  1.081412e+001
 1.412990e+000  1.086602e+002  1.076561e+001
 1.415620e+000  8.375890e+001  1.076388e+001
 1.418250e+000  8.713021e+001  1.069018e+001
 1.420880e+000  8.717701e+001  1.069665e+001
 1.423520e+000  9.945168e+001  1.086345e+001
 1.426150e+000  8.398983e+001  1.054142e+001
 1.428780e+000  1.016612e+002  1.081048e+001
 1.431410e+000  9.473957e+001  1.056165e+001
 1.434040e+000  7.535707e+001  1.068227e+001
 1.436680e+000  8.731231e+001  1.069812e+001
 1.439310e+000  8.601119e+001  1.062564e+001
 1.441940e+000  9.175280e+001  1.066061e+001
 1.444570e+000  7.997660e+001  1.062283e+001
 1.447200e+000  7.542218e+001  1.067740e+001
 1.449840e+000  7.627670e+001  1.057620e+001
 1.452470e+000  7.539369e+001  1.064262e+001
 1.455100e+000  9.734690e+001  1.076376e+001
 1.457730e+000  8.097864e+001  1.048189e+001
 1.460360e+000  6.842523e+001  1.052235e+001
 1.463000e+000  8.709766e+001  1.059545e+001
 1.465630e+000  6.582604e+001  1.050261e+001
 1.468260e+000  8.809257e+001  1.056178e+001
 1.470890e+000  6.135605e+001  1.040723e+001
 1.473520e+000  8.093184e+001  1.058409e+001
 1.476160e+000  6.650458e+001  1.050841e+001
 1.478790e+000  8.770397e+001  1.057276e+001
 1.481420e+000  7.999084e+001  1.055493e+001
 1.484050e+000  6.431841e+001  1.042368e+001
 1.486690e+000  6.135605e+001  1.049176e+001
 1.489320e+000  6.415259e+001  1.050364e+001
 1.491950e+000  6.565412e+001  1.052410e+001
 1.494580e+000  6.284537e+001  1.060033e+001
 1.497210e+000  5.713530e+001  1.068672e+001
 1.499850e+000  7.090844e+001  1.091480e+001
 1.502480e+000  7.706816e+001  1.081362e+001
 1.505110e+000  7.972126e+001  1.101232e+001
 1.507740e+000  6.538861e+001  1.084177e+001
 1.510370e+000  5.809359e+001  1.109872e+001
 1.513010e+000  5.109359e+001  1.099766e+001
 1.515640e+000  7.908749e+001  1.110670e+001
 1.518270e+000  5.699491e+001  1.104230e+001
 1.520900e+000  7.621363e+001  1.116865e+001
 1.523530e+000  6.273347e+001  1.115456e+001
 1.526170e+000  6.841302e+001  1.123444e+001
 1.528800e+000  5.753917e+001  1.121659e+001
 1.531430e+000  4.945168e+001  1.137876e+001
 1.534060e+000  6.824619e+001  1.129060e+001
 1.536690e+000  6.806104e+001  1.133431e+001
 1.539330e+000  5.363072e+001  1.111267e+001
 1.541960e+000  5.049644e+001  1.110375e+001
 1.544590e+000  3.900000e+001  1.094967e+001
 1.547220e+000  2.880671e+001  1.081965e+001
 1.549860e+000  4.655849e+001  1.087368e+001
 1.552490e+000  3.663276e+001  1.067923e+001
 1.555120e+000  5.688505e+001  1.093993e+001
 1.557750e+000  6.195727e+001  1.077655e+001
 1.560380e+000  5.246592e+001  1.068093e+001
 1.563020e+000  5.014242e+001  1.085850e+001
 1.565650e+000  6.852899e+001  1.070267e+001
 1.568280e+000  5.168464e+001  1.073426e+001
 1.570910e+000  2.031129e+001  1.062391e+001
 1.573540e+000  5.852391e+001  1.063625e+001
 1.576180e+000  6.340387e+001  1.076025e+001
 1.578810e+000  4.672533e+001  1.048567e+001
 1.581440e+000  3.034385e+001  1.056125e+001
 1.584070e+000  4.801526e+001  1.048092e+001
 1.586700e+000  3.265615e+001  1.055020e+001
 1.589340e+000  3.580875e+001  1.053100e+001
 1.591970e+000  4.704273e+001  1.043980e+001
 1.594600e+000  3.623194e+001  1.051321e+001
 1.597230e+000  4.353510e+001  1.045774e+001
 1.599860e+000  4.456968e+001  1.040948e+001
 1.602500e+000  5.333367e+001  1.043470e+001
 1.605130e+000  4.243235e+001  1.044712e+001
 1.607760e+000  2.331333e+001  1.048860e+001
 1.610390e+000  3.281282e+001  1.032114e+001
 1.613020e+000  4.442625e+001  1.041055e+001
 1.615660e+000  2.661241e+001  1.027720e+001
 1.618290e+000  2.434385e+001  1.032171e+001
 1.620920e+000  6.071312e+001  1.043266e+001
 1.623550e+000  3.882197e+001  1.033931e+001
 1.626190e+000  2.172330e+001  1.037850e+001
 1.628820e+000  1.254323e+001  1.014425e+001
 1.631450e+000  3.681689e+001  1.042201e+001
 1.634080e+000  1.345066e+001  1.028197e+001
 1.636710e+000  4.966531e+001  1.033904e+001
 1.639350e+000  4.255341e+001  1.023169e+001
 1.641980e+000  4.796745e+001  1.036684e+001
 1.644610e+000  2.274466e+001  1.036561e+001
 1.647240e+000  3.867141e+001  1.025821e+001
 1.649870e+000  1.738555e+001  1.027120e+001
 1.652510e+000  1.413327e+001  1.018223e+001
 1.655140e+000  2.160631e+001  1.018080e+001
 1.657770e+000  4.224110e+001  1.031430e+001
 1.660400e+000  4.525331e+001  1.018878e+001
 1.663030e+000  1.433367e+001  1.021727e+001
 1.665670e+000  3.362258e+001  1.025377e+001
 1.668300e+000  4.974975e+001  1.028001e+001
 1.670930e+000  4.006918e+001  1.029875e+001
 1.673560e+000  2.936623e+001  1.008926e+001
 1.676190e+000  4.552696e+001  1.020733e+001
 1.678830e+000  3.104476e+001  1.012683e+001
 1.681460e+000  2.123703e+001  1.015601e+001
 1.684090e+000  2.148627e+001  1.011312e+001
 1.686720e+000  2.192675e+001  1.002608e+001
 1.689360e+000  1.483520e+001  1.018919e+001
 1.691990e+000  3.224720e+001  1.008072e+001
 1.694620e+000  3.275076e+001  1.002158e+001
 1.697250e+000  2.407731e+001  1.006729e+001
 1.699880e+000  1.858901e+001  1.001574e+001
 1.702520e+000  1.798881e+001  1.007687e+001
 1.705150e+000  3.077518e+001  1.005517e+001
 1.707780e+000  1.018922e+001  1.010067e+001
 1.710410e+000  1.106307e+001  9.928767e+000
 1.713040e+000  1.656155e+000  1.012705e+001
 1.715680e+000  1.808138e+001  1.013296e+001
 1.718310e+000  1.508444e+001  9.888659e+000
 1.720940e+000  2.031943e+001  1.005861e+001
 1.723570e+000  2.210783e+001  1.002531e+001
 1.726200e+000  2.562157e+001  9.970296e+000
 1.728840e+000  2.129908e+001  1.005277e+001
 1.731470e+000  1.852085e+001  1.001363e+001
 1.734100e+000  1.246083e+001  9.983282e+000
 1.736730e+000  3.456256e+001  9.981179e+000
 1.739360e+000  1.778433e+001  9.952683e+000
 1.742000e+000  2.738454e+001  1.001361e+001
 1.744630e+000  2.614751e+001  1.012954e+001
 1.747260e+000  1.877009e+001  1.006021e+001
 1.749890e+000 -1.836216e+000  9.829066e+000
 1.752530e+000  3.688505e+001  9.956610e+000
 1.755160e+000 -2.055951e+000  9.923391e+000
 1.757790e+000  2.712004e+001  9.917247e+000
 1.760420e+000  1.706714e+001  9.972160e+000
 1.763050e+000  5.480163e+000  9.824834e+000
 1.765690e+000  1.091048e+001  9.993063e+000
 1.768320e+000  7.993896e+000  9.884668e+000
 1.770950e+000  2.332757e+001  9.972447e+000
 1.773580e+000  2.631943e+001  9.831725e+000
 1.776210e+000  1.469278e+001  9.896017e+000
 1.778850e+000  1.629196e+001  9.857881e+000
 1.781480e+000  3.810783e+000  9.834139e+000
 1.784110e+000  2.703357e+001  9.850148e+000
 1.786740e+000  1.335300e+001  9.797627e+000
 1.789370e+000  1.679451e+001  9.904377e+000
 1.792010e+000 -5.042726e+000  9.830297e+000
 1.794640e+000  2.476501e+001  9.882310e+000
 1.797270e+000  5.824008e+000  9.930640e+000
 1.799900e+000  1.317497e+001  9.845790e+000
 1.802530e+000  5.324517e+000  9.834838e+000
 1.805170e+000  1.266226e+001  9.873826e+000
 1.807800e+000  1.532960e+001  9.782635e+000
 1.810430e+000 -3.179044e+000  9.779964e+000
 1.813060e+000  2.079654e+001  9.796629e+000
 1.815690e+000  2.327263e+001  9.867875e+000
 1.818330e+000  2.306002e+001  9.702706e+000
 1.820960e+000  7.283825e+000  9.796369e+000
 1.823590e+000  6.247202e+000  9.818176e+000
 1.826220e+000  1.458189e+001  9.708604e+000
 1.828860e+000  2.083113e+001  9.817529e+000
 1.831490e+000  2.286979e+001  9.709331e+000
 1.834120e+000  2.149034e+001  9.848102e+000
 1.836750e+000  9.807731e+000  9.774995e+000
 1.839380e+000  1.342930e+001  9.615820e+000
 1.842020e+000  2.332960e+001  9.895448e+000
 1.844650e+000  2.687691e+001  9.767370e+000
 1.847280e+000  2.993795e+001  9.912063e+000
 1.849910e+000  2.555544e+001  9.809108e+000
 1.852540e+000 -4.271617e+000  9.667264e+000
 1.855180e+000  2.016378e+001  9.846122e+000
 1.857810e+000  3.055544e+001  9.721318e+000
 1.860440e+000 -1.639573e+001  9.682928e+000
 1.863070e+000 -4.433367e+000  9.651493e+000
 1.865700e+000  5.289929e-002  9.785076e+000
 1.868340e+000  6.872838e+000  9.817846e+000
 1.870970e+000  1.050051e+001  9.689932e+000
 1.873600e+000  7.901322e+000  9.730713e+000
 1.876230e+000  2.041913e+001  9.807639e+000
 1.878860e+000  8.037640e+000  9.864635e+000
 1.881500e+000  9.502543e+000  9.827049e+000
 1.884130e+000  8.702950e+000  9.799211e+000
 1.886760e+000  8.808749e+000  9.786336e+000
 1.889390e+000  1.831129e-001  9.833321e+000
 1.892030e+000  5.080366e+000  9.842913e+000
 1.894660e+000  1.155036e+001  9.872637e+000
 1.897290e+000 -2.246185e+000  9.793458e+000
 1.899920e+000 -8.637843e+000  9.879645e+000
 1.902550e+000  1.616582e+001  9.763615e+000
 1.905190e+000  5.938962e+000  9.844837e+000
 1.907820e+000 -3.641913e-001  9.771698e+000
 1.910450e+000  1.541404e+001  9.951823e+000
 1.913080e+000  2.485148e+001  9.943614e+000
 1.915710e+000  3.664293e+000  9.774905e+000
 1.918350e+000 -8.619532e+000  9.820224e+000
 1.920980e+000  1.861038e+001  9.755294e+000
 1.923610e+000  2.611394e+000  9.925371e+000
 1.926240e+000 -1.054425e+001  9.691027e+000
 1.928870e+000  1.336623e+001  9.816666e+000
 1.931510e+000  4.772126e+000  9.869836e+000
 1.934140e+000  1.698881e-001  9.745716e+000
 1.936770e+000  2.241099e+000  9.841107e+000
 1.939400e+000  3.652085e+000  9.752973e+000
 1.942030e+000 -5.908444e+000  9.783198e+000
 1.944670e+000  1.803866e+001  9.975290e+000
 1.947300e+000 -9.362157e+000  9.738744e+000
 1.949930e+000  5.648016e+000  9.935918e+000
 1.952560e+000  9.468973e+000  9.812523e+000
 1.955190e+000  4.132248e+000  9.838497e+000
 1.957830e+000  3.295015e+000  9.946471e+000
 1.960460e+000  2.397762e+001  9.831746e+000
 1.963090e+000 -6.337742e-001  9.808925e+000
 1.965720e+000  3.459817e+000  9.830872e+000
 1.968360e+000  5.424212e+000  9.870160e+000
 1.970990e+000  8.855544e+000  9.811836e+000
 1.973620e+000 -1.266633e+001  9.857674e+000
 1.976250e+000  1.649949e+001  9.936536e+000
 1.978880e+000  5.701933e+000  9.810817e+000
 1.981520e+000 -7.726348e+000  9.899057e+000
 1.984150e+000  7.512716e+000  9.742787e+000
 1.986780e+000  1.934893e+000  9.840023e+000
 1.989410e+000 -6.801628e+000  9.854856e+000
 1.992040e+000  2.230315e+001  9.900741e+000
 1.994680e+000  1.107630e+001  9.864579e+000
 1.997310e+000  1.786470e+001  9.771898e+000
 1.999940e+000  1.940997e+001  9.970083e+000
 2.002570e+000 -2.348932e+000  9.807969e+000
 2.005200e+000  2.321567e+001  9.919772e+000
 2.007840e+000  1.192472e+001  9.916291e+000
 2.010470e+000  1.691862e+001  9.753733e+000
 2.013100e+000 -1.668362e+001  9.893348e+000
 2.015730e+000 -1.231943e+000  9.755917e+000
 2.018360e+000  9.014242e+000  9.855009e+000
 2.021000e+000 -1.245168e+001  9.871034e+000
 2.023630e+000  2.885961e+001  9.882530e+000
 2.026260e+000  1.343337e+001  9.921846e+000
 2.028890e+000  6.552391e+000  9.761982e+000
 2.031530e+000 -1.594608e+001  9.790741e+000
 2.034160e+000  7.222787e+000  9.807027e+000
 2.036790e+000  2.083418e+000  9.798103e+000
 2.039420e+000  5.645982e+000  9.855544e+000
 2.042050e+000  1.508240e+001  9.907603e+000
 2.044690e+000 -1.017294e+000  9.863221e+000
 2.047320e+000 -6.345880e+000  9.873138e+000
 2.049950e+000  6.249237e+000  9.828255e+000
 2.052580e+000 -9.365209e+000  1.001394e+001
 2.055210e+000  7.650051e+000  1.005096e+001
 2.057850e+000  6.199390e+000  1.019406e+001
 2.060480e+000  8.485249e+000  1.011973e+001
 2.063110e+000  1.581689e+001  1.038548e+001
 2.065740e+000  1.111699e+001  1.042679e+001
 2.068370e+000  9.516785e+000  1.039232e+001
 2.071010e+000  1.498372e+001  1.047144e+001
 2.073640e+000  1.795219e+001  1.038522e+001
 2.076270e+000  2.400102e+001  1.057690e+001
 2.078900e+000  6.414039e+000  1.057842e+001
 2.081530e+000  3.902340e+000  1.063096e+001
 2.084170e+000  2.293489e+001  1.069784e+001
 2.086800e+000 -8.131231e+000  1.054494e+001
 2.089430e+000 -2.695829e-001  1.090458e+001
 2.092060e+000 -5.991862e-001  1.061572e+001
 2.094690e+000 -7.083418e+000  1.084981e+001
 2.097330e+000 -1.425839e+001  1.070447e+001
 2.099960e+000  9.505595e+000  1.048887e+001
 2.102590e+000  1.245880e+001  1.067612e+001
 2.105220e+000 -1.038555e+001  1.031288e+001
 2.107860e+000  1.139674e+001  1.049023e+001
 2.110490e+000 -1.541913e+001  1.035999e+001
 2.113120e+000  8.834181e+000  1.039247e+001
 2.115750e+000  5.368260e+000  1.027428e+001
 2.118380e+000 -1.768362e+001  1.010998e+001
 2.121020e+000 -2.460834e+000  1.030648e+001
 2.123650e+000  9.185148e+000  1.027032e+001
 2.126280e+000 -1.922686e+000  1.014433e+001
 2.128910e+000 -1.006714e+001  1.023939e+001
 2.131540e+000  2.311292e+000  1.024970e+001
 2.134180e+000  4.998983e+000  1.027366e+001
 2.136810e+000  1.064090e+000  1.025981e+001
 2.139440e+000 -2.195320e+000  1.019316e+001
 2.142070e+000  1.264903e+001  1.039580e+001
 2.144700e+000  1.787487e+001  1.027604e+001
 2.147340e+000  7.708037e+000  1.026157e+001
 2.149970e+000  8.171923e+000  1.025370e+001
 2.152600e+000 -7.770092e+000  1.024233e+001
 2.155230e+000  2.090641e+001  1.036101e+001
 2.157860e+000  1.397355e+001  1.033652e+001
 2.160500e+000 -6.498474e+000  1.027469e+001
 2.163130e+000  2.806714e+000  1.032507e+001
 2.165760e+000  1.138962e+001  1.035630e+001
 2.168390e+000 -1.362157e+000  1.031696e+001
 2.171030e+000  6.774161e+000  1.039538e+001
 2.173660e+000  1.876704e+001  1.033411e+001
 2.176290e+000 -1.583622e+001  1.021239e+001
 2.178920e+000 -2.522889e+000  1.028123e+001
 2.181550e+000 -5.242116e+000  1.024663e+001
 2.184190e+000 -2.356053e+000  1.030738e+001
 2.186820e+000 -4.685656e+000  1.028163e+001
 2.189450e+000  9.042726e+000  1.040942e+001
 2.192080e+000  1.779654e+001  1.035015e+001
 2.194710e+000  1.371312e+001  1.022723e+001
 2.197350e+000 -6.157681e+000  1.031282e+001
 2.199980e+000  1.003561e+001  1.022505e+001
 2.202610e+000 -1.693388e+001  1.035261e+001
 2.205240e+000  8.595117e+000  1.035285e+001
 2.207870e+000 -7.198372e+000  1.017804e+001
 2.210510e+000  1.098983e+001  1.042439e+001
 2.213140e+000  4.123093e+000  1.025762e+001
 2.215770e+000  5.822991e+000  1.029641e+001
 2.218400e+000 -1.922686e-001  1.042858e+001
 2.221030e+000  1.264496e+000  1.029630e+001
 2.223670e+000 -1.266328e+001  1.034075e+001
 2.226300e+000  3.397762e-001  1.024390e+001
 2.228930e+000 -1.663377e+001  1.031694e+001
 2.231560e+000 -7.585961e+000  1.030335e+001
 2.234200e+000  8.096643e+000  1.035758e+001
 2.236830e+000  2.014242e+000  1.050331e+001
 2.239460e+000 -6.396745e+000  1.025805e+001
 2.242090e+000  2.006205e+001  1.045570e+001
 2.244720e+000 -7.792472e+000  1.035397e+001
 2.247360e+000  4.671414e+000  1.039008e+001
 2.249990e+000 -2.563581e-001  1.034445e+001
 2.252620e+000  1.748016e+001  1.040418e+001
 2.255250e+000  1.720244e+000  1.049230e+001
 2.257880e+000 -2.806714e+000  1.036035e+001
 2.260520e+000  6.742625e+000  1.045796e+001
 2.263150e+000  7.598169e+000  1.035910e+001
 2.265780e+000 -2.169888e+000  1.047054e+001
 2.268410e+000 -1.079044e+001  1.046858e+001
 2.271040e+000  1.037742e+001  1.034582e+001
 2.273680e+000  2.756867e+000  1.041687e+001
 2.276310e+000 -7.096643e+000  1.025181e+001
 2.278940e+000  4.301119e+000  1.048112e+001
 2.281570e+000  2.088403e+001  1.046844e+001
 2.284200e+000  3.621567e-001  1.036893e+001
 2.286840e+000  1.076195e+001  1.045162e+001
 2.289470e+000 -6.749746e+000  1.034185e+001
 2.292100e+000  6.272635e+000  1.048025e+001
 2.294730e+000  9.029502e+000  1.042731e+001
 2.297360e+000  6.958291e-001  1.037976e+001
 2.300000e+000  1.598881e+001  1.044082e+001
 2.302630e+000 -3.519837e-001  1.036104e+001
 2.305260e+000  2.578840e+000  1.045301e+001
 2.307890e+000 -8.012208e+000  1.030202e+001
 2.310530e+000 -1.087792e+001  1.030988e+001
 2.313160e+000  1.855544e+000  1.043249e+001
 2.315790e+000  1.052899e+000  1.033414e+001
 2.318420e+000  6.785351e+000  1.047674e+001
 2.321050e+000  4.154629e+000  1.028617e+001
 2.323690e+000 -1.002442e+001  1.039315e+001
 2.326320e+000  1.951780e+001  1.049102e+001
 2.328950e+000  6.467955e+000  1.047544e+001
 2.331580e+000  1.220753e+000  1.053397e+001
 2.334210e+000  1.821974e+001  1.038253e+001
 2.336850e+000  7.081384e+000  1.042681e+001
 2.339480e+000  8.822991e+000  1.046603e+001
 2.342110e+000  3.491353e+000  1.045074e+001
 2.344740e+000  2.062869e+001  1.058547e+001
 2.347370e+000  1.249440e+001  1.041675e+001
 2.350010e+000  2.355646e+001  1.056772e+001
 2.352640e+000  1.607426e+001  1.032140e+001
 2.355270e+000  1.036317e+001  1.052553e+001
 2.357900e+000  3.776195e+000  1.048042e+001
 2.360530e+000  1.311292e+001  1.037972e+001
 2.363170e+000 -1.328586e+000  1.045902e+001
 2.365800e+000  9.497457e+000  1.031564e+001
 2.368430e+000  8.333672e+000  1.049121e+001
 2.371060e+000  2.338149e+001  1.040300e+001
 2.373700e+000 -3.042726e+000  1.033871e+001
 2.376330e+000  1.333672e+001  1.051091e+001
 2.378960e+000  3.376399e+000  1.032295e+001
 2.381590e+000  9.147508e+000  1.051415e+001
 2.384220e+000 -1.539674e+001  1.027931e+001
 2.386860e+000  2.307630e+001  1.052722e+001
 2.389490e+000  9.545270e+000  1.055502e+001
 2.392120e+000  1.374669e+001  1.036361e+001
 2.394750e+000  4.238047e+000  1.038138e+001
 2.397380e+000  2.795524e+000  1.033288e+001
 2.400020e+000  4.338759e+000  1.042166e+001
 2.402650e+000 -6.821974e+000  1.045305e+001
 2.405280e+000  1.877925e+001  1.036914e+001
 2.407910e+000  1.508240e+001  1.051145e+001
 2.410540e+000  1.951170e+001  1.037961e+001
 2.413180e+000  9.348932e+000  1.048691e+001
 2.415810e+000  4.094608e+000  1.043251e+001
 2.418440e+000  4.750763e+000  1.033620e+001
 2.421070e+000  3.136317e+000  1.051795e+001
 2.423700e+000  1.869685e+001  1.034553e+001
 2.426340e+000 -7.667345e+000  1.047481e+001
 2.428970e+000  8.219736e+000  1.046688e+001
 2.431600e+000 -4.905392e+000  1.046189e+001
 2.434230e+000  1.401933e+001  1.048494e+001
 2.436860e+000  2.573754e+000  1.044309e+001
 2.439500e+000  2.967447e+000  1.042448e+001
 2.442130e+000 -5.508647e+000  1.043369e+001
 2.444760e+000  1.875483e+001  1.055935e+001
 2.447390e+000 -1.765514e+001  1.041229e+001
 2.450030e+000  1.330417e+001  1.047680e+001
 2.452660e+000  1.325941e+001  1.053616e+001
 2.455290e+000 -1.131231e+000  1.035122e+001
 2.457920e+000 -4.114954e+000  1.046096e+001
 2.460550e+000 -2.870804e+000  1.038217e+001
 2.463190e+000 -5.778230e-001  1.044210e+001
 2.465820e+000  2.958087e+001  1.055622e+001
 2.468450e+000  1.999593e+001  1.053940e+001
 2.471080e+000  6.982706e+000  1.058886e+001
 2.473710e+000 -3.319430e+000  1.039261e+001
 2.476350e+000 -2.539166e+000  1.053568e+001
 2.478980e+000  1.934690e+001  1.054861e+001
 2.481610e+000 -9.458800e+000  1.051577e+001
 2.484240e+000  5.438454e+000  1.054346e+001
 2.486870e+000  4.292981e-001  1.049175e+001
 2.489510e+000  1.233367e+001  1.045857e+001
 2.492140e+000  1.931129e+001  1.050275e+001
 2.494770e+000  1.051882e+001  1.048650e+001
 2.497400e+000 -3.972533e+000  1.057817e+001
 2.500030e+000  3.943032e+000  1.042077e+001
 2.502670e+000  3.598169e+000  1.055689e+001
 2.505300e+000 -1.227162e+001  1.035826e+001
 2.507930e+000  1.331231e+001  1.055017e+001
 2.510560e+000 -1.067955e+001  1.051144e+001
 2.513200e+000  1.622889e+001  1.047754e+001
 2.515830e+000  1.846389e+001  1.058417e+001
 2.518460e+000 -6.177009e+000  1.039130e+001
 2.521090e+000  9.242116e+000  1.051574e+001
 2.523720e+000  2.470092e+001  1.060614e+001
 2.526360e+000 -1.687691e+000  1.052909e+001
 2.528990e+000  3.038962e+001  1.067505e+001
 2.531620e+000 -8.645982e+000  1.044304e+001
 2.534250e+000  1.744354e+001  1.064886e+001
 2.536880e+000  5.360122e+000  1.042180e+001
 2.539520e+000  4.852492e+000  1.049732e+001
 2.542150e+000  3.148830e+001  1.061367e+001
 2.544780e+000  1.827772e+001  1.055624e+001
 2.547410e+000 -1.437233e+001  1.055568e+001
 2.550040e+000  4.153611e+000  1.045099e+001
 2.552680e+000  1.677111e+001  1.062261e+001
 2.555310e+000 -7.927772e+000  1.052488e+001
 2.557940e+000  1.361139e+000  1.056412e+001
 2.560570e+000  2.435402e+001  1.059652e+001
 2.563200e+000  2.118311e+001  1.058040e+001
 2.565840e+000  2.756562e+001  1.060305e+001
 2.568470e+000  6.953204e+000  1.035660e+001
 2.571100e+000 -1.507121e+001  1.051818e+001
 2.573730e+000  9.520855e+000  1.046260e+001
 2.576360e+000  9.968464e+000  1.045420e+001
 2.579000e+000  7.929807e+000  1.061709e+001
 2.581630e+000  1.068464e+001  1.053373e+001
 2.584260e+000  2.574771e+000  1.048039e+001
 2.586890e+000 -1.123194e+001  1.037621e+001
 2.589530e+000 -2.991862e+000  1.048525e+001
 2.592160e+000  7.497457e+000  1.055995e+001
 2.594790e+000  4.835198e+000  1.045672e+001
 2.597420e+000  2.172737e+001  1.047372e+001
 2.600050e+000  1.448525e+001  1.053061e+001
 2.602690e+000  1.843133e+001  1.049358e+001
 2.605320e+000  1.025738e+001  1.056481e+001
 2.607950e+000  5.326551e+000  1.052127e+001
 2.610580e+000  2.040895e+001  1.078662e+001
 2.613210e+000  1.243947e+001  1.098233e+001
 2.615850e+000  9.460834e-002  1.095215e+001
 2.618480e+000  2.264496e+000  1.114630e+001
 2.621110e+000  1.166429e+001  1.120845e+001
 2.623740e+000  1.191658e+001  1.134930e+001
 2.626370e+000 -1.074771e+001  1.146165e+001
 2.629010e+000  1.235097e+001  1.139813e+001
 2.631640e+000 -1.870397e+001  1.145872e+001
 2.634270e+000  2.063784e+001  1.150878e+001
 2.636900e+000  1.911292e+001  1.185360e+001
 2.639530e+000 -1.074771e+001  1.152274e+001
 2.642170e+000 -2.012208e+000  1.171984e+001
 2.644800e+000 -3.921668e+000  1.184128e+001
 2.647430e+000 -1.103561e+001  1.185837e+001
 2.650060e+000  1.066124e+000  1.183738e+001
 2.652700e+000  3.093184e+001  1.202442e+001
 2.655330e+000 -2.419125e+000  1.176777e+001
 2.657960e+000  1.471617e+001  1.173459e+001
 2.660590e+000  1.183723e+001  1.163999e+001
 2.663220e+000 -7.148525e+000  1.132662e+001
 2.665860e+000  8.957274e+000  1.141549e+001
 2.668490e+000  1.088199e+001  1.135146e+001
 2.671120e+000  6.528993e+000  1.130310e+001
 2.673750e+000  1.924212e+001  1.123430e+001
 2.676380e+000 -5.890132e+000  1.127431e+001
 2.679020e+000  2.512716e-001  1.122660e+001
 2.681650e+000  2.725229e+001  1.130784e+001
 2.684280e+000  1.908444e+001  1.121913e+001
 2.686910e+000  4.730417e-001  1.118643e+001
 2.689540e+000  1.133469e+001  1.119827e+001
 2.692180e+000  4.875890e+000  1.113046e+001
 2.694810e+000  1.300407e+001  1.107652e+001
 2.697440e+000  1.090234e+001  1.115782e+001
 2.700070e+000 -1.970498e+000  1.099483e+001
 2.702700e+000  2.770092e+000  1.115435e+001
 2.705340e+000  3.035198e+001  1.131843e+001
 2.707970e+000  2.255951e+001  1.107872e+001
 2.710600e+000 -5.574771e-001  1.107000e+001
 2.713230e+000 -1.715972e+001  1.099780e+001
 2.715870e+000  1.598678e+001  1.105523e+001
 2.718500e+000  2.321465e+001  1.104452e+001
 2.721130e+000  1.870905e+001  1.099178e+001
 2.723760e+000 -2.110173e+001  1.111465e+001
 2.726390e+000  8.858596e+000  1.109879e+001
 2.729030e+000 -1.196338e+001  1.086526e+001
 2.731660e+000  2.942014e+000  1.102058e+001
 2.734290e+000  1.311190e+001  1.102557e+001
 2.736920e+000  1.091963e+001  1.109369e+001
 2.739550e+000 -1.888301e+001  1.091716e+001
 2.742190e+000  7.682604e+000  1.098229e+001
 2.744820e+000  1.326653e+001  1.112047e+001
 2.747450e+000  3.373347e+000  1.084155e+001
 2.750080e+000 -9.041709e+000  1.099629e+001
 2.752710e+000 -8.545270e-001  1.082358e+001
 2.755350e+000  3.614446e+000  1.084958e+001
 2.757980e+000  8.624619e+000  1.104822e+001
 2.760610e+000  2.280671e+001  1.087790e+001
 2.763240e+000  1.204985e+001  1.087352e+001
 2.765870e+000  6.806714e+000  1.088748e+001
 2.768510e+000 -3.592065e+000  1.091707e+001
 2.771140e+000  1.028993e+001  1.100775e+001
 2.773770e+000  7.388606e+000  1.082586e+001
 2.776400e+000  1.334283e+001  1.091254e+001
 2.779030e+000  4.580875e+000  1.082654e+001
 2.781670e+000  1.071923e+001  1.091339e+001
 2.784300e+000  2.401017e+001  1.097935e+001
 2.786930e+000  1.021261e+001  1.084084e+001
 2.789560e+000  3.479145e-001  1.089398e+001
 2.792200e+000  1.529400e+001  1.093017e+001
 2.794830e+000 -3.632757e+000  1.078509e+001
 2.797460e+000 -2.489318e+000  1.080155e+001
 2.800090e+000  3.770092e+000  1.092134e+001
 2.802720e+000  8.207528e+000  1.084592e+001
 2.805360e+000 -1.323499e+000  1.087179e+001
 2.807990e+000 -9.045778e+000  1.078455e+001
 2.810620e+000  1.032655e+001  1.082889e+001
 2.813250e+000 -2.556256e+001  1.082727e+001
 2.815880e+000  1.426857e+001  1.095226e+001
 2.818520e+000  5.669379e+000  1.086740e+001
 2.821150e+000 -9.359105e+000  1.082766e+001
 2.823780e+000  1.061953e+001  1.096295e+001
 2.826410e+000  5.533062e+000  1.083301e+001
 2.829040e+000  1.422380e+001  1.086777e+001
 2.831680e+000 -2.300102e+000  1.089762e+001
 2.834310e+000  1.647508e+001  1.089003e+001
 2.836940e+000 -1.373042e+001  1.085003e+001
 2.839570e+000 -1.246185e+000  1.079783e+001
 2.842200e+000  4.012208e+000  1.086419e+001
 2.844840e+000  4.201424e+000  1.085263e+001
 2.847470e+000  1.677213e+001  1.086213e+001
 2.850100e+000  1.123906e+001  1.086071e+001
 2.852730e+000 -2.090539e+000  1.080275e+001
 2.855370e+000  1.731841e+001  1.090430e+001
 2.858000e+000  7.772126e-001  1.099743e+001
 2.860630e+000  1.321465e+001  1.083947e+001
 2.863260e+000  8.384537e+000  1.083872e+001
 2.865890e+000  5.172940e+000  1.085201e+001
 2.868530e+000  3.143438e-001  1.082511e+001
 2.871160e+000 -1.325534e+000  1.097638e+001
 2.873790e+000  8.576806e+000  1.068163e+001
 2.876420e+000 -1.479044e+001  1.078901e+001
 2.879050e+000  5.916582e+000  1.080822e+001
 2.881690e+000  2.053001e+001  1.088459e+001
 2.884320e+000  1.072737e+001  1.086092e+001
 2.886950e+000  3.546287e+000  1.073617e+001
 2.889580e+000  1.321058e+001  1.086502e+001
 2.892210e+000 -5.900305e-001  1.085508e+001
 2.894850e+000  4.812818e+000  1.077623e+001
 2.897480e+000  1.000916e+001  1.084692e+001
 2.900110e+000  1.622075e+001  1.086595e+001
 2.902740e+000 -3.270600e+000  1.091631e+001
 2.905370e+000  1.250153e+001  1.085855e+001
 2.908010e+000  2.298067e+000  1.071916e+001
 2.910640e+000  4.589013e+000  1.089042e+001
 2.913270e+000  8.277721e+000  1.077429e+001
 2.915900e+000  4.648016e+000  1.089081e+001
 2.918530e+000  1.284842e+001  1.083937e+001
 2.921170e+000  2.692777e+000  1.087533e+001
 2.923800e+000 -9.818922e+000  1.072030e+001
 2.926430e+000  3.870804e+000  1.072865e+001
 2.929060e+000  8.952187e-002  1.085211e+001
 2.931700e+000  1.394405e+001  1.085821e+001
 2.934330e+000  2.713123e+000  1.075091e+001
 2.936960e+000  6.300102e+000  1.088564e+001
 2.939590e+000  1.181180e+001  1.083061e+001
 2.942220e+000  1.700916e+000  1.077370e+001
 2.944860e+000  1.180061e+001  1.072948e+001
 2.947490e+000  1.812818e+000  1.071647e+001
 2.950120e+000 -5.373347e+000  1.082792e+001
 2.952750e+000  2.180061e+000  1.066953e+001
 2.955380e+000  2.972024e+001  1.091987e+001
 2.958020e+000 -9.412004e+000  1.067023e+001
 2.960650e+000 -5.707019e-001  1.075562e+001
 2.963280e+000 -1.311089e+001  1.077311e+001
 2.965910e+000 -1.674466e+000  1.074882e+001
 2.968540e+000  8.774161e+000  1.081768e+001
 2.971180e+000 -1.347915e+001  1.073151e+001
 2.973810e+000  7.037640e+000  1.077817e+001
 2.976440e+000 -6.138352e+000  1.061807e+001
 2.979070e+000  1.191251e+000  1.073491e+001
 2.981700e+000 -3.286877e+000  1.082611e+001
 2.984340e+000  2.321261e+001  1.083892e+001
 2.986970e+000  2.917599e+000  1.062720e+001
 2.989600e+000  1.309766e+001  1.078062e+001
 2.992230e+000  6.675483e+000  1.069460e+001
 2.994870e+000  7.303154e+000  1.076694e+001
 2.997500e+000  7.728383e+000  1.083801e+001
 3.000130e+000  7.364191e+000  1.079172e+001
 3.002760e+000  2.302645e+001  1.083110e+001
 3.005390e+000 -1.140081e+001  1.070400e+001
 3.008030e+000  7.752798e+000  1.070283e+001
 3.010660e+000  2.160732e+001  1.084303e+001
 3.013290e+000  2.173449e+001  1.087595e+001
 3.015920e+000 -1.667141e+001  1.068711e+001
 3.018550e+000  2.777213e+000  1.077836e+001
 3.021190e+000 -1.767345e+001  1.067976e+001
 3.023820e+000 -2.237030e+000  1.078899e+001
 3.026450e+000 -2.526958e+000  1.080233e+001
 3.029080e+000  6.147508e+000  1.076166e+001
 3.031710e+000  1.115768e+001  1.074569e+001
 3.034350e+000  1.121465e+001  1.085289e+001
 3.036980e+000  1.606918e+001  1.083612e+001
 3.039610e+000  8.172940e+000  1.081705e+001
 3.042240e+000 -3.535097e+000  1.065095e+001
 3.044870e+000  2.429095e+001  1.093291e+001
 3.047510e+000  1.945677e+001  1.079711e+001
 3.050140e+000  6.201424e+000  1.082766e+001
 3.052770e+000  1.474669e+001  1.075202e+001
 3.055400e+000  2.158189e+001  1.080128e+001
 3.058030e+000 -6.754832e+000  1.072037e+001
 3.060670e+000  1.151373e+001  1.082059e+001
 3.063300e+000  1.246694e+001  1.075674e+001
 3.065930e+000 -4.926755e+000  1.083664e+001
 3.068560e+000  1.090539e+000  1.073311e+001
 3.071200e+000  2.195015e+001  1.084040e+001
 3.073830e+000  1.339369e+001  1.081924e+001
 3.076460e+000 -1.007121e-001  1.070261e+001
 3.079090e+000  1.769786e+001  1.089386e+001
 3.081720e+000  1.072024e+001  1.084103e+001
 3.084360e+000  2.914751e+001  1.094204e+001
 3.086990e+000  1.371923e+001  1.075960e+001
 3.089620e+000  1.788403e+001  1.069886e+001
 3.092250e+000  1.767548e+001  1.094323e+001
 3.094880e+000  8.455748e+000  1.082612e+001
 3.097520e+000  5.671414e+000  1.078445e+001
 3.100150e+000 -1.481587e+001  1.074440e+001
 3.102780e+000  1.397050e+001  1.075789e+001
 3.105410e+000  2.755036e+001  1.088510e+001
 3.108040e+000  4.459817e+000  1.078904e+001
 3.110680e+000  2.814547e+001  1.080659e+001
 3.113310e+000 -2.114954e+000  1.082260e+001
 3.115940e+000  1.197457e+001  1.085429e+001
 3.118570e+000  1.192269e+001  1.085302e+001
 3.121200e+000 -1.550356e+001  1.068291e+001
 3.123840e+000 -2.874873e+000  1.077096e+001
 3.126470e+000  6.491353e+000  1.087773e+001
 3.129100e+000  6.431333e+000  1.077659e+001
 3.131730e+000  1.310783e+001  1.071003e+001
 3.134370e+000  2.241913e+001  1.082017e+001
 3.137000e+000  1.702950e+000  1.072780e+001
 3.139630e+000 -5.157681e+000  1.089970e+001
 3.142260e+000 -8.748728e+000  1.069660e+001
 3.144890e+000 -1.256358e+000  1.090148e+001
 3.147530e+000 -8.362157e+000  1.084210e+001
 3.150160e+000  8.593082e+000  1.093149e+001
 3.152790e+000  5.187182e+000  1.068541e+001
 3.155420e+000  1.040590e+001  1.080034e+001
 3.158050e+000  2.339064e+001  1.092379e+001
 3.160690e+000  2.041709e+000  1.074462e+001
 3.163320e+000  9.372330e+000  1.084072e+001
 3.165950e+000 -2.426246e+000  1.078046e+001
 3.168580e+000  4.067141e+000  1.103545e+001
 3.171210e+000 -1.844863e+001  1.115786e+001
 3.173850e+000  1.009664e+001  1.137416e+001
 3.176480e+000 -6.686673e+000  1.152336e+001
 3.179110e+000  3.923703e+000  1.159728e+001
 3.181740e+000  1.800916e+001  1.179924e+001
 3.184370e+000 -1.575178e+001  1.167590e+001
 3.187010e+000  3.567650e+000  1.182253e+001
 3.189640e+000  1.986775e+000  1.201371e+001
 3.192270e+000  2.255748e+001  1.215421e+001
 3.194900e+000  1.113428e+001  1.205572e+001
 3.197540e+000  6.484232e+000  1.222249e+001
 3.200170e+000  3.216684e+000  1.221146e+001
 3.202800e+000 -1.693795e+000  1.231295e+001
 3.205430e+000 -2.585961e+000  1.240646e+001
 3.208060e+000  6.644964e+000  1.229466e+001
 3.210700e+000  4.364191e-001  1.238036e+001
 3.213330e+000  1.462970e+001  1.231666e+001
 3.215960e+000 -8.098678e+000  1.196171e+001
 3.218590e+000  2.426857e+001  1.190569e+001
 3.221220e+000 -1.748728e+000  1.172911e+001
 3.223860e+000  1.590844e+001  1.177880e+001
 3.226490e+000  2.940692e+001  1.169195e+001
 3.229120e+000  6.366226e+000  1.157067e+001
 3.231750e+000 -2.729400e+000  1.160790e+001
 3.234380e+000  9.812818e+000  1.145079e+001
 3.237020e+000 -6.185148e-001  1.162750e+001
 3.239650e+000  2.001628e+001  1.152007e+001
 3.242280e+000  1.155036e+001  1.140830e+001
 3.244910e+000 -7.547304e+000  1.145700e+001
 3.247540e+000  1.071617e+001  1.145109e+001
 3.250180e+000 -1.110376e+001  1.140723e+001
 3.252810e+000  1.239268e+001  1.130921e+001
 3.255440e+000  2.230214e+001  1.138069e+001
 3.258070e+000  2.044557e+001  1.143174e+001
 3.260700e+000  7.330621e+000  1.134585e+001
 3.263340e+000  2.716175e+000  1.138803e+001
 3.265970e+000  5.567650e+000  1.117268e+001
 3.268600e+000  1.202442e+000  1.135585e+001
 3.271230e+000  1.288301e+001  1.135252e+001
 3.273870e+000  1.028789e+001  1.120757e+001
 3.276500e+000 -1.632045e+001  1.114269e+001
 3.279130e+000  1.151475e+001  1.132783e+001
 3.281760e+000 -1.116989e+001  1.116017e+001
 3.284390e+000  5.327569e+000  1.131017e+001
 3.287030e+000  1.299898e+001  1.119690e+001
 3.289660e+000  7.459817e+000  1.119057e+001
 3.292290e+000  1.268464e+001  1.127202e+001
 3.294920e+000  2.188301e+001  1.134771e+001
 3.297550e+000  1.228688e+001  1.112302e+001
 3.300190e+000  9.286877e+000  1.121002e+001
 3.302820e+000  2.460224e+001  1.132663e+001
 3.305450e+000 -6.182096e+000  1.130002e+001
 3.308080e+000  1.263072e+001  1.119605e+001
 3.310710e+000  1.648016e-001  1.113366e+001
 3.313350e+000  9.207528e+000  1.124363e+001
 3.315980e+000  1.147508e+001  1.123876e+001
 3.318610e+000  6.454730e+000  1.111694e+001
 3.321240e+000 -2.482197e-001  1.115402e+001
 3.323870e+000  5.478128e+000  1.126803e+001
 3.326510e+000  2.298474e+001  1.131566e+001
 3.329140e+000  1.839369e+001  1.111366e+001
 3.331770e+000  2.389522e+001  1.125740e+001
 3.334400e+000  8.822991e+000  1.115280e+001
 3.337040e+000 -6.610376e+000  1.123099e+001
 3.339670e+000  1.774059e+001  1.124325e+001
 3.342300e+000  6.287894e+000  1.106202e+001
 3.344930e+000  2.316785e+001  1.122869e+001
 3.347560e+000 -2.581892e+000  1.112739e+001
 3.350200e+000 -2.186572e+001  1.095516e+001
 3.352830e+000  1.898271e+000  1.109468e+001
 3.355460e+000  1.415666e+001  1.091561e+001
 3.358090e+000 -7.506612e+000  1.111057e+001
 3.360720e+000  1.478739e+001  1.107526e+001
 3.363360e+000  3.780264e+000  1.092545e+001
 3.365990e+000 -2.505086e+001  1.096743e+001
 3.368620e+000  2.956663e+001  1.107159e+001
 3.371250e+000  2.092574e+000  1.098539e+001
 3.373880e+000  7.044761e+000  1.112776e+001
 3.376520e+000 -1.282503e+001  1.086683e+001
 3.379150e+000 -7.531027e+000  1.102079e+001
 3.381780e+000  8.456765e+000  1.107468e+001
 3.384410e+000  1.217497e+001  1.098673e+001
 3.387040e+000 -9.473042e+000  1.105448e+001
 3.389680e+000  4.024415e+000  1.108611e+001
 3.392310e+000  9.461851e+000  1.113960e+001
 3.394940e+000  1.794812e+001  1.110639e+001
 3.397570e+000  8.542218e+000  1.093661e+001
 3.400200e+000 -4.570702e+000  1.094796e+001
 3.402840e+000 -1.843235e+001  1.094545e+001
 3.405470e+000  7.931841e+000  1.114072e+001
 3.408100e+000 -1.106816e+001  1.096270e+001
 3.410730e+000 -2.108749e+001  1.090488e+001
 3.413370e+000  9.626653e+000  1.101981e+001
 3.416000e+000  6.601221e+000  1.115025e+001
 3.418630e+000 -4.017294e+000  1.095944e+001
 3.421260e+000  2.154629e+000  1.095080e+001
 3.423890e+000 -3.063072e+000  1.095592e+001
 3.426530e+000 -1.206511e+000  1.104547e+001
 3.429160e+000  1.927162e+001  1.101787e+001
 3.431790e+000  1.058800e+001  1.097172e+001
 3.434420e+000 -7.853510e-001  1.102760e+001
 3.437050e+000  8.692777e+000  1.111976e+001
 3.439690e+000  4.374364e+000  1.097963e+001
 3.442320e+000 -1.465819e+001  1.088011e+001
 3.444950e+000  1.505595e+000  1.101992e+001
 3.447580e+000 -1.590539e+001  1.083547e+001
 3.450210e+000 -7.847406e+000  1.106977e+001
 3.452850e+000  1.004781e+001  1.093369e+001
 3.455480e+000 -8.696846e+000  1.098718e+001
 3.458110e+000  1.467141e+001  1.100770e+001
 3.460740e+000 -1.373957e+001  1.084583e+001
 3.463370e+000 -7.361139e+000  1.096755e+001
 3.466010e+000  3.190234e+000  1.096724e+001
 3.468640e+000  1.827162e+001  1.115075e+001
 3.471270e+000 -2.584944e+000  1.094875e+001
 3.473900e+000 -4.039674e+000  1.104019e+001
 3.476540e+000 -1.467955e+000  1.091587e+001
 3.479170e+000  5.099695e+000  1.099288e+001
 3.481800e+000  2.052391e+001  1.106605e+001
 3.484430e+000  9.969481e-002  1.105107e+001
 3.487060e+000  2.459817e+000  1.085830e+001
 3.489700e+000  2.918718e+001  1.106751e+001
 3.492330e+000  1.485249e+001  1.098945e+001
 3.494960e+000  5.656155e+000  1.094372e+001
 3.497590e+000  2.458291e+001  1.107252e+001
 3.500220e+000  7.457782e+000  1.089633e+001
 3.502860e+000  1.293489e+001  1.105329e+001
 3.505490e+000  7.836216e+000  1.111689e+001
 3.508120e+000  1.556460e-001  1.086772e+001
 3.510750e+000  2.822991e+000  1.098765e+001
 3.513380e+000  8.016277e-001  1.096227e+001
 3.516020e+000 -2.950153e+000  1.104885e+001
 3.518650e+000  2.037030e+001  1.110342e+001
 3.521280e+000 -5.447609e+000  1.085094e+001
 3.523910e+000  6.105799e+000  1.101341e+001
 3.526540e+000 -5.538149e+000  1.085221e+001
 3.529180e+000  4.150560e+000  1.104807e+001
 3.531810e+000 -2.302238e+001  1.083736e+001
 3.534440e+000  1.933978e+001  1.111921e+001
 3.537070e+000  4.069176e+000  1.104174e+001
 3.539700e+000  1.386572e+001  1.102346e+001
 3.542340e+000  1.528281e+001  1.097492e+001
 3.544970e+000 -1.115666e+001  1.096984e+001
 3.547600e+000  8.685656e+000  1.094320e+001
 3.550230e+000  8.226857e+000  1.100823e+001
 3.552870e+000  1.151475e+001  1.097397e+001
 3.555500e+000  1.130621e+001  1.100616e+001
 3.558130e+000  3.013225e+000  1.102803e+001
 3.560760e+000  3.667345e+000  1.098175e+001
 3.563390e+000 -4.272635e-001  1.102892e+001
 3.566030e+000  1.913021e+001  1.111625e+001
 3.568660e+000 -1.661241e+000  1.095443e+001
 3.571290e+000  3.029502e+000  1.107488e+001
 3.573920e+000 -2.006104e+001  1.085660e+001
 3.576550e+000 -3.241099e+000  1.089757e+001
 3.579190e+000  8.757884e+000  1.107094e+001
 3.581820e+000  8.161750e+000  1.094328e+001
 3.584450e+000 -7.681587e+000  1.094791e+001
 3.587080e+000 -3.083622e+001  1.095682e+001
 3.589710e+000 -1.105086e+001  1.086551e+001
 3.592350e+000  2.469990e+000  1.090797e+001
 3.594980e+000  7.741607e-001  1.087429e+001
 3.597610e+000  3.577823e+000  1.094801e+001
 3.600240e+000  3.315361e+000  1.105466e+001
 3.602870e+000  8.076297e+000  1.093868e+001
 3.605510e+000  6.017294e+000  1.095681e+001
 3.608140e+000  9.567650e+000  1.096187e+001
 3.610770e+000  4.016277e+000  1.093871e+001
 3.613400e+000 -2.423703e+001  1.093660e+001
 3.616040e+000  4.264090e+001  1.109680e+001
 3.618670e+000  3.161445e+001  1.111057e+001
 3.621300e+000  6.043744e+000  1.090834e+001
 3.623930e+000  6.917599e+000  1.091053e+001
 3.626560e+000 -2.990844e+000  1.100778e+001
 3.629200e+000  1.992574e+001  1.103345e+001
 3.631830e+000  2.003052e+001  1.090234e+001
 3.634460e+000  6.152594e+000  1.099251e+001
 3.637090e+000  4.730417e+000  1.091815e+001
 3.639720e+000  4.422177e+000  1.096913e+001
 3.642360e+000 -5.966429e+000  1.091884e+001
 3.644990e+000 -7.860631e+000  1.091280e+001
 3.647620e+000  1.371414e+001  1.106566e+001
 3.650250e+000 -4.984741e-001  1.099968e+001
 3.652880e+000  1.289624e+001  1.101115e+001
 3.655520e+000  1.608647e+001  1.100985e+001
 3.658150e+000 -1.683723e+001  1.086422e+001
 3.660780e+000  1.346897e+000  1.095642e+001
 3.663410e+000 -1.174161e+001  1.101290e+001
 3.666040e+000 -6.046796e+000  1.090026e+001
 3.668680e+000  2.155341e+001  1.099137e+001
 3.671310e+000  1.473957e+001  1.098872e+001
 3.673940e+000  1.390743e+001  1.091172e+001
 3.676570e+000  5.153611e+000  1.090842e+001
 3.679200e+000 -4.283825e+000  1.088140e+001
 3.681840e+000  6.237030e+000  1.107667e+001
 3.684470e+000  5.939980e+000  1.094205e+001
 3.687100e+000  2.754425e+001  1.090809e+001
 3.689730e+000  1.287284e+001  1.100548e+001
 3.692370e+000 -3.864700e+000  1.098154e+001
 3.695000e+000  7.072228e+000  1.107793e+001
 3.697630e+000 -1.923906e+001  1.079873e+001
 3.700260e+000 -2.645982e+000  1.092864e+001
 3.702890e+000  2.195320e+000  1.102046e+001
 3.705530e+000  7.046796e+000  1.103751e+001
 3.708160e+000  4.581892e+000  1.101453e+001
 3.710790e+000 -3.255341e+000  1.094952e+001
 3.713420e+000  3.143438e-001  1.104854e+001
 3.716050e+000 -4.890132e+000  1.101078e+001
 3.718690e+000 -9.245168e+000  1.093810e+001
 3.721320e+000  3.205493e+000  1.095165e+001
 3.723950e+000 -1.061648e+001  1.099337e+001
 3.726580e+000 -8.318413e+000  1.130304e+001
 3.729210e+000 -2.340793e+000  1.159524e+001
 3.731850e+000  1.885758e+001  1.177968e+001
 3.734480e+000 -2.075280e-001  1.175992e+001
 3.737110e+000  6.903357e+000  1.188329e+001
 3.739740e+000 -1.599797e+001  1.206069e+001
 3.742370e+000 -7.193286e+000  1.209758e+001
 3.745010e+000 -8.582909e+000  1.225925e+001
 3.747640e+000 -2.477111e+000  1.250591e+001
 3.750270e+000  1.074059e+001  1.264575e+001
 3.752900e+000 -7.023398e+000  1.252913e+001
 3.755540e+000  2.089318e+001  1.265874e+001
 3.758170e+000 -1.380671e+001  1.293763e+001
 3.760800e+000  1.372228e+001  1.309683e+001
 3.763430e+000 -8.100712e+000  1.309838e+001
 3.766060e+000 -9.960326e+000  1.304001e+001
 3.768700e+000  8.474059e-001  1.317488e+001
 3.771330e+000 -9.078332e+000  1.304096e+001
 3.773960e+000  9.053917e-002  1.283833e+001
 3.776590e+000 -4.419125e+000  1.252640e+001
 3.779220e+000  3.619532e+000  1.248776e+001
 3.781860e+000 -4.099695e-001  1.236789e+001
 3.784490e+000 -5.459817e+000  1.240667e+001
 3.787120e+000  2.284639e+001  1.226788e+001
 3.789750e+000  2.595422e+001  1.225297e+001
 3.792380e+000 -1.372228e+001  1.216856e+001
 3.795020e+000  2.681587e+001  1.227000e+001
 3.797650e+000  1.330010e+001  1.232126e+001
 3.800280e+000  1.725432e+001  1.201839e+001
 3.802910e+000  1.541302e+001  1.218945e+001
 3.805540e+000  6.285860e+000  1.203696e+001
 3.808180e+000  5.218718e+000  1.218748e+001
 3.810810e+000 -5.286877e+000  1.204889e+001
 3.813440e+000 -1.101933e+001  1.204330e+001
 3.816070e+000  3.224313e+001  1.222478e+001
 3.818710e+000 -1.824008e+000  1.217167e+001
 3.821340e+000 -4.775178e+000  1.198909e+001
 3.823970e+000  4.196338e+000  1.217810e+001
 3.826600e+000  2.191251e+000  1.210991e+001
 3.829230e+000  1.278637e+001  1.206546e+001
 3.831870e+000 -1.393693e+000  1.205348e+001
 3.834500e+000  9.185148e+000  1.203629e+001
 3.837130e+000  4.086775e+001  1.218449e+001
 3.839760e+000 -9.639878e+000  1.211316e+001
 3.842390e+000  1.133164e+001  1.205306e+001
 3.845030e+000  4.109868e-001  1.211375e+001
 3.847660e+000 -6.869786e+000  1.207878e+001
 3.850290e+000  1.239776e+001  1.212371e+001
 3.852920e+000 -3.011190e+000  1.213826e+001
 3.855550e+000  6.113937e+000  1.205922e+001
 3.858190e+000 -2.385961e+001  1.202651e+001
 3.860820e+000  1.438454e+000  1.207626e+001
 3.863450e+000  3.815972e+001  1.218239e+001
 3.866080e+000  1.287894e+001  1.196094e+001
 3.868710e+000 -2.889115e-001  1.214006e+001
 3.871350e+000 -4.926755e+000  1.209753e+001
 3.873980e+000  2.230112e+001  1.233664e+001
 3.876610e+000 -1.549339e+000  1.208995e+001
 3.879240e+000 -1.645778e+001  1.224750e+001
 3.881870e+000 -4.257375e+000  1.211196e+001
 3.884510e+000  2.371617e+001  1.226749e+001
 3.887140e+000  5.674466e+000  1.234298e+001
 3.889770e+000  1.514751e+000  1.214561e+001
 3.892400e+000  9.526958e+000  1.230642e+001
 3.895040e+000  1.842421e+001  1.220166e+001
 3.897670e+000  4.966429e+000  1.211780e+001
 3.900300e+000  4.699898e-001  1.221681e+001
 3.902930e+000 -4.549339e+000  1.224398e+001
 3.905560e+000  1.329603e+001  1.229064e+001
 3.908200e+000 -1.488708e+001  1.229959e+001
 3.910830e+000 -6.565615e+000  1.222202e+001
 3.913460e+000 -4.116073e+001  1.202355e+001
 3.916090e+000  7.065107e+000  1.224351e+001
 3.918720e+000 -2.499491e+000  1.238195e+001
 3.921360e+000  2.141200e+001  1.243294e+001
 3.923990e+000  3.205493e+000  1.219034e+001
 3.926620e+000  1.527874e+001  1.242216e+001
 3.929250e+000 -1.401526e+001  1.238857e+001
 3.931880e+000  2.346999e+001  1.245416e+001
 3.934520e+000  8.365209e+000  1.225330e+001
 3.937150e+000  2.114751e+001  1.249128e+001
 3.939780e+000 -5.904374e+000  1.242789e+001
 3.942410e+000 -3.350966e+000  1.230058e+001
 3.945040e+000 -2.219329e+001  1.236467e+001
 3.947680e+000  1.412920e+001  1.246944e+001
 3.950310e+000 -3.032553e+000  1.241729e+001
 3.952940e+000  3.354018e+000  1.245550e+001
 3.955570e+000 -1.252085e+001  1.228931e+001
 3.958210e+000 -1.600814e+001  1.239651e+001
 3.960840e+000  5.051882e+000  1.230594e+001
 3.963470e+000 -6.815870e-001  1.237123e+001
 3.966100e+000 -1.702848e+001  1.227680e+001
 3.968730e+000  1.173042e+001  1.246895e+001
 3.971370e+000 -3.166836e+000  1.262352e+001
 3.974000e+000 -2.917803e+001  1.250114e+001
 3.976630e+000  4.789420e+000  1.255878e+001
 3.979260e+000 -1.056968e+000  1.250683e+001
 3.981890e+000  1.585961e+001  1.253804e+001
 3.984530e+000 -1.848423e+000  1.249633e+001
 3.987160e+000 -2.664802e+001  1.228306e+001
 3.989790e+000  1.043744e+000  1.249451e+001
 3.992420e+000  2.776501e+001  1.245635e+001
 3.995050e+000 -1.221770e+001  1.236246e+001
 3.997690e+000  1.461851e+000  1.227479e+001
 4.000320e+000 -1.631027e+001  1.227567e+001
 4.002950e+000  7.783316e+000  1.255668e+001
 4.005580e+000 -8.148525e-001  1.237438e+001
 4.008210e+000  1.663276e+000  1.233734e+001
 4.010850e+000 -1.666328e+000  1.240680e+001
 4.013480e+000  8.024415e+000  1.250511e+001
 4.016110e+000  6.633774e+000  1.253883e+001
 4.018740e+000 -2.112818e+001  1.240658e+001
 4.021370e+000  3.765005e+000  1.242311e+001
 4.024010e+000  2.500000e+001  1.246839e+001
 4.026640e+000 -1.160732e+000  1.254856e+001
 4.029270e+000 -4.264496e+000  1.250417e+001
 4.031900e+000  3.046796e+000  1.248490e+001
 4.034540e+000  1.584537e+001  1.258465e+001
 4.037170e+000  7.079349e+000  1.244886e+001
 4.039800e+000 -9.210580e+000  1.259659e+001
 4.042430e+000  2.419430e+001  1.269006e+001
 4.045060e+000 -5.717192e+000  1.253392e+001
 4.047700e+000  2.758087e+001  1.277176e+001
 4.050330e+000  5.466938e+000  1.263506e+001
 4.052960e+000 -6.391658e+000  1.260169e+001
 4.055590e+000  1.030417e+001  1.273718e+001
 4.058220e+000 -1.009563e+001  1.268179e+001
 4.060860e+000 -2.827060e+000  1.269920e+001
 4.063490e+000 -1.245778e+001  1.252580e+001
 4.066120e+000  1.546185e+001  1.290297e+001
 4.068750e+000 -5.697864e+000  1.262371e+001
 4.071380e+000  1.042930e+001  1.271429e+001
 4.074020e+000  1.503662e+001  1.277057e+001
 4.076650e+000  4.567650e+000  1.279816e+001
 4.079280e+000  3.429298e+001  1.290586e+001
 4.081910e+000  3.270600e+000  1.287689e+001
 4.084540e+000 -1.444049e+001  1.271237e+001
 4.087180e+000 -1.083723e+001  1.277498e+001
 4.089810e+000  2.137335e+000  1.276642e+001
 4.092440e+000 -1.991251e+001  1.277925e+001
 4.095070e+000  1.841709e+001  1.291671e+001
 4.097710e+000 -1.485249e+000  1.304772e+001
 4.100340e+000 -6.504578e+000  1.290936e+001
 4.102970e+000 -1.332655e-001  1.312926e+001
 4.105600e+000  2.614446e+000  1.299554e+001
 4.108230e+000  1.165819e+000  1.314359e+001
 4.110870e+000  9.074262e+000  1.300727e+001
 4.113500e+000 -1.887386e+001  1.301142e+001
 4.116130e+000  9.773143e+000  1.310888e+001
 4.118760e+000 -1.188911e+001  1.304003e+001
 4.121390e+000 -9.403866e+000  1.300098e+001
 4.124030e+000 -1.838962e+001  1.302463e+001
 4.126660e+000 -1.163886e+001  1.307175e+001
 4.129290e+000 -1.194201e+001  1.322043e+001
 4.131920e+000 -7.077314e+000  1.320163e+001
 4.134550e+000 -5.534079e-001  1.319650e+001
 4.137190e+000 -8.835198e+000  1.327669e+001
 4.139820e+000  2.428789e+001  1.339033e+001
 4.142450e+000 -1.524720e+001  1.328968e+001
 4.145080e+000 -1.153408e+001  1.324858e+001
 4.147710e+000  1.092777e+001  1.327938e+001
 4.150350e+000  6.919634e+000  1.329730e+001
 4.152980e+000 -1.050865e+001  1.315766e+001
 4.155610e+000  1.972940e+001  1.322593e+001
 4.158240e+000 -1.257477e+001  1.316439e+001
 4.160870e+000  3.585961e+000  1.326217e+001
 4.163510e+000 -8.962360e-001  1.332040e+001
 4.166140e+000  2.642930e+000  1.342582e+001
 4.168770e+000 -8.614446e+000  1.326988e+001
 4.171400e+000 -5.595117e-001  1.321017e+001
 4.174040e+000 -1.039471e+001  1.331858e+001
 4.176670e+000  1.423194e+000  1.312629e+001
 4.179300e+000  1.561139e+001  1.342979e+001
 4.181930e+000  1.484537e+001  1.351013e+001
 4.184560e+000  1.288199e+001  1.348308e+001
 4.187200e+000 -2.013428e+001  1.331687e+001
 4.189830e+000 -7.025432e+000  1.332282e+001
 4.192460e+000 -1.429502e+001  1.336530e+001
 4.195090e+000  6.965412e+000  1.360945e+001
 4.197720e+000  6.880977e+000  1.345969e+001
 4.200360e+000  2.009969e+001  1.370604e+001
 4.202990e+000  9.716175e+000  1.371840e+001
 4.205620e+000 -1.124212e+001  1.368341e+001
 4.208250e+000  1.554629e+001  1.374428e+001
 4.210880e+000  9.409969e-001  1.371442e+001
 4.213520e+000 -6.044761e+000  1.368831e+001
 4.216150e+000  4.267548e+000  1.394337e+001
 4.218780e+000 -8.612411e+000  1.376547e+001
 4.221410e+000  2.631027e+001  1.386188e+001
 4.224040e+000 -1.026348e+001  1.389926e+001
 4.226680e+000  1.008647e+001  1.395941e+001
 4.229310e+000 -2.628586e+001  1.399878e+001
 4.231940e+000  1.446592e+000  1.400004e+001
 4.234570e+000  3.306205e+000  1.403464e+001
 4.237210e+000  1.055951e+001  1.413725e+001
 4.239840e+000 -4.410580e+001  1.399356e+001
 4.242470e+000  8.517803e+000  1.432354e+001
 4.245100e+000  9.455748e+000  1.435503e+001
 4.247730e+000  1.537030e+001  1.462607e+001
 4.250370e+000  1.444049e+001  1.463178e+001
 4.253000e+000  4.667345e+000  1.464837e+001
 4.255630e+000 -1.410783e+001  1.458865e+001
 4.258260e+000 -6.534079e+000  1.457310e+001
 4.260890e+000  5.301119e+000  1.470646e+001
 4.263530e+000  1.975585e+000  1.482555e+001
 4.266160e+000  3.001017e+001  1.508563e+001
 4.268790e+000  9.690743e+000  1.491877e+001
 4.271420e+000 -7.185148e+000  1.474839e+001
 4.274050e+000  1.497152e+001  1.498741e+001
 4.276690e+000  9.258393e+000  1.508176e+001
 4.279320e+000  3.922177e+001  1.522670e+001
 4.281950e+000  3.374364e+000  1.535801e+001
 4.284580e+000  1.823805e+001  1.569025e+001
 4.287210e+000 -5.694812e+000  1.608811e+001
 4.289850e+000 -9.461851e+000  1.663820e+001
 4.292480e+000 -9.736521e+000  1.690815e+001
 4.295110e+000  1.053408e+001  1.736616e+001
 4.297740e+000  7.370295e+000  1.722357e+001
 4.300380e+000  9.976602e+000  1.758388e+001
 4.303010e+000 -1.261445e+001  1.756096e+001
 4.305640e+000 -3.025229e+001  1.764895e+001
 4.308270e+000  1.132859e+001  1.788464e+001
 4.310900e+000 -1.015056e+001  1.813495e+001
 4.313540e+000 -3.295015e+001  1.785605e+001
 4.316170e+000 -1.731434e+000  1.859040e+001
 4.318800e+000 -5.106816e+000  1.832365e+001
 4.321430e+000 -2.356256e+001  1.837334e+001
 4.324060e+000 -1.047508e+001  1.860425e+001
 4.326700e+000 -4.771109e+000  1.862107e+001
 4.329330e+000 -2.496236e+001  1.908070e+001
 4.331960e+000  2.978128e+001  1.951120e+001
 4.334590e+000  1.208647e+001  1.932767e+001
 4.337220e+000 -6.631740e+000  1.924400e+001
 4.339860e+000 -1.729196e+001  1.919753e+001
 4.342490e+000  9.685656e+000  1.968209e+001
 4.345120e+000 -4.326551e+000  1.984098e+001
 4.347750e+000 -1.489013e+001  1.981488e+001
 4.350380e+000  2.962360e+000  2.004938e+001
 4.353020e+000  3.090234e+001  2.034332e+001
 4.355650e+000 -1.638250e+001  2.020474e+001
 4.358280e+000  2.231638e+001  2.046556e+001
 4.360910e+000 -3.203052e+001  2.022216e+001
 4.363540e+000 -1.297050e+000  2.079065e+001
 4.366180e+000 -1.531434e+001  2.092931e+001
 4.368810e+000 -9.414039e+000  2.115608e+001
 4.371440e+000  4.011902e+001  2.128909e+001
 4.374070e+000  1.116989e+000  2.162784e+001
 4.376710e+000  1.442319e+001  2.180522e+001
 4.379340e+000 -8.989827e+000  2.170762e+001
 4.381970e+000  1.548423e+001  2.207150e+001
 4.384600e+000  4.158291e+001  2.169297e+001
 4.387230e+000 -7.374364e+000  2.187916e+001
 4.389870e+000  3.496033e+001  2.229957e+001
 4.392500e+000  1.141811e+001  2.259054e+001
 4.395130e+000  1.137233e+001  2.301783e+001
 4.397760e+000  4.210173e+001  2.305102e+001
 4.400390e+000 -2.199186e+001  2.238114e+001
 4.403030e+000  2.005188e+001  2.311725e+001
 4.405660e+000 -1.347915e+001  2.334263e+001
 4.408290e+000  8.618515e+000  2.317165e+001
 4.410920e+000 -1.920346e+001  2.340650e+001
 4.413550e+000 -2.158393e+001  2.332515e+001
 4.416190e+000 -6.028484e+000  2.347861e+001
 4.418820e+000 -1.086470e+001  2.362054e+001
 4.421450e+000 -5.461038e+001  2.398797e+001
 4.424080e+000  4.308240e+000  2.409864e+001
 4.426710e+000  1.185148e+000  2.495347e+001
 4.429350e+000 -1.874669e+001  2.546287e+001
 4.431980e+000 -1.257070e+001  3.081240e+001
 4.434610e+000  7.024619e+001  3.989043e+001
 4.437240e+000 -5.959410e+001  8.905161e+001
Parent(s): C:/Users/SEBAST~1/AppData/Local/Temp/qt_temp.aw5596 C:/Users/SEBAST~1
Parent(s): C:/Users/Sebastiaan/Documents/Science/Projects/PRV/UL26/SAXS/Data/Ser
range-from: 1
range-to: 1661
datop-operation: C:/Users/SEBAST~1/AppData/Local/Temp/qt_temp.aw5596 SUB C:/User
parent: C:/Users/Sebastiaan/Documents/Science/Projects/PRV/UL26/SAXS/Data/Series
creator: datop
creator-version: v0.4 (r4556)
datop-operation: C:/Users/Sebastiaan/Documents/Science/Projects/PRV/UL26/SAXS/Da
