
Parent(s): s_cs74_mer1.dat
  1.628290e-01   4.255437e+01   5.215009e+00
  1.655640e-01   4.325101e+01   4.735756e+00
  1.682990e-01   4.264120e+01   4.541676e+00
  1.710340e-01   4.650103e+01   4.301580e+00
  1.737690e-01   4.254097e+01   4.110875e+00
  1.765040e-01   4.348786e+01   3.969656e+00
  1.792400e-01   4.040319e+01   3.607012e+00
  1.819750e-01   4.038728e+01   3.588290e+00
  1.847100e-01   4.259202e+01   3.374102e+00
  1.874450e-01   4.392273e+01   3.271511e+00
  1.901800e-01   4.354089e+01   3.040267e+00
  1.929150e-01   4.338504e+01   2.974922e+00
  1.956500e-01   4.404469e+01   2.916767e+00
  1.983850e-01   4.398595e+01   2.734581e+00
  2.011200e-01   4.164702e+01   2.621717e+00
  2.038550e-01   4.502029e+01   2.570886e+00
  2.065900e-01   4.166940e+01   2.418665e+00
  2.093250e-01   4.511799e+01   2.416862e+00
  2.120610e-01   4.011911e+01   2.269828e+00
  2.147960e-01   3.738626e+01   2.204093e+00
  2.175310e-01   4.315520e+01   2.141092e+00
  2.202660e-01   4.378546e+01   2.082977e+00
  2.230010e-01   3.910321e+01   1.982984e+00
  2.257360e-01   4.076910e+01   1.930026e+00
  2.284710e-01   3.738116e+01   1.894570e+00
  2.312060e-01   3.622673e+01   1.811407e+00
  2.339410e-01   3.936883e+01   1.805444e+00
  2.366760e-01   3.632247e+01   1.699754e+00
  2.394110e-01   4.213360e+01   1.717940e+00
  2.421460e-01   3.900867e+01   1.684028e+00
  2.448820e-01   3.954695e+01   1.605552e+00
  2.476170e-01   3.998306e+01   1.595155e+00
  2.503520e-01   3.905479e+01   1.536735e+00
  2.530870e-01   3.891828e+01   1.545065e+00
  2.558220e-01   3.918762e+01   1.489905e+00
  2.585570e-01   3.670454e+01   1.443762e+00
  2.612920e-01   3.792964e+01   1.438575e+00
  2.640270e-01   3.753994e+01   1.416805e+00
  2.667620e-01   3.442019e+01   1.388801e+00
  2.694970e-01   3.529569e+01   1.357462e+00
  2.722320e-01   3.811750e+01   1.343047e+00
  2.749680e-01   3.563376e+01   1.338406e+00
  2.777030e-01   3.545871e+01   1.323203e+00
  2.804380e-01   3.750129e+01   1.338864e+00
  2.831730e-01   3.317878e+01   1.251090e+00
  2.859080e-01   3.564148e+01   6.618617e-01
  2.886430e-01   3.616833e+01   6.618079e-01
  2.913780e-01   3.468843e+01   6.330198e-01
  2.941130e-01   3.499541e+01   6.461522e-01
  2.968480e-01   3.523226e+01   6.283287e-01
  2.995830e-01   3.620561e+01   6.487519e-01
  3.023180e-01   3.487911e+01   6.359835e-01
  3.050530e-01   3.419976e+01   6.162630e-01
  3.077890e-01   3.357073e+01   6.269177e-01
  3.105240e-01   3.382720e+01   6.110724e-01
  3.132590e-01   3.357976e+01   6.230271e-01
  3.159940e-01   3.175326e+01   6.042782e-01
  3.187290e-01   3.192062e+01   5.964416e-01
  3.214640e-01   3.276141e+01   6.215394e-01
  3.241990e-01   3.264711e+01   5.920903e-01
  3.269340e-01   3.222458e+01   6.047191e-01
  3.296690e-01   3.186761e+01   5.939104e-01
  3.324040e-01   3.120848e+01   5.803994e-01
  3.351390e-01   3.122016e+01   5.968171e-01
  3.378750e-01   3.047548e+01   5.850301e-01
  3.406100e-01   3.031133e+01   5.746265e-01
  3.433450e-01   3.039683e+01   5.800118e-01
  3.460800e-01   3.037052e+01   5.736009e-01
  3.488150e-01   2.967303e+01   5.710354e-01
  3.515500e-01   2.922971e+01   5.624327e-01
  3.542850e-01   3.012190e+01   5.669112e-01
  3.570200e-01   2.962442e+01   5.622550e-01
  3.597550e-01   2.945817e+01   5.626351e-01
  3.624900e-01   2.907978e+01   5.558349e-01
  3.652250e-01   2.860479e+01   5.503741e-01
  3.679600e-01   2.795140e+01   5.583903e-01
  3.706960e-01   2.794692e+01   5.491517e-01
  3.734310e-01   2.912155e+01   5.495988e-01
  3.761660e-01   2.820637e+01   5.312514e-01
  3.789010e-01   2.788046e+01   5.457596e-01
  3.816360e-01   2.715288e+01   5.379923e-01
  3.843710e-01   2.629056e+01   5.393843e-01
  3.871060e-01   2.773079e+01   5.315421e-01
  3.898410e-01   2.613630e+01   5.248563e-01
  3.925760e-01   2.585351e+01   5.325290e-01
  3.953110e-01   2.670759e+01   5.228580e-01
  3.980460e-01   2.593708e+01   5.224520e-01
  4.007810e-01   2.574330e+01   5.253929e-01
  4.035170e-01   2.494509e+01   5.119088e-01
  4.062520e-01   2.602784e+01   5.317743e-01
  4.089870e-01   2.556757e+01   5.057969e-01
  4.117220e-01   2.589711e+01   5.154044e-01
  4.144570e-01   2.543995e+01   5.163904e-01
  4.171920e-01   2.556037e+01   5.089885e-01
  4.199270e-01   2.509458e+01   5.153343e-01
  4.226620e-01   2.501940e+01   5.018476e-01
  4.253970e-01   2.397809e+01   5.064251e-01
  4.281320e-01   2.422806e+01   5.019122e-01
  4.308670e-01   2.304973e+01   4.936894e-01
  4.336030e-01   2.364554e+01   4.990423e-01
  4.363380e-01   2.384434e+01   4.924029e-01
  4.390730e-01   2.297777e+01   5.017628e-01
  4.418080e-01   2.314680e+01   4.888693e-01
  4.445430e-01   2.379285e+01   4.883185e-01
  4.472780e-01   2.302948e+01   4.977246e-01
  4.500130e-01   2.230716e+01   4.790771e-01
  4.527480e-01   2.232669e+01   4.904246e-01
  4.554830e-01   2.235979e+01   4.817582e-01
  4.582180e-01   2.140398e+01   4.733080e-01
  4.609530e-01   2.194892e+01   4.822385e-01
  4.636880e-01   2.176141e+01   4.793992e-01
  4.664240e-01   2.239271e+01   4.763690e-01
  4.691590e-01   2.155878e+01   4.728767e-01
  4.718940e-01   2.100128e+01   4.725671e-01
  4.746290e-01   2.074093e+01   4.685781e-01
  4.773640e-01   2.035433e+01   4.720031e-01
  4.800990e-01   2.075257e+01   4.668440e-01
  4.828340e-01   2.024934e+01   4.618865e-01
  4.855690e-01   2.066114e+01   4.661145e-01
  4.883040e-01   2.038615e+01   4.651174e-01
  4.910390e-01   1.978837e+01   4.508953e-01
  4.937740e-01   1.884285e+01   4.567381e-01
  4.965090e-01   1.928762e+01   4.580977e-01
  4.992450e-01   2.013679e+01   4.599568e-01
  5.019800e-01   1.946353e+01   4.527708e-01
  5.047150e-01   1.981324e+01   4.555251e-01
  5.074500e-01   1.940635e+01   4.523506e-01
  5.101850e-01   1.940105e+01   4.533240e-01
  5.129200e-01   1.821944e+01   4.453009e-01
  5.156550e-01   1.877737e+01   4.433720e-01
  5.183900e-01   1.851442e+01   4.481550e-01
  5.211250e-01   1.780424e+01   4.468106e-01
  5.238600e-01   1.822361e+01   4.465947e-01
  5.265950e-01   1.831960e+01   4.420065e-01
  5.293310e-01   1.712439e+01   4.366682e-01
  5.320660e-01   1.786916e+01   4.383410e-01
  5.348010e-01   1.694449e+01   4.388381e-01
  5.375360e-01   1.762424e+01   4.367928e-01
  5.402710e-01   1.724619e+01   4.346155e-01
  5.430060e-01   1.715244e+01   4.340090e-01
  5.457410e-01   1.771404e+01   4.397840e-01
  5.484760e-01   1.674384e+01   4.273531e-01
  5.512110e-01   1.695398e+01   4.321704e-01
  5.539460e-01   1.656665e+01   4.261831e-01
  5.566810e-01   1.678479e+01   4.357947e-01
  5.594160e-01   1.691452e+01   4.255969e-01
  5.621520e-01   1.602390e+01   4.211236e-01
  5.648870e-01   1.613804e+01   4.331243e-01
  5.676220e-01   1.593956e+01   4.191181e-01
  5.703570e-01   1.617435e+01   4.277727e-01
  5.730920e-01   1.564090e+01   4.182739e-01
  5.758270e-01   1.497424e+01   4.078984e-01
  5.785620e-01   1.524088e+01   4.183600e-01
  5.812970e-01   1.457162e+01   4.053794e-01
  5.840320e-01   1.536940e+01   4.290942e-01
  5.867670e-01   1.523295e+01   1.859487e-01
  5.895020e-01   1.519305e+01   1.884115e-01
  5.922380e-01   1.503066e+01   1.885685e-01
  5.949730e-01   1.493266e+01   1.817376e-01
  5.977080e-01   1.490796e+01   1.867250e-01
  6.004430e-01   1.457102e+01   1.822586e-01
  6.031780e-01   1.460196e+01   1.855772e-01
  6.059130e-01   1.464811e+01   1.838165e-01
  6.086480e-01   1.467204e+01   1.843034e-01
  6.113830e-01   1.424078e+01   1.837748e-01
  6.141180e-01   1.439313e+01   1.830237e-01
  6.168530e-01   1.398254e+01   1.780172e-01
  6.195880e-01   1.397717e+01   1.768580e-01
  6.223230e-01   1.399511e+01   1.803658e-01
  6.250590e-01   1.379198e+01   1.812676e-01
  6.277940e-01   1.306324e+01   1.669817e-01
  6.305290e-01   1.331196e+01   1.747956e-01
  6.332640e-01   1.353143e+01   1.780144e-01
  6.359990e-01   1.328869e+01   1.752866e-01
  6.387340e-01   1.329419e+01   1.756206e-01
  6.414690e-01   1.336349e+01   1.735669e-01
  6.442040e-01   1.273561e+01   1.677751e-01
  6.469390e-01   1.279675e+01   1.696290e-01
  6.496740e-01   1.291680e+01   1.744594e-01
  6.524090e-01   1.230791e+01   1.647275e-01
  6.551440e-01   1.269170e+01   1.705844e-01
  6.578800e-01   1.267774e+01   1.709920e-01
  6.606150e-01   1.238531e+01   1.685750e-01
  6.633500e-01   1.257170e+01   1.681015e-01
  6.660850e-01   1.237248e+01   1.666941e-01
  6.688200e-01   1.238743e+01   1.673515e-01
  6.715550e-01   1.236216e+01   1.698761e-01
  6.742900e-01   1.198234e+01   1.645324e-01
  6.770250e-01   1.208862e+01   1.637947e-01
  6.797600e-01   1.202473e+01   1.636247e-01
  6.824950e-01   1.179962e+01   1.658714e-01
  6.852300e-01   1.180153e+01   1.630844e-01
  6.879660e-01   1.184545e+01   1.653100e-01
  6.907010e-01   1.165424e+01   1.620091e-01
  6.934360e-01   1.142952e+01   1.593775e-01
  6.961710e-01   1.156368e+01   1.633090e-01
  6.989060e-01   1.166209e+01   1.631487e-01
  7.016410e-01   1.112281e+01   1.592000e-01
  7.043760e-01   1.152318e+01   1.638904e-01
  7.071110e-01   1.099336e+01   1.572018e-01
  7.098460e-01   1.123826e+01   1.593619e-01
  7.125810e-01   1.130535e+01   1.597062e-01
  7.153160e-01   1.093563e+01   1.554131e-01
  7.180510e-01   1.014614e+01   1.494607e-01
  7.207870e-01   1.088297e+01   1.576261e-01
  7.235220e-01   1.059493e+01   1.548461e-01
  7.262570e-01   1.045485e+01   1.536513e-01
  7.289920e-01   1.056427e+01   1.521558e-01
  7.317270e-01   1.034741e+01   1.517068e-01
  7.344620e-01   1.061106e+01   1.525489e-01
  7.371970e-01   1.026902e+01   1.531286e-01
  7.399320e-01   1.020237e+01   1.509153e-01
  7.426670e-01   1.032600e+01   1.530888e-01
  7.454020e-01   1.007693e+01   1.508610e-01
  7.481370e-01   1.003739e+01   1.499763e-01
  7.508720e-01   9.876738e+00   1.505267e-01
  7.536080e-01   9.848180e+00   1.488703e-01
  7.563430e-01   9.894273e+00   1.498013e-01
  7.590780e-01   1.014302e+01   1.524943e-01
  7.618130e-01   1.003477e+01   1.535800e-01
  7.645480e-01   9.614056e+00   1.472376e-01
  7.672830e-01   9.762696e+00   1.484080e-01
  7.700180e-01   9.612298e+00   1.474016e-01
  7.727530e-01   9.489011e+00   1.468302e-01
  7.754880e-01   9.307763e+00   1.452280e-01
  7.782230e-01   9.308555e+00   1.446400e-01
  7.809580e-01   9.453260e+00   1.470067e-01
  7.836940e-01   9.144023e+00   1.441537e-01
  7.864290e-01   9.092793e+00   1.415518e-01
  7.891640e-01   9.001611e+00   1.435288e-01
  7.918990e-01   9.129835e+00   1.425937e-01
  7.946340e-01   9.202658e+00   1.467000e-01
  7.973690e-01   8.772982e+00   1.407650e-01
  8.001040e-01   8.971912e+00   1.411416e-01
  8.028390e-01   8.945210e+00   1.416851e-01
  8.055740e-01   8.635328e+00   1.405636e-01
  8.083090e-01   8.721516e+00   1.425577e-01
  8.110440e-01   8.801330e+00   1.456015e-01
  8.137790e-01   8.581160e+00   1.424865e-01
  8.165150e-01   8.390865e+00   1.414505e-01
  8.192500e-01   8.645670e+00   1.444439e-01
  8.219850e-01   8.612592e+00   1.460797e-01
  8.247200e-01   8.612505e+00   1.458402e-01
  8.274550e-01   8.284849e+00   1.398585e-01
  8.301900e-01   8.502140e+00   1.422500e-01
  8.329250e-01   8.284087e+00   1.420216e-01
  8.356600e-01   8.132098e+00   1.414014e-01
  8.383950e-01   8.077694e+00   1.400602e-01
  8.411300e-01   8.261026e+00   1.423212e-01
  8.438650e-01   8.013597e+00   1.401870e-01
  8.466010e-01   8.016887e+00   1.417041e-01
  8.493360e-01   8.167289e+00   1.476401e-01
  8.520710e-01   8.040300e+00   1.412855e-01
  8.548060e-01   8.063771e+00   1.475250e-01
  8.575410e-01   7.837844e+00   1.414763e-01
  8.602760e-01   7.872507e+00   1.442264e-01
  8.630110e-01   7.734618e+00   1.413237e-01
  8.657460e-01   7.723426e+00   1.402730e-01
  8.684810e-01   7.637415e+00   1.432286e-01
  8.712160e-01   7.527669e+00   1.391043e-01
  8.739510e-01   7.497764e+00   1.394778e-01
  8.766860e-01   7.528931e+00   1.420173e-01
  8.794220e-01   7.426704e+00   1.379374e-01
  8.821570e-01   7.274892e+00   1.387243e-01
  8.848920e-01   7.193787e+00   1.360636e-01
  8.876270e-01   7.432051e+00   1.412131e-01
  8.903620e-01   7.157067e+00   1.402267e-01
  8.930970e-01   7.231152e+00   1.387395e-01
  8.958320e-01   7.002406e+00   1.369051e-01
  8.985670e-01   7.408639e+00   1.419368e-01
  9.013020e-01   6.975849e+00   1.423138e-01
  9.040370e-01   7.191759e+00   1.416801e-01
  9.067720e-01   6.951322e+00   1.388402e-01
  9.095070e-01   7.044559e+00   1.392090e-01
  9.122430e-01   6.976056e+00   1.385002e-01
  9.149780e-01   6.673634e+00   1.386245e-01
  9.177130e-01   6.769546e+00   1.391099e-01
  9.204480e-01   6.902675e+00   1.384785e-01
  9.231830e-01   6.805208e+00   1.374222e-01
  9.259180e-01   6.906055e+00   1.407457e-01
  9.286530e-01   6.692054e+00   1.383048e-01
  9.313880e-01   6.635094e+00   1.347479e-01
  9.341230e-01   6.653865e+00   1.382619e-01
  9.368580e-01   6.478612e+00   1.383424e-01
  9.395930e-01   6.777126e+00   1.401773e-01
  9.423290e-01   6.543414e+00   1.355344e-01
  9.450640e-01   6.520913e+00   1.380375e-01
  9.477990e-01   6.473617e+00   1.394061e-01
  9.505340e-01   6.360111e+00   1.350291e-01
  9.532690e-01   6.374123e+00   1.360530e-01
  9.560040e-01   6.477731e+00   1.363203e-01
  9.587390e-01   6.325447e+00   1.391422e-01
  9.614740e-01   6.165733e+00   1.382348e-01
  9.642090e-01   6.038920e+00   1.331699e-01
  9.669440e-01   6.076315e+00   1.358563e-01
  9.696790e-01   6.250599e+00   1.390546e-01
  9.724140e-01   6.098963e+00   1.385720e-01
  9.751500e-01   6.080869e+00   1.387072e-01
  9.778850e-01   5.954846e+00   1.332510e-01
  9.806200e-01   5.824684e+00   1.362808e-01
  9.833550e-01   5.861257e+00   1.325024e-01
  9.860900e-01   5.900003e+00   1.353380e-01
  9.888250e-01   5.730917e+00   1.320683e-01
  9.915600e-01   5.821835e+00   1.349639e-01
  9.942950e-01   5.627752e+00   1.356646e-01
  9.970300e-01   5.709973e+00   1.342314e-01
  9.997650e-01   5.385316e+00   1.303899e-01
  1.002500e+00   5.822394e+00   1.349309e-01
  1.005240e+00   5.461721e+00   1.350120e-01
  1.007970e+00   5.562715e+00   1.348734e-01
  1.010710e+00   5.475057e+00   1.321708e-01
  1.013440e+00   5.527111e+00   1.316618e-01
  1.016180e+00   5.405938e+00   1.330863e-01
  1.018910e+00   5.367632e+00   1.321177e-01
  1.021650e+00   5.671727e+00   1.362258e-01
  1.024380e+00   5.251510e+00   1.289294e-01
  1.027120e+00   5.368072e+00   1.326550e-01
  1.029850e+00   5.223897e+00   1.343057e-01
  1.032590e+00   5.281297e+00   1.293719e-01
  1.035320e+00   5.364518e+00   1.339027e-01
  1.038060e+00   5.260000e+00   1.346329e-01
  1.040790e+00   5.512776e+00   1.344179e-01
  1.043530e+00   4.943157e+00   1.292308e-01
  1.046260e+00   5.070764e+00   1.311715e-01
  1.049000e+00   5.147052e+00   1.311115e-01
  1.051730e+00   4.822247e+00   1.302342e-01
  1.054470e+00   5.025790e+00   1.319207e-01
  1.057200e+00   4.920684e+00   1.291777e-01
  1.059940e+00   4.824538e+00   1.289356e-01
  1.062670e+00   4.999439e+00   1.309393e-01
  1.065410e+00   5.017829e+00   1.321109e-01
  1.068140e+00   4.857997e+00   1.285130e-01
  1.070880e+00   4.845248e+00   1.295217e-01
  1.073610e+00   4.939543e+00   1.313203e-01
  1.076350e+00   4.764848e+00   1.291261e-01
  1.079080e+00   4.944508e+00   1.344629e-01
  1.081820e+00   4.664824e+00   1.271733e-01
  1.084550e+00   4.681391e+00   1.310975e-01
  1.087290e+00   4.610362e+00   1.282979e-01
  1.090020e+00   4.659036e+00   1.280925e-01
  1.092760e+00   4.618675e+00   1.290975e-01
  1.095490e+00   4.518093e+00   1.304225e-01
  1.098230e+00   4.403853e+00   1.285217e-01
  1.100960e+00   4.340959e+00   1.274191e-01
  1.103700e+00   4.308616e+00   1.244123e-01
  1.106430e+00   4.375563e+00   1.269303e-01
  1.109170e+00   4.306413e+00   1.279564e-01
  1.111900e+00   4.198928e+00   1.260590e-01
  1.114640e+00   4.330619e+00   1.281594e-01
  1.117370e+00   4.383436e+00   1.284179e-01
  1.120110e+00   4.293724e+00   1.281973e-01
  1.122840e+00   4.335319e+00   1.239558e-01
  1.125580e+00   4.320720e+00   1.279602e-01
  1.128310e+00   4.269694e+00   1.283107e-01
  1.131050e+00   4.214527e+00   1.264176e-01
  1.133780e+00   4.108717e+00   1.279884e-01
  1.136520e+00   4.173431e+00   1.255236e-01
  1.139250e+00   4.062156e+00   1.259828e-01
  1.141990e+00   3.993888e+00   1.228088e-01
  1.144720e+00   4.098377e+00   1.277342e-01
  1.147460e+00   3.797014e+00   1.260422e-01
  1.150200e+00   3.958873e+00   1.235574e-01
  1.152930e+00   3.771839e+00   1.215108e-01
  1.155670e+00   4.051846e+00   1.279095e-01
  1.158400e+00   4.093529e+00   1.260506e-01
  1.161140e+00   3.873478e+00   1.288296e-01
  1.163870e+00   3.913134e+00   1.249816e-01
  1.166610e+00   3.665647e+00   1.227809e-01
  1.169340e+00   3.668408e+00   1.253868e-01
  1.172080e+00   3.678925e+00   1.226298e-01
  1.174810e+00   3.721431e+00   1.246280e-01
  1.177550e+00   3.744080e+00   1.242178e-01
  1.180280e+00   3.480611e+00   1.225400e-01
  1.183020e+00   3.778008e+00   1.266267e-01
  1.185750e+00   3.625784e+00   1.222669e-01
  1.188490e+00   3.548175e+00   1.245307e-01
  1.191220e+00   3.807089e+00   1.265925e-01
  1.193960e+00   3.588565e+00   1.228101e-01
  1.196690e+00   3.526877e+00   1.236727e-01
  1.199430e+00   3.470065e+00   1.201734e-01
  1.202160e+00   3.403001e+00   1.247330e-01
  1.204900e+00   3.426912e+00   1.224123e-01
  1.207630e+00   3.546823e+00   1.239735e-01
  1.210370e+00   3.191468e+00   1.207237e-01
  1.213100e+00   3.558367e+00   1.228020e-01
  1.215840e+00   3.365430e+00   1.245400e-01
  1.221310e+00   3.201573e+00   1.216239e-01
  1.224040e+00   3.401885e+00   1.232380e-01
  1.226780e+00   3.257122e+00   1.247768e-01
  1.229510e+00   3.142675e+00   1.201970e-01
  1.232250e+00   3.220814e+00   1.293442e-01
  1.234980e+00   3.133334e+00   1.323728e-01
  1.237720e+00   3.200105e+00   1.378498e-01
  1.240450e+00   3.020533e+00   1.375394e-01
  1.243190e+00   3.072586e+00   1.399896e-01
  1.245920e+00   3.155131e+00   1.465378e-01
  1.248660e+00   2.924639e+00   1.437351e-01
  1.251390e+00   2.727653e+00   1.472444e-01
  1.254130e+00   2.887193e+00   1.505247e-01
  1.256860e+00   2.969007e+00   1.469840e-01
  1.259600e+00   2.923287e+00   1.498545e-01
  1.262330e+00   2.945067e+00   1.577218e-01
  1.265070e+00   2.813174e+00   1.436941e-01
  1.267800e+00   2.933114e+00   1.411456e-01
  1.270540e+00   2.828725e+00   1.316652e-01
  1.273270e+00   2.875424e+00   1.322081e-01
  1.276010e+00   2.813838e+00   1.278915e-01
  1.278740e+00   2.794852e+00   1.283862e-01
  1.281480e+00   2.754873e+00   1.265870e-01
  1.284210e+00   2.728428e+00   1.244325e-01
  1.286950e+00   2.694415e+00   1.221970e-01
  1.289680e+00   2.615462e+00   1.222594e-01
  1.292420e+00   2.605659e+00   1.219151e-01
  1.295150e+00   2.725053e+00   1.252420e-01
  1.297890e+00   2.416267e+00   1.185463e-01
  1.300620e+00   2.547158e+00   1.220298e-01
  1.303360e+00   2.583405e+00   1.207175e-01
  1.306090e+00   2.583284e+00   1.189369e-01
  1.308830e+00   2.565955e+00   1.206559e-01
  1.311570e+00   2.780023e+00   1.230264e-01
  1.314300e+00   2.591768e+00   1.221771e-01
  1.317040e+00   2.532917e+00   1.172076e-01
  1.319770e+00   2.407020e+00   1.193300e-01
  1.322510e+00   2.233496e+00   1.209512e-01
  1.325240e+00   2.733405e+00   1.216516e-01
  1.327980e+00   2.209858e+00   1.194838e-01
  1.330710e+00   2.546204e+00   1.221016e-01
  1.333450e+00   2.362492e+00   1.166215e-01
  1.336180e+00   2.400624e+00   1.196233e-01
  1.338920e+00   2.296717e+00   1.198993e-01
  1.341650e+00   2.271014e+00   1.163480e-01
  1.344390e+00   2.356415e+00   1.162989e-01
  1.347120e+00   2.234692e+00   1.188144e-01
  1.349860e+00   2.322345e+00   1.176364e-01
  1.352590e+00   2.230682e+00   1.179471e-01
  1.355330e+00   2.094098e+00   1.163415e-01
  1.358060e+00   2.126162e+00   1.159245e-01
  1.360800e+00   1.960595e+00   1.132004e-01
  1.363530e+00   2.110398e+00   1.165183e-01
  1.366270e+00   2.090983e+00   1.143253e-01
  1.369000e+00   2.229899e+00   1.183039e-01
  1.371740e+00   2.217612e+00   1.192744e-01
  1.374470e+00   2.075239e+00   1.156373e-01
  1.377210e+00   2.104329e+00   1.157629e-01
  1.379940e+00   2.053486e+00   1.128368e-01
  1.382680e+00   2.062486e+00   1.174698e-01
  1.385410e+00   1.940194e+00   1.145109e-01
  1.388150e+00   1.956279e+00   1.140481e-01
  1.390880e+00   1.899129e+00   1.152222e-01
  1.393620e+00   1.939474e+00   1.186675e-01
  1.396350e+00   2.040208e+00   1.156659e-01
  1.399090e+00   1.943957e+00   1.140326e-01
  1.401820e+00   1.803898e+00   1.157856e-01
  1.404560e+00   1.873303e+00   1.142523e-01
  1.407290e+00   1.917503e+00   1.144120e-01
  1.410030e+00   1.902845e+00   1.145177e-01
  1.412760e+00   1.844332e+00   1.134248e-01
  1.415500e+00   1.876049e+00   1.141494e-01
  1.418230e+00   1.789831e+00   1.149235e-01
  1.420970e+00   1.708906e+00   1.129434e-01
  1.423700e+00   1.721191e+00   1.137169e-01
  1.426440e+00   1.920316e+00   1.171348e-01
  1.429170e+00   1.690846e+00   1.122560e-01
  1.431910e+00   1.725688e+00   1.103570e-01
  1.434640e+00   1.801595e+00   1.146774e-01
  1.437380e+00   1.725056e+00   1.117964e-01
  1.440110e+00   1.600796e+00   1.119649e-01
  1.442850e+00   1.797090e+00   1.118573e-01
  1.445580e+00   1.718053e+00   1.152097e-01
  1.448320e+00   1.786512e+00   1.157563e-01
  1.451050e+00   1.761437e+00   1.135556e-01
  1.453790e+00   1.610049e+00   1.125233e-01
  1.456520e+00   1.525976e+00   1.100606e-01
  1.459260e+00   1.514974e+00   1.126103e-01
  1.461990e+00   1.512505e+00   1.110289e-01
  1.464730e+00   1.583616e+00   1.142212e-01
  1.467470e+00   1.545105e+00   1.113664e-01
  1.470200e+00   1.529266e+00   1.120954e-01
  1.472940e+00   1.467527e+00   1.119894e-01
  1.475670e+00   1.497437e+00   1.150680e-01
  1.478410e+00   1.602043e+00   1.115161e-01
  1.481140e+00   1.259920e+00   1.097287e-01
  1.483880e+00   1.456798e+00   1.077402e-01
  1.486610e+00   1.332075e+00   1.104773e-01
  1.489350e+00   1.448977e+00   1.082129e-01
  1.492080e+00   1.386484e+00   1.094465e-01
  1.494820e+00   1.506932e+00   1.095438e-01
  1.497550e+00   1.429225e+00   1.076756e-01
  1.500290e+00   1.229160e+00   1.055960e-01
  1.503020e+00   1.189033e+00   1.077029e-01
  1.505760e+00   1.313204e+00   1.093185e-01
  1.508490e+00   1.457922e+00   1.082818e-01
  1.511230e+00   1.246962e+00   1.070982e-01
  1.513960e+00   1.224349e+00   1.078800e-01
  1.516700e+00   1.229577e+00   1.086243e-01
  1.519430e+00   1.321963e+00   1.098776e-01
  1.522170e+00   1.362079e+00   1.109058e-01
  1.524900e+00   1.258827e+00   1.085761e-01
  1.527640e+00   1.267416e+00   1.106286e-01
  1.530370e+00   1.370013e+00   1.076221e-01
  1.533110e+00   1.321643e+00   1.090957e-01
  1.535840e+00   1.209488e+00   1.073480e-01
  1.538580e+00   1.198022e+00   1.058887e-01
  1.541310e+00   1.191695e+00   1.059301e-01
  1.544050e+00   1.316162e+00   1.103061e-01
  1.546780e+00   1.028303e+00   1.060438e-01
  1.549520e+00   1.201040e+00   1.062125e-01
  1.552250e+00   1.059326e+00   1.093887e-01
  1.554990e+00   1.013947e+00   1.071022e-01
  1.557720e+00   1.178238e+00   1.071367e-01
  1.560460e+00   1.140264e+00   1.066085e-01
  1.563190e+00   1.112681e+00   1.078449e-01
  1.565930e+00   1.160578e+00   1.053748e-01
  1.568660e+00   1.136061e+00   1.068704e-01
  1.571400e+00   1.088569e+00   1.064263e-01
  1.574130e+00   1.167763e+00   1.055889e-01
  1.576870e+00   1.094066e+00   1.080976e-01
  1.579600e+00   1.069431e+00   1.058365e-01
  1.582340e+00   1.134910e+00   1.078654e-01
  1.585070e+00   1.052044e+00   1.078975e-01
  1.587810e+00   9.858522e-01   1.037362e-01
  1.590540e+00   1.032556e+00   1.089493e-01
  1.593280e+00   1.139539e+00   1.051187e-01
  1.596010e+00   1.068603e+00   1.029335e-01
  1.598750e+00   1.127630e+00   1.059338e-01
  1.601480e+00   9.592437e-01   1.056765e-01
  1.604220e+00   8.305383e-01   1.057492e-01
  1.606950e+00   1.146924e+00   1.020848e-01
  1.609690e+00   8.870361e-01   1.025472e-01
  1.612420e+00   9.243930e-01   1.047346e-01
  1.615160e+00   1.052496e+00   1.063704e-01
  1.617890e+00   8.359582e-01   1.013403e-01
  1.620630e+00   9.489210e-01   1.087794e-01
  1.623360e+00   9.124019e-01   1.050634e-01
  1.626100e+00   8.834200e-01   1.046967e-01
  1.628840e+00   9.427938e-01   1.043841e-01
  1.631570e+00   9.314637e-01   1.044192e-01
  1.634310e+00   9.828764e-01   1.061429e-01
  1.637040e+00   8.274129e-01   1.040901e-01
  1.639780e+00   9.628397e-01   1.043906e-01
  1.642510e+00   7.993270e-01   1.049211e-01
  1.645250e+00   9.655508e-01   1.056924e-01
  1.647980e+00   7.892600e-01   1.041053e-01
  1.650720e+00   9.941510e-01   1.037769e-01
  1.653450e+00   9.021792e-01   1.020401e-01
  1.656190e+00   8.216788e-01   1.041284e-01
  1.658920e+00   8.397123e-01   1.043288e-01
  1.661660e+00   7.997735e-01   1.049664e-01
  1.664390e+00   8.433989e-01   1.017023e-01
  1.667130e+00   7.999791e-01   1.039720e-01
  1.669860e+00   7.806413e-01   1.039515e-01
  1.672600e+00   8.458312e-01   1.046749e-01
  1.675330e+00   7.365103e-01   1.029146e-01
  1.678070e+00   8.714642e-01   1.060684e-01
  1.680800e+00   7.728656e-01   1.016075e-01
  1.683540e+00   7.091883e-01   1.055016e-01
  1.686270e+00   7.678776e-01   1.057284e-01
  1.689010e+00   8.731592e-01   1.034354e-01
  1.691740e+00   5.770603e-01   1.039590e-01
  1.694480e+00   8.706535e-01   1.045357e-01
  1.697210e+00   8.399267e-01   1.038300e-01
  1.699950e+00   8.702129e-01   1.033499e-01
  1.702680e+00   9.152866e-01   1.046271e-01
  1.705420e+00   7.961779e-01   1.028002e-01
  1.708150e+00   7.617058e-01   1.047126e-01
  1.710890e+00   8.406729e-01   1.035817e-01
  1.713620e+00   7.875032e-01   1.033179e-01
  1.716360e+00   7.518827e-01   1.025774e-01
  1.719090e+00   7.161473e-01   1.028167e-01
  1.721830e+00   7.797187e-01   1.030677e-01
  1.724560e+00   6.499233e-01   1.026594e-01
  1.727300e+00   8.592471e-01   1.031911e-01
  1.730030e+00   6.362961e-01   1.018509e-01
  1.732770e+00   7.442538e-01   9.929803e-02
  1.735500e+00   7.674398e-01   1.029027e-01
  1.738240e+00   5.859347e-01   1.037421e-01
  1.740970e+00   5.458225e-01   1.025050e-01
  1.743710e+00   5.792577e-01   9.943973e-02
  1.746440e+00   6.220312e-01   1.003077e-01
  1.749180e+00   6.787701e-01   1.037592e-01
  1.751910e+00   6.763349e-01   1.017710e-01
  1.754650e+00   6.192641e-01   1.036917e-01
  1.757380e+00   5.969799e-01   1.017185e-01
  1.760120e+00   6.469535e-01   1.035137e-01
  1.762850e+00   7.386754e-01   1.012551e-01
  1.765590e+00   7.430994e-01   1.043754e-01
  1.768320e+00   7.465304e-01   1.021023e-01
  1.771060e+00   5.370011e-01   9.968554e-02
  1.773790e+00   5.477495e-01   1.018204e-01
  1.776530e+00   5.810731e-01   9.882538e-02
  1.779260e+00   6.671403e-01   1.029546e-01
  1.782000e+00   5.848684e-01   9.941457e-02
  1.784740e+00   6.096113e-01   1.015364e-01
  1.787470e+00   4.015774e-01   9.918399e-02
  1.790210e+00   4.769871e-01   9.925856e-02
  1.792940e+00   6.589416e-01   1.016734e-01
  1.795680e+00   5.902383e-01   1.036144e-01
  1.798410e+00   6.720078e-01   1.017918e-01
  1.801150e+00   5.356234e-01   1.001877e-01
  1.803880e+00   4.078754e-01   9.978591e-02
  1.806620e+00   5.085891e-01   1.009369e-01
  1.809350e+00   4.899475e-01   1.012073e-01
  1.812090e+00   6.079663e-01   1.028210e-01
  1.814820e+00   3.947651e-01   1.008204e-01
  1.817560e+00   5.169523e-01   1.021461e-01
  1.820290e+00   5.895009e-01   1.010761e-01
  1.823030e+00   4.643673e-01   9.983501e-02
  1.825760e+00   5.109216e-01   1.011414e-01
  1.828500e+00   6.189909e-01   9.972532e-02
  1.831230e+00   5.364166e-01   9.937168e-02
  1.833970e+00   4.771692e-01   9.984867e-02
  1.836700e+00   5.866750e-01   1.005507e-01
  1.839440e+00   4.598671e-01   1.018394e-01
  1.842170e+00   5.793048e-01   9.800127e-02
  1.844910e+00   4.077079e-01   1.013751e-01
  1.847640e+00   5.161210e-01   1.004102e-01
  1.850380e+00   4.904968e-01   1.033962e-01
  1.853110e+00   4.908287e-01   1.015211e-01
  1.855850e+00   4.961135e-01   1.006308e-01
  1.858580e+00   4.705185e-01   9.965446e-02
  1.861320e+00   5.431259e-01   1.030516e-01
  1.864050e+00   4.879500e-01   1.016116e-01
  1.866790e+00   4.206567e-01   1.010211e-01
  1.869520e+00   5.024879e-01   9.968025e-02
  1.872260e+00   4.248163e-01   1.009242e-01
  1.874990e+00   5.260323e-01   9.983688e-02
  1.877730e+00   3.999498e-01   9.799287e-02
  1.880460e+00   4.364636e-01   9.950437e-02
  1.883200e+00   4.514538e-01   9.757616e-02
  1.885930e+00   4.723458e-01   9.934402e-02
  1.888670e+00   4.950560e-01   9.960971e-02
  1.891400e+00   4.567444e-01   1.000392e-01
  1.894140e+00   4.588858e-01   9.810443e-02
  1.896870e+00   3.771574e-01   9.910536e-02
  1.899610e+00   3.798805e-01   9.828094e-02
  1.902340e+00   3.694258e-01   1.009456e-01
  1.905080e+00   3.921096e-01   9.816440e-02
  1.907810e+00   4.405703e-01   1.009888e-01
  1.910550e+00   4.713116e-01   1.016150e-01
  1.913280e+00   5.168084e-01   9.879834e-02
  1.916020e+00   5.904527e-01   9.774365e-02
  1.918750e+00   3.646582e-01   9.874271e-02
  1.921490e+00   3.571704e-01   1.011203e-01
  1.924220e+00   4.303799e-01   1.008080e-01
  1.926960e+00   3.665705e-01   9.232415e-02
  1.929690e+00   4.540478e-01   9.893041e-02
  1.932430e+00   4.211267e-01   1.015886e-01
  1.935160e+00   3.205186e-01   1.002865e-01
  1.937900e+00   3.913399e-01   9.989685e-02
  1.940630e+00   3.169260e-01   1.045534e-01
  1.943370e+00   4.951088e-01   1.009003e-01
  1.946110e+00   3.878266e-01   9.854383e-02
  1.948840e+00   2.971974e-01   1.004801e-01
  1.951580e+00   3.832704e-01   1.002026e-01
  1.954310e+00   3.941218e-01   1.005065e-01
  1.957050e+00   4.057397e-01   9.903203e-02
  1.959780e+00   3.098436e-01   9.820667e-02
  1.962520e+00   4.118969e-01   9.923898e-02
  1.965250e+00   4.437135e-01   9.975670e-02
  1.967990e+00   2.726769e-01   9.936080e-02
  1.970720e+00   4.121819e-01   1.016992e-01
  1.973460e+00   4.568825e-01   9.946490e-02
  1.976190e+00   3.417952e-01   1.010438e-01
  1.978930e+00   3.641499e-01   9.772097e-02
  1.981660e+00   2.309640e-01   9.719735e-02
  1.984400e+00   3.617530e-01   9.951183e-02
  1.987130e+00   4.408405e-01   1.006703e-01
  1.989870e+00   2.658059e-01   9.663614e-02
  1.992600e+00   2.703294e-01   9.802084e-02
  1.995340e+00   1.622105e-01   9.588878e-02
  1.998070e+00   4.222781e-01   9.960692e-02
  2.000810e+00   3.063274e-01   9.726602e-02
  2.003540e+00   2.856766e-01   1.007213e-01
  2.006280e+00   2.784796e-01   9.870387e-02
  2.009010e+00   4.391279e-01   9.979834e-02
  2.011750e+00   2.723370e-01   9.784465e-02
  2.014480e+00   3.413282e-01   9.971258e-02
  2.017220e+00   3.599993e-01   9.751059e-02
  2.019950e+00   2.750417e-01   1.006498e-01
  2.022690e+00   3.271839e-01   9.834589e-02
  2.025420e+00   3.977027e-01   9.784682e-02
  2.028160e+00   3.830383e-01   9.916845e-02
  2.030890e+00   3.484547e-01   9.842918e-02
  2.033630e+00   2.616255e-01   9.849133e-02
  2.036360e+00   5.492066e-01   9.786919e-02
  2.039100e+00   2.760253e-01   9.692078e-02
  2.041830e+00   2.918208e-01   9.608206e-02
  2.044570e+00   3.928323e-01   9.964296e-02
  2.047300e+00   2.163821e-01   9.635025e-02
  2.050040e+00   1.892118e-01   9.939094e-02
  2.052770e+00   3.400004e-01   9.888660e-02
  2.055510e+00   4.400122e-01   9.982756e-02
  2.058240e+00   2.491503e-01   9.947174e-02
  2.060980e+00   4.201426e-01   9.677691e-02
  2.063710e+00   2.828093e-01   9.776510e-02
  2.066450e+00   2.576375e-01   9.970077e-02
  2.069180e+00   3.174135e-01   1.015715e-01
  2.071920e+00   2.980288e-01   9.934993e-02
  2.074650e+00   1.890684e-01   9.615384e-02
  2.077390e+00   3.701221e-01   9.674707e-02
  2.080120e+00   2.229669e-01   9.710630e-02
  2.082860e+00   4.612124e-01   9.692203e-02
  2.085590e+00   2.285549e-01   9.590742e-02
  2.088330e+00   3.750278e-01   9.859667e-02
  2.091060e+00   4.108658e-01   9.684434e-02
  2.093800e+00   4.273748e-01   9.872655e-02
  2.096530e+00   2.359502e-01   9.569393e-02
  2.099270e+00   3.795898e-01   9.715384e-02
  2.102000e+00   2.201395e-01   9.714203e-02
  2.104740e+00   2.735331e-01   9.866378e-02
  2.107480e+00   2.744949e-01   9.694037e-02
  2.110210e+00   2.438419e-01   9.723433e-02
  2.112950e+00   2.915755e-01   9.506870e-02
  2.115680e+00   3.421802e-01   9.912898e-02
  2.118420e+00   3.555429e-01   9.898075e-02
  2.121150e+00   1.460712e-01   9.645186e-02
  2.123890e+00   2.788677e-01   9.635459e-02
  2.126620e+00   3.090357e-01   9.748635e-02
  2.129360e+00   1.301172e-01   9.285677e-02
  2.132090e+00   3.655982e-01   1.000942e-01
  2.134830e+00   3.935460e-01   9.914390e-02
  2.137560e+00   2.472075e-01   1.002564e-01
  2.140300e+00   3.057780e-01   9.764421e-02
  2.143030e+00   2.480734e-01   9.785396e-02
  2.145770e+00   2.421596e-01   9.830300e-02
  2.148500e+00   2.573854e-01   9.722315e-02
  2.151240e+00   3.220902e-01   9.599536e-02
  2.153970e+00   3.351124e-01   9.499630e-02
  2.156710e+00   2.242726e-01   9.539345e-02
  2.159440e+00   2.085857e-01   9.553763e-02
  2.162180e+00   2.882297e-01   9.499507e-02
  2.164910e+00   2.787271e-01   9.407648e-02
  2.167650e+00   3.726659e-01   9.942947e-02
  2.170380e+00   2.665501e-01   9.705099e-02
  2.173120e+00   3.334790e-01   9.820667e-02
  2.175850e+00   2.340679e-01   9.664141e-02
  2.178590e+00   3.398741e-01   9.701308e-02
  2.181320e+00   2.338536e-01   9.491769e-02
  2.184060e+00   2.316244e-01   9.392359e-02
  2.186790e+00   2.979054e-01   9.827627e-02
  2.189530e+00   2.197646e-01   9.718368e-02
  2.192260e+00   1.240106e-01   9.594006e-02
  2.195000e+00   2.976704e-01   9.443353e-02
  2.197730e+00   3.235649e-01   9.518337e-02
  2.200470e+00   3.578019e-01   9.710009e-02
  2.203200e+00   3.422388e-01   9.558144e-02
  2.205940e+00   2.374530e-01   9.632912e-02
  2.208670e+00   2.167020e-01   9.504541e-02
  2.211410e+00   3.308265e-01   9.857616e-02
  2.214140e+00   2.429225e-01   9.366814e-02
  2.216880e+00   2.829979e-01   9.670885e-02
  2.219610e+00   3.209211e-01   9.560445e-02
  2.222350e+00   2.650318e-01   9.837355e-02
  2.225080e+00   2.513564e-01   9.530798e-02
  2.227820e+00   1.914381e-01   9.531918e-02
  2.230550e+00   1.415204e-01   9.415075e-02
  2.233290e+00   2.110060e-01   9.774614e-02
  2.236020e+00   2.469772e-01   9.658579e-02
  2.238760e+00   1.131473e-01   9.468088e-02
  2.241490e+00   2.182568e-01   9.526758e-02
  2.244230e+00   2.105539e-01   9.452831e-02
  2.246960e+00   1.825532e-01   9.564110e-02
  2.249700e+00   2.159578e-01   9.566907e-02
  2.252430e+00   1.273153e-01   9.600376e-02
  2.255170e+00   2.380884e-01   9.483875e-02
  2.257900e+00   1.721942e-01   9.648573e-02
  2.260640e+00   3.002231e-01   9.576604e-02
  2.263380e+00   2.053133e-01   9.730270e-02
  2.266110e+00   1.426206e-01   9.375610e-02
  2.268850e+00   3.025115e-01   9.615758e-02
  2.271580e+00   3.872862e-01   9.610351e-02
  2.274320e+00   2.628590e-01   9.424894e-02
  2.277050e+00   2.052943e-01   9.493477e-02
  2.279790e+00   2.339104e-01   9.528001e-02
  2.282520e+00   7.827474e-02   9.429370e-02
  2.285260e+00   1.546239e-01   9.389997e-02
  2.287990e+00   2.336128e-01   9.612682e-02
  2.290730e+00   2.390155e-01   9.657741e-02
  2.293460e+00   2.015562e-01   9.292203e-02
  2.296200e+00   2.789039e-01   9.749847e-02
  2.298930e+00   2.848949e-01   9.186517e-02
  2.301670e+00   1.812898e-01   9.401308e-02
  2.304400e+00   2.287640e-01   9.585552e-02
  2.307140e+00   1.189395e-01   9.629057e-02
  2.309870e+00   3.019240e-01   9.643352e-02
  2.312610e+00   6.422123e-02   9.666722e-02
  2.315340e+00   2.316925e-01   9.450501e-02
  2.318080e+00   1.370289e-01   9.260725e-02
  2.320810e+00   1.778033e-01   9.621694e-02
  2.323550e+00   2.219252e-01   9.711501e-02
  2.326280e+00   2.745804e-01   9.427971e-02
  2.329020e+00   2.417201e-01   9.546585e-02
  2.331750e+00   1.569546e-01   9.398916e-02
  2.334490e+00   3.719844e-01   9.631482e-02
  2.337220e+00   1.521961e-01   9.259451e-02
  2.339960e+00   1.020195e-01   9.824024e-02
  2.342690e+00   2.772441e-01   9.515479e-02
  2.345430e+00   2.176284e-01   9.327071e-02
  2.348160e+00   2.746274e-01   9.479991e-02
  2.350900e+00   5.216171e-02   9.566442e-02
  2.353630e+00   1.835736e-01   9.614421e-02
  2.356370e+00   1.892277e-01   9.375982e-02
  2.359100e+00   8.697604e-02   9.514267e-02
  2.361840e+00   2.566881e-01   9.479773e-02
  2.364570e+00   2.609931e-01   9.550686e-02
  2.367310e+00   2.617005e-01   9.499817e-02
  2.370040e+00   2.341345e-01   9.283255e-02
  2.372780e+00   2.528117e-01   9.498108e-02
  2.375510e+00   2.186935e-01   9.612931e-02
  2.378250e+00   2.689744e-01   9.444006e-02
  2.380980e+00   1.202875e-01   9.628094e-02
  2.383720e+00   2.132765e-01   9.586205e-02
  2.386450e+00   2.121877e-01   9.555658e-02
  2.389190e+00   1.246868e-01   9.460227e-02
  2.391920e+00   2.507175e-01   9.477038e-02
  2.394660e+00   1.206230e-01   9.608175e-02
  2.397390e+00   2.023749e-01   9.257773e-02
  2.400130e+00   1.959526e-01   9.307152e-02
  2.402860e+00   2.360541e-01   9.318804e-02
  2.405600e+00   2.394723e-01   9.345529e-02
  2.408330e+00   2.186736e-01   9.341427e-02
  2.411070e+00   1.626821e-01   9.120110e-02
  2.413800e+00   1.912972e-01   9.123683e-02
  2.416540e+00   2.216564e-01   9.600532e-02
  2.419270e+00   1.652820e-01   9.371788e-02
  2.422010e+00   3.129809e-01   9.570078e-02
  2.424750e+00   1.862393e-01   9.366598e-02
  2.427480e+00   1.064543e-01   9.507243e-02
  2.430220e+00   2.525853e-01   9.606747e-02
  2.432950e+00   1.170295e-01   9.534031e-02
  2.435690e+00   1.626649e-01   9.210881e-02
  2.438420e+00   2.682926e-01   9.394099e-02
  2.441160e+00   1.692715e-01   9.495714e-02
  2.443890e+00   2.814466e-01   9.335616e-02
  2.446630e+00   2.145708e-01   9.351029e-02
  2.449360e+00   1.836639e-01   9.348138e-02
  2.452100e+00   2.163118e-01   9.513211e-02
  2.454830e+00   1.826783e-01   9.544191e-02
  2.457570e+00   1.255581e-01   9.484031e-02
  2.460300e+00   2.886240e-01   9.567747e-02
  2.463040e+00   2.584072e-01   9.579432e-02
  2.465770e+00   2.832388e-01   9.244069e-02
  2.468510e+00   1.642981e-01   9.447611e-02
  2.471240e+00   1.322639e-01   9.413490e-02
  2.473980e+00   1.234974e-01   9.571756e-02
  2.476710e+00   2.825779e-01   9.229837e-02
  2.479450e+00   1.022795e-01   9.261004e-02
  2.482180e+00   1.274692e-01   9.392328e-02
  2.484920e+00   1.483784e-01   9.181328e-02
  2.487650e+00   1.628811e-01   9.172689e-02
  2.490390e+00   1.929600e-01   9.180738e-02
  2.493120e+00   2.253733e-01   9.445870e-02
  2.495860e+00   1.221461e-01   9.383844e-02
  2.498590e+00   1.530650e-01   9.306063e-02
  2.501330e+00   2.145463e-01   9.079837e-02
  2.504060e+00   1.512138e-01   9.219395e-02
  2.506800e+00   2.335808e-01   9.300221e-02
  2.509530e+00   2.250113e-01   9.602738e-02
  2.512270e+00   2.201151e-01   9.223591e-02
  2.515000e+00   1.558189e-01   9.236579e-02
  2.517740e+00   1.389548e-01   9.009172e-02
  2.520470e+00   9.095848e-02   9.413459e-02
  2.523210e+00   1.942908e-01   9.396803e-02
  2.525940e+00   3.220814e-01   9.356839e-02
  2.528680e+00   2.626508e-01   9.169053e-02
  2.531410e+00   2.880646e-01   9.483284e-02
  2.534150e+00   1.060372e-01   9.199010e-02
  2.536880e+00   1.505434e-01   9.231049e-02
  2.539620e+00   1.961176e-01   9.260476e-02
  2.542350e+00   3.240701e-01   9.727504e-02
  2.545090e+00   2.287303e-01   9.601184e-02
  2.547820e+00   4.848273e-02   9.337729e-02
  2.550560e+00   2.207343e-01   9.124554e-02
  2.553290e+00   7.572789e-02   9.189097e-02
  2.556030e+00   2.663119e-01   9.237418e-02
  2.558760e+00   1.742318e-01   9.474583e-02
  2.561500e+00   1.037961e-01   9.225797e-02
  2.564230e+00   1.983056e-01   9.232602e-02
  2.566970e+00   1.018351e-01   9.194006e-02
  2.569700e+00   1.671549e-01   9.171539e-02
  2.572440e+00   1.161670e-01   9.523060e-02
  2.575170e+00   2.311943e-01   9.497920e-02
  2.577910e+00   2.119405e-01   9.737230e-02
  2.580650e+00   1.888702e-01   9.445062e-02
  2.583380e+00   2.826145e-01   1.053260e-01
  2.586120e+00   2.777259e-01   1.112495e-01
  2.588850e+00   2.725303e-01   1.112023e-01
  2.591590e+00   9.682884e-02   1.201084e-01
  2.594320e+00   2.666305e-01   1.257886e-01
  2.597060e+00   4.053697e-01   1.347336e-01
  2.599790e+00   2.586148e-01   1.312628e-01
  2.602530e+00   2.845995e-01   1.336730e-01
  2.605260e+00   2.620550e-01   1.329729e-01
  2.608000e+00   3.130485e-01   1.430571e-01
  2.610730e+00   1.393522e-01   1.423619e-01
  2.613470e+00   1.530479e-01   1.484184e-01
  2.616200e+00   1.329986e-02   1.239142e-01
  2.618940e+00   2.047361e-01   1.137952e-01
  2.621670e+00   6.062831e-02   1.087470e-01
  2.624410e+00   2.857336e-01   1.070158e-01
  2.627140e+00   1.169067e-01   1.065643e-01
  2.629880e+00   1.998595e-01   1.032116e-01
  2.632610e+00   1.963979e-01   1.004801e-01
  2.635350e+00   1.893111e-01   1.015087e-01
  2.638080e+00   7.659181e-02   9.990399e-02
  2.640820e+00   1.525552e-01   1.044254e-01
  2.643550e+00   1.287224e-01   1.024183e-01
  2.646290e+00   1.991770e-01   1.031402e-01
  2.649020e+00   1.865808e-01   1.037700e-01
  2.651760e+00   2.332245e-01   1.017331e-01
  2.654490e+00   1.830738e-01   1.012865e-01
  2.657230e+00   1.783429e-01   1.012017e-01
  2.659960e+00   1.356277e-01   1.003738e-01
  2.662700e+00   1.238417e-01   1.022713e-01
  2.665430e+00   1.585709e-01   1.015339e-01
  2.668170e+00   2.279616e-01   9.943041e-02
  2.670900e+00   1.495946e-01   1.016843e-01
  2.673640e+00   2.931756e-01   1.028235e-01
  2.676370e+00   1.771164e-01   1.015864e-01
  2.679110e+00   1.631775e-01   1.016607e-01
  2.681840e+00   1.388243e-01   9.909542e-02
  2.684580e+00   2.452372e-01   1.018956e-01
  2.687310e+00   2.189245e-01   1.013027e-01
  2.690050e+00   1.450528e-01   9.788536e-02
  2.692780e+00   5.916512e-02   1.014720e-01
  2.695520e+00   2.633217e-01   9.812991e-02
  2.698250e+00   1.723553e-01   9.733502e-02
  2.700990e+00   2.240710e-01   9.849287e-02
  2.703720e+00   1.969489e-01   9.973402e-02
  2.706460e+00   2.589697e-01   9.912526e-02
  2.709190e+00   9.359903e-02   9.661128e-02
  2.711930e+00   1.450179e-01   9.572004e-02
  2.714660e+00   2.124383e-01   9.810879e-02
  2.717400e+00   2.963808e-01   9.773713e-02
  2.720130e+00   1.649564e-01   9.749723e-02
  2.722870e+00   1.493425e-01   9.765820e-02
  2.725600e+00   1.297682e-01   9.596087e-02
  2.728340e+00   2.281502e-01   9.617839e-02
  2.731070e+00   2.342411e-01   9.272004e-02
  2.733810e+00   2.029774e-01   9.550563e-02
  2.736540e+00   6.967389e-02   9.334776e-02
  2.739280e+00   1.820083e-01   9.439686e-02
  2.742020e+00   1.694223e-01   9.136828e-02
  2.744750e+00   3.013365e-01   9.287108e-02
  2.747490e+00   1.841979e-01   9.321601e-02
  2.750220e+00   2.495567e-01   9.382819e-02
  2.752960e+00   1.177372e-01   9.246088e-02
  2.755690e+00   1.281281e-01   9.170763e-02
  2.758430e+00   2.084542e-01   9.339003e-02
  2.761160e+00   1.638873e-01   9.424770e-02
  2.763900e+00   2.632764e-02   9.232292e-02
  2.766630e+00   1.168647e-01   9.424770e-02
  2.769370e+00   1.680970e-01   9.502396e-02
  2.772100e+00   1.822898e-01   9.569549e-02
  2.774840e+00   1.189192e-01   9.579462e-02
  2.777570e+00  -1.382033e-03   9.205287e-02
  2.780310e+00   1.805244e-01   9.535926e-02
  2.783040e+00   2.012955e-01   9.446057e-02
  2.785780e+00   2.100957e-01   9.169022e-02
  2.788510e+00   1.403292e-01   9.388879e-02
  2.791250e+00   5.367866e-02   9.471973e-02
  2.793980e+00   1.552943e-01   9.186828e-02
  2.796720e+00   7.971473e-02   9.239624e-02
  2.799450e+00  -7.481402e-03   9.208611e-02
  2.802190e+00   4.744637e-02   9.453359e-02
  2.804920e+00   1.449571e-01   9.490495e-02
  2.807660e+00   1.492451e-01   9.588071e-02
  2.810390e+00   8.850387e-03   9.394938e-02
  2.813130e+00   8.460721e-02   9.371445e-02
  2.815860e+00   2.107375e-01   9.235990e-02
  2.818600e+00   1.811811e-01   9.307244e-02
  2.821330e+00   1.427915e-01   9.258611e-02
  2.824070e+00   1.404517e-01   9.294442e-02
  2.826800e+00   1.350472e-01   9.149817e-02
  2.829540e+00   1.366085e-01   9.422222e-02
  2.832270e+00   1.989407e-01   9.324118e-02
  2.835010e+00   2.722137e-01   9.426976e-02
  2.837740e+00   5.761116e-02   9.252738e-02
  2.840480e+00   5.462662e-02   9.485739e-02
  2.843210e+00   2.623957e-01   9.320358e-02
  2.845950e+00   9.431080e-02   9.452987e-02
  2.848680e+00   3.753568e-02   9.376386e-02
  2.851420e+00   3.061481e-01   9.422284e-02
  2.854150e+00   1.765741e-01   9.237978e-02
  2.856890e+00   1.388097e-01   9.342141e-02
  2.859620e+00   2.696403e-01   9.205660e-02
  2.862360e+00   1.375371e-01   9.415541e-02
  2.865090e+00   2.367980e-01   9.367965e-02
  2.867830e+00   6.874563e-02   9.447611e-02
  2.870560e+00   1.473908e-01   9.432135e-02
  2.873300e+00   7.037215e-02   9.106530e-02
  2.876030e+00   2.304050e-01   9.167530e-02
  2.878770e+00   1.741359e-01   9.339252e-02
  2.881500e+00   2.906400e-01   9.409792e-02
  2.884240e+00   1.330359e-01   9.229401e-02
  2.886970e+00   6.387989e-02   9.171695e-02
  2.889710e+00   2.710556e-01   9.594191e-02
  2.892440e+00   1.445268e-01   9.235119e-02
  2.895180e+00   1.668852e-01   9.133969e-02
  2.897920e+00   9.934278e-02   9.456094e-02
  2.900650e+00   2.045255e-01   9.556374e-02
  2.903390e+00   1.656649e-01   9.299879e-02
  2.906120e+00   1.192321e-01   9.207524e-02
  2.908860e+00   7.601401e-02   9.271135e-02
  2.911590e+00   5.510837e-02   9.162683e-02
  2.914330e+00   2.759637e-01   9.318804e-02
  2.917060e+00   1.904509e-01   9.106437e-02
  2.919800e+00   1.471658e-01   9.376200e-02
  2.922530e+00   1.603965e-01   9.336610e-02
  2.925270e+00   2.519049e-02   9.071788e-02
  2.928000e+00   1.352297e-01   9.418214e-02
  2.930740e+00   1.335826e-01   9.212093e-02
  2.933470e+00   7.799303e-02   9.049445e-02
  2.936210e+00   2.804652e-01   9.281638e-02
  2.938940e+00   1.459449e-01   9.517809e-02
  2.941680e+00   1.770477e-01   9.309792e-02
  2.944410e+00   1.966494e-01   9.349661e-02
  2.947150e+00   2.372804e-01   9.301278e-02
  2.949880e+00   7.572584e-02   9.106685e-02
  2.952620e+00   1.996647e-01   9.304571e-02
  2.955350e+00   1.491800e-01   9.461719e-02
  2.958090e+00   2.415195e-01   9.338785e-02
  2.960820e+00   1.834891e-01   9.394969e-02
  2.963560e+00   1.118670e-01   9.624085e-02
  2.966290e+00   2.296375e-01   9.164951e-02
  2.969030e+00   1.538414e-01   9.324895e-02
  2.971760e+00   1.302011e-01   9.157337e-02
  2.974500e+00   1.663694e-01   9.464857e-02
  2.977230e+00   2.744531e-01   9.316007e-02
  2.979970e+00   1.992500e-01   9.485274e-02
  2.982700e+00   1.442782e-01   9.604975e-02
  2.985440e+00   1.119599e-01   9.412993e-02
  2.988170e+00   1.791162e-01   9.090433e-02
  2.990910e+00   2.066087e-01   9.324865e-02
  2.993640e+00   7.790843e-02   9.192080e-02
  2.996380e+00   1.177210e-01   9.218308e-02
  2.999110e+00   6.792840e-02   9.308705e-02
  3.001850e+00   1.282063e-01   9.074895e-02
  3.004580e+00   1.292626e-01   9.105940e-02
  3.007320e+00   8.770897e-02   9.093323e-02
  3.010050e+00   8.449500e-02   9.520482e-02
  3.012790e+00   2.345936e-02   9.237077e-02
  3.015520e+00   8.092999e-02   9.328686e-02
  3.018260e+00   1.158554e-01   9.344784e-02
  3.020990e+00   2.161835e-01   9.469891e-02
  3.023730e+00   1.731705e-01   9.237916e-02
  3.026460e+00   1.450619e-01   9.164268e-02
  3.029200e+00   1.809232e-01   9.379493e-02
  3.031930e+00   2.491883e-01   9.152334e-02
  3.034670e+00   2.093737e-01   9.195032e-02
  3.037400e+00   3.301097e-01   9.325050e-02
  3.040140e+00   2.311758e-01   9.187418e-02
  3.042870e+00   1.422834e-01   9.558953e-02
  3.045610e+00   1.514176e-01   9.129059e-02
  3.048340e+00   2.674586e-01   9.254697e-02
  3.051080e+00   1.575951e-01   9.158115e-02
  3.053810e+00   1.410772e-01   9.204976e-02
  3.056550e+00   1.410909e-01   8.767034e-02
  3.059290e+00   1.373984e-01   8.825953e-02
  3.062020e+00   1.480624e-01   9.060290e-02
  3.064760e+00   1.561694e-01   9.438599e-02
  3.067490e+00   2.493998e-01   9.344162e-02
  3.070230e+00   8.665057e-02   9.433440e-02
  3.072960e+00   2.240924e-01   9.286920e-02
  3.075700e+00   1.393545e-01   9.031857e-02
  3.078430e+00   1.366632e-01   9.237077e-02
  3.081170e+00   8.056837e-02   9.245187e-02
  3.083900e+00   1.442638e-01   9.426044e-02
  3.086640e+00   1.931291e-01   9.215635e-02
  3.089370e+00   2.007284e-01   9.277661e-02
  3.092110e+00   2.728160e-02   8.970328e-02
  3.094840e+00   1.893299e-01   9.074492e-02
  3.097580e+00   1.619432e-01   9.235926e-02
  3.100310e+00   1.788047e-01   9.172348e-02
  3.103050e+00   1.373220e-01   9.157244e-02
  3.105780e+00   1.642089e-01   9.118929e-02
  3.108520e+00   6.368807e-02   9.376573e-02
  3.111250e+00   1.177407e-01   9.110135e-02
  3.113990e+00   1.124420e-01   9.279339e-02
  3.116720e+00   1.908268e-01   9.011317e-02
  3.119460e+00   1.797373e-01   9.227071e-02
  3.122190e+00   1.937778e-01   8.756252e-02
  3.124930e+00   2.499464e-01   8.874461e-02
  3.127660e+00   1.399902e-01   9.258984e-02
  3.130400e+00   1.833913e-01   9.259233e-02
  3.133130e+00   6.214820e-02   9.046337e-02
  3.135870e+00   2.680789e-01   9.214392e-02
  3.138600e+00   1.816073e-01   8.989750e-02
  3.141340e+00   1.379610e-01   9.227381e-02
  3.144070e+00   1.226275e-02   8.986798e-02
  3.146810e+00   2.461793e-01   9.233782e-02
  3.149540e+00   1.425515e-01   9.133162e-02
  3.152280e+00   7.490449e-02   9.121633e-02
  3.155010e+00   2.056671e-01   9.219954e-02
  3.157750e+00   1.367842e-01   9.124492e-02
  3.160480e+00   1.084701e-01   9.359513e-02
  3.163220e+00   2.667597e-01   9.128376e-02
  3.165950e+00   1.889271e-01   9.080892e-02
  3.168690e+00   2.142050e-01   9.002242e-02
  3.171420e+00   1.625141e-01   9.209792e-02
  3.174160e+00   2.755468e-01   9.155038e-02
  3.176890e+00   6.612240e-02   9.154324e-02
  3.179630e+00   1.028294e-01   9.124243e-02
  3.182360e+00   1.903406e-01   8.968711e-02
  3.185100e+00   1.864344e-01   9.029060e-02
  3.187830e+00   1.367405e-01   9.129898e-02
  3.190570e+00   1.611374e-01   9.046183e-02
  3.193300e+00   1.110105e-01   9.166474e-02
  3.196040e+00   1.152238e-01   8.995189e-02
  3.198770e+00   2.621921e-01   9.036922e-02
  3.201510e+00   1.782742e-01   9.299414e-02
  3.204240e+00   1.747536e-01   9.341116e-02
  3.206980e+00   1.182627e-01   9.138196e-02
  3.209710e+00   1.624026e-01   9.004480e-02
  3.212450e+00   1.985149e-01   8.980458e-02
  3.215190e+00   1.497667e-01   9.029557e-02
  3.217920e+00   2.361673e-01   9.137698e-02
  3.220660e+00   1.400490e-02   9.162434e-02
  3.223390e+00   1.148187e-01   9.114548e-02
  3.226130e+00   1.394019e-01   9.136860e-02
  3.228860e+00   2.000496e-01   8.846183e-02
  3.231600e+00   9.209266e-02   9.113801e-02
  3.234330e+00   1.814308e-01   9.071259e-02
  3.237070e+00   6.403380e-02   9.061968e-02
  3.239800e+00   1.138878e-01   8.976108e-02
  3.242540e+00   1.339316e-01   8.991552e-02
  3.245270e+00   4.665058e-02   8.965480e-02
  3.248010e+00   1.506758e-01   8.984125e-02
  3.250740e+00   4.455200e-02   9.106685e-02
  3.253480e+00   1.407845e-01   9.413583e-02
  3.256210e+00   9.842924e-02   9.051029e-02
  3.258950e+00   2.060498e-02   8.931390e-02
  3.261680e+00   1.582994e-01   9.059607e-02
  3.264420e+00   2.258788e-02   9.110757e-02
  3.267150e+00   1.731448e-01   9.265758e-02
  3.269890e+00   1.455037e-01   9.345436e-02
  3.272620e+00   1.228244e-01   9.290028e-02
  3.275360e+00   1.841110e-01   9.030178e-02
  3.278090e+00   2.494147e-01   8.919147e-02
  3.280830e+00   7.976995e-02   9.084965e-02
  3.283560e+00   1.675700e-01   9.142795e-02
  3.286300e+00   3.103460e-01   9.200128e-02
  3.289030e+00   1.565868e-01   9.088972e-02
  3.291770e+00   3.140120e-02   8.964982e-02
  3.294500e+00   1.623502e-01   9.311750e-02
  3.297240e+00   2.455850e-01   9.319798e-02
  3.299970e+00   1.581766e-01   8.864642e-02
  3.302710e+00   5.025613e-02   9.223404e-02
  3.305440e+00   2.297497e-01   9.202396e-02
  3.308180e+00   2.061908e-01   9.185336e-02
  3.310910e+00   1.480336e-01   9.165604e-02
  3.313650e+00   1.494118e-01   8.992236e-02
  3.316380e+00   1.746017e-01   9.288320e-02
  3.319120e+00   1.880509e-01   8.965449e-02
  3.321850e+00   1.448084e-01   9.188661e-02
  3.324590e+00   8.120554e-02   9.098730e-02
  3.327320e+00   5.756915e-02   9.027474e-02
  3.330060e+00   1.198125e-01   9.155598e-02
  3.332790e+00   2.664921e-01   9.198574e-02
  3.335530e+00   1.758859e-01   8.949072e-02
  3.338260e+00   1.354120e-01   8.965046e-02
  3.341000e+00   8.531633e-02   8.891894e-02
  3.343730e+00   2.332917e-01   9.240682e-02
  3.346470e+00   1.795685e-01   9.109514e-02
  3.349200e+00   9.603894e-02   9.024772e-02
  3.351940e+00   1.084301e-01   8.886705e-02
  3.354670e+00   1.290916e-01   9.222658e-02
  3.357410e+00   9.017679e-02   9.020825e-02
  3.360140e+00  -7.599168e-03   9.084870e-02
  3.362880e+00   9.875859e-02   8.881359e-02
  3.365610e+00   1.676129e-01   9.028439e-02
  3.368350e+00   9.579666e-02   8.953174e-02
  3.371080e+00   5.156069e-02   9.133658e-02
  3.373820e+00   1.253900e-01   8.985928e-02
  3.376560e+00   1.324869e-01   8.935835e-02
  3.379290e+00   1.678729e-01   8.993448e-02
  3.382030e+00   1.451994e-01   9.342763e-02
  3.384760e+00   8.354999e-02   9.063554e-02
  3.387500e+00   1.997003e-01   9.176729e-02
  3.390230e+00   9.589592e-02   8.970110e-02
  3.392970e+00   1.949036e-01   9.298761e-02
  3.395700e+00   5.455728e-02   8.985181e-02
  3.398440e+00   1.131123e-01   9.212124e-02
  3.401170e+00   6.858701e-02   9.077196e-02
  3.403910e+00   1.179201e-01   9.221072e-02
  3.406640e+00   2.248816e-01   9.217779e-02
  3.409380e+00   2.378743e-01   8.849632e-02
  3.412110e+00   1.052896e-01   9.268401e-02
  3.414850e+00   6.657214e-02   9.081919e-02
  3.417580e+00   1.126749e-01   9.139688e-02
  3.420320e+00   1.654211e-01   9.138103e-02
  3.423050e+00   1.493199e-01   9.051962e-02
  3.425790e+00   1.535488e-01   9.001527e-02
  3.428520e+00   6.785321e-02   9.133784e-02
  3.431260e+00   1.188816e-01   9.149010e-02
  3.433990e+00   9.279063e-02   9.212155e-02
  3.436730e+00   6.973177e-02   8.988134e-02
  3.439460e+00   2.530279e-02   8.738663e-02
  3.442200e+00   6.813991e-02   8.932043e-02
  3.444930e+00   1.651941e-01   9.106406e-02
  3.447670e+00   2.847787e-01   9.186859e-02
  3.450400e+00   1.756133e-01   8.795903e-02
  3.453140e+00   1.098674e-01   9.089842e-02
  3.455870e+00   1.240044e-01   9.224243e-02
  3.458610e+00   1.636848e-01   9.290153e-02
  3.461340e+00   1.129093e-01   9.047891e-02
  3.464080e+00   1.405063e-01   9.406592e-02
  3.466810e+00   7.990742e-02   9.128283e-02
  3.469550e+00   7.640852e-02   9.168524e-02
  3.472280e+00   2.610002e-01   9.087202e-02
  3.475020e+00  -2.957933e-03   8.913865e-02
  3.477750e+00   1.375201e-01   9.082446e-02
  3.480490e+00   4.999527e-02   9.078159e-02
  3.483220e+00   1.305466e-01   9.146524e-02
  3.485960e+00   4.919392e-02   9.030676e-02
  3.488690e+00   7.977230e-02   9.064423e-02
  3.491430e+00   1.356594e-01   9.227040e-02
  3.494160e+00   2.094508e-01   9.046773e-02
  3.496900e+00   1.031202e-01   8.905972e-02
  3.499630e+00   1.423315e-01   9.021944e-02
  3.502370e+00   9.898064e-02   8.952957e-02
  3.505100e+00   1.919258e-01   9.083627e-02
  3.507840e+00   6.375005e-02   8.839408e-02
  3.510570e+00   8.115324e-02   9.357959e-02
  3.513310e+00   1.251218e-01   9.176015e-02
  3.516040e+00   2.154942e-01   9.248574e-02
  3.518780e+00   7.064124e-02   8.986113e-02
  3.521510e+00   1.003504e-01   8.969302e-02
  3.524250e+00   1.984675e-01   9.041801e-02
  3.526980e+00   2.013092e-01   8.892267e-02
  3.529720e+00   1.419893e-02   9.073031e-02
  3.532450e+00   1.407669e-01   9.155100e-02
  3.535190e+00   8.751156e-02   9.252801e-02
  3.537930e+00   3.110039e-01   9.008487e-02
  3.540660e+00   4.153749e-02   9.100937e-02
  3.543400e+00   1.143669e-01   9.008985e-02
  3.546130e+00   8.506634e-02   9.222130e-02
  3.548870e+00   1.179484e-01   8.943728e-02
  3.551600e+00   1.858107e-01   9.088910e-02
  3.554340e+00   1.836642e-01   9.247021e-02
  3.557070e+00   1.282456e-01   9.114828e-02
  3.559810e+00   7.117439e-02   8.917686e-02
  3.562540e+00   6.114473e-02   8.832137e-02
  3.565280e+00   1.809118e-01   8.942174e-02
  3.568010e+00   1.312117e-01   9.234000e-02
  3.570750e+00   1.756783e-01   9.243415e-02
  3.573480e+00   1.081940e-01   9.016009e-02
  3.576220e+00   1.244497e-01   8.960166e-02
  3.578950e+00   1.890475e-01   9.055007e-02
  3.581690e+00   9.882788e-02   8.962031e-02
  3.584420e+00   2.515089e-01   8.951247e-02
  3.587160e+00   1.435429e-01   9.049694e-02
  3.589890e+00   3.531635e-01   9.004573e-02
  3.592630e+00   1.547891e-01   8.869956e-02
  3.595360e+00   2.373076e-01   8.908985e-02
  3.598100e+00   1.188378e-01   9.026947e-02
  3.600830e+00   9.533573e-02   9.203826e-02
  3.603570e+00   2.475949e-01   9.341831e-02
  3.606300e+00   1.340497e-01   8.913274e-02
  3.609040e+00   1.508920e-01   8.892392e-02
  3.611770e+00   2.073617e-01   8.941429e-02
  3.614510e+00   1.467222e-01   8.985679e-02
  3.617240e+00   1.357860e-01   9.142515e-02
  3.619980e+00   1.256045e-01   9.127879e-02
  3.622710e+00   1.158557e-01   9.030551e-02
  3.625450e+00   1.102769e-01   9.091707e-02
  3.628180e+00   9.587418e-02   8.714113e-02
  3.630920e+00   1.411758e-01   8.719614e-02
  3.633650e+00   2.092949e-01   9.213180e-02
  3.636390e+00   8.885578e-02   8.890745e-02
  3.639120e+00   2.485182e-01   9.250501e-02
  3.641860e+00   8.531986e-02   9.064951e-02
  3.644590e+00   2.060536e-01   8.918339e-02
  3.647330e+00   6.456756e-02   8.802677e-02
  3.650060e+00   1.003246e-01   8.945281e-02
  3.652800e+00   1.058477e-01   9.032448e-02
  3.655530e+00   3.918364e-02   9.002801e-02
  3.658270e+00   1.989883e-01   8.945094e-02
  3.661000e+00   4.755212e-02   9.183720e-02
  3.663740e+00   1.340505e-01   9.103888e-02
  3.666470e+00   4.371569e-02   8.976947e-02
  3.669210e+00   8.102340e-02   8.891521e-02
  3.671940e+00   1.330844e-01   8.890900e-02
  3.674680e+00   1.566503e-01   9.088725e-02
  3.677410e+00   9.909578e-02   8.932417e-02
  3.680150e+00   1.381558e-01   9.101962e-02
  3.682880e+00   1.552288e-01   9.247518e-02
  3.685620e+00   1.325054e-01   8.956686e-02
  3.688350e+00   3.079077e-02   9.006686e-02
  3.691090e+00   1.601568e-01   8.926574e-02
  3.693830e+00   1.020389e-01   9.116878e-02
  3.696560e+00   1.480627e-01   8.867811e-02
  3.699300e+00   4.122876e-02   8.947333e-02
  3.702030e+00   6.818310e-02   9.039346e-02
  3.704770e+00   1.078065e-01   8.952647e-02
  3.707500e+00   1.559654e-01   9.039377e-02
  3.710240e+00   1.777571e-01   9.200066e-02
  3.712970e+00   5.708034e-02   9.061409e-02
  3.715710e+00   2.032189e-01   9.041303e-02
  3.718440e+00   2.358664e-01   9.018898e-02
  3.721180e+00   1.419017e-01   9.296586e-02
  3.723910e+00   2.088278e-01   8.939875e-02
  3.726650e+00   7.740493e-02   8.929153e-02
  3.729380e+00   2.628484e-01   8.993168e-02
  3.732120e+00   1.354271e-01   9.156468e-02
  3.734850e+00   2.178169e-01   9.044909e-02
  3.737590e+00   1.142494e-01   9.249351e-02
  3.740320e+00   1.555622e-01   8.987264e-02
  3.743060e+00   5.480757e-02   9.271601e-02
  3.745790e+00   1.556122e-01   8.957991e-02
  3.748530e+00   8.543883e-02   9.004448e-02
  3.751260e+00   2.595701e-01   9.060072e-02
  3.754000e+00   2.089382e-01   9.119209e-02
  3.756730e+00   2.075628e-01   8.947177e-02
  3.759470e+00   1.425980e-01   9.094411e-02
  3.762200e+00  -5.113386e-02   9.122037e-02
  3.764940e+00   1.083773e-01   9.174677e-02
  3.767670e+00   7.167496e-02   8.913243e-02
  3.770410e+00   1.816523e-01   9.253297e-02
  3.773140e+00   1.772483e-01   8.841490e-02
  3.775880e+00   1.201562e-01   9.004231e-02
  3.778610e+00   1.726279e-01   9.288785e-02
  3.781350e+00   1.175227e-01   8.928221e-02
  3.784080e+00   1.351045e-01   8.903423e-02
  3.786820e+00   1.806504e-01   9.109730e-02
  3.789550e+00   2.565932e-01   9.263056e-02
  3.792290e+00   1.763436e-01   8.738788e-02
  3.795020e+00   2.033140e-01   9.118588e-02
  3.797760e+00   1.255217e-01   9.183224e-02
  3.800490e+00   1.729985e-01   8.962591e-02
  3.803230e+00   1.583259e-01   8.733442e-02
  3.805960e+00   6.446416e-02   8.890589e-02
  3.808700e+00   1.117096e-01   9.138879e-02
  3.811430e+00  -9.741257e-03   8.977165e-02
  3.814170e+00   7.784615e-02   8.851404e-02
  3.816900e+00   7.785086e-02   8.933473e-02
  3.819640e+00   2.605988e-01   9.091832e-02
  3.822370e+00   9.087154e-02   8.895001e-02
  3.825110e+00   7.920712e-03   8.794256e-02
  3.827840e+00   1.618276e-01   9.170234e-02
  3.830580e+00   2.008310e-01   9.218897e-02
  3.833310e+00   1.561897e-01   8.946152e-02
  3.836050e+00   6.919184e-02   8.899197e-02
  3.838780e+00   1.566371e-01   8.985337e-02
  3.841520e+00  -1.302162e-02   9.059078e-02
  3.844250e+00   2.158200e-01   8.973031e-02
  3.846990e+00  -2.723452e-02   8.917127e-02
  3.849720e+00   1.136939e-01   8.719489e-02
  3.852460e+00   1.872959e-01   9.045530e-02
  3.855200e+00   4.627017e-02   8.822317e-02
  3.857930e+00   2.934224e-01   9.229277e-02
  3.860670e+00   1.168946e-01   8.989563e-02
  3.863400e+00   1.916760e-01   9.099538e-02
  3.866140e+00   9.649694e-02   8.844256e-02
  3.868870e+00   2.407742e-01   9.003610e-02
  3.871610e+00   7.514273e-02   9.186828e-02
  3.874340e+00   6.819749e-02   8.857619e-02
  3.877080e+00   2.236769e-01   9.032758e-02
  3.879810e+00   1.782392e-01   9.171074e-02
  3.882550e+00   1.016606e-01   9.003081e-02
  3.885280e+00   2.039509e-01   9.029962e-02
  3.888020e+00   1.018322e-01   9.406716e-02
  3.890750e+00   1.857286e-01   8.953174e-02
  3.893490e+00   6.562830e-02   9.285336e-02
  3.896220e+00   9.941217e-02   8.993571e-02
  3.898960e+00   6.259236e-02   9.184342e-02
  3.901690e+00   2.081043e-01   9.108426e-02
  3.904430e+00   3.908464e-02   8.805536e-02
  3.907160e+00   1.482750e-01   9.120327e-02
  3.909900e+00   2.912241e-01   9.033691e-02
  3.912630e+00   2.368279e-01   9.122627e-02
  3.915370e+00   1.922362e-01   9.028439e-02
  3.918100e+00   9.505460e-02   9.253485e-02
  3.920840e+00   1.449920e-01   8.958954e-02
  3.923570e+00   2.308586e-01   9.273247e-02
  3.926310e+00   7.269340e-02   9.112622e-02
  3.929040e+00   8.480109e-02   9.188786e-02
  3.931780e+00   1.981722e-01   9.294814e-02
  3.934510e+00   6.513715e-02   8.877040e-02
  3.937250e+00   6.688029e-02   1.037287e-01
  3.939980e+00   2.577650e-01   1.122638e-01
  3.942720e+00   3.413694e-02   1.160404e-01
  3.945450e+00   8.687235e-02   1.216420e-01
  3.948190e+00   7.975616e-02   1.336242e-01
  3.950920e+00   1.001679e-01   1.319434e-01
  3.953660e+00  -1.316443e-01   1.387460e-01
  3.956390e+00   4.901002e-01   1.414943e-01
  3.959130e+00  -4.068531e-02   1.418467e-01
  3.961860e+00   1.425125e-01   1.507644e-01
  3.964600e+00   2.867959e-01   1.255668e-01
  3.967330e+00   1.458556e-01   1.103890e-01
  3.970070e+00   1.425533e-01   1.043154e-01
  3.972800e+00   1.679334e-01   1.005131e-01
  3.975540e+00   9.480872e-02   9.811935e-02
  3.978270e+00   1.279087e-01   1.002318e-01
  3.981010e+00   1.118233e-02   9.966658e-02
  3.983740e+00   1.026819e-01   9.670015e-02
  3.986480e+00   9.875065e-02   9.926230e-02
  3.989210e+00   2.413035e-01   9.913644e-02
  3.991950e+00   1.037685e-01   1.000025e-01
  3.994680e+00   1.107936e-01   9.658424e-02
  3.997420e+00   1.530446e-01   9.778156e-02
  4.000150e+00   2.161759e-02   9.668492e-02
  4.002890e+00   1.516661e-01   9.470016e-02
  4.005620e+00  -1.313812e-02   9.571568e-02
  4.008360e+00   2.248354e-02   9.656218e-02
  4.011100e+00   1.017310e-01   9.486112e-02
  4.013830e+00   1.410004e-01   9.494813e-02
  4.016570e+00   8.276624e-03   9.462029e-02
  4.019300e+00   1.201248e-01   9.260881e-02
  4.022040e+00  -4.499000e-02   9.529370e-02
  4.024770e+00   1.816170e-01   9.496865e-02
  4.027510e+00   1.273200e-01   9.253205e-02
  4.030240e+00   8.053137e-02   9.408580e-02
  4.032980e+00   1.140502e-01   9.415293e-02
  4.035710e+00   1.684484e-01   9.292452e-02
  4.038450e+00   5.879029e-02   9.213490e-02
  4.041180e+00   2.692539e-02   9.226387e-02
  4.043920e+00   1.600446e-01   9.258146e-02
  4.046650e+00   8.509278e-02   8.928377e-02
  4.049390e+00   1.997270e-01   8.829247e-02
  4.052120e+00   1.845226e-01   8.800037e-02
  4.054860e+00   6.017006e-02   9.119954e-02
  4.057590e+00   1.995416e-01   8.902895e-02
  4.060330e+00   2.413391e-01   8.915542e-02
  4.063060e+00   2.155545e-01   9.131080e-02
  4.065800e+00   1.574117e-01   8.884467e-02
  4.068530e+00   1.343261e-01   8.847302e-02
  4.071270e+00   9.699720e-03   8.902895e-02
  4.074000e+00   1.614179e-01   9.063739e-02
  4.076740e+00  -1.772812e-02   8.699726e-02
  4.079470e+00   3.035984e-01   8.957742e-02
  4.082210e+00   2.432471e-01   9.115635e-02
  4.084940e+00   2.164819e-01   8.741429e-02
  4.087680e+00   1.461368e-01   8.956810e-02
  4.090410e+00   1.787359e-01   9.092205e-02
  4.093150e+00   3.511779e-02   9.015013e-02
  4.095880e+00   1.824050e-01   9.098295e-02
  4.098620e+00   5.305532e-02   9.136704e-02
  4.101350e+00   1.928708e-01   9.105162e-02
  4.104090e+00   6.220696e-02   8.913585e-02
  4.106820e+00   1.104279e-01   8.910788e-02
  4.109560e+00   2.217636e-01   8.886146e-02
  4.112290e+00   1.132979e-01   8.845189e-02
  4.115030e+00   6.966127e-02   8.883318e-02
  4.117760e+00   1.413905e-01   9.068649e-02
  4.120500e+00   1.896994e-01   8.990247e-02
  4.123230e+00   9.515971e-02   8.873094e-02
  4.125970e+00   1.017587e-01   9.209979e-02
  4.128700e+00  -1.542574e-02   9.054386e-02
  4.131440e+00   1.416183e-01   9.211471e-02
  4.134170e+00   1.322456e-01   9.054604e-02
  4.136910e+00   1.534186e-01   8.994784e-02
  4.139640e+00   1.499253e-01   9.019333e-02
  4.142380e+00   1.530893e-01   8.982571e-02
  4.145110e+00   1.300131e-01   9.085119e-02
  4.147850e+00  -5.044502e-02   9.077196e-02
  4.150580e+00   1.309335e-01   8.937420e-02
  4.153320e+00   1.071203e-01   9.044131e-02
  4.156050e+00   1.897240e-01   9.014951e-02
  4.158790e+00   9.987802e-02   9.072068e-02
  4.161520e+00   1.635215e-01   8.637483e-02
  4.164260e+00   1.257972e-02   9.056158e-02
  4.166990e+00   1.895652e-01   9.181919e-02
  4.169730e+00   5.388723e-02   9.148700e-02
  4.172470e+00   1.481169e-01   8.843666e-02
  4.175200e+00   7.632127e-02   8.983784e-02
  4.177940e+00   1.134113e-01   8.832510e-02
  4.180670e+00   1.285758e-01   9.160259e-02
  4.183410e+00   1.056524e-01   8.843479e-02
  4.186140e+00   6.183124e-02   9.014113e-02
  4.188880e+00   1.664223e-01   9.001714e-02
  4.191610e+00   8.770838e-02   8.991676e-02
  4.194350e+00   1.992373e-01   9.061689e-02
  4.197080e+00   1.416570e-01   9.086642e-02
  4.199820e+00   3.172931e-02   9.081172e-02
  4.202550e+00   1.445222e-01   8.964268e-02
  4.205290e+00  -3.971004e-02   9.141178e-02
  4.208020e+00   1.224041e-01   9.176480e-02
  4.210760e+00   1.402358e-01   9.211253e-02
  4.213490e+00   1.106071e-01   9.069022e-02
  4.216230e+00   5.591413e-02   8.838352e-02
  4.218960e+00   1.665964e-01   9.069675e-02
  4.221700e+00   2.329064e-01   8.974834e-02
  4.224430e+00   1.606298e-01   8.938476e-02
  4.227170e+00   1.883184e-02   9.227847e-02
  4.229900e+00   1.147091e-01   8.687948e-02
  4.232640e+00   1.952532e-01   9.127258e-02
  4.235370e+00   7.133744e-02   8.963056e-02
  4.238110e+00   9.212497e-02   8.837792e-02
  4.240840e+00   2.376504e-01   9.161502e-02
  4.243580e+00   6.432463e-02   9.301184e-02
  4.246310e+00   1.266082e-01   8.928003e-02
  4.249050e+00  -3.111155e-02   8.812156e-02
  4.251780e+00   1.288987e-01   9.022658e-02
  4.254520e+00   1.689348e-01   9.007960e-02
  4.257250e+00   1.557352e-01   8.943915e-02
  4.259990e+00   1.089874e-01   8.729807e-02
  4.262720e+00   6.320513e-02   8.870825e-02
  4.265460e+00   1.171658e-01   9.032323e-02
  4.268190e+00   1.750158e-01   8.885430e-02
  4.270930e+00   1.553695e-01   8.932789e-02
  4.273660e+00   2.222413e-01   9.149568e-02
  4.276400e+00   1.179140e-01   8.979122e-02
  4.279130e+00   3.384817e-02   8.941956e-02
  4.281870e+00   8.541474e-02   8.876823e-02
  4.284600e+00   1.723601e-01   8.903579e-02
  4.287340e+00   1.563905e-01   9.082135e-02
  4.290070e+00   2.014569e-01   8.934529e-02
  4.292810e+00   1.297118e-01   8.889097e-02
  4.295540e+00   6.924267e-02   8.688446e-02
  4.298280e+00   4.924386e-02   9.045965e-02
  4.301010e+00   1.133288e-01   8.945281e-02
  4.303750e+00   1.025577e-01   8.821758e-02
  4.306480e+00   8.196342e-02   8.939315e-02
  4.309220e+00   1.553928e-01   8.885524e-02
  4.311950e+00   1.345725e-01   8.649695e-02
  4.314690e+00   1.148137e-01   9.161533e-02
  4.317420e+00   9.279034e-02   8.648141e-02
  4.320160e+00   4.982344e-02   8.828252e-02
  4.322890e+00   1.121221e-01   9.082510e-02
  4.325630e+00   1.607884e-01   8.925891e-02
  4.328370e+00   9.857293e-02   9.095623e-02
  4.331100e+00   1.576443e-01   9.078034e-02
  4.333840e+00   9.119495e-02   8.840558e-02
  4.336570e+00   8.471384e-02   8.852801e-02
  4.339310e+00   1.802992e-01   8.918711e-02
  4.342040e+00   1.576780e-01   8.980147e-02
  4.344780e+00   1.859136e-01   8.984343e-02
  4.347510e+00   1.632670e-01   9.161657e-02
  4.350250e+00   1.066415e-01   8.955069e-02
  4.352980e+00   1.715302e-01   8.986457e-02
  4.355720e+00   2.257158e-01   8.685649e-02
  4.358450e+00   1.348712e-01   9.099694e-02
  4.361190e+00   1.081910e-01   8.697271e-02
  4.363920e+00   2.083583e-01   8.947333e-02
  4.366660e+00   6.279064e-02   8.961068e-02
  4.369390e+00   1.405648e-01   9.116163e-02
  4.372130e+00   1.918159e-01   9.019520e-02
  4.374860e+00   1.785149e-01   8.996586e-02
  4.377600e+00   1.128925e-01   8.921695e-02
  4.380330e+00   1.622904e-01   8.914299e-02
  4.383070e+00   3.229391e-02   8.833411e-02
  4.385800e+00   1.755290e-01   9.051651e-02
  4.388540e+00   2.203803e-01   8.897239e-02
  4.391270e+00   2.090988e-01   9.087202e-02
  4.394010e+00   1.273946e-01   9.012496e-02
  4.396740e+00   1.092265e-01   9.075642e-02
  4.399480e+00   2.863211e-02   8.900409e-02
  4.402210e+00   1.695401e-01   8.976325e-02
  4.404950e+00  -5.101314e-02   8.909047e-02
  4.407680e+00  -1.218110e-02   9.011813e-02
  4.410420e+00   1.190661e-01   8.863988e-02
  4.413150e+00   2.443847e-01   9.071074e-02
  4.415890e+00   1.030800e-01   9.046368e-02
  4.418620e+00   1.768493e-01   9.014050e-02
  4.421360e+00   1.454999e-01   8.991459e-02
  4.424090e+00   8.818602e-02   9.052398e-02
  4.426830e+00   7.781531e-02   8.753486e-02
  4.429560e+00   8.589827e-02   9.208611e-02
  4.432300e+00   7.217758e-02   9.078842e-02
  4.435030e+00   8.372389e-02   9.102490e-02
  4.437770e+00   8.939306e-02   8.948078e-02
  4.440500e+00   2.867624e-01   9.219985e-02
  4.443240e+00   1.549098e-01   8.899912e-02
  4.445970e+00   8.342309e-02   8.809296e-02
  4.448710e+00   4.799158e-02   8.882479e-02
  4.451440e+00   1.136778e-01   8.952677e-02
  4.454180e+00   1.425735e-01   8.914890e-02
  4.456910e+00   1.048202e-01   8.781328e-02
  4.459650e+00   1.358900e-01   8.852865e-02
  4.462380e+00   1.733804e-01   9.099943e-02
  4.465120e+00   1.238202e-01   8.831733e-02
  4.467850e+00   2.677714e-02   8.879900e-02
  4.470590e+00   2.005002e-01   9.298543e-02
  4.473320e+00   5.486808e-02   9.077196e-02
  4.476060e+00   1.933061e-01   8.948854e-02
  4.478790e+00   6.637563e-02   8.771012e-02
  4.481530e+00   2.316514e-01   8.854108e-02
  4.484260e+00  -2.749987e-03   8.845810e-02
  4.487000e+00   1.626155e-01   8.724741e-02
  4.489740e+00  -2.694808e-02   8.921074e-02
  4.492470e+00   1.709781e-01   9.137823e-02
  4.495210e+00   9.266167e-02   8.775891e-02
  4.497940e+00  -1.535917e-02   9.202396e-02
  4.500680e+00   1.746162e-01   8.996401e-02
  4.503410e+00   1.125118e-01   8.968837e-02
  4.506150e+00   8.879938e-02   8.814704e-02
  4.508880e+00   9.478963e-02   8.852056e-02
  4.511620e+00  -3.405027e-02   9.199910e-02
  4.514350e+00   1.317772e-01   8.830863e-02
  4.517090e+00   1.184510e-01   8.960601e-02
  4.519820e+00   1.041792e-01   8.927692e-02
  4.522560e+00   2.308450e-01   8.931174e-02
  4.525290e+00   1.310108e-01   9.027163e-02
  4.528030e+00   1.081325e-01   9.010757e-02
  4.530760e+00   4.566681e-03   8.903175e-02
  4.533500e+00   8.867542e-02   9.097518e-02
  4.536230e+00   2.001229e-02   8.885897e-02
  4.538970e+00   1.088135e-02   8.997549e-02
  4.541700e+00   1.024834e-01   8.768433e-02
  4.544440e+00   1.279474e-01   9.124430e-02
  4.547170e+00   1.654249e-01   8.973529e-02
  4.549910e+00   1.762924e-01   8.856437e-02
  4.552640e+00   1.118999e-01   8.846090e-02
  4.555380e+00   1.603403e-01   9.112404e-02
  4.558110e+00   1.798220e-01   9.194006e-02
  4.560850e+00   7.277888e-02   8.864175e-02
  4.563580e+00   1.494383e-01   9.155256e-02
  4.566320e+00   1.205475e-01   9.267779e-02
  4.569050e+00   7.012775e-02   9.029557e-02
  4.571790e+00   1.364317e-01   8.860353e-02
  4.574520e+00   9.439541e-03   9.311626e-02
  4.577260e+00   8.616617e-02   8.877725e-02
  4.579990e+00  -1.565871e-02   9.035088e-02
  4.582730e+00   1.057896e-01   8.758271e-02
  4.585460e+00   1.726849e-01   8.862156e-02
  4.588200e+00   1.503195e-01   8.859172e-02
  4.590930e+00   3.958344e-02   9.253236e-02
  4.593670e+00   1.096078e-01   9.085088e-02
  4.596400e+00  -7.852797e-02   8.996835e-02
  4.599140e+00   2.434524e-01   9.153267e-02
  4.601870e+00   2.099223e-01   8.987854e-02
  4.604610e+00   2.078484e-02   9.091738e-02
  4.607340e+00   1.646595e-01   9.043292e-02
  4.610080e+00   1.336055e-01   8.975175e-02
  4.612810e+00   1.219657e-01   9.039315e-02
  4.615550e+00  -1.416856e-02   8.978842e-02
  4.618280e+00   4.176222e-02   8.980396e-02
  4.621020e+00   5.951146e-02   8.817624e-02
  4.623750e+00   1.653902e-01   9.084965e-02
  4.626490e+00   1.471502e-01   8.853237e-02
  4.629220e+00   1.815224e-02   9.119892e-02
  4.631960e+00   1.074282e-01   8.788850e-02
  4.634690e+00   2.100812e-01   8.934934e-02
  4.637430e+00   1.866200e-01   8.934405e-02
  4.640160e+00   6.183153e-02   9.044224e-02
  4.642900e+00   1.179195e-01   9.110477e-02
  4.645640e+00   5.993270e-02   9.051931e-02
  4.648370e+00   1.254385e-01   8.970981e-02
  4.651110e+00   1.001180e-01   9.145996e-02
  4.653840e+00   9.386548e-02   8.848420e-02
  4.656580e+00   3.530402e-02   8.987761e-02
  4.659310e+00   1.794442e-01   8.927165e-02
  4.662050e+00   1.711999e-01   9.064050e-02
  4.664780e+00   1.237835e-01   9.203639e-02
  4.667520e+00   1.303269e-01   8.834747e-02
  4.670250e+00   1.343851e-01   9.251838e-02
  4.672990e+00   9.297686e-02   8.965853e-02
  4.675720e+00   1.242051e-01   9.020794e-02
  4.678460e+00   2.302816e-01   9.102614e-02
  4.681190e+00   9.007780e-02   9.088383e-02
  4.683930e+00   1.112584e-01   9.129680e-02
  4.686660e+00   1.950023e-01   8.932882e-02
  4.689400e+00   7.067237e-02   8.999414e-02
  4.692130e+00   2.020476e-01   9.263739e-02
  4.694870e+00   1.100472e-01   9.176760e-02
  4.697600e+00   1.217742e-01   9.069613e-02
  4.700340e+00   1.231736e-01   8.965635e-02
  4.703070e+00   9.809848e-02   8.981205e-02
  4.705810e+00   2.536744e-01   8.989439e-02
  4.708540e+00   4.167262e-02   9.190620e-02
  4.711280e+00   9.085860e-02   9.014206e-02
  4.714010e+00   6.205831e-02   9.195156e-02
  4.716750e+00   5.060334e-02   9.243882e-02
  4.719480e+00   1.319440e-01   8.995189e-02
  4.722220e+00   1.623785e-01   9.237822e-02
  4.724950e+00   1.581860e-01   9.212776e-02
  4.727690e+00   1.492480e-02   9.129557e-02
  4.730420e+00   9.941624e-02   8.804200e-02
  4.733160e+00   1.203894e-01   8.955536e-02
  4.735890e+00   2.259439e-01   9.174988e-02
  4.738630e+00   5.022117e-02   9.104635e-02
  4.741360e+00   1.033208e-01   9.301278e-02
  4.744100e+00   1.797937e-01   8.839439e-02
  4.746830e+00   2.727356e-02   9.075082e-02
  4.749570e+00   1.544861e-01   8.994038e-02
  4.752300e+00   1.342935e-01   9.042205e-02
  4.755040e+00  -2.972355e-03   8.950844e-02
  4.757770e+00   7.105454e-02   8.721944e-02
  4.760510e+00   8.836904e-02   8.949010e-02
  4.763240e+00   1.527456e-01   9.030365e-02
  4.765980e+00   1.128015e-01   8.949134e-02
  4.768710e+00   1.113979e-01   9.094753e-02
  4.771450e+00   1.283341e-01   9.149414e-02
  4.774180e+00   2.492749e-01   9.167314e-02
  4.776920e+00  -1.066779e-02   9.020794e-02
  4.779650e+00   1.691804e-01   9.167623e-02
  4.782390e+00   1.732812e-02   8.956468e-02
  4.785120e+00   6.752715e-02   9.006189e-02
  4.787860e+00   1.184534e-01   8.843231e-02
  4.790590e+00   2.496550e-01   9.242888e-02
  4.793330e+00   1.190802e-01   9.315946e-02
  4.796060e+00   1.504085e-01   9.061035e-02
  4.798800e+00   1.687705e-01   8.997644e-02
  4.801530e+00   1.056257e-01   9.083907e-02
  4.804270e+00  -5.170581e-03   9.288941e-02
  4.807010e+00   7.836874e-02   8.977134e-02
  4.809740e+00   2.306744e-01   9.157524e-02
  4.812480e+00   1.592230e-01   9.020825e-02
  4.815210e+00   1.093984e-01   9.192297e-02
  4.817950e+00   1.547323e-02   8.758209e-02
  4.820680e+00   2.700039e-01   8.955816e-02
  4.823420e+00   2.374883e-01   9.106189e-02
  4.826150e+00   1.849358e-01   9.045436e-02
  4.828890e+00   5.312759e-04   9.246710e-02
  4.831620e+00   8.871332e-02   9.137015e-02
  4.834360e+00   2.033772e-01   9.268401e-02
  4.837090e+00   1.786960e-01   9.111595e-02
  4.839830e+00   1.129956e-01   8.895965e-02
  4.842560e+00   9.982517e-02   8.933069e-02
  4.845300e+00   8.722721e-02   9.262900e-02
  4.848030e+00   9.074110e-02   9.118711e-02
  4.850770e+00   2.484633e-01   8.942515e-02
  4.853500e+00   1.926308e-01   9.095156e-02
  4.856240e+00   8.590179e-02   9.295125e-02
  4.858970e+00   1.599092e-01   9.225517e-02
  4.861710e+00   1.082806e-01   9.143975e-02
  4.864440e+00   1.470165e-01   9.026698e-02
  4.867180e+00   1.414560e-01   9.416007e-02
  4.869910e+00   6.624843e-02   8.938694e-02
  4.872650e+00   6.489921e-02   8.955443e-02
  4.875380e+00   2.130473e-02   8.997891e-02
  4.878120e+00   1.040998e-01   9.250688e-02
  4.880850e+00   1.093055e-01   9.293292e-02
  4.883590e+00   7.474997e-03   9.206965e-02
  4.886320e+00   1.783917e-01   9.185772e-02
  4.889060e+00   1.116612e-01   8.895127e-02
  4.891790e+00  -1.410358e-02   8.943013e-02
  4.894530e+00   1.392073e-01   9.229184e-02
  4.897260e+00   1.519516e-01   9.225330e-02
  4.900000e+00   8.686560e-02   8.904418e-02
  4.902730e+00   2.873071e-01   9.055785e-02
  4.905470e+00   3.590799e-02   9.079184e-02
  4.908200e+00   1.037403e-01   9.021508e-02
  4.910940e+00   9.358377e-02   9.256841e-02
  4.913670e+00   1.547706e-01   9.375920e-02
  4.916410e+00   6.164059e-02   9.201838e-02
  4.919140e+00   6.156010e-02   8.969365e-02
  4.921880e+00   9.637207e-02   9.162029e-02
  4.924610e+00   4.167086e-02   9.075144e-02
  4.927350e+00   9.086506e-02   9.247424e-02
  4.930080e+00   1.014746e-01   8.884839e-02
  4.932820e+00   8.539242e-02   9.198667e-02
  4.935550e+00   1.037154e-01   9.159202e-02
  4.938290e+00   1.974293e-02   9.303515e-02
  4.941020e+00   1.488780e-01   9.062124e-02
  4.943760e+00   8.059893e-02   9.268462e-02
  4.946490e+00   1.388117e-01   9.280831e-02
  4.949230e+00   1.581533e-01   9.226449e-02
  4.951960e+00   1.262596e-01   9.124461e-02
  4.954700e+00   5.834731e-02   9.550997e-02
  4.957430e+00   1.801107e-01   8.863523e-02
  4.960170e+00   3.173079e-02   8.894660e-02
  4.962900e+00   5.560129e-02   9.249289e-02
  4.965640e+00   2.670673e-01   9.296057e-02
  4.968380e+00   2.081508e-01   9.358829e-02
  4.971110e+00   7.926529e-02   9.079464e-02
  4.973850e+00   1.699294e-01   9.311875e-02
  4.976580e+00   1.994930e-01   9.231452e-02
  4.979320e+00   1.656324e-02   9.378034e-02
  4.982050e+00   5.373242e-03   9.256716e-02
  4.984790e+00   1.570275e-01   9.189314e-02
  4.987520e+00   1.499979e-01   9.181794e-02
  4.990260e+00   7.912340e-02   9.125610e-02
  4.992990e+00   1.934565e-01   8.988165e-02
  4.995730e+00   8.162031e-02   9.145561e-02
  4.998460e+00   1.100185e-01   9.213552e-02
  5.001200e+00   8.291078e-02   9.253703e-02
  5.003930e+00   1.366255e-01   8.874679e-02
  5.006670e+00   5.842957e-02   9.210103e-02
  5.009400e+00   8.195990e-02   9.312340e-02
  5.012140e+00   1.247711e-01   9.064672e-02
  5.014870e+00   8.830381e-02   9.241024e-02
  5.017610e+00   5.394039e-02   9.500096e-02
  5.020340e+00   8.370098e-02   9.482570e-02
  5.023080e+00   6.918509e-02   9.404323e-02
  5.025810e+00   1.607837e-01   9.161657e-02
  5.028550e+00   1.036931e-01   9.184280e-02
  5.031280e+00   1.033223e-01   9.084125e-02
  5.034020e+00   2.240771e-01   9.520513e-02
  5.036750e+00   1.752050e-01   9.233627e-02
  5.039490e+00   5.639824e-02   9.329773e-02
  5.042220e+00   1.247993e-01   9.107059e-02
  5.044960e+00   1.077638e-01   9.326760e-02
  5.047690e+00  -5.603193e-02   9.283409e-02
  5.050430e+00   1.875279e-01   8.885835e-02
  5.053160e+00   2.060236e-01   9.354633e-02
  5.055900e+00   2.443790e-01   9.189624e-02
  5.058630e+00  -6.133010e-02   9.182197e-02
  5.061370e+00   1.943910e-01   9.174056e-02
  5.064100e+00   1.614349e-01   9.409109e-02
  5.066840e+00   1.760400e-01   9.487449e-02
  5.069570e+00   9.337902e-02   9.118991e-02
  5.072310e+00   7.945946e-02   9.147518e-02
  5.075040e+00   1.418361e-01   9.168619e-02
  5.077780e+00   1.147541e-01   9.249848e-02
  5.080510e+00   1.851871e-01   9.183440e-02
  5.083250e+00   2.335180e-01   9.334093e-02
  5.085980e+00   1.679392e-01   9.237325e-02
  5.088720e+00   1.004103e-01   9.053143e-02
  5.091450e+00   2.570951e-02   9.349381e-02
  5.094190e+00   1.556285e-01   9.585459e-02
  5.096920e+00   1.813520e-01   9.358487e-02
  5.099660e+00   1.750387e-01   9.325423e-02
  5.102390e+00   4.338550e-02   9.386704e-02
  5.105130e+00   4.553579e-02   9.283566e-02
  5.107860e+00   1.774794e-01   9.472346e-02
  5.110600e+00   9.049728e-02   9.198264e-02
  5.113330e+00   2.016003e-01   9.248046e-02
  5.116070e+00   9.487074e-02   9.138568e-02
  5.118800e+00   9.946473e-02   9.149817e-02
  5.121540e+00   2.293888e-01   9.495839e-02
  5.124280e+00   1.802926e-01   9.650686e-02
  5.127010e+00   1.886587e-01   9.451993e-02
  5.129750e+00   9.736880e-02   9.144255e-02
  5.132480e+00   1.767196e-01   9.058985e-02
  5.135220e+00   1.763197e-01   9.074305e-02
  5.137950e+00   9.301211e-02   9.298387e-02
  5.140690e+00   1.253140e-01   9.069923e-02
  5.143420e+00   2.519495e-01   9.470854e-02
  5.146160e+00   7.227216e-02   9.347580e-02
  5.148890e+00   2.580111e-02   9.072006e-02
  5.151630e+00   1.160405e-01   9.394130e-02
  5.154360e+00   1.961482e-01   9.521010e-02
  5.157100e+00   1.218797e-01   9.450624e-02
  5.159830e+00   1.525060e-01   9.379059e-02
  5.162570e+00   1.137503e-01   9.426293e-02
  5.165300e+00   1.472343e-02   9.409325e-02
  5.168040e+00   9.634796e-02   9.620171e-02
  5.170770e+00   7.376237e-02   9.535739e-02
  5.173510e+00   2.343075e-02   9.483161e-02
  5.176240e+00   2.396970e-01   9.181950e-02
  5.178980e+00   1.605464e-01   9.382570e-02
  5.181710e+00  -4.295457e-03   9.391054e-02
  5.184450e+00   1.364702e-01   9.166505e-02
  5.187180e+00   2.387726e-01   9.239935e-02
  5.189920e+00   2.165239e-01   9.146741e-02
  5.192650e+00   1.998263e-01   9.273683e-02
  5.195390e+00   1.725888e-01   9.593881e-02
  5.198120e+00   3.542388e-02   9.264515e-02
  5.200860e+00   1.484771e-01   9.413739e-02
  5.203590e+00   2.577821e-01   9.240433e-02
  5.206330e+00   1.494627e-01   9.354913e-02
  5.209060e+00   2.215762e-01   9.329401e-02
  5.211800e+00   1.746178e-01   9.098171e-02
  5.214530e+00   7.874063e-02   9.160290e-02
  5.217270e+00   6.173870e-02   9.390898e-02
  5.220000e+00   1.359332e-01   9.341334e-02
  5.222740e+00   1.325982e-01   9.355224e-02
  5.225470e+00   1.691395e-01   9.370016e-02
  5.228210e+00   8.782559e-02   9.564701e-02
  5.230940e+00   8.725776e-02   9.316038e-02
  5.233680e+00   1.115997e-01   9.343695e-02
  5.236410e+00   3.322159e-02   9.673184e-02
  5.239150e+00   1.886371e-01   9.173807e-02
  5.241880e+00   1.686895e-01   9.223901e-02
  5.244620e+00   1.190353e-01   9.288102e-02
  5.247350e+00   2.514769e-01   9.662588e-02
  5.250090e+00   5.926177e-02   9.249786e-02
  5.252820e+00   2.063080e-01   9.489561e-02
  5.255560e+00   4.899621e-02   9.262651e-02
  5.258290e+00   9.202922e-02   9.568027e-02
  5.261030e+00   1.113110e-01   9.145685e-02
  5.263760e+00   1.350913e-01   9.492856e-02
  5.266500e+00   1.329272e-01   9.377598e-02
  5.269230e+00   9.547375e-02   9.053112e-02
  5.271970e+00   5.195344e-02   9.272253e-02
  5.274700e+00   2.448321e-01   9.376417e-02
  5.277440e+00   7.510102e-02   9.502645e-02
  5.280170e+00   1.586696e-01   9.517281e-02
  5.282910e+00   1.026943e-01   9.709231e-02
  5.285650e+00   1.496905e-01   9.354758e-02
  5.288380e+00   1.448525e-01   1.097557e-01
  5.291120e+00   2.133354e-01   1.184894e-01
  5.293850e+00   1.713976e-01   1.297551e-01
  5.296590e+00   1.288543e-01   1.386310e-01
  5.299320e+00  -5.023204e-02   1.388713e-01
  5.302060e+00  -9.005752e-02   1.347091e-01
  5.304790e+00   1.338596e-01   1.563938e-01
  5.307530e+00   1.158324e-01   1.629165e-01
  5.310260e+00   1.444500e-01   1.679510e-01
  5.313000e+00   3.700514e-01   1.276603e-01
  5.315730e+00   1.010152e-01   1.137999e-01
  5.318470e+00   5.825213e-02   1.094105e-01
  5.321200e+00   2.095191e-01   1.057815e-01
  5.323940e+00   5.263612e-02   1.069298e-01
  5.326670e+00   1.030506e-01   1.049798e-01
  5.329410e+00   8.803356e-02   1.038369e-01
  5.332140e+00   4.079605e-02   1.041600e-01
  5.334880e+00   1.259864e-02   1.013263e-01
  5.337610e+00   2.292509e-01   1.052641e-01
  5.340350e+00   2.795424e-01   1.045013e-01
  5.343080e+00   8.997088e-02   1.026535e-01
  5.345820e+00  -4.395509e-02   1.045345e-01
  5.348550e+00   1.301939e-01   1.062890e-01
  5.351290e+00   9.363165e-02   1.030730e-01
  5.354020e+00   1.546776e-01   1.018947e-01
  5.356760e+00   6.636593e-02   9.869268e-02
  5.359490e+00  -3.075464e-03   1.010184e-01
  5.362230e+00   2.187949e-01   9.633315e-02
  5.364960e+00   1.132853e-01   9.827037e-02
  5.367700e+00   1.672798e-01   9.607305e-02
  5.370430e+00   1.222304e-01   9.621196e-02
  5.373170e+00   1.570486e-01   9.306654e-02
  5.375900e+00   1.320824e-01   9.357990e-02
  5.378640e+00   5.178748e-02   9.461873e-02
  5.381370e+00   7.851297e-02   9.650717e-02
  5.384110e+00   9.488482e-02   9.353359e-02
  5.386840e+00   2.118985e-01   9.384591e-02
  5.389580e+00   7.566767e-02   9.192205e-02
  5.392310e+00   6.390632e-02   9.437200e-02
  5.395050e+00   7.656892e-02   9.716784e-02
  5.397780e+00   1.638918e-01   9.386113e-02
  5.400520e+00   5.498028e-02   9.297362e-02
  5.403250e+00   1.599987e-01   9.457741e-02
  5.405990e+00   1.034072e-01   9.202490e-02
  5.408720e+00   2.317327e-01   9.168308e-02
  5.411460e+00   4.125901e-02   9.353857e-02
  5.414190e+00   1.146610e-01   9.768150e-02
  5.416930e+00   1.026816e-01   9.408798e-02
  5.419660e+00   6.116765e-02   9.564454e-02
  5.422400e+00   9.831231e-02   9.369270e-02
  5.425130e+00   1.399423e-01   9.301589e-02
  5.427870e+00   1.059464e-01   9.532041e-02
  5.430600e+00   4.990098e-02   9.684527e-02
  5.433340e+00   1.256709e-03   9.400624e-02
  5.436070e+00   1.642649e-01   9.554043e-02
  5.438810e+00   2.449902e-01   9.557865e-02
  5.441550e+00   2.000193e-01   9.389624e-02
  5.444280e+00   2.216496e-01   9.559791e-02
  5.447020e+00   1.452449e-01   9.586920e-02
  5.449750e+00   1.017222e-01   9.411968e-02
  5.452490e+00   1.977647e-01   9.435585e-02
  5.455220e+00   1.366009e-01   9.503018e-02
  5.457960e+00   9.213378e-02   9.524303e-02
  5.460690e+00   2.120656e-01   9.542576e-02
  5.463430e+00   1.343190e-01   9.632973e-02
  5.466160e+00   1.309406e-01   9.387884e-02
  5.468900e+00   1.563216e-01   9.365604e-02
  5.471630e+00   2.248236e-01   9.446895e-02
  5.474370e+00   2.276413e-01   9.522439e-02
  5.477100e+00   1.885987e-01   9.593508e-02
  5.479840e+00   1.956631e-01   9.618928e-02
  5.482570e+00   1.383173e-01   9.836546e-02
  5.485310e+00   3.683448e-02   9.488909e-02
  5.488040e+00   1.828570e-01   9.420730e-02
  5.490780e+00   8.173958e-02   9.833253e-02
  5.493510e+00   1.535818e-01   9.405069e-02
  5.496250e+00   1.049336e-01   9.727598e-02
  5.498980e+00   7.043472e-02   9.485398e-02
  5.501720e+00   9.278682e-02   9.350470e-02
  5.504450e+00   1.189688e-01   9.329183e-02
  5.507190e+00   2.228764e-02   9.625826e-02
  5.509920e+00   1.052421e-01   9.606683e-02
  5.512660e+00   6.448208e-02   9.732632e-02
  5.515390e+00   2.202167e-01   9.938566e-02
  5.518130e+00  -3.766345e-02   9.639717e-02
  5.520860e+00   2.310894e-01   9.626168e-02
  5.523600e+00   1.559750e-01   9.649381e-02
  5.526330e+00   1.914328e-01   9.436982e-02
  5.529070e+00   2.662307e-01   1.101457e-01
  5.531800e+00   3.062450e-01   1.173489e-01
  5.534540e+00   3.059190e-02   1.255646e-01
  5.537270e+00   8.949028e-02   1.107567e-01
  5.540010e+00   2.548324e-01   1.032384e-01
  5.542740e+00   1.391994e-01   1.054537e-01
  5.545480e+00   4.441218e-02   9.681327e-02
  5.548210e+00   1.056580e-01   9.845340e-02
  5.550950e+00   1.753138e-01   9.925794e-02
  5.553680e+00   7.784998e-02   9.952985e-02
  5.556420e+00   1.805974e-01   9.877969e-02
  5.559150e+00   1.945709e-01   9.814670e-02
  5.561890e+00   1.355878e-01   9.899380e-02
  5.564620e+00   8.129660e-03   9.688816e-02
  5.567360e+00   1.722440e-01   1.005761e-01
  5.570090e+00   1.609003e-01   9.962028e-02
  5.572830e+00   1.222636e-01   9.922501e-02
  5.575560e+00   7.338107e-02   9.991177e-02
  5.578300e+00   1.526783e-01   9.529897e-02
  5.581030e+00   1.071405e-01   1.001756e-01
  5.583770e+00   2.456335e-01   9.869144e-02
  5.586500e+00   1.057238e-01   9.654944e-02
  5.589240e+00   9.034630e-02   9.788847e-02
  5.591970e+00   8.128866e-02   9.505907e-02
  5.594710e+00   3.787585e-02   9.423869e-02
  5.597440e+00   1.829040e-01   9.544222e-02
  5.600180e+00   1.383707e-01   9.329680e-02
  5.602920e+00   6.473177e-02   9.479090e-02
  5.605650e+00   5.034250e-02   9.762775e-02
  5.608390e+00   1.250942e-01   9.532135e-02
  5.611120e+00   1.171482e-01   9.665292e-02
  5.613860e+00   1.978673e-01   9.712929e-02
  5.616590e+00   1.324023e-01   9.446957e-02
  5.619330e+00   9.072024e-02   9.517716e-02
  5.622060e+00   1.181234e-01   9.469208e-02
  5.624800e+00  -1.846774e-02   9.241862e-02
  5.627530e+00   1.010851e-01   9.405504e-02
  5.630270e+00   2.166949e-01   9.435647e-02
  5.633000e+00   3.356234e-01   9.472719e-02
  5.635740e+00   1.033435e-01   9.593539e-02
  5.638470e+00   1.219890e-01   9.673651e-02
  5.641210e+00   1.612537e-01   9.761779e-02
  5.643940e+00   5.723544e-02   9.568337e-02
  5.646680e+00   1.453665e-01   9.615913e-02
  5.649410e+00   1.542508e-01   9.775888e-02
  5.652150e+00   1.336704e-01   9.634029e-02
  5.654880e+00   1.877406e-01   9.479370e-02
  5.657620e+00   2.010986e-01   9.523155e-02
  5.660350e+00  -2.914223e-02   9.410817e-02
  5.663090e+00   6.545529e-02   9.658331e-02
  5.665820e+00   1.694806e-01   9.840121e-02
  5.668560e+00   5.509310e-02   9.629586e-02
  5.671290e+00   1.496489e-01   9.388754e-02
  5.674030e+00   1.695049e-01   9.483720e-02
  5.676760e+00  -4.805796e-02   9.614857e-02
  5.679500e+00   2.892919e-02   9.617778e-02
  5.682230e+00   6.442714e-02   9.351620e-02
  5.684970e+00   1.800804e-01   9.578343e-02
  5.687700e+00   1.821229e-01   9.567809e-02
  5.690440e+00   6.937515e-02   9.500034e-02
  5.693170e+00   6.777390e-02   9.132292e-02
  5.695910e+00   1.476005e-01   9.652954e-02
  5.698640e+00   1.373811e-01   9.769424e-02
  5.701380e+00   1.857445e-01   9.618492e-02
  5.704110e+00   1.449632e-01   9.663738e-02
  5.706850e+00   2.073708e-01   9.709169e-02
  5.709580e+00   1.294773e-01   9.684745e-02
  5.712320e+00   2.499655e-02   9.713334e-02
  5.715050e+00   6.549730e-02   9.414485e-02
  5.717790e+00   1.903070e-01   9.679679e-02
  5.720520e+00   5.185093e-02   9.562713e-02
  5.723260e+00   2.498727e-01   9.673620e-02
  5.725990e+00   1.880725e-01   9.456374e-02
  5.728730e+00   1.060448e-01   9.599536e-02
  5.731460e+00   7.571848e-02   9.651680e-02
  5.734200e+00   1.620677e-01   9.756932e-02
  5.736930e+00   1.196281e-01   9.679648e-02
  5.739670e+00   1.490705e-01   9.569457e-02
  5.742400e+00   7.216230e-02   9.739032e-02
  5.745140e+00   2.090655e-01   9.803576e-02
  5.747870e+00   6.881232e-02   9.561968e-02
  5.750610e+00   1.543297e-01   9.737635e-02
  5.753340e+00   1.849194e-02   9.807398e-02
  5.756080e+00   1.317569e-01   9.567809e-02
  5.758820e+00   5.291167e-02   9.862277e-02
  5.761550e+00   3.697225e-02   9.857647e-02
  5.764290e+00   1.007047e-01   9.820480e-02
  5.767020e+00   2.516995e-01   9.518741e-02
  5.769760e+00   4.046764e-02   9.667000e-02
  5.772490e+00  -8.060804e-02   9.711221e-02
  5.775230e+00   9.424001e-02   9.674396e-02
  5.777960e+00   7.615970e-03   9.727473e-02
  5.780700e+00   2.158136e-01   9.735056e-02
  5.783430e+00   8.998204e-02   9.769922e-02
  5.786170e+00   1.228532e-01   1.004397e-01
  5.788900e+00   2.629209e-01   9.868865e-02
  5.791640e+00   2.112686e-01   9.565417e-02
  5.794370e+00   1.104806e-01   9.627256e-02
  5.797110e+00   6.904968e-02   9.771165e-02
  5.799840e+00   1.764008e-01   9.651370e-02
  5.802580e+00   1.537953e-01   9.575733e-02
  5.805310e+00   1.110161e-01   9.566907e-02
  5.808050e+00   1.274784e-01   9.736205e-02
  5.810780e+00   7.197811e-02   9.734713e-02
  5.813520e+00   1.460154e-02   9.818616e-02
  5.816250e+00   1.816205e-01   9.786546e-02
  5.818990e+00   1.221391e-01   9.637884e-02
  5.821720e+00   4.437634e-02   9.907305e-02
  5.824460e+00   7.309026e-02   9.881482e-02
  5.827190e+00   1.908380e-01   9.723806e-02
  5.829930e+00   1.745284e-01   9.707834e-02
  5.832660e+00   1.942458e-02   9.822314e-02
  5.835400e+00   1.298815e-01   1.000886e-01
  5.838130e+00   2.106541e-01   9.719704e-02
  5.840870e+00   4.304710e-02   9.766255e-02
  5.843600e+00   8.264728e-02   9.712495e-02
  5.846340e+00   1.246589e-01   9.510103e-02
  5.849070e+00   2.347864e-02   9.859231e-02
  5.851810e+00   7.999968e-02   9.830270e-02
  5.854540e+00   1.865950e-01   9.975825e-02
  5.857280e+00   1.879862e-01   9.609791e-02
  5.860010e+00   1.536933e-01   9.901090e-02
  5.862750e+00  -2.436416e-02   9.482477e-02
  5.865480e+00   1.786295e-02   9.593228e-02
  5.868220e+00   7.759881e-02   9.804881e-02
  5.870950e+00   1.145443e-01   9.837976e-02
  5.873690e+00   1.329402e-01   9.537324e-02
  5.876420e+00   3.418364e-02   9.811624e-02
  5.879160e+00   1.645579e-01   9.667436e-02
  5.881890e+00   9.678394e-02   9.836236e-02
  5.884630e+00   1.033223e-01   9.694004e-02
  5.887360e+00   2.523079e-01   9.682881e-02
  5.890100e+00   8.155363e-02   1.002797e-01
  5.892830e+00   2.540567e-01   1.008182e-01
  5.895570e+00  -1.647373e-02   9.715292e-02
  5.898300e+00   1.400775e-01   9.697330e-02
  5.901040e+00   1.382060e-01   1.002123e-01
  5.903770e+00   9.497822e-02   9.501806e-02
  5.906510e+00   1.096334e-01   9.841333e-02
  5.909240e+00   3.506432e-02   9.586423e-02
  5.911980e+00   2.414992e-01   9.546988e-02
  5.914710e+00   1.409106e-02   9.694626e-02
  5.917450e+00   1.244330e-01   9.776882e-02
  5.920190e+00   9.973641e-02   1.026420e-01
  5.922920e+00   1.807446e-01   9.779772e-02
  5.925660e+00   2.851347e-02   9.705130e-02
  5.928390e+00   1.210889e-01   9.905161e-02
  5.931130e+00   1.759678e-01   1.001995e-01
  5.933860e+00   9.898622e-02   9.780549e-02
  5.936600e+00  -1.057987e-01   9.920418e-02
  5.939330e+00   2.230923e-01   9.494255e-02
  5.942070e+00   5.737732e-02   9.887666e-02
  5.944800e+00   2.278884e-01   9.461159e-02
  5.947540e+00   1.844220e-01   9.734309e-02
  5.950270e+00   1.475206e-01   1.015031e-01
  5.953010e+00   9.395419e-02   9.644720e-02
  5.955740e+00   1.988304e-01   1.008832e-01
  5.958480e+00   6.055546e-02   9.994999e-02
  5.961210e+00   1.546785e-01   1.021566e-01
  5.963950e+00   1.965618e-01   1.017023e-01
  5.966680e+00   8.946062e-02   1.038947e-01
  5.969420e+00   3.013571e-02   1.058244e-01
  5.972150e+00   1.209493e-01   1.140233e-01
  5.974890e+00   8.892717e-02   1.275338e-01
  5.977620e+00  -7.516829e-03   1.453464e-01
  5.980360e+00   1.100050e-01   1.439800e-01
  5.983090e+00   1.047729e-01   1.494215e-01
  5.985830e+00   6.489275e-02   1.559374e-01
  5.988560e+00   3.797483e-01   1.622420e-01
  5.991300e+00   2.975264e-01   1.895898e-01
  5.994030e+00   9.222574e-02   1.981032e-01
  5.996770e+00   2.409314e-01   1.926172e-01
  5.999500e+00   2.489386e-01   2.019870e-01
  6.002240e+00   2.265639e-01   2.165608e-01
  6.004970e+00   2.229066e-01   2.215031e-01
  6.007710e+00  -1.355710e-01   2.373867e-01
  6.010440e+00  -7.591090e-02   2.609881e-01
  6.013180e+00   2.103535e-01   3.036249e-01
  6.015910e+00   3.983019e-01   3.315745e-01
  6.018650e+00   3.366341e-01   4.102349e-01
  6.021380e+00  -2.719043e-01   5.142433e-01
  6.024120e+00  -4.677807e-01   9.379493e-01
parent: s_cs74_mer1.dat
creator: datcrop
creator-version: v0.2 (r3664)
datcrop-operation: Skipped points: 35
