Sample description: Extrapolated to infinite dilution
Sample: Extrapolated to  c= 0.000 mg/ml  Code: LytAPhA
Parent(s): phage_zc.dat
 1.354780e-001  8.170089e+001  1.182750e+000
 1.382130e-001  7.705411e+001  1.074120e+000
 1.409480e-001  8.124546e+001  1.042350e+000
 1.436830e-001  7.999627e+001  9.893380e-001
 1.464180e-001  7.694596e+001  9.199710e-001
 1.491540e-001  7.591099e+001  9.276520e-001
 1.518890e-001  7.428453e+001  8.506300e-001
 1.546240e-001  7.593536e+001  8.076130e-001
 1.573590e-001  7.396724e+001  7.809250e-001
 1.600940e-001  7.547490e+001  7.465710e-001
 1.628290e-001  7.243906e+001  7.490860e-001
 1.655640e-001  7.191794e+001  6.830110e-001
 1.682990e-001  7.260074e+001  6.683840e-001
 1.710340e-001  6.690355e+001  6.422120e-001
 1.737690e-001  6.978287e+001  6.089730e-001
 1.765040e-001  6.772140e+001  5.555430e-001
 1.792400e-001  6.689735e+001  5.083000e-001
 1.819750e-001  6.546041e+001  5.037510e-001
 1.847100e-001  6.694766e+001  4.846310e-001
 1.874450e-001  6.484822e+001  4.787590e-001
 1.901800e-001  6.584826e+001  4.605590e-001
 1.929150e-001  6.387581e+001  4.530170e-001
 1.956500e-001  6.305417e+001  4.502600e-001
 1.983850e-001  6.334639e+001  4.358730e-001
 2.011200e-001  6.067481e+001  4.265940e-001
 2.038550e-001  6.033721e+001  4.195100e-001
 2.065900e-001  6.040682e+001  4.102250e-001
 2.093250e-001  5.903553e+001  4.057720e-001
 2.120610e-001  5.841225e+001  3.950020e-001
 2.147960e-001  5.757845e+001  3.886320e-001
 2.175310e-001  5.643652e+001  3.825590e-001
 2.202660e-001  5.680077e+001  3.764930e-001
 2.230010e-001  5.545660e+001  3.672120e-001
 2.257360e-001  5.479982e+001  3.616690e-001
 2.284710e-001  5.453321e+001  3.577680e-001
 2.312060e-001  5.495784e+001  3.498410e-001
 2.339410e-001  5.329473e+001  3.483030e-001
 2.366760e-001  5.301608e+001  3.389620e-001
 2.394110e-001  5.277349e+001  3.381820e-001
 2.421460e-001  5.323652e+001  3.335860e-001
 2.448820e-001  5.168603e+001  3.244850e-001
 2.476170e-001  5.055172e+001  3.232720e-001
 2.503520e-001  4.958802e+001  3.176010e-001
 2.530870e-001  4.934317e+001  3.173550e-001
 2.558220e-001  4.774291e+001  3.100000e-001
 2.585570e-001  4.817328e+001  3.034670e-001
 2.612920e-001  4.732003e+001  3.034080e-001
 2.640270e-001  4.716375e+001  2.980210e-001
 2.667620e-001  4.588913e+001  2.945160e-001
 2.694970e-001  4.561115e+001  2.877810e-001
 2.722320e-001  4.569429e+001  2.842890e-001
 2.749680e-001  4.427481e+001  2.837830e-001
 2.777030e-001  4.421883e+001  2.787160e-001
 2.804380e-001  4.424582e+001  2.762470e-001
 2.831730e-001  4.272275e+001  2.666600e-001
 2.859080e-001  4.295133e+001  2.669430e-001
 2.886430e-001  4.217519e+001  2.643290e-001
 2.913780e-001  4.158515e+001  2.562080e-001
 2.941130e-001  4.041037e+001  2.565540e-001
 2.968480e-001  4.074117e+001  2.487680e-001
 2.995830e-001  4.055725e+001  2.494270e-001
 3.023180e-001  3.844866e+001  2.460700e-001
 3.050530e-001  3.859341e+001  2.418800e-001
 3.077890e-001  3.831589e+001  2.405420e-001
 3.105240e-001  3.702529e+001  2.350720e-001
 3.132590e-001  3.696571e+001  2.353970e-001
 3.159940e-001  3.666218e+001  2.298130e-001
 3.187290e-001  3.580270e+001  2.266740e-001
 3.214640e-001  3.501544e+001  2.285200e-001
 3.241990e-001  3.523266e+001  2.213260e-001
 3.269340e-001  3.396240e+001  2.209550e-001
 3.296690e-001  3.416566e+001  2.168990e-001
 3.324040e-001  3.325975e+001  2.133260e-001
 3.351390e-001  3.354310e+001  2.152380e-001
 3.378750e-001  3.276739e+001  2.108980e-001
 3.406100e-001  3.276767e+001  2.055890e-001
 3.433450e-001  3.162811e+001  2.055360e-001
 3.460800e-001  3.101754e+001  2.025740e-001
 3.488150e-001  3.133883e+001  2.004080e-001
 3.515500e-001  3.097970e+001  1.969600e-001
 3.542850e-001  3.023752e+001  1.960130e-001
 3.570200e-001  2.991481e+001  1.936410e-001
 3.597550e-001  2.968219e+001  1.913520e-001
 3.624900e-001  2.889370e+001  1.880120e-001
 3.652250e-001  2.924505e+001  1.876420e-001
 3.679600e-001  2.854892e+001  1.869720e-001
 3.706960e-001  2.733487e+001  1.843210e-001
 3.734310e-001  2.756052e+001  1.819850e-001
 3.761660e-001  2.649214e+001  1.776440e-001
 3.789010e-001  2.758442e+001  1.796650e-001
 3.816360e-001  2.680045e+001  1.749760e-001
 3.843710e-001  2.690853e+001  1.754060e-001
 3.871060e-001  2.534886e+001  1.723010e-001
 3.898410e-001  2.502668e+001  1.701130e-001
 3.925760e-001  2.492055e+001  1.716360e-001
 3.953110e-001  2.499536e+001  1.674950e-001
 3.980460e-001  2.408745e+001  1.663580e-001
 4.007810e-001  2.415336e+001  1.658120e-001
 4.035170e-001  2.429060e+001  1.620500e-001
 4.062520e-001  2.358754e+001  1.649350e-001
 4.089870e-001  2.338195e+001  1.587260e-001
 4.117220e-001  2.348360e+001  1.586780e-001
 4.144570e-001  2.303890e+001  1.576660e-001
 4.171920e-001  2.282130e+001  1.554860e-001
 4.199270e-001  2.268850e+001  1.562360e-001
 4.226620e-001  2.210770e+001  1.515710e-001
 4.253970e-001  2.218130e+001  1.535400e-001
 4.281320e-001  2.171650e+001  1.509140e-001
 4.308670e-001  2.137790e+001  1.485110e-001
 4.336030e-001  2.120970e+001  1.486190e-001
 4.363380e-001  2.071040e+001  1.453420e-001
 4.390730e-001  2.063310e+001  1.477200e-001
 4.418080e-001  2.035550e+001  1.438080e-001
 4.445430e-001  2.009490e+001  1.414380e-001
 4.472780e-001  1.968540e+001  1.426160e-001
 4.500130e-001  1.976640e+001  1.402390e-001
 4.527480e-001  1.928080e+001  1.404180e-001
 4.554830e-001  1.910950e+001  1.379300e-001
 4.582180e-001  1.894720e+001  1.365010e-001
 4.609530e-001  1.874330e+001  1.367970e-001
 4.636880e-001  1.852740e+001  1.357670e-001
 4.664240e-001  1.817230e+001  1.332850e-001
 4.691590e-001  1.820690e+001  1.338010e-001
 4.718940e-001  1.799610e+001  1.334080e-001
 4.746290e-001  1.767040e+001  1.316600e-001
 4.773640e-001  1.787160e+001  1.323000e-001
 4.800990e-001  1.723880e+001  1.291570e-001
 4.828340e-001  1.721420e+001  1.286020e-001
 4.855690e-001  1.705480e+001  1.286500e-001
 4.883040e-001  1.699540e+001  1.280060e-001
 4.910390e-001  1.664060e+001  1.248730e-001
 4.937740e-001  1.634900e+001  1.247930e-001
 4.965090e-001  1.637420e+001  1.250340e-001
 4.992450e-001  1.630540e+001  1.252460e-001
 5.019800e-001  1.597520e+001  1.224760e-001
 5.047150e-001  1.598890e+001  1.238320e-001
 5.074500e-001  1.586340e+001  1.220980e-001
 5.101850e-001  1.573420e+001  1.216170e-001
 5.129200e-001  1.564940e+001  1.204990e-001
 5.156550e-001  1.557390e+001  1.200670e-001
 5.183900e-001  1.532970e+001  1.195870e-001
 5.211250e-001  1.526030e+001  1.200730e-001
 5.238600e-001  1.507620e+001  1.191560e-001
 5.265950e-001  1.492810e+001  1.167500e-001
 5.293310e-001  1.485030e+001  1.166400e-001
 5.320660e-001  1.477450e+001  1.163780e-001
 5.348010e-001  1.464520e+001  1.162180e-001
 5.375360e-001  1.438680e+001  1.146610e-001
 5.402710e-001  1.433980e+001  1.140710e-001
 5.430060e-001  1.426050e+001  1.143140e-001
 5.457410e-001  1.419980e+001  1.142630e-001
 5.484760e-001  1.395080e+001  1.119390e-001
 5.512110e-001  1.406670e+001  1.132080e-001
 5.539460e-001  1.403310e+001  1.117570e-001
 5.566810e-001  1.403460e+001  1.131140e-001
 5.594160e-001  1.406070e+001  1.116320e-001
 5.621520e-001  1.368150e+001  1.096630e-001
 5.648870e-001  1.345630e+001  1.113630e-001
 5.676220e-001  1.350770e+001  1.091550e-001
 5.703570e-001  1.349050e+001  1.107360e-001
 5.730920e-001  1.324660e+001  1.082590e-001
 5.758270e-001  1.296340e+001  1.054270e-001
 5.785620e-001  1.331800e+001  1.084810e-001
 5.812970e-001  1.277210e+001  1.045620e-001
 5.840320e-001  1.314410e+001  1.099490e-001
 5.867670e-001  1.269420e+001  1.051670e-001
 5.895020e-001  1.291920e+001  1.072470e-001
 5.922380e-001  1.270120e+001  1.068400e-001
 5.949730e-001  1.271430e+001  1.038640e-001
 5.977080e-001  1.278080e+001  1.062670e-001
 6.004430e-001  1.271090e+001  1.044660e-001
 6.031780e-001  1.269590e+001  1.056930e-001
 6.059130e-001  1.252430e+001  1.052370e-001
 6.086480e-001  1.256270e+001  1.057000e-001
 6.113830e-001  1.256040e+001  1.056680e-001
 6.141180e-001  1.236220e+001  1.045130e-001
 6.168530e-001  1.216750e+001  1.020450e-001
 6.195880e-001  1.205740e+001  1.010680e-001
 6.223230e-001  1.215480e+001  1.048890e-001
 6.250590e-001  1.219460e+001  1.041440e-001
 6.277940e-001  1.151570e+001  9.591030e-002
 6.305290e-001  1.194630e+001  1.006570e-001
 6.332640e-001  1.208920e+001  1.024140e-001
 6.359990e-001  1.192970e+001  1.010750e-001
 6.387340e-001  1.191370e+001  1.022100e-001
 6.414690e-001  1.172670e+001  9.892260e-002
 6.442040e-001  1.143220e+001  9.692420e-002
 6.469390e-001  1.148660e+001  9.834470e-002
 6.496740e-001  1.171010e+001  1.009360e-001
 6.524090e-001  1.114910e+001  9.565770e-002
 6.551440e-001  1.161460e+001  9.948330e-002
 6.578800e-001  1.137990e+001  9.906000e-002
 6.606150e-001  1.131120e+001  9.828040e-002
 6.633500e-001  1.136910e+001  9.768850e-002
 6.660850e-001  1.128880e+001  9.654730e-002
 6.688200e-001  1.117400e+001  9.720500e-002
 6.715550e-001  1.133570e+001  9.868550e-002
 6.742900e-001  1.111850e+001  9.638270e-002
 6.770250e-001  1.097570e+001  9.552480e-002
 6.797600e-001  1.102050e+001  9.566170e-002
 6.824950e-001  1.106630e+001  9.721540e-002
 6.852300e-001  1.090710e+001  9.513840e-002
 6.879660e-001  1.113250e+001  9.707820e-002
 6.907010e-001  1.073270e+001  9.488250e-002
 6.934360e-001  1.075440e+001  9.399700e-002
 6.961710e-001  1.089970e+001  9.581450e-002
 6.989060e-001  1.095310e+001  9.609570e-002
 7.016410e-001  1.062040e+001  9.370120e-002
 7.043760e-001  1.084710e+001  9.647480e-002
 7.071110e-001  1.071640e+001  9.321600e-002
 7.098460e-001  1.046990e+001  9.345750e-002
 7.125810e-001  1.048420e+001  9.316330e-002
 7.153160e-001  1.046890e+001  9.243020e-002
 7.180510e-001  9.891520e+000  8.848300e-002
 7.207870e-001  1.044950e+001  9.324430e-002
 7.235220e-001  1.025470e+001  9.167950e-002
 7.262570e-001  1.006970e+001  9.077400e-002
 7.289920e-001  1.009270e+001  8.977960e-002
 7.317270e-001  1.013240e+001  9.035950e-002
 7.344620e-001  1.024890e+001  9.048730e-002
 7.371970e-001  1.003900e+001  9.112760e-002
 7.399320e-001  9.875310e+000  8.931160e-002
 7.426670e-001  1.012930e+001  9.126790e-002
 7.454020e-001  9.931810e+000  8.978630e-002
 7.481370e-001  1.002760e+001  8.989650e-002
 7.508720e-001  9.856860e+000  8.984380e-002
 7.536080e-001  9.948130e+000  8.928290e-002
 7.563430e-001  9.805490e+000  8.882370e-002
 7.590780e-001  9.971600e+000  9.057830e-002
 7.618130e-001  1.001020e+001  9.134140e-002
 7.645480e-001  9.665000e+000  8.807650e-002
 7.672830e-001  9.612750e+000  8.828920e-002
 7.700180e-001  9.558020e+000  8.821970e-002
 7.727530e-001  9.397750e+000  8.718420e-002
 7.754880e-001  9.319830e+000  8.649780e-002
 7.782230e-001  9.484690e+000  8.698990e-002
 7.809580e-001  9.425140e+000  8.725670e-002
 7.836940e-001  9.228040e+000  8.568680e-002
 7.864290e-001  9.028040e+000  8.392970e-002
 7.891640e-001  9.125790e+000  8.557890e-002
 7.918990e-001  9.128870e+000  8.485710e-002
 7.946340e-001  9.273110e+000  8.737220e-002
 7.973690e-001  8.951710e+000  8.400250e-002
 8.001040e-001  8.998460e+000  8.425440e-002
 8.028390e-001  9.072400e+000  8.507340e-002
 8.055740e-001  8.924840e+000  8.436690e-002
 8.083090e-001  8.859570e+000  8.561480e-002
 8.110440e-001  9.030120e+000  8.691140e-002
 8.137790e-001  8.731320e+000  8.504900e-002
 8.165150e-001  8.976100e+000  8.510510e-002
 8.192500e-001  8.774530e+000  8.628900e-002
 8.219850e-001  8.824680e+000  8.718130e-002
 8.247200e-001  8.820490e+000  8.713270e-002
 8.274550e-001  8.467040e+000  8.355130e-002
 8.301900e-001  8.553330e+000  8.461960e-002
 8.329250e-001  8.442210e+000  8.428240e-002
 8.356600e-001  8.380660e+000  8.413700e-002
 8.383950e-001  8.441560e+000  8.393990e-002
 8.411300e-001  8.215670e+000  8.471430e-002
 8.438650e-001  8.169230e+000  8.346390e-002
 8.466010e-001  8.280080e+000  8.470790e-002
 8.493360e-001  8.462190e+000  8.725630e-002
 8.520710e-001  8.201320e+000  8.396350e-002
 8.548060e-001  8.419360e+000  8.783360e-002
 8.575410e-001  8.129690e+000  8.459340e-002
 8.602760e-001  8.047970e+000  8.518350e-002
 8.630110e-001  7.859170e+000  8.359540e-002
 8.657460e-001  7.876820e+000  8.319940e-002
 8.684810e-001  7.930470e+000  8.499250e-002
 8.712160e-001  7.750790e+000  8.260560e-002
 8.739510e-001  7.916620e+000  8.312020e-002
 8.766860e-001  7.805900e+000  8.423200e-002
 8.794220e-001  7.652350e+000  8.236080e-002
 8.821570e-001  7.444950e+000  8.268400e-002
 8.848920e-001  7.364740e+000  8.037880e-002
 8.876270e-001  7.609770e+000  8.358330e-002
 8.903620e-001  7.582170e+000  8.328490e-002
 8.930970e-001  7.500010e+000  8.171500e-002
 8.958320e-001  7.296260e+000  8.100760e-002
 8.985670e-001  7.628440e+000  8.370580e-002
 9.013020e-001  7.431580e+000  8.415660e-002
 9.040370e-001  7.304100e+000  8.288860e-002
 9.067720e-001  7.350540e+000  8.236750e-002
 9.095070e-001  7.345600e+000  8.280050e-002
 9.122430e-001  7.140740e+000  8.148170e-002
 9.149780e-001  7.185730e+000  8.190560e-002
 9.177130e-001  7.227990e+000  8.251160e-002
 9.204480e-001  7.134130e+000  8.182600e-002
 9.231830e-001  7.040690e+000  8.095080e-002
 9.259180e-001  7.057670e+000  8.245990e-002
 9.286530e-001  6.961880e+000  8.130270e-002
 9.313880e-001  6.745660e+000  7.940360e-002
 9.341230e-001  6.883090e+000  8.154150e-002
 9.368580e-001  6.843900e+000  8.125270e-002
 9.395930e-001  6.931600e+000  8.181180e-002
 9.423290e-001  6.728910e+000  7.999870e-002
 9.450640e-001  6.748390e+000  8.105800e-002
 9.477990e-001  6.845400e+000  8.225580e-002
 9.505340e-001  6.533010e+000  7.914100e-002
 9.532690e-001  6.616770e+000  8.014590e-002
 9.560040e-001  6.505500e+000  7.982320e-002
 9.587390e-001  6.624490e+000  8.184070e-002
 9.614740e-001  6.679590e+000  8.226710e-002
 9.642090e-001  6.317770e+000  7.786750e-002
 9.669440e-001  6.187560e+000  7.937300e-002
 9.696790e-001  6.546690e+000  8.202930e-002
 9.724140e-001  6.358020e+000  8.129400e-002
 9.751500e-001  6.311180e+000  8.134570e-002
 9.778850e-001  6.164980e+000  7.770690e-002
 9.806200e-001  6.330400e+000  7.987180e-002
 9.833550e-001  5.994980e+000  7.722000e-002
 9.860900e-001  6.147680e+000  7.923750e-002
 9.888250e-001  5.995050e+000  7.728700e-002
 9.915600e-001  6.115500e+000  7.909610e-002
 9.942950e-001  6.011360e+000  7.938200e-002
 9.970300e-001  6.021570e+000  7.841290e-002
 9.997650e-001  5.635750e+000  7.580760e-002
 1.002500e+000  5.868040e+000  7.865350e-002
 1.005240e+000  5.936180e+000  7.860180e-002
 1.007970e+000  5.813270e+000  7.880240e-002
 1.010710e+000  5.802540e+000  7.722750e-002
 1.013440e+000  5.708730e+000  7.695250e-002
 1.016180e+000  5.700920e+000  7.788540e-002
 1.018910e+000  5.709260e+000  7.770780e-002
 1.021650e+000  5.577860e+000  7.850470e-002
 1.024380e+000  5.408960e+000  7.499130e-002
 1.027120e+000  5.577370e+000  7.722080e-002
 1.029850e+000  5.628880e+000  7.818580e-002
 1.032590e+000  5.368070e+000  7.509540e-002
 1.035320e+000  5.625790e+000  7.795260e-002
 1.038060e+000  5.468890e+000  7.837820e-002
 1.040790e+000  5.413780e+000  7.763690e-002
 1.043530e+000  5.208730e+000  7.450630e-002
 1.046260e+000  5.298070e+000  7.590070e-002
 1.049000e+000  5.203690e+000  7.601180e-002
 1.051730e+000  5.180890e+000  7.574910e-002
 1.054470e+000  5.154510e+000  7.611760e-002
 1.057200e+000  5.103400e+000  7.487790e-002
 1.059940e+000  5.047970e+000  7.495070e-002
 1.062670e+000  5.058330e+000  7.574300e-002
 1.065410e+000  5.038540e+000  7.568660e-002
 1.068140e+000  4.954690e+000  7.409400e-002
 1.070880e+000  5.038430e+000  7.491970e-002
 1.073610e+000  5.012950e+000  7.639540e-002
 1.076350e+000  4.934570e+000  7.461330e-002
 1.079080e+000  5.197450e+000  7.846720e-002
 1.081820e+000  4.868130e+000  7.363250e-002
 1.084550e+000  4.861730e+000  7.537790e-002
 1.087290e+000  4.645030e+000  7.331090e-002
 1.090020e+000  4.792490e+000  7.424400e-002
 1.092760e+000  4.771250e+000  7.421480e-002
 1.095490e+000  4.853440e+000  7.553240e-002
 1.098230e+000  4.598440e+000  7.356850e-002
 1.100960e+000  4.416620e+000  7.286870e-002
 1.103700e+000  4.593870e+000  7.194120e-002
 1.106430e+000  4.469390e+000  7.314310e-002
 1.109170e+000  4.657750e+000  7.407290e-002
 1.111900e+000  4.331250e+000  7.224710e-002
 1.114640e+000  4.404360e+000  7.354460e-002
 1.117370e+000  4.553480e+000  7.415920e-002
 1.120110e+000  4.531990e+000  7.442550e-002
 1.122840e+000  4.260530e+000  7.116120e-002
 1.125580e+000  4.363940e+000  7.307970e-002
 1.128310e+000  4.477070e+000  7.383960e-002
 1.131050e+000  4.329650e+000  7.334400e-002
 1.133780e+000  4.202530e+000  7.334710e-002
 1.136520e+000  4.192590e+000  7.153130e-002
 1.139250e+000  4.201510e+000  7.241430e-002
 1.141990e+000  3.995070e+000  7.031880e-002
 1.144720e+000  4.099210e+000  7.246110e-002
 1.147460e+000  4.035100e+000  7.254930e-002
 1.150200e+000  4.166370e+000  7.070840e-002
 1.152930e+000  4.163860e+000  6.989950e-002
 1.155670e+000  4.207050e+000  7.303350e-002
 1.158400e+000  4.054630e+000  7.210560e-002
 1.161140e+000  4.104000e+000  7.297180e-002
 1.163870e+000  4.017530e+000  7.188230e-002
 1.166610e+000  3.940790e+000  7.065310e-002
 1.169340e+000  3.905560e+000  7.264030e-002
 1.172080e+000  3.844080e+000  7.034250e-002
 1.174810e+000  3.827240e+000  7.114820e-002
 1.177550e+000  3.845560e+000  7.088180e-002
 1.180280e+000  3.842620e+000  7.051980e-002
 1.183020e+000  4.006080e+000  7.296350e-002
 1.185750e+000  3.731360e+000  7.001920e-002
 1.188490e+000  3.749930e+000  7.100490e-002
 1.191220e+000  3.705080e+000  7.166570e-002
 1.193960e+000  3.674260e+000  7.001270e-002
 1.196690e+000  3.789580e+000  7.076940e-002
 1.199430e+000  3.536850e+000  6.867290e-002
 1.202160e+000  3.678860e+000  7.111070e-002
 1.204900e+000  3.690790e+000  7.051210e-002
 1.207630e+000  3.634700e+000  7.103140e-002
 1.210370e+000  3.431320e+000  6.964440e-002
 1.213100e+000  3.548390e+000  7.028580e-002
 1.215840e+000  3.580650e+000  7.138740e-002
 1.221310e+000  3.404040e+000  6.978800e-002
 1.224040e+000  3.469230e+000  7.037210e-002
 1.226780e+000  3.476450e+000  7.160670e-002
 1.229510e+000  3.297030e+000  6.867930e-002
 1.232250e+000  3.307730e+000  7.384860e-002
 1.234980e+000  3.428170e+000  7.585660e-002
 1.237720e+000  3.415860e+000  7.848200e-002
 1.240450e+000  3.255120e+000  7.822760e-002
 1.243190e+000  3.225680e+000  8.002430e-002
 1.245920e+000  3.337350e+000  8.361000e-002
 1.248660e+000  3.028590e+000  8.140880e-002
 1.251390e+000  3.068090e+000  8.376320e-002
 1.254130e+000  3.095340e+000  8.577090e-002
 1.256860e+000  3.267470e+000  8.354090e-002
 1.259600e+000  3.133290e+000  8.485990e-002
 1.262330e+000  3.191690e+000  8.916560e-002
 1.265070e+000  3.103500e+000  8.239000e-002
 1.267800e+000  3.127690e+000  8.085280e-002
 1.270540e+000  3.065210e+000  7.531790e-002
 1.273270e+000  3.153090e+000  7.550160e-002
 1.276010e+000  3.019990e+000  7.347450e-002
 1.278740e+000  2.958230e+000  7.404920e-002
 1.281480e+000  3.151820e+000  7.255270e-002
 1.284210e+000  2.990570e+000  7.130870e-002
 1.286950e+000  2.982290e+000  7.035110e-002
 1.289680e+000  2.988240e+000  7.089240e-002
 1.292420e+000  2.969290e+000  7.078510e-002
 1.295150e+000  2.850870e+000  7.214250e-002
 1.297890e+000  2.854340e+000  6.812090e-002
 1.300620e+000  2.932440e+000  7.047380e-002
 1.303360e+000  2.978720e+000  6.981840e-002
 1.306090e+000  2.868910e+000  6.854250e-002
 1.308830e+000  2.866630e+000  6.923030e-002
 1.311570e+000  2.928630e+000  7.100520e-002
 1.314300e+000  2.864350e+000  7.020350e-002
 1.317040e+000  2.815200e+000  6.768110e-002
 1.319770e+000  2.632300e+000  6.863990e-002
 1.322510e+000  2.862770e+000  6.983870e-002
 1.325240e+000  2.865150e+000  7.025300e-002
 1.327980e+000  2.779740e+000  6.855490e-002
 1.330710e+000  2.865030e+000  7.040240e-002
 1.333450e+000  2.754640e+000  6.741730e-002
 1.336180e+000  2.752210e+000  6.897630e-002
 1.338920e+000  2.770330e+000  7.001530e-002
 1.341650e+000  2.706270e+000  6.721000e-002
 1.344390e+000  2.600850e+000  6.740600e-002
 1.347120e+000  2.814520e+000  6.915150e-002
 1.349860e+000  2.583590e+000  6.823410e-002
 1.352590e+000  2.600040e+000  6.813300e-002
 1.355330e+000  2.664700e+000  6.761310e-002
 1.358060e+000  2.495950e+000  6.699820e-002
 1.360800e+000  2.582510e+000  6.606870e-002
 1.363530e+000  2.504720e+000  6.750290e-002
 1.366270e+000  2.469050e+000  6.600860e-002
 1.369000e+000  2.763690e+000  6.825290e-002
 1.371740e+000  2.667350e+000  6.940410e-002
 1.374470e+000  2.625490e+000  6.780270e-002
 1.377210e+000  2.538700e+000  6.730850e-002
 1.379940e+000  2.502150e+000  6.582090e-002
 1.382680e+000  2.456560e+000  6.785220e-002
 1.385410e+000  2.595640e+000  6.693390e-002
 1.388150e+000  2.594110e+000  6.672540e-002
 1.390880e+000  2.450960e+000  6.724340e-002
 1.393620e+000  2.581890e+000  6.944990e-002
 1.396350e+000  2.319770e+000  6.725790e-002
 1.399090e+000  2.489050e+000  6.622340e-002
 1.401820e+000  2.500190e+000  6.803130e-002
 1.404560e+000  2.446610e+000  6.680690e-002
 1.407290e+000  2.441830e+000  6.650090e-002
 1.410030e+000  2.431330e+000  6.664910e-002
 1.412760e+000  2.411960e+000  6.642990e-002
 1.415500e+000  2.434970e+000  6.698270e-002
 1.418230e+000  2.332050e+000  6.689240e-002
 1.420970e+000  2.356920e+000  6.559500e-002
 1.423700e+000  2.417800e+000  6.729110e-002
 1.426440e+000  2.421610e+000  6.887360e-002
 1.429170e+000  2.209360e+000  6.544190e-002
 1.431910e+000  2.271260e+000  6.441640e-002
 1.434640e+000  2.354360e+000  6.715530e-002
 1.437380e+000  2.249600e+000  6.519800e-002
 1.440110e+000  2.302900e+000  6.571360e-002
 1.442850e+000  2.385550e+000  6.499040e-002
 1.445580e+000  2.405170e+000  6.771040e-002
 1.448320e+000  2.350200e+000  6.779470e-002
 1.451050e+000  2.259190e+000  6.625160e-002
 1.453790e+000  2.242140e+000  6.586220e-002
 1.456520e+000  2.188670e+000  6.432060e-002
 1.459260e+000  2.127060e+000  6.569640e-002
 1.461990e+000  2.068240e+000  6.504540e-002
 1.464730e+000  2.210080e+000  6.688690e-002
 1.467470e+000  2.287900e+000  6.531830e-002
 1.470200e+000  2.114440e+000  6.548790e-002
 1.472940e+000  2.252050e+000  6.606840e-002
 1.475670e+000  2.198010e+000  6.797150e-002
 1.478410e+000  2.198330e+000  6.504170e-002
 1.481140e+000  2.088780e+000  6.493870e-002
 1.483880e+000  2.054620e+000  6.309000e-002
 1.486610e+000  2.057410e+000  6.484380e-002
 1.489350e+000  2.218420e+000  6.399680e-002
 1.492080e+000  2.165600e+000  6.423220e-002
 1.494820e+000  2.042900e+000  6.407600e-002
 1.497550e+000  2.107580e+000  6.318570e-002
 1.500290e+000  2.093800e+000  6.226630e-002
 1.503020e+000  2.052130e+000  6.314240e-002
 1.505760e+000  2.154120e+000  6.457190e-002
 1.508490e+000  2.037110e+000  6.376580e-002
 1.511230e+000  2.066520e+000  6.336770e-002
 1.513960e+000  2.093840e+000  6.410360e-002
 1.516700e+000  2.099480e+000  6.490380e-002
 1.519430e+000  2.069270e+000  6.567680e-002
 1.522170e+000  2.115690e+000  6.541170e-002
 1.524900e+000  1.999540e+000  6.374500e-002
 1.527640e+000  2.083290e+000  6.479060e-002
 1.530370e+000  1.972080e+000  6.330180e-002
 1.533110e+000  1.902740e+000  6.413990e-002
 1.535840e+000  2.064690e+000  6.349180e-002
 1.538580e+000  2.036030e+000  6.282680e-002
 1.541310e+000  1.987200e+000  6.274720e-002
 1.544050e+000  2.138320e+000  6.500740e-002
 1.546780e+000  1.909870e+000  6.309420e-002
 1.549520e+000  1.953140e+000  6.261290e-002
 1.552250e+000  1.944180e+000  6.427200e-002
 1.554990e+000  1.839950e+000  6.343360e-002
 1.557720e+000  1.981820e+000  6.342800e-002
 1.560460e+000  1.868860e+000  6.295470e-002
 1.563190e+000  1.882390e+000  6.359540e-002
 1.565930e+000  1.893570e+000  6.213290e-002
 1.568660e+000  1.838460e+000  6.344360e-002
 1.571400e+000  1.839870e+000  6.309080e-002
 1.574130e+000  1.800140e+000  6.228770e-002
 1.576870e+000  1.938300e+000  6.423290e-002
 1.579600e+000  1.860320e+000  6.244570e-002
 1.582340e+000  1.856250e+000  6.399490e-002
 1.585070e+000  1.787990e+000  6.427720e-002
 1.587810e+000  1.731160e+000  6.156770e-002
 1.590540e+000  1.855620e+000  6.423840e-002
 1.593280e+000  1.728700e+000  6.190550e-002
 1.596010e+000  1.763300e+000  6.075680e-002
 1.598750e+000  1.795410e+000  6.252100e-002
 1.601480e+000  1.712160e+000  6.246290e-002
 1.604220e+000  1.636140e+000  6.238790e-002
 1.606950e+000  1.752550e+000  6.035430e-002
 1.609690e+000  1.566640e+000  6.102690e-002
 1.612420e+000  1.778940e+000  6.224380e-002
 1.615160e+000  1.744800e+000  6.293030e-002
 1.617890e+000  1.648850e+000  5.997670e-002
 1.620630e+000  1.763890e+000  6.415220e-002
 1.623360e+000  1.686890e+000  6.173470e-002
 1.626100e+000  1.690000e+000  6.197090e-002
 1.628840e+000  1.592980e+000  6.209350e-002
 1.631570e+000  1.634140e+000  6.189290e-002
 1.634310e+000  1.639140e+000  6.218650e-002
 1.637040e+000  1.710510e+000  6.178260e-002
 1.639780e+000  1.559460e+000  6.222270e-002
 1.642510e+000  1.615410e+000  6.202300e-002
 1.645250e+000  1.523390e+000  6.211400e-002
 1.647980e+000  1.593140e+000  6.162770e-002
 1.650720e+000  1.599160e+000  6.148570e-002
 1.653450e+000  1.525830e+000  5.990630e-002
 1.656190e+000  1.533140e+000  6.162780e-002
 1.658920e+000  1.547080e+000  6.144720e-002
 1.661660e+000  1.561610e+000  6.199750e-002
 1.664390e+000  1.542430e+000  6.022040e-002
 1.667130e+000  1.538980e+000  6.140780e-002
 1.669860e+000  1.451730e+000  6.196120e-002
 1.672600e+000  1.523840e+000  6.168920e-002
 1.675330e+000  1.530030e+000  6.115460e-002
 1.678070e+000  1.414250e+000  6.263420e-002
 1.680800e+000  1.433260e+000  6.068860e-002
 1.683540e+000  1.437650e+000  6.227630e-002
 1.686270e+000  1.448500e+000  6.175190e-002
 1.689010e+000  1.517680e+000  6.086840e-002
 1.691740e+000  1.462060e+000  6.133960e-002
 1.694480e+000  1.430520e+000  6.152890e-002
 1.697210e+000  1.423040e+000  6.085990e-002
 1.699950e+000  1.482610e+000  6.100430e-002
 1.702680e+000  1.419600e+000  6.132800e-002
 1.705420e+000  1.395510e+000  6.065390e-002
 1.708150e+000  1.434450e+000  6.170000e-002
 1.710890e+000  1.457330e+000  6.055810e-002
 1.713620e+000  1.347820e+000  6.190820e-002
 1.716360e+000  1.437440e+000  6.069800e-002
 1.719090e+000  1.300460e+000  6.071710e-002
 1.721830e+000  1.199700e+000  6.026850e-002
 1.724560e+000  1.255580e+000  6.006690e-002
 1.727300e+000  1.316800e+000  6.009410e-002
 1.730030e+000  1.279370e+000  6.031760e-002
 1.732770e+000  1.284110e+000  5.841080e-002
 1.735500e+000  1.272910e+000  6.083770e-002
 1.738240e+000  1.242240e+000  6.060200e-002
 1.740970e+000  1.386700e+000  6.054890e-002
 1.743710e+000  1.261100e+000  5.850990e-002
 1.746440e+000  1.238340e+000  5.876960e-002
 1.749180e+000  1.335490e+000  6.086720e-002
 1.751910e+000  1.249230e+000  6.020790e-002
 1.754650e+000  1.246760e+000  6.135690e-002
 1.757380e+000  1.206620e+000  5.983340e-002
 1.760120e+000  1.163950e+000  6.103600e-002
 1.762850e+000  1.196900e+000  5.940830e-002
 1.765590e+000  1.156650e+000  6.095670e-002
 1.768320e+000  1.261960e+000  5.972810e-002
 1.771060e+000  1.124380e+000  5.860760e-002
 1.773790e+000  1.094220e+000  5.946680e-002
 1.776530e+000  1.150860e+000  5.801220e-002
 1.779260e+000  1.147100e+000  6.036350e-002
 1.782000e+000  1.013280e+000  5.803490e-002
 1.784740e+000  1.149700e+000  6.021880e-002
 1.787470e+000  1.049090e+000  5.847300e-002
 1.790210e+000  1.149840e+000  5.845940e-002
 1.792940e+000  1.099350e+000  5.915540e-002
 1.795680e+000  1.123700e+000  6.102620e-002
 1.798410e+000  1.036360e+000  5.956610e-002
 1.801150e+000  1.016030e+000  5.871340e-002
 1.803880e+000  1.073500e+000  5.881710e-002
 1.806620e+000  9.878300e-001  5.945570e-002
 1.809350e+000  1.012960e+000  5.929510e-002
 1.812090e+000  1.215860e+000  6.033240e-002
 1.814820e+000  1.049120e+000  5.943160e-002
 1.817560e+000  9.875000e-001  6.009310e-002
 1.820290e+000  1.010680e+000  5.892510e-002
 1.823030e+000  9.107100e-001  5.812400e-002
 1.825760e+000  1.022090e+000  5.937700e-002
 1.828500e+000  9.361100e-001  5.812250e-002
 1.831230e+000  9.680600e-001  5.778620e-002
 1.833970e+000  9.022500e-001  5.764780e-002
 1.836700e+000  9.168300e-001  5.882150e-002
 1.839440e+000  8.866300e-001  5.969350e-002
 1.842170e+000  9.421400e-001  5.709190e-002
 1.844910e+000  9.854900e-001  5.901530e-002
 1.847640e+000  9.642400e-001  5.879410e-002
 1.850380e+000  8.739000e-001  6.036870e-002
 1.853110e+000  9.206800e-001  5.929700e-002
 1.855850e+000  8.825400e-001  5.858050e-002
 1.858580e+000  8.501000e-001  5.827420e-002
 1.861320e+000  8.921100e-001  6.013940e-002
 1.864050e+000  8.598900e-001  5.941990e-002
 1.866790e+000  9.634800e-001  5.914610e-002
 1.869520e+000  8.830900e-001  5.841750e-002
 1.872260e+000  9.430900e-001  5.885250e-002
 1.874990e+000  8.003200e-001  5.783320e-002
 1.877730e+000  8.047400e-001  5.703230e-002
 1.880460e+000  8.091400e-001  5.753990e-002
 1.883200e+000  9.007000e-001  5.681420e-002
 1.885930e+000  8.659900e-001  5.820140e-002
 1.888670e+000  8.645000e-001  5.813950e-002
 1.891400e+000  7.633400e-001  5.830820e-002
 1.894140e+000  6.985800e-001  5.720990e-002
 1.896870e+000  9.029500e-001  5.765240e-002
 1.899610e+000  7.917500e-001  5.708620e-002
 1.902340e+000  6.878000e-001  5.846810e-002
 1.905080e+000  7.831000e-001  5.727800e-002
 1.907810e+000  7.901100e-001  5.867190e-002
 1.910550e+000  7.979500e-001  5.884040e-002
 1.913280e+000  6.265500e-001  5.702010e-002
 1.916020e+000  7.529000e-001  5.676270e-002
 1.918750e+000  7.198600e-001  5.750760e-002
 1.921490e+000  7.419000e-001  5.942940e-002
 1.924220e+000  7.531400e-001  5.831780e-002
 1.926960e+000  7.025100e-001  5.377030e-002
 1.929690e+000  6.737400e-001  5.806110e-002
 1.932430e+000  7.267900e-001  5.905700e-002
 1.935160e+000  6.806700e-001  5.838390e-002
 1.937900e+000  6.251800e-001  5.815650e-002
 1.940630e+000  7.282300e-001  5.958200e-002
 1.943370e+000  6.824800e-001  5.898070e-002
 1.946110e+000  7.407300e-001  5.715240e-002
 1.948840e+000  6.197800e-001  5.788450e-002
 1.951580e+000  7.526700e-001  5.804420e-002
 1.954310e+000  6.604200e-001  5.817610e-002
 1.957050e+000  6.901000e-001  5.752570e-002
 1.959780e+000  6.182500e-001  5.709470e-002
 1.962520e+000  6.614000e-001  5.726150e-002
 1.965250e+000  6.489600e-001  5.849560e-002
 1.967990e+000  6.138400e-001  5.739760e-002
 1.970720e+000  6.592500e-001  5.885380e-002
 1.973460e+000  6.957600e-001  5.760510e-002
 1.976190e+000  6.255400e-001  5.873260e-002
 1.978930e+000  6.235500e-001  5.747240e-002
 1.981660e+000  5.790800e-001  5.626470e-002
 1.984400e+000  6.647600e-001  5.765440e-002
 1.987130e+000  6.007900e-001  5.830230e-002
 1.989870e+000  6.444700e-001  5.624480e-002
 1.992600e+000  5.480900e-001  5.716840e-002
 1.995340e+000  6.274100e-001  5.557090e-002
 1.998070e+000  6.478100e-001  5.758210e-002
 2.000810e+000  6.343000e-001  5.697640e-002
 2.003540e+000  6.455800e-001  5.825120e-002
 2.006280e+000  5.318800e-001  5.705530e-002
 2.009010e+000  5.209000e-001  5.756920e-002
 2.011750e+000  5.584600e-001  5.723640e-002
 2.014480e+000  5.633600e-001  5.791450e-002
 2.017220e+000  6.074600e-001  5.604820e-002
 2.019950e+000  5.948600e-001  5.833460e-002
 2.022690e+000  5.352200e-001  5.693590e-002
 2.025420e+000  4.930900e-001  5.651110e-002
 2.028160e+000  4.315800e-001  5.758640e-002
 2.030890e+000  5.667800e-001  5.707460e-002
 2.033630e+000  5.014200e-001  5.714030e-002
 2.036360e+000  5.236200e-001  5.666300e-002
 2.039100e+000  4.942900e-001  5.588500e-002
 2.041830e+000  4.572900e-001  5.615020e-002
 2.044570e+000  5.602400e-001  5.755310e-002
 2.047300e+000  4.662900e-001  5.608430e-002
 2.050040e+000  4.533700e-001  5.784740e-002
 2.052770e+000  5.185600e-001  5.733240e-002
 2.055510e+000  5.408000e-001  5.760720e-002
 2.058240e+000  5.326000e-001  5.814050e-002
 2.060980e+000  5.039400e-001  5.612600e-002
 2.063710e+000  4.583900e-001  5.664380e-002
 2.066450e+000  5.421300e-001  5.750450e-002
 2.069180e+000  5.708600e-001  5.834240e-002
 2.071920e+000  4.287100e-001  5.751270e-002
 2.074650e+000  5.410500e-001  5.605810e-002
 2.077390e+000  4.794200e-001  5.645830e-002
 2.080120e+000  4.952700e-001  5.634770e-002
 2.082860e+000  5.159700e-001  5.598880e-002
 2.085590e+000  4.838200e-001  5.561290e-002
 2.088330e+000  4.782700e-001  5.698450e-002
 2.091060e+000  4.062100e-001  5.594090e-002
 2.093800e+000  4.064900e-001  5.683920e-002
 2.096530e+000  4.778600e-001  5.530430e-002
 2.099270e+000  4.651700e-001  5.642390e-002
 2.102000e+000  4.232800e-001  5.622970e-002
 2.104740e+000  3.906500e-001  5.714280e-002
 2.107480e+000  4.998100e-001  5.625730e-002
 2.110210e+000  4.738600e-001  5.690790e-002
 2.112950e+000  4.737200e-001  5.527610e-002
 2.115680e+000  4.988900e-001  5.671670e-002
 2.118420e+000  3.844600e-001  5.680470e-002
 2.121150e+000  4.964500e-001  5.568920e-002
 2.123890e+000  4.249300e-001  5.613850e-002
 2.126620e+000  3.772700e-001  5.617380e-002
 2.129360e+000  4.183200e-001  5.435640e-002
 2.132090e+000  4.392300e-001  5.756650e-002
 2.134830e+000  4.588000e-001  5.705260e-002
 2.137560e+000  5.152700e-001  5.827340e-002
 2.140300e+000  5.201300e-001  5.675700e-002
 2.143030e+000  4.679600e-001  5.674630e-002
 2.145770e+000  4.301200e-001  5.690050e-002
 2.148500e+000  4.613700e-001  5.654830e-002
 2.151240e+000  4.028900e-001  5.555170e-002
 2.153970e+000  4.481900e-001  5.526290e-002
 2.156710e+000  4.317100e-001  5.513870e-002
 2.159440e+000  3.912300e-001  5.507220e-002
 2.162180e+000  3.999500e-001  5.527360e-002
 2.164910e+000  3.993800e-001  5.426180e-002
 2.167650e+000  4.614800e-001  5.746050e-002
 2.170380e+000  3.709500e-001  5.616020e-002
 2.173120e+000  4.124700e-001  5.647530e-002
 2.175850e+000  4.834500e-001  5.616210e-002
 2.178590e+000  3.818400e-001  5.591850e-002
 2.181320e+000  3.745100e-001  5.547720e-002
 2.184060e+000  4.531300e-001  5.439780e-002
 2.186790e+000  3.994400e-001  5.721040e-002
 2.189530e+000  4.570300e-001  5.630000e-002
 2.192260e+000  3.937100e-001  5.566340e-002
 2.195000e+000  3.403800e-001  5.486820e-002
 2.197730e+000  4.426500e-001  5.491490e-002
 2.200470e+000  4.185900e-001  5.596080e-002
 2.203200e+000  3.507400e-001  5.519200e-002
 2.205940e+000  3.460800e-001  5.560820e-002
 2.208670e+000  3.320200e-001  5.497560e-002
 2.211410e+000  3.946700e-001  5.741540e-002
 2.214140e+000  3.751700e-001  5.396810e-002
 2.216880e+000  3.109400e-001  5.596530e-002
 2.219610e+000  3.442800e-001  5.528700e-002
 2.222350e+000  3.398800e-001  5.644280e-002
 2.225080e+000  3.304900e-001  5.481530e-002
 2.227820e+000  4.079400e-001  5.524690e-002
 2.230550e+000  3.472100e-001  5.473940e-002
 2.233290e+000  3.765700e-001  5.687750e-002
 2.236020e+000  4.293900e-001  5.555080e-002
 2.238760e+000  3.118000e-001  5.487130e-002
 2.241490e+000  4.005200e-001  5.492280e-002
 2.244230e+000  3.074500e-001  5.438070e-002
 2.246960e+000  4.622800e-001  5.537430e-002
 2.249700e+000  3.988000e-001  5.543020e-002
 2.252430e+000  3.471600e-001  5.592220e-002
 2.255170e+000  3.319700e-001  5.518690e-002
 2.257900e+000  4.006300e-001  5.574380e-002
 2.260640e+000  3.843100e-001  5.544440e-002
 2.263380e+000  3.960200e-001  5.641980e-002
 2.266110e+000  3.211500e-001  5.460800e-002
 2.268850e+000  2.263200e-001  5.539800e-002
 2.271580e+000  3.090200e-001  5.539500e-002
 2.274320e+000  4.160000e-001  5.442590e-002
 2.277050e+000  3.610100e-001  5.523480e-002
 2.279790e+000  3.507100e-001  5.528600e-002
 2.282520e+000  3.366800e-001  5.536160e-002
 2.285260e+000  3.099600e-001  5.511490e-002
 2.287990e+000  3.730500e-001  5.535710e-002
 2.290730e+000  3.821900e-001  5.574500e-002
 2.293460e+000  3.377700e-001  5.401430e-002
 2.296200e+000  3.493000e-001  5.701060e-002
 2.298930e+000  3.756900e-001  5.299980e-002
 2.301670e+000  3.456800e-001  5.486210e-002
 2.304400e+000  4.130700e-001  5.529980e-002
 2.307140e+000  3.187700e-001  5.572420e-002
 2.309870e+000  3.267800e-001  5.576400e-002
 2.312610e+000  4.480700e-001  5.570800e-002
 2.315340e+000  3.037900e-001  5.489830e-002
 2.318080e+000  2.463200e-001  5.377010e-002
 2.320810e+000  2.154100e-001  5.607130e-002
 2.323550e+000  3.253900e-001  5.643440e-002
 2.326280e+000  2.990900e-001  5.459360e-002
 2.329020e+000  3.048000e-001  5.547360e-002
 2.331750e+000  3.386600e-001  5.445270e-002
 2.334490e+000  3.245100e-001  5.541540e-002
 2.337220e+000  3.454500e-001  5.347150e-002
 2.339960e+000  3.325600e-001  5.724270e-002
 2.342690e+000  4.020000e-001  5.535860e-002
 2.345430e+000  3.280600e-001  5.422720e-002
 2.348160e+000  2.943200e-001  5.520960e-002
 2.350900e+000  1.946900e-001  5.608760e-002
 2.353630e+000  2.906400e-001  5.547570e-002
 2.356370e+000  3.048000e-001  5.443090e-002
 2.359100e+000  3.549700e-001  5.560450e-002
 2.361840e+000  2.428000e-001  5.470720e-002
 2.364570e+000  3.076000e-001  5.582150e-002
 2.367310e+000  3.489200e-001  5.512850e-002
 2.370040e+000  3.017700e-001  5.336630e-002
 2.372780e+000  2.994700e-001  5.508990e-002
 2.375510e+000  2.114200e-001  5.629040e-002
 2.378250e+000  2.360900e-001  5.453720e-002
 2.380980e+000  2.171800e-001  5.586680e-002
 2.383720e+000  2.718700e-001  5.565160e-002
 2.386450e+000  3.805200e-001  5.600630e-002
 2.389190e+000  3.120000e-001  5.506380e-002
 2.391920e+000  3.291300e-001  5.477000e-002
 2.394660e+000  2.984700e-001  5.554750e-002
 2.397390e+000  2.568800e-001  5.363020e-002
 2.400130e+000  2.675600e-001  5.402870e-002
 2.402860e+000  2.427900e-001  5.438760e-002
 2.405600e+000  2.493000e-001  5.405400e-002
 2.408330e+000  2.967400e-001  5.415480e-002
 2.411070e+000  2.954600e-001  5.327510e-002
 2.413800e+000  2.544700e-001  5.315360e-002
 2.416540e+000  2.661900e-001  5.584630e-002
 2.419270e+000  3.002700e-001  5.421650e-002
 2.422010e+000  3.182600e-001  5.533800e-002
 2.424750e+000  3.272600e-001  5.450470e-002
 2.427480e+000  1.648900e-001  5.538850e-002
 2.430220e+000  2.832300e-001  5.584900e-002
 2.432950e+000  2.503100e-001  5.515870e-002
 2.435690e+000  2.896400e-001  5.373790e-002
 2.438420e+000  2.893300e-001  5.501290e-002
 2.441160e+000  2.896700e-001  5.563940e-002
 2.443890e+000  2.944600e-001  5.463570e-002
 2.446630e+000  3.171100e-001  5.410210e-002
 2.449360e+000  3.629400e-001  5.459130e-002
 2.452100e+000  3.074100e-001  5.519950e-002
 2.454830e+000  2.809700e-001  5.572960e-002
 2.457570e+000  2.460800e-001  5.521700e-002
 2.460300e+000  3.425800e-001  5.519030e-002
 2.463040e+000  3.047700e-001  5.585770e-002
 2.465770e+000  2.896700e-001  5.371780e-002
 2.468510e+000  3.389600e-001  5.457120e-002
 2.471240e+000  2.012800e-001  5.522280e-002
 2.473980e+000  2.618400e-001  5.568870e-002
 2.476710e+000  2.969300e-001  5.354440e-002
 2.479450e+000  2.442800e-001  5.396860e-002
 2.482180e+000  2.472600e-001  5.469590e-002
 2.484920e+000  2.200200e-001  5.351360e-002
 2.487650e+000  2.020400e-001  5.355940e-002
 2.490390e+000  2.164900e-001  5.380620e-002
 2.493120e+000  3.027500e-001  5.475580e-002
 2.495860e+000  2.135600e-001  5.493710e-002
 2.498590e+000  2.635500e-001  5.433300e-002
 2.501330e+000  1.896800e-001  5.263200e-002
 2.504060e+000  2.336900e-001  5.320490e-002
 2.506800e+000  1.929500e-001  5.394820e-002
 2.509530e+000  1.725200e-001  5.563610e-002
 2.512270e+000  1.419100e-001  5.363860e-002
 2.515000e+000  2.785300e-001  5.356070e-002
 2.517740e+000  2.535900e-001  5.279350e-002
 2.520470e+000  2.957600e-001  5.484950e-002
 2.523210e+000  2.258800e-001  5.453120e-002
 2.525940e+000  2.049300e-001  5.443380e-002
 2.528680e+000  1.791500e-001  5.302610e-002
 2.531410e+000  2.260000e-001  5.500710e-002
 2.534150e+000  1.662600e-001  5.399990e-002
 2.536880e+000  2.514100e-001  5.386810e-002
 2.539620e+000  2.433900e-001  5.369790e-002
 2.542350e+000  2.447100e-001  5.625290e-002
 2.545090e+000  1.599200e-001  5.572190e-002
 2.547820e+000  2.956300e-001  5.481310e-002
 2.550560e+000  2.497200e-001  5.358500e-002
 2.553290e+000  2.360400e-001  5.329970e-002
 2.556030e+000  2.830100e-001  5.388920e-002
 2.558760e+000  1.956900e-001  5.521760e-002
 2.561500e+000  1.840000e-001  5.369670e-002
 2.564230e+000  2.004000e-001  5.348450e-002
 2.566970e+000  1.794500e-001  5.406700e-002
 2.569700e+000  2.647600e-001  5.371190e-002
 2.572440e+000  1.808400e-001  5.576120e-002
 2.575170e+000  4.082000e-001  5.546720e-002
 2.577910e+000  2.537100e-001  5.663740e-002
 2.580650e+000  1.890300e-001  5.472750e-002
 2.583380e+000  2.229300e-001  6.106150e-002
 2.586120e+000  2.541600e-001  6.449790e-002
 2.588850e+000  3.270900e-001  6.441840e-002
 2.591590e+000  1.195900e-001  6.975080e-002
 2.594320e+000  2.859900e-001  7.342580e-002
 2.597060e+000  3.441300e-001  7.790380e-002
 2.599790e+000  2.116000e-001  7.482290e-002
 2.602530e+000  1.043400e-001  7.704660e-002
 2.605260e+000  2.864900e-001  7.745680e-002
 2.608000e+000  1.216400e-001  8.154340e-002
 2.610730e+000  3.251800e-001  8.194760e-002
 2.613470e+000  1.987800e-001  8.547130e-002
 2.616200e+000  2.101400e-001  7.079910e-002
 2.618940e+000  2.655700e-001  6.598180e-002
 2.621670e+000  2.100900e-001  6.286870e-002
 2.624410e+000  2.051700e-001  6.128360e-002
 2.627140e+000  1.735800e-001  6.128970e-002
 2.629880e+000  2.439100e-001  5.927350e-002
 2.632610e+000  2.324600e-001  5.838260e-002
 2.635350e+000  2.629500e-001  5.871190e-002
 2.638080e+000  1.761400e-001  5.800330e-002
 2.640820e+000  1.961500e-001  6.058950e-002
 2.643550e+000  2.508400e-001  5.976770e-002
 2.646290e+000  2.702100e-001  5.928740e-002
 2.649020e+000  1.586900e-001  5.985360e-002
 2.651760e+000  1.407900e-001  5.851710e-002
 2.654490e+000  2.832800e-001  5.852760e-002
 2.657230e+000  2.139800e-001  5.859250e-002
 2.659960e+000  1.735400e-001  5.821390e-002
 2.662700e+000  2.010900e-001  5.912050e-002
 2.665430e+000  2.085800e-001  5.874120e-002
 2.668170e+000  2.416800e-001  5.751370e-002
 2.670900e+000  2.451300e-001  5.883180e-002
 2.673640e+000  2.135000e-001  5.957460e-002
 2.676370e+000  1.636500e-001  5.850930e-002
 2.679110e+000  2.794300e-001  5.911990e-002
 2.681840e+000  1.939800e-001  5.785130e-002
 2.684580e+000  3.024900e-001  5.875320e-002
 2.687310e+000  1.931100e-001  5.883220e-002
 2.690050e+000  1.748100e-001  5.678420e-002
 2.692780e+000  2.467200e-001  5.936580e-002
 2.695520e+000  2.378100e-001  5.643320e-002
 2.698250e+000  2.808200e-001  5.629420e-002
 2.700990e+000  1.838600e-001  5.710630e-002
 2.703720e+000  2.794500e-001  5.765720e-002
 2.706460e+000  3.133300e-001  5.701710e-002
 2.709190e+000  2.739200e-001  5.622120e-002
 2.711930e+000  2.515200e-001  5.541240e-002
 2.714660e+000  1.656400e-001  5.687390e-002
 2.717400e+000  2.345800e-001  5.687560e-002
 2.720130e+000  2.290700e-001  5.666160e-002
 2.722870e+000  1.890200e-001  5.672630e-002
 2.725600e+000  1.112800e-001  5.592840e-002
 2.728340e+000  2.507800e-001  5.621770e-002
 2.731070e+000  1.153200e-001  5.369870e-002
 2.733810e+000  2.042200e-001  5.572260e-002
 2.736540e+000  2.309700e-001  5.405120e-002
 2.739280e+000  1.545700e-001  5.503490e-002
 2.742020e+000  2.317900e-001  5.292670e-002
 2.744750e+000  1.515500e-001  5.374550e-002
 2.747490e+000  1.255100e-001  5.385850e-002
 2.750220e+000  2.429700e-001  5.412490e-002
 2.752960e+000  2.386800e-001  5.413360e-002
 2.755690e+000  3.336700e-001  5.321090e-002
 2.758430e+000  2.519400e-001  5.416950e-002
 2.761160e+000  1.810100e-001  5.428550e-002
 2.763900e+000  3.202200e-001  5.403000e-002
 2.766630e+000  9.363000e-002  5.475970e-002
 2.769370e+000  1.540100e-001  5.466600e-002
 2.772100e+000  2.193500e-001  5.550540e-002
 2.774840e+000  2.634900e-001  5.556060e-002
 2.777570e+000  1.434800e-001  5.364990e-002
 2.780310e+000  2.183800e-001  5.496990e-002
 2.783040e+000  2.461000e-001  5.484540e-002
 2.785780e+000  2.263100e-001  5.314270e-002
 2.788510e+000  2.528000e-001  5.431610e-002
 2.791250e+000  1.426000e-001  5.532960e-002
 2.793980e+000  1.848100e-001  5.340160e-002
 2.796720e+000  1.284900e-001  5.373760e-002
 2.799450e+000  2.104800e-001  5.368710e-002
 2.802190e+000  2.966600e-001  5.440830e-002
 2.804920e+000  1.791800e-001  5.500290e-002
 2.807660e+000  1.337100e-001  5.570000e-002
 2.810390e+000  1.639200e-001  5.494790e-002
 2.813130e+000  2.679100e-001  5.487020e-002
 2.815860e+000  1.875000e-001  5.364730e-002
 2.818600e+000  1.605500e-001  5.425670e-002
 2.821330e+000  1.380100e-001  5.436890e-002
 2.824070e+000  2.666300e-001  5.384060e-002
 2.826800e+000  2.320600e-001  5.324150e-002
 2.829540e+000  1.520000e-001  5.552800e-002
 2.832270e+000  1.766000e-001  5.411390e-002
 2.835010e+000  1.574000e-001  5.491950e-002
 2.837740e+000  2.560900e-001  5.400680e-002
 2.840480e+000  2.187100e-001  5.533240e-002
 2.843210e+000  2.552800e-001  5.410900e-002
 2.845950e+000  2.690200e-001  5.502510e-002
 2.848680e+000  2.265000e-001  5.485900e-002
 2.851420e+000  3.017800e-001  5.467990e-002
 2.854150e+000  1.856800e-001  5.363230e-002
 2.856890e+000  1.737100e-001  5.441830e-002
 2.859620e+000  2.130200e-001  5.339640e-002
 2.862360e+000  1.762600e-001  5.500450e-002
 2.865090e+000  2.237100e-001  5.449400e-002
 2.867830e+000  1.662400e-001  5.504660e-002
 2.870560e+000  1.057600e-001  5.480310e-002
 2.873300e+000  1.721500e-001  5.319170e-002
 2.876030e+000  1.660700e-001  5.347550e-002
 2.878770e+000  2.290500e-001  5.429780e-002
 2.881500e+000  1.726100e-001  5.482540e-002
 2.884240e+000  2.434900e-001  5.389210e-002
 2.886970e+000  1.781800e-001  5.353250e-002
 2.889710e+000  1.918800e-001  5.533640e-002
 2.892440e+000  1.850200e-001  5.369150e-002
 2.895180e+000  1.960500e-001  5.360650e-002
 2.897920e+000  1.654200e-001  5.556190e-002
 2.900650e+000  3.227800e-001  5.603510e-002
 2.903390e+000  1.293800e-001  5.420070e-002
 2.906120e+000  1.647600e-001  5.367810e-002
 2.908860e+000  2.337500e-001  5.445540e-002
 2.911590e+000  2.123500e-001  5.357270e-002
 2.914330e+000  1.666800e-001  5.439870e-002
 2.917060e+000  1.822400e-001  5.301910e-002
 2.919800e+000  1.651200e-001  5.457710e-002
 2.922530e+000  1.819600e-001  5.455020e-002
 2.925270e+000  2.000400e-001  5.290140e-002
 2.928000e+000  1.045400e-001  5.456150e-002
 2.930740e+000  1.834000e-001  5.376080e-002
 2.933470e+000  2.616300e-001  5.287080e-002
 2.936210e+000  2.885100e-001  5.421000e-002
 2.938940e+000  2.210400e-001  5.554490e-002
 2.941680e+000  2.351000e-001  5.432490e-002
 2.944410e+000  1.588600e-001  5.456760e-002
 2.947150e+000  1.771400e-001  5.458750e-002
 2.949880e+000  2.240900e-001  5.339900e-002
 2.952620e+000  2.364900e-001  5.447110e-002
 2.955350e+000  2.228000e-001  5.497720e-002
 2.958090e+000  1.983300e-001  5.462920e-002
 2.960820e+000  1.580400e-001  5.467720e-002
 2.963560e+000  1.405300e-001  5.632370e-002
 2.966290e+000  1.990000e-001  5.340390e-002
 2.969030e+000  1.184800e-001  5.434360e-002
 2.971760e+000  1.462100e-001  5.360920e-002
 2.974500e+000  2.298900e-001  5.518510e-002
 2.977230e+000  1.494600e-001  5.442500e-002
 2.979970e+000  1.357600e-001  5.507200e-002
 2.982700e+000  2.756700e-001  5.626300e-002
 2.985440e+000  2.600400e-001  5.523450e-002
 2.988170e+000  1.676100e-001  5.309410e-002
 2.990910e+000  1.971200e-001  5.432070e-002
 2.993640e+000  1.407300e-001  5.379590e-002
 2.996380e+000  1.697500e-001  5.349280e-002
 2.999110e+000  2.550800e-001  5.457100e-002
 3.001850e+000  2.345700e-001  5.322710e-002
 3.004580e+000  2.023800e-001  5.288170e-002
 3.007320e+000  1.580600e-001  5.244760e-002
 3.010050e+000  2.796300e-001  5.599700e-002
 3.012790e+000  1.711600e-001  5.417180e-002
 3.015520e+000  2.707800e-001  5.480440e-002
 3.018260e+000  2.239300e-001  5.500930e-002
 3.020990e+000  2.304600e-001  5.465510e-002
 3.023730e+000  1.673700e-001  5.328890e-002
 3.026460e+000  1.479700e-001  5.362140e-002
 3.029200e+000  9.005000e-002  5.460870e-002
 3.031930e+000  1.630800e-001  5.394360e-002
 3.034670e+000  2.584700e-001  5.381390e-002
 3.037400e+000  1.431200e-001  5.433780e-002
 3.040140e+000  1.643200e-001  5.359720e-002
 3.042870e+000  1.349900e-001  5.593360e-002
 3.045610e+000  1.179300e-001  5.303130e-002
 3.048340e+000  2.461500e-001  5.360300e-002
 3.051080e+000  2.167300e-001  5.345490e-002
 3.053810e+000  1.573600e-001  5.360470e-002
 3.056550e+000  1.217700e-001  5.142040e-002
 3.059290e+000  2.001200e-001  5.170370e-002
 3.062020e+000  2.374100e-001  5.257140e-002
 3.064760e+000  1.645400e-001  5.512260e-002
 3.067490e+000  2.241000e-001  5.421620e-002
 3.070230e+000  1.329900e-001  5.509190e-002
 3.072960e+000  1.225700e-001  5.412610e-002
 3.075700e+000  1.798700e-001  5.308480e-002
 3.078430e+000  1.535300e-001  5.411900e-002
 3.081170e+000  2.951400e-001  5.410350e-002
 3.083900e+000  1.676900e-001  5.519780e-002
 3.086640e+000  1.928200e-001  5.395360e-002
 3.089370e+000  2.340500e-001  5.405000e-002
 3.092110e+000  1.493300e-001  5.266410e-002
 3.094840e+000  1.592200e-001  5.304150e-002
 3.097580e+000  2.355000e-001  5.371120e-002
 3.100310e+000  1.455000e-001  5.406950e-002
 3.103050e+000  2.315000e-001  5.409950e-002
 3.105780e+000  1.759400e-001  5.337010e-002
 3.108520e+000  1.669900e-001  5.480340e-002
 3.111250e+000  2.296600e-001  5.352780e-002
 3.113990e+000  2.250300e-001  5.400230e-002
 3.116720e+000  3.091000e-001  5.264900e-002
 3.119460e+000  2.333600e-001  5.377500e-002
 3.122190e+000  2.123900e-001  5.125900e-002
 3.124930e+000  1.483300e-001  5.176760e-002
 3.127660e+000  2.745500e-001  5.421800e-002
 3.130400e+000  1.873500e-001  5.410310e-002
 3.133130e+000  1.798100e-001  5.293150e-002
 3.135870e+000  1.019200e-001  5.346300e-002
 3.138600e+000  1.723200e-001  5.295910e-002
 3.141340e+000  1.085300e-001  5.368320e-002
 3.144070e+000  1.763500e-001  5.262330e-002
 3.146810e+000  1.672700e-001  5.392710e-002
 3.149540e+000  1.878300e-001  5.304550e-002
 3.152280e+000  1.762800e-001  5.288570e-002
 3.155010e+000  1.699200e-001  5.364080e-002
 3.157750e+000  2.028400e-001  5.282550e-002
 3.160480e+000  1.919000e-001  5.447490e-002
 3.163220e+000  9.734000e-002  5.334530e-002
 3.165950e+000  1.395200e-001  5.271970e-002
 3.168690e+000  2.476000e-001  5.252260e-002
 3.171420e+000  2.031700e-001  5.396270e-002
 3.174160e+000  1.797100e-001  5.335380e-002
 3.176890e+000  1.925200e-001  5.375190e-002
 3.179630e+000  1.575000e-001  5.376900e-002
 3.182360e+000  1.975900e-001  5.193280e-002
 3.185100e+000  2.223600e-001  5.284680e-002
 3.187830e+000  1.482700e-001  5.322180e-002
 3.190570e+000  9.560000e-002  5.293800e-002
 3.193300e+000  1.684700e-001  5.411970e-002
 3.196040e+000  2.709500e-001  5.274290e-002
 3.198770e+000  1.989100e-001  5.228510e-002
 3.201510e+000  1.716900e-001  5.461120e-002
 3.204240e+000  1.606000e-001  5.437510e-002
 3.206980e+000  1.417400e-001  5.351020e-002
 3.209710e+000  3.182900e-001  5.227160e-002
 3.212450e+000  7.382000e-002  5.275530e-002
 3.215190e+000  1.545700e-001  5.233560e-002
 3.217920e+000  1.433100e-001  5.302720e-002
 3.220660e+000  7.671000e-002  5.359340e-002
 3.223390e+000  1.688100e-001  5.297450e-002
 3.226130e+000  2.804000e-001  5.314910e-002
 3.228860e+000  1.912800e-001  5.132140e-002
 3.231600e+000  1.958800e-001  5.291540e-002
 3.234330e+000  1.313100e-001  5.242290e-002
 3.237070e+000  1.246000e-001  5.290380e-002
 3.239800e+000  1.853900e-001  5.189870e-002
 3.242540e+000  1.631200e-001  5.280730e-002
 3.245270e+000  2.029700e-001  5.241040e-002
 3.248010e+000  1.154600e-001  5.271530e-002
 3.250740e+000  1.671400e-001  5.293620e-002
 3.253480e+000  1.595000e-001  5.547390e-002
 3.256210e+000  1.166700e-001  5.275270e-002
 3.258950e+000  1.774100e-001  5.245800e-002
 3.261680e+000  1.633900e-001  5.289590e-002
 3.264420e+000  1.261000e-001  5.339780e-002
 3.267150e+000  1.714600e-001  5.415340e-002
 3.269890e+000  1.583300e-001  5.428400e-002
 3.272620e+000  1.431800e-001  5.448300e-002
 3.275360e+000  1.458200e-001  5.294120e-002
 3.278090e+000  1.625400e-001  5.181560e-002
 3.280830e+000  1.846600e-001  5.253520e-002
 3.283560e+000  1.967000e-001  5.359730e-002
 3.286300e+000  1.676100e-001  5.324890e-002
 3.289030e+000  2.050000e-001  5.308670e-002
 3.291770e+000  1.742200e-001  5.230760e-002
 3.294500e+000  1.644500e-001  5.425560e-002
 3.297240e+000  1.794600e-001  5.406920e-002
 3.299970e+000  1.332600e-001  5.163910e-002
 3.302710e+000  9.608000e-002  5.400350e-002
 3.305440e+000  1.987300e-001  5.300140e-002
 3.308180e+000  1.418000e-001  5.378690e-002
 3.310910e+000  2.449100e-001  5.297180e-002
 3.313650e+000  1.015300e-001  5.249580e-002
 3.316380e+000  1.494500e-001  5.432260e-002
 3.319120e+000  6.973000e-002  5.230240e-002
 3.321850e+000  1.975300e-001  5.287230e-002
 3.324590e+000  1.213400e-001  5.307190e-002
 3.327320e+000  1.587900e-001  5.271960e-002
 3.330060e+000  1.320300e-001  5.334060e-002
 3.332790e+000  1.499400e-001  5.369850e-002
 3.335530e+000  1.338700e-001  5.176470e-002
 3.338260e+000  1.172100e-001  5.251090e-002
 3.341000e+000  1.488700e-001  5.233420e-002
 3.343730e+000  1.211700e-001  5.338630e-002
 3.346470e+000  8.280000e-002  5.301610e-002
 3.349200e+000  1.021100e-001  5.276480e-002
 3.351940e+000  1.162000e-001  5.209700e-002
 3.354670e+000  1.564600e-001  5.359370e-002
 3.357410e+000  2.295800e-001  5.294260e-002
 3.360140e+000  1.988000e-001  5.327150e-002
 3.362880e+000  1.417500e-001  5.204760e-002
 3.365610e+000  1.543700e-001  5.247130e-002
 3.368350e+000  1.183300e-001  5.214990e-002
 3.371080e+000  1.353600e-001  5.354190e-002
 3.373820e+000  2.016500e-001  5.248150e-002
 3.376560e+000  2.354300e-001  5.225460e-002
 3.379290e+000  2.259200e-001  5.239940e-002
 3.382030e+000  2.708300e-001  5.431350e-002
 3.384760e+000  1.818300e-001  5.260160e-002
 3.387500e+000  1.707300e-001  5.337440e-002
 3.390230e+000  1.757800e-001  5.242510e-002
 3.392970e+000  1.317600e-001  5.409410e-002
 3.395700e+000  1.965700e-001  5.261580e-002
 3.398440e+000  6.386000e-002  5.375810e-002
 3.401170e+000  1.421500e-001  5.254080e-002
 3.403910e+000  8.773000e-002  5.365770e-002
 3.406640e+000  1.676300e-001  5.340000e-002
 3.409380e+000  9.971000e-002  5.150760e-002
 3.412110e+000  1.529200e-001  5.368850e-002
 3.414850e+000  1.666400e-001  5.276900e-002
 3.417580e+000  1.744200e-001  5.315960e-002
 3.420320e+000  8.147000e-002  5.271750e-002
 3.423050e+000  5.324000e-002  5.229080e-002
 3.425790e+000  1.522700e-001  5.244980e-002
 3.428520e+000  1.296800e-001  5.239240e-002
 3.431260e+000  1.083000e-001  5.349590e-002
 3.433990e+000  1.556300e-001  5.364960e-002
 3.436730e+000  4.838000e-002  5.208260e-002
 3.439460e+000  1.505700e-001  5.111050e-002
 3.442200e+000  1.162900e-001  5.256620e-002
 3.444930e+000  4.411000e-002  5.297080e-002
 3.447670e+000  9.278000e-002  5.279620e-002
 3.450400e+000  1.332000e-001  5.198050e-002
 3.453140e+000  1.867200e-001  5.244270e-002
 3.455870e+000  9.520000e-002  5.358070e-002
 3.458610e+000  1.669100e-001  5.385920e-002
 3.461340e+000  1.478000e-001  5.257790e-002
 3.464080e+000  1.348200e-001  5.536030e-002
 3.466810e+000  8.419000e-002  5.287700e-002
 3.469550e+000  1.288800e-001  5.379320e-002
 3.472280e+000  1.116700e-001  5.295030e-002
 3.475020e+000  7.492000e-002  5.247630e-002
 3.477750e+000  2.053200e-001  5.290080e-002
 3.480490e+000  1.107100e-001  5.268970e-002
 3.483220e+000  1.053500e-001  5.305890e-002
 3.485960e+000  1.414400e-001  5.267030e-002
 3.488690e+000  1.571800e-001  5.245630e-002
 3.491430e+000  1.351400e-001  5.380930e-002
 3.494160e+000  9.325000e-002  5.241700e-002
 3.496900e+000  2.285300e-001  5.195110e-002
 3.499630e+000  1.918900e-001  5.266300e-002
 3.502370e+000  1.684700e-001  5.191540e-002
 3.505100e+000  7.412000e-002  5.316830e-002
 3.507840e+000  1.975400e-001  5.171510e-002
 3.510570e+000  1.306600e-001  5.494610e-002
 3.513310e+000  1.323500e-001  5.353000e-002
 3.516040e+000  2.047600e-001  5.356510e-002
 3.518780e+000  9.252000e-002  5.215180e-002
 3.521510e+000  1.950400e-001  5.246090e-002
 3.524250e+000  1.460700e-001  5.193820e-002
 3.526980e+000  1.619500e-001  5.163620e-002
 3.529720e+000  1.709000e-001  5.268780e-002
 3.532450e+000  3.967000e-002  5.330520e-002
 3.535190e+000  1.970600e-001  5.394410e-002
 3.537930e+000  2.141000e-001  5.176790e-002
 3.540660e+000  1.292900e-001  5.329240e-002
 3.543400e+000  1.592800e-001  5.250150e-002
 3.546130e+000  1.123400e-001  5.336650e-002
 3.548870e+000  2.254100e-001  5.171890e-002
 3.551600e+000  1.072300e-001  5.291950e-002
 3.554340e+000  1.185800e-001  5.335830e-002
 3.557070e+000  1.379900e-001  5.295780e-002
 3.559810e+000  1.708400e-001  5.193470e-002
 3.562540e+000  1.101200e-001  5.155950e-002
 3.565280e+000  1.559700e-001  5.213230e-002
 3.568010e+000  1.405500e-001  5.369870e-002
 3.570750e+000  2.276200e-001  5.367500e-002
 3.573480e+000  1.388200e-001  5.181810e-002
 3.576220e+000  2.271100e-001  5.198250e-002
 3.578950e+000  6.886000e-002  5.245780e-002
 3.581690e+000  1.109200e-001  5.182230e-002
 3.584420e+000  8.488000e-002  5.190970e-002
 3.587160e+000  6.939000e-002  5.232410e-002
 3.589890e+000  1.403000e-001  5.194990e-002
 3.592630e+000  6.932000e-002  5.181510e-002
 3.595360e+000  1.653600e-001  5.151810e-002
 3.598100e+000  9.111000e-002  5.188310e-002
 3.600830e+000  1.381500e-001  5.347490e-002
 3.603570e+000  3.069000e-002  5.381900e-002
 3.606300e+000  8.841000e-002  5.184650e-002
 3.609040e+000  1.116000e-001  5.173280e-002
 3.611770e+000  6.973000e-002  5.198340e-002
 3.614510e+000  2.068000e-002  5.238170e-002
 3.617240e+000  1.219000e-001  5.341060e-002
 3.619980e+000  1.067200e-001  5.301390e-002
 3.622710e+000  1.273800e-001  5.236490e-002
 3.625450e+000  1.578500e-001  5.276770e-002
 3.628180e+000  1.849800e-001  5.050690e-002
 3.630920e+000  1.534400e-001  5.048870e-002
 3.633650e+000  1.199900e-001  5.351030e-002
 3.636390e+000  1.429100e-001  5.153020e-002
 3.639120e+000  1.576500e-001  5.370010e-002
 3.641860e+000  9.386000e-002  5.267450e-002
 3.644590e+000  1.173200e-001  5.159230e-002
 3.647330e+000  1.205700e-001  5.123360e-002
 3.650060e+000  1.551300e-001  5.180990e-002
 3.652800e+000  1.113200e-001  5.211070e-002
 3.655530e+000  1.337800e-001  5.221060e-002
 3.658270e+000  9.881000e-002  5.153750e-002
 3.661000e+000  1.204900e-001  5.326310e-002
 3.663740e+000  1.484900e-001  5.326010e-002
 3.666470e+000  8.228000e-002  5.206940e-002
 3.669210e+000  1.539500e-001  5.169700e-002
 3.671940e+000  5.381000e-002  5.141560e-002
 3.674680e+000  1.000100e-001  5.334570e-002
 3.677410e+000  2.167200e-001  5.203410e-002
 3.680150e+000  1.752800e-001  5.220840e-002
 3.682880e+000  9.250000e-002  5.320470e-002
 3.685620e+000  7.036000e-002  5.220490e-002
 3.688350e+000  1.833000e-001  5.220470e-002
 3.691090e+000  1.143600e-001  5.195370e-002
 3.693830e+000  1.816400e-001  5.258710e-002
 3.696560e+000  1.918900e-001  5.177830e-002
 3.699300e+000  1.249500e-001  5.207940e-002
 3.702030e+000  1.392100e-001  5.272460e-002
 3.704770e+000  7.049000e-002  5.202060e-002
 3.707500e+000  6.456000e-002  5.177100e-002
 3.710240e+000  1.667600e-001  5.344630e-002
 3.712970e+000  1.506500e-001  5.244160e-002
 3.715710e+000  1.211500e-001  5.247310e-002
 3.718440e+000  7.821000e-002  5.185850e-002
 3.721180e+000  1.957000e-001  5.399640e-002
 3.723910e+000  1.150000e-001  5.114000e-002
 3.726650e+000  1.562500e-001  5.203140e-002
 3.729380e+000  1.958400e-001  5.168180e-002
 3.732120e+000  1.527200e-001  5.262840e-002
 3.734850e+000  1.612100e-001  5.207840e-002
 3.737590e+000  1.076600e-001  5.365190e-002
 3.740320e+000  1.483300e-001  5.165460e-002
 3.743060e+000  1.808200e-001  5.372230e-002
 3.745790e+000  6.237000e-002  5.180800e-002
 3.748530e+000  1.288100e-001  5.223850e-002
 3.751260e+000  1.616600e-001  5.184200e-002
 3.754000e+000  1.372100e-001  5.215650e-002
 3.756730e+000  1.659300e-001  5.146740e-002
 3.759470e+000  1.765600e-001  5.249420e-002
 3.762200e+000  1.836900e-001  5.257980e-002
 3.764940e+000  7.512000e-002  5.279230e-002
 3.767670e+000  1.258300e-001  5.170430e-002
 3.770410e+000  6.960000e-002  5.305820e-002
 3.773140e+000  1.276000e-001  5.098090e-002
 3.775880e+000  3.220000e-002  5.184190e-002
 3.778610e+000  8.455000e-002  5.344180e-002
 3.781350e+000  4.716000e-002  5.161000e-002
 3.784080e+000  1.454300e-001  5.130500e-002
 3.786820e+000  2.139600e-001  5.256210e-002
 3.789550e+000  1.906000e-001  5.302210e-002
 3.792290e+000  1.295400e-001  5.083070e-002
 3.795020e+000  5.558000e-002  5.238940e-002
 3.797760e+000  9.224000e-002  5.330870e-002
 3.800490e+000  9.565000e-002  5.212950e-002
 3.803230e+000  9.866000e-002  5.062450e-002
 3.805960e+000  1.367900e-001  5.118530e-002
 3.808700e+000  2.101500e-001  5.301030e-002
 3.811430e+000  1.383300e-001  5.214040e-002
 3.814170e+000  9.479000e-002  5.155130e-002
 3.816900e+000  2.269400e-001  5.183030e-002
 3.819640e+000  1.569500e-001  5.280150e-002
 3.822370e+000  4.503000e-002  5.153490e-002
 3.825110e+000  1.253200e-001  5.058860e-002
 3.827840e+000  1.022300e-001  5.263040e-002
 3.830580e+000  1.192000e-002  5.333340e-002
 3.833310e+000  1.489400e-001  5.173690e-002
 3.836050e+000  7.032000e-002  5.138060e-002
 3.838780e+000  8.233000e-002  5.181820e-002
 3.841520e+000  1.274300e-001  5.208920e-002
 3.844250e+000  9.089000e-002  5.177280e-002
 3.846990e+000  1.492000e-001  5.159000e-002
 3.849720e+000  8.536000e-002  5.026530e-002
 3.852460e+000  1.598800e-001  5.245580e-002
 3.855200e+000  8.860000e-002  5.147340e-002
 3.857930e+000  1.179100e-001  5.246670e-002
 3.860670e+000  1.003300e-001  5.143790e-002
 3.863400e+000  1.119800e-001  5.226650e-002
 3.866140e+000  1.674000e-001  5.076220e-002
 3.868870e+000  8.898000e-002  5.153520e-002
 3.871610e+000  1.600500e-001  5.249360e-002
 3.874340e+000  7.144000e-002  5.110850e-002
 3.877080e+000  7.116000e-002  5.232840e-002
 3.879810e+000  9.144000e-002  5.220700e-002
 3.882550e+000  8.321000e-002  5.210820e-002
 3.885280e+000  1.214300e-001  5.177010e-002
 3.888020e+000  1.695800e-001  5.394210e-002
 3.890750e+000  1.556600e-001  5.078070e-002
 3.893490e+000  1.627500e-001  5.322370e-002
 3.896220e+000  1.933300e-001  5.188560e-002
 3.898960e+000  1.050700e-001  5.248890e-002
 3.901690e+000  2.143700e-001  5.216780e-002
 3.904430e+000  8.575000e-002  5.059690e-002
 3.907160e+000  1.925500e-001  5.235500e-002
 3.909900e+000  1.574800e-001  5.187350e-002
 3.912630e+000  7.910000e-002  5.203320e-002
 3.915370e+000  8.371000e-002  5.175710e-002
 3.918100e+000  1.314500e-001  5.245770e-002
 3.920840e+000  9.417000e-002  5.139640e-002
 3.923570e+000  4.708000e-002  5.306630e-002
 3.926310e+000  4.675000e-002  5.211500e-002
 3.929040e+000  2.070800e-001  5.289020e-002
 3.931780e+000  1.754900e-001  5.287700e-002
 3.934510e+000  6.857000e-002  5.139050e-002
 3.937250e+000  1.622600e-001  6.012490e-002
 3.939980e+000  4.264000e-002  6.515120e-002
 3.942720e+000  6.678000e-002  6.702820e-002
 3.945450e+000  9.685000e-002  6.907900e-002
 3.948190e+000  1.286300e-001  7.808310e-002
 3.950920e+000  1.559900e-001  7.521240e-002
 3.953660e+000  3.202900e-001  8.054190e-002
 3.956390e+000  1.722800e-001  8.025310e-002
 3.959130e+000  1.118800e-001  8.254460e-002
 3.961860e+000  1.307200e-001  8.514390e-002
 3.964600e+000  2.726100e-001  7.165530e-002
 3.967330e+000  1.617300e-001  6.264880e-002
 3.970070e+000  1.347700e-001  5.970000e-002
 3.972800e+000  1.547300e-001  5.650660e-002
 3.975540e+000  1.972000e-002  5.600700e-002
 3.978270e+000  2.174100e-001  5.654390e-002
 3.981010e+000  1.001500e-001  5.705280e-002
 3.983740e+000  1.180400e-001  5.482850e-002
 3.986480e+000  7.739000e-002  5.617290e-002
 3.989210e+000  1.408700e-001  5.589710e-002
 3.991950e+000  1.623900e-001  5.734330e-002
 3.994680e+000  8.948000e-002  5.560310e-002
 3.997420e+000  7.415000e-002  5.561860e-002
 4.000150e+000  1.724000e-001  5.506160e-002
 4.002890e+000  9.985000e-002  5.409580e-002
 4.005620e+000  1.582500e-001  5.484560e-002
 4.008360e+000  8.397000e-002  5.465610e-002
 4.011100e+000  1.907500e-001  5.387290e-002
 4.013830e+000  8.003000e-002  5.358120e-002
 4.016570e+000  9.160000e-003  5.418540e-002
 4.019300e+000  4.277000e-002  5.275850e-002
 4.022040e+000  9.678000e-002  5.401930e-002
 4.024770e+000  9.508000e-002  5.398030e-002
 4.027510e+000  1.268000e-001  5.291950e-002
 4.030240e+000  1.404400e-001  5.376930e-002
 4.032980e+000  1.321800e-001  5.310440e-002
 4.035710e+000  1.317600e-001  5.265780e-002
 4.038450e+000  1.590800e-001  5.259000e-002
 4.041180e+000  3.851000e-002  5.212170e-002
 4.043920e+000  1.828800e-001  5.257970e-002
 4.046650e+000  1.301700e-001  5.080330e-002
 4.049390e+000  1.551300e-001  4.997850e-002
 4.052120e+000  2.044500e-001  4.986420e-002
 4.054860e+000  5.613000e-002  5.185590e-002
 4.057590e+000  2.478100e-001  5.077970e-002
 4.060330e+000  9.065000e-002  5.073190e-002
 4.063060e+000  1.227600e-001  5.170940e-002
 4.065800e+000  1.438100e-001  5.049020e-002
 4.068530e+000  1.227200e-001  5.033130e-002
 4.071270e+000  6.531000e-002  5.102960e-002
 4.074000e+000  8.837000e-002  5.121160e-002
 4.076740e+000  1.155500e-001  4.953530e-002
 4.079470e+000  5.756000e-002  5.103150e-002
 4.082210e+000  6.673000e-002  5.105660e-002
 4.084940e+000  8.651000e-002  4.967510e-002
 4.087680e+000  1.232200e-001  5.052390e-002
 4.090410e+000  1.597500e-001  5.176450e-002
 4.093150e+000  2.476300e-001  5.147560e-002
 4.095880e+000  1.850000e-001  5.156200e-002
 4.098620e+000  5.173000e-002  5.197630e-002
 4.101350e+000  8.575000e-002  5.178360e-002
 4.104090e+000  9.128000e-002  5.041720e-002
 4.106820e+000  1.328800e-001  5.107100e-002
 4.109560e+000  1.193100e-001  5.012810e-002
 4.112290e+000  1.356000e-001  5.004730e-002
 4.115030e+000  1.738100e-001  5.021600e-002
 4.117760e+000  1.438500e-001  5.166460e-002
 4.120500e+000  1.250400e-001  5.095570e-002
 4.123230e+000  1.634100e-001  5.073530e-002
 4.125970e+000  1.519300e-001  5.202080e-002
 4.128700e+000  1.308000e-001  5.182720e-002
 4.131440e+000  1.018700e-001  5.209890e-002
 4.134170e+000  1.196400e-001  5.116870e-002
 4.136910e+000  1.384100e-001  5.085420e-002
 4.139640e+000  1.924500e-001  5.074380e-002
 4.142380e+000  1.868900e-001  5.093860e-002
 4.145110e+000  1.564900e-001  5.165720e-002
 4.147850e+000  2.373300e-001  5.187980e-002
 4.150580e+000  9.699000e-002  5.059570e-002
 4.153320e+000  9.583000e-002  5.143390e-002
 4.156050e+000  1.519900e-001  5.091060e-002
 4.158790e+000  1.343200e-001  5.135860e-002
 4.161520e+000  1.565400e-001  4.931870e-002
 4.164260e+000  1.915400e-001  5.165190e-002
 4.166990e+000  7.891000e-002  5.199880e-002
 4.169730e+000  8.770000e-002  5.163740e-002
 4.172470e+000  7.162000e-002  5.035090e-002
 4.175200e+000  2.141400e-001  5.127780e-002
 4.177940e+000  1.472700e-001  4.964730e-002
 4.180670e+000  6.481000e-002  5.144480e-002
 4.183410e+000  1.742700e-001  5.019070e-002
 4.186140e+000  1.388700e-001  5.087590e-002
 4.188880e+000  1.666100e-001  5.129370e-002
 4.191610e+000  1.134400e-001  5.111320e-002
 4.194350e+000  1.995500e-001  5.138820e-002
 4.197080e+000  1.252300e-001  5.138790e-002
 4.199820e+000  7.278000e-002  5.128260e-002
 4.202550e+000  9.540000e-002  5.097370e-002
 4.205290e+000  1.876600e-001  5.167450e-002
 4.208020e+000  1.612900e-001  5.174450e-002
 4.210760e+000  1.859700e-001  5.193300e-002
 4.213490e+000  1.520100e-001  5.107360e-002
 4.216230e+000  8.211000e-002  5.045450e-002
 4.218960e+000  1.053800e-001  5.097020e-002
 4.221700e+000  1.180000e-001  5.081750e-002
 4.224430e+000  1.326600e-001  5.024600e-002
 4.227170e+000  1.046800e-001  5.229080e-002
 4.229900e+000  1.695100e-001  4.971290e-002
 4.232640e+000  1.389000e-001  5.216570e-002
 4.235370e+000  1.042800e-001  5.041000e-002
 4.238110e+000  1.520200e-001  5.003740e-002
 4.240840e+000  8.849000e-002  5.112060e-002
 4.243580e+000  1.652900e-001  5.280750e-002
 4.246310e+000  6.624000e-002  5.008450e-002
 4.249050e+000  1.253600e-001  5.010510e-002
 4.251780e+000  1.279900e-001  5.088290e-002
 4.254520e+000  1.817000e-001  5.095520e-002
 4.257250e+000  2.112200e-001  5.056380e-002
 4.259990e+000  1.752800e-001  4.918690e-002
 4.262720e+000  3.025800e-001  5.292130e-002
 4.265460e+000  1.834700e-001  5.089330e-002
 4.268190e+000  1.203600e-001  4.998420e-002
 4.270930e+000  7.480000e-002  5.047420e-002
 4.273660e+000  1.845900e-001  5.173230e-002
 4.276400e+000  1.834900e-001  5.122610e-002
 4.279130e+000  1.409100e-001  5.072680e-002
 4.281870e+000  1.371500e-001  5.036490e-002
 4.284600e+000  1.834700e-001  5.080430e-002
 4.287340e+000  1.448600e-001  5.143630e-002
 4.290070e+000  1.155000e-001  5.083110e-002
 4.292810e+000  4.364000e-002  5.069630e-002
 4.295540e+000  7.086000e-002  4.903670e-002
 4.298280e+000  1.320300e-001  5.165570e-002
 4.301010e+000  1.298900e-001  5.090650e-002
 4.303750e+000  6.875000e-002  4.999570e-002
 4.306480e+000  1.704000e-001  5.079410e-002
 4.309220e+000  1.323800e-001  5.022030e-002
 4.311950e+000  1.487400e-001  4.923360e-002
 4.314690e+000  9.444000e-002  5.193200e-002
 4.317420e+000  1.832200e-001  4.940660e-002
 4.320160e+000  9.295000e-002  5.034120e-002
 4.322890e+000  1.839400e-001  5.211570e-002
 4.325630e+000  1.064900e-001  5.057530e-002
 4.328370e+000  2.734000e-001  5.146260e-002
 4.331100e+000  1.803800e-001  5.164880e-002
 4.333840e+000  1.835800e-001  4.994600e-002
 4.336570e+000  1.237400e-001  5.042580e-002
 4.339310e+000  2.144500e-001  5.066020e-002
 4.342040e+000  1.063900e-001  5.117240e-002
 4.344780e+000  1.362000e-001  5.147440e-002
 4.347510e+000  1.283700e-001  5.159350e-002
 4.350250e+000  1.242600e-001  5.079210e-002
 4.352980e+000  6.615000e-002  5.059510e-002
 4.355720e+000  1.317000e-001  4.924120e-002
 4.358450e+000  1.643300e-001  5.126750e-002
 4.361190e+000  5.726000e-002  4.906370e-002
 4.363920e+000  1.429500e-001  5.023430e-002
 4.366660e+000  1.852800e-001  5.106970e-002
 4.369390e+000  9.869000e-002  5.167310e-002
 4.372130e+000  1.552600e-001  5.146560e-002
 4.374860e+000  1.447300e-001  5.051510e-002
 4.377600e+000  1.316000e-001  5.075570e-002
 4.380330e+000  1.534700e-001  5.057090e-002
 4.383070e+000  1.607100e-001  5.001210e-002
 4.385800e+000  1.426600e-001  5.066820e-002
 4.388540e+000  2.753900e-001  5.022000e-002
 4.391270e+000  1.811600e-001  5.090800e-002
 4.394010e+000  9.226000e-002  5.079100e-002
 4.396740e+000  9.302000e-002  5.133410e-002
 4.399480e+000  1.620200e-001  5.019360e-002
 4.402210e+000  1.150500e-001  5.002620e-002
 4.404950e+000  2.068700e-001  5.047250e-002
 4.407680e+000  1.571500e-001  5.095060e-002
 4.410420e+000  6.137000e-002  5.013510e-002
 4.413150e+000  1.278800e-001  5.108140e-002
 4.415890e+000  2.253600e-001  5.077190e-002
 4.418620e+000  1.169400e-001  5.133030e-002
 4.421360e+000  1.438900e-001  5.026110e-002
 4.424090e+000  1.348900e-001  5.110380e-002
 4.426830e+000  2.590000e-003  4.891070e-002
 4.429560e+000  1.583000e-001  5.210300e-002
 4.432300e+000  7.894000e-002  5.129090e-002
 4.435030e+000  2.165000e-001  5.114710e-002
 4.437770e+000  1.658100e-001  5.062880e-002
 4.440500e+000  1.227500e-001  5.165900e-002
 4.443240e+000  1.064800e-001  5.019900e-002
 4.445970e+000  1.568300e-001  4.979770e-002
 4.448710e+000  8.289000e-002  5.004810e-002
 4.451440e+000  1.181000e-001  5.048180e-002
 4.454180e+000  1.851000e-001  5.045000e-002
 4.456910e+000  1.343100e-001  4.967770e-002
 4.459650e+000  1.315900e-001  5.012230e-002
 4.462380e+000  7.696000e-002  5.086770e-002
 4.465120e+000  9.991000e-002  4.972830e-002
 4.467850e+000  1.957000e-001  4.998550e-002
 4.470590e+000  1.376800e-001  5.184860e-002
 4.473320e+000  1.437600e-001  5.115880e-002
 4.476060e+000  2.404100e-001  5.013130e-002
 4.478790e+000  1.993400e-001  4.947980e-002
 4.481530e+000  1.513200e-001  4.985420e-002
 4.484260e+000  1.715600e-001  5.010700e-002
 4.487000e+000  1.166100e-001  4.929090e-002
 4.489740e+000  1.081300e-001  5.020610e-002
 4.492470e+000  2.433400e-001  5.171080e-002
 4.495210e+000  6.835000e-002  4.916690e-002
 4.497940e+000  2.049200e-001  5.164120e-002
 4.500680e+000  1.589800e-001  5.098010e-002
 4.503410e+000  1.163300e-001  5.019210e-002
 4.506150e+000  9.576000e-002  4.948040e-002
 4.508880e+000  9.149000e-002  4.977150e-002
 4.511620e+000  1.163600e-001  5.175320e-002
 4.514350e+000  1.169800e-001  4.950260e-002
 4.517090e+000  1.855600e-001  5.009620e-002
 4.519820e+000  8.225000e-002  5.005800e-002
 4.522560e+000  1.216700e-001  5.031200e-002
 4.525290e+000  2.179700e-001  5.079190e-002
 4.528030e+000  2.032100e-001  5.031470e-002
 4.530760e+000  1.361600e-001  5.098870e-002
 4.533500e+000  1.079800e-001  5.126320e-002
 4.536230e+000  1.183100e-001  4.981770e-002
 4.538970e+000  1.595200e-001  5.098320e-002
 4.541700e+000  1.102600e-001  4.939400e-002
 4.544440e+000  1.783600e-001  5.118800e-002
 4.547170e+000  1.084100e-001  5.017070e-002
 4.549910e+000  4.830000e-002  4.977990e-002
 4.552640e+000  1.145600e-001  4.965560e-002
 4.555380e+000  1.514000e-001  5.129510e-002
 4.558110e+000  1.825700e-001  5.092610e-002
 4.560850e+000  1.824400e-001  4.964560e-002
 4.563580e+000  1.040100e-001  5.140520e-002
 4.566320e+000  1.915900e-001  5.192400e-002
 4.569050e+000  8.537000e-002  5.089480e-002
 4.571790e+000  2.159600e-001  4.967920e-002
 4.574520e+000  1.708400e-001  5.198420e-002
 4.577260e+000  1.771700e-001  5.035300e-002
 4.579990e+000  4.238000e-002  5.008480e-002
 4.582730e+000  1.512100e-001  4.920280e-002
 4.585460e+000  1.239500e-001  4.967230e-002
 4.588200e+000  1.324400e-001  4.959730e-002
 4.590930e+000  2.028700e-001  5.169140e-002
 4.593670e+000  2.020200e-001  5.072550e-002
 4.596400e+000  1.695400e-001  5.078310e-002
 4.599140e+000  1.683700e-001  5.096180e-002
 4.601870e+000  2.173800e-001  5.084460e-002
 4.604610e+000  1.557000e-001  5.128810e-002
 4.607340e+000  9.838000e-002  5.061420e-002
 4.610080e+000  1.210200e-001  5.020000e-002
 4.612810e+000  1.070600e-001  5.083830e-002
 4.615550e+000  1.851600e-001  5.021630e-002
 4.618280e+000  2.201900e-001  5.009010e-002
 4.621020e+000  9.699000e-002  4.959730e-002
 4.623750e+000  1.726100e-001  5.029380e-002
 4.626490e+000  1.626200e-001  4.909690e-002
 4.629220e+000  1.593900e-001  5.102540e-002
 4.631960e+000  2.021400e-001  4.928660e-002
 4.634690e+000  1.717400e-001  4.989180e-002
 4.637430e+000  1.771800e-001  4.955330e-002
 4.640160e+000  1.142000e-001  5.065140e-002
 4.642900e+000  1.491100e-001  5.094590e-002
 4.645640e+000  9.675000e-002  5.030570e-002
 4.648370e+000  1.702800e-001  4.982960e-002
 4.651110e+000  1.570900e-001  5.130100e-002
 4.653840e+000  2.053200e-001  4.942590e-002
 4.656580e+000  2.472800e-001  5.007780e-002
 4.659310e+000  1.740300e-001  4.955790e-002
 4.662050e+000  4.082000e-002  5.019610e-002
 4.664780e+000  1.585700e-001  5.086160e-002
 4.667520e+000  1.321500e-001  4.874370e-002
 4.670250e+000  1.178400e-001  5.182640e-002
 4.672990e+000  1.072500e-001  4.989610e-002
 4.675720e+000  1.286300e-001  5.019310e-002
 4.678460e+000  1.756600e-001  5.064540e-002
 4.681190e+000  1.022500e-001  5.037580e-002
 4.683930e+000  7.682000e-002  5.141140e-002
 4.686660e+000  7.334000e-002  4.957680e-002
 4.689400e+000  9.934000e-002  5.005780e-002
 4.692130e+000  1.794600e-001  5.074230e-002
 4.694870e+000  1.608100e-001  5.095660e-002
 4.697600e+000  1.914400e-001  4.982490e-002
 4.700340e+000  1.914200e-001  5.002790e-002
 4.703070e+000  1.476500e-001  5.061140e-002
 4.705810e+000  2.205400e-001  5.006930e-002
 4.708540e+000  1.840800e-001  5.130670e-002
 4.711280e+000  1.082700e-001  5.017750e-002
 4.714010e+000  1.961800e-001  5.044780e-002
 4.716750e+000  1.515900e-001  5.151340e-002
 4.719480e+000  1.879100e-001  4.993490e-002
 4.722220e+000  2.462700e-001  5.142210e-002
 4.724950e+000  1.617800e-001  5.095750e-002
 4.727690e+000  1.369500e-001  5.120200e-002
 4.730420e+000  2.135400e-001  4.891020e-002
 4.733160e+000  1.931600e-001  4.975240e-002
 4.735890e+000  1.035100e-001  5.085690e-002
 4.738630e+000  1.745200e-001  5.061820e-002
 4.741360e+000  1.880800e-001  5.176060e-002
 4.744100e+000  2.086500e-001  4.922000e-002
 4.746830e+000  2.115200e-001  5.047530e-002
 4.749570e+000  1.748700e-001  5.008270e-002
 4.752300e+000  8.735000e-002  4.994380e-002
 4.755040e+000  1.264500e-001  4.987270e-002
 4.757770e+000  2.277600e-001  4.851780e-002
 4.760510e+000  1.163600e-001  4.962520e-002
 4.763240e+000  1.895000e-001  5.014980e-002
 4.765980e+000  1.658000e-001  4.944640e-002
 4.768710e+000  1.321000e-001  5.040510e-002
 4.771450e+000  1.897600e-001  5.071760e-002
 4.774180e+000  1.565000e-001  5.085530e-002
 4.776920e+000  1.299200e-001  4.989340e-002
 4.779650e+000  1.533400e-001  5.051260e-002
 4.782390e+000  1.756100e-001  4.993460e-002
 4.785120e+000  9.255000e-002  4.980480e-002
 4.787860e+000  1.193700e-001  4.924050e-002
 4.790590e+000  1.659700e-001  5.116410e-002
 4.793330e+000  1.571300e-001  5.161870e-002
 4.796060e+000  1.930600e-001  4.980620e-002
 4.798800e+000  1.185200e-001  4.932840e-002
 4.801530e+000  1.466100e-001  5.061470e-002
 4.804270e+000  2.051300e-001  5.157950e-002
 4.807010e+000  1.385300e-001  4.950960e-002
 4.809740e+000  1.710400e-001  5.063200e-002
 4.812480e+000  1.567700e-001  5.008390e-002
 4.815210e+000  1.228000e-001  5.059550e-002
 4.817950e+000  8.786000e-002  4.886530e-002
 4.820680e+000  1.910700e-001  4.925590e-002
 4.823420e+000  1.421000e-001  5.029270e-002
 4.826150e+000  1.839100e-001  4.976500e-002
 4.828890e+000  1.250500e-001  5.097420e-002
 4.831620e+000  1.438600e-001  5.031400e-002
 4.834360e+000  9.662000e-002  5.126640e-002
 4.837090e+000  7.757000e-002  5.059790e-002
 4.839830e+000  1.380800e-001  4.918580e-002
 4.842560e+000  1.221100e-001  4.943230e-002
 4.845300e+000  2.044100e-001  5.106760e-002
 4.848030e+000  1.383100e-001  5.062480e-002
 4.850770e+000  1.381900e-001  4.903660e-002
 4.853500e+000  7.747000e-002  5.026870e-002
 4.856240e+000  1.175800e-001  5.120460e-002
 4.858970e+000  1.207900e-001  5.076190e-002
 4.861710e+000  2.131600e-001  5.029990e-002
 4.864440e+000  2.568800e-001  4.972850e-002
 4.867180e+000  2.427700e-001  5.188330e-002
 4.869910e+000  8.385000e-002  4.964480e-002
 4.872650e+000  9.320000e-002  4.898020e-002
 4.875380e+000  1.392000e-001  4.970060e-002
 4.878120e+000  1.651800e-001  5.063030e-002
 4.880850e+000  2.311600e-001  5.126220e-002
 4.883590e+000  1.986800e-001  5.084910e-002
 4.886320e+000  1.273200e-001  5.060790e-002
 4.889060e+000  1.112500e-001  4.904400e-002
 4.891790e+000  2.001800e-001  4.942300e-002
 4.894530e+000  1.664000e-001  5.070640e-002
 4.897260e+000  1.909100e-001  5.020970e-002
 4.900000e+000  1.791600e-001  4.909290e-002
 4.902730e+000  1.385600e-001  4.962550e-002
 4.905470e+000  1.223000e-001  4.983380e-002
 4.908200e+000  2.022500e-001  4.941640e-002
 4.910940e+000  2.211000e-002  5.128840e-002
 4.913670e+000  2.248300e-001  5.101160e-002
 4.916410e+000  1.561000e-001  5.095350e-002
 4.919140e+000  1.131100e-001  4.902930e-002
 4.921880e+000  1.421800e-001  5.054550e-002
 4.924610e+000  1.184000e-002  4.963380e-002
 4.927350e+000  1.312600e-001  5.115950e-002
 4.930080e+000  1.856400e-001  4.878600e-002
 4.932820e+000  7.939000e-002  5.008280e-002
 4.935550e+000  1.611300e-001  5.028200e-002
 4.938290e+000  1.693900e-001  5.098360e-002
 4.941020e+000  1.074300e-001  5.020470e-002
 4.943760e+000  1.647200e-001  5.084800e-002
 4.946490e+000  1.489400e-001  5.064930e-002
 4.949230e+000  1.451700e-001  5.044280e-002
 4.951960e+000  1.591400e-001  4.998350e-002
 4.954700e+000  1.242100e-001  5.256170e-002
 4.957430e+000  1.698600e-001  4.861700e-002
 4.960170e+000  9.590000e-002  4.865790e-002
 4.962900e+000  1.047700e-001  5.074800e-002
 4.965640e+000  1.628000e-001  5.087800e-002
 4.968380e+000  1.853000e-001  5.131550e-002
 4.971110e+000  1.431900e-001  4.989690e-002
 4.973850e+000  1.248400e-001  5.068210e-002
 4.976580e+000  1.448300e-001  5.023220e-002
 4.979320e+000  1.502800e-001  5.168680e-002
 4.982050e+000  1.103600e-001  5.068020e-002
 4.984790e+000  2.123700e-001  5.019350e-002
 4.987520e+000  1.466600e-001  4.993530e-002
 4.990260e+000  1.731900e-001  4.991400e-002
 4.992990e+000  1.131100e-001  4.881940e-002
 4.995730e+000  1.809500e-001  5.022470e-002
 4.998460e+000  1.154400e-001  5.037140e-002
 5.001200e+000  1.472800e-001  5.001550e-002
 5.003930e+000  3.952000e-002  4.866540e-002
 5.006670e+000  1.561400e-001  5.057180e-002
 5.009400e+000  1.349900e-001  5.065350e-002
 5.012140e+000  1.460700e-001  4.977950e-002
 5.014870e+000  1.408000e-001  5.029810e-002
 5.017610e+000  1.002800e-001  5.158370e-002
 5.020340e+000  1.879400e-001  5.162030e-002
 5.023080e+000  7.496000e-002  5.172740e-002
 5.025810e+000  9.091000e-002  5.000320e-002
 5.028550e+000  1.190700e-001  5.009180e-002
 5.031280e+000  1.628900e-001  5.014480e-002
 5.034020e+000  9.291000e-002  5.179060e-002
 5.036750e+000  1.670100e-001  5.038700e-002
 5.039490e+000  2.122700e-001  5.078540e-002
 5.042220e+000  1.216700e-001  4.973490e-002
 5.044960e+000  1.420200e-001  5.052520e-002
 5.047690e+000  1.686800e-001  5.119790e-002
 5.050430e+000  1.491400e-001  4.882780e-002
 5.053160e+000  1.293800e-001  5.098210e-002
 5.055900e+000  9.572000e-002  4.972240e-002
 5.058630e+000  1.143400e-001  5.044930e-002
 5.061370e+000  7.139000e-002  4.985310e-002
 5.064100e+000  5.793000e-002  5.111670e-002
 5.066840e+000  1.935200e-001  5.145240e-002
 5.069570e+000  1.176100e-001  4.983290e-002
 5.072310e+000  1.478600e-001  4.924130e-002
 5.075040e+000  9.583000e-002  5.002970e-002
 5.077780e+000  1.325200e-001  5.057100e-002
 5.080510e+000  2.385100e-001  4.980340e-002
 5.083250e+000  9.710000e-002  5.081080e-002
 5.085980e+000  1.043500e-001  4.969350e-002
 5.088720e+000  1.280900e-001  4.893940e-002
 5.091450e+000  1.084200e-001  5.098680e-002
 5.094190e+000  1.385400e-001  5.142620e-002
 5.096920e+000  2.432200e-001  5.065130e-002
 5.099660e+000  1.908000e-001  5.009700e-002
 5.102390e+000  1.136600e-001  5.103920e-002
 5.105130e+000  1.171000e-001  5.016190e-002
 5.107860e+000  1.807200e-001  5.105530e-002
 5.110600e+000  1.362600e-001  4.973800e-002
 5.113330e+000  1.586100e-001  5.019290e-002
 5.116070e+000  1.675100e-001  4.928510e-002
 5.118800e+000  1.650500e-001  4.983630e-002
 5.121540e+000  2.484200e-001  5.086350e-002
 5.124280e+000  1.206200e-001  5.165290e-002
 5.127010e+000  2.171700e-001  5.090540e-002
 5.129750e+000  2.027500e-001  4.971650e-002
 5.132480e+000  1.470800e-001  4.885210e-002
 5.135220e+000  1.491500e-001  4.911290e-002
 5.137950e+000  2.318700e-001  5.032100e-002
 5.140690e+000  1.170000e-001  4.920740e-002
 5.143420e+000  1.513900e-001  5.007650e-002
 5.146160e+000  1.486100e-001  5.092530e-002
 5.148890e+000  6.176000e-002  4.878780e-002
 5.151630e+000  9.373000e-002  5.055300e-002
 5.154360e+000  1.226600e-001  5.109300e-002
 5.157100e+000  2.017400e-001  5.048340e-002
 5.159830e+000  2.067900e-001  5.017280e-002
 5.162570e+000  2.270800e-001  5.042170e-002
 5.165300e+000  1.310600e-001  5.086220e-002
 5.168040e+000  1.250900e-001  5.157810e-002
 5.170770e+000  1.103300e-001  5.164840e-002
 5.173510e+000  1.133900e-001  5.077600e-002
 5.176240e+000  1.634700e-001  4.885430e-002
 5.178980e+000  1.796700e-001  5.031810e-002
 5.181710e+000  1.153500e-001  5.068670e-002
 5.184450e+000  1.254900e-001  4.952560e-002
 5.187180e+000  1.832100e-001  4.992870e-002
 5.189920e+000  1.115700e-001  4.902920e-002
 5.192650e+000  1.371100e-001  4.973550e-002
 5.195390e+000  2.259500e-001  5.135170e-002
 5.198120e+000  8.455000e-002  4.981950e-002
 5.200860e+000  1.692900e-001  5.059480e-002
 5.203590e+000  1.981400e-001  4.953130e-002
 5.206330e+000  1.832300e-001  5.009790e-002
 5.209060e+000  1.036400e-001  4.969420e-002
 5.211800e+000  8.810000e-002  4.867090e-002
 5.214530e+000  2.199000e-001  4.930910e-002
 5.217270e+000  1.971200e-001  5.041550e-002
 5.220000e+000  1.672700e-001  4.967990e-002
 5.222740e+000  1.995300e-001  5.037910e-002
 5.225470e+000  1.709400e-001  5.029240e-002
 5.228210e+000  2.142000e-001  5.145670e-002
 5.230940e+000  1.415800e-001  4.993640e-002
 5.233680e+000  2.358500e-001  4.993860e-002
 5.236410e+000  1.135000e-001  5.100480e-002
 5.239150e+000  2.528000e-001  4.901570e-002
 5.241880e+000  1.493500e-001  4.941660e-002
 5.244620e+000  7.884000e-002  4.961820e-002
 5.247350e+000  1.559400e-001  5.136590e-002
 5.250090e+000  1.605800e-001  4.929630e-002
 5.252820e+000  1.112000e-001  5.046800e-002
 5.255560e+000  2.321300e-001  4.952660e-002
 5.258290e+000  1.440500e-001  5.062200e-002
 5.261030e+000  1.785900e-001  4.899870e-002
 5.263760e+000  1.580100e-001  5.075100e-002
 5.266500e+000  1.612900e-001  5.015940e-002
 5.269230e+000  1.139700e-001  4.864520e-002
 5.271970e+000  1.297500e-001  4.982120e-002
 5.274700e+000  9.512000e-002  4.985260e-002
 5.277440e+000  1.864000e-001  5.071980e-002
 5.280170e+000  2.113000e-001  5.089300e-002
 5.282910e+000  8.023000e-002  5.177720e-002
 5.285650e+000  1.507300e-001  4.978220e-002
 5.288380e+000  1.305300e-001  5.875160e-002
 5.291120e+000  1.888600e-001  6.289730e-002
 5.293850e+000  1.484100e-001  6.832290e-002
 5.296590e+000  1.651200e-001  7.283280e-002
 5.299320e+000  2.252300e-001  7.325970e-002
 5.302060e+000  1.367800e-001  7.181750e-002
 5.304790e+000  2.566900e-001  8.231200e-002
 5.307530e+000  4.523000e-002  8.529480e-002
 5.310260e+000  1.774800e-001  8.858670e-002
 5.313000e+000  2.458000e-001  6.786040e-002
 5.315730e+000  4.811000e-002  6.018800e-002
 5.318470e+000  1.833400e-001  5.811380e-002
 5.321200e+000  1.871800e-001  5.579710e-002
 5.323940e+000  1.234100e-001  5.606120e-002
 5.326670e+000  1.854000e-001  5.510650e-002
 5.329410e+000  1.906500e-001  5.451570e-002
 5.332140e+000  1.707600e-001  5.536490e-002
 5.334880e+000  1.704200e-001  5.444470e-002
 5.337610e+000  1.387400e-001  5.541090e-002
 5.340350e+000  9.815000e-002  5.518920e-002
 5.343080e+000  1.460800e-001  5.415180e-002
 5.345820e+000  1.475400e-001  5.553460e-002
 5.348550e+000  1.961700e-001  5.625990e-002
 5.351290e+000  1.147200e-001  5.451960e-002
 5.354020e+000  3.857000e-002  5.421980e-002
 5.356760e+000  1.783800e-001  5.240010e-002
 5.359490e+000  1.431700e-001  5.341240e-002
 5.362230e+000  2.319800e-001  5.147710e-002
 5.364960e+000  1.573700e-001  5.254710e-002
 5.367700e+000  7.632000e-002  5.110250e-002
 5.370430e+000  1.207300e-001  5.108150e-002
 5.373170e+000  8.298000e-002  4.956130e-002
 5.375900e+000  1.251200e-001  4.996430e-002
 5.378640e+000  9.884000e-002  5.025970e-002
 5.381370e+000  1.982500e-001  5.113850e-002
 5.384110e+000  1.677500e-001  5.040000e-002
 5.386840e+000  1.235800e-001  5.041930e-002
 5.389580e+000  1.577600e-001  4.868830e-002
 5.392310e+000  1.079300e-001  5.018840e-002
 5.395050e+000  1.955600e-001  5.147860e-002
 5.397780e+000  1.107000e-001  4.982010e-002
 5.400520e+000  1.860900e-001  4.997870e-002
 5.403250e+000  1.013600e-001  5.002090e-002
 5.405990e+000  1.167700e-001  4.860560e-002
 5.408720e+000  1.391900e-001  4.866070e-002
 5.411460e+000  1.116200e-001  4.988460e-002
 5.414190e+000  1.849200e-001  5.181670e-002
 5.416930e+000  1.415300e-001  4.985920e-002
 5.419660e+000  1.052100e-001  5.059680e-002
 5.422400e+000  1.615600e-001  4.975260e-002
 5.425130e+000  9.161000e-002  4.927600e-002
 5.427870e+000  2.010800e-001  5.065110e-002
 5.430600e+000  1.802200e-001  5.109030e-002
 5.433340e+000  1.455100e-001  4.963750e-002
 5.436070e+000  1.200600e-001  5.054800e-002
 5.438810e+000  6.706000e-002  5.056790e-002
 5.441550e+000  1.630000e-001  4.970210e-002
 5.444280e+000  1.832600e-001  5.042000e-002
 5.447020e+000  2.000900e-001  5.055530e-002
 5.449750e+000  1.451600e-001  4.985000e-002
 5.452490e+000  1.597500e-001  4.963890e-002
 5.455220e+000  1.466700e-001  5.048330e-002
 5.457960e+000  1.323600e-001  5.049850e-002
 5.460690e+000  1.655100e-001  5.034580e-002
 5.463430e+000  8.832000e-002  5.073910e-002
 5.466160e+000  1.848200e-001  4.955770e-002
 5.468900e+000  5.114000e-002  4.952880e-002
 5.471630e+000  1.444700e-001  4.999950e-002
 5.474370e+000  1.336400e-001  5.036560e-002
 5.477100e+000  1.285200e-001  5.014850e-002
 5.479840e+000  1.183300e-001  5.042700e-002
 5.482570e+000  1.404200e-001  5.166620e-002
 5.485310e+000  1.861700e-001  5.082590e-002
 5.488040e+000  1.635000e-001  4.960740e-002
 5.490780e+000  7.198000e-002  5.193510e-002
 5.493510e+000  1.067600e-001  4.993620e-002
 5.496250e+000  9.805000e-002  5.153760e-002
 5.498980e+000  1.452800e-001  5.019240e-002
 5.501720e+000  1.875000e-001  4.943490e-002
 5.504450e+000  1.163300e-001  4.954840e-002
 5.507190e+000  1.141500e-001  5.073850e-002
 5.509920e+000  1.223200e-001  4.992510e-002
 5.512660e+000  1.812200e-001  5.116500e-002
 5.515390e+000  8.177000e-002  5.211220e-002
 5.518130e+000  1.321700e-001  5.115510e-002
 5.520860e+000  1.983000e-001  5.090680e-002
 5.523600e+000  1.329000e-001  5.061550e-002
 5.526330e+000  1.563800e-001  4.948900e-002
 5.529070e+000  1.181000e-001  5.767990e-002
 5.531800e+000  4.545000e-002  6.092480e-002
 5.534540e+000  2.574000e-001  6.597240e-002
 5.537270e+000  2.331200e-001  5.820740e-002
 5.540010e+000  2.126400e-001  5.399140e-002
 5.542740e+000  1.590800e-001  5.545700e-002
 5.545480e+000  1.229400e-001  5.127910e-002
 5.548210e+000  1.132000e-001  5.114570e-002
 5.550950e+000  1.542000e-001  5.212310e-002
 5.553680e+000  1.086100e-001  5.216560e-002
 5.556420e+000  2.703000e-002  5.152910e-002
 5.559150e+000  2.416900e-001  5.175300e-002
 5.561890e+000  1.283500e-001  5.182200e-002
 5.564620e+000  1.151100e-001  5.147710e-002
 5.567360e+000  1.794800e-001  5.265480e-002
 5.570090e+000  1.697900e-001  5.222540e-002
 5.572830e+000  1.758500e-001  5.191860e-002
 5.575560e+000  9.097000e-002  5.223030e-002
 5.578300e+000  1.058100e-001  5.039300e-002
 5.581030e+000  1.370900e-001  5.299610e-002
 5.583770e+000  1.922800e-001  5.162910e-002
 5.586500e+000  1.933100e-001  5.045600e-002
 5.589240e+000  1.678600e-001  5.176580e-002
 5.591970e+000  1.695500e-001  4.978000e-002
 5.594710e+000  1.603200e-001  4.963590e-002
 5.597440e+000  3.505000e-002  4.949140e-002
 5.600180e+000  1.927800e-001  4.908440e-002
 5.602920e+000  1.202900e-001  5.007020e-002
 5.605650e+000  8.517000e-002  5.123590e-002
 5.608390e+000  2.309400e-001  5.048660e-002
 5.611120e+000  1.171200e-001  5.078480e-002
 5.613860e+000  1.667700e-001  5.062610e-002
 5.616590e+000  6.985000e-002  4.959530e-002
 5.619330e+000  1.290200e-001  5.032420e-002
 5.622060e+000  9.659000e-002  4.959940e-002
 5.624800e+000  1.928100e-001  4.854640e-002
 5.627530e+000  1.265900e-001  4.955710e-002
 5.630270e+000  1.205400e-001  4.946430e-002
 5.633000e+000  8.977000e-002  4.979790e-002
 5.635740e+000  1.398500e-001  5.026510e-002
 5.638470e+000  2.095400e-001  5.105880e-002
 5.641210e+000  1.415900e-001  5.083860e-002
 5.643940e+000  1.219400e-001  4.984930e-002
 5.646680e+000  8.206000e-002  4.983430e-002
 5.649410e+000  5.621000e-002  5.104130e-002
 5.652150e+000  1.403100e-001  5.007770e-002
 5.654880e+000  1.357500e-001  4.939200e-002
 5.657620e+000  2.006000e-001  4.987750e-002
 5.660350e+000  1.163000e-001  4.907060e-002
 5.663090e+000  1.379300e-001  5.077270e-002
 5.665820e+000  1.360800e-001  5.124730e-002
 5.668560e+000  8.576000e-002  4.967790e-002
 5.671290e+000  1.182300e-001  4.876630e-002
 5.674030e+000  1.727900e-001  4.961820e-002
 5.676760e+000  1.547200e-001  5.050710e-002
 5.679500e+000  1.263200e-001  5.023720e-002
 5.682230e+000  1.239400e-001  4.905410e-002
 5.684970e+000  9.746000e-002  5.006550e-002
 5.687700e+000  1.331400e-001  4.966320e-002
 5.690440e+000  5.644000e-002  4.944740e-002
 5.693170e+000  1.392900e-001  4.801940e-002
 5.695910e+000  1.106100e-001  5.059960e-002
 5.698640e+000  1.187800e-001  5.054430e-002
 5.701380e+000  1.637800e-001  5.025130e-002
 5.704110e+000  7.710000e-002  5.020300e-002
 5.706850e+000  1.683400e-001  5.030160e-002
 5.709580e+000  1.647000e-001  5.043300e-002
 5.712320e+000  9.847000e-002  5.065510e-002
 5.715050e+000  9.644000e-002  4.882110e-002
 5.717790e+000  1.029600e-001  5.048780e-002
 5.720520e+000  9.384000e-002  4.955190e-002
 5.723260e+000  1.150300e-001  5.010520e-002
 5.725990e+000  2.037700e-001  4.916490e-002
 5.728730e+000  7.138000e-002  4.944810e-002
 5.731460e+000  1.752200e-001  4.976160e-002
 5.734200e+000  2.264000e-002  5.065700e-002
 5.736930e+000  8.730000e-002  5.039960e-002
 5.739670e+000  1.838000e-001  4.972880e-002
 5.742400e+000  7.420000e-002  5.065060e-002
 5.745140e+000  2.713700e-001  5.047810e-002
 5.747870e+000  8.829000e-002  4.969390e-002
 5.750610e+000  1.240900e-001  5.028670e-002
 5.753340e+000  1.660200e-001  5.088840e-002
 5.756080e+000  1.292500e-001  4.903000e-002
 5.758820e+000  1.388600e-001  5.081960e-002
 5.761550e+000  1.650100e-001  5.093760e-002
 5.764290e+000  2.107100e-001  5.102050e-002
 5.767020e+000  1.112800e-001  4.963110e-002
 5.769760e+000  9.177000e-002  4.967070e-002
 5.772490e+000  8.359000e-002  4.980800e-002
 5.775230e+000  1.402200e-001  4.994390e-002
 5.777960e+000  6.723000e-002  5.044870e-002
 5.780700e+000  1.321100e-001  5.011830e-002
 5.783430e+000  9.188000e-002  5.003880e-002
 5.786170e+000  1.922900e-001  5.170060e-002
 5.788900e+000  7.679000e-002  5.081640e-002
 5.791640e+000  1.800900e-001  4.948180e-002
 5.794370e+000  1.855200e-001  4.973120e-002
 5.797110e+000  1.588200e-001  4.978590e-002
 5.799840e+000  2.369000e-002  4.959560e-002
 5.802580e+000  1.142500e-001  4.934800e-002
 5.805310e+000  1.441800e-001  4.920420e-002
 5.808050e+000  1.317500e-001  5.041710e-002
 5.810780e+000  1.148300e-001  5.040020e-002
 5.813520e+000  8.255000e-002  5.072950e-002
 5.816250e+000  1.087200e-001  5.028850e-002
 5.818990e+000  1.044000e-001  4.981030e-002
 5.821720e+000  1.494500e-001  5.115010e-002
 5.824460e+000  2.787000e-002  5.116450e-002
 5.827190e+000  1.390000e-001  5.011330e-002
 5.829930e+000  1.751200e-001  4.980580e-002
 5.832660e+000  2.188000e-001  5.075010e-002
 5.835400e+000  1.248500e-001  5.111650e-002
 5.838130e+000  2.661500e-001  4.990140e-002
 5.840870e+000  1.358800e-001  4.972880e-002
 5.843600e+000  1.461100e-001  4.996500e-002
 5.846340e+000  1.289900e-001  4.918340e-002
 5.849070e+000  8.919000e-002  5.054490e-002
 5.851810e+000  3.726000e-002  5.004990e-002
 5.854540e+000  6.164000e-002  5.087940e-002
 5.857280e+000  8.846000e-002  4.911810e-002
 5.860010e+000  1.452000e-001  5.064640e-002
 5.862750e+000  1.696400e-001  4.884310e-002
 5.865480e+000  1.559800e-001  4.873030e-002
 5.868220e+000  1.797000e-002  5.038790e-002
 5.870950e+000  1.141000e-001  5.060190e-002
 5.873690e+000  8.966000e-002  4.886450e-002
 5.876420e+000  5.360000e-002  5.026530e-002
 5.879160e+000  1.674800e-001  4.921260e-002
 5.881890e+000  9.445000e-002  5.031370e-002
 5.884630e+000  1.367000e-001  4.983820e-002
 5.887360e+000  9.637000e-002  4.949790e-002
 5.890100e+000  1.655000e-001  5.124860e-002
 5.892830e+000  8.021000e-002  5.103740e-002
 5.895570e+000  8.807000e-002  4.945630e-002
 5.898300e+000  1.257000e-001  4.952250e-002
 5.901040e+000  1.676700e-001  5.046940e-002
 5.903770e+000  1.652400e-001  4.819170e-002
 5.906510e+000  9.896000e-002  4.996720e-002
 5.909240e+000  1.266600e-001  4.888240e-002
 5.911980e+000  1.697500e-001  4.877230e-002
 5.914710e+000  1.357500e-001  4.966870e-002
 5.917450e+000  8.506000e-002  4.944400e-002
 5.920190e+000  9.524000e-002  5.228070e-002
 5.922920e+000  1.488900e-001  5.032590e-002
 5.925660e+000  2.444400e-001  4.947820e-002
 5.928390e+000  1.190000e-001  4.993160e-002
 5.931130e+000  8.975000e-002  5.144860e-002
 5.933860e+000  1.400600e-001  5.035170e-002
 5.936600e+000  1.502600e-001  5.072420e-002
 5.939330e+000  1.126400e-001  4.838720e-002
 5.942070e+000  1.476600e-001  5.038140e-002
 5.944800e+000  5.233000e-002  4.848500e-002
 5.947540e+000  1.170500e-001  4.941120e-002
 5.950270e+000  7.633000e-002  5.189880e-002
 5.953010e+000  6.247000e-002  4.923900e-002
 5.955740e+000 -5.390000e-003  5.191130e-002
 5.958480e+000  9.602000e-002  5.059670e-002
 5.961210e+000  1.374800e-001  5.232760e-002
 5.963950e+000  1.305200e-001  5.171610e-002
 5.966680e+000  7.006000e-002  5.306590e-002
 5.969420e+000  1.036600e-001  5.383760e-002
 5.972150e+000  1.746700e-001  5.784680e-002
 5.974890e+000  1.575300e-001  6.496130e-002
 5.977620e+000 -3.055000e-002  7.387390e-002
 5.980360e+000  1.868000e-001  7.331780e-002
 5.983090e+000  1.155800e-001  7.554940e-002
 5.985830e+000  7.306000e-002  7.835910e-002
 5.988560e+000  1.841100e-001  8.134620e-002
 5.991300e+000  1.027400e-001  9.370380e-002
 5.994030e+000 -1.140800e-001  9.860650e-002
 5.996770e+000  7.738000e-002  9.682670e-002
 5.999500e+000  1.755200e-001  1.031120e-001
 6.002240e+000  2.765300e-001  1.110440e-001
 6.004970e+000  1.349400e-001  1.125030e-001
 6.007710e+000  6.748000e-002  1.204340e-001
 6.010440e+000 -3.534000e-002  1.295470e-001
 6.013180e+000  1.079500e-001  1.510320e-001
 6.015910e+000  3.686800e-001  1.688060e-001
 6.018650e+000  3.659500e-001  1.995410e-001
 6.021380e+000 -2.053000e-002  2.544670e-001
 6.024120e+000 -5.097300e-001  4.554100e-001
parent: phage_zc.dat
creator: datcrop
creator-version: v0.2 (r2835)
datcrop-operation: Skipped points: 25
