 Merge of: WT_high_subt WT_half_subt WT_quart_sub WT_low_subt.                                                                                                                                                                                                  
WT_high_subt  Conc = .10E+01  Mult = .10E+01  N1 =   40  N2 =  872  SCALE =  1
WT_half_subt  Conc = .10E+01  Mult = .10E+01  N1 =   40  N2 =  872  SCALE =  1
WT_quart_sub  Conc = .10E+01  Mult = .97E+00  N1 =   40  N2 =  380  SCALE =  1
WT_low_subt.  Conc = .10E+01  Mult = .98E+00  N1 =   40  N2 =  320  SCALE =  1
 0.154945E+00  0.123694E+03  0.121389E+01
 0.157628E+00  0.122868E+03  0.112153E+01
 0.160310E+00  0.121824E+03  0.105752E+01
 0.162992E+00  0.121077E+03  0.100617E+01
 0.165674E+00  0.119491E+03  0.982062E+00
 0.168357E+00  0.119854E+03  0.945891E+00
 0.171039E+00  0.119866E+03  0.910296E+00
 0.173721E+00  0.120034E+03  0.866554E+00
 0.176403E+00  0.120012E+03  0.858663E+00
 0.179086E+00  0.119380E+03  0.838422E+00
 0.181768E+00  0.118173E+03  0.790930E+00
 0.184450E+00  0.119301E+03  0.763882E+00
 0.187132E+00  0.118706E+03  0.757157E+00
 0.189815E+00  0.116528E+03  0.732854E+00
 0.192497E+00  0.115789E+03  0.717581E+00
 0.195179E+00  0.116438E+03  0.671150E+00
 0.197861E+00  0.116238E+03  0.666693E+00
 0.200544E+00  0.116482E+03  0.651875E+00
 0.203226E+00  0.116448E+03  0.645454E+00
 0.205908E+00  0.115482E+03  0.622936E+00
 0.208591E+00  0.113987E+03  0.600842E+00
 0.211273E+00  0.113926E+03  0.607249E+00
 0.213955E+00  0.113019E+03  0.581520E+00
 0.216637E+00  0.113203E+03  0.568675E+00
 0.219320E+00  0.112182E+03  0.561667E+00
 0.222002E+00  0.112430E+03  0.547310E+00
 0.224684E+00  0.112164E+03  0.546739E+00
 0.227366E+00  0.111056E+03  0.519960E+00
 0.230049E+00  0.110804E+03  0.527399E+00
 0.232731E+00  0.110674E+03  0.510812E+00
 0.235413E+00  0.110135E+03  0.506335E+00
 0.238095E+00  0.109150E+03  0.503684E+00
 0.240778E+00  0.109345E+03  0.476725E+00
 0.243460E+00  0.108506E+03  0.483830E+00
 0.246142E+00  0.108681E+03  0.478705E+00
 0.248824E+00  0.108424E+03  0.470544E+00
 0.251507E+00  0.107331E+03  0.465008E+00
 0.254189E+00  0.106511E+03  0.453205E+00
 0.256871E+00  0.106300E+03  0.463144E+00
 0.259553E+00  0.105774E+03  0.450866E+00
 0.262236E+00  0.105901E+03  0.444763E+00
 0.264918E+00  0.104876E+03  0.445807E+00
 0.267600E+00  0.104206E+03  0.432104E+00
 0.270282E+00  0.103778E+03  0.443316E+00
 0.272965E+00  0.102497E+03  0.427103E+00
 0.275647E+00  0.102324E+03  0.432525E+00
 0.278329E+00  0.102525E+03  0.430974E+00
 0.281012E+00  0.101537E+03  0.419794E+00
 0.283694E+00  0.101517E+03  0.426673E+00
 0.286376E+00  0.100629E+03  0.414118E+00
 0.289058E+00  0.100559E+03  0.417016E+00
 0.291741E+00  0.997781E+02  0.417737E+00
 0.294423E+00  0.987403E+02  0.415671E+00
 0.297105E+00  0.984380E+02  0.417273E+00
 0.299787E+00  0.981981E+02  0.410578E+00
 0.302470E+00  0.980276E+02  0.413044E+00
 0.305152E+00  0.973497E+02  0.411194E+00
 0.307834E+00  0.961731E+02  0.405171E+00
 0.310516E+00  0.961226E+02  0.411531E+00
 0.313199E+00  0.957950E+02  0.414361E+00
 0.315881E+00  0.952579E+02  0.414296E+00
 0.318563E+00  0.944403E+02  0.405381E+00
 0.321245E+00  0.934704E+02  0.408075E+00
 0.323928E+00  0.928158E+02  0.410684E+00
 0.326610E+00  0.928954E+02  0.414462E+00
 0.329292E+00  0.918879E+02  0.408243E+00
 0.331974E+00  0.912207E+02  0.399620E+00
 0.334657E+00  0.910521E+02  0.408559E+00
 0.337339E+00  0.902817E+02  0.410175E+00
 0.340021E+00  0.897794E+02  0.416969E+00
 0.342703E+00  0.893585E+02  0.406765E+00
 0.345386E+00  0.883035E+02  0.402209E+00
 0.348068E+00  0.878618E+02  0.405776E+00
 0.350750E+00  0.873819E+02  0.410120E+00
 0.353432E+00  0.875057E+02  0.410287E+00
 0.356115E+00  0.859287E+02  0.400647E+00
 0.358797E+00  0.859973E+02  0.405137E+00
 0.361479E+00  0.850302E+02  0.411092E+00
 0.364162E+00  0.845578E+02  0.402996E+00
 0.366844E+00  0.841972E+02  0.404824E+00
 0.369526E+00  0.831980E+02  0.405292E+00
 0.372208E+00  0.832341E+02  0.407298E+00
 0.374891E+00  0.831609E+02  0.408677E+00
 0.377573E+00  0.822184E+02  0.400197E+00
 0.380255E+00  0.818479E+02  0.407076E+00
 0.382937E+00  0.807354E+02  0.403613E+00
 0.385620E+00  0.803864E+02  0.405033E+00
 0.388302E+00  0.800275E+02  0.397080E+00
 0.390984E+00  0.795361E+02  0.403840E+00
 0.393666E+00  0.787554E+02  0.406017E+00
 0.396349E+00  0.785503E+02  0.404235E+00
 0.399031E+00  0.782716E+02  0.397659E+00
 0.401713E+00  0.771804E+02  0.400694E+00
 0.404395E+00  0.764213E+02  0.402970E+00
 0.407078E+00  0.763517E+02  0.403141E+00
 0.409760E+00  0.757891E+02  0.399581E+00
 0.412442E+00  0.756527E+02  0.401565E+00
 0.415124E+00  0.747482E+02  0.397850E+00
 0.417807E+00  0.739667E+02  0.399746E+00
 0.420489E+00  0.739006E+02  0.399705E+00
 0.423171E+00  0.730385E+02  0.397787E+00
 0.425853E+00  0.726394E+02  0.400290E+00
 0.428536E+00  0.725102E+02  0.402579E+00
 0.431218E+00  0.715825E+02  0.395162E+00
 0.433900E+00  0.707265E+02  0.388151E+00
 0.436583E+00  0.701235E+02  0.393057E+00
 0.439265E+00  0.701339E+02  0.395904E+00
 0.441947E+00  0.694046E+02  0.396154E+00
 0.444629E+00  0.688135E+02  0.393886E+00
 0.447312E+00  0.682117E+02  0.390441E+00
 0.449994E+00  0.677564E+02  0.393312E+00
 0.452676E+00  0.670204E+02  0.392187E+00
 0.455358E+00  0.664037E+02  0.386976E+00
 0.458041E+00  0.662046E+02  0.389401E+00
 0.460723E+00  0.661088E+02  0.391445E+00
 0.463405E+00  0.652047E+02  0.387128E+00
 0.466087E+00  0.644977E+02  0.384206E+00
 0.468770E+00  0.629826E+02  0.383269E+00
 0.471452E+00  0.636037E+02  0.389974E+00
 0.474134E+00  0.634863E+02  0.390358E+00
 0.476816E+00  0.628577E+02  0.387359E+00
 0.479499E+00  0.620166E+02  0.383000E+00
 0.482181E+00  0.616695E+02  0.381235E+00
 0.484863E+00  0.611121E+02  0.383503E+00
 0.487545E+00  0.608732E+02  0.386214E+00
 0.490228E+00  0.607144E+02  0.376939E+00
 0.492910E+00  0.604879E+02  0.381800E+00
 0.495592E+00  0.597460E+02  0.385450E+00
 0.498274E+00  0.589836E+02  0.384168E+00
 0.500957E+00  0.581792E+02  0.377598E+00
 0.503639E+00  0.577564E+02  0.378628E+00
 0.506321E+00  0.575657E+02  0.383291E+00
 0.509004E+00  0.569856E+02  0.381954E+00
 0.511686E+00  0.566804E+02  0.379018E+00
 0.514368E+00  0.565484E+02  0.377253E+00
 0.517050E+00  0.559558E+02  0.378067E+00
 0.519733E+00  0.552333E+02  0.377687E+00
 0.522415E+00  0.543268E+02  0.374659E+00
 0.525097E+00  0.541509E+02  0.376038E+00
 0.527779E+00  0.537378E+02  0.374588E+00
 0.530462E+00  0.533479E+02  0.374163E+00
 0.533144E+00  0.532182E+02  0.375648E+00
 0.535826E+00  0.528735E+02  0.372347E+00
 0.538508E+00  0.523794E+02  0.371413E+00
 0.541191E+00  0.516130E+02  0.375357E+00
 0.543873E+00  0.510202E+02  0.374980E+00
 0.546555E+00  0.511732E+02  0.368396E+00
 0.549237E+00  0.503465E+02  0.367284E+00
 0.551920E+00  0.503370E+02  0.372842E+00
 0.554602E+00  0.499060E+02  0.375013E+00
 0.557284E+00  0.497441E+02  0.370444E+00
 0.559966E+00  0.489233E+02  0.370883E+00
 0.562649E+00  0.484455E+02  0.370301E+00
 0.565331E+00  0.484572E+02  0.370905E+00
 0.568013E+00  0.473529E+02  0.363941E+00
 0.570695E+00  0.479045E+02  0.369694E+00
 0.573378E+00  0.469986E+02  0.366952E+00
 0.576060E+00  0.460899E+02  0.367172E+00
 0.578742E+00  0.456442E+02  0.366401E+00
 0.581425E+00  0.451083E+02  0.361281E+00
 0.584107E+00  0.450260E+02  0.361988E+00
 0.586789E+00  0.441992E+02  0.364278E+00
 0.589471E+00  0.445190E+02  0.364021E+00
 0.592154E+00  0.438958E+02  0.360171E+00
 0.594836E+00  0.431350E+02  0.360676E+00
 0.597518E+00  0.432287E+02  0.361937E+00
 0.600200E+00  0.429489E+02  0.363582E+00
 0.602883E+00  0.424979E+02  0.358986E+00
 0.605565E+00  0.422721E+02  0.362875E+00
 0.608247E+00  0.422327E+02  0.362352E+00
 0.610929E+00  0.413527E+02  0.360870E+00
 0.613612E+00  0.409065E+02  0.352040E+00
 0.616294E+00  0.404885E+02  0.355197E+00
 0.618976E+00  0.402001E+02  0.362358E+00
 0.621658E+00  0.398220E+02  0.359944E+00
 0.624341E+00  0.398813E+02  0.358173E+00
 0.627023E+00  0.391813E+02  0.355201E+00
 0.629705E+00  0.391474E+02  0.354363E+00
 0.632387E+00  0.388097E+02  0.355576E+00
 0.635070E+00  0.381433E+02  0.353646E+00
 0.637752E+00  0.378792E+02  0.354195E+00
 0.640434E+00  0.376410E+02  0.356622E+00
 0.643116E+00  0.373431E+02  0.354130E+00
 0.645799E+00  0.366361E+02  0.352098E+00
 0.648481E+00  0.363356E+02  0.346843E+00
 0.651163E+00  0.359606E+02  0.345724E+00
 0.653845E+00  0.360090E+02  0.348003E+00
 0.656528E+00  0.358713E+02  0.351539E+00
 0.659210E+00  0.352745E+02  0.351771E+00
 0.661892E+00  0.351612E+02  0.347478E+00
 0.664575E+00  0.347973E+02  0.348553E+00
 0.667257E+00  0.342356E+02  0.349633E+00
 0.669939E+00  0.338445E+02  0.349841E+00
 0.672621E+00  0.332874E+02  0.350890E+00
 0.675304E+00  0.331977E+02  0.349262E+00
 0.677986E+00  0.325740E+02  0.342730E+00
 0.680668E+00  0.319531E+02  0.345135E+00
 0.683350E+00  0.322517E+02  0.344332E+00
 0.686033E+00  0.321979E+02  0.343142E+00
 0.688715E+00  0.319347E+02  0.344654E+00
 0.691397E+00  0.311728E+02  0.344233E+00
 0.694079E+00  0.308660E+02  0.342175E+00
 0.696762E+00  0.307618E+02  0.342037E+00
 0.699444E+00  0.301388E+02  0.345174E+00
 0.702126E+00  0.301122E+02  0.342018E+00
 0.704808E+00  0.296460E+02  0.343506E+00
 0.707491E+00  0.295534E+02  0.343877E+00
 0.710173E+00  0.293727E+02  0.340198E+00
 0.712855E+00  0.292612E+02  0.340524E+00
 0.715537E+00  0.286046E+02  0.340959E+00
 0.718220E+00  0.287618E+02  0.344357E+00
 0.720902E+00  0.281963E+02  0.336809E+00
 0.723584E+00  0.281029E+02  0.341169E+00
 0.726266E+00  0.272198E+02  0.341397E+00
 0.728949E+00  0.271493E+02  0.335551E+00
 0.731631E+00  0.272691E+02  0.337500E+00
 0.734313E+00  0.271886E+02  0.338651E+00
 0.736996E+00  0.265476E+02  0.340168E+00
 0.739678E+00  0.262682E+02  0.339066E+00
 0.742360E+00  0.264865E+02  0.338735E+00
 0.745042E+00  0.260426E+02  0.336486E+00
 0.747725E+00  0.256857E+02  0.334567E+00
 0.750407E+00  0.252891E+02  0.336020E+00
 0.753089E+00  0.249177E+02  0.336828E+00
 0.755771E+00  0.248940E+02  0.335419E+00
 0.758454E+00  0.247529E+02  0.336388E+00
 0.761136E+00  0.244445E+02  0.332433E+00
 0.763818E+00  0.240562E+02  0.331637E+00
 0.766500E+00  0.240147E+02  0.334789E+00
 0.769183E+00  0.233729E+02  0.331932E+00
 0.771865E+00  0.236016E+02  0.334709E+00
 0.774547E+00  0.230460E+02  0.331088E+00
 0.777229E+00  0.230675E+02  0.325922E+00
 0.779912E+00  0.227349E+02  0.330590E+00
 0.782594E+00  0.219381E+02  0.332729E+00
 0.785276E+00  0.217968E+02  0.330276E+00
 0.787958E+00  0.216899E+02  0.329050E+00
 0.790641E+00  0.217921E+02  0.330304E+00
 0.793323E+00  0.220326E+02  0.330879E+00
 0.796005E+00  0.215533E+02  0.327574E+00
 0.798687E+00  0.216196E+02  0.328995E+00
 0.801370E+00  0.207613E+02  0.329930E+00
 0.804052E+00  0.206666E+02  0.330050E+00
 0.806734E+00  0.206780E+02  0.329780E+00
 0.809417E+00  0.204933E+02  0.327890E+00
 0.812099E+00  0.200083E+02  0.325377E+00
 0.814781E+00  0.201816E+02  0.327498E+00
 0.817463E+00  0.200138E+02  0.326812E+00
 0.820146E+00  0.199243E+02  0.328062E+00
 0.822828E+00  0.191990E+02  0.328262E+00
 0.825510E+00  0.189962E+02  0.326198E+00
 0.828192E+00  0.194151E+02  0.323679E+00
 0.830875E+00  0.188249E+02  0.322424E+00
 0.833557E+00  0.182822E+02  0.323755E+00
 0.836239E+00  0.181538E+02  0.322767E+00
 0.838921E+00  0.178825E+02  0.322099E+00
 0.841604E+00  0.179401E+02  0.325136E+00
 0.844286E+00  0.178250E+02  0.321879E+00
 0.846968E+00  0.177263E+02  0.323891E+00
 0.849650E+00  0.178410E+02  0.322716E+00
 0.852333E+00  0.174354E+02  0.324630E+00
 0.855015E+00  0.169631E+02  0.322836E+00
 0.857697E+00  0.170094E+02  0.322948E+00
 0.860379E+00  0.165475E+02  0.322237E+00
 0.863062E+00  0.165785E+02  0.321212E+00
 0.865744E+00  0.160473E+02  0.322762E+00
 0.868426E+00  0.159374E+02  0.321433E+00
 0.871108E+00  0.157908E+02  0.317255E+00
 0.873791E+00  0.157980E+02  0.321177E+00
 0.876473E+00  0.151432E+02  0.320362E+00
 0.879155E+00  0.154588E+02  0.318595E+00
 0.881837E+00  0.154675E+02  0.320176E+00
 0.884520E+00  0.151612E+02  0.319996E+00
 0.887202E+00  0.151354E+02  0.321780E+00
 0.889884E+00  0.149150E+02  0.320184E+00
 0.892567E+00  0.145163E+02  0.318462E+00
 0.895249E+00  0.147504E+02  0.314360E+00
 0.897931E+00  0.143518E+02  0.316635E+00
 0.900613E+00  0.141853E+02  0.318226E+00
 0.903296E+00  0.139949E+02  0.315372E+00
 0.905978E+00  0.138160E+02  0.331676E+00
 0.908660E+00  0.135834E+02  0.218346E+00
 0.911342E+00  0.137098E+02  0.218195E+00
 0.914025E+00  0.136116E+02  0.218789E+00
 0.916707E+00  0.130960E+02  0.217643E+00
 0.919389E+00  0.130852E+02  0.218598E+00
 0.922071E+00  0.130867E+02  0.217442E+00
 0.924754E+00  0.129952E+02  0.218613E+00
 0.927436E+00  0.123597E+02  0.217229E+00
 0.930118E+00  0.123711E+02  0.216709E+00
 0.932800E+00  0.124932E+02  0.216861E+00
 0.935483E+00  0.123400E+02  0.217063E+00
 0.938165E+00  0.122242E+02  0.215067E+00
 0.940847E+00  0.120296E+02  0.215993E+00
 0.943529E+00  0.120066E+02  0.216416E+00
 0.946212E+00  0.118357E+02  0.215265E+00
 0.948894E+00  0.116887E+02  0.214150E+00
 0.951576E+00  0.113613E+02  0.213638E+00
 0.954258E+00  0.112162E+02  0.213491E+00
 0.956941E+00  0.112586E+02  0.212941E+00
 0.959623E+00  0.111265E+02  0.211374E+00
 0.962305E+00  0.110394E+02  0.213145E+00
 0.964988E+00  0.110668E+02  0.213259E+00
 0.967670E+00  0.108439E+02  0.211698E+00
 0.970352E+00  0.106664E+02  0.211784E+00
 0.973034E+00  0.105309E+02  0.210767E+00
 0.975717E+00  0.105756E+02  0.211238E+00
 0.978399E+00  0.103134E+02  0.209561E+00
 0.981081E+00  0.105727E+02  0.208989E+00
 0.983763E+00  0.104213E+02  0.208633E+00
 0.986446E+00  0.101595E+02  0.210032E+00
 0.989128E+00  0.963200E+01  0.208463E+00
 0.991810E+00  0.983669E+01  0.209938E+00
 0.994492E+00  0.942429E+01  0.211276E+00
 0.997175E+00  0.960958E+01  0.210423E+00
 0.999857E+00  0.958831E+01  0.209538E+00
 0.100254E+01  0.972147E+01  0.208289E+00
 0.100522E+01  0.940760E+01  0.206388E+00
 0.100790E+01  0.934575E+01  0.208390E+00
 0.101059E+01  0.918924E+01  0.209245E+00
 0.101327E+01  0.917032E+01  0.208997E+00
 0.101595E+01  0.912295E+01  0.208477E+00
 0.101863E+01  0.896242E+01  0.209208E+00
 0.102131E+01  0.884801E+01  0.207999E+00
 0.102400E+01  0.866411E+01  0.208020E+00
 0.102668E+01  0.828917E+01  0.207567E+00
 0.102936E+01  0.829328E+01  0.206873E+00
 0.103204E+01  0.841651E+01  0.206073E+00
 0.103473E+01  0.823931E+01  0.206819E+00
 0.103741E+01  0.846564E+01  0.207495E+00
 0.104009E+01  0.829262E+01  0.208106E+00
 0.104277E+01  0.816203E+01  0.207087E+00
 0.104546E+01  0.819430E+01  0.207092E+00
 0.104814E+01  0.790821E+01  0.207187E+00
 0.105082E+01  0.801644E+01  0.206438E+00
 0.105350E+01  0.801297E+01  0.205259E+00
 0.105618E+01  0.795508E+01  0.205391E+00
 0.105887E+01  0.773713E+01  0.205424E+00
 0.106155E+01  0.757331E+01  0.206525E+00
 0.106423E+01  0.765180E+01  0.206693E+00
 0.106691E+01  0.761558E+01  0.216686E+00
 0.106960E+01  0.745789E+01  0.161061E+00
 0.107228E+01  0.731966E+01  0.159790E+00
 0.107496E+01  0.720830E+01  0.158827E+00
 0.107764E+01  0.696175E+01  0.158942E+00
 0.108032E+01  0.712575E+01  0.159154E+00
 0.108301E+01  0.713745E+01  0.159948E+00
 0.108569E+01  0.713190E+01  0.160179E+00
 0.108837E+01  0.686950E+01  0.158484E+00
 0.109105E+01  0.690237E+01  0.158254E+00
 0.109374E+01  0.672532E+01  0.159104E+00
 0.109642E+01  0.655501E+01  0.158588E+00
 0.109910E+01  0.677093E+01  0.158320E+00
 0.110178E+01  0.668618E+01  0.158707E+00
 0.110446E+01  0.661657E+01  0.157757E+00
 0.110715E+01  0.649367E+01  0.156622E+00
 0.110983E+01  0.655528E+01  0.157426E+00
 0.111251E+01  0.642379E+01  0.157098E+00
 0.111519E+01  0.639031E+01  0.156258E+00
 0.111788E+01  0.634705E+01  0.157280E+00
 0.112056E+01  0.620109E+01  0.157204E+00
 0.112324E+01  0.622672E+01  0.157402E+00
 0.112592E+01  0.589445E+01  0.156637E+00
 0.112861E+01  0.596197E+01  0.155762E+00
 0.113129E+01  0.579528E+01  0.156369E+00
 0.113397E+01  0.564578E+01  0.155272E+00
 0.113665E+01  0.581825E+01  0.155516E+00
 0.113933E+01  0.563203E+01  0.154394E+00
 0.114202E+01  0.566087E+01  0.156234E+00
 0.114470E+01  0.558160E+01  0.155732E+00
 0.114738E+01  0.571546E+01  0.156676E+00
 0.115006E+01  0.559981E+01  0.154927E+00
 0.115275E+01  0.539235E+01  0.155294E+00
 0.115543E+01  0.522325E+01  0.154065E+00
 0.115811E+01  0.529956E+01  0.155116E+00
 0.116079E+01  0.533678E+01  0.155777E+00
 0.116347E+01  0.534107E+01  0.154742E+00
 0.116616E+01  0.520282E+01  0.152651E+00
 0.116884E+01  0.526422E+01  0.154741E+00
 0.117152E+01  0.530455E+01  0.154826E+00
 0.117420E+01  0.525943E+01  0.153291E+00
 0.117689E+01  0.534563E+01  0.153710E+00
 0.117957E+01  0.514482E+01  0.153803E+00
 0.118225E+01  0.505591E+01  0.154098E+00
 0.118493E+01  0.512324E+01  0.153650E+00
 0.118762E+01  0.494028E+01  0.153556E+00
 0.119030E+01  0.493304E+01  0.153477E+00
 0.119298E+01  0.484461E+01  0.151784E+00
 0.119566E+01  0.483229E+01  0.153214E+00
 0.119834E+01  0.484802E+01  0.153166E+00
 0.120103E+01  0.487535E+01  0.152691E+00
 0.120371E+01  0.475672E+01  0.216561E+00
 0.120639E+01  0.481992E+01  0.126767E+00
 0.121176E+01  0.477948E+01  0.146248E+00
 0.121712E+01  0.471558E+01  0.128679E+00
 0.122248E+01  0.459621E+01  0.151169E+00
 0.122785E+01  0.449212E+01  0.183954E+00
 0.123321E+01  0.442394E+01  0.212738E+00
 0.123858E+01  0.460488E+01  0.167287E+00
 0.124394E+01  0.438911E+01  0.138397E+00
 0.124931E+01  0.448197E+01  0.125449E+00
 0.125467E+01  0.414049E+01  0.115524E+00
 0.126004E+01  0.409227E+01  0.110404E+00
 0.126540E+01  0.410912E+01  0.107121E+00
 0.127077E+01  0.397187E+01  0.106149E+00
 0.127613E+01  0.384808E+01  0.105749E+00
 0.128149E+01  0.382841E+01  0.105991E+00
 0.128686E+01  0.391626E+01  0.105733E+00
 0.129222E+01  0.371689E+01  0.105359E+00
 0.129759E+01  0.375507E+01  0.105586E+00
 0.130295E+01  0.363697E+01  0.105331E+00
 0.130832E+01  0.374787E+01  0.105346E+00
 0.131368E+01  0.367062E+01  0.105288E+00
 0.131905E+01  0.357002E+01  0.105579E+00
 0.132441E+01  0.352410E+01  0.105057E+00
 0.132977E+01  0.345655E+01  0.104236E+00
 0.133514E+01  0.346927E+01  0.104656E+00
 0.134050E+01  0.341975E+01  0.104154E+00
 0.134587E+01  0.330944E+01  0.104690E+00
 0.135123E+01  0.335409E+01  0.105065E+00
 0.135660E+01  0.317700E+01  0.104447E+00
 0.136196E+01  0.324938E+01  0.103155E+00
 0.136733E+01  0.314238E+01  0.103844E+00
 0.137269E+01  0.324578E+01  0.103978E+00
 0.137806E+01  0.311671E+01  0.103851E+00
 0.138342E+01  0.312999E+01  0.103755E+00
 0.138878E+01  0.311451E+01  0.103486E+00
 0.139415E+01  0.309214E+01  0.103530E+00
 0.139951E+01  0.302851E+01  0.103595E+00
 0.140488E+01  0.306035E+01  0.103773E+00
 0.141024E+01  0.297396E+01  0.103613E+00
 0.141561E+01  0.289203E+01  0.103982E+00
 0.142097E+01  0.280009E+01  0.103146E+00
 0.142634E+01  0.288741E+01  0.102490E+00
 0.143170E+01  0.285795E+01  0.101007E+00
 0.143707E+01  0.279637E+01  0.101671E+00
 0.144243E+01  0.281838E+01  0.103921E+00
 0.144779E+01  0.286852E+01  0.104651E+00
 0.145316E+01  0.277339E+01  0.104794E+00
 0.145852E+01  0.294731E+01  0.104858E+00
 0.146389E+01  0.277445E+01  0.104310E+00
 0.146925E+01  0.273349E+01  0.103917E+00
 0.147462E+01  0.275835E+01  0.104208E+00
 0.147998E+01  0.267653E+01  0.104021E+00
 0.148535E+01  0.275332E+01  0.105052E+00
 0.149071E+01  0.268009E+01  0.104910E+00
 0.149607E+01  0.265641E+01  0.104526E+00
 0.150144E+01  0.260654E+01  0.105220E+00
 0.150680E+01  0.255426E+01  0.104031E+00
 0.151217E+01  0.259696E+01  0.103944E+00
 0.151753E+01  0.258676E+01  0.104258E+00
 0.152290E+01  0.237181E+01  0.104210E+00
 0.152826E+01  0.249092E+01  0.104077E+00
 0.153363E+01  0.262905E+01  0.104224E+00
 0.153899E+01  0.250549E+01  0.104004E+00
 0.154436E+01  0.247065E+01  0.103667E+00
 0.154972E+01  0.271218E+01  0.103745E+00
 0.155508E+01  0.266121E+01  0.103375E+00
 0.156045E+01  0.243502E+01  0.103839E+00
 0.156581E+01  0.251739E+01  0.103627E+00
 0.157118E+01  0.246259E+01  0.103915E+00
 0.157654E+01  0.230582E+01  0.103779E+00
 0.158191E+01  0.238428E+01  0.103820E+00
 0.158727E+01  0.240657E+01  0.103234E+00
 0.159264E+01  0.232185E+01  0.102687E+00
 0.159800E+01  0.235913E+01  0.102497E+00
 0.160337E+01  0.231771E+01  0.103053E+00
 0.160873E+01  0.225879E+01  0.103468E+00
 0.161409E+01  0.221841E+01  0.102820E+00
 0.161946E+01  0.210427E+01  0.103143E+00
 0.162482E+01  0.218554E+01  0.102679E+00
 0.163019E+01  0.200520E+01  0.102520E+00
 0.163555E+01  0.203086E+01  0.102555E+00
 0.164092E+01  0.212455E+01  0.102467E+00
 0.164628E+01  0.210101E+01  0.102572E+00
 0.165165E+01  0.214920E+01  0.102458E+00
 0.165701E+01  0.216323E+01  0.102417E+00
 0.166237E+01  0.200178E+01  0.102005E+00
 0.166774E+01  0.206002E+01  0.101987E+00
 0.167310E+01  0.201350E+01  0.102025E+00
 0.167847E+01  0.195423E+01  0.102378E+00
 0.168383E+01  0.206888E+01  0.101865E+00
 0.168920E+01  0.193768E+01  0.102309E+00
 0.169456E+01  0.196607E+01  0.101841E+00
 0.169993E+01  0.193694E+01  0.101315E+00
 0.170529E+01  0.194536E+01  0.101504E+00
 0.171066E+01  0.191215E+01  0.101975E+00
 0.171602E+01  0.194651E+01  0.101935E+00
 0.172138E+01  0.182654E+01  0.102036E+00
 0.172675E+01  0.180283E+01  0.101801E+00
 0.173211E+01  0.179559E+01  0.102358E+00
 0.173748E+01  0.182641E+01  0.102296E+00
 0.174284E+01  0.169947E+01  0.101389E+00
 0.174821E+01  0.167594E+01  0.101712E+00
 0.175357E+01  0.173133E+01  0.101446E+00
 0.175894E+01  0.168207E+01  0.101676E+00
 0.176430E+01  0.188581E+01  0.101988E+00
 0.176967E+01  0.173457E+01  0.101761E+00
 0.177503E+01  0.162462E+01  0.101051E+00
 0.178039E+01  0.175153E+01  0.100561E+00
 0.178576E+01  0.177130E+01  0.101428E+00
 0.179112E+01  0.159170E+01  0.101325E+00
 0.179649E+01  0.162596E+01  0.101268E+00
 0.180185E+01  0.158916E+01  0.100992E+00
 0.180722E+01  0.155980E+01  0.101410E+00
 0.181258E+01  0.168959E+01  0.100861E+00
 0.181795E+01  0.165321E+01  0.101042E+00
 0.182331E+01  0.157876E+01  0.101151E+00
 0.182867E+01  0.157957E+01  0.100944E+00
 0.183404E+01  0.153250E+01  0.100816E+00
 0.183940E+01  0.157218E+01  0.100169E+00
 0.184477E+01  0.153318E+01  0.100625E+00
 0.185013E+01  0.169368E+01  0.100685E+00
 0.185550E+01  0.159563E+01  0.100797E+00
 0.186086E+01  0.145919E+01  0.100372E+00
 0.186623E+01  0.155191E+01  0.100901E+00
 0.187159E+01  0.148704E+01  0.100898E+00
 0.187696E+01  0.147668E+01  0.100687E+00
 0.188232E+01  0.145263E+01  0.100655E+00
 0.188768E+01  0.130344E+01  0.100409E+00
 0.189305E+01  0.137236E+01  0.100472E+00
 0.189841E+01  0.145950E+01  0.100234E+00
 0.190378E+01  0.134480E+01  0.100579E+00
 0.190914E+01  0.121922E+01  0.100561E+00
 0.191451E+01  0.136736E+01  0.100646E+00
 0.191987E+01  0.132305E+01  0.100341E+00
 0.192524E+01  0.140618E+01  0.100438E+00
 0.193060E+01  0.119827E+01  0.100118E+00
 0.193597E+01  0.122547E+01  0.996821E-01
 0.194133E+01  0.124771E+01  0.995890E-01
 0.194669E+01  0.126492E+01  0.994265E-01
 0.195206E+01  0.136121E+01  0.996362E-01
 0.195742E+01  0.127963E+01  0.997376E-01
 0.196279E+01  0.134052E+01  0.998419E-01
 0.196815E+01  0.125296E+01  0.996805E-01
 0.197352E+01  0.124413E+01  0.993967E-01
 0.197888E+01  0.122255E+01  0.991078E-01
 0.198425E+01  0.122315E+01  0.993198E-01
 0.198961E+01  0.125429E+01  0.994995E-01
 0.199497E+01  0.123452E+01  0.988735E-01
 0.200034E+01  0.115640E+01  0.994964E-01
 0.200570E+01  0.112579E+01  0.990509E-01
 0.201107E+01  0.113884E+01  0.992759E-01
 0.201643E+01  0.104185E+01  0.992257E-01
 0.202180E+01  0.109151E+01  0.993581E-01
 0.202716E+01  0.110130E+01  0.992397E-01
 0.203253E+01  0.104152E+01  0.993731E-01
 0.203789E+01  0.106438E+01  0.991585E-01
 0.204326E+01  0.109735E+01  0.987848E-01
 0.204862E+01  0.105889E+01  0.992209E-01
 0.205398E+01  0.985263E+00  0.990805E-01
 0.205935E+01  0.931308E+00  0.992701E-01
 0.206471E+01  0.111948E+01  0.993701E-01
 0.207008E+01  0.100799E+01  0.992662E-01
 0.207544E+01  0.104442E+01  0.988229E-01
 0.208081E+01  0.911656E+00  0.988415E-01
 0.208617E+01  0.110351E+01  0.982774E-01
 0.209154E+01  0.951455E+00  0.986488E-01
 0.209690E+01  0.102212E+01  0.986227E-01
 0.210227E+01  0.102065E+01  0.987860E-01
 0.210763E+01  0.964009E+00  0.988643E-01
 0.211299E+01  0.903929E+00  0.988322E-01
 0.211836E+01  0.931556E+00  0.992001E-01
 0.212372E+01  0.929079E+00  0.984308E-01
 0.212909E+01  0.869645E+00  0.981689E-01
 0.213445E+01  0.873068E+00  0.977925E-01
 0.213982E+01  0.920177E+00  0.983609E-01
 0.214518E+01  0.991583E+00  0.981162E-01
 0.215055E+01  0.881999E+00  0.984137E-01
 0.215591E+01  0.888610E+00  0.981405E-01
 0.216127E+01  0.901086E+00  0.979367E-01
 0.216664E+01  0.861525E+00  0.981043E-01
 0.217200E+01  0.893911E+00  0.982207E-01
 0.217737E+01  0.780286E+00  0.982642E-01
 0.218273E+01  0.781551E+00  0.976023E-01
 0.218810E+01  0.782754E+00  0.980051E-01
 0.219346E+01  0.781264E+00  0.974488E-01
 0.219883E+01  0.832682E+00  0.979482E-01
 0.220419E+01  0.949692E+00  0.977864E-01
 0.220956E+01  0.814906E+00  0.973934E-01
 0.221492E+01  0.871108E+00  0.980109E-01
 0.222028E+01  0.729297E+00  0.978692E-01
 0.222565E+01  0.851343E+00  0.978068E-01
 0.223101E+01  0.723871E+00  0.973794E-01
 0.223638E+01  0.805103E+00  0.979274E-01
 0.224174E+01  0.929867E+00  0.978426E-01
 0.224711E+01  0.858881E+00  0.975249E-01
 0.225247E+01  0.829929E+00  0.972592E-01
 0.225784E+01  0.653358E+00  0.968566E-01
 0.226320E+01  0.802832E+00  0.968629E-01
 0.226857E+01  0.769729E+00  0.972245E-01
 0.227393E+01  0.778219E+00  0.971465E-01
 0.227929E+01  0.832182E+00  0.970425E-01
 0.228466E+01  0.691368E+00  0.974613E-01
 0.229002E+01  0.626259E+00  0.971822E-01
 0.229539E+01  0.742070E+00  0.971185E-01
 0.230075E+01  0.612162E+00  0.972185E-01
 0.230612E+01  0.723300E+00  0.974570E-01
 0.231148E+01  0.746929E+00  0.969832E-01
 0.231685E+01  0.788326E+00  0.970216E-01
 0.232221E+01  0.607342E+00  0.964671E-01
 0.232758E+01  0.645269E+00  0.967985E-01
 0.233294E+01  0.794464E+00  0.967759E-01
 0.233830E+01  0.727340E+00  0.963788E-01
 0.234367E+01  0.665033E+00  0.971772E-01
 0.234903E+01  0.761858E+00  0.969940E-01
 0.235440E+01  0.698653E+00  0.971945E-01
 0.235976E+01  0.756956E+00  0.967561E-01
 0.236513E+01  0.759809E+00  0.970671E-01
 0.237049E+01  0.856257E+00  0.963913E-01
 0.237586E+01  0.687744E+00  0.972729E-01
 0.238122E+01  0.648320E+00  0.970897E-01
 0.238658E+01  0.812180E+00  0.971006E-01
 0.239195E+01  0.690663E+00  0.972244E-01
 0.239731E+01  0.559270E+00  0.969992E-01
 0.240268E+01  0.504010E+00  0.972163E-01
 0.240804E+01  0.652077E+00  0.965695E-01
 0.241341E+01  0.576080E+00  0.967845E-01
 0.241877E+01  0.605628E+00  0.136188E+00
 0.242414E+01  0.654901E+00  0.654884E-01
 0.243487E+01  0.555973E+00  0.669722E-01
 0.244559E+01  0.558951E+00  0.682427E-01
 0.245632E+01  0.555286E+00  0.679626E-01
 0.246705E+01  0.587064E+00  0.681860E-01
 0.247778E+01  0.623611E+00  0.679990E-01
 0.248851E+01  0.650524E+00  0.680565E-01
 0.249924E+01  0.602415E+00  0.679306E-01
 0.250997E+01  0.580741E+00  0.679819E-01
 0.252070E+01  0.671784E+00  0.680845E-01
 0.253143E+01  0.610072E+00  0.664489E-01
 0.254216E+01  0.596747E+00  0.510832E-01
 0.255288E+01  0.596747E+00  0.299135E-01
 0.256361E+01  0.602135E+00  0.557555E-01
 0.257434E+01  0.633372E+00  0.670502E-01
 0.258507E+01  0.609057E+00  0.677652E-01
 0.259580E+01  0.489561E+00  0.676320E-01
 0.260653E+01  0.585404E+00  0.678666E-01
 0.261726E+01  0.583848E+00  0.676899E-01
 0.262799E+01  0.580825E+00  0.677517E-01
 0.263872E+01  0.555954E+00  0.674287E-01
 0.264945E+01  0.537894E+00  0.673672E-01
 0.266018E+01  0.609615E+00  0.673031E-01
 0.267090E+01  0.660126E+00  0.675419E-01
 0.268163E+01  0.573652E+00  0.676010E-01
 0.269236E+01  0.525542E+00  0.675956E-01
 0.270309E+01  0.546906E+00  0.675675E-01
 0.271382E+01  0.514962E+00  0.673330E-01
 0.272455E+01  0.562836E+00  0.674795E-01
 0.273528E+01  0.525662E+00  0.674977E-01
 0.274601E+01  0.582779E+00  0.674712E-01
 0.275674E+01  0.695388E+00  0.673654E-01
 0.276747E+01  0.595436E+00  0.673559E-01
 0.277819E+01  0.471887E+00  0.672673E-01
 0.278892E+01  0.443444E+00  0.670906E-01
 0.279965E+01  0.508068E+00  0.670490E-01
 0.281038E+01  0.557361E+00  0.670721E-01
 0.282111E+01  0.552050E+00  0.669928E-01
 0.283184E+01  0.510340E+00  0.667955E-01
 0.284257E+01  0.523649E+00  0.669271E-01
 0.285330E+01  0.496761E+00  0.668587E-01
 0.286403E+01  0.495574E+00  0.669475E-01
 0.287476E+01  0.581553E+00  0.672653E-01
 0.288548E+01  0.550053E+00  0.673198E-01
 0.289621E+01  0.521307E+00  0.672003E-01
 0.290694E+01  0.513745E+00  0.670233E-01
 0.291767E+01  0.487475E+00  0.668367E-01
 0.292840E+01  0.473385E+00  0.668540E-01
 0.293913E+01  0.548247E+00  0.664707E-01
 0.294986E+01  0.526727E+00  0.667818E-01
 0.296059E+01  0.424645E+00  0.665470E-01
 0.297132E+01  0.480109E+00  0.665397E-01
 0.298205E+01  0.543988E+00  0.664191E-01
 0.299278E+01  0.646749E+00  0.664014E-01
 0.300350E+01  0.650462E+00  0.663251E-01
 0.301423E+01  0.584065E+00  0.662672E-01
 0.302496E+01  0.536852E+00  0.662345E-01
 0.303569E+01  0.509699E+00  0.663661E-01
 0.304642E+01  0.558369E+00  0.664590E-01
 0.305715E+01  0.511910E+00  0.666877E-01
 0.306788E+01  0.510378E+00  0.664969E-01
 0.307861E+01  0.496987E+00  0.662959E-01
 0.308934E+01  0.424854E+00  0.662550E-01
 0.310007E+01  0.351779E+00  0.662760E-01
 0.311079E+01  0.518711E+00  0.662373E-01
 0.312152E+01  0.465569E+00  0.662974E-01
 0.313225E+01  0.442717E+00  0.663321E-01
 0.314298E+01  0.514697E+00  0.661562E-01
 0.315371E+01  0.500407E+00  0.662098E-01
 0.316444E+01  0.541095E+00  0.662693E-01
 0.317517E+01  0.530451E+00  0.661991E-01
 0.318590E+01  0.538937E+00  0.662191E-01
 0.319663E+01  0.458237E+00  0.660881E-01
 0.320736E+01  0.412894E+00  0.663597E-01
 0.321808E+01  0.495267E+00  0.664092E-01
 0.322881E+01  0.454980E+00  0.662262E-01
 0.323954E+01  0.512990E+00  0.662462E-01
 0.325027E+01  0.572087E+00  0.662144E-01
 0.326100E+01  0.531888E+00  0.661674E-01
 0.327173E+01  0.552696E+00  0.663639E-01
 0.328246E+01  0.415719E+00  0.660943E-01
 0.329319E+01  0.451158E+00  0.659529E-01
 0.330392E+01  0.490620E+00  0.661454E-01
 0.331465E+01  0.474044E+00  0.658469E-01
 0.332538E+01  0.430503E+00  0.661144E-01
 0.333610E+01  0.494058E+00  0.658747E-01
 0.334683E+01  0.441652E+00  0.658673E-01
 0.335756E+01  0.509760E+00  0.659676E-01
 0.336829E+01  0.439037E+00  0.661798E-01
 0.337902E+01  0.420343E+00  0.659347E-01
 0.338975E+01  0.479737E+00  0.657225E-01
 0.340048E+01  0.500697E+00  0.655743E-01
 0.341121E+01  0.480051E+00  0.656863E-01
 0.342194E+01  0.500070E+00  0.655125E-01
 0.343267E+01  0.580582E+00  0.657877E-01
 0.344339E+01  0.602792E+00  0.656847E-01
 0.345412E+01  0.493481E+00  0.655539E-01
 0.346485E+01  0.418705E+00  0.654259E-01
 0.347558E+01  0.459037E+00  0.652968E-01
 0.348631E+01  0.477506E+00  0.652564E-01
 0.349704E+01  0.522361E+00  0.652785E-01
 0.350777E+01  0.514063E+00  0.655116E-01
 0.351850E+01  0.502741E+00  0.656142E-01
 0.352923E+01  0.626888E+00  0.654429E-01
 0.353996E+01  0.522832E+00  0.653506E-01
 0.355069E+01  0.513207E+00  0.654637E-01
 0.356141E+01  0.582345E+00  0.654681E-01
 0.357214E+01  0.466386E+00  0.651840E-01
 0.358287E+01  0.406028E+00  0.652918E-01
 0.359360E+01  0.350931E+00  0.653684E-01
 0.360433E+01  0.376895E+00  0.654280E-01
 0.361506E+01  0.430130E+00  0.652724E-01
 0.362579E+01  0.448789E+00  0.651152E-01
 0.363652E+01  0.492218E+00  0.653308E-01
 0.364725E+01  0.480492E+00  0.651992E-01
 0.365798E+01  0.551015E+00  0.652488E-01
 0.366870E+01  0.539402E+00  0.651203E-01
 0.367943E+01  0.507896E+00  0.652313E-01
 0.369016E+01  0.427043E+00  0.650546E-01
 0.370089E+01  0.550750E+00  0.653893E-01
 0.371162E+01  0.581063E+00  0.653132E-01
 0.372235E+01  0.396103E+00  0.650339E-01
 0.373308E+01  0.563428E+00  0.649823E-01
 0.374381E+01  0.520478E+00  0.754397E-01
 0.375454E+01  0.518809E+00  0.576625E-01
 0.377063E+01  0.529632E+00  0.541417E-01
 0.378672E+01  0.530103E+00  0.528805E-01
 0.380282E+01  0.534721E+00  0.528205E-01
 0.381891E+01  0.552706E+00  0.529116E-01
 0.383500E+01  0.588655E+00  0.528124E-01
 0.385110E+01  0.521377E+00  0.506578E-01
 0.386719E+01  0.539177E+00  0.350379E-01
 0.388329E+01  0.563602E+00  0.411941E-01
 0.389938E+01  0.545299E+00  0.514114E-01
 0.391547E+01  0.561873E+00  0.527551E-01
 0.393157E+01  0.652228E+00  0.526843E-01
 0.394766E+01  0.581913E+00  0.526468E-01
 0.396375E+01  0.511784E+00  0.524055E-01
 0.397985E+01  0.505897E+00  0.524769E-01
 0.399594E+01  0.525969E+00  0.525481E-01
 0.401203E+01  0.565160E+00  0.524653E-01
 0.402813E+01  0.557322E+00  0.526062E-01
 0.404422E+01  0.547201E+00  0.530107E-01
 0.406031E+01  0.593572E+00  0.529258E-01
 0.407641E+01  0.680609E+00  0.529336E-01
 0.409250E+01  0.572674E+00  0.528450E-01
 0.410859E+01  0.533471E+00  0.528186E-01
 0.412469E+01  0.579938E+00  0.527624E-01
 0.414078E+01  0.542866E+00  0.528148E-01
 0.415688E+01  0.528497E+00  0.528846E-01
 0.417297E+01  0.568321E+00  0.527700E-01
 0.418906E+01  0.579061E+00  0.525854E-01
 0.420516E+01  0.617340E+00  0.526145E-01
 0.422125E+01  0.572152E+00  0.524228E-01
 0.423734E+01  0.589085E+00  0.522782E-01
 0.425344E+01  0.613547E+00  0.521005E-01
 0.426953E+01  0.607913E+00  0.522178E-01
 0.428562E+01  0.614261E+00  0.521172E-01
 0.430172E+01  0.636736E+00  0.520760E-01
 0.431781E+01  0.561257E+00  0.520569E-01
 0.433390E+01  0.610682E+00  0.521214E-01
 0.435000E+01  0.546187E+00  0.521243E-01
 0.436609E+01  0.665961E+00  0.520809E-01
 0.438219E+01  0.608475E+00  0.520851E-01
 0.439828E+01  0.533906E+00  0.518810E-01
 0.441437E+01  0.547979E+00  0.518301E-01
 0.443047E+01  0.606505E+00  0.517073E-01
 0.444656E+01  0.545447E+00  0.517252E-01
 0.446265E+01  0.620898E+00  0.517600E-01
 0.447875E+01  0.615950E+00  0.517134E-01
 0.449484E+01  0.565887E+00  0.516493E-01
 0.451093E+01  0.617624E+00  0.516884E-01
 0.452703E+01  0.542994E+00  0.519854E-01
 0.454312E+01  0.535285E+00  0.520242E-01
 0.455921E+01  0.578565E+00  0.519097E-01
 0.457531E+01  0.605143E+00  0.517911E-01
 0.459140E+01  0.587578E+00  0.517149E-01
 0.460750E+01  0.561237E+00  0.517385E-01
 0.462359E+01  0.563264E+00  0.516402E-01
 0.463968E+01  0.597498E+00  0.516488E-01
 0.465578E+01  0.601455E+00  0.517688E-01
 0.467187E+01  0.546696E+00  0.516668E-01
 0.468796E+01  0.592357E+00  0.516401E-01
 0.470406E+01  0.595968E+00  0.515980E-01
 0.472015E+01  0.583939E+00  0.516025E-01
 0.473624E+01  0.567788E+00  0.513412E-01
 0.475234E+01  0.531050E+00  0.513269E-01
 0.476843E+01  0.495479E+00  0.513157E-01
 0.478452E+01  0.565940E+00  0.512004E-01
 0.480062E+01  0.552471E+00  0.512422E-01
 0.481671E+01  0.504933E+00  0.513107E-01
 0.483280E+01  0.538470E+00  0.512810E-01
 0.484890E+01  0.504360E+00  0.512759E-01
 0.486499E+01  0.631083E+00  0.511534E-01
 0.488109E+01  0.605979E+00  0.510052E-01
 0.489718E+01  0.576349E+00  0.508874E-01
 0.491327E+01  0.587503E+00  0.507091E-01
 0.492937E+01  0.572546E+00  0.507592E-01
 0.494546E+01  0.606909E+00  0.508043E-01
 0.496155E+01  0.574140E+00  0.506659E-01
 0.497765E+01  0.554259E+00  0.506645E-01
 0.499374E+01  0.544257E+00  0.506440E-01
 0.500983E+01  0.537019E+00  0.506172E-01
 0.502593E+01  0.515238E+00  0.506208E-01
 0.504202E+01  0.510139E+00  0.505166E-01
 0.505811E+01  0.550547E+00  0.504592E-01
 0.507421E+01  0.560754E+00  0.503822E-01
 0.509030E+01  0.590387E+00  0.502902E-01
 0.510640E+01  0.549724E+00  0.501713E-01
 0.512249E+01  0.579506E+00  0.500541E-01
 0.513858E+01  0.549845E+00  0.500995E-01
 0.515468E+01  0.583582E+00  0.500825E-01
 0.517077E+01  0.596807E+00  0.526720E-01
---------C:\ATSAS\Data\WT_01\WT_high_subt.dat-------------------
 02-May-2008       (vienna_015.dat - 1.000 *vienna_014.dat) / 18.5000                                                                                                                                                                                           
vienna_015.d  Conc = .18E+02  Mult = .10E+01  N1 =    1  N2 =  872  SCALE =  1                                                                                                                                                                                  
 nna_014.dat  Conc = .10E+01  Mult = .10E+01  N1 =    1  N2 =  872  SCALE =  1                                                                                                                                                                                  
---------C:\ATSAS\Data\WT_01\WT_half_subt.dat-------------------
 02-May-2008       (vienna_017.dat - 1.000 *vienna_016.dat) /  9.2500                                                                                                                                                                                           
vienna_017.d  Conc = .92E+01  Mult = .10E+01  N1 =    1  N2 =  872  SCALE =  1                                                                                                                                                                                  
 nna_016.dat  Conc = .10E+01  Mult = .10E+01  N1 =    1  N2 =  872  SCALE =  1                                                                                                                                                                                  
---------C:\ATSAS\Data\WT_01\WT_quart_subt.dat-------------------
 02-May-2008       (vienna_019.dat - 1.000 *vienna_018.dat) /  4.6000                                                                                                                                                                                           
vienna_019.d  Conc = .46E+01  Mult = .10E+01  N1 =    1  N2 =  872  SCALE =  1                                                                                                                                                                                  
 nna_018.dat  Conc = .10E+01  Mult = .10E+01  N1 =    1  N2 =  872  SCALE =  1                                                                                                                                                                                  
---------C:\ATSAS\Data\WT_01\WT_low_subt.dat-------------------
 02-May-2008       (vienna_021.dat - 1.000 *vienna_020.dat) /  2.3000                                                                                                                                                                                           
vienna_021.d  Conc = .23E+01  Mult = .10E+01  N1 =    1  N2 =  872  SCALE =  1                                                                                                                                                                                  
 nna_020.dat  Conc = .10E+01  Mult = .10E+01  N1 =    1  N2 =  872  SCALE =  1                                                                                                                                                                                  
