
  1.629370e-01   7.682516e+01   8.640037e+00
  1.656690e-01   7.675306e+01   3.217506e+00
  1.684020e-01   7.643405e+01   2.765083e+00
  1.711340e-01   7.674876e+01   2.618930e+00
  1.738660e-01   7.694434e+01   2.483864e+00
  1.765990e-01   7.523802e+01   2.367276e+00
  1.793310e-01   7.533418e+01   2.271516e+00
  1.820630e-01   7.482784e+01   2.182637e+00
  1.847950e-01   7.574644e+01   2.101059e+00
  1.875280e-01   7.458868e+01   2.007333e+00
  1.902600e-01   7.375032e+01   1.938715e+00
  1.929920e-01   7.259043e+01   1.867387e+00
  1.957250e-01   7.396152e+01   1.809969e+00
  1.984570e-01   7.246303e+01   1.740647e+00
  2.011890e-01   7.159476e+01   1.696114e+00
  2.039220e-01   7.030891e+01   1.639799e+00
  2.066540e-01   7.129674e+01   1.594225e+00
  2.093860e-01   7.248807e+01   1.542713e+00
  2.121190e-01   7.224003e+01   1.505449e+00
  2.148510e-01   7.104537e+01   1.478603e+00
  2.175830e-01   7.027040e+01   1.443314e+00
  2.203150e-01   6.939728e+01   1.397513e+00
  2.230480e-01   6.971138e+01   1.366302e+00
  2.257800e-01   6.996766e+01   1.337699e+00
  2.285120e-01   6.837551e+01   1.308481e+00
  2.312450e-01   6.808294e+01   1.287162e+00
  2.339770e-01   6.762504e+01   1.262558e+00
  2.367090e-01   6.701166e+01   1.241330e+00
  2.394420e-01   6.636673e+01   1.220584e+00
  2.421740e-01   6.739990e+01   1.201188e+00
  2.449060e-01   6.653484e+01   1.178067e+00
  2.476390e-01   6.617933e+01   1.170078e+00
  2.503710e-01   6.637012e+01   1.153725e+00
  2.531030e-01   6.650293e+01   1.137479e+00
  2.558350e-01   6.534682e+01   1.121395e+00
  2.585680e-01   6.496126e+01   1.105481e+00
  2.613000e-01   6.415199e+01   1.087655e+00
  2.640320e-01   6.261896e+01   1.070216e+00
  2.667650e-01   6.263931e+01   1.059531e+00
  2.694970e-01   6.201360e+01   1.046424e+00
  2.722290e-01   6.255729e+01   1.034985e+00
  2.749620e-01   6.273746e+01   1.022521e+00
  2.776940e-01   6.157886e+01   1.009648e+00
  2.804260e-01   6.102189e+01   9.997201e-01
  2.831590e-01   6.074449e+01   9.879615e-01
  2.858910e-01   6.023096e+01   9.707628e-01
  2.886230e-01   5.991485e+01   9.639444e-01
  2.913550e-01   5.995522e+01   9.530278e-01
  2.940880e-01   5.860385e+01   9.412090e-01
  2.968200e-01   5.874405e+01   9.341391e-01
  2.995520e-01   5.847841e+01   9.165967e-01
  3.022850e-01   5.758196e+01   9.072781e-01
  3.050170e-01   5.703176e+01   9.018609e-01
  3.077490e-01   5.561270e+01   8.869091e-01
  3.104820e-01   5.551423e+01   8.765597e-01
  3.132140e-01   5.475012e+01   8.681209e-01
  3.159460e-01   5.481936e+01   8.617733e-01
  3.186790e-01   5.487247e+01   8.559117e-01
  3.214110e-01   5.509970e+01   8.439426e-01
  3.241430e-01   5.501676e+01   8.458976e-01
  3.268760e-01   5.466604e+01   8.427167e-01
  3.296080e-01   5.379604e+01   8.346487e-01
  3.323400e-01   5.394289e+01   8.319431e-01
  3.350720e-01   5.327675e+01   8.250461e-01
  3.378050e-01   5.228860e+01   8.237817e-01
  3.405370e-01   5.215033e+01   8.190829e-01
  3.432690e-01   5.127985e+01   8.105745e-01
  3.460020e-01   5.037311e+01   8.072021e-01
  3.487340e-01   5.040318e+01   8.014535e-01
  3.514660e-01   5.084797e+01   8.067312e-01
  3.541990e-01   5.029971e+01   7.959747e-01
  3.569310e-01   4.928578e+01   7.902126e-01
  3.596630e-01   4.895356e+01   7.880599e-01
  3.623960e-01   4.891707e+01   7.830526e-01
  3.651280e-01   4.839948e+01   7.829470e-01
  3.678600e-01   4.734336e+01   7.746843e-01
  3.705920e-01   4.730681e+01   7.725538e-01
  3.733250e-01   4.671158e+01   7.739477e-01
  3.760570e-01   4.586050e+01   7.672161e-01
  3.787890e-01   4.511829e+01   7.605442e-01
  3.815220e-01   4.601231e+01   7.601658e-01
  3.842540e-01   4.539334e+01   7.551408e-01
  3.869860e-01   4.456840e+01   7.499378e-01
  3.897190e-01   4.444342e+01   7.478016e-01
  3.924510e-01   4.411259e+01   7.460225e-01
  3.951830e-01   4.377982e+01   7.412830e-01
  3.979160e-01   4.352263e+01   7.384452e-01
  4.006480e-01   4.325916e+01   7.397509e-01
  4.033800e-01   4.350976e+01   7.365342e-01
  4.061120e-01   4.338022e+01   7.333571e-01
  4.088450e-01   4.223900e+01   7.270465e-01
  4.115770e-01   4.074580e+01   7.176139e-01
  4.143090e-01   4.054356e+01   7.169303e-01
  4.170420e-01   4.020245e+01   7.121600e-01
  4.197740e-01   4.006106e+01   7.102120e-01
  4.225060e-01   4.006208e+01   7.127824e-01
  4.252390e-01   3.987120e+01   7.085480e-01
  4.279710e-01   3.962360e+01   7.040595e-01
  4.307030e-01   3.896673e+01   6.984239e-01
  4.334360e-01   3.809961e+01   6.947505e-01
  4.361680e-01   3.714840e+01   6.903411e-01
  4.389000e-01   3.655861e+01   6.883531e-01
  4.416320e-01   3.633430e+01   6.879853e-01
  4.443650e-01   3.613149e+01   6.822662e-01
  4.470970e-01   3.648120e+01   6.781059e-01
  4.498290e-01   3.632690e+01   6.757607e-01
  4.525620e-01   3.579378e+01   6.754552e-01
  4.552940e-01   3.495937e+01   6.734715e-01
  4.580260e-01   3.511782e+01   6.681951e-01
  4.607590e-01   3.429773e+01   6.666169e-01
  4.634910e-01   3.354419e+01   6.614347e-01
  4.662230e-01   3.351953e+01   6.606548e-01
  4.689560e-01   3.312200e+01   6.562518e-01
  4.716880e-01   3.304823e+01   6.588742e-01
  4.744200e-01   3.266175e+01   6.614210e-01
  4.771520e-01   3.231561e+01   6.521315e-01
  4.798850e-01   3.247528e+01   6.540902e-01
  4.826170e-01   3.232136e+01   6.526802e-01
  4.853490e-01   3.171372e+01   6.453012e-01
  4.880820e-01   3.142092e+01   6.463132e-01
  4.908140e-01   3.144511e+01   6.489254e-01
  4.935460e-01   3.077642e+01   6.438082e-01
  4.962790e-01   2.981424e+01   6.325535e-01
  4.990110e-01   3.006424e+01   6.375986e-01
  5.017430e-01   3.013420e+01   6.347227e-01
  5.044760e-01   2.987178e+01   6.321893e-01
  5.072080e-01   2.861936e+01   6.271492e-01
  5.099400e-01   2.914604e+01   6.262230e-01
  5.126720e-01   2.883524e+01   6.263951e-01
  5.154050e-01   2.877106e+01   6.244142e-01
  5.181370e-01   2.792688e+01   6.218098e-01
  5.208690e-01   2.758538e+01   6.255824e-01
  5.236020e-01   2.732405e+01   6.244572e-01
  5.263340e-01   2.661009e+01   6.189589e-01
  5.290660e-01   2.659062e+01   6.126317e-01
  5.317990e-01   2.718713e+01   6.175392e-01
  5.345310e-01   2.694025e+01   6.168288e-01
  5.372630e-01   2.625685e+01   6.090659e-01
  5.399960e-01   2.564167e+01   6.107796e-01
  5.427280e-01   2.488074e+01   6.006517e-01
  5.454600e-01   2.464600e+01   6.011787e-01
  5.481920e-01   2.486434e+01   6.017532e-01
  5.509250e-01   2.459862e+01   6.017424e-01
  5.536570e-01   2.407080e+01   5.976626e-01
  5.563890e-01   2.408886e+01   5.944938e-01
  5.591220e-01   2.430278e+01   5.970708e-01
  5.618540e-01   2.383584e+01   5.919140e-01
  5.645860e-01   2.310731e+01   5.869985e-01
  5.673190e-01   2.322362e+01   5.910019e-01
  5.700510e-01   2.322517e+01   5.928482e-01
  5.727830e-01   2.289999e+01   5.897342e-01
  5.755160e-01   2.222543e+01   5.823258e-01
  5.782480e-01   2.175870e+01   5.823307e-01
  5.809800e-01   2.139161e+01   5.790387e-01
  5.837130e-01   2.146159e+01   5.743560e-01
  5.864450e-01   2.099167e+01   5.764334e-01
  5.891770e-01   2.079408e+01   5.760243e-01
  5.919090e-01   2.045211e+01   5.740485e-01
  5.946420e-01   2.007804e+01   5.718210e-01
  5.973740e-01   2.032656e+01   5.694381e-01
  6.001060e-01   2.059265e+01   5.719927e-01
  6.028390e-01   1.998931e+01   5.683324e-01
  6.055710e-01   1.984146e+01   5.677030e-01
  6.083030e-01   1.967009e+01   5.667819e-01
  6.110360e-01   1.939515e+01   5.626386e-01
  6.137680e-01   1.911454e+01   5.581562e-01
  6.165000e-01   1.856051e+01   5.582292e-01
  6.192330e-01   1.791554e+01   5.553756e-01
  6.219650e-01   1.774545e+01   5.513674e-01
  6.246970e-01   1.778224e+01   5.552616e-01
  6.274290e-01   1.794231e+01   5.558530e-01
  6.301620e-01   1.754731e+01   5.524336e-01
  6.328940e-01   1.727881e+01   5.478741e-01
  6.356260e-01   1.722179e+01   5.455800e-01
  6.383590e-01   1.690645e+01   5.475091e-01
  6.410910e-01   1.690874e+01   5.497370e-01
  6.438230e-01   1.664727e+01   5.471583e-01
  6.465560e-01   1.699343e+01   5.451633e-01
  6.492880e-01   1.678754e+01   5.430084e-01
  6.520200e-01   1.637404e+01   5.422438e-01
  6.547530e-01   1.586612e+01   5.439013e-01
  6.574850e-01   1.597765e+01   5.415202e-01
  6.602170e-01   1.587486e+01   5.362122e-01
  6.629490e-01   1.571774e+01   5.335458e-01
  6.656820e-01   1.572076e+01   5.345345e-01
  6.684140e-01   1.490445e+01   5.315665e-01
  6.711460e-01   1.447359e+01   5.297510e-01
  6.738790e-01   1.474828e+01   5.335947e-01
  6.766110e-01   1.482576e+01   5.335767e-01
  6.793430e-01   1.484385e+01   5.303945e-01
  6.820760e-01   1.470425e+01   5.266671e-01
  6.848080e-01   1.423642e+01   5.247389e-01
  6.875400e-01   1.404546e+01   5.218484e-01
  6.902730e-01   1.402204e+01   5.222402e-01
  6.930050e-01   1.381717e+01   5.196905e-01
  6.957370e-01   1.377931e+01   5.230255e-01
  6.984690e-01   1.364101e+01   5.242617e-01
  7.012020e-01   1.318122e+01   5.187070e-01
  7.039340e-01   1.265537e+01   5.153389e-01
  7.066660e-01   1.297015e+01   5.133004e-01
  7.093990e-01   1.317471e+01   5.130451e-01
  7.121310e-01   1.266591e+01   5.139449e-01
  7.148630e-01   1.219282e+01   5.059530e-01
  7.175960e-01   1.225922e+01   5.102242e-01
  7.203280e-01   1.227780e+01   5.099668e-01
  7.230600e-01   1.248901e+01   5.104419e-01
  7.257930e-01   1.279757e+01   5.131836e-01
  7.285250e-01   1.260609e+01   5.107753e-01
  7.312570e-01   1.130378e+01   5.033309e-01
  7.339890e-01   1.065238e+01   4.986997e-01
  7.367220e-01   1.133935e+01   5.015331e-01
  7.394540e-01   1.150037e+01   5.000647e-01
  7.421860e-01   1.113132e+01   4.976845e-01
  7.449190e-01   1.116533e+01   5.009941e-01
  7.476510e-01   1.131496e+01   4.973290e-01
  7.503830e-01   1.101923e+01   4.963419e-01
  7.531160e-01   1.098567e+01   4.976444e-01
  7.558480e-01   1.050922e+01   4.959141e-01
  7.585800e-01   1.052157e+01   4.946208e-01
  7.613130e-01   1.066594e+01   4.942294e-01
  7.640450e-01   1.068626e+01   4.920870e-01
  7.667770e-01   1.034622e+01   4.859875e-01
  7.695090e-01   1.014783e+01   4.858387e-01
  7.722420e-01   9.688736e+00   4.860058e-01
  7.749740e-01   9.727082e+00   4.873408e-01
  7.777060e-01   9.765016e+00   4.881794e-01
  7.804390e-01   9.537038e+00   4.840076e-01
  7.831710e-01   9.627062e+00   4.823315e-01
  7.859030e-01   1.007410e+01   4.847621e-01
  7.886360e-01   9.830010e+00   4.870656e-01
  7.913680e-01   9.527079e+00   4.881916e-01
  7.941000e-01   9.159617e+00   4.813297e-01
  7.968330e-01   8.536496e+00   4.780029e-01
  7.995650e-01   8.674890e+00   4.804150e-01
  8.022970e-01   8.901101e+00   4.849729e-01
  8.050290e-01   8.981281e+00   4.861452e-01
  8.077620e-01   8.657590e+00   4.857707e-01
  8.104940e-01   8.685278e+00   4.900338e-01
  8.132260e-01   8.272179e+00   4.893430e-01
  8.159590e-01   8.371186e+00   4.900018e-01
  8.186910e-01   8.505072e+00   4.915926e-01
  8.214230e-01   8.438727e+00   4.906196e-01
  8.241560e-01   8.473165e+00   4.963866e-01
  8.268880e-01   7.963456e+00   4.942938e-01
  8.296200e-01   8.220969e+00   4.936406e-01
  8.323530e-01   7.888658e+00   4.890421e-01
  8.350850e-01   7.702678e+00   4.896833e-01
  8.378170e-01   7.765702e+00   4.908650e-01
  8.405490e-01   7.035240e+00   4.901290e-01
  8.432820e-01   6.816264e+00   4.914712e-01
  8.460140e-01   7.076543e+00   4.882570e-01
  8.487460e-01   7.246774e+00   4.907872e-01
  8.514790e-01   7.393906e+00   4.956257e-01
  8.542110e-01   6.869006e+00   4.934389e-01
  8.569430e-01   6.869184e+00   4.942141e-01
  8.596760e-01   7.217737e+00   4.934092e-01
  8.624080e-01   7.196590e+00   4.942597e-01
  8.651400e-01   7.393532e+00   4.914343e-01
  8.678730e-01   6.925895e+00   4.937964e-01
  8.706050e-01   7.000979e+00   4.984361e-01
  8.733370e-01   6.962715e+00   4.967236e-01
  8.760700e-01   6.679233e+00   4.943358e-01
  8.788020e-01   6.559338e+00   4.939041e-01
  8.815340e-01   6.377730e+00   4.925769e-01
  8.842660e-01   6.557784e+00   4.933270e-01
  8.869990e-01   6.795795e+00   4.953108e-01
  8.897310e-01   6.722227e+00   4.906038e-01
  8.924630e-01   6.481658e+00   4.884768e-01
  8.951960e-01   6.422813e+00   4.920160e-01
  8.979280e-01   6.226388e+00   4.914076e-01
  9.006600e-01   5.940881e+00   4.947895e-01
  9.033930e-01   5.814597e+00   4.929932e-01
  9.061250e-01   5.842594e+00   4.902163e-01
  9.088570e-01   5.899994e+00   4.942237e-01
  9.115900e-01   6.106771e+00   4.961484e-01
  9.143220e-01   6.235143e+00   4.989477e-01
  9.170540e-01   6.376770e+00   4.993591e-01
  9.197860e-01   6.224430e+00   4.957439e-01
  9.225190e-01   5.835237e+00   4.972274e-01
  9.252510e-01   5.690741e+00   4.754457e-01
  9.279830e-01   5.688994e+00   3.532763e-01
  9.307160e-01   5.656206e+00   2.748214e-01
  9.334480e-01   5.577038e+00   2.629118e-01
  9.361800e-01   5.376111e+00   2.610263e-01
  9.389130e-01   5.451538e+00   2.586403e-01
  9.416450e-01   5.459089e+00   2.591210e-01
  9.443770e-01   5.325394e+00   2.607515e-01
  9.471100e-01   5.429770e+00   2.619596e-01
  9.498420e-01   5.308624e+00   2.600817e-01
  9.525740e-01   5.239417e+00   2.585223e-01
  9.553060e-01   5.246903e+00   2.604601e-01
  9.580390e-01   5.187090e+00   2.592223e-01
  9.607710e-01   5.088176e+00   2.598796e-01
  9.635030e-01   4.945724e+00   2.582339e-01
  9.662360e-01   5.152816e+00   2.586096e-01
  9.689680e-01   4.938526e+00   2.594582e-01
  9.717000e-01   4.923380e+00   2.584982e-01
  9.744330e-01   5.123386e+00   2.605636e-01
  9.771650e-01   4.984271e+00   2.601764e-01
  9.798970e-01   4.800484e+00   2.592349e-01
  9.826300e-01   4.816587e+00   2.600780e-01
  9.853620e-01   4.513130e+00   2.566259e-01
  9.880940e-01   4.663491e+00   2.616061e-01
  9.908260e-01   4.888178e+00   2.626183e-01
  9.935590e-01   4.611772e+00   2.604641e-01
  9.962910e-01   4.588766e+00   2.607856e-01
  9.990230e-01   4.289990e+00   2.584948e-01
  1.001760e+00   4.374110e+00   2.581519e-01
  1.004490e+00   4.538178e+00   2.583323e-01
  1.007220e+00   4.459477e+00   2.569446e-01
  1.009950e+00   4.543117e+00   2.565902e-01
  1.012680e+00   4.366979e+00   2.562179e-01
  1.015420e+00   4.196125e+00   2.586288e-01
  1.018150e+00   4.283061e+00   2.578204e-01
  1.020880e+00   4.418238e+00   2.594786e-01
  1.023610e+00   4.383835e+00   2.576039e-01
  1.026350e+00   4.376118e+00   2.586224e-01
  1.029080e+00   4.171023e+00   2.601143e-01
  1.031810e+00   4.109954e+00   2.569059e-01
  1.034540e+00   4.238926e+00   2.572427e-01
  1.037280e+00   4.147012e+00   2.583646e-01
  1.040010e+00   3.868779e+00   2.574125e-01
  1.042740e+00   4.073153e+00   2.572623e-01
  1.045470e+00   4.172341e+00   2.589252e-01
  1.048200e+00   3.750472e+00   2.589501e-01
  1.050940e+00   3.891532e+00   2.613065e-01
  1.053670e+00   3.741270e+00   2.598577e-01
  1.056400e+00   3.461352e+00   2.592305e-01
  1.059130e+00   3.830801e+00   2.588401e-01
  1.061870e+00   3.605471e+00   2.587015e-01
  1.064600e+00   3.556165e+00   2.552985e-01
  1.067330e+00   3.496190e+00   2.559387e-01
  1.070060e+00   3.654260e+00   2.554186e-01
  1.072800e+00   3.785947e+00   2.568401e-01
  1.075530e+00   3.809950e+00   2.564604e-01
  1.078260e+00   3.434771e+00   2.575669e-01
  1.080990e+00   3.526562e+00   2.608795e-01
  1.083720e+00   3.542748e+00   2.575184e-01
  1.086460e+00   3.415442e+00   2.584259e-01
  1.089190e+00   3.404598e+00   2.557720e-01
  1.091920e+00   3.470983e+00   2.551927e-01
  1.094650e+00   3.533797e+00   2.539270e-01
  1.097390e+00   3.483141e+00   2.549449e-01
  1.100120e+00   3.497409e+00   2.568720e-01
  1.102850e+00   3.707884e+00   3.541187e-01
  1.105580e+00   3.633648e+00   6.140199e-01
  1.108320e+00   3.373313e+00   2.869134e-01
  1.111050e+00   3.592847e+00   1.541809e-01
  1.113780e+00   3.490507e+00   1.548874e-01
  1.116510e+00   3.297492e+00   1.550509e-01
  1.119240e+00   3.324119e+00   1.538710e-01
  1.121980e+00   3.296400e+00   1.538647e-01
  1.124710e+00   3.304826e+00   1.542725e-01
  1.127440e+00   3.447671e+00   1.550380e-01
  1.130170e+00   3.432746e+00   1.539863e-01
  1.132910e+00   3.402057e+00   1.553744e-01
  1.135640e+00   3.183278e+00   1.532301e-01
  1.138370e+00   3.182923e+00   1.528378e-01
  1.141100e+00   3.235734e+00   1.523118e-01
  1.143840e+00   3.164262e+00   1.524141e-01
  1.146570e+00   3.059600e+00   1.516372e-01
  1.149300e+00   3.097908e+00   1.528853e-01
  1.152030e+00   3.083131e+00   1.526175e-01
  1.154760e+00   3.010709e+00   1.518618e-01
  1.157500e+00   2.994662e+00   1.526550e-01
  1.160230e+00   2.958536e+00   1.530500e-01
  1.162960e+00   3.131568e+00   1.523306e-01
  1.165690e+00   3.084483e+00   1.510128e-01
  1.168430e+00   3.069116e+00   1.523348e-01
  1.171160e+00   3.093312e+00   1.532134e-01
  1.173890e+00   2.941956e+00   1.516250e-01
  1.176620e+00   2.928550e+00   1.505651e-01
  1.179360e+00   2.912005e+00   1.518221e-01
  1.182090e+00   2.817397e+00   1.525475e-01
  1.184820e+00   2.773111e+00   1.514158e-01
  1.187550e+00   2.662911e+00   1.518982e-01
  1.190280e+00   2.679218e+00   1.512539e-01
  1.193020e+00   2.678437e+00   1.515500e-01
  1.195750e+00   2.661033e+00   1.516778e-01
  1.198480e+00   2.709094e+00   1.520574e-01
  1.201210e+00   2.723982e+00   1.516936e-01
  1.203950e+00   2.598364e+00   1.501854e-01
  1.206680e+00   2.688571e+00   1.493547e-01
  1.209410e+00   2.661885e+00   1.514440e-01
  1.212140e+00   2.662108e+00   1.506575e-01
  1.214880e+00   2.557630e+00   1.513789e-01
  1.217610e+00   2.509339e+00   1.518484e-01
  1.220340e+00   2.429484e+00   1.511118e-01
  1.223070e+00   2.472107e+00   1.514759e-01
  1.225800e+00   2.421399e+00   1.613463e-01
  1.228540e+00   2.500098e+00   2.926663e-01
  1.231270e+00   2.542301e+00   1.263661e-01
  1.236730e+00   2.498735e+00   2.266694e-01
  1.239470e+00   2.406684e+00   1.835292e-01
  1.242200e+00   2.391126e+00   1.773737e-01
  1.244930e+00   2.310631e+00   1.808581e-01
  1.247660e+00   2.452023e+00   1.816102e-01
  1.250400e+00   2.636182e+00   1.841128e-01
  1.253130e+00   2.554975e+00   1.865071e-01
  1.255860e+00   2.194562e+00   1.887016e-01
  1.258590e+00   2.181393e+00   1.901704e-01
  1.261330e+00   2.277077e+00   1.916208e-01
  1.264060e+00   2.191589e+00   1.793964e-01
  1.266790e+00   2.152789e+00   1.704291e-01
  1.269520e+00   2.246578e+00   1.687387e-01
  1.272250e+00   2.472956e+00   1.659791e-01
  1.274990e+00   2.355820e+00   1.634465e-01
  1.277720e+00   2.115540e+00   1.600967e-01
  1.280450e+00   2.068142e+00   1.583915e-01
  1.283180e+00   2.077172e+00   1.576805e-01
  1.285920e+00   2.141384e+00   1.581659e-01
  1.288650e+00   2.131746e+00   1.569992e-01
  1.291380e+00   2.175448e+00   1.565562e-01
  1.294110e+00   2.177405e+00   1.539279e-01
  1.296850e+00   2.291191e+00   1.546015e-01
  1.299580e+00   2.141051e+00   1.516440e-01
  1.302310e+00   1.887570e+00   1.502512e-01
  1.305040e+00   1.974197e+00   1.507897e-01
  1.307770e+00   2.000335e+00   1.491005e-01
  1.310510e+00   1.977849e+00   1.508441e-01
  1.313240e+00   1.957192e+00   1.506729e-01
  1.315970e+00   1.886847e+00   1.500012e-01
  1.318700e+00   1.978327e+00   1.504274e-01
  1.321440e+00   2.055604e+00   1.500743e-01
  1.324170e+00   1.915643e+00   1.494731e-01
  1.326900e+00   1.901067e+00   1.491142e-01
  1.329630e+00   1.797978e+00   1.482645e-01
  1.332370e+00   1.799983e+00   1.489650e-01
  1.335100e+00   1.973864e+00   1.485454e-01
  1.337830e+00   1.908871e+00   1.498970e-01
  1.340560e+00   1.830525e+00   1.493379e-01
  1.343290e+00   1.806060e+00   1.473629e-01
  1.346030e+00   1.838355e+00   1.480302e-01
  1.348760e+00   1.941199e+00   1.491264e-01
  1.351490e+00   1.924004e+00   1.490231e-01
  1.354220e+00   1.839710e+00   1.481465e-01
  1.356960e+00   1.759736e+00   1.478222e-01
  1.359690e+00   1.703820e+00   1.480666e-01
  1.362420e+00   1.694371e+00   1.490432e-01
  1.365150e+00   1.779029e+00   1.482243e-01
  1.367890e+00   1.785738e+00   1.483294e-01
  1.370620e+00   1.698795e+00   1.472997e-01
  1.373350e+00   1.557760e+00   1.464260e-01
  1.376080e+00   1.722175e+00   1.469412e-01
  1.378810e+00   1.642076e+00   1.454727e-01
  1.381550e+00   1.577960e+00   1.459776e-01
  1.384280e+00   1.464448e+00   1.463405e-01
  1.387010e+00   1.476950e+00   1.469909e-01
  1.389740e+00   1.801100e+00   1.479281e-01
  1.392480e+00   1.805706e+00   1.479055e-01
  1.395210e+00   1.633012e+00   1.469932e-01
  1.397940e+00   1.559446e+00   1.461618e-01
  1.400670e+00   1.323687e+00   1.447422e-01
  1.403410e+00   1.280547e+00   1.463180e-01
  1.406140e+00   1.471980e+00   1.456432e-01
  1.408870e+00   1.531300e+00   1.460071e-01
  1.411600e+00   1.443384e+00   1.464193e-01
  1.414330e+00   1.582541e+00   1.442793e-01
  1.417070e+00   1.527398e+00   1.439984e-01
  1.419800e+00   1.634895e+00   1.452841e-01
  1.422530e+00   1.606968e+00   1.442747e-01
  1.425260e+00   1.492436e+00   1.431193e-01
  1.428000e+00   1.434244e+00   1.437758e-01
  1.430730e+00   1.493154e+00   1.441371e-01
  1.433460e+00   1.545788e+00   1.444890e-01
  1.436190e+00   1.524075e+00   1.445326e-01
  1.438930e+00   1.483390e+00   1.459424e-01
  1.441660e+00   1.299709e+00   1.448032e-01
  1.444390e+00   1.372420e+00   1.432545e-01
  1.447120e+00   1.411674e+00   1.441078e-01
  1.449850e+00   1.348489e+00   1.426801e-01
  1.452590e+00   1.315710e+00   1.438659e-01
  1.455320e+00   1.366767e+00   1.435831e-01
  1.458050e+00   1.258342e+00   1.428566e-01
  1.460780e+00   1.186145e+00   1.418080e-01
  1.463520e+00   1.163740e+00   1.429929e-01
  1.466250e+00   1.240906e+00   1.429495e-01
  1.468980e+00   1.334806e+00   1.453585e-01
  1.471710e+00   1.270079e+00   1.436141e-01
  1.474450e+00   1.217989e+00   1.415484e-01
  1.477180e+00   1.119882e+00   1.405241e-01
  1.479910e+00   1.140563e+00   1.403688e-01
  1.482640e+00   1.302683e+00   1.398208e-01
  1.485370e+00   1.254770e+00   1.381611e-01
  1.488110e+00   1.248836e+00   1.389613e-01
  1.490840e+00   1.283286e+00   1.388193e-01
  1.493570e+00   1.258126e+00   1.398092e-01
  1.496300e+00   1.276660e+00   1.402342e-01
  1.499040e+00   1.271982e+00   1.409942e-01
  1.501770e+00   1.248498e+00   1.385613e-01
  1.504500e+00   1.199913e+00   1.398800e-01
  1.507230e+00   1.314503e+00   1.395943e-01
  1.509970e+00   1.238913e+00   1.385834e-01
  1.512700e+00   1.133219e+00   1.379652e-01
  1.515430e+00   1.155181e+00   1.390973e-01
  1.518160e+00   1.081791e+00   1.374640e-01
  1.520890e+00   1.063921e+00   1.376411e-01
  1.523630e+00   1.128285e+00   1.393145e-01
  1.526360e+00   1.201785e+00   1.395558e-01
  1.529090e+00   1.100256e+00   1.388589e-01
  1.531820e+00   1.016608e+00   1.375142e-01
  1.534560e+00   8.069983e-01   1.373711e-01
  1.537290e+00   8.980291e-01   1.392672e-01
  1.540020e+00   1.006950e+00   1.392546e-01
  1.542750e+00   1.054262e+00   1.375114e-01
  1.545490e+00   1.027901e+00   1.375647e-01
  1.548220e+00   1.002177e+00   1.367832e-01
  1.550950e+00   8.868169e-01   1.372015e-01
  1.553680e+00   7.929535e-01   1.372264e-01
  1.556410e+00   8.532803e-01   1.362175e-01
  1.559150e+00   9.159870e-01   8.476754e-02
  1.561880e+00   9.473465e-01   7.115118e-02
  1.564610e+00   9.735168e-01   7.081482e-02
  1.567340e+00   9.038582e-01   7.051241e-02
  1.570080e+00   8.098817e-01   7.110042e-02
  1.572810e+00   9.027335e-01   7.125831e-02
  1.575540e+00   9.539233e-01   7.066195e-02
  1.578270e+00   1.008241e+00   6.969593e-02
  1.581010e+00   8.980735e-01   7.008988e-02
  1.583740e+00   8.733546e-01   7.036256e-02
  1.586470e+00   8.830366e-01   7.050782e-02
  1.589200e+00   8.314488e-01   7.053497e-02
  1.591930e+00   8.250984e-01   7.017046e-02
  1.594670e+00   8.674049e-01   7.081971e-02
  1.597400e+00   9.221371e-01   7.049682e-02
  1.600130e+00   9.178114e-01   7.019078e-02
  1.602860e+00   8.556845e-01   7.015475e-02
  1.605600e+00   8.836431e-01   7.115335e-02
  1.608330e+00   9.139969e-01   7.062781e-02
  1.611060e+00   9.116043e-01   7.025488e-02
  1.613790e+00   8.045144e-01   6.964596e-02
  1.616530e+00   7.891685e-01   7.023345e-02
  1.619260e+00   7.920151e-01   7.014248e-02
  1.621990e+00   8.652109e-01   7.002850e-02
  1.624720e+00   8.103341e-01   6.999169e-02
  1.627450e+00   7.493363e-01   6.961466e-02
  1.630190e+00   6.866888e-01   6.990544e-02
  1.632920e+00   8.150491e-01   7.048833e-02
  1.635650e+00   7.547066e-01   6.989639e-02
  1.638380e+00   6.721494e-01   6.922917e-02
  1.641120e+00   6.997422e-01   6.969869e-02
  1.643850e+00   7.987702e-01   6.934498e-02
  1.646580e+00   7.799128e-01   6.959434e-02
  1.649310e+00   7.240515e-01   6.931728e-02
  1.652050e+00   6.362012e-01   6.916676e-02
  1.654780e+00   6.506878e-01   6.923986e-02
  1.657510e+00   7.409521e-01   7.002943e-02
  1.660240e+00   6.975265e-01   6.999433e-02
  1.662970e+00   7.255046e-01   6.979756e-02
  1.665710e+00   6.957533e-01   6.964592e-02
  1.668440e+00   7.121794e-01   6.897225e-02
  1.671170e+00   7.536206e-01   6.921288e-02
  1.673900e+00   7.719145e-01   6.929405e-02
  1.676640e+00   7.324972e-01   6.973639e-02
  1.679370e+00   7.376297e-01   6.987683e-02
  1.682100e+00   7.502251e-01   6.938671e-02
  1.684830e+00   7.591893e-01   6.858815e-02
  1.687570e+00   7.562925e-01   6.889310e-02
  1.690300e+00   7.376460e-01   6.919378e-02
  1.693030e+00   6.748837e-01   6.902838e-02
  1.695760e+00   6.802422e-01   7.031221e-02
  1.698490e+00   6.695125e-01   7.870050e-02
  1.701230e+00   6.327407e-01   2.079190e-01
  1.703960e+00   6.184490e-01   3.360278e-02
  1.706690e+00   6.429089e-01   3.369810e-02
  1.709420e+00   6.559214e-01   3.380013e-02
  1.712160e+00   6.417987e-01   3.358207e-02
  1.714890e+00   6.495046e-01   3.367808e-02
  1.717620e+00   6.374491e-01   3.370732e-02
  1.720350e+00   6.053361e-01   3.346355e-02
  1.723090e+00   5.785670e-01   3.374754e-02
  1.725820e+00   6.253816e-01   3.382690e-02
  1.728550e+00   6.065169e-01   3.339771e-02
  1.731280e+00   6.391913e-01   3.373836e-02
  1.734010e+00   6.148620e-01   3.362760e-02
  1.736750e+00   5.853908e-01   3.332901e-02
  1.739480e+00   5.635040e-01   3.331426e-02
  1.742210e+00   5.813569e-01   3.338526e-02
  1.744940e+00   5.720815e-01   3.338258e-02
  1.747680e+00   5.415192e-01   3.330817e-02
  1.750410e+00   5.572074e-01   3.315606e-02
  1.753140e+00   5.685473e-01   3.286998e-02
  1.755870e+00   5.617705e-01   3.265293e-02
  1.758610e+00   5.681592e-01   3.318761e-02
  1.761340e+00   5.531628e-01   3.353599e-02
  1.764070e+00   5.149461e-01   3.317940e-02
  1.766800e+00   5.786720e-01   3.330817e-02
  1.769530e+00   5.428496e-01   3.319901e-02
  1.772270e+00   5.626127e-01   3.358519e-02
  1.775000e+00   5.678945e-01   3.360935e-02
  1.777730e+00   5.625372e-01   3.349739e-02
  1.780460e+00   5.268107e-01   3.319301e-02
  1.783200e+00   5.136773e-01   3.294435e-02
  1.785930e+00   5.255266e-01   3.283474e-02
  1.788660e+00   4.970468e-01   3.323806e-02
  1.791390e+00   5.315478e-01   3.274692e-02
  1.794130e+00   5.204132e-01   3.300745e-02
  1.796860e+00   5.266200e-01   3.324553e-02
  1.799590e+00   4.806786e-01   3.327392e-02
  1.802320e+00   5.286754e-01   3.300587e-02
  1.805050e+00   5.086268e-01   3.320883e-02
  1.807790e+00   4.543094e-01   3.334185e-02
  1.810520e+00   4.724909e-01   3.290050e-02
  1.813250e+00   4.503136e-01   3.278213e-02
  1.815980e+00   4.752080e-01   3.258714e-02
  1.818720e+00   4.591171e-01   3.275713e-02
  1.821450e+00   4.821907e-01   3.283075e-02
  1.824180e+00   5.041451e-01   3.300355e-02
  1.826910e+00   4.322440e-01   3.282550e-02
  1.829650e+00   4.458299e-01   3.311030e-02
  1.832380e+00   4.591866e-01   3.298247e-02
  1.835110e+00   5.056066e-01   3.314895e-02
  1.837840e+00   4.474071e-01   3.278897e-02
  1.840570e+00   4.531596e-01   3.281043e-02
  1.843310e+00   4.848415e-01   3.306838e-02
  1.846040e+00   4.366662e-01   3.333398e-02
  1.848770e+00   3.974942e-01   3.274832e-02
  1.851500e+00   3.996156e-01   3.250115e-02
  1.854240e+00   4.586951e-01   3.273756e-02
  1.856970e+00   4.311738e-01   3.302681e-02
  1.859700e+00   4.207617e-01   3.267425e-02
  1.862430e+00   4.429733e-01   3.247237e-02
  1.865170e+00   4.517557e-01   3.300174e-02
  1.867900e+00   4.395523e-01   3.294219e-02
  1.870630e+00   4.347160e-01   3.265052e-02
  1.873360e+00   4.081345e-01   3.201503e-02
  1.876090e+00   4.044696e-01   3.239152e-02
  1.878830e+00   3.950818e-01   3.256796e-02
  1.881560e+00   3.914655e-01   3.244408e-02
  1.884290e+00   4.617797e-01   3.231970e-02
  1.887020e+00   4.472096e-01   3.217782e-02
  1.889760e+00   4.316850e-01   3.207875e-02
  1.892490e+00   3.839695e-01   3.209769e-02
  1.895220e+00   3.313333e-01   3.220070e-02
  1.897950e+00   3.798230e-01   3.204367e-02
  1.900690e+00   3.901504e-01   3.265931e-02
  1.903420e+00   4.365069e-01   3.189941e-02
  1.906150e+00   4.054474e-01   3.216715e-02
  1.908880e+00   3.856165e-01   3.244121e-02
  1.911610e+00   3.922739e-01   3.224243e-02
  1.914350e+00   3.687449e-01   3.252072e-02
  1.917080e+00   3.580030e-01   3.221655e-02
  1.919810e+00   3.887861e-01   3.220899e-02
  1.922540e+00   4.100857e-01   3.200844e-02
  1.925280e+00   3.789080e-01   3.218129e-02
  1.928010e+00   3.646088e-01   3.181942e-02
  1.930740e+00   3.510331e-01   3.226190e-02
  1.933470e+00   3.261422e-01   3.359881e-02
  1.936210e+00   3.751662e-01   3.271919e-02
  1.938940e+00   3.736179e-01   3.211611e-02
  1.941670e+00   3.744913e-01   3.203499e-02
  1.944400e+00   3.525115e-01   3.214556e-02
  1.947130e+00   3.570301e-01   3.218184e-02
  1.949870e+00   3.600057e-01   3.232767e-02
  1.952600e+00   3.322967e-01   3.188823e-02
  1.955330e+00   3.477057e-01   3.206605e-02
  1.958060e+00   3.493573e-01   3.218402e-02
  1.960800e+00   3.384010e-01   3.172310e-02
  1.963530e+00   3.836529e-01   3.196745e-02
  1.966260e+00   3.912353e-01   3.206213e-02
  1.968990e+00   3.892805e-01   3.148112e-02
  1.971730e+00   3.736803e-01   3.195342e-02
  1.974460e+00   3.824401e-01   3.189203e-02
  1.977190e+00   3.749953e-01   3.203667e-02
  1.979920e+00   3.726506e-01   3.178129e-02
  1.982650e+00   3.226246e-01   3.215185e-02
  1.985390e+00   3.271127e-01   3.229063e-02
  1.988120e+00   3.001705e-01   3.191894e-02
  1.990850e+00   3.271740e-01   3.235657e-02
  1.993580e+00   3.445738e-01   3.204920e-02
  1.996320e+00   3.448562e-01   3.198484e-02
  1.999050e+00   3.225358e-01   3.167032e-02
  2.001780e+00   3.615415e-01   3.176931e-02
  2.004510e+00   3.392147e-01   3.169894e-02
  2.007250e+00   3.119861e-01   3.173500e-02
  2.009980e+00   3.040159e-01   3.188222e-02
  2.012710e+00   3.412218e-01   3.207226e-02
  2.015440e+00   3.345425e-01   3.216580e-02
  2.018170e+00   3.370421e-01   3.180642e-02
  2.020910e+00   3.095622e-01   3.152309e-02
  2.023640e+00   3.476664e-01   3.204012e-02
  2.026370e+00   3.377746e-01   3.233710e-02
  2.029100e+00   3.716516e-01   3.230798e-02
  2.031840e+00   3.341331e-01   3.194826e-02
  2.034570e+00   3.504346e-01   3.220927e-02
  2.037300e+00   2.866765e-01   3.178023e-02
  2.040030e+00   2.978977e-01   3.167300e-02
  2.042770e+00   2.892877e-01   3.158978e-02
  2.045500e+00   3.084529e-01   3.158791e-02
  2.048230e+00   3.489611e-01   3.179921e-02
  2.050960e+00   3.172619e-01   3.221063e-02
  2.053690e+00   3.210793e-01   3.196728e-02
  2.056430e+00   3.013318e-01   3.163530e-02
  2.059160e+00   3.131566e-01   3.161415e-02
  2.061890e+00   3.028921e-01   3.176130e-02
  2.064620e+00   2.839335e-01   3.209559e-02
  2.067360e+00   2.527813e-01   3.189721e-02
  2.070090e+00   2.843266e-01   3.166406e-02
  2.072820e+00   3.040655e-01   3.140068e-02
  2.075550e+00   2.947496e-01   3.167358e-02
  2.078290e+00   2.888301e-01   3.191765e-02
  2.081020e+00   2.970622e-01   3.199450e-02
  2.083750e+00   2.903274e-01   3.203730e-02
  2.086480e+00   2.816046e-01   3.190220e-02
  2.089210e+00   2.849833e-01   3.157209e-02
  2.091950e+00   3.246808e-01   3.162913e-02
  2.094680e+00   3.243060e-01   3.148831e-02
  2.097410e+00   2.932602e-01   3.171950e-02
  2.100140e+00   2.406809e-01   3.164457e-02
  2.102880e+00   2.154635e-01   3.160161e-02
  2.105610e+00   3.007461e-01   3.168004e-02
  2.108340e+00   2.994215e-01   3.134308e-02
  2.111070e+00   2.904159e-01   3.137286e-02
  2.113810e+00   2.865927e-01   3.170301e-02
  2.116540e+00   2.828379e-01   3.150561e-02
  2.119270e+00   2.771240e-01   3.155248e-02
  2.122000e+00   3.022677e-01   3.135824e-02
  2.124730e+00   2.761059e-01   3.147808e-02
  2.127470e+00   2.493852e-01   3.167248e-02
  2.130200e+00   2.508301e-01   3.197702e-02
  2.132930e+00   2.686836e-01   3.136338e-02
  2.135660e+00   2.533906e-01   3.095890e-02
  2.138400e+00   2.702630e-01   3.124429e-02
  2.141130e+00   2.597058e-01   3.142124e-02
  2.143860e+00   2.813208e-01   3.137877e-02
  2.146590e+00   2.542763e-01   3.131314e-02
  2.149330e+00   2.734818e-01   3.145895e-02
  2.152060e+00   2.920861e-01   3.171170e-02
  2.154790e+00   2.855114e-01   3.147249e-02
  2.157520e+00   3.138867e-01   3.141859e-02
  2.160250e+00   2.642590e-01   3.143661e-02
  2.162990e+00   2.444227e-01   3.154711e-02
  2.165720e+00   2.644138e-01   3.143710e-02
  2.168450e+00   2.832890e-01   3.137637e-02
  2.171180e+00   2.679894e-01   3.148899e-02
  2.173920e+00   2.423048e-01   3.127165e-02
  2.176650e+00   2.380847e-01   3.099575e-02
  2.179380e+00   2.454657e-01   3.121829e-02
  2.182110e+00   2.572059e-01   3.129885e-02
  2.184850e+00   2.360262e-01   3.110051e-02
  2.187580e+00   2.200990e-01   3.101739e-02
  2.190310e+00   2.692571e-01   3.083883e-02
  2.193040e+00   2.655449e-01   3.095018e-02
  2.195770e+00   2.406098e-01   3.115742e-02
  2.198510e+00   2.508279e-01   3.125679e-02
  2.201240e+00   2.427844e-01   3.139020e-02
  2.203970e+00   2.593865e-01   3.137959e-02
  2.206700e+00   2.544878e-01   3.086005e-02
  2.209440e+00   2.056035e-01   3.113586e-02
  2.212170e+00   2.415365e-01   3.106342e-02
  2.214900e+00   2.414743e-01   3.125163e-02
  2.217630e+00   2.269952e-01   3.089531e-02
  2.220370e+00   2.473752e-01   3.124770e-02
  2.223100e+00   2.651691e-01   3.111429e-02
  2.225830e+00   2.789123e-01   3.090605e-02
  2.228560e+00   2.526415e-01   3.141011e-02
  2.231290e+00   2.757253e-01   3.149057e-02
  2.234030e+00   2.504434e-01   3.113955e-02
  2.236760e+00   2.548159e-01   3.103972e-02
  2.239490e+00   2.919855e-01   3.056853e-02
  2.242220e+00   2.612529e-01   3.062615e-02
  2.244960e+00   2.322630e-01   3.114618e-02
  2.247690e+00   2.715111e-01   3.113901e-02
  2.250420e+00   2.623071e-01   3.166463e-02
  2.253150e+00   2.477227e-01   3.138775e-02
  2.255890e+00   2.147584e-01   3.126069e-02
  2.258620e+00   2.010144e-01   3.111028e-02
  2.261350e+00   2.339261e-01   3.067944e-02
  2.264080e+00   2.416550e-01   3.118604e-02
  2.266810e+00   2.265217e-01   3.078485e-02
  2.269550e+00   2.289995e-01   3.073353e-02
  2.272280e+00   2.621967e-01   3.069760e-02
  2.275010e+00   2.446559e-01   3.102671e-02
  2.277740e+00   2.389280e-01   3.096906e-02
  2.280480e+00   2.680341e-01   3.146855e-02
  2.283210e+00   2.332050e-01   3.121163e-02
  2.285940e+00   2.482635e-01   3.127816e-02
  2.288670e+00   2.290401e-01   3.097462e-02
  2.291410e+00   2.185439e-01   3.120088e-02
  2.294140e+00   2.510405e-01   3.096759e-02
  2.296870e+00   2.408750e-01   3.097052e-02
  2.299600e+00   2.448175e-01   3.101537e-02
  2.302330e+00   2.379379e-01   3.108783e-02
  2.305070e+00   2.435484e-01   3.123061e-02
  2.307800e+00   2.573965e-01   3.082410e-02
  2.310530e+00   2.453984e-01   3.078205e-02
  2.313260e+00   2.366916e-01   3.047270e-02
  2.316000e+00   2.214033e-01   3.088497e-02
  2.318730e+00   2.410998e-01   3.062408e-02
  2.321460e+00   2.458034e-01   3.036821e-02
  2.324190e+00   2.897979e-01   3.060705e-02
  2.326930e+00   2.814747e-01   3.064519e-02
  2.329660e+00   2.711744e-01   3.056584e-02
  2.332390e+00   2.843174e-01   3.072615e-02
  2.335120e+00   2.543687e-01   3.067156e-02
  2.337850e+00   2.470152e-01   3.092776e-02
  2.340590e+00   2.137782e-01   3.071872e-02
  2.343320e+00   2.218262e-01   3.055279e-02
  2.346050e+00   2.348915e-01   3.054659e-02
  2.348780e+00   2.245715e-01   3.088890e-02
  2.351520e+00   2.359021e-01   3.105394e-02
  2.354250e+00   2.335805e-01   3.040586e-02
  2.356980e+00   2.525682e-01   3.055548e-02
  2.359710e+00   2.063398e-01   3.016874e-02
  2.362450e+00   1.952457e-01   3.027107e-02
  2.365180e+00   2.576372e-01   3.034358e-02
  2.367910e+00   2.119821e-01   3.078307e-02
  2.370640e+00   2.138380e-01   3.086104e-02
  2.373370e+00   2.122978e-01   3.036046e-02
  2.376110e+00   2.424834e-01   3.049744e-02
  2.378840e+00   2.507656e-01   3.024535e-02
  2.381570e+00   2.277683e-01   3.017610e-02
  2.384300e+00   2.089176e-01   3.040908e-02
  2.387040e+00   2.465673e-01   3.058752e-02
  2.389770e+00   2.667166e-01   3.083257e-02
  2.392500e+00   2.161881e-01   3.065845e-02
  2.395230e+00   2.057388e-01   3.055606e-02
  2.397970e+00   2.046679e-01   3.048683e-02
  2.400700e+00   2.015843e-01   3.023183e-02
  2.403430e+00   2.135488e-01   3.050143e-02
  2.406160e+00   2.467005e-01   3.043805e-02
  2.408890e+00   2.339861e-01   3.004103e-02
  2.411630e+00   2.394714e-01   3.036665e-02
  2.414360e+00   2.431491e-01   3.034027e-02
  2.417090e+00   2.226778e-01   3.041318e-02
  2.419820e+00   2.132302e-01   3.020296e-02
  2.422560e+00   2.283863e-01   3.038344e-02
  2.425290e+00   2.182926e-01   3.040814e-02
  2.428020e+00   1.964252e-01   3.017091e-02
  2.430750e+00   1.916736e-01   3.018742e-02
  2.433490e+00   2.198189e-01   3.070202e-02
  2.436220e+00   2.263924e-01   3.059785e-02
  2.438950e+00   2.050880e-01   3.013532e-02
  2.441680e+00   2.184323e-01   3.040470e-02
  2.444410e+00   2.143195e-01   3.015971e-02
  2.447150e+00   2.211646e-01   3.027207e-02
  2.449880e+00   1.916694e-01   3.065412e-02
  2.452610e+00   1.921791e-01   3.052899e-02
  2.455340e+00   2.026135e-01   3.017052e-02
  2.458080e+00   1.916299e-01   3.058893e-02
  2.460810e+00   2.103552e-01   3.056677e-02
  2.463540e+00   2.173370e-01   3.016422e-02
  2.466270e+00   1.997635e-01   3.018268e-02
  2.469010e+00   1.806328e-01   3.042583e-02
  2.471740e+00   2.008245e-01   3.056498e-02
  2.474470e+00   2.060701e-01   3.042925e-02
  2.477200e+00   1.606309e-01   3.002568e-02
  2.479930e+00   1.316029e-01   2.997791e-02
  2.482670e+00   2.068515e-01   3.012565e-02
  2.485400e+00   2.109113e-01   3.017679e-02
  2.488130e+00   2.035361e-01   3.026869e-02
  2.490860e+00   2.458664e-01   3.006277e-02
  2.493600e+00   2.008444e-01   3.046882e-02
  2.496330e+00   2.143254e-01   3.049314e-02
  2.499060e+00   2.080292e-01   3.045069e-02
  2.501790e+00   2.403403e-01   3.000401e-02
  2.504530e+00   1.768918e-01   3.015015e-02
  2.507260e+00   1.930228e-01   3.022162e-02
  2.509990e+00   1.688681e-01   3.002499e-02
  2.512720e+00   1.843023e-01   3.015900e-02
  2.515450e+00   1.758148e-01   2.979519e-02
  2.518190e+00   1.623666e-01   2.977117e-02
  2.520920e+00   1.941690e-01   3.005867e-02
  2.523650e+00   1.897992e-01   3.025288e-02
  2.526380e+00   1.873520e-01   2.979729e-02
  2.529120e+00   1.698429e-01   3.009455e-02
  2.531850e+00   1.648361e-01   3.015956e-02
  2.534580e+00   1.927723e-01   2.981693e-02
  2.537310e+00   2.109856e-01   2.983456e-02
  2.540050e+00   2.034727e-01   3.006407e-02
  2.542780e+00   1.784661e-01   3.032014e-02
  2.545510e+00   1.868260e-01   2.994357e-02
  2.548240e+00   1.677171e-01   3.004366e-02
  2.550970e+00   1.324753e-01   2.994135e-02
  2.553710e+00   1.848946e-01   3.026557e-02
  2.556440e+00   1.845666e-01   2.995434e-02
  2.559170e+00   1.817409e-01   2.977280e-02
  2.561900e+00   1.682418e-01   2.977775e-02
  2.564640e+00   1.763356e-01   3.006002e-02
  2.567370e+00   2.025942e-01   2.980285e-02
  2.570100e+00   2.080892e-01   2.958494e-02
  2.572830e+00   1.892006e-01   2.973207e-02
  2.575570e+00   1.961520e-01   2.978982e-02
  2.578300e+00   1.674951e-01   3.035323e-02
  2.581030e+00   2.062898e-01   3.384299e-02
  2.583760e+00   2.181020e-01   3.568629e-02
  2.586490e+00   2.353140e-01   3.601834e-02
  2.589230e+00   2.044474e-01   3.689291e-02
  2.591960e+00   2.115871e-01   3.877491e-02
  2.594690e+00   1.300554e-01   4.011996e-02
  2.597420e+00   1.231761e-01   4.171570e-02
  2.600160e+00   1.962552e-01   4.332317e-02
  2.602890e+00   1.552404e-01   4.416079e-02
  2.605620e+00   1.611107e-01   4.510786e-02
  2.608350e+00   2.055351e-01   4.587482e-02
  2.611090e+00   1.791833e-01   4.614324e-02
  2.613820e+00   2.378347e-01   3.909328e-02
  2.616550e+00   1.807801e-01   3.638661e-02
  2.619280e+00   1.887687e-01   3.504480e-02
  2.622010e+00   2.085466e-01   3.419427e-02
  2.624750e+00   2.137175e-01   3.399581e-02
  2.627480e+00   2.076545e-01   3.334325e-02
  2.630210e+00   1.520303e-01   3.307072e-02
  2.632940e+00   1.762962e-01   3.283423e-02
  2.635680e+00   1.570472e-01   3.256235e-02
  2.638410e+00   1.614492e-01   3.274563e-02
  2.641140e+00   1.841764e-01   3.284266e-02
  2.643870e+00   1.622503e-01   3.217828e-02
  2.646610e+00   1.497828e-01   3.216852e-02
  2.649340e+00   1.329012e-01   3.246968e-02
  2.652070e+00   1.442513e-01   3.207350e-02
  2.654800e+00   1.647848e-01   3.207380e-02
  2.657530e+00   1.781134e-01   3.173572e-02
  2.660270e+00   1.529819e-01   3.173109e-02
  2.663000e+00   1.455107e-01   3.224843e-02
  2.665730e+00   1.375469e-01   3.266515e-02
  2.668460e+00   1.650756e-01   3.220451e-02
  2.671200e+00   1.772097e-01   3.166684e-02
  2.673930e+00   1.933648e-01   3.189263e-02
  2.676660e+00   1.684173e-01   3.206926e-02
  2.679390e+00   1.494563e-01   3.180520e-02
  2.682130e+00   1.858080e-01   3.160076e-02
  2.684860e+00   1.774624e-01   3.165256e-02
  2.687590e+00   1.810481e-01   3.167261e-02
  2.690320e+00   1.585596e-01   3.151983e-02
  2.693050e+00   1.696222e-01   3.133486e-02
  2.695790e+00   1.854334e-01   3.156012e-02
  2.698520e+00   1.444127e-01   3.172154e-02
  2.701250e+00   1.658221e-01   3.166114e-02
  2.703980e+00   1.419610e-01   3.079973e-02
  2.706720e+00   1.868967e-01   3.068521e-02
  2.709450e+00   1.916372e-01   3.070298e-02
  2.712180e+00   1.718401e-01   3.051180e-02
  2.714910e+00   1.660739e-01   3.007185e-02
  2.717650e+00   1.740442e-01   3.057481e-02
  2.720380e+00   1.619327e-01   3.030701e-02
  2.723110e+00   1.725026e-01   3.044146e-02
  2.725840e+00   1.771998e-01   3.046129e-02
  2.728570e+00   1.740649e-01   2.982262e-02
  2.731310e+00   1.639529e-01   2.983299e-02
  2.734040e+00   1.261959e-01   2.985016e-02
  2.736770e+00   1.422116e-01   2.997774e-02
  2.739500e+00   1.729356e-01   2.985216e-02
  2.742240e+00   1.586168e-01   2.933288e-02
  2.744970e+00   1.732812e-01   2.983426e-02
  2.747700e+00   2.110620e-01   2.997453e-02
  2.750430e+00   1.806230e-01   3.019704e-02
  2.753170e+00   1.417980e-01   2.985161e-02
  2.755900e+00   1.813385e-01   3.017352e-02
  2.758630e+00   2.293594e-01   3.028919e-02
  2.761360e+00   2.090308e-01   3.019660e-02
  2.764090e+00   1.713861e-01   2.965990e-02
  2.766830e+00   1.786911e-01   3.001454e-02
  2.769560e+00   2.035320e-01   2.994339e-02
  2.772290e+00   1.612563e-01   2.962404e-02
  2.775020e+00   1.870610e-01   2.952048e-02
  2.777760e+00   1.606344e-01   2.923052e-02
  2.780490e+00   1.991040e-01   2.960242e-02
  2.783220e+00   1.576386e-01   2.944276e-02
  2.785950e+00   1.699798e-01   2.944942e-02
  2.788690e+00   1.680723e-01   2.936311e-02
  2.791420e+00   1.698447e-01   2.944294e-02
  2.794150e+00   1.771623e-01   2.964959e-02
  2.796880e+00   1.511178e-01   2.963601e-02
  2.799610e+00   1.438930e-01   2.923341e-02
  2.802350e+00   1.501674e-01   2.943731e-02
  2.805080e+00   1.442653e-01   2.924208e-02
  2.807810e+00   1.731449e-01   2.925277e-02
  2.810540e+00   1.591460e-01   2.924561e-02
  2.813280e+00   1.436635e-01   2.922801e-02
  2.816010e+00   1.356788e-01   2.973225e-02
  2.818740e+00   1.524360e-01   2.967457e-02
  2.821470e+00   1.351295e-01   2.962878e-02
  2.824210e+00   1.146506e-01   2.965803e-02
  2.826940e+00   1.574817e-01   2.974777e-02
  2.829670e+00   1.933299e-01   2.938180e-02
  2.832400e+00   1.590613e-01   2.932855e-02
  2.835130e+00   1.368020e-01   2.920807e-02
  2.837870e+00   1.394075e-01   2.915773e-02
  2.840600e+00   1.209486e-01   2.959370e-02
  2.843330e+00   1.455277e-01   2.948777e-02
  2.846060e+00   1.492841e-01   2.908869e-02
  2.848800e+00   1.538424e-01   2.897909e-02
  2.851530e+00   1.291852e-01   2.903491e-02
  2.854260e+00   1.856991e-01   2.944827e-02
  2.856990e+00   1.611779e-01   2.916594e-02
  2.859730e+00   1.387365e-01   2.911863e-02
  2.862460e+00   1.601676e-01   2.909485e-02
  2.865190e+00   1.135987e-01   2.910695e-02
  2.867920e+00   1.433235e-01   2.928439e-02
  2.870650e+00   1.470047e-01   2.900537e-02
  2.873390e+00   1.352400e-01   2.913327e-02
  2.876120e+00   1.026838e-01   2.936127e-02
  2.878850e+00   1.196703e-01   2.957578e-02
  2.881580e+00   1.521091e-01   2.935363e-02
  2.884320e+00   1.643144e-01   2.902891e-02
  2.887050e+00   1.632305e-01   2.885144e-02
  2.889780e+00   1.724227e-01   2.910806e-02
  2.892510e+00   1.608221e-01   2.926024e-02
  2.895250e+00   1.697218e-01   2.940799e-02
  2.897980e+00   1.909553e-01   2.889366e-02
  2.900710e+00   1.677467e-01   2.892381e-02
  2.903440e+00   1.176273e-01   2.934927e-02
  2.906170e+00   1.586893e-01   2.926089e-02
  2.908910e+00   1.287076e-01   2.921105e-02
  2.911640e+00   1.378003e-01   2.935314e-02
  2.914370e+00   1.593471e-01   2.904484e-02
  2.917100e+00   1.431770e-01   2.902906e-02
  2.919840e+00   8.929743e-02   2.929469e-02
  2.922570e+00   1.409063e-01   2.907544e-02
  2.925300e+00   1.146173e-01   2.856022e-02
  2.928030e+00   1.299299e-01   2.868119e-02
  2.930770e+00   1.467273e-01   2.927210e-02
  2.933500e+00   1.772900e-01   2.929714e-02
  2.936230e+00   1.677706e-01   2.893758e-02
  2.938960e+00   1.477958e-01   2.909074e-02
  2.941690e+00   1.409127e-01   2.906083e-02
  2.944430e+00   1.452425e-01   2.898971e-02
  2.947160e+00   1.503725e-01   2.912973e-02
  2.949890e+00   1.343966e-01   2.909344e-02
  2.952620e+00   1.692269e-01   2.879170e-02
  2.955360e+00   1.698145e-01   2.890146e-02
  2.958090e+00   1.388172e-01   2.893797e-02
  2.960820e+00   1.414413e-01   2.910860e-02
  2.963550e+00   1.430421e-01   2.902405e-02
  2.966290e+00   1.762149e-01   2.890700e-02
  2.969020e+00   1.723736e-01   2.902377e-02
  2.971750e+00   1.321661e-01   2.904530e-02
  2.974480e+00   1.156010e-01   2.897818e-02
  2.977210e+00   1.441109e-01   2.888205e-02
  2.979950e+00   1.630306e-01   2.875445e-02
  2.982680e+00   1.715848e-01   2.911743e-02
  2.985410e+00   1.619833e-01   2.906751e-02
  2.988140e+00   1.470967e-01   2.905885e-02
  2.990880e+00   1.616285e-01   2.882398e-02
  2.993610e+00   1.328200e-01   2.875731e-02
  2.996340e+00   1.398321e-01   2.885310e-02
  2.999070e+00   1.040603e-01   2.870766e-02
  3.001810e+00   1.571716e-01   2.896834e-02
  3.004540e+00   1.535871e-01   2.877752e-02
  3.007270e+00   1.313314e-01   2.905613e-02
  3.010000e+00   1.697972e-01   2.906213e-02
  3.012730e+00   1.590530e-01   2.911067e-02
  3.015470e+00   1.575036e-01   2.914574e-02
  3.018200e+00   1.382318e-01   2.875132e-02
  3.020930e+00   1.455262e-01   2.895846e-02
  3.023660e+00   1.594680e-01   2.901727e-02
  3.026400e+00   1.678338e-01   2.867140e-02
  3.029130e+00   1.277572e-01   2.864678e-02
  3.031860e+00   1.370866e-01   2.900141e-02
  3.034590e+00   1.110957e-01   2.890578e-02
  3.037330e+00   1.341852e-01   2.899618e-02
  3.040060e+00   1.354710e-01   2.872478e-02
  3.042790e+00   1.474279e-01   2.869675e-02
  3.045520e+00   1.546573e-01   2.852710e-02
  3.048250e+00   1.334047e-01   2.853115e-02
  3.050990e+00   1.543467e-01   2.865277e-02
  3.053720e+00   1.441515e-01   2.877050e-02
  3.056450e+00   1.957722e-01   2.863636e-02
  3.059180e+00   1.522483e-01   2.854588e-02
  3.061920e+00   1.262662e-01   2.859556e-02
  3.064650e+00   1.337121e-01   2.868117e-02
  3.067380e+00   1.224260e-01   2.868557e-02
  3.070110e+00   1.504809e-01   2.821667e-02
  3.072850e+00   1.421010e-01   2.867364e-02
  3.075580e+00   1.361111e-01   2.863320e-02
  3.078310e+00   1.409863e-01   2.835296e-02
  3.081040e+00   9.935599e-02   2.934010e-02
  3.083770e+00   1.241213e-01   2.896864e-02
  3.086510e+00   1.606061e-01   2.897423e-02
  3.089240e+00   1.719748e-01   2.862952e-02
  3.091970e+00   1.616541e-01   2.867308e-02
  3.094700e+00   1.269515e-01   2.859553e-02
  3.097440e+00   1.261986e-01   2.860690e-02
  3.100170e+00   1.616045e-01   2.880790e-02
  3.102900e+00   1.502552e-01   2.863832e-02
  3.105630e+00   1.406755e-01   2.845558e-02
  3.108370e+00   1.137843e-01   2.823803e-02
  3.111100e+00   1.149984e-01   2.837227e-02
  3.113830e+00   1.208819e-01   2.824638e-02
  3.116560e+00   1.290708e-01   2.880187e-02
  3.119290e+00   1.257200e-01   2.875270e-02
  3.122030e+00   1.493250e-01   2.838435e-02
  3.124760e+00   1.283065e-01   2.831435e-02
  3.127490e+00   1.274909e-01   2.811557e-02
  3.130220e+00   1.518885e-01   2.849871e-02
  3.132960e+00   1.310432e-01   2.876224e-02
  3.135690e+00   1.533842e-01   2.870966e-02
  3.138420e+00   1.326701e-01   2.868466e-02
  3.141150e+00   1.221846e-01   2.805963e-02
  3.143890e+00   1.302112e-01   2.799789e-02
  3.146620e+00   1.550052e-01   2.840256e-02
  3.149350e+00   1.641739e-01   2.826157e-02
  3.152080e+00   1.379879e-01   2.829015e-02
  3.154810e+00   1.459047e-01   2.830890e-02
  3.157550e+00   1.631758e-01   2.865899e-02
  3.160280e+00   1.558828e-01   2.848647e-02
  3.163010e+00   1.676364e-01   2.888505e-02
  3.165740e+00   1.350292e-01   2.840521e-02
  3.168480e+00   1.617674e-01   2.826886e-02
  3.171210e+00   1.483886e-01   2.852779e-02
  3.173940e+00   1.518465e-01   2.839594e-02
  3.176670e+00   1.370573e-01   2.841663e-02
  3.179410e+00   1.234196e-01   2.848094e-02
  3.182140e+00   1.575071e-01   2.834178e-02
  3.184870e+00   1.205305e-01   2.813884e-02
  3.187600e+00   1.313735e-01   2.812779e-02
  3.190330e+00   1.582019e-01   2.807331e-02
  3.193070e+00   1.505527e-01   2.812826e-02
  3.195800e+00   1.167143e-01   2.810327e-02
  3.198530e+00   1.385753e-01   2.821694e-02
  3.201260e+00   1.575872e-01   2.839568e-02
  3.204000e+00   1.445593e-01   2.840209e-02
  3.206730e+00   1.763936e-01   2.862116e-02
  3.209460e+00   1.184027e-01   2.838362e-02
  3.212190e+00   1.442873e-01   2.802516e-02
  3.214930e+00   1.608176e-01   2.789399e-02
  3.217660e+00   1.476788e-01   2.820748e-02
  3.220390e+00   1.800914e-01   2.807623e-02
  3.223120e+00   1.392541e-01   2.812432e-02
  3.225850e+00   1.369328e-01   2.790960e-02
  3.228590e+00   1.648169e-01   2.810820e-02
  3.231320e+00   1.470957e-01   2.817911e-02
  3.234050e+00   1.426849e-01   2.798515e-02
  3.236780e+00   1.611305e-01   2.788241e-02
  3.239520e+00   1.524434e-01   2.839789e-02
  3.242250e+00   1.145015e-01   2.809999e-02
  3.244980e+00   1.368660e-01   2.796186e-02
  3.247710e+00   1.620828e-01   2.821473e-02
  3.250450e+00   1.148668e-01   2.847547e-02
  3.253180e+00   1.461780e-01   2.853932e-02
  3.255910e+00   1.360108e-01   2.825611e-02
  3.258640e+00   1.693290e-01   2.842873e-02
  3.261370e+00   1.444841e-01   2.797894e-02
  3.264110e+00   1.617188e-01   2.786181e-02
  3.266840e+00   1.438517e-01   2.787013e-02
  3.269570e+00   1.375598e-01   2.811707e-02
  3.272300e+00   1.419740e-01   2.783870e-02
  3.275040e+00   1.471433e-01   2.823555e-02
  3.277770e+00   1.598713e-01   2.826440e-02
  3.280500e+00   1.293303e-01   2.853183e-02
  3.283230e+00   1.167502e-01   2.815484e-02
  3.285970e+00   1.056652e-01   2.792380e-02
  3.288700e+00   1.213661e-01   2.819209e-02
  3.291430e+00   1.431552e-01   2.781016e-02
  3.294160e+00   1.343636e-01   2.793815e-02
  3.296890e+00   1.653048e-01   2.777517e-02
  3.299630e+00   1.395139e-01   2.745490e-02
  3.302360e+00   1.008793e-01   2.775430e-02
  3.305090e+00   1.192891e-01   2.807210e-02
  3.307820e+00   1.486104e-01   2.791487e-02
  3.310560e+00   1.278347e-01   2.766286e-02
  3.313290e+00   1.186480e-01   2.789634e-02
  3.316020e+00   1.083364e-01   2.802713e-02
  3.318750e+00   1.397897e-01   2.785470e-02
  3.321490e+00   1.524724e-01   2.802964e-02
  3.324220e+00   1.302680e-01   2.776734e-02
  3.326950e+00   1.313500e-01   2.793100e-02
  3.329680e+00   1.312434e-01   2.775231e-02
  3.332410e+00   1.524019e-01   2.776186e-02
  3.335150e+00   1.564274e-01   2.783296e-02
  3.337880e+00   1.181111e-01   2.781467e-02
  3.340610e+00   1.485866e-01   2.759603e-02
  3.343340e+00   1.235418e-01   2.782352e-02
  3.346080e+00   1.122316e-01   2.812807e-02
  3.348810e+00   1.379527e-01   2.776389e-02
  3.351540e+00   1.240421e-01   2.741606e-02
  3.354270e+00   1.325016e-01   2.781172e-02
  3.357010e+00   1.313165e-01   2.774764e-02
  3.359740e+00   1.351555e-01   2.782526e-02
  3.362470e+00   1.711869e-01   2.793232e-02
  3.365200e+00   1.455902e-01   2.771526e-02
  3.367930e+00   1.239045e-01   2.769628e-02
  3.370670e+00   1.573437e-01   2.778563e-02
  3.373400e+00   1.762910e-01   2.785913e-02
  3.376130e+00   1.480769e-01   2.790694e-02
  3.378860e+00   1.335364e-01   2.811329e-02
  3.381600e+00   1.632242e-01   2.773395e-02
  3.384330e+00   1.357117e-01   2.747297e-02
  3.387060e+00   1.576930e-01   2.810747e-02
  3.389790e+00   1.909543e-01   2.765209e-02
  3.392530e+00   1.527748e-01   2.776163e-02
  3.395260e+00   1.394334e-01   2.781297e-02
  3.397990e+00   1.214130e-01   2.803348e-02
  3.400720e+00   1.182705e-01   2.755409e-02
  3.403450e+00   1.501242e-01   2.748433e-02
  3.406190e+00   1.634421e-01   2.785275e-02
  3.408920e+00   1.511021e-01   2.755486e-02
  3.411650e+00   1.336274e-01   2.794745e-02
  3.414380e+00   1.786471e-01   2.770173e-02
  3.417120e+00   1.561511e-01   2.762881e-02
  3.419850e+00   1.311290e-01   2.759629e-02
  3.422580e+00   1.224425e-01   2.751483e-02
  3.425310e+00   1.260516e-01   2.738140e-02
  3.428050e+00   1.183926e-01   2.761518e-02
  3.430780e+00   1.643672e-01   2.770673e-02
  3.433510e+00   1.606941e-01   2.736316e-02
  3.436240e+00   1.562495e-01   2.755113e-02
  3.438970e+00   1.583522e-01   2.759279e-02
  3.441710e+00   1.275160e-01   2.775426e-02
  3.444440e+00   1.119684e-01   2.761263e-02
  3.447170e+00   1.729178e-01   2.784755e-02
  3.449900e+00   1.530706e-01   2.752072e-02
  3.452640e+00   1.388547e-01   2.820228e-02
  3.455370e+00   1.576988e-01   2.741127e-02
  3.458100e+00   1.498764e-01   2.742756e-02
  3.460830e+00   1.322773e-01   2.741300e-02
  3.463570e+00   1.451046e-01   2.737100e-02
  3.466300e+00   1.320873e-01   2.783338e-02
  3.469030e+00   1.363420e-01   2.756155e-02
  3.471760e+00   1.729964e-01   2.786866e-02
  3.474490e+00   1.278123e-01   2.730547e-02
  3.477230e+00   1.531166e-01   2.735854e-02
  3.479960e+00   1.480107e-01   2.740255e-02
  3.482690e+00   1.606900e-01   2.752679e-02
  3.485420e+00   1.359573e-01   2.718349e-02
  3.488160e+00   1.266569e-01   2.746018e-02
  3.490890e+00   1.195497e-01   2.755313e-02
  3.493620e+00   1.316538e-01   2.778254e-02
  3.496350e+00   1.479243e-01   2.740601e-02
  3.499090e+00   1.428536e-01   2.740120e-02
  3.501820e+00   1.261032e-01   2.718398e-02
  3.504550e+00   1.446955e-01   2.722667e-02
  3.507280e+00   1.405032e-01   2.712299e-02
  3.510010e+00   1.102083e-01   2.765516e-02
  3.512750e+00   1.554964e-01   2.816519e-02
  3.515480e+00   1.618708e-01   2.770322e-02
  3.518210e+00   1.209678e-01   2.766069e-02
  3.520940e+00   1.182244e-01   2.731793e-02
  3.523680e+00   1.481731e-01   2.731103e-02
  3.526410e+00   1.633213e-01   2.756932e-02
  3.529140e+00   1.418757e-01   2.792256e-02
  3.531870e+00   1.375764e-01   2.731595e-02
  3.534610e+00   1.526898e-01   2.725027e-02
  3.537340e+00   1.916458e-01   2.722997e-02
  3.540070e+00   1.613195e-01   2.726049e-02
  3.542800e+00   1.229742e-01   2.711968e-02
  3.545530e+00   1.588379e-01   2.715983e-02
  3.548270e+00   1.893498e-01   2.734804e-02
  3.551000e+00   1.426289e-01   2.736780e-02
  3.553730e+00   1.610113e-01   2.770357e-02
  3.556460e+00   1.599541e-01   2.746998e-02
  3.559200e+00   1.476743e-01   2.711587e-02
  3.561930e+00   1.326993e-01   2.730074e-02
  3.564660e+00   1.524940e-01   2.699106e-02
  3.567390e+00   1.638857e-01   2.708336e-02
  3.570130e+00   1.565990e-01   2.714485e-02
  3.572860e+00   1.427588e-01   2.726675e-02
  3.575590e+00   1.705589e-01   2.737919e-02
  3.578320e+00   1.499113e-01   2.714579e-02
  3.581050e+00   1.414204e-01   2.751191e-02
  3.583790e+00   1.218008e-01   2.723591e-02
  3.586520e+00   1.556209e-01   2.745057e-02
  3.589250e+00   1.365729e-01   2.730101e-02
  3.591980e+00   1.283925e-01   2.710710e-02
  3.594720e+00   1.311799e-01   2.671988e-02
  3.597450e+00   1.369699e-01   2.715741e-02
  3.600180e+00   1.746065e-01   2.707356e-02
  3.602910e+00   1.645497e-01   2.702939e-02
  3.605650e+00   1.599230e-01   2.731736e-02
  3.608380e+00   1.137598e-01   2.733427e-02
  3.611110e+00   1.079609e-01   2.695624e-02
  3.613840e+00   1.057853e-01   2.709811e-02
  3.616570e+00   1.460169e-01   2.709124e-02
  3.619310e+00   1.840384e-01   2.708940e-02
  3.622040e+00   1.571583e-01   2.751717e-02
  3.624770e+00   1.419847e-01   2.718414e-02
  3.627500e+00   1.487237e-01   2.744879e-02
  3.630240e+00   1.411804e-01   2.706018e-02
  3.632970e+00   1.267769e-01   2.716624e-02
  3.635700e+00   1.310655e-01   2.742926e-02
  3.638430e+00   1.251919e-01   2.693120e-02
  3.641170e+00   1.371452e-01   2.708395e-02
  3.643900e+00   1.491181e-01   2.696314e-02
  3.646630e+00   1.106190e-01   2.722969e-02
  3.649360e+00   1.502522e-01   2.743884e-02
  3.652090e+00   1.176506e-01   2.698609e-02
  3.654830e+00   1.174895e-01   2.726931e-02
  3.657560e+00   1.401108e-01   2.726344e-02
  3.660290e+00   1.229984e-01   2.735464e-02
  3.663020e+00   1.478397e-01   2.686067e-02
  3.665760e+00   1.703292e-01   2.718699e-02
  3.668490e+00   1.450277e-01   2.702448e-02
  3.671220e+00   1.395849e-01   2.695090e-02
  3.673950e+00   1.164813e-01   2.701326e-02
  3.676690e+00   1.207218e-01   2.744383e-02
  3.679420e+00   1.367401e-01   2.709868e-02
  3.682150e+00   1.374382e-01   2.723551e-02
  3.684880e+00   1.359585e-01   2.679384e-02
  3.687610e+00   1.505851e-01   2.702665e-02
  3.690350e+00   1.951658e-01   2.705032e-02
  3.693080e+00   1.495418e-01   2.684930e-02
  3.695810e+00   1.401850e-01   2.686352e-02
  3.698540e+00   1.550380e-01   2.690838e-02
  3.701280e+00   1.451829e-01   2.723782e-02
  3.704010e+00   1.501044e-01   2.746602e-02
  3.706740e+00   1.575349e-01   2.724203e-02
  3.709470e+00   1.554343e-01   2.720215e-02
  3.712210e+00   1.455013e-01   2.706901e-02
  3.714940e+00   1.389273e-01   2.730399e-02
  3.717670e+00   1.470011e-01   2.681556e-02
  3.720400e+00   1.506233e-01   2.686418e-02
  3.723130e+00   1.528006e-01   2.673593e-02
  3.725870e+00   1.459207e-01   2.687992e-02
  3.728600e+00   1.484466e-01   2.700783e-02
  3.731330e+00   1.554755e-01   2.675314e-02
  3.734060e+00   1.489710e-01   2.655418e-02
  3.736800e+00   1.710538e-01   2.688824e-02
  3.739530e+00   1.524187e-01   2.641537e-02
  3.742260e+00   1.198062e-01   2.661865e-02
  3.744990e+00   1.593153e-01   2.686398e-02
  3.747730e+00   1.432816e-01   2.711656e-02
  3.750460e+00   1.491695e-01   2.703320e-02
  3.753190e+00   1.442736e-01   2.679199e-02
  3.755920e+00   1.322420e-01   2.689910e-02
  3.758650e+00   1.308305e-01   2.672912e-02
  3.761390e+00   1.359097e-01   2.701508e-02
  3.764120e+00   1.567771e-01   2.707801e-02
  3.766850e+00   1.385819e-01   2.708618e-02
  3.769580e+00   1.428734e-01   2.653567e-02
  3.772320e+00   1.303650e-01   2.668215e-02
  3.775050e+00   1.201721e-01   2.686536e-02
  3.777780e+00   9.980868e-02   2.666848e-02
  3.780510e+00   1.429235e-01   2.675232e-02
  3.783250e+00   1.284841e-01   2.682626e-02
  3.785980e+00   1.395040e-01   2.696646e-02
  3.788710e+00   1.545284e-01   2.680054e-02
  3.791440e+00   1.384509e-01   2.663784e-02
  3.794170e+00   1.016531e-01   2.652055e-02
  3.796910e+00   1.099056e-01   2.654592e-02
  3.799640e+00   1.113782e-01   2.669060e-02
  3.802370e+00   1.705040e-01   2.625692e-02
  3.805100e+00   1.616204e-01   2.635486e-02
  3.807840e+00   1.452543e-01   2.637137e-02
  3.810570e+00   1.061009e-01   2.690062e-02
  3.813300e+00   1.315022e-01   2.694451e-02
  3.816030e+00   1.438071e-01   2.695051e-02
  3.818770e+00   1.194296e-01   2.689369e-02
  3.821500e+00   1.060121e-01   2.710396e-02
  3.824230e+00   1.159504e-01   2.705436e-02
  3.826960e+00   1.453469e-01   2.697088e-02
  3.829690e+00   1.602997e-01   2.674068e-02
  3.832430e+00   1.581960e-01   2.690233e-02
  3.835160e+00   1.317155e-01   2.666975e-02
  3.837890e+00   1.034828e-01   2.676312e-02
  3.840620e+00   1.109357e-01   2.691084e-02
  3.843360e+00   1.409820e-01   2.679309e-02
  3.846090e+00   1.490367e-01   2.687171e-02
  3.848820e+00   1.104734e-01   2.691699e-02
  3.851550e+00   9.919928e-02   2.642815e-02
  3.854290e+00   1.185513e-01   2.671648e-02
  3.857020e+00   1.269443e-01   2.658027e-02
  3.859750e+00   1.408956e-01   2.676180e-02
  3.862480e+00   1.090624e-01   2.659732e-02
  3.865210e+00   1.362036e-01   2.674563e-02
  3.867950e+00   1.306522e-01   2.672392e-02
  3.870680e+00   1.056295e-01   2.699212e-02
  3.873410e+00   9.392705e-02   2.658612e-02
  3.876140e+00   1.387848e-01   2.696766e-02
  3.878880e+00   1.618468e-01   2.649936e-02
  3.881610e+00   1.175609e-01   2.637850e-02
  3.884340e+00   1.599552e-01   2.690875e-02
  3.887070e+00   1.398589e-01   2.678428e-02
  3.889810e+00   1.573330e-01   2.639101e-02
  3.892540e+00   1.552401e-01   2.666759e-02
  3.895270e+00   1.307914e-01   2.694866e-02
  3.898000e+00   1.007122e-01   2.695089e-02
  3.900730e+00   1.476447e-01   2.662200e-02
  3.903470e+00   1.479272e-01   2.696118e-02
  3.906200e+00   1.368159e-01   2.683772e-02
  3.908930e+00   1.219409e-01   2.655552e-02
  3.911660e+00   9.298207e-02   2.662062e-02
  3.914400e+00   1.004811e-01   2.675544e-02
  3.917130e+00   1.457015e-01   2.662767e-02
  3.919860e+00   1.375131e-01   2.682282e-02
  3.922590e+00   1.055143e-01   2.689827e-02
  3.925330e+00   1.102365e-01   2.678656e-02
  3.928060e+00   1.271848e-01   2.622637e-02
  3.930790e+00   1.711267e-01   2.694927e-02
  3.933520e+00   1.373200e-01   3.011035e-02
  3.936250e+00   1.129053e-01   3.267204e-02
  3.938990e+00   1.489898e-01   3.422420e-02
  3.941720e+00   1.456923e-01   3.631671e-02
  3.944450e+00   1.102394e-01   3.778407e-02
  3.947180e+00   7.007675e-02   3.876270e-02
  3.949920e+00   1.712318e-01   4.103012e-02
  3.952650e+00   1.602570e-01   4.153568e-02
  3.955380e+00   1.087660e-01   4.339932e-02
  3.958110e+00   6.483499e-02   4.323718e-02
  3.960850e+00   7.416381e-02   3.589012e-02
  3.963580e+00   1.024485e-01   3.256295e-02
  3.966310e+00   8.406443e-02   3.089415e-02
  3.969040e+00   1.427524e-01   3.055000e-02
  3.971770e+00   9.410038e-02   3.002341e-02
  3.974510e+00   1.074008e-01   3.006111e-02
  3.977240e+00   1.422524e-01   2.943059e-02
  3.979970e+00   1.803180e-01   2.999215e-02
  3.982700e+00   1.534778e-01   2.944395e-02
  3.985440e+00   1.584169e-01   2.936295e-02
  3.988170e+00   1.131683e-01   2.907245e-02
  3.990900e+00   1.484755e-01   2.906449e-02
  3.993630e+00   1.259870e-01   2.839474e-02
  3.996370e+00   8.385582e-02   2.878043e-02
  3.999100e+00   8.409933e-02   2.839723e-02
  4.001830e+00   1.122154e-01   2.878169e-02
  4.004560e+00   1.530224e-01   2.844184e-02
  4.007300e+00   1.379672e-01   2.849946e-02
  4.010030e+00   1.481359e-01   2.834278e-02
  4.012760e+00   1.192405e-01   2.790644e-02
  4.015490e+00   1.115570e-01   2.757827e-02
  4.018220e+00   1.081992e-01   2.726258e-02
  4.020960e+00   9.521651e-02   2.734499e-02
  4.023690e+00   8.938833e-02   2.717211e-02
  4.026420e+00   1.271007e-01   2.700273e-02
  4.029150e+00   1.215114e-01   2.678699e-02
  4.031890e+00   1.534806e-01   2.702856e-02
  4.034620e+00   1.213680e-01   2.611270e-02
  4.037350e+00   1.451578e-01   2.635986e-02
  4.040080e+00   1.393318e-01   2.651285e-02
  4.042820e+00   1.077855e-01   2.668200e-02
  4.045550e+00   1.582571e-01   2.650153e-02
  4.048280e+00   8.608006e-02   2.641036e-02
  4.051010e+00   9.346417e-02   2.670909e-02
  4.053740e+00   1.083690e-01   2.607372e-02
  4.056480e+00   1.216960e-01   2.604923e-02
  4.059210e+00   1.222147e-01   2.555640e-02
  4.061940e+00   1.162608e-01   2.618827e-02
  4.064670e+00   1.324282e-01   2.622156e-02
  4.067410e+00   1.174891e-01   2.639773e-02
  4.070140e+00   1.161203e-01   2.623531e-02
  4.072870e+00   1.501838e-01   2.646078e-02
  4.075600e+00   1.191947e-01   2.630404e-02
  4.078340e+00   1.301249e-01   2.652947e-02
  4.081070e+00   1.309369e-01   2.660206e-02
  4.083800e+00   1.479817e-01   2.648590e-02
  4.086530e+00   9.537330e-02   2.645777e-02
  4.089260e+00   1.185766e-01   2.617763e-02
  4.092000e+00   1.337107e-01   2.608277e-02
  4.094730e+00   1.397281e-01   2.612410e-02
  4.097460e+00   1.363325e-01   2.648032e-02
  4.100190e+00   1.401579e-01   2.624715e-02
  4.102930e+00   1.225620e-01   2.626075e-02
  4.105660e+00   9.433983e-02   2.600531e-02
  4.108390e+00   8.416859e-02   2.630654e-02
  4.111120e+00   1.073436e-01   2.579090e-02
  4.113860e+00   1.076395e-01   2.566793e-02
  4.116590e+00   1.098755e-01   2.593384e-02
  4.119320e+00   1.187340e-01   2.585638e-02
  4.122050e+00   1.434187e-01   2.561936e-02
  4.124780e+00   1.439272e-01   2.569107e-02
  4.127520e+00   8.359340e-02   2.597012e-02
  4.130250e+00   1.192104e-01   2.601057e-02
  4.132980e+00   1.292231e-01   2.589937e-02
  4.135710e+00   1.235394e-01   2.563511e-02
  4.138450e+00   1.059856e-01   2.571546e-02
  4.141180e+00   1.097063e-01   2.609207e-02
  4.143910e+00   1.151487e-01   2.611011e-02
  4.146640e+00   1.460931e-01   2.631860e-02
  4.149380e+00   1.398810e-01   2.593875e-02
  4.152110e+00   9.941896e-02   2.620442e-02
  4.154840e+00   1.168392e-01   2.616614e-02
  4.157570e+00   1.163850e-01   2.582262e-02
  4.160300e+00   1.182721e-01   2.586305e-02
  4.163040e+00   1.160603e-01   2.608013e-02
  4.165770e+00   1.080519e-01   2.590611e-02
  4.168500e+00   1.207549e-01   2.574792e-02
  4.171230e+00   1.237276e-01   2.592031e-02
  4.173970e+00   1.108847e-01   2.594221e-02
  4.176700e+00   1.232650e-01   2.593447e-02
  4.179430e+00   8.294066e-02   2.580097e-02
  4.182160e+00   1.043076e-01   2.554294e-02
  4.184900e+00   1.086439e-01   2.537320e-02
  4.187630e+00   1.140857e-01   2.545869e-02
  4.190360e+00   1.241927e-01   2.548672e-02
  4.193090e+00   1.347970e-01   2.584013e-02
  4.195820e+00   1.200843e-01   2.590287e-02
  4.198560e+00   1.111703e-01   2.602887e-02
  4.201290e+00   1.224583e-01   2.599220e-02
  4.204020e+00   1.321043e-01   2.566445e-02
  4.206750e+00   1.362008e-01   2.556112e-02
  4.209490e+00   1.491046e-01   2.556932e-02
  4.212220e+00   1.084169e-01   2.546674e-02
  4.214950e+00   7.717486e-02   2.559953e-02
  4.217680e+00   6.808292e-02   2.541655e-02
  4.220420e+00   1.096169e-01   2.565948e-02
  4.223150e+00   9.412848e-02   2.567972e-02
  4.225880e+00   1.059417e-01   2.558564e-02
  4.228610e+00   1.186540e-01   2.598906e-02
  4.231340e+00   1.106242e-01   2.615602e-02
  4.234080e+00   1.056739e-01   2.578320e-02
  4.236810e+00   1.032521e-01   2.533013e-02
  4.239540e+00   1.107416e-01   2.537805e-02
  4.242270e+00   1.223735e-01   2.549540e-02
  4.245010e+00   1.214839e-01   2.582347e-02
  4.247740e+00   1.196178e-01   2.498131e-02
  4.250470e+00   8.952225e-02   2.525303e-02
  4.253200e+00   7.416313e-02   2.554039e-02
  4.255940e+00   1.305000e-01   2.517085e-02
  4.258670e+00   1.105307e-01   2.546607e-02
  4.261400e+00   1.044289e-01   2.538770e-02
  4.264130e+00   1.116708e-01   2.529299e-02
  4.266860e+00   9.367904e-02   2.550008e-02
  4.269600e+00   1.018421e-01   2.559545e-02
  4.272330e+00   1.155941e-01   2.516766e-02
  4.275060e+00   1.188958e-01   2.512727e-02
  4.277790e+00   1.115661e-01   2.543330e-02
  4.280530e+00   1.124117e-01   2.540726e-02
  4.283260e+00   1.106517e-01   2.545100e-02
  4.285990e+00   9.110697e-02   2.556648e-02
  4.288720e+00   9.148378e-02   2.527207e-02
  4.291460e+00   6.558977e-02   2.533368e-02
  4.294190e+00   7.831826e-02   2.519927e-02
  4.296920e+00   8.004685e-02   2.580647e-02
  4.299650e+00   1.069131e-01   2.584300e-02
  4.302380e+00   1.413881e-01   2.544314e-02
  4.305120e+00   1.022074e-01   2.550847e-02
  4.307850e+00   6.880897e-02   2.497360e-02
  4.310580e+00   1.081114e-01   2.514627e-02
  4.313310e+00   1.305764e-01   2.548263e-02
  4.316050e+00   8.884487e-02   2.551140e-02
  4.318780e+00   8.990273e-02   2.545202e-02
  4.321510e+00   9.885400e-02   2.521685e-02
  4.324240e+00   1.218214e-01   2.508020e-02
  4.326980e+00   1.289720e-01   2.508356e-02
  4.329710e+00   1.020304e-01   2.488399e-02
  4.332440e+00   1.109834e-01   2.519360e-02
  4.335170e+00   1.003740e-01   2.496067e-02
  4.337900e+00   7.356527e-02   2.536046e-02
  4.340640e+00   8.606592e-02   2.556904e-02
  4.343370e+00   1.013587e-01   2.526387e-02
  4.346100e+00   1.322232e-01   2.548466e-02
  4.348830e+00   1.107513e-01   2.508191e-02
  4.351570e+00   1.060441e-01   2.510217e-02
  4.354300e+00   1.183337e-01   2.517695e-02
  4.357030e+00   1.180791e-01   2.482546e-02
  4.359760e+00   1.241750e-01   2.507830e-02
  4.362500e+00   9.249130e-02   2.512578e-02
  4.365230e+00   9.207778e-02   2.497119e-02
  4.367960e+00   7.168362e-02   2.567585e-02
  4.370690e+00   6.710511e-02   2.517234e-02
  4.373420e+00   1.002568e-01   2.494127e-02
  4.376160e+00   6.975200e-02   2.513659e-02
  4.378890e+00   9.683512e-02   2.512010e-02
  4.381620e+00   1.267999e-01   2.494184e-02
  4.384350e+00   1.159728e-01   2.486221e-02
  4.387090e+00   1.095598e-01   2.508731e-02
  4.389820e+00   1.136030e-01   2.501169e-02
  4.392550e+00   1.044074e-01   2.453500e-02
  4.395280e+00   9.546020e-02   2.470567e-02
  4.398020e+00   9.399193e-02   2.481685e-02
  4.400750e+00   9.114481e-02   2.490494e-02
  4.403480e+00   8.075587e-02   2.487872e-02
  4.406210e+00   9.142508e-02   2.523519e-02
  4.408940e+00   7.035936e-02   2.492699e-02
  4.411680e+00   1.171094e-01   2.499199e-02
  4.414410e+00   9.900859e-02   2.480355e-02
  4.417140e+00   6.844041e-02   2.497965e-02
  4.419870e+00   8.886522e-02   2.481434e-02
  4.422610e+00   1.200826e-01   2.443556e-02
  4.425340e+00   8.333142e-02   2.475425e-02
  4.428070e+00   8.051668e-02   2.464210e-02
  4.430800e+00   9.805925e-02   2.451958e-02
  4.433540e+00   1.204496e-01   2.464812e-02
  4.436270e+00   8.056822e-02   2.471276e-02
  4.439000e+00   7.685058e-02   2.485395e-02
  4.441730e+00   8.289952e-02   2.499910e-02
  4.444460e+00   1.004994e-01   2.488411e-02
  4.447200e+00   5.081803e-02   2.480438e-02
  4.449930e+00   8.912808e-02   2.474569e-02
  4.452660e+00   1.059700e-01   2.479061e-02
  4.455390e+00   8.459503e-02   2.447871e-02
  4.458130e+00   8.385998e-02   2.452855e-02
  4.460860e+00   1.114367e-01   2.452748e-02
  4.463590e+00   8.835923e-02   2.438021e-02
  4.466320e+00   1.150284e-01   2.469511e-02
  4.469060e+00   7.990244e-02   2.477974e-02
  4.471790e+00   9.159884e-02   2.488799e-02
  4.474520e+00   6.922457e-02   2.501189e-02
  4.477250e+00   7.439649e-02   2.451497e-02
  4.479980e+00   6.857420e-02   2.454949e-02
  4.482720e+00   8.236279e-02   2.447570e-02
  4.485450e+00   7.179606e-02   2.407508e-02
  4.488180e+00   9.568209e-02   2.461878e-02
  4.490910e+00   1.204620e-01   2.440409e-02
  4.493650e+00   8.479985e-02   2.461980e-02
  4.496380e+00   8.022238e-02   2.454198e-02
  4.499110e+00   7.284451e-02   2.471382e-02
  4.501840e+00   1.001377e-01   2.476343e-02
  4.504580e+00   1.128023e-01   2.471091e-02
  4.507310e+00   8.152610e-02   2.428291e-02
  4.510040e+00   9.288669e-02   2.480836e-02
  4.512770e+00   8.455589e-02   2.479627e-02
  4.515500e+00   8.971621e-02   2.472038e-02
  4.518240e+00   8.929181e-02   2.448130e-02
  4.520970e+00   7.013714e-02   2.456443e-02
  4.523700e+00   9.853973e-02   2.449254e-02
  4.526430e+00   9.468337e-02   2.454274e-02
  4.529170e+00   9.430095e-02   2.448223e-02
  4.531900e+00   7.440355e-02   2.435098e-02
  4.534630e+00   8.555808e-02   2.471792e-02
  4.537360e+00   1.021703e-01   2.439498e-02
  4.540100e+00   8.479516e-02   2.431905e-02
  4.542830e+00   9.875079e-02   2.491993e-02
  4.545560e+00   1.034513e-01   2.489226e-02
  4.548290e+00   7.979998e-02   2.420578e-02
  4.551020e+00   6.314187e-02   2.418360e-02
  4.553760e+00   9.930479e-02   2.420944e-02
  4.556490e+00   8.470303e-02   2.430112e-02
  4.559220e+00   9.951034e-02   2.462275e-02
  4.561950e+00   8.723449e-02   2.445863e-02
  4.564690e+00   8.560904e-02   2.455184e-02
  4.567420e+00   1.182955e-01   2.455226e-02
  4.570150e+00   1.022537e-01   2.441672e-02
  4.572880e+00   8.512692e-02   2.425370e-02
  4.575620e+00   1.024398e-01   2.433913e-02
  4.578350e+00   7.576710e-02   2.430708e-02
  4.581080e+00   8.398243e-02   2.453720e-02
  4.583810e+00   8.890074e-02   2.481394e-02
  4.586540e+00   7.163809e-02   2.447111e-02
  4.589280e+00   6.244889e-02   2.432057e-02
  4.592010e+00   7.437461e-02   2.456878e-02
  4.594740e+00   8.064753e-02   2.434482e-02
  4.597470e+00   4.971008e-02   2.417961e-02
  4.600210e+00   9.299536e-02   2.436310e-02
  4.602940e+00   9.646450e-02   2.435454e-02
  4.605670e+00   9.912004e-02   2.430058e-02
  4.608400e+00   9.236677e-02   2.417675e-02
  4.611140e+00   1.142592e-01   2.403810e-02
  4.613870e+00   8.080795e-02   2.404006e-02
  4.616600e+00   9.520215e-02   2.426049e-02
  4.619330e+00   9.521665e-02   2.399739e-02
  4.622060e+00   8.650875e-02   2.396478e-02
  4.624800e+00   8.612490e-02   2.423428e-02
  4.627530e+00   6.862766e-02   2.414099e-02
  4.630260e+00   9.105171e-02   2.385248e-02
  4.632990e+00   7.226996e-02   2.399209e-02
  4.635730e+00   9.174728e-02   2.420769e-02
  4.638460e+00   6.090642e-02   2.422029e-02
  4.641190e+00   6.410203e-02   2.441806e-02
  4.643920e+00   8.408684e-02   2.389534e-02
  4.646660e+00   1.110468e-01   2.390944e-02
  4.649390e+00   9.361620e-02   2.400077e-02
  4.652120e+00   8.552342e-02   2.396658e-02
  4.654850e+00   9.706283e-02   2.433835e-02
  4.657580e+00   9.673570e-02   2.388950e-02
  4.660320e+00   1.068315e-01   2.407036e-02
  4.663050e+00   8.450903e-02   2.400509e-02
  4.665780e+00   7.783026e-02   2.367449e-02
  4.668510e+00   9.539641e-02   2.344741e-02
  4.671250e+00   1.014282e-01   2.405454e-02
  4.673980e+00   8.158495e-02   2.397689e-02
  4.676710e+00   1.170887e-01   2.400787e-02
  4.679440e+00   1.082328e-01   2.383588e-02
  4.682180e+00   6.475236e-02   2.382825e-02
  4.684910e+00   9.303596e-02   2.392744e-02
  4.687640e+00   8.017376e-02   2.444703e-02
  4.690370e+00   7.883124e-02   2.400924e-02
  4.693100e+00   7.966906e-02   2.346136e-02
  4.695840e+00   9.133995e-02   2.392989e-02
  4.698570e+00   1.123379e-01   2.419271e-02
  4.701300e+00   8.003515e-02   2.431750e-02
  4.704030e+00   8.838594e-02   2.422531e-02
  4.706770e+00   1.134922e-01   2.417603e-02
  4.709500e+00   7.826353e-02   2.417552e-02
  4.712230e+00   9.980167e-02   2.410815e-02
  4.714960e+00   1.100523e-01   2.394228e-02
  4.717700e+00   9.957294e-02   2.381636e-02
  4.720430e+00   1.126116e-01   2.398828e-02
  4.723160e+00   1.083104e-01   2.394615e-02
  4.725890e+00   6.402163e-02   2.393679e-02
  4.728620e+00   1.048581e-01   2.399934e-02
  4.731360e+00   1.149649e-01   2.383612e-02
  4.734090e+00   7.908285e-02   2.397255e-02
  4.736820e+00   7.620766e-02   2.429246e-02
  4.739550e+00   1.270855e-01   2.395649e-02
  4.742290e+00   7.909729e-02   2.379461e-02
  4.745020e+00   9.831854e-02   2.377030e-02
  4.747750e+00   8.597197e-02   2.400194e-02
  4.750480e+00   1.025106e-01   2.394759e-02
  4.753220e+00   1.183077e-01   2.364585e-02
  4.755950e+00   1.036510e-01   2.377086e-02
  4.758680e+00   8.566021e-02   2.394405e-02
  4.761410e+00   7.488806e-02   2.369603e-02
  4.764140e+00   6.825750e-02   2.363590e-02
  4.766880e+00   9.232514e-02   2.388729e-02
  4.769610e+00   7.186301e-02   2.342102e-02
  4.772340e+00   1.159597e-01   2.363636e-02
  4.775070e+00   1.225838e-01   2.400701e-02
  4.777810e+00   9.753830e-02   2.375090e-02
  4.780540e+00   8.180835e-02   2.391374e-02
  4.783270e+00   8.466198e-02   2.370047e-02
  4.786000e+00   9.430429e-02   2.362944e-02
  4.788740e+00   7.831874e-02   2.357881e-02
  4.791470e+00   5.625273e-02   2.375868e-02
  4.794200e+00   4.349512e-02   2.348658e-02
  4.796930e+00   8.370488e-02   2.371620e-02
  4.799660e+00   9.047342e-02   2.381673e-02
  4.802400e+00   9.732672e-02   2.364516e-02
  4.805130e+00   7.485933e-02   2.350443e-02
  4.807860e+00   1.083415e-01   2.377202e-02
  4.810590e+00   9.201751e-02   2.359934e-02
  4.813330e+00   8.506642e-02   2.360387e-02
  4.816060e+00   5.524878e-02   2.362748e-02
  4.818790e+00   5.616714e-02   2.339658e-02
  4.821520e+00   6.978725e-02   2.352962e-02
  4.824260e+00   7.352108e-02   2.380242e-02
  4.826990e+00   1.021783e-01   2.361083e-02
  4.829720e+00   7.754695e-02   2.345784e-02
  4.832450e+00   7.056581e-02   2.361326e-02
  4.835180e+00   7.605778e-02   2.381887e-02
  4.837920e+00   6.102625e-02   2.375247e-02
  4.840650e+00   6.674631e-02   2.389100e-02
  4.843380e+00   9.430867e-02   2.378956e-02
  4.846110e+00   1.245645e-01   2.369647e-02
  4.848850e+00   7.492208e-02   2.344201e-02
  4.851580e+00   8.656356e-02   2.350518e-02
  4.854310e+00   6.707835e-02   2.351785e-02
  4.857040e+00   7.677506e-02   2.329045e-02
  4.859780e+00   7.506921e-02   2.325097e-02
  4.862510e+00   1.077293e-01   2.319034e-02
  4.865240e+00   1.080335e-01   2.346848e-02
  4.867970e+00   8.923844e-02   2.361703e-02
  4.870700e+00   9.651886e-02   2.328660e-02
  4.873440e+00   9.399935e-02   2.329887e-02
  4.876170e+00   7.380019e-02   2.336303e-02
  4.878900e+00   8.555311e-02   2.322451e-02
  4.881630e+00   6.978401e-02   2.338165e-02
  4.884370e+00   8.100831e-02   2.357486e-02
  4.887100e+00   1.041941e-01   2.353537e-02
  4.889830e+00   9.480490e-02   2.360699e-02
  4.892560e+00   9.206763e-02   2.336593e-02
  4.895300e+00   1.191664e-01   2.335107e-02
  4.898030e+00   1.116412e-01   2.372512e-02
  4.900760e+00   1.049295e-01   2.323163e-02
  4.903490e+00   8.647205e-02   2.336969e-02
  4.906220e+00   7.069776e-02   2.378734e-02
  4.908960e+00   7.976293e-02   2.378788e-02
  4.911690e+00   8.788855e-02   2.320347e-02
  4.914420e+00   7.282125e-02   2.318871e-02
  4.917150e+00   9.524231e-02   2.354150e-02
  4.919890e+00   7.807197e-02   2.333247e-02
  4.922620e+00   4.973004e-02   2.333051e-02
  4.925350e+00   1.026522e-01   2.316099e-02
  4.928080e+00   1.062910e-01   2.322234e-02
  4.930820e+00   7.344992e-02   2.304227e-02
  4.933550e+00   7.087865e-02   2.299137e-02
  4.936280e+00   7.503419e-02   2.330574e-02
  4.939010e+00   7.406325e-02   2.346413e-02
  4.941740e+00   8.464532e-02   2.331365e-02
  4.944480e+00   9.183701e-02   2.294489e-02
  4.947210e+00   6.998764e-02   2.295823e-02
  4.949940e+00   9.081722e-02   2.346769e-02
  4.952670e+00   7.794563e-02   2.323909e-02
  4.955410e+00   9.202655e-02   2.326435e-02
  4.958140e+00   6.848468e-02   2.339353e-02
  4.960870e+00   8.793298e-02   2.338589e-02
  4.963600e+00   7.765664e-02   2.429946e-02
  4.966340e+00   1.276024e-01   2.943548e-02
  4.969070e+00   9.591853e-02   2.441619e-02
  4.971800e+00   8.396390e-02   2.312850e-02
  4.974530e+00   9.135280e-02   2.330391e-02
  4.977260e+00   9.328990e-02   2.334110e-02
  4.980000e+00   1.047742e-01   2.319835e-02
  4.982730e+00   1.180989e-01   2.330918e-02
  4.985460e+00   1.004800e-01   2.336043e-02
  4.988190e+00   7.080529e-02   2.292628e-02
  4.990930e+00   5.639860e-02   2.301851e-02
  4.993660e+00   8.684442e-02   2.296519e-02
  4.996390e+00   1.353318e-01   2.296473e-02
  4.999120e+00   1.026315e-01   2.307016e-02
  5.001860e+00   7.594524e-02   2.327485e-02
  5.004590e+00   1.029646e-01   2.325864e-02
  5.007320e+00   9.150296e-02   2.297943e-02
  5.010050e+00   9.436629e-02   2.289042e-02
  5.012780e+00   9.460206e-02   2.254503e-02
  5.015520e+00   8.435876e-02   2.300220e-02
  5.018250e+00   9.795141e-02   2.298834e-02
  5.020980e+00   7.450041e-02   2.320799e-02
  5.023710e+00   8.792886e-02   2.311227e-02
  5.026450e+00   8.399695e-02   2.336990e-02
  5.029180e+00   9.336911e-02   2.309392e-02
  5.031910e+00   9.568926e-02   2.301864e-02
  5.034640e+00   8.198706e-02   2.276227e-02
  5.037380e+00   7.129995e-02   2.284721e-02
  5.040110e+00   8.826277e-02   2.322725e-02
  5.042840e+00   9.367736e-02   2.314833e-02
  5.045570e+00   7.477680e-02   2.304163e-02
  5.048300e+00   1.331463e-01   2.299814e-02
  5.051040e+00   1.204405e-01   2.308558e-02
  5.053770e+00   1.098485e-01   2.261031e-02
  5.056500e+00   1.021432e-01   2.295185e-02
  5.059230e+00   5.681329e-02   2.297490e-02
  5.061970e+00   7.784067e-02   2.317112e-02
  5.064700e+00   8.775518e-02   2.294299e-02
  5.067430e+00   1.036636e-01   2.270690e-02
  5.070160e+00   8.940284e-02   2.278764e-02
  5.072900e+00   1.021484e-01   2.280257e-02
  5.075630e+00   1.091656e-01   2.302368e-02
  5.078360e+00   7.699420e-02   2.315705e-02
  5.081090e+00   6.496754e-02   2.295192e-02
  5.083820e+00   7.408354e-02   2.288947e-02
  5.086560e+00   8.816836e-02   2.305733e-02
  5.089290e+00   9.538292e-02   2.305677e-02
  5.092020e+00   1.244109e-01   2.304909e-02
  5.094750e+00   1.120662e-01   2.282710e-02
  5.097490e+00   8.338950e-02   2.291186e-02
  5.100220e+00   8.098666e-02   2.275846e-02
  5.102950e+00   1.138546e-01   2.306447e-02
  5.105680e+00   1.064533e-01   2.282402e-02
  5.108420e+00   1.064072e-01   2.308248e-02
  5.111150e+00   8.484340e-02   2.303426e-02
  5.113880e+00   9.742276e-02   2.321777e-02
  5.116610e+00   8.873457e-02   2.280816e-02
  5.119340e+00   1.185450e-01   2.261575e-02
  5.122080e+00   1.304310e-01   2.305828e-02
  5.124810e+00   1.126011e-01   2.259315e-02
  5.127540e+00   5.787024e-02   2.277788e-02
  5.130270e+00   1.032823e-01   2.294539e-02
  5.133010e+00   9.217389e-02   2.288668e-02
  5.135740e+00   4.905610e-02   2.308880e-02
  5.138470e+00   9.907567e-02   2.275766e-02
  5.141200e+00   1.231276e-01   2.280244e-02
  5.143940e+00   1.045896e-01   2.301612e-02
  5.146670e+00   1.007871e-01   2.282327e-02
  5.149400e+00   9.026564e-02   2.301852e-02
  5.152130e+00   8.405967e-02   2.308475e-02
  5.154860e+00   1.128182e-01   2.277551e-02
  5.157600e+00   8.704342e-02   2.281145e-02
  5.160330e+00   9.446331e-02   2.296101e-02
  5.163060e+00   1.130551e-01   2.309690e-02
  5.165790e+00   9.274053e-02   2.278096e-02
  5.168530e+00   1.062122e-01   2.252335e-02
  5.171260e+00   1.257234e-01   2.241994e-02
  5.173990e+00   7.514560e-02   2.276582e-02
  5.176720e+00   9.768781e-02   2.299987e-02
  5.179460e+00   1.002120e-01   2.277960e-02
  5.182190e+00   9.674662e-02   2.262549e-02
  5.184920e+00   7.472461e-02   2.287560e-02
  5.187650e+00   7.884897e-02   2.271506e-02
  5.190380e+00   7.592694e-02   2.257460e-02
  5.193120e+00   6.324103e-02   2.273923e-02
  5.195850e+00   7.300032e-02   2.292494e-02
  5.198580e+00   7.341911e-02   2.267106e-02
  5.201310e+00   7.104286e-02   2.252380e-02
  5.204050e+00   9.651606e-02   2.261828e-02
  5.206780e+00   1.025893e-01   2.284985e-02
  5.209510e+00   8.782044e-02   2.284139e-02
  5.212240e+00   1.083789e-01   2.280391e-02
  5.214980e+00   8.957327e-02   2.278896e-02
  5.217710e+00   1.222159e-01   2.290699e-02
  5.220440e+00   1.087158e-01   2.301043e-02
  5.223170e+00   1.067963e-01   2.282896e-02
  5.225900e+00   1.379418e-01   2.273136e-02
  5.228640e+00   1.000004e-01   2.279346e-02
  5.231370e+00   9.095733e-02   2.267442e-02
  5.234100e+00   1.205989e-01   2.255197e-02
  5.236830e+00   1.176943e-01   2.229614e-02
  5.239570e+00   8.762922e-02   2.268651e-02
  5.242300e+00   1.007057e-01   2.255232e-02
  5.245030e+00   1.029252e-01   2.248443e-02
  5.247760e+00   1.021994e-01   2.250641e-02
  5.250500e+00   1.278532e-01   2.252118e-02
  5.253230e+00   1.198961e-01   2.293070e-02
  5.255960e+00   1.226891e-01   2.281140e-02
  5.258690e+00   1.105775e-01   2.266435e-02
  5.261420e+00   9.501056e-02   2.255091e-02
  5.264160e+00   8.876631e-02   2.295465e-02
  5.266890e+00   7.295481e-02   2.297077e-02
  5.269620e+00   8.328687e-02   2.234485e-02
  5.272350e+00   1.237682e-01   2.248359e-02
  5.275090e+00   7.916684e-02   2.263814e-02
  5.277820e+00   1.152137e-01   2.256118e-02
  5.280550e+00   7.638614e-02   2.311198e-02
  5.283280e+00   9.601293e-02   2.671788e-02
  5.286020e+00   6.631015e-02   2.953074e-02
  5.288750e+00   8.429735e-02   3.127333e-02
  5.291480e+00   1.172472e-01   3.255697e-02
  5.294210e+00   1.255468e-01   3.442359e-02
  5.296940e+00   1.088132e-01   3.622732e-02
  5.299680e+00   1.145008e-01   3.842500e-02
  5.302410e+00   7.761908e-02   4.002706e-02
  5.305140e+00   1.119890e-01   4.148207e-02
  5.307870e+00   1.213596e-01   3.095778e-02
  5.310610e+00   8.067926e-02   2.716331e-02
  5.313340e+00   1.032665e-01   2.651402e-02
  5.316070e+00   8.581429e-02   2.603582e-02
  5.318800e+00   8.762419e-02   2.479719e-02
  5.321540e+00   1.063878e-01   2.484797e-02
  5.324270e+00   9.463244e-02   2.495462e-02
  5.327000e+00   1.107040e-01   2.478595e-02
  5.329730e+00   8.259736e-02   2.469470e-02
  5.332460e+00   1.012828e-01   2.482798e-02
  5.335200e+00   1.117904e-01   2.486431e-02
  5.337930e+00   1.216457e-01   2.456379e-02
  5.340660e+00   8.808324e-02   2.417347e-02
  5.343390e+00   1.122681e-01   2.367845e-02
  5.346130e+00   1.162589e-01   2.374738e-02
  5.348860e+00   1.078064e-01   2.367366e-02
  5.351590e+00   1.288832e-01   2.300492e-02
  5.354320e+00   1.283209e-01   2.305495e-02
  5.357060e+00   1.049694e-01   2.287277e-02
  5.359790e+00   9.724325e-02   2.293723e-02
  5.362520e+00   8.435742e-02   2.244295e-02
  5.365250e+00   8.514195e-02   2.181528e-02
  5.367980e+00   7.981852e-02   2.180921e-02
  5.370720e+00   9.054510e-02   2.248780e-02
  5.373450e+00   1.160957e-01   2.231399e-02
  5.376180e+00   1.113541e-01   2.218775e-02
  5.378910e+00   1.030269e-01   2.219899e-02
  5.381650e+00   8.091299e-02   2.221131e-02
  5.384380e+00   6.575625e-02   2.196198e-02
  5.387110e+00   9.692774e-02   2.200469e-02
  5.389840e+00   1.082399e-01   2.190640e-02
  5.392580e+00   1.190928e-01   2.223141e-02
  5.395310e+00   9.086784e-02   2.198111e-02
  5.398040e+00   8.707807e-02   2.224005e-02
  5.400770e+00   1.208101e-01   2.218919e-02
  5.403500e+00   1.067882e-01   2.197633e-02
  5.406240e+00   9.170722e-02   2.206508e-02
  5.408970e+00   9.902098e-02   2.191186e-02
  5.411700e+00   1.138257e-01   2.171329e-02
  5.414430e+00   9.638198e-02   2.197165e-02
  5.417170e+00   6.774213e-02   2.199363e-02
  5.419900e+00   1.079831e-01   2.202583e-02
  5.422630e+00   8.660135e-02   2.208078e-02
  5.425360e+00   8.972008e-02   2.200888e-02
  5.428100e+00   8.365305e-02   2.185908e-02
  5.430830e+00   9.983951e-02   2.215228e-02
  5.433560e+00   1.038574e-01   2.184094e-02
  5.436290e+00   1.108990e-01   2.179596e-02
  5.439020e+00   9.501738e-02   2.192058e-02
  5.441760e+00   8.409501e-02   2.194724e-02
  5.444490e+00   1.245292e-01   2.192011e-02
  5.447220e+00   9.747040e-02   2.152981e-02
  5.449950e+00   7.702473e-02   2.191094e-02
  5.452690e+00   9.607343e-02   2.174362e-02
  5.455420e+00   1.050926e-01   2.201562e-02
  5.458150e+00   9.036302e-02   2.199809e-02
  5.460880e+00   1.126824e-01   2.146514e-02
  5.463620e+00   9.498655e-02   2.196669e-02
  5.466350e+00   8.751653e-02   2.179029e-02
  5.469080e+00   9.178219e-02   2.204841e-02
  5.471810e+00   9.042735e-02   2.134127e-02
  5.474540e+00   9.330024e-02   2.155160e-02
  5.477280e+00   9.660480e-02   2.179298e-02
  5.480010e+00   9.605719e-02   2.201113e-02
  5.482740e+00   1.054663e-01   2.178143e-02
  5.485470e+00   8.806920e-02   2.135010e-02
  5.488210e+00   1.150978e-01   2.133761e-02
  5.490940e+00   1.285381e-01   2.153233e-02
  5.493670e+00   9.036901e-02   2.159859e-02
  5.496400e+00   9.530258e-02   2.118740e-02
  5.499140e+00   1.157539e-01   2.155612e-02
  5.501870e+00   1.012755e-01   2.164804e-02
  5.504600e+00   9.958982e-02   2.160612e-02
  5.507330e+00   1.289360e-01   2.156196e-02
  5.510060e+00   1.128684e-01   2.123032e-02
  5.512800e+00   1.093162e-01   2.128360e-02
  5.515530e+00   1.008486e-01   2.148801e-02
  5.518260e+00   9.278973e-02   2.151380e-02
  5.520990e+00   9.630288e-02   2.221657e-02
  5.523730e+00   1.388408e-01   2.613241e-02
  5.526460e+00   1.173241e-01   2.866964e-02
  5.529190e+00   1.422033e-01   2.976607e-02
  5.531920e+00   1.174335e-01   2.572507e-02
  5.534660e+00   9.384939e-02   2.355935e-02
  5.537390e+00   8.947712e-02   2.293559e-02
  5.540120e+00   1.067051e-01   2.219346e-02
  5.542850e+00   1.065313e-01   2.223919e-02
  5.545580e+00   8.288589e-02   2.190977e-02
  5.548320e+00   8.255441e-02   2.247864e-02
  5.551050e+00   1.058570e-01   2.275261e-02
  5.553780e+00   8.854142e-02   2.233823e-02
  5.556510e+00   6.450751e-02   2.190473e-02
  5.559250e+00   9.385449e-02   2.209816e-02
  5.561980e+00   8.200934e-02   2.200704e-02
  5.564710e+00   1.247315e-01   2.220262e-02
  5.567440e+00   9.724943e-02   2.204046e-02
  5.570180e+00   1.048575e-01   2.185066e-02
  5.572910e+00   9.259472e-02   2.176387e-02
  5.575640e+00   7.360059e-02   2.191813e-02
  5.578370e+00   6.578639e-02   2.179650e-02
  5.581100e+00   7.711108e-02   2.158304e-02
  5.583840e+00   7.995611e-02   2.144952e-02
  5.586570e+00   9.252284e-02   2.128804e-02
  5.589300e+00   1.134130e-01   2.128978e-02
  5.592030e+00   1.210518e-01   2.151814e-02
  5.594770e+00   1.038906e-01   2.158143e-02
  5.597500e+00   8.956329e-02   2.130116e-02
  5.600230e+00   1.015185e-01   2.151713e-02
  5.602960e+00   1.267825e-01   2.148172e-02
  5.605700e+00   1.221867e-01   2.140471e-02
  5.608430e+00   7.490526e-02   2.135395e-02
  5.611160e+00   8.975584e-02   2.134250e-02
  5.613890e+00   9.142586e-02   2.136684e-02
  5.616620e+00   1.055473e-01   2.111627e-02
  5.619360e+00   1.167772e-01   2.134356e-02
  5.622090e+00   9.800036e-02   2.111292e-02
  5.624820e+00   8.793473e-02   2.148821e-02
  5.627550e+00   9.243544e-02   2.117430e-02
  5.630290e+00   9.038042e-02   2.112868e-02
  5.633020e+00   9.274954e-02   2.107654e-02
  5.635750e+00   1.213352e-01   2.104537e-02
  5.638480e+00   1.136779e-01   2.093353e-02
  5.641220e+00   1.093049e-01   2.104496e-02
  5.643950e+00   1.227354e-01   2.133158e-02
  5.646680e+00   8.608782e-02   2.145720e-02
  5.649410e+00   1.167937e-01   2.122593e-02
  5.652140e+00   1.022729e-01   2.142771e-02
  5.654880e+00   1.016640e-01   2.143952e-02
  5.657610e+00   1.011303e-01   2.116147e-02
  5.660340e+00   8.952958e-02   2.096341e-02
  5.663070e+00   1.113860e-01   2.082368e-02
  5.665810e+00   1.197413e-01   2.102696e-02
  5.668540e+00   1.019977e-01   2.105563e-02
  5.671270e+00   7.976686e-02   2.097473e-02
  5.674000e+00   9.083417e-02   2.087059e-02
  5.676740e+00   9.892144e-02   2.136926e-02
  5.679470e+00   1.208459e-01   2.110311e-02
  5.682200e+00   1.112599e-01   2.084887e-02
  5.684930e+00   7.435424e-02   2.104484e-02
  5.687660e+00   6.999153e-02   2.103263e-02
  5.690400e+00   8.255526e-02   2.070598e-02
  5.693130e+00   9.457616e-02   2.089769e-02
  5.695860e+00   8.266556e-02   2.127864e-02
  5.698590e+00   1.101221e-01   2.086590e-02
  5.701330e+00   8.595124e-02   2.108947e-02
  5.704060e+00   8.691374e-02   2.114046e-02
  5.706790e+00   8.861169e-02   2.096087e-02
  5.709520e+00   9.554116e-02   2.072273e-02
  5.712260e+00   9.953702e-02   2.097275e-02
  5.714990e+00   9.647867e-02   2.108835e-02
  5.717720e+00   8.629007e-02   2.080797e-02
  5.720450e+00   8.665400e-02   2.091630e-02
  5.723180e+00   8.758794e-02   2.100454e-02
  5.725920e+00   8.705012e-02   2.072347e-02
  5.728650e+00   1.050013e-01   2.113312e-02
  5.731380e+00   8.590538e-02   2.117664e-02
  5.734110e+00   1.041898e-01   2.094371e-02
  5.736850e+00   1.031591e-01   2.072051e-02
  5.739580e+00   9.746153e-02   2.080392e-02
  5.742310e+00   9.932495e-02   2.108145e-02
  5.745040e+00   9.070027e-02   2.082375e-02
  5.747780e+00   1.021570e-01   2.071632e-02
  5.750510e+00   1.203467e-01   2.060294e-02
  5.753240e+00   8.918459e-02   2.078881e-02
  5.755970e+00   8.284452e-02   2.080325e-02
  5.758700e+00   9.570393e-02   2.064737e-02
  5.761440e+00   1.045452e-01   2.071485e-02
  5.764170e+00   1.143451e-01   2.090496e-02
  5.766900e+00   9.576638e-02   2.087566e-02
  5.769630e+00   8.531204e-02   2.075788e-02
  5.772370e+00   8.624535e-02   2.085962e-02
  5.775100e+00   9.239218e-02   2.066214e-02
  5.777830e+00   9.686601e-02   2.089311e-02
  5.780560e+00   8.779974e-02   2.107934e-02
  5.783300e+00   8.920269e-02   2.089129e-02
  5.786030e+00   6.380729e-02   2.085213e-02
  5.788760e+00   7.486621e-02   2.067928e-02
  5.791490e+00   9.846938e-02   2.102282e-02
  5.794220e+00   8.956879e-02   2.101224e-02
  5.796960e+00   7.459171e-02   2.090846e-02
  5.799690e+00   9.397475e-02   2.067255e-02
  5.802420e+00   9.286258e-02   2.047309e-02
  5.805150e+00   8.855564e-02   2.032187e-02
  5.807890e+00   7.778962e-02   2.038223e-02
  5.810620e+00   9.366392e-02   2.029712e-02
  5.813350e+00   1.068048e-01   2.067865e-02
  5.816080e+00   9.054994e-02   2.057015e-02
  5.818820e+00   8.185400e-02   2.060595e-02
  5.821550e+00   6.176318e-02   2.060253e-02
  5.824280e+00   7.839260e-02   2.062428e-02
  5.827010e+00   8.007792e-02   2.070322e-02
  5.829740e+00   1.026748e-01   2.066607e-02
  5.832480e+00   9.564603e-02   2.059913e-02
  5.835210e+00   8.442207e-02   2.076321e-02
  5.837940e+00   9.737420e-02   2.089424e-02
  5.840670e+00   9.260481e-02   2.085795e-02
  5.843410e+00   8.050448e-02   2.074420e-02
  5.846140e+00   7.830139e-02   2.078748e-02
  5.848870e+00   1.135465e-01   2.038817e-02
  5.851600e+00   1.221620e-01   2.047308e-02
  5.854340e+00   1.184196e-01   2.076678e-02
  5.857070e+00   1.050870e-01   2.089459e-02
  5.859800e+00   9.907615e-02   2.081385e-02
  5.862530e+00   9.722398e-02   2.059472e-02
  5.865260e+00   1.204173e-01   2.046327e-02
  5.868000e+00   8.898421e-02   2.045056e-02
  5.870730e+00   9.049715e-02   2.023618e-02
  5.873460e+00   9.598003e-02   2.018659e-02
  5.876190e+00   7.730595e-02   2.033411e-02
  5.878930e+00   9.640248e-02   2.043750e-02
  5.881660e+00   9.255842e-02   2.059756e-02
  5.884390e+00   9.318090e-02   2.064005e-02
  5.887120e+00   8.110361e-02   2.056256e-02
  5.889860e+00   8.505261e-02   2.044192e-02
  5.892590e+00   8.246004e-02   2.055253e-02
  5.895320e+00   7.506446e-02   2.096415e-02
  5.898050e+00   9.279086e-02   2.091756e-02
  5.900780e+00   9.403108e-02   2.067471e-02
  5.903520e+00   9.229766e-02   2.055319e-02
  5.906250e+00   1.013296e-01   2.054377e-02
  5.908980e+00   9.705513e-02   2.068679e-02
  5.911710e+00   1.114956e-01   2.068304e-02
  5.914450e+00   8.471588e-02   2.061282e-02
  5.917180e+00   6.663882e-02   2.027183e-02
  5.919910e+00   8.863917e-02   2.000948e-02
  5.922640e+00   8.547701e-02   2.032216e-02
  5.925380e+00   9.160411e-02   2.043825e-02
  5.928110e+00   9.493298e-02   2.049267e-02
  5.930840e+00   1.203369e-01   2.055942e-02
  5.933570e+00   1.054722e-01   2.062533e-02
  5.936300e+00   6.252477e-02   2.056271e-02
  5.939040e+00   9.806535e-02   2.037623e-02
  5.941770e+00   9.776755e-02   2.043336e-02
  5.944500e+00   8.716431e-02   2.026116e-02
  5.947230e+00   9.762131e-02   2.047532e-02
  5.949970e+00   8.201421e-02   2.071363e-02
  5.952700e+00   8.567579e-02   2.039036e-02
  5.955430e+00   6.688433e-02   2.035969e-02
  5.958160e+00   4.895012e-02   2.066378e-02
  5.960900e+00   8.432753e-02   2.051529e-02
  5.963630e+00   1.029353e-01   2.089377e-02
  5.966360e+00   8.669534e-02   2.437304e-02
  5.969090e+00   8.671049e-02   2.648844e-02
  5.971820e+00   9.229297e-02   2.817592e-02
  5.974560e+00   8.164348e-02   3.038222e-02
  5.977290e+00   1.061607e-01   3.242612e-02
  5.980020e+00   9.167241e-02   3.447058e-02
  5.982750e+00   7.652138e-02   3.625191e-02
  5.985490e+00   1.312517e-01   3.823112e-02
  5.988220e+00   1.061505e-01   4.086530e-02
  5.990950e+00   7.552652e-02   4.247451e-02
  5.993680e+00   6.212266e-02   4.491874e-02
  5.996420e+00   4.094497e-02   5.010815e-02
  5.999150e+00   1.151044e-01   5.529733e-02
  6.001880e+00   1.482638e-01   5.828719e-02
  6.004610e+00   9.832462e-02   7.081571e-02
  6.007340e+00   4.989108e-02   7.823656e-02
  6.010080e+00   7.933906e-02   9.841131e-02
  6.012810e+00   3.139439e-02   1.802009e-01
  6.015540e+00  -2.338910e-01   3.955886e-01
