Sample description: B470
 5.755550e-002  5.732104e+002  5.116615e+001
 5.955390e-002  5.805205e+002  4.085539e+001
 6.155240e-002  5.972456e+002  3.631737e+001
 6.355080e-002  5.810080e+002  3.167104e+001
 6.554920e-002  5.794175e+002  2.723292e+001
 6.754770e-002  5.738479e+002  2.551409e+001
 6.954610e-002  5.899499e+002  2.388074e+001
 7.154450e-002  5.962965e+002  2.351029e+001
 7.354300e-002  5.850227e+002  2.197404e+001
 7.554140e-002  5.660679e+002  2.086092e+001
 7.753980e-002  5.752343e+002  2.043825e+001
 7.953830e-002  5.903209e+002  1.945689e+001
 8.153670e-002  5.934976e+002  1.899518e+001
 8.353510e-002  5.872552e+002  1.814911e+001
 8.553360e-002  5.767731e+002  1.768366e+001
 8.753200e-002  5.910157e+002  1.729362e+001
 8.953040e-002  5.761437e+002  1.648203e+001
 9.152890e-002  5.856287e+002  1.624906e+001
 9.352730e-002  5.678456e+002  1.553311e+001
 9.552570e-002  5.825212e+002  1.561348e+001
 9.752420e-002  5.830199e+002  1.506783e+001
 9.952260e-002  6.046788e+002  1.468699e+001
 1.015210e-001  6.081441e+002  1.455075e+001
 1.035190e-001  5.697484e+002  1.389357e+001
 1.055180e-001  5.654291e+002  1.385752e+001
 1.075160e-001  5.706668e+002  1.339526e+001
 1.095150e-001  5.635184e+002  1.298359e+001
 1.115130e-001  5.810299e+002  1.303459e+001
 1.135120e-001  5.901390e+002  1.274899e+001
 1.155100e-001  5.847101e+002  1.255271e+001
 1.175080e-001  5.533480e+002  1.200594e+001
 1.195070e-001  5.807992e+002  1.206703e+001
 1.215050e-001  5.780722e+002  1.196620e+001
 1.235040e-001  5.686225e+002  1.158605e+001
 1.255020e-001  5.580571e+002  1.142330e+001
 1.275010e-001  5.582141e+002  1.115390e+001
 1.294990e-001  5.589100e+002  1.107943e+001
 1.314980e-001  5.768746e+002  1.101918e+001
 1.334960e-001  5.794877e+002  1.066737e+001
 1.354940e-001  5.671702e+002  1.056449e+001
 1.374930e-001  5.607811e+002  1.042111e+001
 1.394910e-001  5.621638e+002  1.030248e+001
 1.414900e-001  5.622280e+002  1.009114e+001
 1.434880e-001  5.650512e+002  9.907061e+000
 1.454870e-001  5.723950e+002  9.946947e+000
 1.474850e-001  5.624823e+002  9.777134e+000
 1.494830e-001  5.667578e+002  9.680921e+000
 1.514820e-001  5.722157e+002  9.455789e+000
 1.534800e-001  5.766939e+002  9.453434e+000
 1.554790e-001  5.758604e+002  9.317404e+000
 1.574770e-001  5.656583e+002  9.116723e+000
 1.594760e-001  5.517594e+002  9.062760e+000
 1.614740e-001  5.411277e+002  8.726713e+000
 1.634720e-001  5.638359e+002  8.917152e+000
 1.654710e-001  5.753920e+002  8.796778e+000
 1.674690e-001  5.627247e+002  8.576461e+000
 1.694680e-001  5.514087e+002  8.519508e+000
 1.714660e-001  5.574434e+002  8.388549e+000
 1.734650e-001  5.664852e+002  8.458546e+000
 1.754630e-001  5.605909e+002  8.215264e+000
 1.774610e-001  5.645289e+002  8.163620e+000
 1.794600e-001  5.483540e+002  8.078756e+000
 1.814580e-001  5.445080e+002  7.940340e+000
 1.834570e-001  5.462041e+002  7.879448e+000
 1.854550e-001  5.553143e+002  7.756653e+000
 1.874540e-001  5.626354e+002  7.793783e+000
 1.894520e-001  5.587932e+002  7.852346e+000
 1.914510e-001  5.509237e+002  7.737629e+000
 1.934490e-001  5.444175e+002  7.728560e+000
 1.954470e-001  5.401866e+002  7.670416e+000
 1.974460e-001  5.421376e+002  7.788123e+000
 1.994440e-001  5.586494e+002  7.790479e+000
 2.014430e-001  5.577920e+002  7.699029e+000
 2.034410e-001  5.381635e+002  7.602452e+000
 2.054400e-001  5.391109e+002  7.570493e+000
 2.074380e-001  5.453706e+002  7.576465e+000
 2.094360e-001  5.418620e+002  7.488746e+000
 2.114350e-001  5.407928e+002  7.492220e+000
 2.134330e-001  5.481695e+002  7.513706e+000
 2.154320e-001  5.625092e+002  7.671817e+000
 2.174300e-001  5.487300e+002  7.703977e+000
 2.194290e-001  5.442898e+002  7.573959e+000
 2.214270e-001  5.391565e+002  7.724228e+000
 2.234250e-001  5.534036e+002  7.831678e+000
 2.254240e-001  5.331619e+002  7.767854e+000
 2.274220e-001  5.416688e+002  7.714330e+000
 2.294210e-001  5.582367e+002  7.760951e+000
 2.314190e-001  5.392055e+002  7.785625e+000
 2.334180e-001  5.203161e+002  7.664662e+000
 2.354160e-001  5.350938e+002  7.726610e+000
 2.374140e-001  5.402617e+002  7.736095e+000
 2.394130e-001  5.201437e+002  7.646111e+000
 2.414110e-001  5.324355e+002  7.760061e+000
 2.434100e-001  5.455989e+002  7.686796e+000
 2.454080e-001  5.318114e+002  7.727083e+000
 2.474070e-001  5.285186e+002  7.655957e+000
 2.494050e-001  5.427382e+002  7.492732e+000
 2.514040e-001  5.290624e+002  7.326345e+000
 2.534020e-001  5.314126e+002  7.171497e+000
 2.554000e-001  5.521626e+002  7.275005e+000
 2.573990e-001  5.386283e+002  7.079774e+000
 2.593970e-001  5.151459e+002  6.966549e+000
 2.613960e-001  5.229740e+002  6.915659e+000
 2.633940e-001  5.240000e+002  6.871883e+000
 2.653930e-001  5.407902e+002  6.960707e+000
 2.673910e-001  5.415878e+002  6.774927e+000
 2.693890e-001  5.163761e+002  6.667999e+000
 2.713880e-001  5.406732e+002  6.753471e+000
 2.733860e-001  5.214755e+002  6.604827e+000
 2.753850e-001  5.188380e+002  6.621865e+000
 2.773830e-001  5.152925e+002  6.475823e+000
 2.793820e-001  5.158567e+002  6.452839e+000
 2.813800e-001  5.084264e+002  6.402029e+000
 2.833780e-001  5.161330e+002  6.424818e+000
 2.853770e-001  5.349507e+002  6.473132e+000
 2.873750e-001  5.366284e+002  6.290929e+000
 2.893740e-001  5.289587e+002  6.313367e+000
 2.913720e-001  5.051598e+002  6.172286e+000
 2.933710e-001  5.222454e+002  6.246040e+000
 2.953690e-001  4.970542e+002  6.124238e+000
 2.973670e-001  4.996727e+002  6.028922e+000
 2.993660e-001  5.134664e+002  6.104979e+000
 3.013640e-001  5.150630e+002  6.066627e+000
 3.033630e-001  5.083011e+002  6.013158e+000
 3.053610e-001  5.052225e+002  5.941762e+000
 3.073600e-001  4.997020e+002  5.874419e+000
 3.093580e-001  5.030706e+002  5.937030e+000
 3.113570e-001  5.155128e+002  5.854295e+000
 3.133550e-001  5.082819e+002  5.792670e+000
 3.153530e-001  5.160389e+002  5.844686e+000
 3.173520e-001  5.021540e+002  5.773110e+000
 3.193500e-001  4.951392e+002  5.686866e+000
 3.213490e-001  4.912409e+002  5.611349e+000
 3.233470e-001  5.028760e+002  5.669479e+000
 3.253460e-001  5.024922e+002  5.650203e+000
 3.273440e-001  5.001485e+002  5.602314e+000
 3.293420e-001  4.970300e+002  5.560139e+000
 3.313410e-001  4.890085e+002  5.494934e+000
 3.333390e-001  4.961259e+002  5.503537e+000
 3.353380e-001  4.751125e+002  5.434788e+000
 3.373360e-001  4.944321e+002  5.403892e+000
 3.393350e-001  4.859628e+002  5.402340e+000
 3.413330e-001  4.917430e+002  5.348499e+000
 3.433310e-001  4.768086e+002  5.320916e+000
 3.453300e-001  4.867368e+002  5.298418e+000
 3.473280e-001  4.980479e+002  5.285288e+000
 3.493270e-001  4.846759e+002  5.261454e+000
 3.513250e-001  4.726961e+002  5.205702e+000
 3.533240e-001  4.748607e+002  5.207758e+000
 3.553220e-001  4.701854e+002  5.088049e+000
 3.573200e-001  4.892574e+002  5.191859e+000
 3.593190e-001  4.980936e+002  5.190674e+000
 3.613170e-001  4.902697e+002  5.141526e+000
 3.633160e-001  4.715575e+002  5.084466e+000
 3.653140e-001  4.752457e+002  5.149412e+000
 3.673130e-001  4.810491e+002  5.224128e+000
 3.693110e-001  4.753430e+002  5.209264e+000
 3.713090e-001  4.523316e+002  5.138068e+000
 3.733080e-001  4.684188e+002  5.192593e+000
 3.753060e-001  4.703870e+002  5.207158e+000
 3.773050e-001  4.693776e+002  5.195138e+000
 3.793030e-001  4.827423e+002  5.112037e+000
 3.813020e-001  4.753971e+002  5.070364e+000
 3.833000e-001  4.685282e+002  4.984174e+000
 3.852990e-001  4.558599e+002  4.978236e+000
 3.872970e-001  4.739220e+002  4.974936e+000
 3.892950e-001  4.654561e+002  4.876305e+000
 3.912940e-001  4.504805e+002  4.856842e+000
 3.932920e-001  4.442775e+002  4.787026e+000
 3.952910e-001  4.521443e+002  4.798721e+000
 3.972890e-001  4.460579e+002  4.710074e+000
 3.992880e-001  4.692483e+002  4.782908e+000
 4.012860e-001  4.582866e+002  4.753349e+000
 4.032840e-001  4.433431e+002  4.639822e+000
 4.052830e-001  4.621300e+002  4.689090e+000
 4.072810e-001  4.576208e+002  4.622293e+000
 4.092800e-001  4.484427e+002  4.616776e+000
 4.112780e-001  4.415174e+002  4.566905e+000
 4.132770e-001  4.453789e+002  4.492779e+000
 4.152750e-001  4.445544e+002  4.481251e+000
 4.172730e-001  4.583796e+002  4.477634e+000
 4.192720e-001  4.581004e+002  4.493926e+000
 4.212700e-001  4.431971e+002  4.409129e+000
 4.232690e-001  4.423812e+002  4.376752e+000
 4.252670e-001  4.431605e+002  4.356087e+000
 4.272660e-001  4.351853e+002  4.294186e+000
 4.292640e-001  4.326071e+002  4.304838e+000
 4.312620e-001  4.291878e+002  4.214280e+000
 4.332610e-001  4.229417e+002  4.220892e+000
 4.352590e-001  4.308368e+002  4.261072e+000
 4.372580e-001  4.258946e+002  4.197027e+000
 4.392560e-001  4.316879e+002  4.191182e+000
 4.412550e-001  4.352336e+002  4.172150e+000
 4.432530e-001  4.273113e+002  4.169090e+000
 4.452520e-001  4.220807e+002  4.183195e+000
 4.472500e-001  4.235761e+002  4.130459e+000
 4.492480e-001  4.195069e+002  4.123244e+000
 4.512470e-001  4.125696e+002  4.052753e+000
 4.532450e-001  4.143465e+002  4.070838e+000
 4.552440e-001  4.088493e+002  4.043653e+000
 4.572420e-001  4.108376e+002  4.011166e+000
 4.592410e-001  4.037789e+002  4.014816e+000
 4.612390e-001  4.027741e+002  3.971237e+000
 4.632370e-001  4.166187e+002  3.995610e+000
 4.652360e-001  4.051707e+002  3.946036e+000
 4.672340e-001  4.135366e+002  3.945388e+000
 4.692330e-001  4.088772e+002  3.950149e+000
 4.712310e-001  4.128789e+002  3.928098e+000
 4.732300e-001  4.152347e+002  3.917524e+000
 4.752280e-001  4.093503e+002  3.881766e+000
 4.772260e-001  4.123460e+002  3.895294e+000
 4.792250e-001  4.096342e+002  3.864175e+000
 4.812230e-001  4.129420e+002  3.871533e+000
 4.832220e-001  4.098627e+002  3.842764e+000
 4.852200e-001  4.016630e+002  3.790834e+000
 4.872190e-001  3.925390e+002  3.784979e+000
 4.892170e-001  4.007514e+002  3.778611e+000
 4.912150e-001  3.921013e+002  3.740521e+000
 4.932140e-001  3.867488e+002  3.727799e+000
 4.952120e-001  3.988243e+002  3.728065e+000
 4.972110e-001  4.177107e+002  3.775013e+000
 4.992090e-001  4.015455e+002  3.699951e+000
 5.012080e-001  4.053569e+002  3.714893e+000
 5.032060e-001  4.013724e+002  3.691758e+000
 5.052050e-001  3.868140e+002  3.647077e+000
 5.072030e-001  3.941676e+002  3.657553e+000
 5.092010e-001  3.865860e+002  3.602162e+000
 5.112000e-001  3.765554e+002  3.592849e+000
 5.131980e-001  3.678113e+002  3.540698e+000
 5.151970e-001  3.763234e+002  3.556530e+000
 5.171950e-001  3.774290e+002  3.551751e+000
 5.191940e-001  3.813158e+002  3.525842e+000
 5.211920e-001  3.755588e+002  3.538051e+000
 5.231900e-001  3.806283e+002  3.514737e+000
 5.251890e-001  3.953022e+002  3.525522e+000
 5.271870e-001  3.728532e+002  3.493740e+000
 5.291860e-001  3.607619e+002  3.438432e+000
 5.311840e-001  3.743763e+002  3.490292e+000
 5.331830e-001  3.743483e+002  3.432871e+000
 5.351810e-001  3.656067e+002  3.420989e+000
 5.371790e-001  3.729804e+002  3.431249e+000
 5.391780e-001  3.599287e+002  3.383104e+000
 5.411760e-001  3.711078e+002  3.400322e+000
 5.431750e-001  3.666140e+002  3.350961e+000
 5.451730e-001  3.569985e+002  3.346585e+000
 5.471720e-001  3.539974e+002  3.328328e+000
 5.491700e-001  3.565491e+002  3.313162e+000
 5.511680e-001  3.570403e+002  3.329095e+000
 5.531670e-001  3.563351e+002  3.287601e+000
 5.551650e-001  3.639444e+002  3.320307e+000
 5.571640e-001  3.603965e+002  3.297874e+000
 5.591620e-001  3.555447e+002  3.260881e+000
 5.611610e-001  3.521519e+002  3.250541e+000
 5.631590e-001  3.420474e+002  3.215948e+000
 5.651580e-001  3.544419e+002  3.241755e+000
 5.671560e-001  3.599335e+002  3.227988e+000
 5.691540e-001  3.484948e+002  3.208559e+000
 5.711530e-001  3.525799e+002  3.196526e+000
 5.731510e-001  3.502833e+002  3.191193e+000
 5.751500e-001  3.441981e+002  3.154440e+000
 5.771480e-001  3.374146e+002  3.130686e+000
 5.791470e-001  3.467143e+002  3.162596e+000
 5.811450e-001  3.522540e+002  3.156150e+000
 5.831430e-001  3.435541e+002  3.117215e+000
 5.851420e-001  3.392110e+002  3.101121e+000
 5.871400e-001  3.366523e+002  3.099034e+000
 5.891390e-001  3.316234e+002  3.077409e+000
 5.911370e-001  3.372140e+002  3.075080e+000
 5.931360e-001  3.335854e+002  3.054740e+000
 5.951340e-001  3.362601e+002  3.058068e+000
 5.971320e-001  3.321197e+002  3.050715e+000
 5.991310e-001  3.290772e+002  3.026980e+000
 6.011290e-001  3.293555e+002  2.993728e+000
 6.031280e-001  3.236121e+002  3.006671e+000
 6.051260e-001  3.334789e+002  3.011195e+000
 6.071250e-001  3.292806e+002  3.009731e+000
 6.091230e-001  3.348864e+002  2.991786e+000
 6.111210e-001  3.233014e+002  2.947490e+000
 6.131200e-001  3.211166e+002  2.952981e+000
 6.151180e-001  3.200322e+002  2.926375e+000
 6.171170e-001  3.171628e+002  2.921971e+000
 6.191150e-001  3.168591e+002  2.906743e+000
 6.211140e-001  3.146888e+002  2.903183e+000
 6.231120e-001  3.039968e+002  2.888452e+000
 6.251110e-001  3.160840e+002  2.876617e+000
 6.271090e-001  3.229811e+002  2.953309e+000
 6.291070e-001  3.162520e+002  2.971704e+000
 6.311060e-001  3.074546e+002  2.985460e+000
 6.331040e-001  3.063886e+002  2.988580e+000
 6.351030e-001  3.159068e+002  2.976191e+000
 6.371010e-001  3.162965e+002  3.038118e+000
 6.391000e-001  3.229697e+002  3.095440e+000
 6.410980e-001  3.241035e+002  3.088108e+000
 6.430960e-001  3.187104e+002  3.056973e+000
 6.450950e-001  2.864848e+002  2.997535e+000
 6.470930e-001  2.966526e+002  3.047795e+000
 6.490920e-001  3.000133e+002  3.032770e+000
 6.510900e-001  3.039324e+002  3.033664e+000
 6.530890e-001  2.983362e+002  3.014188e+000
 6.550870e-001  2.882988e+002  2.999542e+000
 6.570850e-001  2.860196e+002  3.001001e+000
 6.590840e-001  3.002741e+002  2.990278e+000
 6.610820e-001  2.876448e+002  2.974894e+000
 6.630810e-001  2.831557e+002  2.952334e+000
 6.650790e-001  2.943994e+002  2.984899e+000
 6.670780e-001  2.885193e+002  2.977034e+000
 6.690760e-001  2.945525e+002  2.942493e+000
 6.710740e-001  2.875614e+002  2.946967e+000
 6.730730e-001  2.885524e+002  2.899731e+000
 6.750710e-001  2.925484e+002  2.865496e+000
 6.770700e-001  2.852614e+002  2.818574e+000
 6.790680e-001  2.880833e+002  2.819352e+000
 6.810670e-001  2.771741e+002  2.800244e+000
 6.830650e-001  2.862138e+002  2.793544e+000
 6.850630e-001  2.750008e+002  2.757321e+000
 6.870620e-001  2.796365e+002  2.740416e+000
 6.890600e-001  2.869035e+002  2.752235e+000
 6.910590e-001  2.852699e+002  2.748320e+000
 6.930570e-001  2.789822e+002  2.696528e+000
 6.950560e-001  2.760346e+002  2.697555e+000
 6.970540e-001  2.698305e+002  2.679817e+000
 6.990530e-001  2.792833e+002  2.695615e+000
 7.010510e-001  2.866669e+002  2.683733e+000
 7.030490e-001  2.722377e+002  2.626159e+000
 7.050480e-001  2.713650e+002  2.657255e+000
 7.070460e-001  2.662683e+002  2.614152e+000
 7.090450e-001  2.750317e+002  2.640680e+000
 7.110430e-001  2.754964e+002  2.609079e+000
 7.130420e-001  2.687318e+002  2.585983e+000
 7.150400e-001  2.674305e+002  2.598395e+000
 7.170380e-001  2.680908e+002  2.577790e+000
 7.190370e-001  2.568722e+002  2.551959e+000
 7.210350e-001  2.624932e+002  2.551416e+000
 7.230340e-001  2.591481e+002  2.538556e+000
 7.250320e-001  2.559633e+002  2.528866e+000
 7.270310e-001  2.577201e+002  2.516882e+000
 7.290290e-001  2.470453e+002  2.491972e+000
 7.310270e-001  2.555377e+002  2.494866e+000
 7.330260e-001  2.566329e+002  2.500173e+000
 7.350240e-001  2.563965e+002  2.479011e+000
 7.370230e-001  2.538826e+002  2.464709e+000
 7.390210e-001  2.458266e+002  2.455605e+000
 7.410200e-001  2.412789e+002  2.422712e+000
 7.430180e-001  2.582037e+002  2.460218e+000
 7.450160e-001  2.521913e+002  2.425935e+000
 7.470150e-001  2.487400e+002  2.423385e+000
 7.490130e-001  2.484792e+002  2.430055e+000
 7.510120e-001  2.410267e+002  2.376975e+000
 7.530100e-001  2.463119e+002  2.388706e+000
 7.550090e-001  2.524108e+002  2.400717e+000
 7.570070e-001  2.502816e+002  2.405602e+000
 7.590060e-001  2.398830e+002  2.380070e+000
 7.610040e-001  2.327502e+002  2.337416e+000
 7.630020e-001  2.411171e+002  2.352633e+000
 7.650010e-001  2.358179e+002  2.341814e+000
 7.669990e-001  2.323581e+002  2.356656e+000
 7.689980e-001  2.359484e+002  2.346721e+000
 7.709960e-001  2.359870e+002  2.319894e+000
 7.729950e-001  2.312442e+002  2.318401e+000
 7.749930e-001  2.329070e+002  2.313541e+000
 7.769910e-001  2.304823e+002  2.302601e+000
 7.789900e-001  2.442706e+002  2.306231e+000
 7.809880e-001  2.361507e+002  2.307468e+000
 7.829870e-001  2.331390e+002  2.295274e+000
 7.849850e-001  2.252243e+002  2.272255e+000
 7.869840e-001  2.270358e+002  2.259572e+000
 7.889820e-001  2.201308e+002  2.240238e+000
 7.909800e-001  2.254308e+002  2.261930e+000
 7.929790e-001  2.312719e+002  2.259268e+000
 7.949770e-001  2.242184e+002  2.234162e+000
 7.969760e-001  2.232225e+002  2.224507e+000
 7.989740e-001  2.222191e+002  2.218394e+000
 8.009730e-001  2.183084e+002  2.231486e+000
 8.029710e-001  2.233196e+002  2.212974e+000
 8.049690e-001  2.236663e+002  2.217030e+000
 8.069680e-001  2.150635e+002  2.202384e+000
 8.089660e-001  2.246932e+002  2.193529e+000
 8.109650e-001  2.057278e+002  2.175468e+000
 8.129630e-001  2.068643e+002  2.148477e+000
 8.149620e-001  2.185843e+002  2.179171e+000
 8.169600e-001  2.147436e+002  2.167139e+000
 8.189590e-001  2.145333e+002  2.162897e+000
 8.209570e-001  2.163178e+002  2.160889e+000
 8.229550e-001  2.050510e+002  2.122601e+000
 8.249540e-001  2.019398e+002  2.130381e+000
 8.269520e-001  2.076650e+002  2.134230e+000
 8.289510e-001  2.116223e+002  2.135492e+000
 8.309490e-001  1.969574e+002  2.110364e+000
 8.329480e-001  2.054092e+002  2.100292e+000
 8.349460e-001  2.095796e+002  2.121518e+000
 8.369440e-001  2.115522e+002  2.102504e+000
 8.389430e-001  2.094327e+002  2.094929e+000
 8.409410e-001  1.924137e+002  2.075553e+000
 8.429400e-001  1.995778e+002  2.079430e+000
 8.449380e-001  2.045595e+002  2.082342e+000
 8.469370e-001  2.021419e+002  2.054337e+000
 8.489350e-001  1.931283e+002  2.053378e+000
 8.509330e-001  1.991323e+002  2.067176e+000
 8.529320e-001  1.945372e+002  2.047749e+000
 8.549300e-001  1.972900e+002  2.039282e+000
 8.569290e-001  1.969960e+002  2.027150e+000
 8.589270e-001  1.967026e+002  2.045639e+000
 8.609260e-001  1.963030e+002  2.028608e+000
 8.629240e-001  1.956657e+002  2.019746e+000
 8.649220e-001  1.908214e+002  2.012532e+000
 8.669210e-001  1.915819e+002  2.008411e+000
 8.689190e-001  1.924933e+002  2.018488e+000
 8.709180e-001  1.934862e+002  1.992179e+000
 8.729160e-001  1.831677e+002  1.975382e+000
 8.749150e-001  1.767936e+002  1.973137e+000
 8.769130e-001  1.774153e+002  1.974284e+000
 8.789120e-001  1.812016e+002  1.972319e+000
 8.809100e-001  1.844776e+002  1.961991e+000
 8.829080e-001  1.811898e+002  1.961968e+000
 8.849070e-001  1.846501e+002  1.961738e+000
 8.869050e-001  1.778435e+002  1.951529e+000
 8.889040e-001  1.897280e+002  1.952516e+000
 8.909020e-001  1.817733e+002  1.930963e+000
 8.929010e-001  1.844310e+002  1.940911e+000
 8.948990e-001  1.725892e+002  1.917581e+000
 8.968970e-001  1.795882e+002  1.909012e+000
 8.988960e-001  1.763961e+002  1.907376e+000
 9.008940e-001  1.835303e+002  1.917583e+000
 9.028930e-001  1.798628e+002  1.911977e+000
 9.048910e-001  1.698902e+002  1.883620e+000
 9.068900e-001  1.699880e+002  1.872090e+000
 9.088880e-001  1.743950e+002  1.885802e+000
 9.108860e-001  1.744880e+002  1.888617e+000
 9.128850e-001  1.715526e+002  1.873385e+000
 9.148830e-001  1.691744e+002  1.859041e+000
 9.168820e-001  1.695655e+002  1.868232e+000
 9.188800e-001  1.592161e+002  1.852885e+000
 9.208790e-001  1.648753e+002  1.856685e+000
 9.228770e-001  1.650402e+002  1.846289e+000
 9.248750e-001  1.642707e+002  1.848670e+000
 9.268740e-001  1.625053e+002  1.842579e+000
 9.288720e-001  1.588370e+002  1.831739e+000
 9.308710e-001  1.690493e+002  1.843492e+000
 9.328690e-001  1.680921e+002  1.838495e+000
 9.348680e-001  1.570558e+002  1.821663e+000
 9.368660e-001  1.563650e+002  1.820850e+000
 9.388640e-001  1.577587e+002  1.803691e+000
 9.408630e-001  1.549267e+002  1.800953e+000
 9.428610e-001  1.608375e+002  1.815357e+000
 9.448600e-001  1.599061e+002  1.810507e+000
 9.468580e-001  1.490830e+002  1.790598e+000
 9.488570e-001  1.498400e+002  1.779990e+000
 9.508550e-001  1.492104e+002  1.790257e+000
 9.528540e-001  1.558938e+002  1.791627e+000
 9.548520e-001  1.569444e+002  1.786411e+000
 9.568500e-001  1.582668e+002  1.778202e+000
 9.588490e-001  1.530162e+002  1.777948e+000
 9.608470e-001  1.526080e+002  1.778678e+000
 9.628460e-001  1.552867e+002  1.774051e+000
 9.648440e-001  1.452766e+002  1.743136e+000
 9.668430e-001  1.388427e+002  1.741875e+000
 9.688410e-001  1.476143e+002  1.756147e+000
 9.708390e-001  1.472272e+002  1.749805e+000
 9.728380e-001  1.387873e+002  1.720612e+000
 9.748360e-001  1.438003e+002  1.732708e+000
 9.768350e-001  1.432986e+002  1.734980e+000
 9.788330e-001  1.457223e+002  1.737652e+000
 9.808320e-001  1.423605e+002  1.725410e+000
 9.828300e-001  1.450569e+002  1.721088e+000
 9.848280e-001  1.512153e+002  1.731469e+000
 9.868270e-001  1.473149e+002  1.720942e+000
 9.888250e-001  1.478836e+002  1.721527e+000
 9.908240e-001  1.454673e+002  1.707038e+000
 9.928220e-001  1.382238e+002  1.706358e+000
 9.948210e-001  1.369647e+002  1.706412e+000
 9.968190e-001  1.354612e+002  1.690811e+000
 9.988170e-001  1.334577e+002  1.678468e+000
 1.000820e+000  1.425158e+002  1.697743e+000
 1.002810e+000  1.362108e+002  1.695093e+000
 1.004810e+000  1.329321e+002  1.687976e+000
 1.006810e+000  1.334253e+002  1.665839e+000
 1.008810e+000  1.370500e+002  3.517626e+000
 1.010810e+000  1.411985e+002  1.537886e+000
 1.012810e+000  1.361177e+002  1.470920e+000
 1.014800e+000  1.335156e+002  1.449159e+000
 1.016800e+000  1.341237e+002  1.450210e+000
 1.018800e+000  1.350047e+002  1.446074e+000
 1.020800e+000  1.348810e+002  1.440884e+000
 1.022800e+000  1.349719e+002  1.438863e+000
 1.024800e+000  1.332295e+002  1.430841e+000
 1.026800e+000  1.277639e+002  1.437354e+000
 1.028790e+000  1.268012e+002  1.422681e+000
 1.030790e+000  1.277069e+002  1.413898e+000
 1.032790e+000  1.304747e+002  1.411866e+000
 1.034790e+000  1.289357e+002  1.412090e+000
 1.036790e+000  1.239616e+002  1.407035e+000
 1.038790e+000  1.272065e+002  1.413940e+000
 1.040780e+000  1.264102e+002  1.397680e+000
 1.042780e+000  1.260186e+002  1.396040e+000
 1.044780e+000  1.237320e+002  1.388864e+000
 1.046780e+000  1.217884e+002  1.383945e+000
 1.048780e+000  1.201619e+002  1.379790e+000
 1.050780e+000  1.188028e+002  1.406243e+000
 1.052780e+000  1.181201e+002  2.495920e+000
 1.054770e+000  1.211494e+002  2.238573e+000
 1.056770e+000  1.207194e+002  2.234888e+000
 1.058770e+000  1.199400e+002  2.241751e+000
 1.060770e+000  1.192897e+002  2.268768e+000
 1.062770e+000  1.188883e+002  2.277750e+000
 1.064770e+000  1.187867e+002  2.300794e+000
 1.066760e+000  1.183584e+002  2.287016e+000
 1.068760e+000  1.175701e+002  2.299701e+000
 1.070760e+000  1.165424e+002  2.306802e+000
 1.072760e+000  1.158769e+002  2.307093e+000
 1.074760e+000  1.154187e+002  2.310587e+000
 1.076760e+000  1.151088e+002  2.326800e+000
 1.078750e+000  1.142902e+002  2.306726e+000
 1.080750e+000  1.137849e+002  2.303658e+000
 1.082750e+000  1.128732e+002  2.310043e+000
 1.084750e+000  1.129228e+002  2.324088e+000
 1.086750e+000  1.119803e+002  2.319151e+000
 1.088750e+000  1.108922e+002  2.302274e+000
 1.090750e+000  1.108088e+002  2.314760e+000
 1.092740e+000  1.102475e+002  2.292812e+000
 1.094740e+000  1.098103e+002  2.272057e+000
 1.096740e+000  1.096684e+002  2.255292e+000
 1.098740e+000  1.091736e+002  2.229453e+000
 1.100740e+000  1.085150e+002  2.207104e+000
 1.102740e+000  1.080096e+002  2.217930e+000
 1.104730e+000  1.075075e+002  2.188048e+000
 1.106730e+000  1.070014e+002  2.178080e+000
 1.108730e+000  1.065858e+002  2.177652e+000
 1.110730e+000  1.063066e+002  2.169755e+000
 1.112730e+000  1.055701e+002  2.158673e+000
 1.114730e+000  1.042187e+002  2.130366e+000
 1.116730e+000  1.033651e+002  2.138085e+000
 1.118720e+000  1.029712e+002  2.117106e+000
 1.120720e+000  1.025636e+002  2.113899e+000
 1.122720e+000  1.026443e+002  2.111521e+000
 1.124720e+000  1.025879e+002  2.097481e+000
 1.126720e+000  1.019212e+002  2.083497e+000
 1.128720e+000  1.008333e+002  2.098270e+000
 1.130710e+000  1.004372e+002  2.077261e+000
 1.132710e+000  9.940004e+001  2.064526e+000
 1.134710e+000  9.880572e+001  2.060239e+000
 1.136710e+000  9.837281e+001  2.059814e+000
 1.138710e+000  9.818970e+001  2.045802e+000
 1.140710e+000  9.780807e+001  2.053613e+000
 1.142700e+000  9.688609e+001  2.034169e+000
 1.144700e+000  9.667655e+001  2.032458e+000
 1.146700e+000  9.653041e+001  2.033981e+000
 1.148700e+000  9.606021e+001  2.019706e+000
 1.150700e+000  9.567574e+001  2.015561e+000
 1.152700e+000  9.507896e+001  2.007047e+000
 1.154700e+000  9.442333e+001  2.019969e+000
 1.156690e+000  9.420671e+001  2.004863e+000
 1.158690e+000  9.310102e+001  1.988736e+000
 1.160690e+000  9.282545e+001  1.990906e+000
 1.162690e+000  9.272376e+001  1.989659e+000
 1.164690e+000  9.260455e+001  1.980827e+000
 1.166690e+000  9.216462e+001  1.988772e+000
 1.168680e+000  9.180994e+001  1.970255e+000
 1.170680e+000  9.085115e+001  1.970378e+000
 1.172680e+000  9.027951e+001  1.960783e+000
 1.174680e+000  8.985199e+001  1.950418e+000
 1.176680e+000  8.974966e+001  1.945646e+000
 1.178680e+000  9.013762e+001  1.965661e+000
 1.180670e+000  8.933631e+001  1.946713e+000
 1.182670e+000  8.825423e+001  1.931474e+000
 1.184670e+000  8.768182e+001  1.928953e+000
 1.186670e+000  8.744100e+001  1.929224e+000
 1.188670e+000  8.659040e+001  1.922812e+000
 1.190670e+000  8.643765e+001  1.910565e+000
 1.192670e+000  8.580510e+001  1.915474e+000
 1.194660e+000  8.569223e+001  1.902008e+000
 1.196660e+000  8.531696e+001  1.900157e+000
 1.198660e+000  8.464989e+001  1.898634e+000
 1.200660e+000  8.456258e+001  1.892048e+000
 1.202660e+000  8.455903e+001  1.885907e+000
 1.204660e+000  8.371834e+001  1.898481e+000
 1.206650e+000  8.277120e+001  1.873332e+000
 1.208650e+000  8.260545e+001  1.871104e+000
 1.210650e+000  8.272351e+001  1.869195e+000
 1.212650e+000  8.212125e+001  1.864865e+000
 1.214650e+000  8.118576e+001  1.856659e+000
 1.216650e+000  8.115204e+001  1.848960e+000
 1.218650e+000  8.178287e+001  1.874019e+000
 1.220640e+000  8.083719e+001  1.851780e+000
 1.222640e+000  7.987780e+001  1.845374e+000
 1.224640e+000  7.934243e+001  1.835625e+000
 1.226640e+000  7.923097e+001  1.828567e+000
 1.228640e+000  7.908076e+001  1.828465e+000
 1.230640e+000  7.881852e+001  1.838021e+000
 1.232630e+000  7.859310e+001  1.820855e+000
 1.234630e+000  7.792701e+001  1.815838e+000
 1.236630e+000  7.771524e+001  1.815743e+000
 1.238630e+000  7.742471e+001  1.815388e+000
 1.240630e+000  7.676934e+001  1.796740e+000
 1.242630e+000  7.652362e+001  1.805669e+000
 1.244620e+000  7.669629e+001  1.794899e+000
 1.246620e+000  7.581531e+001  1.796467e+000
 1.248620e+000  7.529772e+001  1.793060e+000
 1.250620e+000  7.493876e+001  1.776607e+000
 1.252620e+000  7.482921e+001  1.776934e+000
 1.254620e+000  7.449849e+001  1.776544e+000
 1.256620e+000  7.433619e+001  1.787994e+000
 1.258610e+000  7.341790e+001  1.764996e+000
 1.260610e+000  7.317303e+001  1.760643e+000
 1.262610e+000  7.277628e+001  1.764205e+000
 1.264610e+000  7.254911e+001  1.759282e+000
 1.266610e+000  7.199342e+001  1.748574e+000
 1.268610e+000  7.137377e+001  1.754265e+000
 1.270600e+000  7.110811e+001  1.745049e+000
 1.272600e+000  7.090711e+001  1.746770e+000
 1.274600e+000  7.104923e+001  1.739332e+000
 1.276600e+000  7.091108e+001  1.732299e+000
 1.278600e+000  7.053863e+001  1.727114e+000
 1.280600e+000  6.981312e+001  1.742614e+000
 1.282590e+000  6.937703e+001  1.727361e+000
 1.284590e+000  6.937335e+001  1.721700e+000
 1.286590e+000  6.939762e+001  1.721500e+000
 1.288590e+000  6.898991e+001  1.717301e+000
 1.290590e+000  6.905155e+001  1.717238e+000
 1.292590e+000  6.856958e+001  1.706434e+000
 1.294590e+000  6.842323e+001  1.719499e+000
 1.296580e+000  6.781336e+001  1.707447e+000
 1.298580e+000  6.745527e+001  1.699358e+000
 1.300580e+000  6.684781e+001  1.694335e+000
 1.302580e+000  6.679718e+001  1.689227e+000
 1.304580e+000  6.726687e+001  1.694042e+000
 1.306580e+000  6.620889e+001  1.704051e+000
 1.308570e+000  6.537680e+001  1.677799e+000
 1.310570e+000  6.521090e+001  1.673712e+000
 1.312570e+000  6.494627e+001  1.671293e+000
 1.314570e+000  6.526736e+001  1.677786e+000
 1.316570e+000  6.530374e+001  1.675897e+000
 1.318570e+000  6.476309e+001  1.662720e+000
 1.320570e+000  6.432664e+001  1.674808e+000
 1.322560e+000  6.414281e+001  1.659711e+000
 1.324560e+000  6.367337e+001  1.658850e+000
 1.326560e+000  6.282834e+001  1.644067e+000
 1.328560e+000  6.281348e+001  1.645618e+000
 1.330560e+000  6.261182e+001  1.645543e+000
 1.332560e+000  6.215221e+001  1.652623e+000
 1.334550e+000  6.227852e+001  1.639786e+000
 1.336550e+000  6.215267e+001  1.635912e+000
 1.338550e+000  6.190648e+001  1.635519e+000
 1.340550e+000  6.200890e+001  1.637127e+000
 1.342550e+000  6.205503e+001  1.630719e+000
 1.344550e+000  6.179700e+001  1.641204e+000
 1.346540e+000  6.077963e+001  1.618057e+000
 1.348540e+000  6.023089e+001  1.615556e+000
 1.350540e+000  6.042394e+001  1.617669e+000
 1.352540e+000  6.077500e+001  1.617255e+000
 1.354540e+000  6.057525e+001  1.621027e+000
 1.356540e+000  5.992503e+001  1.613783e+000
 1.358540e+000  5.940276e+001  1.623491e+000
 1.360530e+000  5.908275e+001  1.604297e+000
 1.362530e+000  5.884929e+001  1.605301e+000
 1.364530e+000  5.895935e+001  1.612873e+000
 1.366530e+000  5.876392e+001  1.609031e+000
 1.368530e+000  5.816469e+001  1.600026e+000
 1.370530e+000  5.814093e+001  1.610647e+000
 1.372520e+000  5.777163e+001  1.596888e+000
 1.374520e+000  5.747059e+001  1.598355e+000
 1.376520e+000  5.745576e+001  1.597791e+000
 1.378520e+000  5.692781e+001  1.597580e+000
 1.380520e+000  5.643940e+001  1.592853e+000
 1.382520e+000  5.669684e+001  1.595975e+000
 1.384520e+000  5.683916e+001  1.606475e+000
 1.386510e+000  5.639424e+001  1.589177e+000
 1.388510e+000  5.632214e+001  1.594059e+000
 1.390510e+000  5.594502e+001  1.593505e+000
 1.392510e+000  5.562678e+001  1.592874e+000
 1.394510e+000  5.554745e+001  1.582954e+000
 1.396510e+000  5.537472e+001  1.598456e+000
 1.398500e+000  5.521297e+001  1.584871e+000
 1.400500e+000  5.430724e+001  1.578060e+000
 1.402500e+000  5.397097e+001  1.574054e+000
 1.404500e+000  5.428109e+001  1.576665e+000
 1.406500e+000  5.390776e+001  1.575567e+000
 1.408500e+000  5.317284e+001  1.583533e+000
 1.410490e+000  5.296530e+001  1.568086e+000
 1.412490e+000  5.256500e+001  1.564554e+000
 1.414490e+000  5.293944e+001  1.566694e+000
 1.416490e+000  5.318273e+001  1.573063e+000
 1.418490e+000  5.289856e+001  1.570659e+000
 1.420490e+000  5.267589e+001  1.565577e+000
 1.422490e+000  5.250906e+001  1.576028e+000
 1.424480e+000  5.252228e+001  1.559573e+000
 1.426480e+000  5.267156e+001  1.569730e+000
 1.428480e+000  5.231903e+001  1.565149e+000
 1.430480e+000  5.191013e+001  1.564391e+000
 1.432480e+000  5.137781e+001  1.558925e+000
 1.434480e+000  5.100001e+001  1.565881e+000
 1.436470e+000  5.099727e+001  1.554360e+000
 1.438470e+000  5.121619e+001  1.554096e+000
 1.440470e+000  5.129311e+001  1.558741e+000
 1.442470e+000  5.071893e+001  1.558239e+000
 1.444470e+000  5.040382e+001  1.547610e+000
 1.446470e+000  5.030585e+001  1.560645e+000
 1.448460e+000  5.012200e+001  1.543396e+000
 1.450460e+000  4.977456e+001  1.544709e+000
 1.452460e+000  4.907248e+001  1.539879e+000
 1.454460e+000  4.861938e+001  1.533806e+000
 1.456460e+000  4.884136e+001  1.537584e+000
 1.458460e+000  4.922140e+001  1.536731e+000
 1.460460e+000  4.903585e+001  1.547692e+000
 1.462450e+000  4.865903e+001  1.531266e+000
 1.464450e+000  4.861288e+001  1.536719e+000
 1.466450e+000  4.834876e+001  1.536684e+000
 1.468450e+000  4.775879e+001  1.528084e+000
 1.470450e+000  4.735991e+001  1.518364e+000
 1.472450e+000  4.733664e+001  1.528932e+000
 1.474440e+000  4.782270e+001  1.522715e+000
 1.476440e+000  4.782485e+001  1.528377e+000
 1.478440e+000  4.749195e+001  1.527301e+000
 1.480440e+000  4.698114e+001  1.522707e+000
 1.482440e+000  4.651197e+001  1.527104e+000
 1.484440e+000  4.653582e+001  1.541425e+000
 1.486440e+000  4.679513e+001  1.569787e+000
 1.488430e+000  4.658416e+001  1.567135e+000
 1.490430e+000  4.608437e+001  1.574732e+000
 1.492430e+000  4.600364e+001  1.588960e+000
 1.494430e+000  4.626737e+001  1.595860e+000
 1.496430e+000  4.622273e+001  1.590514e+000
 1.498430e+000  4.622232e+001  1.609735e+000
 1.500420e+000  4.560016e+001  1.602936e+000
 1.502420e+000  4.572042e+001  1.613807e+000
 1.504420e+000  4.532369e+001  1.609207e+000
 1.506420e+000  4.494487e+001  1.610740e+000
 1.508420e+000  4.435573e+001  1.610305e+000
 1.510420e+000  4.443654e+001  1.629488e+000
 1.512410e+000  4.476813e+001  1.627071e+000
 1.514410e+000  4.479202e+001  1.628898e+000
 1.516410e+000  4.469333e+001  1.626176e+000
 1.518410e+000  4.423719e+001  1.611152e+000
 1.520410e+000  4.442424e+001  1.594740e+000
 1.522410e+000  4.501038e+001  1.581867e+000
 1.524410e+000  4.451296e+001  1.587108e+000
 1.526400e+000  4.401206e+001  1.565745e+000
 1.528400e+000  4.412006e+001  1.560313e+000
 1.530400e+000  4.416767e+001  1.554030e+000
 1.532400e+000  4.357129e+001  1.550352e+000
 1.534400e+000  4.334349e+001  1.542418e+000
 1.536400e+000  4.299171e+001  1.549026e+000
 1.538390e+000  4.311666e+001  1.534906e+000
 1.540390e+000  4.272064e+001  1.527946e+000
 1.542390e+000  4.199092e+001  1.524637e+000
 1.544390e+000  4.182080e+001  1.521105e+000
 1.546390e+000  4.190694e+001  1.518848e+000
 1.548390e+000  4.212753e+001  1.514602e+000
 1.550390e+000  4.225518e+001  1.529178e+000
 1.552380e+000  4.206836e+001  1.519531e+000
 1.554380e+000  4.170979e+001  1.510753e+000
 1.556380e+000  4.165165e+001  1.509519e+000
 1.558380e+000  4.185346e+001  1.511152e+000
 1.560380e+000  4.165393e+001  1.508473e+000
 1.562380e+000  4.157552e+001  1.519520e+000
 1.564370e+000  4.112449e+001  1.496096e+000
 1.566370e+000  4.073661e+001  1.498617e+000
 1.568370e+000  4.049041e+001  1.495301e+000
 1.570370e+000  4.037623e+001  1.491304e+000
 1.572370e+000  4.001369e+001  1.482420e+000
 1.574370e+000  3.950831e+001  1.492559e+000
 1.576360e+000  3.963251e+001  1.485509e+000
 1.578360e+000  3.962772e+001  1.484712e+000
 1.580360e+000  3.934458e+001  1.478713e+000
 1.582360e+000  3.905259e+001  1.476767e+000
 1.584360e+000  3.893059e+001  1.476469e+000
 1.586360e+000  3.906855e+001  1.473681e+000
 1.588360e+000  3.941013e+001  1.482046e+000
 1.590350e+000  3.936890e+001  1.469156e+000
 1.592350e+000  3.918836e+001  1.469465e+000
 1.594350e+000  3.918947e+001  1.476923e+000
 1.596350e+000  3.897757e+001  1.472153e+000
 1.598350e+000  3.859710e+001  1.461064e+000
 1.600350e+000  3.875601e+001  1.475171e+000
 1.602340e+000  3.861398e+001  1.462823e+000
 1.604340e+000  3.853171e+001  1.465540e+000
 1.606340e+000  3.811665e+001  1.456776e+000
 1.608340e+000  3.751667e+001  1.444321e+000
 1.610340e+000  3.729707e+001  1.429698e+000
 1.612340e+000  3.744178e+001  1.442842e+000
 1.614330e+000  3.707294e+001  1.434662e+000
 1.616330e+000  3.735834e+001  1.438663e+000
 1.618330e+000  3.728356e+001  1.443046e+000
 1.620330e+000  3.721135e+001  1.442657e+000
 1.622330e+000  3.703347e+001  1.430243e+000
 1.624330e+000  3.706322e+001  1.429779e+000
 1.626330e+000  3.694317e+001  1.445677e+000
 1.628320e+000  3.684054e+001  1.440715e+000
 1.630320e+000  3.678910e+001  1.439007e+000
 1.632320e+000  3.688410e+001  1.436764e+000
 1.634320e+000  3.674069e+001  1.439190e+000
 1.636320e+000  3.662270e+001  1.434142e+000
 1.638320e+000  3.633969e+001  1.447521e+000
 1.640310e+000  3.631522e+001  1.436157e+000
 1.642310e+000  3.616588e+001  1.443482e+000
 1.644310e+000  3.576004e+001  1.446086e+000
 1.646310e+000  3.586555e+001  1.439608e+000
 1.648310e+000  3.581451e+001  1.436987e+000
 1.650310e+000  3.552528e+001  1.432534e+000
 1.652310e+000  3.525203e+001  1.447664e+000
 1.654300e+000  3.537062e+001  1.445256e+000
 1.656300e+000  3.570445e+001  1.441397e+000
 1.658300e+000  3.541297e+001  1.439884e+000
 1.660300e+000  3.471789e+001  1.433699e+000
 1.662300e+000  3.431433e+001  1.433707e+000
 1.664300e+000  3.451259e+001  1.450627e+000
 1.666290e+000  3.423307e+001  1.436401e+000
 1.668290e+000  3.425538e+001  1.436864e+000
 1.670290e+000  3.444629e+001  1.436407e+000
 1.672290e+000  3.420840e+001  1.437403e+000
 1.674290e+000  3.385507e+001  1.434822e+000
 1.676290e+000  3.399064e+001  1.449737e+000
 1.678280e+000  3.411909e+001  1.441766e+000
 1.680280e+000  3.428789e+001  1.441475e+000
 1.682280e+000  3.385067e+001  1.438881e+000
 1.684280e+000  3.362208e+001  1.434953e+000
 1.686280e+000  3.398007e+001  1.439087e+000
 1.688280e+000  3.353454e+001  1.436609e+000
 1.690280e+000  3.320323e+001  1.445337e+000
 1.692270e+000  3.319986e+001  1.435610e+000
 1.694270e+000  3.346215e+001  1.437902e+000
 1.696270e+000  3.319285e+001  1.437301e+000
 1.698270e+000  3.317427e+001  1.433781e+000
 1.700270e+000  3.279159e+001  1.431742e+000
 1.702270e+000  3.263942e+001  1.445159e+000
 1.704260e+000  3.271239e+001  1.434096e+000
 1.706260e+000  3.280952e+001  1.436925e+000
 1.708260e+000  3.234506e+001  1.428302e+000
 1.710260e+000  3.230751e+001  1.433603e+000
 1.712260e+000  3.237128e+001  1.430489e+000
 1.714260e+000  3.236438e+001  1.444375e+000
 1.716250e+000  3.203430e+001  1.426715e+000
 1.718250e+000  3.211847e+001  1.423841e+000
 1.720250e+000  3.203463e+001  1.429047e+000
 1.722250e+000  3.216562e+001  1.428663e+000
 1.724250e+000  3.212787e+001  1.427937e+000
 1.726250e+000  3.172801e+001  1.421518e+000
 1.728250e+000  3.109234e+001  1.424473e+000
 1.730240e+000  3.094599e+001  1.414877e+000
 1.732240e+000  3.085253e+001  1.406004e+000
 1.734240e+000  3.057560e+001  1.405087e+000
 1.736240e+000  3.126868e+001  1.415319e+000
 1.738240e+000  3.204856e+001  1.419554e+000
 1.740240e+000  3.188810e+001  1.430332e+000
 1.742230e+000  3.142264e+001  1.407968e+000
 1.744230e+000  3.120995e+001  1.410896e+000
 1.746230e+000  3.092768e+001  1.411175e+000
 1.748230e+000  3.079988e+001  1.411024e+000
 1.750230e+000  3.059986e+001  1.405203e+000
 1.752230e+000  3.084458e+001  1.402010e+000
 1.754230e+000  3.079141e+001  1.419991e+000
 1.756220e+000  3.012661e+001  1.400985e+000
 1.758220e+000  3.025815e+001  1.398848e+000
 1.760220e+000  3.002325e+001  1.401319e+000
 1.762220e+000  2.987948e+001  1.397546e+000
 1.764220e+000  2.980042e+001  1.399548e+000
 1.766220e+000  2.953896e+001  1.404686e+000
 1.768210e+000  2.981252e+001  1.399146e+000
 1.770210e+000  2.990283e+001  1.405478e+000
 1.772210e+000  2.945572e+001  1.400963e+000
 1.774210e+000  2.892044e+001  1.395125e+000
 1.776210e+000  2.879773e+001  1.386023e+000
 1.778210e+000  2.915990e+001  1.406450e+000
 1.780200e+000  2.922950e+001  1.399279e+000
 1.782200e+000  2.947280e+001  1.399120e+000
 1.784200e+000  2.956992e+001  1.400965e+000
 1.786200e+000  2.941317e+001  1.397923e+000
 1.788200e+000  2.895898e+001  1.399173e+000
 1.790200e+000  2.861455e+001  1.391543e+000
 1.792200e+000  2.848694e+001  1.399532e+000
 1.794190e+000  2.820472e+001  1.385490e+000
 1.796190e+000  2.839342e+001  1.390805e+000
 1.798190e+000  2.877319e+001  1.398354e+000
 1.800190e+000  2.870398e+001  1.394494e+000
 1.802190e+000  2.858007e+001  1.391099e+000
 1.804190e+000  2.844909e+001  1.400578e+000
 1.806180e+000  2.810343e+001  1.389710e+000
 1.808180e+000  2.851394e+001  1.395258e+000
 1.810180e+000  2.829064e+001  1.391378e+000
 1.812180e+000  2.840008e+001  1.391652e+000
 1.814180e+000  2.773378e+001  1.386539e+000
 1.816180e+000  2.773119e+001  1.386590e+000
 1.818180e+000  2.743380e+001  1.395710e+000
 1.820170e+000  2.811939e+001  1.387190e+000
 1.822170e+000  2.828603e+001  1.393676e+000
 1.824170e+000  2.796660e+001  1.390879e+000
 1.826170e+000  2.817249e+001  1.392463e+000
 1.828170e+000  2.808585e+001  1.386126e+000
 1.830170e+000  2.749610e+001  1.393719e+000
 1.832160e+000  2.723030e+001  1.384412e+000
 1.834160e+000  2.710260e+001  1.378314e+000
 1.836160e+000  2.695994e+001  1.377709e+000
 1.838160e+000  2.660775e+001  1.377692e+000
 1.840160e+000  2.697997e+001  1.384443e+000
 1.842160e+000  2.705810e+001  1.399726e+000
 1.844150e+000  2.671169e+001  1.373940e+000
 1.846150e+000  2.655294e+001  1.376104e+000
 1.848150e+000  2.676893e+001  1.381241e+000
 1.850150e+000  2.691375e+001  1.384919e+000
 1.852150e+000  2.664174e+001  1.380384e+000
 1.854150e+000  2.645561e+001  1.374722e+000
 1.856150e+000  2.617375e+001  1.386622e+000
 1.858140e+000  2.636566e+001  1.374598e+000
 1.860140e+000  2.687019e+001  1.379797e+000
 1.862140e+000  2.641462e+001  1.376743e+000
 1.864140e+000  2.576135e+001  1.372689e+000
 1.866140e+000  2.555002e+001  1.372028e+000
 1.868140e+000  2.613355e+001  1.380491e+000
 1.870130e+000  2.641877e+001  1.377586e+000
 1.872130e+000  2.628002e+001  1.380071e+000
 1.874130e+000  2.574272e+001  1.379728e+000
 1.876130e+000  2.566666e+001  1.374877e+000
 1.878130e+000  2.579066e+001  1.367339e+000
 1.880130e+000  2.571041e+001  1.377477e+000
 1.882120e+000  2.553098e+001  1.368059e+000
 1.884120e+000  2.554133e+001  1.375243e+000
 1.886120e+000  2.545876e+001  1.369361e+000
 1.888120e+000  2.497399e+001  1.367519e+000
 1.890120e+000  2.477257e+001  1.366078e+000
 1.892120e+000  2.504495e+001  1.360451e+000
 1.894120e+000  2.549149e+001  1.374089e+000
 1.896110e+000  2.540701e+001  1.366619e+000
 1.898110e+000  2.536260e+001  1.373737e+000
 1.900110e+000  2.498816e+001  1.373103e+000
 1.902110e+000  2.479496e+001  1.364744e+000
 1.904110e+000  2.488169e+001  1.363475e+000
 1.906110e+000  2.496024e+001  1.386490e+000
 1.908100e+000  2.482121e+001  1.401568e+000
 1.910100e+000  2.443747e+001  1.417829e+000
 1.912100e+000  2.400430e+001  1.425719e+000
 1.914100e+000  2.411260e+001  1.438753e+000
 1.916100e+000  2.422513e+001  1.449008e+000
 1.918100e+000  2.418034e+001  1.458886e+000
 1.920100e+000  2.409361e+001  1.475688e+000
 1.922090e+000  2.415446e+001  1.479607e+000
 1.924090e+000  2.379169e+001  1.486402e+000
 1.926090e+000  2.335216e+001  1.481836e+000
 1.928090e+000  2.322907e+001  1.487112e+000
 1.930090e+000  2.356907e+001  1.491419e+000
 1.932090e+000  2.350736e+001  1.512046e+000
 1.934080e+000  2.371138e+001  1.513157e+000
 1.936080e+000  2.398944e+001  1.523358e+000
 1.938080e+000  2.428072e+001  1.532519e+000
 1.940080e+000  2.441479e+001  1.524672e+000
 1.942080e+000  2.420530e+001  1.494697e+000
 1.944080e+000  2.389351e+001  1.481071e+000
 1.946070e+000  2.354254e+001  1.455531e+000
 1.948070e+000  2.325396e+001  1.449972e+000
 1.950070e+000  2.331191e+001  1.442337e+000
 1.952070e+000  2.297739e+001  1.433369e+000
 1.954070e+000  2.301999e+001  1.423871e+000
 1.956070e+000  2.331918e+001  1.424798e+000
 1.958070e+000  2.329463e+001  1.432553e+000
 1.960060e+000  2.309863e+001  1.415633e+000
 1.962060e+000  2.315353e+001  1.417337e+000
 1.964060e+000  2.294720e+001  1.414093e+000
 1.966060e+000  2.303882e+001  1.413919e+000
 1.968060e+000  2.246872e+001  1.401317e+000
 1.970060e+000  2.223483e+001  1.404583e+000
 1.972050e+000  2.219863e+001  1.398502e+000
 1.974050e+000  2.220059e+001  1.397814e+000
 1.976050e+000  2.238924e+001  1.403213e+000
 1.978050e+000  2.230512e+001  1.398524e+000
 1.980050e+000  2.238093e+001  1.395005e+000
 1.982050e+000  2.224843e+001  1.398389e+000
 1.984050e+000  2.218434e+001  1.404948e+000
 1.986040e+000  2.232177e+001  1.395661e+000
 1.988040e+000  2.218414e+001  1.389894e+000
 1.990040e+000  2.201518e+001  1.389789e+000
 1.992040e+000  2.202330e+001  1.387557e+000
 1.994040e+000  2.189626e+001  1.383255e+000
 1.996040e+000  2.184050e+001  1.391758e+000
 1.998030e+000  2.192550e+001  1.382513e+000
 2.000030e+000  2.196154e+001  1.385355e+000
 2.002030e+000  2.161734e+001  1.383492e+000
 2.004030e+000  2.137663e+001  1.375725e+000
 2.006030e+000  2.138775e+001  1.371924e+000
 2.008030e+000  2.173156e+001  1.379854e+000
 2.010020e+000  2.150508e+001  1.367191e+000
 2.012020e+000  2.108923e+001  1.361650e+000
 2.014020e+000  2.087307e+001  1.358041e+000
 2.016020e+000  2.093973e+001  1.358355e+000
 2.018020e+000  2.100708e+001  1.361605e+000
 2.020020e+000  2.121571e+001  1.359371e+000
 2.022020e+000  2.097461e+001  1.359272e+000
 2.024010e+000  2.080038e+001  1.350860e+000
 2.026010e+000  2.099626e+001  1.352319e+000
 2.028010e+000  2.089991e+001  1.352246e+000
 2.030010e+000  2.070416e+001  1.348696e+000
 2.032010e+000  2.098072e+001  1.343940e+000
 2.034010e+000  2.065305e+001  1.354006e+000
 2.036000e+000  2.032731e+001  1.340971e+000
 2.038000e+000  2.053216e+001  1.344515e+000
 2.040000e+000  2.037506e+001  1.347662e+000
 2.042000e+000  2.017382e+001  1.343718e+000
 2.044000e+000  2.046522e+001  1.345701e+000
 2.046000e+000  2.049779e+001  1.354231e+000
 2.047990e+000  2.080158e+001  1.346258e+000
 2.049990e+000  2.107162e+001  1.351853e+000
 2.051990e+000  2.065016e+001  1.350269e+000
 2.053990e+000  2.031017e+001  1.345690e+000
 2.055990e+000  2.049816e+001  1.341232e+000
 2.057990e+000  2.049456e+001  1.342902e+000
 2.059990e+000  2.021415e+001  1.349938e+000
 2.061980e+000  1.997452e+001  1.336233e+000
 2.063980e+000  1.939756e+001  1.332296e+000
 2.065980e+000  1.954543e+001  1.328784e+000
 2.067980e+000  1.956330e+001  1.333589e+000
 2.069980e+000  1.944673e+001  1.330501e+000
 2.071980e+000  1.951030e+001  1.338952e+000
 2.073970e+000  1.931633e+001  1.327448e+000
 2.075970e+000  1.943439e+001  1.333029e+000
 2.077970e+000  1.927450e+001  1.330726e+000
 2.079970e+000  1.959309e+001  1.330855e+000
 2.081970e+000  1.994796e+001  1.336291e+000
 2.083970e+000  2.010719e+001  1.335211e+000
 2.085970e+000  2.011328e+001  1.350157e+000
 2.087960e+000  2.011678e+001  1.336238e+000
 2.089960e+000  1.972008e+001  1.327653e+000
 2.091960e+000  1.921932e+001  1.327111e+000
 2.093960e+000  1.911379e+001  1.325771e+000
 2.095960e+000  1.908599e+001  1.325198e+000
 2.097960e+000  1.920285e+001  1.335130e+000
 2.099950e+000  1.910726e+001  1.322351e+000
 2.101950e+000  1.915761e+001  1.325272e+000
 2.103950e+000  1.905665e+001  1.322724e+000
 2.105950e+000  1.902032e+001  1.320620e+000
 2.107950e+000  1.878478e+001  1.318799e+000
 2.109950e+000  1.881703e+001  1.332419e+000
 2.111940e+000  1.864821e+001  1.318916e+000
 2.113940e+000  1.805696e+001  1.310469e+000
 2.115940e+000  1.792709e+001  1.308122e+000
 2.117940e+000  1.817101e+001  1.314744e+000
 2.119940e+000  1.817395e+001  1.314478e+000
 2.121940e+000  1.838403e+001  1.313543e+000
 2.123940e+000  1.850279e+001  1.322382e+000
 2.125930e+000  1.892626e+001  1.320789e+000
 2.127930e+000  1.854400e+001  1.319258e+000
 2.129930e+000  1.852235e+001  1.319345e+000
 2.131930e+000  1.813536e+001  1.313699e+000
 2.133930e+000  1.840409e+001  1.312711e+000
 2.135930e+000  1.837581e+001  1.324703e+000
 2.137920e+000  1.814584e+001  1.311648e+000
 2.139920e+000  1.814106e+001  1.311653e+000
 2.141920e+000  1.819058e+001  1.313524e+000
 2.143920e+000  1.815153e+001  1.313134e+000
 2.145920e+000  1.794739e+001  1.309220e+000
 2.147920e+000  1.820605e+001  1.321749e+000
 2.149910e+000  1.822290e+001  1.310623e+000
 2.151910e+000  1.773232e+001  1.304887e+000
 2.153910e+000  1.748810e+001  1.302701e+000
 2.155910e+000  1.749591e+001  1.303977e+000
 2.157910e+000  1.800710e+001  1.309407e+000
 2.159910e+000  1.815955e+001  1.312803e+000
 2.161910e+000  1.821624e+001  1.324234e+000
 2.163900e+000  1.820124e+001  1.310709e+000
 2.165900e+000  1.835977e+001  1.309505e+000
 2.167900e+000  1.803044e+001  1.310818e+000
 2.169900e+000  1.734380e+001  1.305392e+000
 2.171900e+000  1.712850e+001  1.297528e+000
 2.173900e+000  1.755154e+001  1.309215e+000
 2.175890e+000  1.727921e+001  1.297426e+000
 2.177890e+000  1.698366e+001  1.298324e+000
 2.179890e+000  1.733532e+001  1.304588e+000
 2.181890e+000  1.733650e+001  1.300228e+000
 2.183890e+000  1.745365e+001  1.304532e+000
 2.185890e+000  1.724641e+001  1.297779e+000
 2.187890e+000  1.673789e+001  1.303253e+000
 2.189880e+000  1.649912e+001  1.288272e+000
 2.191880e+000  1.692360e+001  1.290860e+000
 2.193880e+000  1.753781e+001  1.303051e+000
 2.195880e+000  1.758125e+001  1.304612e+000
 2.197880e+000  1.742364e+001  1.297382e+000
 2.199880e+000  1.675934e+001  1.294517e+000
 2.201870e+000  1.620930e+001  1.279010e+000
 2.203870e+000  1.614010e+001  1.283534e+000
 2.205870e+000  1.616586e+001  1.281919e+000
 2.207870e+000  1.650571e+001  1.280293e+000
 2.209870e+000  1.695279e+001  1.286462e+000
 2.211870e+000  1.715998e+001  1.299773e+000
 2.213860e+000  1.727228e+001  1.290937e+000
 2.215860e+000  1.692348e+001  1.284464e+000
 2.217860e+000  1.681761e+001  1.285702e+000
 2.219860e+000  1.626179e+001  1.280516e+000
 2.221860e+000  1.594051e+001  1.278925e+000
 2.223860e+000  1.596179e+001  1.270282e+000
 2.225860e+000  1.639688e+001  1.288180e+000
 2.227850e+000  1.626470e+001  1.279163e+000
 2.229850e+000  1.621546e+001  1.277303e+000
 2.231850e+000  1.628909e+001  1.280272e+000
 2.233850e+000  1.604014e+001  1.268427e+000
 2.235850e+000  1.566049e+001  1.268546e+000
 2.237850e+000  1.587005e+001  1.281737e+000
 2.239840e+000  1.596305e+001  1.272648e+000
 2.241840e+000  1.624499e+001  1.276373e+000
 2.243840e+000  1.629978e+001  1.274859e+000
 2.245840e+000  1.612129e+001  1.276850e+000
 2.247840e+000  1.566374e+001  1.273542e+000
 2.249840e+000  1.570752e+001  1.264547e+000
 2.251840e+000  1.569852e+001  1.279434e+000
 2.253830e+000  1.542517e+001  1.266378e+000
 2.255830e+000  1.554027e+001  1.268457e+000
 2.257830e+000  1.541238e+001  1.265849e+000
 2.259830e+000  1.548139e+001  1.266386e+000
 2.261830e+000  1.575951e+001  1.270168e+000
 2.263830e+000  1.599631e+001  1.278694e+000
 2.265820e+000  1.537639e+001  1.264704e+000
 2.267820e+000  1.492891e+001  1.260959e+000
 2.269820e+000  1.536444e+001  1.265108e+000
 2.271820e+000  1.549836e+001  1.269220e+000
 2.273820e+000  1.506546e+001  1.259564e+000
 2.275820e+000  1.509399e+001  1.265202e+000
 2.277810e+000  1.548996e+001  1.264639e+000
 2.279810e+000  1.550272e+001  1.273547e+000
 2.281810e+000  1.557978e+001  1.272686e+000
 2.283810e+000  1.539717e+001  1.264704e+000
 2.285810e+000  1.525601e+001  1.261625e+000
 2.287810e+000  1.525554e+001  1.262179e+000
 2.289810e+000  1.527469e+001  1.274450e+000
 2.291800e+000  1.526897e+001  1.264313e+000
 2.293800e+000  1.531121e+001  1.266832e+000
 2.295800e+000  1.533380e+001  1.265178e+000
 2.297800e+000  1.516711e+001  1.261599e+000
 2.299800e+000  1.508775e+001  1.255316e+000
 2.301800e+000  1.493803e+001  1.264642e+000
 2.303790e+000  1.469699e+001  1.257768e+000
 2.305790e+000  1.474931e+001  1.262348e+000
 2.307790e+000  1.521764e+001  1.264177e+000
 2.309790e+000  1.509656e+001  1.262846e+000
 2.311790e+000  1.496207e+001  1.256361e+000
 2.313790e+000  1.472162e+001  1.263432e+000
 2.315780e+000  1.433154e+001  1.248668e+000
 2.317780e+000  1.453244e+001  1.250870e+000
 2.319780e+000  1.446374e+001  1.255426e+000
 2.321780e+000  1.435145e+001  1.253515e+000
 2.323780e+000  1.410700e+001  1.249493e+000
 2.325780e+000  1.423355e+001  1.246541e+000
 2.327780e+000  1.427679e+001  1.260251e+000
 2.329770e+000  1.414052e+001  1.264830e+000
 2.331770e+000  1.387083e+001  1.287875e+000
 2.333770e+000  1.390751e+001  1.305550e+000
 2.335770e+000  1.417707e+001  1.322101e+000
 2.337770e+000  1.434159e+001  1.335215e+000
 2.339770e+000  1.473906e+001  1.358299e+000
 2.341760e+000  1.461481e+001  1.359360e+000
 2.343760e+000  1.443780e+001  1.364738e+000
 2.345760e+000  1.436003e+001  1.377909e+000
 2.347760e+000  1.435036e+001  1.384603e+000
 2.349760e+000  1.434273e+001  1.390100e+000
 2.351760e+000  1.432217e+001  1.391084e+000
 2.353760e+000  1.427662e+001  1.412684e+000
 2.355750e+000  1.405981e+001  1.407478e+000
 2.357750e+000  1.381889e+001  1.411367e+000
 2.359750e+000  1.388911e+001  1.413973e+000
 2.361750e+000  1.377293e+001  1.417475e+000
 2.363750e+000  1.397845e+001  1.413224e+000
 2.365750e+000  1.401609e+001  1.400753e+000
 2.367740e+000  1.373076e+001  1.366148e+000
 2.369740e+000  1.389431e+001  1.356866e+000
 2.371740e+000  1.368392e+001  1.347371e+000
 2.373740e+000  1.322538e+001  1.333874e+000
 2.375740e+000  1.316149e+001  1.324783e+000
 2.377740e+000  1.350636e+001  1.329863e+000
 2.379730e+000  1.326255e+001  1.318424e+000
 2.381730e+000  1.349801e+001  1.318317e+000
 2.383730e+000  1.360982e+001  1.316127e+000
 2.385730e+000  1.389035e+001  1.314653e+000
 2.387730e+000  1.366359e+001  1.312432e+000
 2.389730e+000  1.342301e+001  1.307094e+000
 2.391730e+000  1.332444e+001  1.315784e+000
 2.393720e+000  1.345530e+001  1.304583e+000
 2.395720e+000  1.376549e+001  1.308416e+000
 2.397720e+000  1.361939e+001  1.305816e+000
 2.399720e+000  1.357188e+001  1.301790e+000
 2.401720e+000  1.308862e+001  1.291978e+000
 2.403720e+000  1.341732e+001  1.305090e+000
 2.405710e+000  1.356207e+001  1.297307e+000
 2.407710e+000  1.299897e+001  1.291770e+000
 2.409710e+000  1.274983e+001  1.287555e+000
 2.411710e+000  1.266374e+001  1.281086e+000
 2.413710e+000  1.215340e+001  1.275504e+000
 2.415710e+000  1.250641e+001  1.273917e+000
 2.417710e+000  1.249961e+001  1.283977e+000
 2.419700e+000  1.263377e+001  1.274995e+000
 2.421700e+000  1.269221e+001  1.271853e+000
 2.423700e+000  1.274330e+001  1.274946e+000
 2.425700e+000  1.314584e+001  1.280661e+000
 2.427700e+000  1.322807e+001  1.280933e+000
 2.429700e+000  1.329693e+001  1.292813e+000
 2.431690e+000  1.292648e+001  1.275049e+000
 2.433690e+000  1.267137e+001  1.274255e+000
 2.435690e+000  1.298484e+001  1.268276e+000
 2.437690e+000  1.280138e+001  1.268452e+000
 2.439690e+000  1.250971e+001  1.265838e+000
 2.441690e+000  1.252389e+001  1.275803e+000
 2.443680e+000  1.248859e+001  1.266043e+000
 2.445680e+000  1.254705e+001  1.268490e+000
 2.447680e+000  1.268892e+001  1.271862e+000
 2.449680e+000  1.281240e+001  1.277072e+000
 2.451680e+000  1.272855e+001  1.276516e+000
 2.453680e+000  1.247435e+001  1.266826e+000
 2.455680e+000  1.200797e+001  1.271218e+000
 2.457670e+000  1.191081e+001  1.259024e+000
 2.459670e+000  1.216473e+001  1.260867e+000
 2.461670e+000  1.229235e+001  1.259692e+000
 2.463670e+000  1.271413e+001  1.263739e+000
 2.465670e+000  1.255856e+001  1.263801e+000
 2.467670e+000  1.209783e+001  1.269483e+000
 2.469660e+000  1.178556e+001  1.253482e+000
 2.471660e+000  1.202128e+001  1.254897e+000
 2.473660e+000  1.212132e+001  1.262749e+000
 2.475660e+000  1.239971e+001  1.266151e+000
 2.477660e+000  1.217473e+001  1.253729e+000
 2.479660e+000  1.206181e+001  1.259922e+000
 2.481650e+000  1.241739e+001  1.255257e+000
 2.483650e+000  1.234817e+001  1.257805e+000
 2.485650e+000  1.234270e+001  1.257603e+000
 2.487650e+000  1.215432e+001  1.251125e+000
 2.489650e+000  1.235180e+001  1.257082e+000
 2.491650e+000  1.190737e+001  1.252159e+000
 2.493650e+000  1.191527e+001  1.257745e+000
 2.495640e+000  1.200198e+001  1.242151e+000
 2.497640e+000  1.169819e+001  1.243385e+000
 2.499640e+000  1.181382e+001  1.248548e+000
 2.501640e+000  1.154377e+001  1.246414e+000
 2.503640e+000  1.152129e+001  1.239259e+000
 2.505640e+000  1.186041e+001  1.250641e+000
 2.507630e+000  1.153106e+001  1.237744e+000
 2.509630e+000  1.141427e+001  1.237115e+000
 2.511630e+000  1.129116e+001  1.232525e+000
 2.513630e+000  1.119163e+001  1.231319e+000
 2.515630e+000  1.138754e+001  1.234270e+000
 2.517630e+000  1.129954e+001  1.229079e+000
 2.519630e+000  1.085659e+001  1.229543e+000
 2.521620e+000  1.086119e+001  1.215996e+000
 2.523620e+000  1.111765e+001  1.226583e+000
 2.525620e+000  1.150237e+001  1.234549e+000
 2.527620e+000  1.152594e+001  1.230042e+000
 2.529620e+000  1.153694e+001  1.226498e+000
 2.531620e+000  1.120460e+001  1.232653e+000
 2.533610e+000  1.165833e+001  1.225510e+000
 2.535610e+000  1.155814e+001  1.232645e+000
 2.537610e+000  1.160848e+001  1.232862e+000
 2.539610e+000  1.166710e+001  1.233135e+000
 2.541610e+000  1.180771e+001  1.236435e+000
 2.543610e+000  1.162496e+001  1.239689e+000
 2.545600e+000  1.100416e+001  1.219551e+000
 2.547600e+000  1.085747e+001  1.219503e+000
 2.549600e+000  1.131246e+001  1.228031e+000
 2.551600e+000  1.166477e+001  1.234363e+000
 2.553600e+000  1.179344e+001  1.230834e+000
 2.555600e+000  1.164536e+001  1.223384e+000
 2.557600e+000  1.124112e+001  1.227419e+000
 2.559590e+000  1.071062e+001  1.217260e+000
 2.561590e+000  1.075985e+001  1.219409e+000
 2.563590e+000  1.099916e+001  1.217336e+000
 2.565590e+000  1.079718e+001  1.215748e+000
 2.567590e+000  1.082329e+001  1.217814e+000
 2.569590e+000  1.082322e+001  1.224836e+000
 2.571580e+000  1.089795e+001  1.215884e+000
 2.573580e+000  1.087827e+001  1.219364e+000
 2.575580e+000  1.053016e+001  1.220115e+000
 2.577580e+000  1.062932e+001  1.217568e+000
 2.579580e+000  1.031726e+001  1.204835e+000
 2.581580e+000  1.035435e+001  1.211834e+000
 2.583570e+000  1.050684e+001  1.211069e+000
 2.585570e+000  1.058380e+001  1.216870e+000
 2.587570e+000  1.070981e+001  1.217735e+000
 2.589570e+000  1.012478e+001  1.210206e+000
 2.591570e+000  1.002852e+001  1.207636e+000
 2.593570e+000  1.013911e+001  1.205029e+000
 2.595570e+000  9.858059e+000  1.211687e+000
 2.597560e+000  9.939874e+000  1.199807e+000
 2.599560e+000  1.019117e+001  1.210575e+000
 2.601560e+000  1.018914e+001  1.210798e+000
 2.603560e+000  1.043698e+001  1.212099e+000
 2.605560e+000  1.038405e+001  1.207941e+000
 2.607560e+000  1.043724e+001  1.213375e+000
 2.609550e+000  1.026836e+001  1.205646e+000
 2.611550e+000  1.065262e+001  1.212308e+000
 2.613550e+000  1.044235e+001  1.209652e+000
 2.615550e+000  9.891368e+000  1.201573e+000
 2.617550e+000  9.811001e+000  1.201741e+000
 2.619550e+000  9.614572e+000  1.195602e+000
 2.621550e+000  9.228980e+000  1.204559e+000
 2.623540e+000  9.302612e+000  1.197468e+000
 2.625540e+000  9.866174e+000  1.202711e+000
 2.627540e+000  1.005577e+001  1.200392e+000
 2.629540e+000  9.750879e+000  1.202091e+000
 2.631540e+000  1.001205e+001  1.203718e+000
 2.633540e+000  9.958474e+000  1.208709e+000
 2.635530e+000  9.608966e+000  1.198045e+000
 2.637530e+000  9.939910e+000  1.200730e+000
 2.639530e+000  9.638415e+000  1.198744e+000
 2.641530e+000  9.543039e+000  1.195814e+000
 2.643530e+000  9.288385e+000  1.189065e+000
 2.645530e+000  9.171344e+000  1.195590e+000
 2.647520e+000  9.294960e+000  1.191082e+000
 2.649520e+000  9.533139e+000  1.197272e+000
 2.651520e+000  9.792580e+000  1.202607e+000
 2.653520e+000  9.724121e+000  1.199421e+000
 2.655520e+000  9.563608e+000  1.194792e+000
 2.657520e+000  9.375534e+000  1.186968e+000
 2.659520e+000  9.274510e+000  1.196470e+000
 2.661510e+000  9.247163e+000  1.188464e+000
 2.663510e+000  9.273615e+000  1.191297e+000
 2.665510e+000  9.443823e+000  1.191059e+000
 2.667510e+000  9.609884e+000  1.195283e+000
 2.669510e+000  9.568368e+000  1.195667e+000
 2.671510e+000  9.346296e+000  1.199588e+000
 2.673500e+000  9.155224e+000  1.187190e+000
 2.675500e+000  9.303595e+000  1.193681e+000
 2.677500e+000  9.188029e+000  1.196510e+000
 2.679500e+000  8.878556e+000  1.187169e+000
 2.681500e+000  9.088016e+000  1.183810e+000
 2.683500e+000  9.364799e+000  1.188529e+000
 2.685500e+000  9.013135e+000  1.196149e+000
 2.687490e+000  8.796428e+000  1.189036e+000
 2.689490e+000  8.874060e+000  1.187001e+000
 2.691490e+000  9.202086e+000  1.186833e+000
 2.693490e+000  9.216122e+000  1.186573e+000
 2.695490e+000  9.212058e+000  1.185028e+000
 2.697490e+000  9.482882e+000  1.193755e+000
 2.699480e+000  9.447812e+000  1.181116e+000
 2.701480e+000  9.015850e+000  1.181909e+000
 2.703480e+000  8.957014e+000  1.184261e+000
 2.705480e+000  8.768333e+000  1.176712e+000
 2.707480e+000  8.835677e+000  1.171115e+000
 2.709480e+000  8.644822e+000  1.179036e+000
 2.711470e+000  8.439284e+000  1.170850e+000
 2.713470e+000  8.743788e+000  1.172863e+000
 2.715470e+000  8.758209e+000  1.171183e+000
 2.717470e+000  8.971236e+000  1.172708e+000
 2.719470e+000  9.273468e+000  1.176873e+000
 2.721470e+000  8.670127e+000  1.167529e+000
 2.723470e+000  8.570441e+000  1.172598e+000
 2.725460e+000  8.771423e+000  1.167268e+000
 2.727460e+000  8.808180e+000  1.170973e+000
 2.729460e+000  8.819281e+000  1.171630e+000
 2.731460e+000  8.895562e+000  1.170451e+000
 2.733460e+000  8.474357e+000  1.160390e+000
 2.735460e+000  8.313149e+000  1.168124e+000
 2.737450e+000  8.703328e+000  1.165204e+000
 2.739450e+000  8.834982e+000  1.169169e+000
 2.741450e+000  8.810933e+000  1.164205e+000
 2.743450e+000  8.591054e+000  1.164334e+000
 2.745450e+000  7.952815e+000  1.158659e+000
 2.747450e+000  7.822473e+000  1.164264e+000
 2.749440e+000  8.021523e+000  1.155556e+000
 2.751440e+000  8.116478e+000  1.163181e+000
 2.753440e+000  8.054174e+000  1.175473e+000
 2.755440e+000  8.119904e+000  1.194069e+000
 2.757440e+000  8.017885e+000  1.214988e+000
 2.759440e+000  8.364256e+000  1.238147e+000
 2.761440e+000  8.674654e+000  1.266149e+000
 2.763430e+000  8.291889e+000  1.266813e+000
 2.765430e+000  7.937521e+000  1.272489e+000
 2.767430e+000  8.049068e+000  1.278531e+000
 2.769430e+000  8.276452e+000  1.299836e+000
 2.771430e+000  8.562435e+000  1.308413e+000
 2.773430e+000  8.398316e+000  1.325767e+000
 2.775420e+000  8.042293e+000  1.319059e+000
 2.777420e+000  8.175570e+000  1.330545e+000
 2.779420e+000  8.249633e+000  1.336810e+000
 2.781420e+000  8.144861e+000  1.345175e+000
 2.783420e+000  8.681473e+000  1.359771e+000
 2.785420e+000  9.117438e+000  1.374751e+000
 2.787420e+000  9.088647e+000  1.379785e+000
 2.789410e+000  8.714764e+000  1.338166e+000
 2.791410e+000  8.533466e+000  1.310446e+000
 2.793410e+000  8.431740e+000  1.294721e+000
 2.795410e+000  8.173663e+000  1.285511e+000
 2.797410e+000  7.961477e+000  1.273140e+000
 2.799410e+000  7.855262e+000  1.272311e+000
 2.801400e+000  7.908049e+000  1.258565e+000
 2.803400e+000  8.130869e+000  1.258089e+000
 2.805400e+000  8.117217e+000  1.254293e+000
 2.807400e+000  7.851844e+000  1.245089e+000
 2.809400e+000  7.605690e+000  1.237294e+000
 2.811400e+000  7.733546e+000  1.251172e+000
 2.813390e+000  7.980878e+000  1.247151e+000
 2.815390e+000  8.183870e+000  1.245351e+000
 2.817390e+000  7.939181e+000  1.236422e+000
 2.819390e+000  7.780640e+000  1.233231e+000
 2.821390e+000  7.909588e+000  1.234552e+000
 2.823390e+000  7.660601e+000  1.228913e+000
 2.825390e+000  7.665629e+000  1.232086e+000
 2.827380e+000  7.714435e+000  1.220547e+000
 2.829380e+000  7.892489e+000  1.226401e+000
 2.831380e+000  8.045131e+000  1.229436e+000
 2.833380e+000  7.954447e+000  1.223109e+000
 2.835380e+000  7.921126e+000  1.215181e+000
 2.837380e+000  7.481659e+000  1.218144e+000
 2.839370e+000  7.435695e+000  1.209158e+000
 2.841370e+000  7.499949e+000  1.203726e+000
 2.843370e+000  7.750176e+000  1.204422e+000
 2.845370e+000  7.728349e+000  1.206397e+000
 2.847370e+000  7.635866e+000  1.203967e+000
 2.849370e+000  7.420952e+000  1.207694e+000
 2.851360e+000  7.333593e+000  1.190937e+000
 2.853360e+000  7.511776e+000  1.192119e+000
 2.855360e+000  7.705837e+000  1.197010e+000
 2.857360e+000  7.278145e+000  1.196625e+000
 2.859360e+000  7.443713e+000  1.192795e+000
 2.861360e+000  7.268067e+000  1.184566e+000
 2.863360e+000  7.112640e+000  1.192438e+000
 2.865350e+000  6.830412e+000  1.177761e+000
 2.867350e+000  6.718692e+000  1.177781e+000
 2.869350e+000  7.009844e+000  1.184698e+000
 2.871350e+000  6.980539e+000  1.186526e+000
 2.873350e+000  6.955586e+000  1.181468e+000
 2.875350e+000  6.914133e+000  1.186567e+000
 2.877340e+000  7.007334e+000  1.173586e+000
 2.879340e+000  7.001742e+000  1.177439e+000
 2.881340e+000  6.985520e+000  1.181882e+000
 2.883340e+000  7.232810e+000  1.184369e+000
 2.885340e+000  7.315530e+000  1.181962e+000
 2.887340e+000  6.903486e+000  1.174336e+000
 2.889340e+000  6.915444e+000  1.186522e+000
 2.891330e+000  7.268026e+000  1.180430e+000
 2.893330e+000  6.986427e+000  1.174880e+000
 2.895330e+000  6.673903e+000  1.174806e+000
 2.897330e+000  6.436468e+000  1.171576e+000
 2.899330e+000  6.696424e+000  1.169432e+000
 2.901330e+000  6.770177e+000  1.174078e+000
 2.903320e+000  6.758915e+000  1.165303e+000
 2.905320e+000  6.861347e+000  1.172232e+000
 2.907320e+000  7.123967e+000  1.179806e+000
 2.909320e+000  6.610585e+000  1.172009e+000
 2.911320e+000  6.434847e+000  1.165950e+000
 2.913320e+000  6.600382e+000  1.176419e+000
 2.915310e+000  6.856083e+000  1.170909e+000
 2.917310e+000  6.578714e+000  1.169098e+000
 2.919310e+000  6.908655e+000  1.168934e+000
 2.921310e+000  6.852351e+000  1.170079e+000
 2.923310e+000  6.879329e+000  1.168553e+000
 2.925310e+000  6.613533e+000  1.163510e+000
 2.927310e+000  6.713490e+000  1.172450e+000
 2.929300e+000  6.854888e+000  1.167659e+000
 2.931300e+000  6.937774e+000  1.171180e+000
 2.933300e+000  6.584548e+000  1.167233e+000
 2.935300e+000  6.599905e+000  1.163429e+000
 2.937300e+000  6.830500e+000  1.166666e+000
 2.939300e+000  6.723579e+000  1.175810e+000
 2.941290e+000  6.793346e+000  1.164057e+000
 2.943290e+000  6.683809e+000  1.160625e+000
 2.945290e+000  6.394578e+000  1.160582e+000
 2.947290e+000  6.480466e+000  1.166407e+000
 2.949290e+000  6.679640e+000  1.169374e+000
 2.951290e+000  6.915992e+000  1.166943e+000
 2.953290e+000  7.181055e+000  1.176028e+000
 2.955280e+000  6.930506e+000  1.166419e+000
 2.957280e+000  6.845195e+000  1.165814e+000
 2.959280e+000  6.176344e+000  1.159598e+000
 2.961280e+000  6.144338e+000  1.156105e+000
 2.963280e+000  6.327031e+000  1.152776e+000
 2.965280e+000  6.257503e+000  1.158697e+000
 2.967270e+000  6.494149e+000  1.160166e+000
 2.969270e+000  6.840524e+000  1.162639e+000
 2.971270e+000  6.504501e+000  1.161774e+000
 2.973270e+000  6.485869e+000  1.160855e+000
 2.975270e+000  6.438988e+000  1.156389e+000
 2.977270e+000  6.303078e+000  1.159877e+000
 2.979260e+000  6.392177e+000  1.152896e+000
 2.981260e+000  6.284169e+000  1.156226e+000
 2.983260e+000  6.367478e+000  1.158967e+000
 2.985260e+000  6.265395e+000  1.156383e+000
 2.987260e+000  6.215695e+000  1.149466e+000
 2.989260e+000  6.326097e+000  1.148952e+000
 2.991260e+000  6.236632e+000  1.162300e+000
 2.993250e+000  6.197269e+000  1.153320e+000
 2.995250e+000  6.086228e+000  1.149138e+000
 2.997250e+000  6.129753e+000  1.152724e+000
 2.999250e+000  6.414127e+000  1.155375e+000
 3.001250e+000  6.181997e+000  1.149659e+000
 3.003250e+000  6.103842e+000  1.155754e+000
 3.005240e+000  5.853941e+000  1.147500e+000
 3.007240e+000  6.359875e+000  1.154818e+000
 3.009240e+000  6.490813e+000  1.161108e+000
 3.011240e+000  6.567706e+000  1.158390e+000
 3.013240e+000  6.439741e+000  1.150787e+000
 3.015240e+000  6.105728e+000  1.155304e+000
 3.017230e+000  5.955310e+000  1.148696e+000
 3.019230e+000  5.935865e+000  1.149181e+000
 3.021230e+000  5.729016e+000  1.143066e+000
 3.023230e+000  5.960660e+000  1.148711e+000
 3.025230e+000  6.091097e+000  1.150135e+000
 3.027230e+000  5.833271e+000  1.143004e+000
 3.029230e+000  5.805002e+000  1.152482e+000
 3.031220e+000  6.056207e+000  1.147607e+000
 3.033220e+000  5.949062e+000  1.149298e+000
 3.035220e+000  5.827308e+000  1.145569e+000
 3.037220e+000  6.062715e+000  1.144248e+000
 3.039220e+000  5.953677e+000  1.142784e+000
 3.041220e+000  5.925537e+000  1.154906e+000
 3.043210e+000  5.773468e+000  1.145268e+000
 3.045210e+000  5.822211e+000  1.143063e+000
 3.047210e+000  5.359914e+000  1.139455e+000
 3.049210e+000  5.457377e+000  1.138786e+000
 3.051210e+000  5.548076e+000  1.142410e+000
 3.053210e+000  5.573763e+000  1.135859e+000
 3.055210e+000  5.526393e+000  1.144674e+000
 3.057200e+000  5.434826e+000  1.138268e+000
 3.059200e+000  5.531801e+000  1.141929e+000
 3.061200e+000  5.508884e+000  1.139080e+000
 3.063200e+000  5.227068e+000  1.126941e+000
 3.065200e+000  5.540953e+000  1.129605e+000
 3.067200e+000  5.663330e+000  1.148175e+000
 3.069190e+000  5.647788e+000  1.140023e+000
 3.071190e+000  6.106767e+000  1.142990e+000
 3.073190e+000  5.719988e+000  1.139658e+000
 3.075190e+000  5.641893e+000  1.136871e+000
 3.077190e+000  5.960618e+000  1.136528e+000
 3.079190e+000  5.733077e+000  1.143248e+000
 3.081180e+000  5.691107e+000  1.134015e+000
 3.083180e+000  5.567246e+000  1.130665e+000
 3.085180e+000  5.260675e+000  1.125269e+000
 3.087180e+000  5.579928e+000  1.126206e+000
 3.089180e+000  5.881787e+000  1.129502e+000
 3.091180e+000  5.818406e+000  1.130337e+000
 3.093180e+000  5.627631e+000  1.137445e+000
 3.095170e+000  5.625917e+000  1.124772e+000
 3.097170e+000  5.709117e+000  1.126100e+000
 3.099170e+000  5.539287e+000  1.123939e+000
 3.101170e+000  5.471870e+000  1.123111e+000
 3.103170e+000  5.361466e+000  1.122953e+000
 3.105170e+000  5.450312e+000  1.127977e+000
 3.107160e+000  5.497551e+000  1.120455e+000
 3.109160e+000  5.454863e+000  1.121497e+000
 3.111160e+000  5.178139e+000  1.121381e+000
 3.113160e+000  5.175306e+000  1.120416e+000
 3.115160e+000  5.220833e+000  1.119793e+000
 3.117160e+000  5.440236e+000  1.120986e+000
 3.119160e+000  5.701396e+000  1.135400e+000
 3.121150e+000  5.843508e+000  1.128829e+000
 3.123150e+000  5.654025e+000  1.124219e+000
 3.125150e+000  5.664182e+000  1.121816e+000
 3.127150e+000  5.881679e+000  1.127075e+000
 3.129150e+000  5.643065e+000  1.122103e+000
 3.131150e+000  5.048965e+000  1.121701e+000
 3.133140e+000  5.171807e+000  1.114871e+000
 3.135140e+000  5.466425e+000  1.121846e+000
 3.137140e+000  5.601547e+000  1.122625e+000
 3.139140e+000  5.376611e+000  1.121922e+000
 3.141140e+000  5.816884e+000  1.120057e+000
 3.143140e+000  5.652586e+000  1.129067e+000
 3.145130e+000  4.935588e+000  1.108725e+000
 3.147130e+000  4.989067e+000  1.112658e+000
 3.149130e+000  5.442612e+000  1.119688e+000
 3.151130e+000  5.582350e+000  1.121541e+000
 3.153130e+000  5.486403e+000  1.122051e+000
 3.155130e+000  5.155699e+000  1.117182e+000
 3.157130e+000  5.409266e+000  1.130021e+000
 3.159120e+000  5.429113e+000  1.121579e+000
 3.161120e+000  5.409556e+000  1.120293e+000
 3.163120e+000  5.089703e+000  1.113605e+000
 3.165120e+000  5.163053e+000  1.114217e+000
 3.167120e+000  4.834435e+000  1.113899e+000
 3.169120e+000  4.553001e+000  1.122158e+000
 3.171110e+000  4.525387e+000  1.110349e+000
 3.173110e+000  4.989903e+000  1.112580e+000
 3.175110e+000  5.381167e+000  1.122182e+000
 3.177110e+000  5.298894e+000  1.130858e+000
 3.179110e+000  5.342384e+000  1.159721e+000
 3.181110e+000  4.852880e+000  1.184360e+000
 3.183100e+000  4.621429e+000  1.186398e+000
 3.185100e+000  5.283587e+000  1.211296e+000
 3.187100e+000  5.238587e+000  1.226833e+000
 3.189100e+000  5.208789e+000  1.237513e+000
 3.191100e+000  5.191220e+000  1.253768e+000
 3.193100e+000  5.465615e+000  1.264032e+000
 3.195100e+000  4.828752e+000  1.275524e+000
 3.197090e+000  4.197741e+000  1.264346e+000
 3.199090e+000  4.704551e+000  1.270649e+000
 3.201090e+000  5.464308e+000  1.298820e+000
 3.203090e+000  5.117579e+000  1.313528e+000
 3.205090e+000  4.844672e+000  1.312989e+000
 3.207090e+000  4.662567e+000  1.318158e+000
 3.209080e+000  4.279536e+000  1.303971e+000
 3.211080e+000  4.656510e+000  1.318677e+000
 3.213080e+000  5.170513e+000  1.334098e+000
 3.215080e+000  4.946637e+000  1.338658e+000
 3.217080e+000  5.030330e+000  1.350213e+000
 3.219080e+000  4.930066e+000  1.361000e+000
 3.221080e+000  4.904385e+000  1.386742e+000
 3.223070e+000  4.721653e+000  1.369606e+000
 3.225070e+000  4.207065e+000  1.366255e+000
 3.227070e+000  4.499919e+000  1.379973e+000
 3.229070e+000  4.813386e+000  1.395075e+000
 3.231070e+000  5.180136e+000  1.409934e+000
 3.233070e+000  5.011160e+000  1.423149e+000
 3.235060e+000  4.690956e+000  1.414310e+000
 3.237060e+000  4.495279e+000  1.420124e+000
 3.239060e+000  4.448946e+000  1.428371e+000
 3.241060e+000  4.748120e+000  1.432239e+000
 3.243060e+000  4.780100e+000  1.438936e+000
 3.245060e+000  4.995228e+000  1.465744e+000
 3.247050e+000  4.910395e+000  1.464197e+000
 3.249050e+000  4.755130e+000  1.465839e+000
 3.251050e+000  4.727636e+000  1.482152e+000
 3.253050e+000  4.808972e+000  1.491417e+000
 3.255050e+000  4.566208e+000  1.491796e+000
 3.257050e+000  4.960941e+000  1.498259e+000
 3.259050e+000  5.467029e+000  1.522566e+000
 3.261040e+000  5.045493e+000  1.521600e+000
 3.263040e+000  4.945528e+000  1.524134e+000
 3.265040e+000  4.967222e+000  1.535644e+000
 3.267040e+000  4.929154e+000  1.547332e+000
 3.269040e+000  4.860163e+000  1.547071e+000
 3.271040e+000  4.678116e+000  1.561315e+000
 3.273030e+000  4.937521e+000  1.565982e+000
 3.275030e+000  4.992799e+000  1.575777e+000
 3.277030e+000  4.971730e+000  1.592364e+000
 3.279030e+000  4.607825e+000  1.597832e+000
 3.281030e+000  4.611920e+000  1.598232e+000
 3.283030e+000  4.348588e+000  1.611652e+000
 3.285020e+000  4.526381e+000  1.610950e+000
 3.287020e+000  4.692059e+000  1.627309e+000
 3.289020e+000  5.137582e+000  1.653303e+000
 3.291020e+000  4.924766e+000  1.651397e+000
 3.293020e+000  5.244331e+000  1.670035e+000
 3.295020e+000  5.102893e+000  1.681817e+000
 3.297020e+000  4.635939e+000  1.689359e+000
 3.299010e+000  4.953816e+000  1.690607e+000
 3.301010e+000  4.926746e+000  1.696213e+000
 3.303010e+000  4.815226e+000  1.711571e+000
 3.305010e+000  4.772173e+000  1.730284e+000
 3.307010e+000  4.893274e+000  1.735596e+000
 3.309010e+000  4.874593e+000  1.750125e+000
 3.311000e+000  4.630632e+000  1.741173e+000
 3.313000e+000  3.730372e+000  1.741134e+000
 3.315000e+000  4.162335e+000  1.758409e+000
 3.317000e+000  4.431497e+000  1.776389e+000
 3.319000e+000  4.019343e+000  1.793105e+000
 3.321000e+000  4.564843e+000  1.795665e+000
 3.323000e+000  4.385825e+000  1.810278e+000
 3.324990e+000  4.620072e+000  1.824931e+000
 3.326990e+000  4.488478e+000  1.840590e+000
 3.328990e+000  4.568591e+000  1.850254e+000
 3.330990e+000  4.481537e+000  1.863789e+000
 3.332990e+000  4.247077e+000  1.857457e+000
 3.334990e+000  4.581198e+000  1.893414e+000
 3.336980e+000  5.016727e+000  1.921186e+000
 3.338980e+000  5.073922e+000  1.936581e+000
 3.340980e+000  4.584256e+000  1.931770e+000
 3.342980e+000  4.698018e+000  1.942955e+000
 3.344980e+000  5.167030e+000  1.967203e+000
 3.346980e+000  4.604411e+000  1.992711e+000
 3.348970e+000  4.064995e+000  1.966569e+000
 3.350970e+000  4.347858e+000  1.988100e+000
 3.352970e+000  4.793235e+000  2.029472e+000
 3.354970e+000  4.570176e+000  2.049182e+000
 3.356970e+000  3.829346e+000  2.049823e+000
 3.358970e+000  3.775699e+000  2.035240e+000
 3.360970e+000  4.174749e+000  2.077995e+000
 3.362960e+000  4.004685e+000  2.085812e+000
 3.364960e+000  3.929354e+000  2.099187e+000
 3.366960e+000  4.579349e+000  2.139054e+000
 3.368960e+000  4.290374e+000  2.148181e+000
 3.370960e+000  4.248441e+000  2.168422e+000
 3.372960e+000  4.832100e+000  2.201947e+000
 3.374950e+000  4.182953e+000  2.179662e+000
 3.376950e+000  3.312432e+000  2.188054e+000
 3.378950e+000  3.810997e+000  2.237086e+000
 3.380950e+000  4.751084e+000  2.280915e+000
 3.382950e+000  5.785898e+000  2.302245e+000
 3.384950e+000  5.408496e+000  2.299522e+000
 3.386950e+000  4.586429e+000  2.354031e+000
 3.388940e+000  4.505669e+000  2.374987e+000
 3.390940e+000  4.274611e+000  2.395216e+000
 3.392940e+000  4.073431e+000  2.426409e+000
 3.394940e+000  4.350341e+000  2.460887e+000
 3.396940e+000  4.659530e+000  2.508638e+000
 3.398940e+000  4.942806e+000  2.556343e+000
 3.400930e+000  4.626653e+000  2.538066e+000
 3.402930e+000  4.454076e+000  2.581804e+000
 3.404930e+000  4.883847e+000  2.642331e+000
 3.406930e+000  4.278528e+000  2.698953e+000
 3.408930e+000  4.151862e+000  2.722218e+000
 3.410930e+000  3.928251e+000  2.755080e+000
 3.412920e+000  3.828032e+000  2.808663e+000
 3.414920e+000  3.323576e+000  2.898706e+000
 3.416920e+000  5.096368e+000  2.972713e+000
 3.418920e+000  5.245577e+000  3.017617e+000
 3.420920e+000  4.831509e+000  3.071117e+000
 3.422920e+000  5.508218e+000  3.137046e+000
 3.424920e+000  4.383343e+000  3.148668e+000
 3.426910e+000  4.175864e+000  3.083161e+000
 3.428910e+000  4.529598e+000  3.137321e+000
 3.430910e+000  5.184423e+000  3.239821e+000
 3.432910e+000  5.062943e+000  3.302307e+000
 3.434910e+000  4.218731e+000  3.231314e+000
 3.436910e+000  3.628436e+000  3.238173e+000
 3.438900e+000  3.491855e+000  3.273748e+000
 3.440900e+000  4.478976e+000  3.374925e+000
 3.442900e+000  5.410668e+000  3.434454e+000
 3.444900e+000  4.976058e+000  3.472279e+000
 3.446900e+000  4.377087e+000  3.498264e+000
 3.448900e+000  2.686974e+000  3.554252e+000
 3.450890e+000  2.538245e+000  3.593296e+000
 3.452890e+000  4.488227e+000  3.710691e+000
 3.454890e+000  4.836323e+000  3.846248e+000
 3.456890e+000  4.451100e+000  3.949813e+000
 3.458890e+000  3.734363e+000  3.947557e+000
 3.460890e+000  4.139095e+000  3.979308e+000
 3.462890e+000  4.079538e+000  4.230109e+000
 3.464880e+000  4.655220e+000  4.400807e+000
 3.466880e+000  4.596437e+000  4.476303e+000
 3.468880e+000  4.579877e+000  4.544595e+000
 3.470880e+000  5.515940e+000  4.760629e+000
 3.472880e+000  3.582632e+000  4.838155e+000
 3.474880e+000  2.208347e+000  4.987996e+000
 3.476870e+000  3.571735e+000  5.165472e+000
 3.478870e+000  3.175656e+000  5.524888e+000
 3.480870e+000  3.594955e+000  5.741783e+000
 3.482870e+000  4.655040e+000  6.203610e+000
 3.484870e+000  7.121511e+000  6.691703e+000
 3.486870e+000  4.889184e+000  7.105587e+000
 3.488870e+000  2.854658e+000  7.679818e+000
 3.490860e+000  3.191792e+000  8.241524e+000
