Sample description: DCC56ArgN11 AMS
Sample: DCC56ArgN11 AMS  c= 3.8800 mg/ml  Code: DArgN11
Parent(s): processed/subtracted/DArgN11_0024_sub.dat
  5.163230e-02   1.123647e+03   1.442329e+02
  5.362830e-02   1.129631e+03   9.777644e+01
  5.562430e-02   1.363554e+03   8.687552e+01
  5.762040e-02   1.244820e+03   7.639466e+01
  5.961640e-02   1.304247e+03   6.572626e+01
  6.161240e-02   1.218369e+03   5.910503e+01
  6.360840e-02   1.345500e+03   5.026415e+01
  6.560450e-02   1.290456e+03   4.638454e+01
  6.760050e-02   1.263049e+03   4.409693e+01
  6.959650e-02   1.206420e+03   4.215307e+01
  7.159250e-02   1.238449e+03   3.993495e+01
  7.358850e-02   1.207847e+03   3.731974e+01
  7.558460e-02   1.255055e+03   3.657619e+01
  7.758060e-02   1.258749e+03   3.505732e+01
  7.957660e-02   1.202563e+03   3.390196e+01
  8.157260e-02   1.222480e+03   3.233887e+01
  8.356870e-02   1.218305e+03   3.179513e+01
  8.556470e-02   1.258349e+03   3.035505e+01
  8.756070e-02   1.258161e+03   2.964052e+01
  8.955670e-02   1.227437e+03   2.868768e+01
  9.155280e-02   1.245708e+03   2.771593e+01
  9.354880e-02   1.250372e+03   2.748608e+01
  9.554480e-02   1.253113e+03   2.656778e+01
  9.754080e-02   1.220129e+03   2.553462e+01
  9.953680e-02   1.262196e+03   2.538792e+01
  1.015330e-01   1.199061e+03   2.451412e+01
  1.035290e-01   1.227686e+03   2.433653e+01
  1.055250e-01   1.241019e+03   2.347813e+01
  1.075210e-01   1.224351e+03   2.312256e+01
  1.095170e-01   1.233683e+03   2.257057e+01
  1.115130e-01   1.210315e+03   2.225223e+01
  1.135090e-01   1.187584e+03   2.192419e+01
  1.155050e-01   1.243464e+03   2.144496e+01
  1.175010e-01   1.203957e+03   2.120701e+01
  1.194970e-01   1.170279e+03   2.087061e+01
  1.214930e-01   1.231841e+03   2.050900e+01
  1.234890e-01   1.192577e+03   2.011127e+01
  1.254850e-01   1.179261e+03   1.994098e+01
  1.274810e-01   1.167387e+03   1.944511e+01
  1.294770e-01   1.160954e+03   1.953005e+01
  1.314730e-01   1.170018e+03   1.883507e+01
  1.334690e-01   1.125656e+03   1.863747e+01
  1.354650e-01   1.176759e+03   1.855114e+01
  1.374610e-01   1.160015e+03   1.835918e+01
  1.394570e-01   1.129422e+03   1.814936e+01
  1.414530e-01   1.150565e+03   1.790551e+01
  1.434490e-01   1.134312e+03   1.772406e+01
  1.454450e-01   1.132166e+03   1.749510e+01
  1.474410e-01   1.132757e+03   1.740223e+01
  1.494370e-01   1.139390e+03   1.693569e+01
  1.514330e-01   1.110724e+03   1.689657e+01
  1.534290e-01   1.151030e+03   1.683259e+01
  1.554250e-01   1.104825e+03   1.664025e+01
  1.574220e-01   1.124639e+03   1.649468e+01
  1.594180e-01   1.107873e+03   1.605731e+01
  1.614140e-01   1.087885e+03   1.619671e+01
  1.634100e-01   1.095566e+03   1.587234e+01
  1.654060e-01   1.077763e+03   1.568136e+01
  1.674020e-01   1.082156e+03   1.567544e+01
  1.693980e-01   1.086086e+03   1.539733e+01
  1.713940e-01   1.113956e+03   1.552213e+01
  1.733900e-01   1.076338e+03   1.511785e+01
  1.753860e-01   1.067167e+03   1.509888e+01
  1.773820e-01   1.051787e+03   1.489390e+01
  1.793780e-01   1.071666e+03   1.489759e+01
  1.813740e-01   1.078468e+03   1.486036e+01
  1.833700e-01   1.073175e+03   1.466890e+01
  1.853660e-01   1.058857e+03   1.500643e+01
  1.873620e-01   1.054320e+03   1.479858e+01
  1.893580e-01   1.038238e+03   1.494640e+01
  1.913540e-01   1.045684e+03   1.489815e+01
  1.933500e-01   1.066829e+03   1.495377e+01
  1.953460e-01   1.022038e+03   1.473984e+01
  1.973420e-01   1.028945e+03   1.481564e+01
  1.993380e-01   1.018331e+03   1.462675e+01
  2.013340e-01   1.014073e+03   1.470442e+01
  2.033300e-01   1.006250e+03   1.470011e+01
  2.053260e-01   1.012603e+03   1.470971e+01
  2.073220e-01   1.015404e+03   1.460544e+01
  2.093180e-01   1.014450e+03   1.451342e+01
  2.113140e-01   1.001215e+03   1.450015e+01
  2.133100e-01   1.008483e+03   1.438818e+01
  2.153060e-01   9.966866e+02   1.448838e+01
  2.173020e-01   9.870044e+02   1.450880e+01
  2.192980e-01   9.825165e+02   1.483337e+01
  2.212940e-01   9.664972e+02   1.466124e+01
  2.232900e-01   9.635758e+02   1.500780e+01
  2.252860e-01   9.736175e+02   1.501418e+01
  2.272820e-01   9.683075e+02   1.501467e+01
  2.292780e-01   9.556871e+02   1.510749e+01
  2.312740e-01   9.682521e+02   1.512322e+01
  2.332700e-01   9.353946e+02   1.512252e+01
  2.352660e-01   9.620760e+02   1.516994e+01
  2.372620e-01   9.060930e+02   1.497681e+01
  2.392580e-01   9.317312e+02   1.533942e+01
  2.412540e-01   9.278665e+02   1.510894e+01
  2.432500e-01   9.319923e+02   1.531524e+01
  2.452470e-01   9.169907e+02   1.508230e+01
  2.472430e-01   9.058044e+02   1.511928e+01
  2.492390e-01   9.052271e+02   1.531823e+01
  2.512350e-01   9.047956e+02   1.480579e+01
  2.532310e-01   8.964706e+02   1.470559e+01
  2.552270e-01   9.006405e+02   1.434264e+01
  2.572230e-01   8.740696e+02   1.416558e+01
  2.592190e-01   8.866920e+02   1.413584e+01
  2.612150e-01   8.823095e+02   1.404534e+01
  2.632110e-01   8.699673e+02   1.389807e+01
  2.652070e-01   8.858273e+02   1.395926e+01
  2.672030e-01   8.772696e+02   1.387268e+01
  2.691990e-01   8.626253e+02   1.356356e+01
  2.711950e-01   8.709899e+02   1.364614e+01
  2.731910e-01   8.269915e+02   1.341695e+01
  2.751870e-01   8.617487e+02   1.345710e+01
  2.771830e-01   8.363758e+02   1.336227e+01
  2.791790e-01   8.478039e+02   1.326664e+01
  2.811750e-01   8.286897e+02   1.326872e+01
  2.831710e-01   8.537603e+02   1.321144e+01
  2.851670e-01   8.442997e+02   1.320141e+01
  2.871630e-01   8.381920e+02   1.305555e+01
  2.891590e-01   8.016693e+02   1.295091e+01
  2.911550e-01   8.051608e+02   1.304146e+01
  2.931510e-01   8.135688e+02   1.262907e+01
  2.951470e-01   8.123265e+02   1.285887e+01
  2.971430e-01   7.943619e+02   1.268026e+01
  2.991390e-01   8.164567e+02   1.272213e+01
  3.011350e-01   7.968941e+02   1.260535e+01
  3.031310e-01   8.104544e+02   1.256091e+01
  3.051270e-01   7.898268e+02   1.253976e+01
  3.071230e-01   7.701451e+02   1.239989e+01
  3.091190e-01   7.791722e+02   1.231592e+01
  3.111150e-01   7.610374e+02   1.232854e+01
  3.131110e-01   7.719822e+02   1.231638e+01
  3.151070e-01   7.856361e+02   1.230723e+01
  3.171030e-01   7.700956e+02   1.224074e+01
  3.190990e-01   7.511369e+02   1.208110e+01
  3.210950e-01   7.589124e+02   1.208972e+01
  3.230910e-01   7.312320e+02   1.191189e+01
  3.250870e-01   7.755034e+02   1.207981e+01
  3.270830e-01   7.665534e+02   1.200379e+01
  3.290790e-01   7.381624e+02   1.189149e+01
  3.310760e-01   7.440858e+02   1.182187e+01
  3.330720e-01   7.471490e+02   1.185837e+01
  3.350680e-01   7.419180e+02   1.169476e+01
  3.370640e-01   7.220485e+02   1.171232e+01
  3.390600e-01   7.248601e+02   1.168088e+01
  3.410560e-01   7.228026e+02   1.163216e+01
  3.430520e-01   7.075722e+02   1.151392e+01
  3.450480e-01   7.032979e+02   1.146889e+01
  3.470440e-01   6.920500e+02   1.137497e+01
  3.490400e-01   7.186271e+02   1.153726e+01
  3.510360e-01   6.946601e+02   1.129355e+01
  3.530320e-01   6.980925e+02   1.128843e+01
  3.550280e-01   7.004500e+02   1.124458e+01
  3.570240e-01   6.785825e+02   1.123183e+01
  3.590200e-01   6.887791e+02   1.138417e+01
  3.610160e-01   6.913149e+02   1.132494e+01
  3.630120e-01   6.714539e+02   1.153260e+01
  3.650080e-01   6.595113e+02   1.134856e+01
  3.670040e-01   6.752536e+02   1.157401e+01
  3.690000e-01   6.603064e+02   1.162204e+01
  3.709960e-01   6.429765e+02   1.150387e+01
  3.729920e-01   6.509317e+02   1.161659e+01
  3.749880e-01   6.538376e+02   1.136634e+01
  3.769840e-01   6.581129e+02   1.132112e+01
  3.789800e-01   6.312219e+02   1.121244e+01
  3.809760e-01   6.273088e+02   1.099652e+01
  3.829720e-01   6.406139e+02   1.124905e+01
  3.849680e-01   6.237216e+02   1.091676e+01
  3.869640e-01   6.411454e+02   1.097806e+01
  3.889600e-01   6.354338e+02   1.091995e+01
  3.909560e-01   6.156660e+02   1.081820e+01
  3.929520e-01   6.299075e+02   1.085600e+01
  3.949480e-01   6.081701e+02   1.061054e+01
  3.969440e-01   6.283701e+02   1.078314e+01
  3.989400e-01   6.116678e+02   1.063115e+01
  4.009360e-01   6.189936e+02   1.068037e+01
  4.029320e-01   6.175541e+02   1.055172e+01
  4.049280e-01   5.959554e+02   1.039975e+01
  4.069240e-01   5.830637e+02   1.038582e+01
  4.089200e-01   5.934062e+02   1.032907e+01
  4.109160e-01   5.801134e+02   1.029503e+01
  4.129120e-01   5.856910e+02   1.019493e+01
  4.149080e-01   5.899183e+02   1.023763e+01
  4.169040e-01   5.717394e+02   1.012743e+01
  4.189010e-01   5.868601e+02   1.011570e+01
  4.208970e-01   5.703044e+02   1.004509e+01
  4.228930e-01   5.732296e+02   9.962363e+00
  4.248890e-01   5.764523e+02   1.007428e+01
  4.268850e-01   5.506845e+02   9.851461e+00
  4.288810e-01   5.453106e+02   9.746317e+00
  4.308770e-01   5.545814e+02   9.848853e+00
  4.328730e-01   5.512848e+02   9.744982e+00
  4.348690e-01   5.388951e+02   9.780448e+00
  4.368650e-01   5.462374e+02   9.698866e+00
  4.388610e-01   5.431299e+02   9.700809e+00
  4.408570e-01   5.268356e+02   9.678696e+00
  4.428530e-01   5.359369e+02   9.600621e+00
  4.448490e-01   5.415335e+02   9.765580e+00
  4.468450e-01   5.331966e+02   9.614956e+00
  4.488410e-01   5.256211e+02   9.520116e+00
  4.508370e-01   5.351832e+02   9.688554e+00
  4.528330e-01   5.260626e+02   9.503729e+00
  4.548290e-01   5.214253e+02   9.505925e+00
  4.568250e-01   5.108485e+02   9.452737e+00
  4.588210e-01   5.187289e+02   9.484425e+00
  4.608170e-01   5.186639e+02   9.468577e+00
  4.628130e-01   4.960686e+02   9.278482e+00
  4.648090e-01   4.904428e+02   9.398518e+00
  4.668050e-01   4.987518e+02   9.248191e+00
  4.688010e-01   4.825010e+02   9.273647e+00
  4.707970e-01   4.879706e+02   9.256397e+00
  4.727930e-01   4.876523e+02   9.217206e+00
  4.747890e-01   4.859649e+02   9.229822e+00
  4.767850e-01   4.785701e+02   9.140278e+00
  4.787810e-01   4.791619e+02   9.178982e+00
  4.807770e-01   4.722351e+02   9.033832e+00
  4.827730e-01   4.760590e+02   9.100492e+00
  4.847690e-01   4.873010e+02   9.155920e+00
  4.867650e-01   4.695281e+02   9.009768e+00
  4.887610e-01   4.713134e+02   9.035005e+00
  4.907570e-01   4.742268e+02   8.915735e+00
  4.927530e-01   4.789472e+02   9.056477e+00
  4.947490e-01   4.520686e+02   8.901276e+00
  4.967450e-01   4.526289e+02   8.849186e+00
  4.987410e-01   4.673557e+02   8.916541e+00
  5.007370e-01   4.654616e+02   8.901582e+00
  5.027330e-01   4.497979e+02   8.850611e+00
  5.047290e-01   4.463812e+02   8.708477e+00
  5.067260e-01   4.224423e+02   8.706871e+00
  5.087220e-01   4.386966e+02   8.756126e+00
  5.107180e-01   4.500951e+02   8.715722e+00
  5.127140e-01   4.428820e+02   8.689848e+00
  5.147100e-01   4.250691e+02   8.563619e+00
  5.167060e-01   4.351606e+02   8.631528e+00
  5.187020e-01   4.329626e+02   8.648407e+00
  5.206980e-01   4.322168e+02   8.548420e+00
  5.226940e-01   4.346856e+02   8.591863e+00
  5.246900e-01   4.238015e+02   8.497492e+00
  5.266860e-01   4.232361e+02   8.539461e+00
  5.286820e-01   4.157673e+02   8.459144e+00
  5.306780e-01   4.012869e+02   8.393268e+00
  5.326740e-01   4.023250e+02   8.466131e+00
  5.346700e-01   4.081178e+02   8.387997e+00
  5.366660e-01   4.122513e+02   8.437871e+00
  5.386620e-01   4.107590e+02   8.382832e+00
  5.406580e-01   3.951284e+02   8.317812e+00
  5.426540e-01   3.739657e+02   8.298608e+00
  5.446500e-01   4.070232e+02   8.318080e+00
  5.466460e-01   4.072080e+02   8.378559e+00
  5.486420e-01   3.838760e+02   8.173335e+00
  5.506380e-01   3.917969e+02   8.327108e+00
  5.526340e-01   3.862157e+02   8.178619e+00
  5.546300e-01   3.883722e+02   8.162304e+00
  5.566260e-01   3.754111e+02   8.218686e+00
  5.586220e-01   3.827544e+02   8.071082e+00
  5.606180e-01   3.786500e+02   8.207374e+00
  5.626140e-01   3.705456e+02   8.098077e+00
  5.646100e-01   3.646430e+02   8.009492e+00
  5.666060e-01   3.786263e+02   8.078170e+00
  5.686020e-01   3.773010e+02   8.049436e+00
  5.705980e-01   3.537724e+02   8.021454e+00
  5.725940e-01   3.681237e+02   7.955263e+00
  5.745900e-01   3.680840e+02   8.008193e+00
  5.765860e-01   3.588863e+02   7.916853e+00
  5.785820e-01   3.668894e+02   7.943698e+00
  5.805780e-01   3.580557e+02   7.946866e+00
  5.825740e-01   3.532771e+02   7.862546e+00
  5.845700e-01   3.516281e+02   7.880273e+00
  5.865660e-01   3.400745e+02   7.812647e+00
  5.885620e-01   3.399869e+02   7.772776e+00
  5.905580e-01   3.469302e+02   7.767892e+00
  5.925550e-01   3.465358e+02   7.763286e+00
  5.945510e-01   3.312010e+02   7.769142e+00
  5.965470e-01   3.448206e+02   7.757691e+00
  5.985430e-01   3.447335e+02   7.746619e+00
  6.005390e-01   3.459590e+02   7.716258e+00
  6.025350e-01   3.478046e+02   7.719603e+00
  6.045310e-01   3.401415e+02   7.684144e+00
  6.065270e-01   3.250271e+02   7.548482e+00
  6.085230e-01   3.246134e+02   7.684508e+00
  6.105190e-01   3.149046e+02   7.595948e+00
  6.125150e-01   3.335768e+02   7.649580e+00
  6.145110e-01   3.171229e+02   7.486271e+00
  6.165070e-01   3.236487e+02   7.564036e+00
  6.185030e-01   3.225268e+02   7.612851e+00
  6.204990e-01   3.168433e+02   7.490990e+00
  6.224950e-01   3.132175e+02   7.530966e+00
  6.244910e-01   3.256588e+02   7.631995e+00
  6.264870e-01   3.229064e+02   7.687675e+00
  6.284830e-01   3.217938e+02   7.842820e+00
  6.304790e-01   3.008005e+02   7.702526e+00
  6.324750e-01   3.132101e+02   7.847080e+00
  6.344710e-01   3.057665e+02   7.837964e+00
  6.364670e-01   3.083559e+02   7.839758e+00
  6.384630e-01   3.240472e+02   7.870487e+00
  6.404590e-01   2.987791e+02   7.718193e+00
  6.424550e-01   3.112822e+02   7.986593e+00
  6.444510e-01   2.934758e+02   7.903505e+00
  6.464470e-01   3.027242e+02   7.991961e+00
  6.484430e-01   2.971758e+02   7.927959e+00
  6.504390e-01   2.839363e+02   7.819183e+00
  6.524350e-01   2.896160e+02   7.932250e+00
  6.544310e-01   2.780892e+02   7.880760e+00
  6.564270e-01   2.892918e+02   7.925340e+00
  6.584230e-01   2.798698e+02   7.909242e+00
  6.604190e-01   2.881825e+02   7.826229e+00
  6.624150e-01   2.669443e+02   7.906289e+00
  6.644110e-01   2.871144e+02   7.821918e+00
  6.664070e-01   2.892616e+02   7.916101e+00
  6.684030e-01   2.587384e+02   7.840077e+00
  6.703990e-01   2.743389e+02   7.848541e+00
  6.723950e-01   2.767247e+02   7.887291e+00
  6.743910e-01   2.718317e+02   7.670495e+00
  6.763870e-01   2.706688e+02   7.682871e+00
  6.783830e-01   2.666474e+02   7.564701e+00
  6.803800e-01   2.674155e+02   7.605178e+00
  6.823760e-01   2.703876e+02   7.503539e+00
  6.843720e-01   2.730598e+02   7.468343e+00
  6.863680e-01   2.605131e+02   7.498982e+00
  6.883640e-01   2.557325e+02   7.384057e+00
  6.903600e-01   2.558729e+02   7.421861e+00
  6.923560e-01   2.605111e+02   7.342683e+00
  6.943520e-01   2.532227e+02   7.310784e+00
  6.963480e-01   2.582534e+02   7.386188e+00
  6.983440e-01   2.561735e+02   7.258307e+00
  7.003400e-01   2.497598e+02   7.279397e+00
  7.023360e-01   2.464149e+02   7.169149e+00
  7.043320e-01   2.556969e+02   7.227892e+00
  7.063280e-01   2.642358e+02   7.268224e+00
  7.083240e-01   2.547093e+02   7.128534e+00
  7.103200e-01   2.491719e+02   7.229613e+00
  7.123160e-01   2.495330e+02   7.088510e+00
  7.143120e-01   2.256005e+02   7.082198e+00
  7.163080e-01   2.428510e+02   7.074631e+00
  7.183040e-01   2.385229e+02   7.035155e+00
  7.203000e-01   2.360879e+02   7.067296e+00
  7.222960e-01   2.203407e+02   6.921531e+00
  7.242920e-01   2.421624e+02   6.971351e+00
  7.262880e-01   2.224057e+02   6.987487e+00
  7.282840e-01   2.355332e+02   6.966668e+00
  7.302800e-01   2.158626e+02   6.934840e+00
  7.322760e-01   2.293495e+02   6.907379e+00
  7.342720e-01   2.262588e+02   6.871616e+00
  7.362680e-01   2.226503e+02   6.821673e+00
  7.382640e-01   2.065655e+02   6.784363e+00
  7.402600e-01   2.248021e+02   6.840825e+00
  7.422560e-01   2.163168e+02   6.811742e+00
  7.442520e-01   2.195977e+02   6.810098e+00
  7.462480e-01   2.246536e+02   6.758474e+00
  7.482440e-01   2.025394e+02   6.743740e+00
  7.502400e-01   2.270570e+02   6.731889e+00
  7.522360e-01   2.239670e+02   6.754126e+00
  7.542320e-01   2.149028e+02   6.738180e+00
  7.562280e-01   2.108567e+02   6.664732e+00
  7.582240e-01   2.032750e+02   6.672990e+00
  7.602200e-01   2.173173e+02   6.645956e+00
  7.622160e-01   2.025807e+02   6.649521e+00
  7.642120e-01   2.134840e+02   6.645956e+00
  7.662090e-01   2.163211e+02   6.626562e+00
  7.682050e-01   2.064139e+02   6.617064e+00
  7.702010e-01   2.169799e+02   6.598335e+00
  7.721970e-01   2.114948e+02   6.700843e+00
  7.741930e-01   2.080709e+02   6.647508e+00
  7.761890e-01   2.047023e+02   6.576454e+00
  7.781850e-01   1.963701e+02   6.552649e+00
  7.801810e-01   2.112796e+02   6.556500e+00
  7.821770e-01   1.993155e+02   6.570541e+00
  7.841730e-01   2.020340e+02   6.520101e+00
  7.861690e-01   1.909567e+02   6.453758e+00
  7.881650e-01   1.974711e+02   6.524500e+00
  7.901610e-01   1.890683e+02   6.481415e+00
  7.921570e-01   1.961245e+02   6.510454e+00
  7.941530e-01   2.033874e+02   6.477735e+00
  7.961490e-01   1.922111e+02   6.436938e+00
  7.981450e-01   1.958356e+02   6.438015e+00
  8.001410e-01   1.897446e+02   6.412923e+00
  8.021370e-01   1.903026e+02   6.414686e+00
  8.041330e-01   1.847776e+02   6.359327e+00
  8.061290e-01   1.911729e+02   6.433753e+00
  8.081250e-01   1.852876e+02   6.382289e+00
  8.101210e-01   1.900191e+02   6.342863e+00
  8.121170e-01   1.863384e+02   6.297887e+00
  8.141130e-01   1.817095e+02   6.310082e+00
  8.161090e-01   1.783562e+02   6.386995e+00
  8.181050e-01   1.784446e+02   6.255075e+00
  8.201010e-01   1.817464e+02   6.342706e+00
  8.220970e-01   1.708412e+02   6.288363e+00
  8.240930e-01   1.716912e+02   6.239317e+00
  8.260890e-01   1.661459e+02   6.213915e+00
  8.280850e-01   1.670147e+02   6.190253e+00
  8.300810e-01   1.685363e+02   6.197825e+00
  8.320770e-01   1.655149e+02   6.212678e+00
  8.340730e-01   1.708992e+02   6.153845e+00
  8.360690e-01   1.714765e+02   6.214966e+00
  8.380650e-01   1.655845e+02   6.134897e+00
  8.400610e-01   1.730714e+02   6.248134e+00
  8.420570e-01   1.705982e+02   6.150477e+00
  8.440530e-01   1.707247e+02   6.164034e+00
  8.460490e-01   1.665041e+02   6.142716e+00
  8.480450e-01   1.614575e+02   6.064951e+00
  8.500410e-01   1.489026e+02   6.088840e+00
  8.520370e-01   1.598106e+02   6.070077e+00
  8.540340e-01   1.519943e+02   6.070745e+00
  8.560300e-01   1.607631e+02   6.134402e+00
  8.580260e-01   1.574041e+02   6.023108e+00
  8.600220e-01   1.655843e+02   6.092716e+00
  8.620180e-01   1.494572e+02   5.950131e+00
  8.640140e-01   1.608652e+02   6.070232e+00
  8.660100e-01   1.625198e+02   6.020531e+00
  8.680060e-01   1.626552e+02   5.997474e+00
  8.700020e-01   1.617647e+02   6.033827e+00
  8.719980e-01   1.400554e+02   5.960649e+00
  8.739940e-01   1.596541e+02   6.020894e+00
  8.759900e-01   1.565946e+02   5.954101e+00
  8.779860e-01   1.465227e+02   5.942848e+00
  8.799820e-01   1.517637e+02   5.963606e+00
  8.819780e-01   1.437619e+02   5.928441e+00
  8.839740e-01   1.509062e+02   5.975791e+00
  8.859700e-01   1.452250e+02   5.883905e+00
  8.879660e-01   1.443119e+02   5.912992e+00
  8.899620e-01   1.431309e+02   5.922345e+00
  8.919580e-01   1.416433e+02   5.904902e+00
  8.939540e-01   1.462103e+02   5.859291e+00
  8.959500e-01   1.438570e+02   5.816070e+00
  8.979460e-01   1.419781e+02   5.821188e+00
  8.999420e-01   1.462936e+02   5.814773e+00
  9.019380e-01   1.359918e+02   5.800799e+00
  9.039340e-01   1.360887e+02   5.810714e+00
  9.059300e-01   1.404835e+02   5.788085e+00
  9.079260e-01   1.431273e+02   5.824178e+00
  9.099220e-01   1.483541e+02   5.801147e+00
  9.119180e-01   1.469157e+02   5.817863e+00
  9.139140e-01   1.379786e+02   5.784402e+00
  9.159100e-01   1.395265e+02   5.758549e+00
  9.179060e-01   1.392892e+02   5.736639e+00
  9.199020e-01   1.410157e+02   5.751294e+00
  9.218980e-01   1.314250e+02   5.716675e+00
  9.238940e-01   1.299466e+02   5.751711e+00
  9.258900e-01   1.412044e+02   5.770698e+00
  9.278860e-01   1.385905e+02   5.739330e+00
  9.298820e-01   1.287327e+02   5.727446e+00
  9.318780e-01   1.265990e+02   5.724853e+00
  9.338740e-01   1.308180e+02   5.720121e+00
  9.358700e-01   1.281938e+02   5.691747e+00
  9.378660e-01   1.320059e+02   5.721237e+00
  9.398620e-01   1.355284e+02   5.699495e+00
  9.418590e-01   1.319338e+02   5.700652e+00
  9.438550e-01   1.288477e+02   5.670634e+00
  9.458510e-01   1.248727e+02   5.649227e+00
  9.478470e-01   1.303103e+02   5.683258e+00
  9.498430e-01   1.230119e+02   5.670613e+00
  9.518390e-01   1.191441e+02   5.618649e+00
  9.538350e-01   1.147343e+02   5.591317e+00
  9.558310e-01   1.323789e+02   5.670253e+00
  9.578270e-01   1.230951e+02   5.609729e+00
  9.598230e-01   1.205296e+02   5.626399e+00
  9.618190e-01   1.210178e+02   5.590727e+00
  9.638150e-01   1.194260e+02   5.593332e+00
  9.658110e-01   1.206095e+02   5.599469e+00
  9.678070e-01   1.175278e+02   5.563889e+00
  9.698030e-01   1.220536e+02   5.596216e+00
  9.717990e-01   1.171428e+02   5.562351e+00
  9.737950e-01   1.093273e+02   5.553170e+00
  9.757910e-01   1.213794e+02   5.592351e+00
  9.777870e-01   1.173964e+02   5.504392e+00
  9.797830e-01   1.051381e+02   5.558407e+00
  9.817790e-01   1.137582e+02   5.531990e+00
  9.837750e-01   1.160760e+02   5.543611e+00
  9.857710e-01   1.062134e+02   5.511680e+00
  9.877670e-01   1.154979e+02   5.489784e+00
  9.897630e-01   1.061113e+02   5.548260e+00
  9.917590e-01   1.209518e+02   5.490621e+00
  9.937550e-01   1.161531e+02   5.507490e+00
  9.957510e-01   1.159740e+02   5.487513e+00
  9.977470e-01   1.062015e+02   5.477157e+00
  9.997430e-01   1.032070e+02   5.515229e+00
  1.001740e+00   1.046680e+02   5.430178e+00
  1.003740e+00   1.129714e+02   5.486562e+00
  1.005730e+00   9.890876e+01   5.426441e+00
  1.007730e+00   1.040294e+02   5.466451e+00
  1.009720e+00   1.119680e+02   5.481992e+00
  1.011720e+00   1.131392e+02   5.436454e+00
  1.013720e+00   1.038794e+02   5.467562e+00
  1.015710e+00   1.056709e+02   5.398351e+00
  1.017710e+00   1.020005e+02   5.423789e+00
  1.019700e+00   1.004418e+02   5.392149e+00
  1.021700e+00   9.418505e+01   5.366278e+00
  1.023700e+00   1.008655e+02   5.438930e+00
  1.025690e+00   1.022265e+02   5.365276e+00
  1.027690e+00   9.440103e+01   5.426861e+00
  1.029680e+00   1.034098e+02   5.345572e+00
  1.031680e+00   1.074696e+02   5.358606e+00
  1.033680e+00   1.049869e+02   5.413722e+00
  1.035670e+00   1.023371e+02   5.346317e+00
  1.037670e+00   1.033613e+02   5.359193e+00
  1.039660e+00   1.031773e+02   5.323500e+00
  1.041660e+00   1.017327e+02   5.330539e+00
  1.043660e+00   1.033709e+02   5.384469e+00
  1.045650e+00   9.688247e+01   5.279155e+00
  1.047650e+00   9.526572e+01   5.349706e+00
  1.049640e+00   9.694716e+01   5.269456e+00
  1.051640e+00   8.999510e+01   5.279977e+00
  1.053640e+00   9.369845e+01   5.304320e+00
  1.055630e+00   9.825490e+01   5.262570e+00
  1.057630e+00   9.459974e+01   5.293688e+00
  1.059620e+00   9.764716e+01   5.248059e+00
  1.061620e+00   9.513557e+01   5.290227e+00
  1.063620e+00   9.705361e+01   5.364678e+00
  1.065610e+00   9.137010e+01   5.355729e+00
  1.067610e+00   9.576830e+01   5.477070e+00
  1.069600e+00   9.355722e+01   5.415804e+00
  1.071600e+00   9.675515e+01   5.470776e+00
  1.073600e+00   9.191546e+01   5.478209e+00
  1.075590e+00   8.858660e+01   5.457549e+00
  1.077590e+00   8.101985e+01   5.521000e+00
  1.079580e+00   8.256521e+01   5.471853e+00
  1.081580e+00   9.307680e+01   5.567286e+00
  1.083580e+00   8.051134e+01   5.495485e+00
  1.085570e+00   8.851985e+01   5.602858e+00
  1.087570e+00   8.922010e+01   5.568387e+00
  1.089560e+00   9.320644e+01   5.558536e+00
  1.091560e+00   8.345361e+01   5.574572e+00
  1.093560e+00   8.944407e+01   5.626500e+00
  1.095550e+00   8.101005e+01   5.619307e+00
  1.097550e+00   8.868325e+01   5.491936e+00
  1.099540e+00   8.274072e+01   5.491946e+00
  1.101540e+00   9.023067e+01   5.423961e+00
  1.103540e+00   7.869330e+01   5.402263e+00
  1.105530e+00   8.508479e+01   5.411649e+00
  1.107530e+00   8.510644e+01   5.338760e+00
  1.109520e+00   9.498505e+01   5.396979e+00
  1.111520e+00   8.564124e+01   5.340345e+00
  1.113520e+00   8.760206e+01   5.309294e+00
  1.115510e+00   8.777706e+01   5.338255e+00
  1.117510e+00   8.707500e+01   5.263284e+00
  1.119500e+00   7.865387e+01   5.295296e+00
  1.121500e+00   8.829510e+01   5.247085e+00
  1.123500e+00   8.338634e+01   5.223979e+00
  1.125490e+00   8.734871e+01   5.247938e+00
  1.127490e+00   8.912861e+01   5.257082e+00
  1.129480e+00   7.813737e+01   5.209402e+00
  1.131480e+00   7.563170e+01   5.169791e+00
  1.133480e+00   7.766211e+01   5.184108e+00
  1.135470e+00   7.217294e+01   5.196802e+00
  1.137470e+00   8.578428e+01   5.157791e+00
  1.139460e+00   8.129742e+01   5.187173e+00
  1.141460e+00   6.750129e+01   5.144974e+00
  1.143460e+00   8.078222e+01   5.187046e+00
  1.145450e+00   7.533454e+01   5.148696e+00
  1.147450e+00   8.688041e+01   5.124668e+00
  1.149440e+00   7.961005e+01   5.175039e+00
  1.151440e+00   7.737139e+01   5.095436e+00
  1.153440e+00   7.669510e+01   5.155255e+00
  1.155430e+00   7.981108e+01   5.065876e+00
  1.157430e+00   7.728557e+01   5.131629e+00
  1.159430e+00   7.951985e+01   5.113727e+00
  1.161420e+00   7.742912e+01   5.093902e+00
  1.163420e+00   7.009974e+01   5.143724e+00
  1.165410e+00   7.332500e+01   5.052534e+00
  1.167410e+00   7.104820e+01   5.095005e+00
  1.169410e+00   6.865052e+01   5.102314e+00
  1.171400e+00   7.028196e+01   5.063590e+00
  1.173400e+00   6.884304e+01   5.075716e+00
  1.175390e+00   6.960284e+01   5.033804e+00
  1.177390e+00   7.492680e+01   5.097397e+00
  1.179390e+00   6.570876e+01   5.023492e+00
  1.181380e+00   7.535000e+01   5.056871e+00
  1.183380e+00   7.436443e+01   5.095286e+00
  1.185370e+00   6.362706e+01   5.016219e+00
  1.187370e+00   7.297448e+01   5.061005e+00
  1.189370e+00   7.182861e+01   5.005876e+00
  1.191360e+00   7.319665e+01   5.022593e+00
  1.193360e+00   7.256057e+01   5.029549e+00
  1.195350e+00   6.335773e+01   5.006918e+00
  1.197350e+00   6.633119e+01   5.030155e+00
  1.199350e+00   7.025103e+01   5.005209e+00
  1.201340e+00   6.785361e+01   5.002683e+00
  1.203340e+00   7.123737e+01   5.003570e+00
  1.205330e+00   6.716675e+01   4.973799e+00
  1.207330e+00   6.869278e+01   5.004057e+00
  1.209330e+00   6.595851e+01   4.959716e+00
  1.211320e+00   6.724407e+01   4.999023e+00
  1.213320e+00   7.258582e+01   5.001168e+00
  1.215310e+00   6.776546e+01   4.963062e+00
  1.217310e+00   6.322371e+01   4.963711e+00
  1.219310e+00   7.273892e+01   4.952595e+00
  1.221300e+00   6.171160e+01   5.000183e+00
  1.223300e+00   6.522242e+01   4.923608e+00
  1.225290e+00   6.694948e+01   4.969500e+00
  1.227290e+00   5.559124e+01   4.919863e+00
  1.229290e+00   6.463428e+01   4.944631e+00
  1.231280e+00   6.958273e+01   4.943807e+00
  1.233280e+00   6.104665e+01   4.895387e+00
  1.235270e+00   6.976830e+01   4.938101e+00
  1.237270e+00   6.264871e+01   4.917428e+00
  1.239270e+00   7.199691e+01   4.931652e+00
  1.241260e+00   5.935747e+01   4.880232e+00
  1.243260e+00   6.280464e+01   4.917765e+00
  1.245250e+00   6.554485e+01   4.930005e+00
  1.247250e+00   6.446495e+01   4.868557e+00
  1.249250e+00   6.388041e+01   4.896897e+00
  1.251240e+00   6.356624e+01   4.902910e+00
  1.253240e+00   6.138428e+01   4.882802e+00
  1.255230e+00   6.689820e+01   4.926724e+00
  1.257230e+00   6.065902e+01   4.869015e+00
  1.259230e+00   5.857345e+01   4.893240e+00
  1.261220e+00   6.020825e+01   4.899729e+00
  1.263220e+00   6.409124e+01   4.891415e+00
  1.265210e+00   6.106031e+01   4.899508e+00
  1.267210e+00   5.701495e+01   4.857054e+00
  1.269210e+00   6.079716e+01   4.900673e+00
  1.271200e+00   6.290052e+01   4.866157e+00
  1.273200e+00   5.860335e+01   4.840276e+00
  1.275190e+00   5.763402e+01   4.832786e+00
  1.277190e+00   6.717113e+01   4.857649e+00
  1.279190e+00   5.604974e+01   4.886237e+00
  1.281180e+00   6.484794e+01   4.827265e+00
  1.283180e+00   5.410387e+01   4.820642e+00
  1.285170e+00   5.464510e+01   4.853314e+00
  1.287170e+00   6.070026e+01   4.850111e+00
  1.289170e+00   5.609149e+01   4.852655e+00
  1.291160e+00   6.705670e+01   4.830093e+00
  1.293160e+00   5.761830e+01   4.883624e+00
  1.295150e+00   6.020515e+01   4.838992e+00
  1.297150e+00   5.439820e+01   4.842165e+00
  1.299150e+00   4.935722e+01   4.778644e+00
  1.301140e+00   5.657397e+01   4.791706e+00
  1.303140e+00   5.008428e+01   4.811191e+00
  1.305130e+00   6.013969e+01   4.811786e+00
  1.307130e+00   5.394175e+01   4.819985e+00
  1.309130e+00   6.549253e+01   4.831088e+00
  1.311120e+00   5.616572e+01   4.797822e+00
  1.313120e+00   6.022861e+01   4.841853e+00
  1.315110e+00   4.930129e+01   4.733825e+00
  1.317110e+00   5.483247e+01   4.812428e+00
  1.319110e+00   6.068170e+01   4.748969e+00
  1.321100e+00   5.253505e+01   4.779144e+00
  1.323100e+00   5.801624e+01   4.780240e+00
  1.325090e+00   5.865412e+01   4.748621e+00
  1.327090e+00   5.624897e+01   4.794608e+00
  1.329090e+00   6.369330e+01   4.788840e+00
  1.331080e+00   5.200309e+01   4.764750e+00
  1.333080e+00   5.362294e+01   4.752595e+00
  1.335080e+00   5.609381e+01   4.753977e+00
  1.337070e+00   5.372629e+01   4.788144e+00
  1.339070e+00   5.617139e+01   4.744219e+00
  1.341060e+00   4.881933e+01   4.761621e+00
  1.343060e+00   5.197371e+01   4.741861e+00
  1.345060e+00   5.703840e+01   4.738763e+00
  1.347050e+00   5.451263e+01   4.769028e+00
  1.349050e+00   5.110954e+01   4.736358e+00
  1.351040e+00   5.213995e+01   4.735291e+00
  1.353040e+00   5.145412e+01   4.723781e+00
  1.355040e+00   4.742294e+01   4.750928e+00
  1.357030e+00   4.218814e+01   4.770077e+00
  1.359030e+00   4.755000e+01   4.736376e+00
  1.361020e+00   5.409871e+01   4.796438e+00
  1.363020e+00   5.907577e+01   4.747964e+00
  1.365020e+00   5.124330e+01   4.759031e+00
  1.367010e+00   4.582861e+01   4.710611e+00
  1.369010e+00   4.465851e+01   4.731113e+00
  1.371000e+00   4.663531e+01   4.755534e+00
  1.373000e+00   4.988119e+01   4.760064e+00
  1.375000e+00   5.642448e+01   4.786889e+00
  1.376990e+00   4.962603e+01   4.726090e+00
  1.378990e+00   4.536418e+01   4.744466e+00
  1.380980e+00   4.690851e+01   4.779918e+00
  1.382980e+00   4.020747e+01   4.709227e+00
  1.384980e+00   5.671005e+01   4.812595e+00
  1.386970e+00   5.389536e+01   4.732858e+00
  1.388970e+00   5.484046e+01   4.793987e+00
  1.390960e+00   4.630799e+01   4.769853e+00
  1.392960e+00   4.576701e+01   4.750008e+00
  1.394960e+00   4.528711e+01   4.784918e+00
  1.396950e+00   4.792010e+01   4.772193e+00
  1.398950e+00   4.467500e+01   4.776804e+00
  1.400940e+00   4.576108e+01   4.728059e+00
  1.402940e+00   4.776598e+01   4.777874e+00
  1.404940e+00   5.156907e+01   4.791845e+00
  1.406930e+00   4.460387e+01   4.794070e+00
  1.408930e+00   4.990335e+01   4.804183e+00
  1.410920e+00   4.867448e+01   4.745619e+00
  1.412920e+00   3.971211e+01   4.744930e+00
  1.414920e+00   5.559485e+01   4.806647e+00
  1.416910e+00   4.320747e+01   4.765812e+00
  1.418910e+00   4.370902e+01   4.791997e+00
  1.420900e+00   3.930206e+01   4.726670e+00
  1.422900e+00   3.882268e+01   4.764732e+00
  1.424900e+00   4.904588e+01   4.792013e+00
  1.426890e+00   4.654407e+01   4.757755e+00
  1.428890e+00   4.910155e+01   4.801943e+00
  1.430880e+00   3.936366e+01   4.739668e+00
  1.432880e+00   4.713892e+01   4.804438e+00
  1.434880e+00   5.348299e+01   4.752693e+00
  1.436870e+00   5.029665e+01   4.802273e+00
  1.438870e+00   4.308144e+01   4.777987e+00
  1.440860e+00   3.631289e+01   4.761990e+00
  1.442860e+00   4.323505e+01   4.793946e+00
  1.444860e+00   4.435438e+01   4.757750e+00
  1.446850e+00   4.371959e+01   4.783113e+00
  1.448850e+00   2.897088e+01   4.762737e+00
  1.450840e+00   4.488892e+01   4.743796e+00
  1.452840e+00   4.957345e+01   4.788381e+00
  1.454840e+00   4.497861e+01   4.748899e+00
  1.456830e+00   3.603969e+01   4.774466e+00
  1.458830e+00   4.403247e+01   4.766327e+00
  1.460820e+00   4.590851e+01   4.769552e+00
  1.462820e+00   4.946160e+01   4.781706e+00
  1.464820e+00   5.136082e+01   4.763817e+00
  1.466810e+00   3.698814e+01   4.802765e+00
  1.468810e+00   4.604613e+01   4.753436e+00
  1.470800e+00   5.013041e+01   4.793670e+00
  1.472800e+00   4.479485e+01   4.790760e+00
  1.474800e+00   3.953247e+01   4.759905e+00
  1.476790e+00   4.973969e+01   4.810735e+00
  1.478790e+00   4.323918e+01   4.752381e+00
  1.480780e+00   3.790412e+01   4.781175e+00
  1.482780e+00   4.099433e+01   4.758423e+00
  1.484780e+00   4.015232e+01   4.812031e+00
  1.486770e+00   4.448067e+01   4.869338e+00
  1.488770e+00   4.253737e+01   4.910320e+00
  1.490760e+00   4.150722e+01   4.967897e+00
  1.492760e+00   3.458660e+01   4.940964e+00
  1.494760e+00   4.298428e+01   4.989626e+00
  1.496750e+00   4.296057e+01   4.984232e+00
  1.498750e+00   2.716134e+01   5.021211e+00
  1.500740e+00   4.934510e+01   5.046343e+00
  1.502740e+00   3.889201e+01   5.065634e+00
  1.504740e+00   4.355722e+01   5.100964e+00
  1.506730e+00   2.874536e+01   5.077763e+00
  1.508730e+00   4.001418e+01   5.138116e+00
  1.510730e+00   4.534072e+01   5.147773e+00
  1.512720e+00   4.177655e+01   5.142804e+00
  1.514720e+00   3.486753e+01   5.183330e+00
  1.516710e+00   3.849665e+01   5.198575e+00
  1.518710e+00   3.711675e+01   5.197343e+00
  1.520710e+00   3.543376e+01   5.133933e+00
  1.522700e+00   4.198428e+01   5.087871e+00
  1.524700e+00   4.161366e+01   5.084546e+00
  1.526690e+00   3.334407e+01   5.029072e+00
  1.528690e+00   4.733711e+01   4.995820e+00
  1.530690e+00   4.344562e+01   4.986451e+00
  1.532680e+00   4.291727e+01   4.968711e+00
  1.534680e+00   3.347526e+01   4.995575e+00
  1.536670e+00   3.669330e+01   4.920173e+00
  1.538670e+00   4.530180e+01   4.981361e+00
  1.540670e+00   3.313428e+01   4.946077e+00
  1.542660e+00   3.584639e+01   4.901701e+00
  1.544660e+00   3.907165e+01   4.927044e+00
  1.546650e+00   3.674897e+01   4.908637e+00
  1.548650e+00   3.923789e+01   4.925567e+00
  1.550650e+00   3.249253e+01   4.878497e+00
  1.552640e+00   3.209124e+01   4.908851e+00
  1.554640e+00   2.594871e+01   4.875327e+00
  1.556630e+00   3.086160e+01   4.850688e+00
  1.558630e+00   3.313686e+01   4.896052e+00
  1.560630e+00   3.158067e+01   4.867106e+00
  1.562620e+00   3.759433e+01   4.889299e+00
  1.564620e+00   4.085052e+01   4.901490e+00
  1.566610e+00   3.667784e+01   4.912039e+00
  1.568610e+00   3.528634e+01   4.887696e+00
  1.570610e+00   2.442887e+01   4.800858e+00
  1.572600e+00   3.511830e+01   4.903892e+00
  1.574600e+00   3.638247e+01   4.865392e+00
  1.576590e+00   3.603196e+01   4.877696e+00
  1.578590e+00   3.222268e+01   4.882392e+00
  1.580590e+00   3.205387e+01   4.847379e+00
  1.582580e+00   3.450619e+01   4.889322e+00
  1.584580e+00   2.733814e+01   4.849588e+00
  1.586570e+00   3.637732e+01   4.852871e+00
  1.588570e+00   4.132526e+01   4.885268e+00
  1.590570e+00   3.359948e+01   4.830562e+00
  1.592560e+00   3.201134e+01   4.860397e+00
  1.594560e+00   3.141263e+01   4.810374e+00
  1.596550e+00   3.604149e+01   4.840214e+00
  1.598550e+00   3.348634e+01   4.816503e+00
  1.600550e+00   3.619588e+01   4.830807e+00
  1.602540e+00   3.152036e+01   4.849601e+00
  1.604540e+00   3.458737e+01   4.816518e+00
  1.606530e+00   2.827216e+01   4.827698e+00
  1.608530e+00   2.956881e+01   4.817595e+00
  1.610530e+00   3.162448e+01   4.814982e+00
  1.612520e+00   3.129510e+01   4.833992e+00
  1.614520e+00   2.806469e+01   4.830588e+00
  1.616510e+00   2.402371e+01   4.848075e+00
  1.618510e+00   3.741469e+01   4.795399e+00
  1.620510e+00   3.545387e+01   4.799580e+00
  1.622500e+00   2.773789e+01   4.767237e+00
  1.624500e+00   2.195180e+01   4.763995e+00
  1.626490e+00   3.259691e+01   4.813572e+00
  1.628490e+00   2.905077e+01   4.791214e+00
  1.630490e+00   2.586186e+01   4.791201e+00
  1.632480e+00   3.261263e+01   4.803817e+00
  1.634480e+00   3.817964e+01   4.850165e+00
  1.636470e+00   3.647887e+01   4.835265e+00
  1.638470e+00   2.832603e+01   4.793879e+00
  1.640470e+00   3.036031e+01   4.853536e+00
  1.642460e+00   3.147139e+01   4.825861e+00
  1.644460e+00   3.180258e+01   4.849335e+00
  1.646450e+00   3.723943e+01   4.886433e+00
  1.648450e+00   3.531778e+01   4.833567e+00
  1.650450e+00   2.664871e+01   4.859634e+00
  1.652440e+00   3.092320e+01   4.849410e+00
  1.654440e+00   3.653196e+01   4.885776e+00
  1.656430e+00   2.240747e+01   4.820835e+00
  1.658430e+00   3.075309e+01   4.856258e+00
  1.660430e+00   3.157577e+01   4.911784e+00
  1.662420e+00   3.139948e+01   4.882044e+00
  1.664420e+00   3.457191e+01   4.917964e+00
  1.666410e+00   2.490206e+01   4.857363e+00
  1.668410e+00   3.311701e+01   4.925039e+00
  1.670410e+00   2.468196e+01   4.892866e+00
  1.672400e+00   1.778943e+01   4.828137e+00
  1.674400e+00   2.803093e+01   4.912696e+00
  1.676390e+00   3.077448e+01   4.862296e+00
  1.678390e+00   2.899304e+01   4.923567e+00
  1.680390e+00   3.298196e+01   4.878691e+00
  1.682380e+00   3.225747e+01   4.907304e+00
  1.684380e+00   2.516314e+01   4.868214e+00
  1.686380e+00   3.742216e+01   4.898992e+00
  1.688370e+00   2.545026e+01   4.934381e+00
  1.690370e+00   3.530567e+01   4.919330e+00
  1.692360e+00   2.672577e+01   4.895005e+00
  1.694360e+00   1.966701e+01   4.914433e+00
  1.696360e+00   2.546649e+01   4.906861e+00
  1.698350e+00   2.619794e+01   4.933144e+00
  1.700350e+00   3.216340e+01   4.914273e+00
  1.702340e+00   3.043892e+01   4.957441e+00
  1.704340e+00   2.531289e+01   4.920840e+00
  1.706340e+00   3.272887e+01   4.925652e+00
  1.708330e+00   1.881546e+01   4.902188e+00
  1.710330e+00   2.166521e+01   4.882923e+00
  1.712320e+00   3.086289e+01   4.951286e+00
  1.714320e+00   2.654923e+01   4.912245e+00
  1.716320e+00   3.314356e+01   4.938735e+00
  1.718310e+00   2.549948e+01   4.915304e+00
  1.720310e+00   3.520309e+01   4.907869e+00
  1.722300e+00   2.013479e+01   4.931441e+00
  1.724300e+00   2.757474e+01   4.920052e+00
  1.726300e+00   3.167732e+01   4.936405e+00
  1.728290e+00   2.935541e+01   4.936399e+00
  1.730290e+00   1.801856e+01   4.887776e+00
  1.732280e+00   3.119304e+01   4.933832e+00
  1.734280e+00   2.303454e+01   4.855789e+00
  1.736280e+00   2.742784e+01   4.913381e+00
  1.738270e+00   2.720309e+01   4.890637e+00
  1.740270e+00   3.547603e+01   4.937235e+00
  1.742260e+00   2.947784e+01   4.907608e+00
  1.744260e+00   2.188969e+01   4.882639e+00
  1.746260e+00   3.129923e+01   4.907534e+00
  1.748250e+00   2.077036e+01   4.856369e+00
  1.750250e+00   1.888634e+01   4.871394e+00
  1.752240e+00   3.088428e+01   4.920206e+00
  1.754240e+00   2.707629e+01   4.882595e+00
  1.756240e+00   3.186340e+01   4.946441e+00
  1.758230e+00   2.832139e+01   4.882698e+00
  1.760230e+00   3.024381e+01   4.929557e+00
  1.762220e+00   2.311933e+01   4.906454e+00
  1.764220e+00   3.286675e+01   4.934281e+00
  1.766220e+00   1.913505e+01   4.881064e+00
  1.768210e+00   3.030361e+01   4.881479e+00
  1.770210e+00   3.395258e+01   4.951448e+00
  1.772200e+00   3.480954e+01   4.925848e+00
  1.774200e+00   2.246778e+01   4.899941e+00
  1.776200e+00   2.889304e+01   4.918513e+00
  1.778190e+00   1.986237e+01   4.896580e+00
  1.780190e+00   2.283247e+01   4.953619e+00
  1.782180e+00   3.442371e+01   4.875606e+00
  1.784180e+00   2.814588e+01   4.932887e+00
  1.786180e+00   2.844588e+01   4.932412e+00
  1.788170e+00   2.224948e+01   4.891611e+00
  1.790170e+00   2.704562e+01   4.964294e+00
  1.792160e+00   2.039046e+01   4.866611e+00
  1.794160e+00   2.509794e+01   4.946338e+00
  1.796160e+00   3.015206e+01   4.913397e+00
  1.798150e+00   2.659175e+01   4.942204e+00
  1.800150e+00   2.886211e+01   4.939840e+00
  1.802140e+00   2.097552e+01   4.911358e+00
  1.804140e+00   2.039845e+01   4.963559e+00
  1.806140e+00   2.121753e+01   4.893389e+00
  1.808130e+00   2.551753e+01   4.949363e+00
  1.810130e+00   3.096057e+01   4.962206e+00
  1.812120e+00   2.081340e+01   4.914057e+00
  1.814120e+00   2.421263e+01   4.951881e+00
  1.816120e+00   2.815876e+01   4.879010e+00
  1.818110e+00   2.582758e+01   4.926082e+00
  1.820110e+00   2.559433e+01   4.962209e+00
  1.822100e+00   2.674691e+01   4.940299e+00
  1.824100e+00   2.042861e+01   4.923041e+00
  1.826100e+00   1.134923e+01   4.918204e+00
  1.828090e+00   2.205412e+01   4.954711e+00
  1.830090e+00   2.092629e+01   4.934497e+00
  1.832080e+00   1.238170e+01   4.892956e+00
  1.834080e+00   1.592938e+01   4.942322e+00
  1.836080e+00   2.912294e+01   4.964003e+00
  1.838070e+00   1.889742e+01   4.968410e+00
  1.840070e+00   1.737113e+01   4.890448e+00
  1.842060e+00   2.222474e+01   4.949588e+00
  1.844060e+00   2.113119e+01   4.970356e+00
  1.846060e+00   1.767371e+01   4.904271e+00
  1.848050e+00   2.291778e+01   4.943892e+00
  1.850050e+00   2.567835e+01   4.898781e+00
  1.852040e+00   1.639433e+01   4.940686e+00
  1.854040e+00   1.384149e+01   4.933546e+00
  1.856040e+00   2.194072e+01   4.945510e+00
  1.858030e+00   2.792912e+01   4.943054e+00
  1.860030e+00   1.692268e+01   4.892611e+00
  1.862030e+00   2.174201e+01   4.968887e+00
  1.864020e+00   1.891572e+01   4.925549e+00
  1.866020e+00   2.226985e+01   4.914139e+00
  1.868010e+00   3.037809e+01   4.976098e+00
  1.870010e+00   2.305155e+01   4.935222e+00
  1.872010e+00   2.514588e+01   5.028513e+00
  1.874000e+00   2.405464e+01   4.945111e+00
  1.876000e+00   1.265747e+01   4.932072e+00
  1.877990e+00   1.775180e+01   4.939232e+00
  1.879990e+00   1.959304e+01   4.960399e+00
  1.881990e+00   1.779175e+01   4.946116e+00
  1.883980e+00   1.759407e+01   4.933763e+00
  1.885980e+00   2.436211e+01   4.994485e+00
  1.887970e+00   1.966546e+01   4.953134e+00
  1.889970e+00   2.182577e+01   5.010722e+00
  1.891970e+00   1.582423e+01   4.941959e+00
  1.893960e+00   1.793789e+01   4.935034e+00
  1.895960e+00   2.224046e+01   4.998157e+00
  1.897950e+00   2.911881e+01   4.962317e+00
  1.899950e+00   1.591340e+01   4.937593e+00
  1.901950e+00   2.566366e+01   4.989863e+00
  1.903940e+00   2.171134e+01   4.958018e+00
  1.905940e+00   1.212577e+01   4.967675e+00
  1.907930e+00   1.329691e+01   4.952201e+00
  1.909930e+00   1.095825e+01   5.054505e+00
  1.911930e+00   2.097861e+01   5.156245e+00
  1.913920e+00   2.006881e+01   5.211418e+00
  1.915920e+00   2.400902e+01   5.306273e+00
  1.917910e+00   2.169948e+01   5.267446e+00
  1.919910e+00   1.278479e+01   5.325188e+00
  1.921910e+00   1.783660e+01   5.344082e+00
  1.923900e+00   2.171933e+01   5.383399e+00
  1.925900e+00   1.536005e+01   5.444389e+00
  1.927890e+00   1.953505e+01   5.406008e+00
  1.929890e+00   1.391546e+01   5.476363e+00
  1.931890e+00   1.011778e+01   5.455124e+00
  1.933880e+00   1.690232e+01   5.501907e+00
  1.935880e+00   1.726418e+01   5.565918e+00
  1.937870e+00   1.531289e+01   5.588356e+00
  1.939870e+00   1.793144e+01   5.599729e+00
  1.941870e+00   1.259536e+01   5.528376e+00
  1.943860e+00   1.900052e+01   5.487593e+00
  1.945860e+00   2.071443e+01   5.406405e+00
  1.947850e+00   2.599691e+01   5.378557e+00
  1.949850e+00   1.757242e+01   5.361773e+00
  1.951850e+00   1.059381e+01   5.225387e+00
  1.953840e+00   2.467397e+01   5.290309e+00
  1.955840e+00   1.927964e+01   5.262255e+00
  1.957830e+00   1.757732e+01   5.266418e+00
  1.959830e+00   2.769820e+01   5.248469e+00
  1.961830e+00   1.747113e+01   5.200990e+00
  1.963820e+00   2.461314e+01   5.258381e+00
  1.965820e+00   2.070644e+01   5.221928e+00
  1.967810e+00   2.102113e+01   5.208461e+00
  1.969810e+00   1.990438e+01   5.184144e+00
  1.971810e+00   1.515335e+01   5.172719e+00
  1.973800e+00   1.253918e+01   5.194979e+00
  1.975800e+00   1.767165e+01   5.138389e+00
  1.977790e+00   1.770387e+01   5.194660e+00
  1.979790e+00   1.741057e+01   5.191147e+00
  1.981790e+00   2.144253e+01   5.181381e+00
  1.983780e+00   2.459407e+01   5.223946e+00
  1.985780e+00   3.081701e+01   5.157714e+00
  1.987770e+00   1.188737e+01   5.157974e+00
  1.989770e+00   5.622938e+00   5.127807e+00
  1.991770e+00   2.128196e+01   5.169376e+00
  1.993760e+00   2.120361e+01   5.158003e+00
  1.995760e+00   1.611005e+01   5.140923e+00
  1.997750e+00   2.278170e+01   5.223170e+00
  1.999750e+00   2.169407e+01   5.112265e+00
  2.001750e+00   1.174923e+01   5.125613e+00
  2.003740e+00   1.860335e+01   5.124853e+00
  2.005740e+00   1.666753e+01   5.155678e+00
  2.007730e+00   1.525670e+01   5.176309e+00
  2.009730e+00   1.589433e+01   5.079714e+00
  2.011730e+00   2.226753e+01   5.106044e+00
  2.013720e+00   1.890747e+01   5.093232e+00
  2.015720e+00   1.707629e+01   5.118461e+00
  2.017710e+00   1.444665e+01   5.109735e+00
  2.019710e+00   1.921340e+01   5.058000e+00
  2.021710e+00   1.224639e+01   5.073175e+00
  2.023700e+00   2.107809e+01   5.060443e+00
  2.025700e+00   2.897809e+01   5.122405e+00
  2.027690e+00   2.616572e+01   5.083915e+00
  2.029690e+00   1.596289e+01   5.061567e+00
  2.031690e+00   1.373015e+01   5.103686e+00
  2.033680e+00   1.868737e+01   5.039946e+00
  2.035680e+00   2.261366e+01   5.089933e+00
  2.037680e+00   2.121907e+01   5.060843e+00
  2.039670e+00   2.020696e+01   5.087023e+00
  2.041670e+00   2.264072e+01   5.103353e+00
  2.043660e+00   1.576933e+01   5.044379e+00
  2.045660e+00   2.533995e+01   5.086126e+00
  2.047660e+00   2.106263e+01   5.094472e+00
  2.049650e+00   2.155954e+01   5.110356e+00
  2.051650e+00   3.309459e+01   5.106003e+00
  2.053640e+00   1.126134e+01   5.056889e+00
  2.055640e+00   1.238402e+01   5.106905e+00
  2.057640e+00   1.890490e+01   5.072536e+00
  2.059630e+00   1.836598e+01   5.036881e+00
  2.061630e+00   1.680619e+01   5.040036e+00
  2.063620e+00   1.734407e+01   5.057302e+00
  2.065620e+00   1.664459e+01   5.094088e+00
  2.067620e+00   1.056495e+01   5.025080e+00
  2.069610e+00   8.256443e+00   5.033879e+00
  2.071610e+00   2.117964e+01   5.056381e+00
  2.073600e+00   2.012191e+01   5.094660e+00
  2.075600e+00   1.895541e+01   5.050546e+00
  2.077600e+00   2.343170e+01   5.051954e+00
  2.079590e+00   1.734923e+01   5.084281e+00
  2.081590e+00   1.553634e+01   5.045052e+00
  2.083580e+00   2.823351e+01   5.088322e+00
  2.085580e+00   2.027191e+01   5.067469e+00
  2.087580e+00   1.821624e+01   5.039235e+00
  2.089570e+00   1.411418e+01   5.058709e+00
  2.091570e+00   2.134974e+01   5.043660e+00
  2.093560e+00   1.910464e+01   5.071521e+00
  2.095560e+00   1.934253e+01   5.042678e+00
  2.097560e+00   1.973428e+01   5.060910e+00
  2.099550e+00   1.151314e+01   5.062477e+00
  2.101550e+00   1.294098e+01   5.073716e+00
  2.103540e+00   1.273144e+01   5.027753e+00
  2.105540e+00   2.435851e+01   5.061430e+00
  2.107540e+00   1.906495e+01   5.108418e+00
  2.109530e+00   2.386804e+01   5.072760e+00
  2.111530e+00   1.722320e+01   5.060905e+00
  2.113520e+00   1.271418e+01   5.004513e+00
  2.115520e+00   2.020490e+01   5.050289e+00
  2.117520e+00   5.662887e+00   5.019845e+00
  2.119510e+00   4.579124e+00   5.023683e+00
  2.121510e+00   1.814407e+01   5.021338e+00
  2.123500e+00   1.913686e+01   5.018995e+00
  2.125500e+00   6.489948e+00   5.003613e+00
  2.127500e+00   1.409588e+01   5.046802e+00
  2.129490e+00   1.307784e+01   5.008616e+00
  2.131490e+00   2.456443e+01   5.080691e+00
  2.133480e+00   1.319021e+01   5.019466e+00
  2.135480e+00   1.716366e+01   5.046500e+00
  2.137480e+00   9.560567e+00   5.021495e+00
  2.139470e+00   1.564098e+01   5.058985e+00
  2.141470e+00   2.247371e+01   5.054531e+00
  2.143460e+00   1.771985e+01   5.048668e+00
  2.145460e+00   1.994149e+01   5.073680e+00
  2.147460e+00   1.754072e+01   5.064482e+00
  2.149450e+00   1.276495e+01   5.025345e+00
  2.151450e+00   9.222423e+00   5.053683e+00
  2.153440e+00   1.330619e+01   5.037441e+00
  2.155440e+00   1.685412e+01   5.051902e+00
  2.157440e+00   1.555129e+01   5.032549e+00
  2.159430e+00   1.948531e+01   5.076379e+00
  2.161430e+00   1.884716e+01   5.057443e+00
  2.163420e+00   1.807268e+01   5.008621e+00
  2.165420e+00   1.448531e+01   5.062255e+00
  2.167420e+00   9.162887e+00   5.009933e+00
  2.169410e+00   1.944923e+01   5.089768e+00
  2.171410e+00   1.656469e+01   5.088590e+00
  2.173400e+00   2.340644e+01   5.016562e+00
  2.175400e+00   1.897758e+01   5.063224e+00
  2.177400e+00   1.579459e+01   4.989840e+00
  2.179390e+00   1.284046e+01   5.025067e+00
  2.181390e+00   2.328866e+01   5.076755e+00
  2.183380e+00   1.689098e+01   5.032881e+00
  2.185380e+00   2.046289e+01   5.091338e+00
  2.187380e+00   2.185747e+01   5.003335e+00
  2.189370e+00   7.633763e+00   5.034814e+00
  2.191370e+00   1.590954e+01   5.048905e+00
  2.193360e+00   1.854794e+01   5.029582e+00
  2.195360e+00   1.567088e+01   5.079034e+00
  2.197360e+00   6.611082e+00   4.958216e+00
  2.199350e+00   1.718119e+01   5.053642e+00
  2.201350e+00   1.915670e+01   5.011402e+00
  2.203350e+00   1.440696e+01   5.011513e+00
  2.205340e+00   1.281134e+01   5.005216e+00
  2.207340e+00   2.089948e+01   5.010634e+00
  2.209330e+00   1.380180e+01   5.009729e+00
  2.211330e+00   1.690412e+01   4.982273e+00
  2.213330e+00   1.661521e+01   4.989673e+00
  2.215320e+00   1.154381e+01   5.029253e+00
  2.217320e+00   1.518789e+01   4.984546e+00
  2.219310e+00   1.601495e+01   5.009526e+00
  2.221310e+00   2.057680e+01   4.977881e+00
  2.223310e+00   1.017552e+01   4.945144e+00
  2.225300e+00   2.789974e+01   5.026990e+00
  2.227300e+00   1.764381e+01   5.020771e+00
  2.229290e+00   1.791881e+01   5.020028e+00
  2.231290e+00   1.289871e+01   4.949858e+00
  2.233290e+00   1.516031e+01   5.023709e+00
  2.235280e+00   1.661830e+01   4.991356e+00
  2.237280e+00   1.192010e+01   4.957036e+00
  2.239270e+00   3.719845e+00   4.957129e+00
  2.241270e+00   8.305155e+00   4.970936e+00
  2.243270e+00   2.131443e+01   5.062157e+00
  2.245260e+00   1.367242e+01   4.992466e+00
  2.247260e+00   1.995258e+01   4.991956e+00
  2.249250e+00   8.204639e+00   4.955338e+00
  2.251250e+00   2.280902e+01   5.031402e+00
  2.253250e+00   1.849149e+01   5.018495e+00
  2.255240e+00   1.264716e+01   4.967925e+00
  2.257240e+00   1.740335e+01   4.997425e+00
  2.259230e+00   1.023634e+01   4.938776e+00
  2.261230e+00   1.185026e+01   5.020861e+00
  2.263230e+00   1.225902e+01   4.974410e+00
  2.265220e+00   1.032294e+01   4.964485e+00
  2.267220e+00   7.467268e+00   4.991905e+00
  2.269210e+00   1.624510e+01   4.986691e+00
  2.271210e+00   1.268325e+01   4.975193e+00
  2.273210e+00   1.281701e+01   4.972448e+00
  2.275200e+00   1.051856e+01   4.990155e+00
  2.277200e+00   9.444330e+00   5.007765e+00
  2.279190e+00   1.255644e+01   4.956964e+00
  2.281190e+00   1.987139e+01   4.975990e+00
  2.283190e+00   1.330438e+01   4.990214e+00
  2.285180e+00   2.139046e+01   4.997531e+00
  2.287180e+00   8.264691e+00   4.957330e+00
  2.289170e+00   1.885438e+01   4.963304e+00
  2.291170e+00   1.857603e+01   4.991786e+00
  2.293170e+00   8.467268e+00   4.951085e+00
  2.295160e+00   1.495335e+01   5.002660e+00
  2.297160e+00   1.328969e+01   4.981232e+00
  2.299150e+00   1.393479e+01   4.956175e+00
  2.301150e+00   9.102062e+00   4.978639e+00
  2.303150e+00   7.620361e+00   4.991966e+00
  2.305140e+00   1.116443e+01   4.970938e+00
  2.307140e+00   1.960979e+01   4.969804e+00
  2.309130e+00   1.801160e+01   5.001784e+00
  2.311130e+00   1.334072e+01   4.996899e+00
  2.313130e+00   8.750258e+00   4.982528e+00
  2.315120e+00   1.241933e+01   4.986039e+00
  2.317120e+00   1.418325e+01   5.003240e+00
  2.319110e+00   9.926546e+00   4.974175e+00
  2.321110e+00   1.912680e+01   4.982183e+00
  2.323110e+00   1.361314e+01   4.972616e+00
  2.325100e+00   2.014794e+01   4.981376e+00
  2.327100e+00   1.446521e+01   4.992026e+00
  2.329090e+00   2.119227e+01   4.989008e+00
  2.331090e+00   1.307680e+01   5.003003e+00
  2.333090e+00   1.092680e+01   5.112474e+00
  2.335080e+00   3.853093e+00   5.157598e+00
  2.337080e+00   1.057474e+01   5.248719e+00
  2.339070e+00   5.646134e+00   5.292601e+00
  2.341070e+00   1.901392e+01   5.338057e+00
  2.343070e+00  -1.061598e+00   5.384894e+00
  2.345060e+00   1.600515e+01   5.444064e+00
  2.347060e+00   1.418273e+01   5.458879e+00
  2.349050e+00   2.258247e+01   5.461840e+00
  2.351050e+00   1.455026e+01   5.517325e+00
  2.353050e+00   1.629304e+01   5.535356e+00
  2.355040e+00   1.183660e+01   5.563461e+00
  2.357040e+00   1.605052e+01   5.627286e+00
  2.359030e+00   2.472629e+01   5.658394e+00
  2.361030e+00   1.828840e+01   5.648683e+00
  2.363030e+00   2.070954e+01   5.709103e+00
  2.365020e+00   2.209665e+01   5.723456e+00
  2.367020e+00   2.074433e+01   5.599941e+00
  2.369010e+00   1.338582e+01   5.501214e+00
  2.371010e+00   7.107990e+00   5.394209e+00
  2.373010e+00   1.655619e+01   5.382722e+00
  2.375000e+00   7.101031e+00   5.322186e+00
  2.377000e+00   1.065567e+01   5.346075e+00
  2.379000e+00   2.015541e+01   5.386072e+00
  2.380990e+00   1.128505e+01   5.291046e+00
  2.382990e+00   8.281959e+00   5.253005e+00
  2.384980e+00   2.110052e+01   5.296312e+00
  2.386980e+00   5.199227e+00   5.249856e+00
  2.388980e+00   1.304716e+01   5.248312e+00
  2.390970e+00   7.984021e+00   5.234137e+00
  2.392970e+00   1.056778e+01   5.261356e+00
  2.394960e+00   1.247912e+01   5.230497e+00
  2.396960e+00   5.059021e+00   5.235155e+00
  2.398960e+00   1.252809e+01   5.224936e+00
  2.400950e+00   4.246134e+00   5.181747e+00
  2.402950e+00   1.650180e+01   5.236492e+00
  2.404940e+00   1.395851e+01   5.255384e+00
  2.406940e+00   1.387758e+01   5.157727e+00
  2.408940e+00   1.775309e+01   5.224711e+00
  2.410930e+00   1.208763e+01   5.234902e+00
  2.412930e+00   1.640928e+01   5.194371e+00
  2.414920e+00   1.234665e+01   5.183564e+00
  2.416920e+00   2.204433e+01   5.202776e+00
  2.418920e+00   1.222474e+01   5.181183e+00
  2.420910e+00   8.214175e+00   5.137469e+00
  2.422910e+00   1.495232e+01   5.150961e+00
  2.424900e+00   1.112036e+01   5.162441e+00
  2.426900e+00   9.835567e+00   5.147825e+00
  2.428900e+00   2.315979e+00   5.158281e+00
  2.430890e+00   1.674278e+01   5.140085e+00
  2.432890e+00   2.127938e+01   5.158152e+00
  2.434880e+00   1.622680e+01   5.115856e+00
  2.436880e+00   9.980670e+00   5.160108e+00
  2.438880e+00   1.237448e+01   5.165802e+00
  2.440870e+00   2.818557e+00   5.083918e+00
  2.442870e+00   1.571186e+01   5.162204e+00
  2.444860e+00   6.267526e+00   5.130814e+00
  2.446860e+00   8.926804e+00   5.102668e+00
  2.448860e+00   1.165619e+01   5.132067e+00
  2.450850e+00   1.666572e+01   5.126425e+00
  2.452850e+00   4.093814e+00   5.134394e+00
  2.454840e+00   1.094974e+01   5.136348e+00
  2.456840e+00   6.733763e+00   5.156637e+00
  2.458840e+00   1.054046e+01   5.082778e+00
  2.460830e+00   1.220825e+01   5.097977e+00
  2.462830e+00   1.775515e+01   5.143974e+00
  2.464820e+00   1.481804e+01   5.086304e+00
  2.466820e+00   7.918557e+00   5.110005e+00
  2.468820e+00  -2.448196e+00   5.093384e+00
  2.470810e+00   9.859536e+00   5.107799e+00
  2.472810e+00   4.590979e+00   5.130869e+00
  2.474800e+00   1.313582e+01   5.093879e+00
  2.476800e+00   3.414948e+00   5.087423e+00
  2.478800e+00   7.981186e+00   5.096198e+00
  2.480790e+00   8.754381e+00   5.101943e+00
  2.482790e+00   8.370361e+00   5.114500e+00
  2.484780e+00   1.763789e+01   5.088796e+00
  2.486780e+00   1.170515e+01   5.098856e+00
  2.488780e+00   4.252062e+00   5.093379e+00
  2.490770e+00   1.273273e+01   5.121546e+00
  2.492770e+00   1.212010e+01   5.044760e+00
  2.494760e+00   6.762113e+00   5.051608e+00
  2.496760e+00   1.572912e+01   5.088706e+00
  2.498760e+00   1.961186e+01   5.108521e+00
  2.500750e+00   1.026495e+01   5.059072e+00
  2.502750e+00   1.433325e+01   5.088165e+00
  2.504740e+00   1.250670e+01   5.097523e+00
  2.506740e+00   8.841495e+00   5.055477e+00
  2.508740e+00   3.764948e+00   4.996856e+00
  2.510730e+00   1.265799e+01   5.061791e+00
  2.512730e+00   1.841289e+01   5.053332e+00
  2.514720e+00   9.657732e+00   5.048000e+00
  2.516720e+00   1.339948e+01   5.033899e+00
  2.518720e+00   1.569485e+01   5.040807e+00
  2.520710e+00   1.314304e+01   5.036399e+00
  2.522710e+00   5.680928e+00   5.046897e+00
  2.524700e+00   8.509278e+00   5.039822e+00
  2.526700e+00   1.172320e+01   5.028366e+00
  2.528700e+00   1.110567e+01   5.034168e+00
  2.530690e+00   9.528866e+00   5.024961e+00
  2.532690e+00   9.561340e+00   5.022124e+00
  2.534680e+00   1.377835e+00   5.004474e+00
  2.536680e+00   1.305567e+01   5.036982e+00
  2.538680e+00   1.493660e+01   5.036296e+00
  2.540670e+00   1.083325e+01   5.010683e+00
  2.542670e+00   2.076392e+01   5.065923e+00
  2.544660e+00   8.805155e+00   4.990381e+00
  2.546660e+00   5.643557e+00   5.004412e+00
  2.548660e+00   4.092010e+00   5.033371e+00
  2.550650e+00   2.004691e+01   5.048026e+00
  2.552650e+00   8.589433e+00   4.996204e+00
  2.554650e+00   4.198454e+00   5.014791e+00
  2.556640e+00   1.009330e+01   4.996492e+00
  2.558640e+00   1.851495e+01   5.043714e+00
  2.560630e+00   2.059356e+01   5.014871e+00
  2.562630e+00   8.350000e+00   5.023211e+00
  2.564630e+00   6.701804e+00   5.024745e+00
  2.566620e+00   1.073608e+01   4.975402e+00
  2.568620e+00   1.391804e+01   4.998070e+00
  2.570610e+00  -5.458763e-01   4.997448e+00
  2.572610e+00   1.609639e+01   5.023848e+00
  2.574610e+00   4.304381e+00   5.024763e+00
  2.576600e+00   7.191753e+00   5.007041e+00
  2.578600e+00   1.171727e+01   5.012436e+00
  2.580590e+00   1.151830e+01   5.032358e+00
  2.582590e+00   1.359098e+01   5.022013e+00
  2.584590e+00   7.675515e+00   5.003273e+00
  2.586580e+00   1.569201e+01   5.042771e+00
  2.588580e+00   1.280851e+01   5.031531e+00
  2.590570e+00   1.323428e+01   5.041789e+00
  2.592570e+00   5.062113e+00   4.996925e+00
  2.594570e+00   1.375490e+01   4.997039e+00
  2.596560e+00   9.978093e+00   4.969657e+00
  2.598560e+00   1.024742e+01   5.033820e+00
  2.600550e+00   1.437088e+01   5.011603e+00
  2.602550e+00   1.571443e+01   5.050402e+00
  2.604550e+00   5.689433e+00   4.999160e+00
  2.606540e+00   2.025979e+01   5.046041e+00
  2.608540e+00   2.293041e+01   5.038577e+00
  2.610530e+00   1.619381e+01   5.028884e+00
  2.612530e+00   9.726804e+00   5.007773e+00
  2.614530e+00   1.067732e+01   5.020095e+00
  2.616520e+00   8.634794e+00   5.027830e+00
  2.618520e+00   1.353325e+01   5.028500e+00
  2.620510e+00   1.472629e+01   5.016265e+00
  2.622510e+00   1.464536e+01   4.979668e+00
  2.624510e+00   1.608299e+01   5.029660e+00
  2.626500e+00   1.343428e+01   5.009750e+00
  2.628500e+00   6.235567e+00   5.005683e+00
  2.630490e+00   1.229948e+01   4.977260e+00
  2.632490e+00   8.844330e+00   5.005242e+00
  2.634490e+00   1.695438e+01   5.015232e+00
  2.636480e+00   1.099201e+01   4.969322e+00
  2.638480e+00   7.702062e+00   4.978680e+00
  2.640470e+00   4.350773e+00   4.982399e+00
  2.642470e+00   1.537036e+01   4.999466e+00
  2.644470e+00   1.287036e+01   4.992889e+00
  2.646460e+00   1.263351e+01   4.995634e+00
  2.648460e+00   9.107732e+00   4.974518e+00
  2.650450e+00   1.302345e+01   5.010490e+00
  2.652450e+00   1.046649e+01   4.986704e+00
  2.654450e+00   1.671624e+01   5.050804e+00
  2.656440e+00   1.990258e+01   4.990204e+00
  2.658440e+00   1.595258e+01   5.007237e+00
  2.660430e+00   9.721649e+00   4.964559e+00
  2.662430e+00   1.986314e+01   4.984165e+00
  2.664430e+00   1.025722e+01   5.009394e+00
  2.666420e+00   5.079639e+00   4.986521e+00
  2.668420e+00   1.871108e+01   5.016835e+00
  2.670410e+00   1.024948e+01   4.960523e+00
  2.672410e+00   1.218660e+01   5.000247e+00
  2.674410e+00   1.214794e+01   5.019910e+00
  2.676400e+00   1.289948e+00   4.966812e+00
  2.678400e+00   1.193170e+01   5.004789e+00
  2.680390e+00   7.030928e+00   4.997451e+00
  2.682390e+00   8.181443e+00   4.994363e+00
  2.684390e+00   1.264407e+01   5.007216e+00
  2.686380e+00   1.127371e+01   4.964131e+00
  2.688380e+00   1.387835e+01   5.007008e+00
  2.690370e+00   4.877062e+00   4.973613e+00
  2.692370e+00   1.424820e+01   4.982191e+00
  2.694370e+00   1.302577e+01   4.954180e+00
  2.696360e+00   9.829897e+00   4.959680e+00
  2.698360e+00   1.925129e+01   5.010193e+00
  2.700350e+00   9.198454e+00   5.002410e+00
  2.702350e+00   1.078505e+01   4.945691e+00
  2.704350e+00  -2.726031e+00   4.906652e+00
  2.706340e+00   6.922938e+00   4.962204e+00
  2.708340e+00   1.502242e+01   4.994057e+00
  2.710330e+00   1.994021e+01   4.967567e+00
  2.712330e+00   1.052732e+01   4.941088e+00
  2.714330e+00   8.678866e+00   4.921214e+00
  2.716320e+00   9.613402e+00   4.932082e+00
  2.718320e+00   5.370361e+00   4.928799e+00
  2.720310e+00   3.901804e+00   4.916358e+00
  2.722310e+00   8.484278e+00   4.911575e+00
  2.724310e+00   1.562732e+01   4.944351e+00
  2.726300e+00   1.453686e+01   4.962363e+00
  2.728300e+00   1.127526e+01   4.872438e+00
  2.730300e+00   1.109974e+01   4.920518e+00
  2.732290e+00   7.904897e+00   4.927704e+00
  2.734290e+00   9.884278e+00   4.965776e+00
  2.736280e+00   1.502088e+01   4.942969e+00
  2.738280e+00   1.424948e+01   4.902995e+00
  2.740280e+00   7.635309e+00   4.930570e+00
  2.742270e+00   1.004278e+01   4.921817e+00
  2.744270e+00   1.140412e+01   4.905825e+00
  2.746260e+00   1.694124e+01   4.961204e+00
  2.748260e+00   7.971392e+00   4.927044e+00
  2.750260e+00   1.605670e-01   4.895209e+00
  2.752250e+00   1.065954e+01   4.945812e+00
  2.754250e+00   2.275026e+01   4.982160e+00
  2.756240e+00   9.423454e+00   5.099616e+00
  2.758240e+00   7.919330e+00   5.154647e+00
  2.760240e+00   6.698711e+00   5.245755e+00
  2.762230e+00   9.239433e+00   5.258585e+00
  2.764230e+00   1.647448e+01   5.376665e+00
  2.766220e+00   1.302088e+01   5.398018e+00
  2.768220e+00   1.007216e+01   5.458515e+00
  2.770220e+00   1.501108e+01   5.491041e+00
  2.772210e+00   8.833505e+00   5.532443e+00
  2.774210e+00   6.675773e+00   5.581253e+00
  2.776200e+00   4.178351e+00   5.650652e+00
  2.778200e+00   9.026546e+00   5.661637e+00
  2.780200e+00   1.327448e+01   5.630095e+00
  2.782190e+00  -3.875515e+00   5.702307e+00
  2.784190e+00   1.929820e+01   5.770443e+00
  2.786180e+00   1.548093e+01   5.804057e+00
  2.788180e+00   1.427062e+00   5.741469e+00
  2.790180e+00   2.054253e+01   5.645451e+00
  2.792170e+00   1.729381e+01   5.581049e+00
  2.794170e+00   1.964459e+01   5.500521e+00
  2.796160e+00   1.354510e+01   5.428477e+00
  2.798160e+00   2.001572e+01   5.458657e+00
  2.800160e+00   1.619588e+01   5.425240e+00
  2.802150e+00   7.265722e+00   5.365186e+00
  2.804150e+00   2.111005e+01   5.340353e+00
  2.806140e+00   2.392345e+01   5.330528e+00
  2.808140e+00   1.195052e+01   5.321897e+00
  2.810140e+00   2.064407e+01   5.387371e+00
  2.812130e+00   1.080567e+01   5.309686e+00
  2.814130e+00   4.050000e+00   5.252539e+00
  2.816120e+00   1.029459e+01   5.258229e+00
  2.818120e+00   1.284459e+01   5.301899e+00
  2.820120e+00   3.490206e+00   5.253925e+00
  2.822110e+00   1.698737e+01   5.262678e+00
  2.824110e+00   1.279691e+01   5.256629e+00
  2.826100e+00   1.248196e+01   5.212961e+00
  2.828100e+00   2.420902e+01   5.265497e+00
  2.830100e+00   1.285515e+01   5.220356e+00
  2.832090e+00   4.802577e+00   5.184286e+00
  2.834090e+00   1.251675e+01   5.203577e+00
  2.836080e+00   7.119330e+00   5.200541e+00
  2.838080e+00   3.732732e+00   5.146794e+00
  2.840080e+00   1.917320e+01   5.167178e+00
  2.842070e+00   7.669588e+00   5.161242e+00
  2.844070e+00   1.651856e+01   5.194186e+00
  2.846060e+00   3.272680e+00   5.124539e+00
  2.848060e+00   1.284768e+01   5.138394e+00
  2.850060e+00  -1.920103e-01   5.095750e+00
  2.852050e+00   1.518943e+01   5.145918e+00
  2.854050e+00   8.807732e+00   5.096601e+00
  2.856040e+00   9.558505e+00   5.084137e+00
  2.858040e+00   1.419948e+01   5.122668e+00
  2.860040e+00   1.237552e+01   5.103144e+00
  2.862030e+00   5.219072e+00   5.091325e+00
  2.864030e+00   1.389407e+01   5.059634e+00
  2.866020e+00   1.192577e+01   5.104652e+00
  2.868020e+00   1.845619e+00   5.118418e+00
  2.870020e+00   1.408299e+01   5.150134e+00
  2.872010e+00   8.351546e+00   5.081814e+00
  2.874010e+00   1.405438e+01   5.075660e+00
  2.876000e+00   4.129639e+00   5.074392e+00
  2.878000e+00   1.178737e+01   5.138500e+00
  2.880000e+00   9.376289e+00   5.071892e+00
  2.881990e+00   2.006753e+01   5.120206e+00
  2.883990e+00   5.710309e+00   5.085260e+00
  2.885980e+00   1.083247e+01   5.085814e+00
  2.887980e+00   1.581314e+01   5.099974e+00
  2.889980e+00   1.718428e+01   5.090242e+00
  2.891970e+00   7.762887e+00   5.057567e+00
  2.893970e+00   1.591495e+01   5.115647e+00
  2.895960e+00   1.742320e+01   5.074716e+00
  2.897960e+00   7.303866e+00   5.054492e+00
  2.899960e+00   1.320722e+01   5.057139e+00
  2.901950e+00   1.261856e+01   5.058286e+00
  2.903950e+00   1.411701e+01   5.085268e+00
  2.905950e+00   1.004691e+01   5.043366e+00
  2.907940e+00   1.037345e+01   5.053410e+00
  2.909940e+00  -1.891753e-01   5.015716e+00
  2.911930e+00   1.055052e+01   5.083559e+00
  2.913930e+00   1.530412e+01   5.026374e+00
  2.915930e+00   6.473196e+00   5.015791e+00
  2.917920e+00   1.170876e+00   5.045546e+00
  2.919920e+00   5.735567e+00   5.025588e+00
  2.921910e+00   9.487113e+00   5.034505e+00
  2.923910e+00   1.336082e+01   5.052106e+00
  2.925910e+00   8.674227e+00   5.049995e+00
  2.927900e+00   1.173943e+01   5.071407e+00
  2.929900e+00   9.384021e+00   5.007943e+00
  2.931890e+00   6.266237e+00   5.007206e+00
  2.933890e+00   4.843041e+00   4.997188e+00
  2.935890e+00   1.661082e+01   5.040281e+00
  2.937880e+00   1.150902e+01   5.060601e+00
  2.939880e+00   7.848711e+00   5.009345e+00
  2.941870e+00   1.290284e+01   5.035588e+00
  2.943870e+00   1.023814e+01   5.032866e+00
  2.945870e+00   3.184794e+00   5.051142e+00
  2.947860e+00   9.776031e+00   4.990719e+00
  2.949860e+00   8.715722e+00   4.962974e+00
  2.951850e+00   6.462887e+00   5.010023e+00
  2.953850e+00   9.749742e+00   5.019557e+00
  2.955850e+00   6.319845e+00   4.985332e+00
  2.957840e+00   8.306186e+00   5.008111e+00
  2.959840e+00   1.000129e+01   5.017227e+00
  2.961830e+00   2.157216e+01   5.081497e+00
  2.963830e+00   6.524485e+00   4.992216e+00
  2.965830e+00   1.006237e+01   4.973327e+00
  2.967820e+00   1.172835e+01   4.995374e+00
  2.969820e+00  -1.661082e+00   5.014129e+00
  2.971810e+00   7.799227e+00   5.029057e+00
  2.973810e+00   9.741237e+00   4.982549e+00
  2.975810e+00   5.374485e+00   4.998789e+00
  2.977800e+00   1.071443e+01   5.000198e+00
  2.979800e+00   1.706933e+01   5.033379e+00
  2.981790e+00   1.346186e+01   5.031332e+00
  2.983790e+00   1.212809e+01   5.048503e+00
  2.985790e+00   9.105412e+00   4.995755e+00
  2.987780e+00   6.456701e+00   4.990613e+00
  2.989780e+00   5.916753e+00   4.988652e+00
  2.991770e+00   7.173969e+00   4.982631e+00
  2.993770e+00   9.202835e+00   5.015072e+00
  2.995770e+00   1.419897e+01   5.012232e+00
  2.997760e+00   4.990206e+00   4.958500e+00
  2.999760e+00   3.519330e+00   5.004611e+00
  3.001750e+00   9.972680e+00   4.998211e+00
  3.003750e+00   1.215490e+01   5.012312e+00
  3.005750e+00   8.500773e+00   4.995564e+00
  3.007740e+00   1.330464e+01   5.001853e+00
  3.009740e+00   7.340206e-01   4.974840e+00
  3.011730e+00   1.127113e+01   5.025554e+00
  3.013730e+00   6.799742e+00   4.987729e+00
  3.015730e+00   6.666495e+00   4.961977e+00
  3.017720e+00   1.521804e+01   4.995036e+00
  3.019720e+00   6.496649e+00   5.020464e+00
  3.021710e+00   9.736856e+00   5.003286e+00
  3.023710e+00   9.242784e+00   4.953969e+00
  3.025710e+00   1.323608e+01   4.979204e+00
  3.027700e+00   7.905670e+00   4.969662e+00
  3.029700e+00   8.080155e+00   4.957075e+00
  3.031690e+00   1.392552e+01   5.033106e+00
  3.033690e+00   6.259021e+00   4.937031e+00
  3.035690e+00   1.131314e+01   4.976505e+00
  3.037680e+00   1.468428e+01   5.002119e+00
  3.039680e+00   1.164923e+01   4.993294e+00
  3.041670e+00   7.933763e+00   4.967534e+00
  3.043670e+00   1.284613e+01   4.962845e+00
  3.045670e+00   8.538402e+00   4.993822e+00
  3.047660e+00   7.036598e+00   4.980345e+00
  3.049660e+00   9.821649e+00   4.983737e+00
  3.051650e+00   1.000747e+01   4.970008e+00
  3.053650e+00   4.634536e+00   4.964941e+00
  3.055650e+00   1.319794e+01   4.973503e+00
  3.057640e+00   1.184613e+01   4.998838e+00
  3.059640e+00   1.613479e+01   4.961072e+00
  3.061630e+00   1.748737e+01   4.970644e+00
  3.063630e+00   1.029175e+01   4.979142e+00
  3.065630e+00  -7.402062e-01   4.916111e+00
  3.067620e+00   6.633247e+00   4.927459e+00
  3.069620e+00   9.326804e+00   4.951082e+00
  3.071610e+00   8.238402e+00   4.942706e+00
  3.073610e+00   5.092010e+00   4.937160e+00
  3.075610e+00   1.415103e+01   4.937397e+00
  3.077600e+00   6.577062e+00   4.932799e+00
  3.079600e+00   1.220206e+01   4.929451e+00
  3.081600e+00   1.041366e+01   4.946198e+00
  3.083590e+00   5.792526e+00   4.912985e+00
  3.085590e+00   1.421856e+01   4.926765e+00
  3.087580e+00   9.102835e+00   4.928536e+00
  3.089580e+00   1.184459e+01   4.907320e+00
  3.091580e+00   1.277474e+01   4.908338e+00
  3.093570e+00   1.501521e+01   4.901554e+00
  3.095570e+00   1.485928e+01   4.948647e+00
  3.097560e+00   7.207216e+00   4.877371e+00
  3.099560e+00   4.667010e+00   4.866629e+00
  3.101560e+00  -6.515464e-01   4.875111e+00
  3.103550e+00   9.618814e+00   4.876433e+00
  3.105550e+00   1.442809e+01   4.912737e+00
  3.107540e+00   6.314948e+00   4.869425e+00
  3.109540e+00   7.226546e+00   4.898302e+00
  3.111540e+00   4.241753e+00   4.872884e+00
  3.113530e+00   2.052320e+00   4.873874e+00
  3.115530e+00   9.298969e+00   4.887116e+00
  3.117520e+00   7.437113e+00   4.870688e+00
  3.119520e+00   5.816495e+00   4.889276e+00
  3.121520e+00   1.326753e+01   4.899711e+00
  3.123510e+00   1.169845e+01   4.870369e+00
  3.125510e+00   1.218015e+01   4.889077e+00
  3.127500e+00   1.153454e+01   4.880930e+00
  3.129500e+00  -2.535567e+00   4.885727e+00
  3.131500e+00   5.205670e+00   4.880925e+00
  3.133490e+00   1.176057e+01   4.879147e+00
  3.135490e+00   1.361907e+01   4.850013e+00
  3.137480e+00   1.373763e+01   4.888265e+00
  3.139480e+00   1.209330e+01   4.882482e+00
  3.141480e+00   2.395438e+01   4.910108e+00
  3.143470e+00   8.827835e+00   4.848665e+00
  3.145470e+00   1.197500e+01   4.911237e+00
  3.147460e+00   5.499227e+00   4.844789e+00
  3.149460e+00   1.247242e+01   4.873085e+00
  3.151460e+00   8.681959e+00   4.892224e+00
  3.153450e+00   1.328273e+01   4.903660e+00
  3.155450e+00   1.511443e+01   4.912245e+00
  3.157440e+00   8.769330e+00   4.887660e+00
  3.159440e+00   6.049485e+00   4.857662e+00
  3.161440e+00   5.417010e+00   4.841838e+00
  3.163430e+00   9.859278e+00   4.881286e+00
  3.165430e+00   9.646134e+00   4.878825e+00
  3.167420e+00   1.048557e+01   4.874036e+00
  3.169420e+00   9.004897e+00   4.841905e+00
  3.171420e+00   1.054433e+01   4.849294e+00
  3.173410e+00   9.147423e+00   4.873876e+00
  3.175410e+00   1.829381e+00   4.893371e+00
  3.177400e+00   1.034381e+01   4.892119e+00
  3.179400e+00   8.686598e+00   5.051446e+00
  3.181400e+00   1.507062e+01   5.141732e+00
  3.183390e+00   1.801237e+01   5.235832e+00
  3.185390e+00   5.365722e+00   5.240936e+00
  3.187380e+00   5.111082e+00   5.336817e+00
  3.189380e+00   1.156624e+01   5.411832e+00
  3.191380e+00   1.964562e+01   5.483464e+00
  3.193370e+00   6.206959e+00   5.493843e+00
  3.195370e+00   4.884536e+00   5.506644e+00
  3.197360e+00   9.919845e+00   5.558804e+00
  3.199360e+00   8.313660e+00   5.558572e+00
  3.201360e+00   1.622088e+01   5.648381e+00
  3.203350e+00   1.386598e+01   5.645644e+00
  3.205350e+00   1.130490e+01   5.702137e+00
  3.207340e+00   3.631443e-01   5.676580e+00
  3.209340e+00   7.588918e+00   5.734062e+00
  3.211340e+00   1.171289e+01   5.786204e+00
  3.213330e+00   1.155644e+01   5.791567e+00
  3.215330e+00   1.512397e+01   5.879845e+00
  3.217320e+00   7.061082e+00   5.852263e+00
  3.219320e+00   1.371598e+01   5.888585e+00
  3.221320e+00   2.169613e+01   5.997711e+00
  3.223310e+00   1.620541e+01   6.036784e+00
  3.225310e+00   6.484278e+00   6.046649e+00
  3.227300e+00  -1.031701e+01   5.980747e+00
  3.229300e+00   4.906959e+00   6.033652e+00
  3.231300e+00   2.082912e+01   6.161905e+00
  3.233290e+00   1.318428e+01   6.159946e+00
  3.235290e+00   1.604149e+01   6.228758e+00
  3.237280e+00   1.016237e+00   6.153265e+00
  3.239280e+00  -1.332990e+00   6.214281e+00
  3.241280e+00   2.500000e-02   6.226309e+00
  3.243270e+00   8.665722e+00   6.313835e+00
  3.245270e+00   6.551546e+00   6.295899e+00
  3.247270e+00   1.849897e+01   6.436585e+00
  3.249260e+00   1.569433e+01   6.444415e+00
  3.251260e+00   3.220361e+00   6.429302e+00
  3.253250e+00   8.086082e+00   6.470616e+00
  3.255250e+00   2.718557e+00   6.464853e+00
  3.257250e+00   4.072423e+00   6.566763e+00
  3.259240e+00   8.397680e+00   6.596732e+00
  3.261240e+00   2.550567e+01   6.714253e+00
  3.263230e+00   1.115773e+01   6.648121e+00
  3.265230e+00   1.119124e+01   6.736876e+00
  3.267230e+00   5.386598e+00   6.769361e+00
  3.269220e+00   9.988402e+00   6.826423e+00
  3.271220e+00   1.818918e+01   6.803894e+00
  3.273210e+00   2.776546e+00   6.865995e+00
  3.275210e+00   1.814510e+01   6.953008e+00
  3.277210e+00   8.176804e+00   6.977348e+00
  3.279200e+00   1.797191e+01   6.909758e+00
  3.281200e+00  -2.783505e-01   7.003307e+00
  3.283190e+00  -2.092526e+00   7.032456e+00
  3.285190e+00   5.734794e+00   7.121039e+00
  3.287190e+00   1.151907e+01   7.144034e+00
  3.289180e+00   1.023789e+01   7.223889e+00
  3.291180e+00  -7.507732e-01   7.255077e+00
  3.293170e+00   1.430026e+01   7.228680e+00
  3.295170e+00   8.166495e+00   7.237237e+00
  3.297170e+00   1.673119e+01   7.404698e+00
  3.299160e+00   1.294149e+01   7.461358e+00
  3.301160e+00   3.768041e+00   7.438709e+00
  3.303150e+00   1.214021e+01   7.521472e+00
  3.305150e+00   3.187113e+00   7.441013e+00
  3.307150e+00   3.785567e+00   7.568714e+00
  3.309140e+00   9.637113e+00   7.663108e+00
  3.311140e+00   1.313660e+00   7.715611e+00
  3.313130e+00   4.569588e-01   7.650510e+00
  3.315130e+00   1.495464e+01   7.808840e+00
  3.317130e+00   2.527912e+01   7.962629e+00
  3.319120e+00   1.221366e+01   7.962214e+00
  3.321120e+00   5.593557e+00   7.885838e+00
  3.323110e+00   1.506443e+00   7.935026e+00
  3.325110e+00   1.754613e+01   8.148191e+00
  3.327110e+00   4.369845e+00   8.148652e+00
  3.329100e+00   1.700825e+01   8.154920e+00
  3.331100e+00   1.010387e+01   8.196809e+00
  3.333090e+00   4.439691e+00   8.232242e+00
  3.335090e+00   1.664794e+01   8.433005e+00
  3.337090e+00   1.620000e+01   8.399474e+00
  3.339080e+00  -3.357990e+00   8.407887e+00
  3.341080e+00   5.355670e+00   8.355273e+00
  3.343070e+00   1.726469e+01   8.675348e+00
  3.345070e+00   1.086340e+00   8.679041e+00
  3.347070e+00   4.462113e+00   8.511240e+00
  3.349060e+00  -3.799742e+00   8.724381e+00
  3.351060e+00   1.206804e+01   8.966224e+00
  3.353050e+00   4.960052e+00   8.949162e+00
  3.355050e+00   6.952577e+00   8.922433e+00
  3.357050e+00   1.197423e+01   9.066827e+00
  3.359040e+00  -1.088763e+01   9.118034e+00
  3.361040e+00   1.418582e+01   9.228786e+00
  3.363030e+00   5.022938e+00   9.152358e+00
  3.365030e+00   1.075773e+00   9.255363e+00
  3.367030e+00   1.428763e+01   9.412827e+00
  3.369020e+00   1.648273e+01   9.452943e+00
  3.371020e+00   1.332732e+00   9.487340e+00
  3.373010e+00  -1.422165e+00   9.521000e+00
  3.375010e+00   2.796340e+01   9.842250e+00
  3.377010e+00   1.134278e+01   9.851742e+00
  3.379000e+00   4.253866e+00   9.934804e+00
  3.381000e+00   1.102732e+01   9.832405e+00
  3.382990e+00   1.979330e+01   1.002931e+01
  3.384990e+00   8.621649e+00   1.030024e+01
  3.386990e+00   2.036495e+01   1.033579e+01
  3.388980e+00  -4.506701e+00   1.004112e+01
  3.390980e+00   3.995619e+00   1.034780e+01
  3.392970e+00  -5.669845e+00   1.044396e+01
  3.394970e+00  -1.187629e+00   1.070637e+01
  3.396970e+00   6.760309e+00   1.090066e+01
  3.398960e+00   2.529407e+01   1.105313e+01
  3.400960e+00  -1.381443e+00   1.119614e+01
  3.402950e+00   7.768041e-01   1.148297e+01
  3.404950e+00  -1.164639e+01   1.140224e+01
  3.406950e+00   2.723454e+00   1.170809e+01
  3.408940e+00   4.947423e+00   1.182289e+01
  3.410940e+00  -2.832474e-01   1.212188e+01
  3.412930e+00  -1.020799e+01   1.234043e+01
  3.414930e+00  -1.497191e+01   1.227806e+01
  3.416930e+00   1.370644e+01   1.290721e+01
  3.418920e+00   1.481186e+01   1.303475e+01
  3.420920e+00   6.287887e+00   1.360413e+01
  3.422920e+00   1.296392e+01   1.360987e+01
  3.424910e+00  -1.784897e+01   1.346167e+01
  3.426910e+00   8.793299e+00   1.426180e+01
  3.428900e+00   2.291134e+01   1.435172e+01
  3.430900e+00   1.045464e+01   1.372870e+01
  3.432900e+00   2.263170e+01   1.436848e+01
  3.434890e+00  -1.207165e+01   1.437324e+01
  3.436890e+00   2.173119e+01   1.475395e+01
  3.438880e+00   1.068737e+01   1.459355e+01
  3.440880e+00   1.867397e+01   1.456519e+01
  3.442880e+00  -7.430412e-01   1.462836e+01
  3.444870e+00   1.551108e+01   1.507862e+01
  3.446870e+00   6.473711e+00   1.540974e+01
  3.448860e+00  -7.590722e+00   1.509609e+01
  3.450860e+00   1.501624e+01   1.582885e+01
  3.452860e+00   1.305464e+01   1.669351e+01
  3.454850e+00   2.061211e+01   1.690050e+01
  3.456850e+00   8.931186e+00   1.620364e+01
  3.458840e+00  -1.184716e+01   1.654527e+01
  3.460840e+00   4.670619e+00   1.758796e+01
  3.462840e+00  -3.633763e+00   1.779651e+01
  3.464830e+00   1.646598e+01   1.745031e+01
  3.466830e+00   7.153093e+00   1.909752e+01
  3.468820e+00   2.081237e+01   1.983053e+01
  3.470820e+00   1.506160e+01   1.988403e+01
  3.472820e+00   4.228866e+00   2.063724e+01
  3.474810e+00  -3.555206e+01   2.045329e+01
  3.476810e+00   3.085180e+01   2.237639e+01
  3.478800e+00   9.528866e+00   2.281286e+01
  3.480800e+00  -1.071392e+01   2.397799e+01
  3.482800e+00   1.842938e+01   2.482510e+01
  3.484790e+00   1.750644e+01   2.645619e+01
  3.486790e+00   1.772784e+01   2.693745e+01
  3.488780e+00   1.535000e+01   2.958639e+01
  3.490780e+00   3.601469e+01   3.212709e+01
  3.492780e+00   3.054149e+01   3.723170e+01
  3.494770e+00   5.458570e+01   3.761049e+01
  3.496770e+00  -5.363325e+01   5.099399e+01
parent: processed/subtracted/DArgN11_0024_sub.dat
creator: datop
creator-version: v0.3 (r3326)
datop-operation: processed/subtracted/DArgN11_0024_sub.dat DIV 3.88
