Sample description: ThiM
Sample: primus/qt tempo  c= 5.5900 mg/ml  Code: ThiM
Parent(s): C:/Users/plmnnk/AppData/Local/Temp/qt_temp.xCs128 C:/Users/plmnnk/App
 1.820630e-001  4.359332e+001  5.238853e+000
 1.847950e-001  4.362152e+001  1.963805e+000
 1.875280e-001  4.400391e+001  1.756904e+000
 1.902600e-001  4.512793e+001  1.693772e+000
 1.929920e-001  4.380346e+001  1.621505e+000
 1.957250e-001  4.543977e+001  1.567509e+000
 1.984570e-001  4.307740e+001  1.496716e+000
 2.011890e-001  4.315755e+001  1.457098e+000
 2.039220e-001  4.236520e+001  1.399636e+000
 2.066540e-001  4.324204e+001  1.357667e+000
 2.093860e-001  4.292569e+001  1.300094e+000
 2.121190e-001  4.361598e+001  1.264617e+000
 2.148510e-001  4.274787e+001  1.235415e+000
 2.175830e-001  4.156484e+001  1.194242e+000
 2.203150e-001  4.174240e+001  1.146112e+000
 2.230480e-001  4.184699e+001  1.114221e+000
 2.257800e-001  4.143032e+001  1.079346e+000
 2.285120e-001  4.079862e+001  1.049601e+000
 2.312450e-001  4.058503e+001  1.023226e+000
 2.339770e-001  4.120102e+001  9.928920e-001
 2.367090e-001  4.111805e+001  9.729120e-001
 2.394420e-001  4.237698e+001  9.555366e-001
 2.421740e-001  4.162719e+001  9.302454e-001
 2.449060e-001  4.039036e+001  9.003487e-001
 2.476390e-001  3.921788e+001  8.900330e-001
 2.503710e-001  3.979485e+001  8.690264e-001
 2.531030e-001  3.995687e+001  8.537177e-001
 2.558350e-001  3.998231e+001  8.408578e-001
 2.585680e-001  4.078310e+001  8.287954e-001
 2.613000e-001  3.964436e+001  8.108229e-001
 2.640320e-001  3.900783e+001  7.952741e-001
 2.667650e-001  3.843153e+001  7.856538e-001
 2.694970e-001  3.837876e+001  7.770076e-001
 2.722290e-001  3.828327e+001  7.645597e-001
 2.749620e-001  3.816074e+001  7.544430e-001
 2.776940e-001  3.819609e+001  7.476070e-001
 2.804260e-001  3.747342e+001  7.411236e-001
 2.831590e-001  3.797082e+001  7.286210e-001
 2.858910e-001  3.751671e+001  7.135418e-001
 2.886230e-001  3.672449e+001  7.102591e-001
 2.913550e-001  3.713109e+001  6.978696e-001
 2.940880e-001  3.653537e+001  6.893768e-001
 2.968200e-001  3.625103e+001  6.829963e-001
 2.995520e-001  3.591554e+001  6.686179e-001
 3.022850e-001  3.561876e+001  6.607096e-001
 3.050170e-001  3.549859e+001  6.608498e-001
 3.077490e-001  3.518922e+001  6.498967e-001
 3.104820e-001  3.509639e+001  6.432935e-001
 3.132140e-001  3.600088e+001  6.399201e-001
 3.159460e-001  3.562849e+001  6.295609e-001
 3.186790e-001  3.481543e+001  6.250052e-001
 3.214110e-001  3.485098e+001  6.138847e-001
 3.241430e-001  3.520610e+001  6.166345e-001
 3.268760e-001  3.468219e+001  6.119101e-001
 3.296080e-001  3.457254e+001  6.049806e-001
 3.323400e-001  3.421338e+001  6.016605e-001
 3.350720e-001  3.346580e+001  5.939075e-001
 3.378050e-001  3.417265e+001  5.984697e-001
 3.405370e-001  3.283750e+001  5.890509e-001
 3.432690e-001  3.247083e+001  5.822880e-001
 3.460020e-001  3.254399e+001  5.833951e-001
 3.487340e-001  3.283569e+001  5.765609e-001
 3.514660e-001  3.322949e+001  5.828212e-001
 3.541990e-001  3.259654e+001  5.719896e-001
 3.569310e-001  3.290257e+001  5.716092e-001
 3.596630e-001  3.209861e+001  5.698926e-001
 3.623960e-001  3.156527e+001  5.625933e-001
 3.651280e-001  3.156741e+001  5.632956e-001
 3.678600e-001  3.172184e+001  5.584445e-001
 3.705920e-001  3.185879e+001  5.580033e-001
 3.733250e-001  3.150528e+001  5.598114e-001
 3.760570e-001  3.178814e+001  5.546302e-001
 3.787890e-001  3.136593e+001  5.514473e-001
 3.815220e-001  3.063255e+001  5.475269e-001
 3.842540e-001  3.013575e+001  5.438291e-001
 3.869860e-001  3.074553e+001  5.437316e-001
 3.897190e-001  3.033460e+001  5.397833e-001
 3.924510e-001  3.048877e+001  5.411231e-001
 3.951830e-001  3.014993e+001  5.370783e-001
 3.979160e-001  2.955408e+001  5.325794e-001
 4.006480e-001  2.940461e+001  5.348434e-001
 4.033800e-001  2.956160e+001  5.324858e-001
 4.061120e-001  2.848377e+001  5.295292e-001
 4.088450e-001  2.878523e+001  5.290080e-001
 4.115770e-001  2.869713e+001  5.231225e-001
 4.143090e-001  2.888341e+001  5.229671e-001
 4.170420e-001  2.831524e+001  5.187379e-001
 4.197740e-001  2.807001e+001  5.186992e-001
 4.225060e-001  2.810782e+001  5.187174e-001
 4.252390e-001  2.803839e+001  5.169473e-001
 4.279710e-001  2.717607e+001  5.110741e-001
 4.307030e-001  2.697777e+001  5.083368e-001
 4.334360e-001  2.725962e+001  5.094878e-001
 4.361680e-001  2.691831e+001  5.069557e-001
 4.389000e-001  2.710890e+001  5.044472e-001
 4.416320e-001  2.699015e+001  5.058400e-001
 4.443650e-001  2.674757e+001  5.028371e-001
 4.470970e-001  2.559889e+001  4.968425e-001
 4.498290e-001  2.636068e+001  4.964713e-001
 4.525620e-001  2.643678e+001  4.982631e-001
 4.552940e-001  2.576052e+001  4.965062e-001
 4.580260e-001  2.554168e+001  4.910927e-001
 4.607590e-001  2.528656e+001  4.911375e-001
 4.634910e-001  2.429198e+001  4.861911e-001
 4.662230e-001  2.395359e+001  4.867584e-001
 4.689560e-001  2.419236e+001  4.853222e-001
 4.716880e-001  2.426529e+001  4.860093e-001
 4.744200e-001  2.414144e+001  4.888204e-001
 4.771520e-001  2.428013e+001  3.246511e-001
 4.798850e-001  2.428660e+001  2.557145e-001
 4.826170e-001  2.417090e+001  2.535969e-001
 4.853490e-001  2.360827e+001  2.508322e-001
 4.880820e-001  2.357564e+001  2.513050e-001
 4.908140e-001  2.346022e+001  2.524214e-001
 4.935460e-001  2.336520e+001  2.508893e-001
 4.962790e-001  2.303477e+001  2.463300e-001
 4.990110e-001  2.289300e+001  2.495728e-001
 5.017430e-001  2.219078e+001  2.463563e-001
 5.044760e-001  2.226390e+001  2.450544e-001
 5.072080e-001  2.215989e+001  2.450848e-001
 5.099400e-001  2.224115e+001  2.438063e-001
 5.126720e-001  2.211728e+001  2.449688e-001
 5.154050e-001  2.204248e+001  2.447036e-001
 5.181370e-001  2.168243e+001  2.423636e-001
 5.208690e-001  2.187864e+001  2.460476e-001
 5.236020e-001  2.176593e+001  2.450698e-001
 5.263340e-001  2.148517e+001  2.431799e-001
 5.290660e-001  2.097416e+001  2.399304e-001
 5.317990e-001  2.101333e+001  2.412903e-001
 5.345310e-001  2.101560e+001  2.419801e-001
 5.372630e-001  2.047784e+001  2.375624e-001
 5.399960e-001  2.056640e+001  2.412639e-001
 5.427280e-001  2.009583e+001  2.351125e-001
 5.454600e-001  2.024851e+001  2.363762e-001
 5.481920e-001  2.002596e+001  2.358587e-001
 5.509250e-001  1.996561e+001  2.363909e-001
 5.536570e-001  1.956569e+001  2.347963e-001
 5.563890e-001  1.919617e+001  2.316756e-001
 5.591220e-001  1.906255e+001  2.334499e-001
 5.618540e-001  1.930250e+001  2.325806e-001
 5.645860e-001  1.886875e+001  2.298391e-001
 5.673190e-001  1.879592e+001  2.321842e-001
 5.700510e-001  1.873738e+001  2.325086e-001
 5.727830e-001  1.850774e+001  2.317125e-001
 5.755160e-001  1.833842e+001  2.284422e-001
 5.782480e-001  1.813347e+001  2.287190e-001
 5.809800e-001  1.777185e+001  2.279553e-001
 5.837130e-001  1.741588e+001  2.243422e-001
 5.864450e-001  1.776398e+001  2.280438e-001
 5.891770e-001  1.752915e+001  2.263849e-001
 5.919090e-001  1.741318e+001  2.262782e-001
 5.946420e-001  1.706381e+001  2.248550e-001
 5.973740e-001  1.698847e+001  2.231850e-001
 6.001060e-001  1.693438e+001  2.247759e-001
 6.028390e-001  1.674557e+001  2.236581e-001
 6.055710e-001  1.656075e+001  2.226415e-001
 6.083030e-001  1.617771e+001  2.221753e-001
 6.110360e-001  1.626064e+001  2.209898e-001
 6.137680e-001  1.585400e+001  2.185225e-001
 6.165000e-001  1.579419e+001  2.200134e-001
 6.192330e-001  1.554488e+001  2.187716e-001
 6.219650e-001  1.552828e+001  2.170496e-001
 6.246970e-001  1.548845e+001  2.200376e-001
 6.274290e-001  1.511781e+001  2.235022e-001
 6.301620e-001  1.514222e+001  2.184524e-001
 6.328940e-001  1.479406e+001  2.153998e-001
 6.356260e-001  1.465988e+001  2.145520e-001
 6.383590e-001  1.443171e+001  2.153232e-001
 6.410910e-001  1.469631e+001  2.163370e-001
 6.438230e-001  1.438122e+001  2.148873e-001
 6.465560e-001  1.430275e+001  2.136851e-001
 6.492880e-001  1.406798e+001  2.133680e-001
 6.520200e-001  1.383579e+001  2.130739e-001
 6.547530e-001  1.416415e+001  2.145992e-001
 6.574850e-001  1.396787e+001  2.132638e-001
 6.602170e-001  1.351253e+001  2.103904e-001
 6.629490e-001  1.337012e+001  2.094962e-001
 6.656820e-001  1.308124e+001  2.095256e-001
 6.684140e-001  1.285082e+001  2.087226e-001
 6.711460e-001  1.308205e+001  2.090081e-001
 6.738790e-001  1.289561e+001  2.097606e-001
 6.766110e-001  1.281756e+001  2.090004e-001
 6.793430e-001  1.262908e+001  2.075970e-001
 6.820760e-001  1.259239e+001  2.068021e-001
 6.848080e-001  1.224244e+001  2.059074e-001
 6.875400e-001  1.193331e+001  2.042092e-001
 6.902730e-001  1.189023e+001  2.047695e-001
 6.930050e-001  1.193819e+001  2.031195e-001
 6.957370e-001  1.195387e+001  2.051458e-001
 6.984690e-001  1.194730e+001  2.064441e-001
 7.012020e-001  1.170547e+001  2.036862e-001
 7.039340e-001  1.157300e+001  2.027603e-001
 7.066660e-001  1.131305e+001  2.012829e-001
 7.093990e-001  1.080334e+001  2.002842e-001
 7.121310e-001  1.076320e+001  2.015735e-001
 7.148630e-001  1.078829e+001  1.977420e-001
 7.175960e-001  1.062928e+001  2.002982e-001
 7.203280e-001  1.074546e+001  1.993861e-001
 7.230600e-001  1.062462e+001  1.992161e-001
 7.257930e-001  1.028236e+001  1.998809e-001
 7.285250e-001  1.011388e+001  1.991743e-001
 7.312570e-001  1.004834e+001  1.978779e-001
 7.339890e-001  9.864911e+000  1.958700e-001
 7.367220e-001  1.000973e+001  1.966635e-001
 7.394540e-001  9.789630e+000  1.959430e-001
 7.421860e-001  9.763292e+000  1.951967e-001
 7.449190e-001  9.573964e+000  1.970021e-001
 7.476510e-001  9.336648e+000  1.943609e-001
 7.503830e-001  9.319861e+000  1.936958e-001
 7.531160e-001  9.340284e+000  1.953559e-001
 7.558480e-001  9.232528e+000  1.948177e-001
 7.585800e-001  9.112360e+000  1.939700e-001
 7.613130e-001  9.084750e+000  1.934949e-001
 7.640450e-001  8.842334e+000  1.924795e-001
 7.667770e-001  8.735233e+000  1.896723e-001
 7.695090e-001  8.416129e+000  1.899643e-001
 7.722420e-001  8.087875e+000  1.894885e-001
 7.749740e-001  8.079919e+000  1.895154e-001
 7.777060e-001  8.158397e+000  1.904958e-001
 7.804390e-001  8.001904e+000  1.888992e-001
 7.831710e-001  7.971968e+000  1.879746e-001
 7.859030e-001  7.932228e+000  1.886040e-001
 7.886360e-001  7.684134e+000  1.888426e-001
 7.913680e-001  7.984128e+000  1.909518e-001
 7.941000e-001  7.805186e+000  1.874895e-001
 7.968330e-001  7.410229e+000  1.855771e-001
 7.995650e-001  7.328583e+000  1.867238e-001
 8.022970e-001  7.211112e+000  1.892730e-001
 8.050290e-001  7.198697e+000  1.890684e-001
 8.077620e-001  7.197630e+000  1.882089e-001
 8.104940e-001  6.838912e+000  1.898648e-001
 8.132260e-001  6.667551e+000  1.901104e-001
 8.159590e-001  6.769662e+000  1.901619e-001
 8.186910e-001  6.820869e+000  1.903023e-001
 8.214230e-001  6.846955e+000  2.022902e-001
 8.241560e-001  6.867327e+000  5.288901e-001
 8.268880e-001  6.465348e+000  6.786369e-002
 8.296200e-001  6.315101e+000  6.746846e-002
 8.323530e-001  6.246917e+000  6.659845e-002
 8.350850e-001  6.112904e+000  6.622240e-002
 8.378170e-001  5.983691e+000  6.590942e-002
 8.405490e-001  5.959228e+000  6.562323e-002
 8.432820e-001  5.848402e+000  6.557264e-002
 8.460140e-001  5.751029e+000  6.455815e-002
 8.487460e-001  5.677247e+000  6.455235e-002
 8.514790e-001  5.682542e+000  6.507548e-002
 8.542110e-001  5.538612e+000  6.425619e-002
 8.569430e-001  5.455624e+000  6.407935e-002
 8.596760e-001  5.378223e+000  6.333216e-002
 8.624080e-001  5.248376e+000  6.301862e-002
 8.651400e-001  5.220500e+000  6.248269e-002
 8.678730e-001  5.170347e+000  6.263661e-002
 8.706050e-001  5.054758e+000  6.267411e-002
 8.733370e-001  4.986065e+000  6.201788e-002
 8.760700e-001  4.920556e+000  6.170319e-002
 8.788020e-001  4.856225e+000  6.142856e-002
 8.815340e-001  4.803725e+000  6.108542e-002
 8.842660e-001  4.755892e+000  6.092984e-002
 8.869990e-001  4.639140e+000  6.067145e-002
 8.897310e-001  4.502451e+000  5.962583e-002
 8.924630e-001  4.419264e+000  5.903523e-002
 8.951960e-001  4.410789e+000  5.936138e-002
 8.979280e-001  4.342232e+000  5.891622e-002
 9.006600e-001  4.321856e+000  5.936677e-002
 9.033930e-001  4.259696e+000  5.891366e-002
 9.061250e-001  4.198133e+000  5.829198e-002
 9.088570e-001  4.165277e+000  5.859353e-002
 9.115900e-001  4.071282e+000  5.828115e-002
 9.143220e-001  4.020702e+000  5.844307e-002
 9.170540e-001  3.955537e+000  5.807291e-002
 9.197860e-001  3.931136e+000  5.763567e-002
 9.225190e-001  3.909477e+000  5.809458e-002
 9.252510e-001  3.768204e+000  5.660816e-002
 9.279830e-001  3.721212e+000  5.645937e-002
 9.307160e-001  3.674498e+000  5.683533e-002
 9.334480e-001  3.627862e+000  5.656858e-002
 9.361800e-001  3.503174e+000  5.595186e-002
 9.389130e-001  3.484918e+000  5.534340e-002
 9.416450e-001  3.425191e+000  5.540112e-002
 9.443770e-001  3.421104e+000  5.557919e-002
 9.471100e-001  3.332032e+000  5.554462e-002
 9.498420e-001  3.255924e+000  5.471401e-002
 9.525740e-001  3.210915e+000  5.397486e-002
 9.553060e-001  3.193121e+000  5.470246e-002
 9.580390e-001  3.151748e+000  5.403247e-002
 9.607710e-001  3.121270e+000  5.435493e-002
 9.635030e-001  2.966533e+000  5.336250e-002
 9.662360e-001  2.917265e+000  5.316067e-002
 9.689680e-001  2.929470e+000  5.348317e-002
 9.717000e-001  2.890353e+000  5.283404e-002
 9.744330e-001  2.838076e+000  5.313788e-002
 9.771650e-001  2.806808e+000  5.283246e-002
 9.798970e-001  2.757209e+000  5.245879e-002
 9.826300e-001  2.726257e+000  5.274790e-002
 9.853620e-001  2.692394e+000  5.154719e-002
 9.880940e-001  2.702750e+000  5.287623e-002
 9.908260e-001  2.607290e+000  5.250210e-002
 9.935590e-001  2.569965e+000  5.170849e-002
 9.962910e-001  2.443593e+000  5.151838e-002
 9.990230e-001  2.483871e+000  5.143234e-002
 1.001760e+000  2.390831e+000  5.092097e-002
 1.004490e+000  2.353363e+000  5.057236e-002
 1.007220e+000  2.306315e+000  5.025159e-002
 1.009950e+000  2.291218e+000  5.018767e-002
 1.012680e+000  2.255853e+000  4.994804e-002
 1.015420e+000  2.220988e+000  5.033822e-002
 1.018150e+000  2.162490e+000  4.963753e-002
 1.020880e+000  2.149761e+000  5.012624e-002
 1.023610e+000  2.117383e+000  4.964231e-002
 1.026350e+000  2.062108e+000  4.954367e-002
 1.029080e+000  2.037766e+000  4.978369e-002
 1.031810e+000  2.012345e+000  4.894367e-002
 1.034540e+000  1.952879e+000  4.890350e-002
 1.037280e+000  1.952214e+000  4.890204e-002
 1.040010e+000  1.853967e+000  4.834102e-002
 1.042740e+000  1.885303e+000  4.845967e-002
 1.045470e+000  1.881174e+000  4.856257e-002
 1.048200e+000  1.834065e+000  4.882765e-002
 1.050940e+000  1.853384e+000  4.920560e-002
 1.053670e+000  1.779285e+000  4.847886e-002
 1.056400e+000  1.717434e+000  4.787123e-002
 1.059130e+000  1.684418e+000  4.795112e-002
 1.061870e+000  1.655513e+000  4.795189e-002
 1.064600e+000  1.625452e+000  4.720948e-002
 1.067330e+000  1.669055e+000  4.762530e-002
 1.070060e+000  1.641179e+000  4.731718e-002
 1.072800e+000  1.552785e+000  4.731584e-002
 1.075530e+000  1.538038e+000  4.712511e-002
 1.078260e+000  1.539005e+000  4.710892e-002
 1.080990e+000  1.550730e+000  4.779944e-002
 1.083720e+000  1.485948e+000  4.723260e-002
 1.086460e+000  1.475908e+000  4.734744e-002
 1.089190e+000  1.435398e+000  4.654690e-002
 1.091920e+000  1.373044e+000  4.626650e-002
 1.094650e+000  1.373085e+000  4.607812e-002
 1.097390e+000  1.349460e+000  4.592382e-002
 1.100120e+000  1.337639e+000  4.599093e-002
 1.102850e+000  1.352976e+000  4.647808e-002
 1.105580e+000  1.305342e+000  4.622626e-002
 1.108320e+000  1.279878e+000  4.645629e-002
 1.111050e+000  1.272306e+000  4.570151e-002
 1.113780e+000  1.222227e+000  4.586514e-002
 1.116510e+000  1.231643e+000  4.584315e-002
 1.119240e+000  1.207788e+000  4.561012e-002
 1.121980e+000  1.116479e+000  4.526574e-002
 1.124710e+000  1.094009e+000  4.543662e-002
 1.127440e+000  1.094077e+000  4.550528e-002
 1.130170e+000  1.086929e+000  4.493922e-002
 1.132910e+000  1.072839e+000  4.558484e-002
 1.135640e+000  1.077429e+000  4.471967e-002
 1.138370e+000  1.055679e+000  4.456126e-002
 1.141100e+000  1.020909e+000  4.443609e-002
 1.143840e+000  1.003949e+000  4.462307e-002
 1.146570e+000  1.008641e+000  4.430008e-002
 1.149300e+000  9.698038e-001  4.461290e-002
 1.152030e+000  9.715725e-001  4.408939e-002
 1.154760e+000  1.012129e+000  4.449074e-002
 1.157500e+000  9.849456e-001  4.434475e-002
 1.160230e+000  9.393184e-001  4.456252e-002
 1.162960e+000  9.344536e-001  4.414946e-002
 1.165690e+000  8.822141e-001  4.386515e-002
 1.168430e+000  8.644962e-001  4.402074e-002
 1.171160e+000  9.034274e-001  4.447284e-002
 1.173890e+000  8.503477e-001  4.384165e-002
 1.176620e+000  8.041620e-001  4.359022e-002
 1.179360e+000  8.335861e-001  4.376627e-002
 1.182090e+000  8.100829e-001  4.389451e-002
 1.184820e+000  8.062051e-001  4.342011e-002
 1.187550e+000  7.762114e-001  4.381019e-002
 1.190280e+000  7.715624e-001  4.365461e-002
 1.193020e+000  7.246182e-001  4.332472e-002
 1.195750e+000  7.494877e-001  4.366156e-002
 1.198480e+000  7.546840e-001  4.364342e-002
 1.201210e+000  7.768530e-001  4.394737e-002
 1.203950e+000  7.121739e-001  4.322348e-002
 1.206680e+000  6.732922e-001  4.262194e-002
 1.209410e+000  6.953450e-001  4.369082e-002
 1.212140e+000  6.605743e-001  4.330004e-002
 1.214880e+000  7.099795e-001  4.338963e-002
 1.217610e+000  6.588737e-001  4.328213e-002
 1.220340e+000  6.613819e-001  4.318908e-002
 1.223070e+000  6.608302e-001  4.337283e-002
 1.225800e+000  6.438061e-001  4.319303e-002
 1.228540e+000  6.177458e-001  6.354796e-002
 1.231270e+000  6.347469e-001  3.485554e-002
 1.236730e+000  6.141235e-001  5.719973e-002
 1.239470e+000  6.137843e-001  5.112074e-002
 1.242200e+000  5.940447e-001  5.040838e-002
 1.244930e+000  5.919030e-001  5.192128e-002
 1.247660e+000  6.197356e-001  5.217405e-002
 1.250400e+000  6.023429e-001  5.236692e-002
 1.253130e+000  5.397346e-001  5.310773e-002
 1.255860e+000  5.793108e-001  5.399800e-002
 1.258590e+000  5.874233e-001  5.478665e-002
 1.261330e+000  5.585221e-001  5.579283e-002
 1.264060e+000  5.970286e-001  5.150245e-002
 1.266790e+000  5.422615e-001  4.864016e-002
 1.269520e+000  5.908045e-001  4.859915e-002
 1.272250e+000  5.277375e-001  4.740400e-002
 1.274990e+000  5.413935e-001  4.657727e-002
 1.277720e+000  5.210158e-001  4.577782e-002
 1.280450e+000  5.083726e-001  4.521591e-002
 1.283180e+000  5.116784e-001  4.511015e-002
 1.285920e+000  5.015074e-001  4.526522e-002
 1.288650e+000  4.610635e-001  4.463796e-002
 1.291380e+000  4.939640e-001  4.482958e-002
 1.294110e+000  4.837974e-001  4.403249e-002
 1.296850e+000  4.601650e-001  4.404251e-002
 1.299580e+000  4.401898e-001  4.295486e-002
 1.302310e+000  4.229523e-001  4.285521e-002
 1.305040e+000  3.969141e-001  4.282834e-002
 1.307770e+000  3.865605e-001  4.232990e-002
 1.310510e+000  4.476554e-001  4.300044e-002
 1.313240e+000  4.178249e-001  4.288088e-002
 1.315970e+000  4.327827e-001  4.252163e-002
 1.318700e+000  4.109493e-001  4.305227e-002
 1.321440e+000  4.441136e-001  4.285024e-002
 1.324170e+000  4.052965e-001  4.275502e-002
 1.326900e+000  4.148043e-001  4.238696e-002
 1.329630e+000  3.963821e-001  4.221107e-002
 1.332370e+000  4.013748e-001  4.235576e-002
 1.335100e+000  4.122111e-001  4.217703e-002
 1.337830e+000  4.191824e-001  4.289091e-002
 1.340560e+000  4.007415e-001  4.254553e-002
 1.343290e+000  3.700634e-001  4.183986e-002
 1.346030e+000  3.507374e-001  4.192453e-002
 1.348760e+000  4.145436e-001  4.268818e-002
 1.351490e+000  4.059778e-001  4.237013e-002
 1.354220e+000  4.510086e-001  4.240876e-002
 1.356960e+000  4.400135e-001  4.222674e-002
 1.359690e+000  3.678510e-001  4.209231e-002
 1.362420e+000  3.606043e-001  4.250898e-002
 1.365150e+000  3.521656e-001  4.220756e-002
 1.367890e+000  4.338514e-001  4.254683e-002
 1.370620e+000  3.851871e-001  4.204773e-002
 1.373350e+000  3.669551e-001  4.180753e-002
 1.376080e+000  3.595070e-001  4.204564e-002
 1.378810e+000  3.793521e-001  4.167676e-002
 1.381550e+000  3.507221e-001  4.156367e-002
 1.384280e+000  3.230801e-001  4.159181e-002
 1.387010e+000  3.722192e-001  4.193031e-002
 1.389740e+000  3.408839e-001  4.204042e-002
 1.392480e+000  3.261321e-001  4.197635e-002
 1.395210e+000  3.410491e-001  4.199910e-002
 1.397940e+000  3.233380e-001  4.187437e-002
 1.400670e+000  3.328232e-001  4.135008e-002
 1.403410e+000  3.983083e-001  4.195402e-002
 1.406140e+000  3.591164e-001  4.153312e-002
 1.408870e+000  3.316000e-001  4.165571e-002
 1.411600e+000  3.400627e-001  4.201757e-002
 1.414330e+000  3.532101e-001  4.132312e-002
 1.417070e+000  3.148313e-001  4.096674e-002
 1.419800e+000  2.972773e-001  4.149281e-002
 1.422530e+000  2.821957e-001  4.111916e-002
 1.425260e+000  2.855063e-001  4.105102e-002
 1.428000e+000  3.513614e-001  4.120919e-002
 1.430730e+000  3.901383e-001  4.159343e-002
 1.433460e+000  3.562514e-001  4.145887e-002
 1.436190e+000  3.541419e-001  4.155450e-002
 1.438930e+000  3.533507e-001  4.178461e-002
 1.441660e+000  3.316720e-001  4.158751e-002
 1.444390e+000  2.852845e-001  4.109419e-002
 1.447120e+000  2.744939e-001  4.144649e-002
 1.449850e+000  2.967340e-001  4.094391e-002
 1.452590e+000  3.162854e-001  4.140348e-002
 1.455320e+000  3.435452e-001  4.141079e-002
 1.458050e+000  3.648133e-001  4.123727e-002
 1.460780e+000  3.268086e-001  4.099305e-002
 1.463520e+000  2.876055e-001  4.109654e-002
 1.466250e+000  3.272130e-001  4.091639e-002
 1.468980e+000  3.281574e-001  4.190710e-002
 1.471710e+000  3.070904e-001  4.130838e-002
 1.474450e+000  2.786451e-001  4.064517e-002
 1.477180e+000  2.921080e-001  4.066317e-002
 1.479910e+000  2.977099e-001  4.039478e-002
 1.482640e+000  2.680421e-001  4.025842e-002
 1.485370e+000  3.198142e-001  4.013105e-002
 1.488110e+000  3.269968e-001  4.032277e-002
 1.490840e+000  3.013049e-001  4.008477e-002
 1.493570e+000  3.131008e-001  4.030578e-002
 1.496300e+000  2.817044e-001  4.047593e-002
 1.499040e+000  3.274101e-001  4.090185e-002
 1.501770e+000  3.253948e-001  3.997737e-002
 1.504500e+000  2.817322e-001  4.043202e-002
 1.507230e+000  2.910267e-001  4.040821e-002
 1.509970e+000  2.923519e-001  4.001411e-002
 1.512700e+000  2.937111e-001  4.007456e-002
 1.515430e+000  3.013117e-001  4.058196e-002
 1.518160e+000  3.148608e-001  3.987232e-002
 1.520890e+000  2.864247e-001  4.001900e-002
 1.523630e+000  2.827117e-001  4.026655e-002
 1.526360e+000  2.879934e-001  4.029896e-002
 1.529090e+000  2.922725e-001  4.040127e-002
 1.531820e+000  3.045649e-001  4.001039e-002
 1.534560e+000  3.072980e-001  3.993543e-002
 1.537290e+000  2.771281e-001  4.055541e-002
 1.540020e+000  2.559795e-001  4.026033e-002
 1.542750e+000  2.795080e-001  3.979603e-002
 1.545490e+000  2.787383e-001  4.012780e-002
 1.548220e+000  2.985208e-001  4.031659e-002
 1.550950e+000  2.954921e-001  4.017618e-002
 1.553680e+000  2.565564e-001  3.987268e-002
 1.556410e+000  2.663313e-001  3.968705e-002
 1.559150e+000  2.639168e-001  4.020862e-002
 1.561880e+000  3.113272e-001  4.004396e-002
 1.564610e+000  3.318125e-001  4.000745e-002
 1.567340e+000  3.195499e-001  3.986323e-002
 1.570080e+000  2.622781e-001  4.027440e-002
 1.572810e+000  2.832645e-001  4.051119e-002
 1.575540e+000  2.665106e-001  4.007540e-002
 1.578270e+000  3.372015e-001  3.955095e-002
 1.581010e+000  3.077156e-001  3.986524e-002
 1.583740e+000  2.999265e-001  4.001263e-002
 1.586470e+000  3.256210e-001  4.022519e-002
 1.589200e+000  3.531980e-001  4.053041e-002
 1.591930e+000  3.516145e-001  4.016923e-002
 1.594670e+000  2.871106e-001  4.048981e-002
 1.597400e+000  3.361822e-001  4.034663e-002
 1.600130e+000  3.071284e-001  3.970817e-002
 1.602860e+000  2.744642e-001  3.976566e-002
 1.605600e+000  3.132678e-001  4.059117e-002
 1.608330e+000  3.008343e-001  4.017173e-002
 1.611060e+000  2.907767e-001  3.991672e-002
 1.613790e+000  2.914265e-001  3.961190e-002
 1.616530e+000  2.802525e-001  4.001152e-002
 1.619260e+000  2.667244e-001  3.984763e-002
 1.621990e+000  3.010142e-001  3.989987e-002
 1.624720e+000  3.076072e-001  3.994511e-002
 1.627450e+000  2.895422e-001  3.985266e-002
 1.630190e+000  2.886622e-001  3.988295e-002
 1.632920e+000  2.830008e-001  4.029859e-002
 1.635650e+000  2.934539e-001  3.980655e-002
 1.638380e+000  3.037539e-001  3.965182e-002
 1.641120e+000  3.188084e-001  4.011012e-002
 1.643850e+000  2.791489e-001  3.960921e-002
 1.646580e+000  2.442938e-001  3.961644e-002
 1.649310e+000  2.597714e-001  3.979163e-002
 1.652050e+000  2.636694e-001  3.968063e-002
 1.654780e+000  2.319888e-001  3.953062e-002
 1.657510e+000  3.075298e-001  4.028238e-002
 1.660240e+000  2.831118e-001  3.993802e-002
 1.662970e+000  3.049308e-001  4.011797e-002
 1.665710e+000  3.011849e-001  3.996232e-002
 1.668440e+000  2.947175e-001  3.947206e-002
 1.671170e+000  2.676979e-001  3.947706e-002
 1.673900e+000  2.438729e-001  3.966639e-002
 1.676640e+000  2.817846e-001  3.994634e-002
 1.679370e+000  2.636837e-001  4.002665e-002
 1.682100e+000  2.865757e-001  3.972467e-002
 1.684830e+000  2.689597e-001  3.947196e-002
 1.687570e+000  2.489664e-001  3.952348e-002
 1.690300e+000  2.588056e-001  3.982301e-002
 1.693030e+000  2.868171e-001  3.970467e-002
 1.695760e+000  2.713656e-001  4.021922e-002
 1.698490e+000  2.334962e-001  4.024972e-002
 1.701230e+000  2.429451e-001  3.979971e-002
 1.703960e+000  2.751352e-001  3.974568e-002
 1.706690e+000  2.773138e-001  3.991442e-002
 1.709420e+000  2.708108e-001  3.976962e-002
 1.712160e+000  2.743217e-001  3.954711e-002
 1.714890e+000  2.739398e-001  3.983847e-002
 1.717620e+000  2.449109e-001  3.981872e-002
 1.720350e+000  2.514363e-001  3.933149e-002
 1.723090e+000  2.557831e-001  3.982292e-002
 1.725820e+000  3.103004e-001  4.020786e-002
 1.728550e+000  3.141024e-001  3.956257e-002
 1.731280e+000  2.822107e-001  3.980905e-002
 1.734010e+000  2.954987e-001  4.004547e-002
 1.736750e+000  2.463023e-001  3.959628e-002
 1.739480e+000  2.539787e-001  3.963213e-002
 1.742210e+000  3.061393e-001  3.986146e-002
 1.744940e+000  2.595371e-001  3.975748e-002
 1.747680e+000  2.522806e-001  3.960255e-002
 1.750410e+000  2.777542e-001  3.960759e-002
 1.753140e+000  2.621294e-001  3.906475e-002
 1.755870e+000  2.671408e-001  3.875708e-002
 1.758610e+000  2.705971e-001  3.943782e-002
 1.761340e+000  2.346060e-001  3.989498e-002
 1.764070e+000  2.589844e-001  3.965272e-002
 1.766800e+000  2.933818e-001  3.991100e-002
 1.769530e+000  2.643878e-001  3.965903e-002
 1.772270e+000  2.566405e-001  4.009011e-002
 1.775000e+000  2.316887e-001  3.991267e-002
 1.777730e+000  2.713045e-001  3.983647e-002
 1.780460e+000  2.803714e-001  3.973228e-002
 1.783200e+000  2.589769e-001  3.955034e-002
 1.785930e+000  2.566659e-001  3.928960e-002
 1.788660e+000  2.665645e-001  3.979452e-002
 1.791390e+000  2.233879e-001  3.921758e-002
 1.794130e+000  2.123369e-001  3.932221e-002
 1.796860e+000  2.146154e-001  3.973428e-002
 1.799590e+000  2.547871e-001  4.001935e-002
 1.802320e+000  2.363209e-001  3.954782e-002
 1.805050e+000  2.412981e-001  3.968331e-002
 1.807790e+000  2.647239e-001  3.989374e-002
 1.810520e+000  2.424710e-001  3.955449e-002
 1.813250e+000  2.618980e-001  3.957240e-002
 1.815980e+000  2.500068e-001  3.930840e-002
 1.818720e+000  2.344667e-001  3.947013e-002
 1.821450e+000  2.180173e-001  3.927676e-002
 1.824180e+000  2.320947e-001  3.961461e-002
 1.826910e+000  2.558427e-001  3.957429e-002
 1.829650e+000  2.444203e-001  3.991100e-002
 1.832380e+000  2.494344e-001  3.979308e-002
 1.835110e+000  2.289480e-001  3.979620e-002
 1.837840e+000  2.201205e-001  3.952415e-002
 1.840570e+000  2.331941e-001  3.969355e-002
 1.843310e+000  2.474351e-001  3.989631e-002
 1.846040e+000  2.582932e-001  4.007905e-002
 1.848770e+000  2.551538e-001  3.957420e-002
 1.851500e+000  2.414145e-001  3.936623e-002
 1.854240e+000  2.299446e-001  3.947998e-002
 1.856970e+000  2.631500e-001  3.990838e-002
 1.859700e+000  2.427140e-001  3.956945e-002
 1.862430e+000  2.532711e-001  3.936980e-002
 1.865170e+000  2.544697e-001  3.986095e-002
 1.867900e+000  2.342215e-001  3.990856e-002
 1.870630e+000  2.132118e-001  3.954798e-002
 1.873360e+000  2.070703e-001  3.860309e-002
 1.876090e+000  2.396426e-001  3.926440e-002
 1.878830e+000  2.135177e-001  3.940683e-002
 1.881560e+000  1.816127e-001  3.919352e-002
 1.884290e+000  2.132173e-001  3.931765e-002
 1.887020e+000  2.041330e-001  3.900634e-002
 1.889760e+000  2.246257e-001  3.890723e-002
 1.892490e+000  2.317800e-001  3.899316e-002
 1.895220e+000  2.044933e-001  3.912276e-002
 1.897950e+000  2.460631e-001  3.910807e-002
 1.900690e+000  2.558087e-001  3.962575e-002
 1.903420e+000  2.370858e-001  3.885332e-002
 1.906150e+000  2.430057e-001  3.907924e-002
 1.908880e+000  2.699028e-001  3.961670e-002
 1.911610e+000  2.221529e-001  3.906141e-002
 1.914350e+000  2.174684e-001  3.939955e-002
 1.917080e+000  2.268755e-001  3.923888e-002
 1.919810e+000  2.206311e-001  3.930266e-002
 1.922540e+000  2.206207e-001  3.909700e-002
 1.925280e+000  2.272581e-001  3.922675e-002
 1.928010e+000  2.369134e-001  3.877840e-002
 1.930740e+000  2.403004e-001  3.932028e-002
 1.933470e+000  2.088318e-001  4.104809e-002
 1.936210e+000  2.542815e-001  3.980278e-002
 1.938940e+000  2.719411e-001  3.883700e-002
 1.941670e+000  2.526815e-001  3.896343e-002
 1.944400e+000  2.417352e-001  3.928416e-002
 1.947130e+000  2.377623e-001  3.933858e-002
 1.949870e+000  2.067277e-001  3.941644e-002
 1.952600e+000  2.100753e-001  3.888223e-002
 1.955330e+000  2.123825e-001  3.880959e-002
 1.958060e+000  2.002650e-001  3.902741e-002
 1.960800e+000  2.220935e-001  3.877767e-002
 1.963530e+000  2.204063e-001  3.910271e-002
 1.966260e+000  1.928457e-001  3.913034e-002
 1.968990e+000  2.221738e-001  3.874493e-002
 1.971730e+000  2.183982e-001  3.918484e-002
 1.974460e+000  2.251722e-001  3.892841e-002
 1.977190e+000  2.365716e-001  3.914852e-002
 1.979920e+000  2.499622e-001  3.904420e-002
 1.982650e+000  2.119322e-001  3.942999e-002
 1.985390e+000  2.435718e-001  3.951429e-002
 1.988120e+000  2.301653e-001  3.920333e-002
 1.990850e+000  2.283966e-001  3.953177e-002
 1.993580e+000  2.126563e-001  3.931203e-002
 1.996320e+000  1.580695e-001  3.904266e-002
 1.999050e+000  1.796662e-001  3.873703e-002
 2.001780e+000  2.257576e-001  3.886442e-002
 2.004510e+000  2.130048e-001  3.876425e-002
 2.007250e+000  2.045962e-001  3.893391e-002
 2.009980e+000  2.051936e-001  3.884959e-002
 2.012710e+000  1.866828e-001  3.901659e-002
 2.015440e+000  1.439754e-001  3.903883e-002
 2.018170e+000  1.716274e-001  3.877790e-002
 2.020910e+000  2.024657e-001  3.858343e-002
 2.023640e+000  1.983589e-001  3.926391e-002
 2.026370e+000  1.653558e-001  3.956769e-002
 2.029100e+000  2.161752e-001  3.960073e-002
 2.031840e+000  2.099656e-001  3.918334e-002
 2.034570e+000  1.615397e-001  3.936063e-002
 2.037300e+000  1.524683e-001  3.889371e-002
 2.040030e+000  1.791087e-001  3.883011e-002
 2.042770e+000  1.908852e-001  3.875519e-002
 2.045500e+000  1.894877e-001  3.860705e-002
 2.048230e+000  2.166233e-001  3.896099e-002
 2.050960e+000  1.990008e-001  3.956295e-002
 2.053690e+000  1.736853e-001  3.903767e-002
 2.056430e+000  1.951368e-001  3.895953e-002
 2.059160e+000  2.002015e-001  3.888647e-002
 2.061890e+000  2.135678e-001  3.909296e-002
 2.064620e+000  1.967679e-001  3.940444e-002
 2.067360e+000  1.589878e-001  3.898670e-002
 2.070090e+000  1.791905e-001  3.868114e-002
 2.072820e+000  1.981637e-001  3.866502e-002
 2.075550e+000  2.001623e-001  3.909171e-002
 2.078290e+000  1.837856e-001  3.923235e-002
 2.081020e+000  2.065274e-001  3.941174e-002
 2.083750e+000  1.874060e-001  3.960642e-002
 2.086480e+000  1.811306e-001  3.915429e-002
 2.089210e+000  1.945811e-001  3.880941e-002
 2.091950e+000  1.766294e-001  3.883729e-002
 2.094680e+000  1.779587e-001  3.878361e-002
 2.097410e+000  2.032530e-001  3.918198e-002
 2.100140e+000  1.856450e-001  3.899247e-002
 2.102880e+000  2.043781e-001  3.917408e-002
 2.105610e+000  1.718439e-001  3.923191e-002
 2.108340e+000  1.617610e-001  3.856896e-002
 2.111070e+000  1.712162e-001  3.869933e-002
 2.113810e+000  1.658903e-001  3.889864e-002
 2.116540e+000  1.602054e-001  3.884267e-002
 2.119270e+000  1.738251e-001  3.905561e-002
 2.122000e+000  1.666921e-001  3.872329e-002
 2.124730e+000  1.356800e-001  3.846786e-002
 2.127470e+000  1.671856e-001  3.881830e-002
 2.130200e+000  2.016346e-001  3.949980e-002
 2.132930e+000  1.963591e-001  3.882729e-002
 2.135660e+000  1.858086e-001  3.812082e-002
 2.138400e+000  1.568700e-001  3.858141e-002
 2.141130e+000  1.446550e-001  3.881559e-002
 2.143860e+000  1.844323e-001  3.893324e-002
 2.146590e+000  1.709682e-001  3.857228e-002
 2.149330e+000  1.574057e-001  3.875721e-002
 2.152060e+000  1.760855e-001  3.897758e-002
 2.154790e+000  1.612046e-001  3.901210e-002
 2.157520e+000  1.891894e-001  3.885477e-002
 2.160250e+000  1.859929e-001  3.892580e-002
 2.162990e+000  2.218483e-001  3.917129e-002
 2.165720e+000  1.565852e-001  3.875900e-002
 2.168450e+000  1.614935e-001  3.858366e-002
 2.171180e+000  1.723453e-001  3.885635e-002
 2.173920e+000  1.263999e-001  3.850707e-002
 2.176650e+000  1.331807e-001  3.854375e-002
 2.179380e+000  1.549680e-001  3.878185e-002
 2.182110e+000  1.192045e-001  3.869618e-002
 2.184850e+000  1.290209e-001  3.839113e-002
 2.187580e+000  1.730750e-001  3.849643e-002
 2.190310e+000  1.689086e-001  3.824051e-002
 2.193040e+000  1.666566e-001  3.821902e-002
 2.195770e+000  1.418800e-001  3.849033e-002
 2.198510e+000  1.672809e-001  3.846164e-002
 2.201240e+000  1.723903e-001  3.883054e-002
 2.203970e+000  1.757950e-001  3.876330e-002
 2.206700e+000  1.864547e-001  3.847607e-002
 2.209440e+000  1.654004e-001  3.864281e-002
 2.212170e+000  1.439206e-001  3.829356e-002
 2.214900e+000  1.406524e-001  3.830573e-002
 2.217630e+000  1.698209e-001  3.809763e-002
 2.220370e+000  1.521650e-001  3.863281e-002
 2.223100e+000  1.643475e-001  3.837770e-002
 2.225830e+000  1.956503e-001  3.836890e-002
 2.228560e+000  1.640367e-001  3.888831e-002
 2.231290e+000  1.481426e-001  3.888833e-002
 2.234030e+000  1.693551e-001  3.867490e-002
 2.236760e+000  1.689710e-001  3.844699e-002
 2.239490e+000  1.626874e-001  3.793497e-002
 2.242220e+000  1.340942e-001  3.782016e-002
 2.244960e+000  1.609196e-001  3.852121e-002
 2.247690e+000  1.192801e-001  3.840628e-002
 2.250420e+000  1.362359e-001  3.912100e-002
 2.253150e+000  1.833668e-001  3.905675e-002
 2.255890e+000  1.739454e-001  3.897617e-002
 2.258620e+000  1.677794e-001  3.857595e-002
 2.261350e+000  1.506076e-001  3.810884e-002
 2.264080e+000  1.904721e-001  3.892788e-002
 2.266810e+000  1.667441e-001  3.819467e-002
 2.269550e+000  1.203600e-001  3.805522e-002
 2.272280e+000  1.689202e-001  3.820704e-002
 2.275010e+000  1.526252e-001  3.847342e-002
 2.277740e+000  1.575153e-001  3.842642e-002
 2.280480e+000  1.261567e-001  3.917935e-002
 2.283210e+000  1.260715e-001  3.886424e-002
 2.285940e+000  1.574182e-001  3.882046e-002
 2.288670e+000  1.367264e-001  3.828425e-002
 2.291410e+000  1.704775e-001  3.871927e-002
 2.294140e+000  1.667904e-001  3.840463e-002
 2.296870e+000  1.638088e-001  3.849521e-002
 2.299600e+000  1.665580e-001  3.841137e-002
 2.302330e+000  1.328652e-001  3.843484e-002
 2.305070e+000  1.464432e-001  3.860556e-002
 2.307800e+000  1.610733e-001  3.836682e-002
 2.310530e+000  1.354622e-001  3.822442e-002
 2.313260e+000  1.592202e-001  3.796542e-002
 2.316000e+000  2.068585e-001  3.838507e-002
 2.318730e+000  1.589960e-001  3.819062e-002
 2.321460e+000  1.375789e-001  3.774419e-002
 2.324190e+000  1.393677e-001  3.820579e-002
 2.326930e+000  1.291868e-001  3.834676e-002
 2.329660e+000  1.076641e-001  3.814523e-002
 2.332390e+000  1.843554e-001  3.846514e-002
 2.335120e+000  1.482307e-001  3.834245e-002
 2.337850e+000  1.749483e-001  3.863088e-002
 2.340590e+000  1.488770e-001  3.822204e-002
 2.343320e+000  1.318245e-001  3.798590e-002
 2.346050e+000  1.336813e-001  3.797245e-002
 2.348780e+000  1.391430e-001  3.823319e-002
 2.351520e+000  1.137944e-001  3.844057e-002
 2.354250e+000  1.540339e-001  3.773474e-002
 2.356980e+000  1.609793e-001  3.788928e-002
 2.359710e+000  1.051776e-001  3.745890e-002
 2.362450e+000  1.139649e-001  3.766865e-002
 2.365180e+000  1.227527e-001  3.777375e-002
 2.367910e+000  1.581046e-001  3.839278e-002
 2.370640e+000  1.236515e-001  3.845821e-002
 2.373370e+000  1.185051e-001  3.791543e-002
 2.376110e+000  1.128323e-001  3.801600e-002
 2.378840e+000  1.241824e-001  3.778203e-002
 2.381570e+000  9.991898e-002  3.788647e-002
 2.384300e+000  1.131549e-001  3.791349e-002
 2.387040e+000  1.551336e-001  3.823403e-002
 2.389770e+000  1.693417e-001  3.856761e-002
 2.392500e+000  1.581415e-001  3.835583e-002
 2.395230e+000  1.026159e-001  3.821889e-002
 2.397970e+000  7.989714e-002  3.773408e-002
 2.400700e+000  1.055432e-001  3.770141e-002
 2.403430e+000  1.312036e-001  3.813164e-002
 2.406160e+000  1.129136e-001  3.806006e-002
 2.408890e+000  1.421326e-001  3.755552e-002
 2.411630e+000  1.457993e-001  3.805439e-002
 2.414360e+000  1.122571e-001  3.800065e-002
 2.417090e+000  1.115418e-001  3.805045e-002
 2.419820e+000  1.323826e-001  3.766662e-002
 2.422560e+000  1.281679e-001  3.768155e-002
 2.425290e+000  1.338604e-001  3.794269e-002
 2.428020e+000  1.597662e-001  3.762428e-002
 2.430750e+000  1.685346e-001  3.788809e-002
 2.433490e+000  1.304857e-001  3.827983e-002
 2.436220e+000  1.127713e-001  3.811466e-002
 2.438950e+000  1.210594e-001  3.749765e-002
 2.441680e+000  1.382136e-001  3.790371e-002
 2.444410e+000  1.400385e-001  3.763683e-002
 2.447150e+000  1.505385e-001  3.797330e-002
 2.449880e+000  1.777150e-001  3.836161e-002
 2.452610e+000  1.573160e-001  3.805292e-002
 2.455340e+000  1.491536e-001  3.767319e-002
 2.458080e+000  1.037235e-001  3.818916e-002
 2.460810e+000  1.188250e-001  3.817045e-002
 2.463540e+000  1.018509e-001  3.768254e-002
 2.466270e+000  1.103711e-001  3.778752e-002
 2.469010e+000  1.019832e-001  3.810004e-002
 2.471740e+000  1.158113e-001  3.813793e-002
 2.474470e+000  1.255035e-001  3.792121e-002
 2.477200e+000  1.510887e-001  3.760250e-002
 2.479930e+000  1.309797e-001  3.761131e-002
 2.482670e+000  1.430513e-001  3.767374e-002
 2.485400e+000  1.593554e-001  3.796544e-002
 2.488130e+000  1.867151e-001  3.829107e-002
 2.490860e+000  1.230148e-001  3.783143e-002
 2.493600e+000  1.168963e-001  3.802686e-002
 2.496330e+000  1.277129e-001  3.803107e-002
 2.499060e+000  9.630824e-002  3.811407e-002
 2.501790e+000  1.065804e-001  3.794337e-002
 2.504530e+000  1.302591e-001  3.801147e-002
 2.507260e+000  1.525824e-001  3.814267e-002
 2.509990e+000  1.161772e-001  3.765548e-002
 2.512720e+000  1.288868e-001  3.773052e-002
 2.515450e+000  1.606390e-001  3.756040e-002
 2.518190e+000  1.474683e-001  3.752639e-002
 2.520920e+000  1.664321e-001  3.766435e-002
 2.523650e+000  1.357605e-001  3.790001e-002
 2.526380e+000  1.126745e-001  3.747669e-002
 2.529120e+000  1.274608e-001  3.775306e-002
 2.531850e+000  1.410667e-001  3.795998e-002
 2.534580e+000  1.324502e-001  3.756596e-002
 2.537310e+000  9.501243e-002  3.749643e-002
 2.540050e+000  1.223404e-001  3.784068e-002
 2.542780e+000  1.181239e-001  3.818718e-002
 2.545510e+000  1.174868e-001  3.777763e-002
 2.548240e+000  1.248812e-001  3.783085e-002
 2.550970e+000  1.241679e-001  3.776779e-002
 2.553710e+000  1.294167e-001  3.812293e-002
 2.556440e+000  1.298764e-001  3.771939e-002
 2.559170e+000  1.674470e-001  3.760553e-002
 2.561900e+000  1.302174e-001  3.762823e-002
 2.564640e+000  1.503428e-001  3.799577e-002
 2.567370e+000  1.220223e-001  3.742789e-002
 2.570100e+000  1.301193e-001  3.724996e-002
 2.572830e+000  1.353328e-001  3.758306e-002
 2.575570e+000  1.236978e-001  3.761176e-002
 2.578300e+000  1.089016e-001  3.821246e-002
 2.581030e+000  9.151160e-002  4.244012e-002
 2.583760e+000  9.445275e-002  4.473779e-002
 2.586490e+000  1.269620e-001  4.578730e-002
 2.589230e+000  1.394929e-001  4.685164e-002
 2.591960e+000  1.009543e-001  4.885431e-002
 2.594690e+000  1.691809e-001  5.092464e-002
 2.597420e+000  1.202909e-001  5.297288e-002
 2.600160e+000  1.144774e-001  5.482528e-002
 2.602890e+000  1.683640e-001  5.582574e-002
 2.605620e+000  1.124153e-001  5.646098e-002
 2.608350e+000  7.867598e-002  5.715072e-002
 2.611090e+000  6.638141e-002  5.763292e-002
 2.613820e+000  1.537120e-001  4.938831e-002
 2.616550e+000  1.718552e-001  4.628078e-002
 2.619280e+000  1.407279e-001  4.446961e-002
 2.622010e+000  1.078979e-001  4.353251e-002
 2.624750e+000  1.585592e-001  4.315802e-002
 2.627480e+000  1.285618e-001  4.211610e-002
 2.630210e+000  1.143178e-001  4.210984e-002
 2.632940e+000  9.409339e-002  4.166619e-002
 2.635680e+000  1.271866e-001  4.119281e-002
 2.638410e+000  1.355652e-001  4.140739e-002
 2.641140e+000  1.260935e-001  4.131798e-002
 2.643870e+000  9.967582e-002  4.061373e-002
 2.646610e+000  1.149886e-001  4.032185e-002
 2.649340e+000  1.183190e-001  4.085447e-002
 2.652070e+000  9.880559e-002  4.046896e-002
 2.654800e+000  1.439570e-001  4.055785e-002
 2.657530e+000  1.104666e-001  4.007233e-002
 2.660270e+000  1.072180e-001  4.017301e-002
 2.663000e+000  1.119260e-001  4.064678e-002
 2.665730e+000  7.938378e-002  4.108709e-002
 2.668460e+000  1.062420e-001  4.079286e-002
 2.671200e+000  1.230821e-001  3.999990e-002
 2.673930e+000  1.030689e-001  4.045090e-002
 2.676660e+000  1.055664e-001  4.041350e-002
 2.679390e+000  1.057199e-001  4.016503e-002
 2.682130e+000  1.123587e-001  3.982968e-002
 2.684860e+000  1.047549e-001  3.989003e-002
 2.687590e+000  9.649748e-002  3.975512e-002
 2.690320e+000  9.309368e-002  3.972018e-002
 2.693050e+000  9.776812e-002  3.952274e-002
 2.695790e+000  1.010961e-001  3.975914e-002
 2.698520e+000  1.285554e-001  3.999692e-002
 2.701250e+000  1.199016e-001  3.985469e-002
 2.703980e+000  8.586606e-002  3.866809e-002
 2.706720e+000  9.105068e-002  3.884103e-002
 2.709450e+000  1.177344e-001  3.876555e-002
 2.712180e+000  1.288931e-001  3.856587e-002
 2.714910e+000  1.370043e-001  3.811636e-002
 2.717650e+000  1.784628e-001  3.866640e-002
 2.720380e+000  1.563430e-001  3.842709e-002
 2.723110e+000  1.202089e-001  3.827850e-002
 2.725840e+000  1.074421e-001  3.818817e-002
 2.728570e+000  8.598607e-002  3.755660e-002
 2.731310e+000  1.124635e-001  3.770630e-002
 2.734040e+000  1.070766e-001  3.764602e-002
 2.736770e+000  1.302989e-001  3.788742e-002
 2.739500e+000  1.302212e-001  3.771281e-002
 2.742240e+000  5.854420e-002  3.712135e-002
 2.744970e+000  6.175221e-002  3.786715e-002
 2.747700e+000  1.116301e-001  3.798270e-002
 2.750430e+000  1.247907e-001  3.819033e-002
 2.753170e+000  1.344410e-001  3.774664e-002
 2.755900e+000  9.354347e-002  3.795235e-002
 2.758630e+000  1.198817e-001  3.835314e-002
 2.761360e+000  1.529670e-001  3.817066e-002
 2.764090e+000  1.396030e-001  3.767616e-002
 2.766830e+000  1.261355e-001  3.798632e-002
 2.769560e+000  7.171174e-002  3.774401e-002
 2.772290e+000  1.016287e-001  3.757147e-002
 2.775020e+000  1.124645e-001  3.753604e-002
 2.777760e+000  1.080016e-001  3.723700e-002
 2.780490e+000  9.693029e-002  3.757360e-002
 2.783220e+000  1.276873e-001  3.738959e-002
 2.785950e+000  1.365109e-001  3.742448e-002
 2.788690e+000  1.305905e-001  3.744105e-002
 2.791420e+000  1.279103e-001  3.751960e-002
 2.794150e+000  1.342974e-001  3.770799e-002
 2.796880e+000  1.512783e-001  3.755624e-002
 2.799610e+000  1.577039e-001  3.725254e-002
 2.802350e+000  1.212045e-001  3.742934e-002
 2.805080e+000  1.082268e-001  3.736337e-002
 2.807810e+000  1.025941e-001  3.716445e-002
 2.810540e+000  1.292370e-001  3.727105e-002
 2.813280e+000  1.194038e-001  3.726495e-002
 2.816010e+000  8.149866e-002  3.766115e-002
 2.818740e+000  9.412413e-002  3.741973e-002
 2.821470e+000  9.066935e-002  3.744211e-002
 2.824210e+000  1.050439e-001  3.769949e-002
 2.826940e+000  1.157980e-001  3.781004e-002
 2.829670e+000  1.463501e-001  3.751063e-002
 2.832400e+000  1.073045e-001  3.740977e-002
 2.835130e+000  8.035096e-002  3.729966e-002
 2.837870e+000  1.093157e-001  3.722067e-002
 2.840600e+000  1.038276e-001  3.756665e-002
 2.843330e+000  8.858603e-002  3.749215e-002
 2.846060e+000  1.104551e-001  3.702577e-002
 2.848800e+000  1.123850e-001  3.680704e-002
 2.851530e+000  1.214008e-001  3.713469e-002
 2.854260e+000  1.231779e-001  3.751546e-002
 2.856990e+000  1.182126e-001  3.713764e-002
 2.859730e+000  9.497343e-002  3.712520e-002
 2.862460e+000  9.926838e-002  3.705100e-002
 2.865190e+000  9.860545e-002  3.710309e-002
 2.867920e+000  9.116082e-002  3.747489e-002
 2.870650e+000  1.415983e-001  3.707794e-002
 2.873390e+000  1.295709e-001  3.715206e-002
 2.876120e+000  1.066460e-001  3.752196e-002
 2.878850e+000  1.466912e-001  3.778237e-002
 2.881580e+000  1.579702e-001  3.763842e-002
 2.884320e+000  1.490826e-001  3.735062e-002
 2.887050e+000  1.146678e-001  3.687787e-002
 2.889780e+000  9.821758e-002  3.734219e-002
 2.892510e+000  1.188945e-001  3.770400e-002
 2.895250e+000  1.582893e-001  3.770787e-002
 2.897980e+000  1.245024e-001  3.706658e-002
 2.900710e+000  8.883687e-002  3.719222e-002
 2.903440e+000  9.131370e-002  3.749241e-002
 2.906170e+000  9.462159e-002  3.748163e-002
 2.908910e+000  1.402145e-001  3.764297e-002
 2.911640e+000  1.102194e-001  3.743706e-002
 2.914370e+000  1.005419e-001  3.714890e-002
 2.917100e+000  1.327405e-001  3.717755e-002
 2.919840e+000  1.160483e-001  3.735012e-002
 2.922570e+000  6.708953e-002  3.711787e-002
 2.925300e+000  8.102311e-002  3.658402e-002
 2.928030e+000  1.251453e-001  3.693542e-002
 2.930770e+000  1.147675e-001  3.755655e-002
 2.933500e+000  1.358797e-001  3.764480e-002
 2.936230e+000  1.460970e-001  3.726096e-002
 2.938960e+000  1.230007e-001  3.723843e-002
 2.941690e+000  8.479298e-002  3.718355e-002
 2.944430e+000  6.562934e-002  3.710222e-002
 2.947160e+000  1.042157e-001  3.723402e-002
 2.949890e+000  9.567667e-002  3.734679e-002
 2.952620e+000  1.317508e-001  3.701074e-002
 2.955360e+000  1.222442e-001  3.714780e-002
 2.958090e+000  8.662716e-002  3.739372e-002
 2.960820e+000  1.032025e-001  3.734008e-002
 2.963550e+000  8.729352e-002  3.730886e-002
 2.966290e+000  9.013102e-002  3.732650e-002
 2.969020e+000  9.797457e-002  3.726066e-002
 2.971750e+000  1.070512e-001  3.724382e-002
 2.974480e+000  1.400066e-001  3.714050e-002
 2.977210e+000  1.133681e-001  3.685734e-002
 2.979950e+000  1.235804e-001  3.690552e-002
 2.982680e+000  1.309693e-001  3.736985e-002
 2.985410e+000  1.207813e-001  3.717315e-002
 2.988140e+000  1.228858e-001  3.730287e-002
 2.990880e+000  1.185631e-001  3.703305e-002
 2.993610e+000  1.179108e-001  3.693076e-002
 2.996340e+000  8.957919e-002  3.706351e-002
 2.999070e+000  1.426377e-001  3.699963e-002
 3.001810e+000  9.709069e-002  3.700944e-002
 3.004540e+000  8.727369e-002  3.708394e-002
 3.007270e+000  9.016195e-002  3.731484e-002
 3.010000e+000  1.219385e-001  3.727623e-002
 3.012730e+000  1.056598e-001  3.751773e-002
 3.015470e+000  9.262015e-002  3.731799e-002
 3.018200e+000  9.836709e-002  3.704569e-002
 3.020930e+000  9.073829e-002  3.743302e-002
 3.023660e+000  7.959227e-002  3.747767e-002
 3.026400e+000  6.756773e-002  3.695316e-002
 3.029130e+000  1.142592e-001  3.708829e-002
 3.031860e+000  1.389947e-001  3.770974e-002
 3.034590e+000  1.226030e-001  3.738580e-002
 3.037330e+000  9.258233e-002  3.748494e-002
 3.040060e+000  9.929603e-002  3.708930e-002
 3.042790e+000  1.343657e-001  3.726145e-002
 3.045520e+000  1.058933e-001  3.696391e-002
 3.048250e+000  7.276979e-002  3.689632e-002
 3.050990e+000  9.107642e-002  3.673114e-002
 3.053720e+000  1.318963e-001  3.716522e-002
 3.056450e+000  1.072598e-001  3.697579e-002
 3.059180e+000  8.718263e-002  3.680645e-002
 3.061920e+000  1.110438e-001  3.682318e-002
 3.064650e+000  1.238295e-001  3.696441e-002
 3.067380e+000  9.048906e-002  3.687186e-002
 3.070110e+000  1.262184e-001  3.663710e-002
 3.072850e+000  1.345352e-001  3.725862e-002
 3.075580e+000  1.373968e-001  3.692032e-002
 3.078310e+000  1.296689e-001  3.669688e-002
 3.081040e+000  9.371475e-002  3.787923e-002
 3.083770e+000  1.177269e-001  3.749219e-002
 3.086510e+000  1.068326e-001  3.736483e-002
 3.089240e+000  9.351924e-002  3.718071e-002
 3.091970e+000  6.499192e-002  3.692722e-002
 3.094700e+000  1.323615e-001  3.714009e-002
 3.097440e+000  1.038657e-001  3.713104e-002
 3.100170e+000  8.889659e-002  3.695465e-002
 3.102900e+000  8.062608e-002  3.690750e-002
 3.105630e+000  1.158768e-001  3.686883e-002
 3.108370e+000  1.268522e-001  3.678531e-002
 3.111100e+000  1.274654e-001  3.669615e-002
 3.113830e+000  1.562195e-001  3.680330e-002
 3.116560e+000  1.297738e-001  3.736834e-002
 3.119290e+000  1.499746e-001  3.732648e-002
 3.122030e+000  1.087082e-001  3.685757e-002
 3.124760e+000  1.075526e-001  3.676993e-002
 3.127490e+000  1.161759e-001  3.668662e-002
 3.130220e+000  1.213515e-001  3.726949e-002
 3.132960e+000  1.245687e-001  3.736090e-002
 3.135690e+000  1.411466e-001  3.736275e-002
 3.138420e+000  1.012854e-001  3.724427e-002
 3.141150e+000  8.593393e-002  3.660282e-002
 3.143890e+000  9.245671e-002  3.637289e-002
 3.146620e+000  1.214453e-001  3.704284e-002
 3.149350e+000  1.044063e-001  3.660770e-002
 3.152080e+000  7.200383e-002  3.666349e-002
 3.154810e+000  8.596547e-002  3.650834e-002
 3.157550e+000  1.013413e-001  3.703518e-002
 3.160280e+000  9.790164e-002  3.704132e-002
 3.163010e+000  1.080602e-001  3.752999e-002
 3.165740e+000  1.156225e-001  3.678431e-002
 3.168480e+000  9.617191e-002  3.656237e-002
 3.171210e+000  1.033442e-001  3.680375e-002
 3.173940e+000  1.070685e-001  3.659265e-002
 3.176670e+000  9.258718e-002  3.655031e-002
 3.179410e+000  1.112641e-001  3.710311e-002
 3.182140e+000  1.270049e-001  3.713679e-002
 3.184870e+000  9.992076e-002  3.664656e-002
 3.187600e+000  1.188247e-001  3.667596e-002
 3.190330e+000  1.017662e-001  3.666435e-002
 3.193070e+000  1.027546e-001  3.679285e-002
 3.195800e+000  1.249288e-001  3.654826e-002
 3.198530e+000  1.039575e-001  3.703599e-002
 3.201260e+000  1.002707e-001  3.701459e-002
 3.204000e+000  1.302887e-001  3.704802e-002
 3.206730e+000  1.007292e-001  3.696531e-002
 3.209460e+000  1.219355e-001  3.683769e-002
 3.212190e+000  1.119066e-001  3.635756e-002
 3.214930e+000  1.092673e-001  3.639393e-002
 3.217660e+000  8.122865e-002  3.678205e-002
 3.220390e+000  5.306991e-002  3.660447e-002
 3.223120e+000  1.037835e-001  3.668253e-002
 3.225850e+000  1.066772e-001  3.633631e-002
 3.228590e+000  7.829684e-002  3.664639e-002
 3.231320e+000  9.322724e-002  3.636037e-002
 3.234050e+000  1.179836e-001  3.616118e-002
 3.236780e+000  1.352328e-001  3.618046e-002
 3.239520e+000  1.592979e-001  3.712961e-002
 3.242250e+000  1.538248e-001  3.677874e-002
 3.244980e+000  1.245353e-001  3.648049e-002
 3.247710e+000  1.611824e-001  3.699500e-002
 3.250450e+000  1.036880e-001  3.705067e-002
 3.253180e+000  9.822551e-002  3.729638e-002
 3.255910e+000  1.214900e-001  3.696353e-002
 3.258640e+000  1.343391e-001  3.719523e-002
 3.261370e+000  1.477111e-001  3.643335e-002
 3.264110e+000  1.221691e-001  3.618499e-002
 3.266840e+000  1.344729e-001  3.620456e-002
 3.269570e+000  1.264027e-001  3.651894e-002
 3.272300e+000  1.073306e-001  3.621067e-002
 3.275040e+000  1.030662e-001  3.668710e-002
 3.277770e+000  1.355394e-001  3.685170e-002
 3.280500e+000  1.666885e-001  3.754590e-002
 3.283230e+000  1.111507e-001  3.658339e-002
 3.285970e+000  8.016079e-002  3.632109e-002
 3.288700e+000  9.424561e-002  3.672982e-002
 3.291430e+000  1.381962e-001  3.650335e-002
 3.294160e+000  1.271345e-001  3.672392e-002
 3.296890e+000  1.362801e-001  3.639031e-002
 3.299630e+000  1.343210e-001  3.600100e-002
 3.302360e+000  1.215414e-001  3.636013e-002
 3.305090e+000  1.458124e-001  3.677643e-002
 3.307820e+000  9.438013e-002  3.632521e-002
 3.310560e+000  8.482053e-002  3.610005e-002
 3.313290e+000  8.283998e-002  3.636405e-002
 3.316020e+000  1.564616e-001  3.677955e-002
 3.318750e+000  1.331384e-001  3.658332e-002
 3.321490e+000  1.334479e-001  3.663415e-002
 3.324220e+000  1.441537e-001  3.640148e-002
 3.326950e+000  1.016856e-001  3.662475e-002
 3.329680e+000  1.195545e-001  3.634703e-002
 3.332410e+000  1.448933e-001  3.654437e-002
 3.335150e+000  1.554094e-001  3.656686e-002
 3.337880e+000  1.265686e-001  3.660187e-002
 3.340610e+000  1.104268e-001  3.621704e-002
 3.343340e+000  1.036836e-001  3.638395e-002
 3.346080e+000  9.142634e-002  3.647778e-002
 3.348810e+000  1.018559e-001  3.624565e-002
 3.351540e+000  7.585480e-002  3.581135e-002
 3.354270e+000  9.444593e-002  3.632593e-002
 3.357010e+000  1.286696e-001  3.633856e-002
 3.359740e+000  1.271347e-001  3.636216e-002
 3.362470e+000  1.181138e-001  3.659098e-002
 3.365200e+000  1.303770e-001  3.633201e-002
 3.367930e+000  1.324959e-001  3.638701e-002
 3.370670e+000  1.368371e-001  3.671581e-002
 3.373400e+000  1.029357e-001  3.672182e-002
 3.376130e+000  7.890774e-002  3.647373e-002
 3.378860e+000  8.529393e-002  3.654204e-002
 3.381600e+000  1.143609e-001  3.631539e-002
 3.384330e+000  1.459680e-001  3.598372e-002
 3.387060e+000  1.412510e-001  3.684143e-002
 3.389790e+000  1.129426e-001  3.617858e-002
 3.392530e+000  1.370399e-001  3.659798e-002
 3.395260e+000  1.486940e-001  3.653288e-002
 3.397990e+000  1.292637e-001  3.667251e-002
 3.400720e+000  9.675792e-002  3.613757e-002
 3.403450e+000  1.161721e-001  3.591559e-002
 3.406190e+000  1.062322e-001  3.660229e-002
 3.408920e+000  7.750655e-002  3.619939e-002
 3.411650e+000  9.784214e-002  3.679720e-002
 3.414380e+000  1.156597e-001  3.636728e-002
 3.417120e+000  1.131716e-001  3.643994e-002
 3.419850e+000  1.426438e-001  3.655366e-002
 3.422580e+000  1.445104e-001  3.628162e-002
 3.425310e+000  1.226847e-001  3.592281e-002
 3.428050e+000  1.004788e-001  3.634218e-002
 3.430780e+000  1.640935e-001  3.683554e-002
 3.433510e+000  1.008469e-001  3.615780e-002
 3.436240e+000  1.150057e-001  3.633595e-002
 3.438970e+000  9.270625e-002  3.622558e-002
 3.441710e+000  6.583961e-002  3.631067e-002
 3.444440e+000  1.055178e-001  3.635537e-002
 3.447170e+000  1.307117e-001  3.667466e-002
 3.449900e+000  1.085924e-001  3.618277e-002
 3.452640e+000  1.323202e-001  3.718357e-002
 3.455370e+000  1.366990e-001  3.636811e-002
 3.458100e+000  1.033699e-001  3.619460e-002
 3.460830e+000  9.896550e-002  3.610798e-002
 3.463570e+000  1.055260e-001  3.591433e-002
 3.466300e+000  1.263170e-001  3.664856e-002
 3.469030e+000  1.101496e-001  3.649835e-002
 3.471760e+000  9.527234e-002  3.672610e-002
 3.474490e+000  8.793773e-002  3.584914e-002
 3.477230e+000  1.215687e-001  3.607563e-002
 3.479960e+000  1.039768e-001  3.601267e-002
 3.482690e+000  1.314851e-001  3.630982e-002
 3.485420e+000  1.226712e-001  3.589513e-002
 3.488160e+000  1.059259e-001  3.611994e-002
 3.490890e+000  1.036243e-001  3.609779e-002
 3.493620e+000  1.346969e-001  3.662734e-002
 3.496350e+000  9.906820e-002  3.601777e-002
 3.499090e+000  1.192114e-001  3.620708e-002
 3.501820e+000  8.696322e-002  3.575215e-002
 3.504550e+000  8.536134e-002  3.580296e-002
 3.507280e+000  8.720314e-002  3.575895e-002
 3.510010e+000  1.154800e-001  3.643612e-002
 3.512750e+000  1.686105e-001  3.719329e-002
 3.515480e+000  1.413698e-001  3.650393e-002
 3.518210e+000  9.057967e-002  3.656649e-002
 3.520940e+000  1.233840e-001  3.629474e-002
 3.523680e+000  1.124971e-001  3.588263e-002
 3.526410e+000  1.485934e-001  3.635712e-002
 3.529140e+000  1.095764e-001  3.662139e-002
 3.531870e+000  1.135546e-001  3.603973e-002
 3.534610e+000  1.246549e-001  3.611702e-002
 3.537340e+000  1.287108e-001  3.591533e-002
 3.540070e+000  9.348179e-002  3.592607e-002
 3.542800e+000  1.329970e-001  3.588137e-002
 3.545530e+000  1.159186e-001  3.587842e-002
 3.548270e+000  8.988687e-002  3.621592e-002
 3.551000e+000  1.099372e-001  3.624989e-002
 3.553730e+000  1.417509e-001  3.675746e-002
 3.556460e+000  1.186508e-001  3.636246e-002
 3.559200e+000  6.662412e-002  3.562018e-002
 3.561930e+000  1.350634e-001  3.621754e-002
 3.564660e+000  1.126718e-001  3.577933e-002
 3.567390e+000  9.681429e-002  3.569471e-002
 3.570130e+000  1.280583e-001  3.610795e-002
 3.572860e+000  1.214454e-001  3.617651e-002
 3.575590e+000  6.762636e-002  3.613598e-002
 3.578320e+000  1.069734e-001  3.588425e-002
 3.581050e+000  1.237313e-001  3.635300e-002
 3.583790e+000  1.223993e-001  3.608296e-002
 3.586520e+000  1.280187e-001  3.633342e-002
 3.589250e+000  1.237403e-001  3.616638e-002
 3.591980e+000  1.444572e-001  3.593241e-002
 3.594720e+000  1.461007e-001  3.558374e-002
 3.597450e+000  1.080827e-001  3.602940e-002
 3.600180e+000  1.137809e-001  3.586664e-002
 3.602910e+000  1.113718e-001  3.600132e-002
 3.605650e+000  8.891143e-002  3.631851e-002
 3.608380e+000  1.155978e-001  3.642718e-002
 3.611110e+000  8.768507e-002  3.555649e-002
 3.613840e+000  1.580435e-001  3.634376e-002
 3.616570e+000  1.392649e-001  3.630832e-002
 3.619310e+000  1.152739e-001  3.602161e-002
 3.622040e+000  8.794342e-002  3.610753e-002
 3.624770e+000  1.170005e-001  3.606988e-002
 3.627500e+000  1.053203e-001  3.629143e-002
 3.630240e+000  1.057614e-001  3.595370e-002
 3.632970e+000  1.267073e-001  3.580982e-002
 3.635700e+000  9.750012e-002  3.605879e-002
 3.638430e+000  7.663607e-002  3.561481e-002
 3.641170e+000  1.168017e-001  3.612023e-002
 3.643900e+000  1.344762e-001  3.579845e-002
 3.646630e+000  1.523918e-001  3.623842e-002
 3.649360e+000  1.243650e-001  3.651883e-002
 3.652090e+000  9.634457e-002  3.561732e-002
 3.654830e+000  1.188506e-001  3.603957e-002
 3.657560e+000  1.085917e-001  3.614937e-002
 3.660290e+000  8.750585e-002  3.625361e-002
 3.663020e+000  1.162411e-001  3.568807e-002
 3.665760e+000  1.347180e-001  3.603465e-002
 3.668490e+000  1.315449e-001  3.592953e-002
 3.671220e+000  1.328715e-001  3.600894e-002
 3.673950e+000  9.567007e-002  3.584606e-002
 3.676690e+000  1.121904e-001  3.652002e-002
 3.679420e+000  9.767413e-002  3.601552e-002
 3.682150e+000  9.770618e-002  3.626122e-002
 3.684880e+000  1.199221e-001  3.573728e-002
 3.687610e+000  1.033795e-001  3.583548e-002
 3.690350e+000  1.106400e-001  3.589552e-002
 3.693080e+000  1.150361e-001  3.569933e-002
 3.695810e+000  1.244192e-001  3.568989e-002
 3.698540e+000  1.243436e-001  3.578709e-002
 3.701280e+000  8.874908e-002  3.587744e-002
 3.704010e+000  1.016729e-001  3.631050e-002
 3.706740e+000  1.300811e-001  3.630395e-002
 3.709470e+000  1.062625e-001  3.606121e-002
 3.712210e+000  7.328625e-002  3.572779e-002
 3.714940e+000  1.006620e-001  3.629839e-002
 3.717670e+000  7.866398e-002  3.549899e-002
 3.720400e+000  1.128144e-001  3.575091e-002
 3.723130e+000  1.078506e-001  3.555815e-002
 3.725870e+000  1.399687e-001  3.596059e-002
 3.728600e+000  1.529983e-001  3.603168e-002
 3.731330e+000  1.413640e-001  3.561790e-002
 3.734060e+000  1.468576e-001  3.552499e-002
 3.736800e+000  1.497583e-001  3.578365e-002
 3.739530e+000  1.630464e-001  3.517976e-002
 3.742260e+000  1.292341e-001  3.560232e-002
 3.744990e+000  1.129451e-001  3.587288e-002
 3.747730e+000  1.022308e-001  3.597127e-002
 3.750460e+000  1.422182e-001  3.602361e-002
 3.753190e+000  1.428219e-001  3.578540e-002
 3.755920e+000  1.194465e-001  3.575237e-002
 3.758650e+000  1.279289e-001  3.565835e-002
 3.761390e+000  1.297306e-001  3.620871e-002
 3.764120e+000  1.058969e-001  3.617260e-002
 3.766850e+000  1.293362e-001  3.626306e-002
 3.769580e+000  1.128729e-001  3.548146e-002
 3.772320e+000  1.473991e-001  3.568865e-002
 3.775050e+000  1.402355e-001  3.594768e-002
 3.777780e+000  1.001013e-001  3.541842e-002
 3.780510e+000  1.174743e-001  3.551821e-002
 3.783250e+000  1.562026e-001  3.570223e-002
 3.785980e+000  1.273766e-001  3.595762e-002
 3.788710e+000  1.199269e-001  3.567535e-002
 3.791440e+000  1.071134e-001  3.541670e-002
 3.794170e+000  1.331916e-001  3.532438e-002
 3.796910e+000  1.347305e-001  3.551532e-002
 3.799640e+000  1.722296e-001  3.576408e-002
 3.802370e+000  1.609514e-001  3.516888e-002
 3.805100e+000  1.261573e-001  3.515569e-002
 3.807840e+000  1.182495e-001  3.523851e-002
 3.810570e+000  1.002545e-001  3.586980e-002
 3.813300e+000  1.307224e-001  3.614117e-002
 3.816030e+000  1.186253e-001  3.592770e-002
 3.818770e+000  8.875499e-002  3.576165e-002
 3.821500e+000  1.103506e-001  3.601324e-002
 3.824230e+000  9.770917e-002  3.609886e-002
 3.826960e+000  1.062696e-001  3.621199e-002
 3.829690e+000  1.048087e-001  3.564576e-002
 3.832430e+000  1.498338e-001  3.589799e-002
 3.835160e+000  1.210475e-001  3.553385e-002
 3.837890e+000  1.309974e-001  3.557280e-002
 3.840620e+000  8.451025e-002  3.580874e-002
 3.843360e+000  7.779984e-002  3.583902e-002
 3.846090e+000  1.170618e-001  3.597612e-002
 3.848820e+000  9.384098e-002  3.599126e-002
 3.851550e+000  1.037297e-001  3.533872e-002
 3.854290e+000  1.193370e-001  3.563816e-002
 3.857020e+000  1.088421e-001  3.536861e-002
 3.859750e+000  1.378136e-001  3.582867e-002
 3.862480e+000  1.076848e-001  3.564544e-002
 3.865210e+000  1.215572e-001  3.580442e-002
 3.867950e+000  1.096114e-001  3.563865e-002
 3.870680e+000  1.395894e-001  3.608229e-002
 3.873410e+000  1.060638e-001  3.542057e-002
 3.876140e+000  7.888664e-002  3.581539e-002
 3.878880e+000  7.987789e-002  3.538225e-002
 3.881610e+000  1.148096e-001  3.527660e-002
 3.884340e+000  1.219501e-001  3.613324e-002
 3.887070e+000  9.414488e-002  3.574067e-002
 3.889810e+000  1.254638e-001  3.525607e-002
 3.892540e+000  1.382860e-001  3.562557e-002
 3.895270e+000  1.314632e-001  3.609926e-002
 3.898000e+000  1.297536e-001  3.597659e-002
 3.900730e+000  1.318041e-001  3.567359e-002
 3.903470e+000  1.402009e-001  3.613798e-002
 3.906200e+000  1.129407e-001  3.594821e-002
 3.908930e+000  1.011453e-001  3.578685e-002
 3.911660e+000  1.232861e-001  3.566912e-002
 3.914400e+000  9.502623e-002  3.581237e-002
 3.917130e+000  1.072626e-001  3.552306e-002
 3.919860e+000  9.548697e-002  3.591402e-002
 3.922590e+000  1.232365e-001  3.605295e-002
 3.925330e+000  9.161628e-002  3.586411e-002
 3.928060e+000  1.081325e-001  3.522144e-002
 3.930790e+000  1.079567e-001  3.613686e-002
 3.933520e+000  1.280067e-001  4.024256e-002
 3.936250e+000  1.449059e-001  4.408214e-002
 3.938990e+000  1.471317e-001  4.630090e-002
 3.941720e+000  1.460773e-001  4.903464e-002
 3.944450e+000  1.125203e-001  5.056089e-002
 3.947180e+000  1.328636e-001  5.197251e-002
 3.949920e+000  1.260048e-001  5.468521e-002
 3.952650e+000  1.438439e-001  5.629715e-002
 3.955380e+000  1.800888e-001  5.899130e-002
 3.958110e+000  1.049163e-001  5.806281e-002
 3.960850e+000  6.004897e-002  4.835457e-002
 3.963580e+000  8.755278e-002  4.389449e-002
 3.966310e+000  1.018100e-001  4.213711e-002
 3.969040e+000  9.951277e-002  4.154542e-002
 3.971770e+000  1.291086e-001  4.071270e-002
 3.974510e+000  1.051848e-001  4.083026e-002
 3.977240e+000  8.919971e-002  3.998684e-002
 3.979970e+000  4.023932e-002  4.031020e-002
 3.982700e+000  8.682387e-002  3.996385e-002
 3.985440e+000  1.086948e-001  4.016495e-002
 3.988170e+000  1.101575e-001  3.982790e-002
 3.990900e+000  1.337473e-001  3.937920e-002
 3.993630e+000  8.262480e-002  3.833364e-002
 3.996370e+000  9.455415e-002  3.908440e-002
 3.999100e+000  1.153300e-001  3.860878e-002
 4.001830e+000  8.423503e-002  3.886447e-002
 4.004560e+000  7.529870e-002  3.859746e-002
 4.007300e+000  1.010670e-001  3.877797e-002
 4.010030e+000  1.514985e-001  3.848648e-002
 4.012760e+000  1.391207e-001  3.791999e-002
 4.015490e+000  1.169718e-001  3.765219e-002
 4.018220e+000  9.886950e-002  3.713298e-002
 4.020960e+000  1.038191e-001  3.701860e-002
 4.023690e+000  1.103953e-001  3.702383e-002
 4.026420e+000  1.164314e-001  3.699957e-002
 4.029150e+000  1.056038e-001  3.663346e-002
 4.031890e+000  9.516915e-002  3.682388e-002
 4.034620e+000  1.040933e-001  3.548614e-002
 4.037350e+000  8.720625e-002  3.560700e-002
 4.040080e+000  8.841004e-002  3.587056e-002
 4.042820e+000  7.407553e-002  3.599545e-002
 4.045550e+000  7.575728e-002  3.589002e-002
 4.048280e+000  7.187573e-002  3.581197e-002
 4.051010e+000  1.152066e-001  3.618908e-002
 4.053740e+000  1.019284e-001  3.561472e-002
 4.056480e+000  8.503837e-002  3.560994e-002
 4.059210e+000  1.094003e-001  3.495621e-002
 4.061940e+000  9.115000e-002  3.573687e-002
 4.064670e+000  1.000200e-001  3.554022e-002
 4.067410e+000  3.611912e-002  3.568135e-002
 4.070140e+000  1.068023e-001  3.571780e-002
 4.072870e+000  1.194668e-001  3.590345e-002
 4.075600e+000  8.246842e-002  3.559990e-002
 4.078340e+000  9.247438e-002  3.604932e-002
 4.081070e+000  9.029352e-002  3.596514e-002
 4.083800e+000  1.055130e-001  3.588790e-002
 4.086530e+000  7.496415e-002  3.564481e-002
 4.089260e+000  8.224117e-002  3.564387e-002
 4.092000e+000  6.063175e-002  3.552300e-002
 4.094730e+000  6.220885e-002  3.527877e-002
 4.097460e+000  8.485206e-002  3.576728e-002
 4.100190e+000  9.545393e-002  3.577595e-002
 4.102930e+000  9.610933e-002  3.584110e-002
 4.105660e+000  9.270594e-002  3.538507e-002
 4.108390e+000  1.309794e-001  3.558926e-002
 4.111120e+000  1.190791e-001  3.498586e-002
 4.113860e+000  1.049454e-001  3.481124e-002
 4.116590e+000  8.700472e-002  3.521764e-002
 4.119320e+000  6.906630e-002  3.493984e-002
 4.122050e+000  7.170395e-002  3.478086e-002
 4.124780e+000  7.358932e-002  3.475311e-002
 4.127520e+000  8.773194e-002  3.508996e-002
 4.130250e+000  1.103502e-001  3.527049e-002
 4.132980e+000  1.093348e-001  3.521382e-002
 4.135710e+000  9.393112e-002  3.490992e-002
 4.138450e+000  1.004700e-001  3.495764e-002
 4.141180e+000  7.331876e-002  3.522614e-002
 4.143910e+000  9.600119e-002  3.531600e-002
 4.146640e+000  8.668478e-002  3.565828e-002
 4.149380e+000  8.960571e-002  3.528698e-002
 4.152110e+000  8.313022e-002  3.545182e-002
 4.154840e+000  9.467274e-002  3.543471e-002
 4.157570e+000  1.236334e-001  3.523794e-002
 4.160300e+000  9.839414e-002  3.522705e-002
 4.163040e+000  9.355422e-002  3.560536e-002
 4.165770e+000  9.112734e-002  3.527892e-002
 4.168500e+000  7.206607e-002  3.480598e-002
 4.171230e+000  9.006750e-002  3.537767e-002
 4.173970e+000  6.512733e-002  3.525754e-002
 4.176700e+000  6.842750e-002  3.510738e-002
 4.179430e+000  7.639604e-002  3.524236e-002
 4.182160e+000  6.774033e-002  3.484938e-002
 4.184900e+000  6.382568e-002  3.453313e-002
 4.187630e+000  8.470584e-002  3.472907e-002
 4.190360e+000  7.893003e-002  3.467905e-002
 4.193090e+000  6.091779e-002  3.500259e-002
 4.195820e+000  8.246649e-002  3.515341e-002
 4.198560e+000  8.266183e-002  3.515050e-002
 4.201290e+000  7.911563e-002  3.522056e-002
 4.204020e+000  1.002868e-001  3.493165e-002
 4.206750e+000  8.903735e-002  3.459816e-002
 4.209490e+000  8.241856e-002  3.460076e-002
 4.212220e+000  1.005478e-001  3.470216e-002
 4.214950e+000  1.247559e-001  3.487746e-002
 4.217680e+000  1.073518e-001  3.465126e-002
 4.220420e+000  8.849920e-002  3.508166e-002
 4.223150e+000  8.120036e-002  3.509907e-002
 4.225880e+000  8.648700e-002  3.488280e-002
 4.228610e+000  7.901669e-002  3.540075e-002
 4.231340e+000  7.459447e-002  3.548866e-002
 4.234080e+000  8.883966e-002  3.496681e-002
 4.236810e+000  9.897408e-002  3.459129e-002
 4.239540e+000  1.046990e-001  3.466589e-002
 4.242270e+000  9.349715e-002  3.482548e-002
 4.245010e+000  7.209448e-002  3.499584e-002
 4.247740e+000  1.031289e-001  3.416317e-002
 4.250470e+000  1.169615e-001  3.447600e-002
 4.253200e+000  1.168329e-001  3.472146e-002
 4.255940e+000  9.114550e-002  3.402746e-002
 4.258670e+000  7.646300e-002  3.445621e-002
 4.261400e+000  7.860457e-002  3.436288e-002
 4.264130e+000  1.200458e-001  3.464699e-002
 4.266860e+000  1.170845e-001  3.484011e-002
 4.269600e+000  9.304250e-002  3.483076e-002
 4.272330e+000  8.498759e-002  3.436188e-002
 4.275060e+000  7.593672e-002  3.432914e-002
 4.277790e+000  8.919997e-002  3.473723e-002
 4.280530e+000  1.179881e-001  3.477339e-002
 4.283260e+000  1.216532e-001  3.509214e-002
 4.285990e+000  9.899433e-002  3.509245e-002
 4.288720e+000  9.145168e-002  3.475195e-002
 4.291460e+000  1.345359e-001  3.473625e-002
 4.294190e+000  1.033757e-001  3.431631e-002
 4.296920e+000  8.379297e-002  3.452160e-002
 4.299650e+000  1.152824e-001  3.500024e-002
 4.302380e+000  1.191860e-001  3.476440e-002
 4.305120e+000  9.035268e-002  3.477944e-002
 4.307850e+000  9.052243e-002  3.423913e-002
 4.310580e+000  7.379283e-002  3.439411e-002
 4.313310e+000  8.842499e-002  3.451767e-002
 4.316050e+000  8.321231e-002  3.469876e-002
 4.318780e+000  8.190624e-002  3.486792e-002
 4.321510e+000  8.608948e-002  3.464967e-002
 4.324240e+000  7.889987e-002  3.438403e-002
 4.326980e+000  7.285344e-002  3.429699e-002
 4.329710e+000  6.908612e-002  3.390617e-002
 4.332440e+000  4.323591e-002  3.414372e-002
 4.335170e+000  6.949258e-002  3.399415e-002
 4.337900e+000  9.019770e-002  3.461790e-002
 4.340640e+000  9.434249e-002  3.514660e-002
 4.343370e+000  8.447557e-002  3.478487e-002
 4.346100e+000  7.537528e-002  3.479288e-002
 4.348830e+000  7.411140e-002  3.436231e-002
 4.351570e+000  1.010989e-001  3.452098e-002
 4.354300e+000  7.434854e-002  3.463883e-002
 4.357030e+000  4.234642e-002  3.394934e-002
 4.359760e+000  6.153131e-002  3.420716e-002
 4.362500e+000  5.760233e-002  3.423985e-002
 4.365230e+000  6.729441e-002  3.384512e-002
 4.367960e+000  8.432494e-002  3.489277e-002
 4.370690e+000  9.249089e-002  3.438937e-002
 4.373420e+000  1.053730e-001  3.428715e-002
 4.376160e+000  1.006910e-001  3.451445e-002
 4.378890e+000  6.199569e-002  3.426566e-002
 4.381620e+000  8.351815e-002  3.398023e-002
 4.384350e+000  8.728889e-002  3.413742e-002
 4.387090e+000  5.442352e-002  3.437623e-002
 4.389820e+000  6.995096e-002  3.425557e-002
 4.392550e+000  8.403107e-002  3.371077e-002
 4.395280e+000  8.517526e-002  3.384935e-002
 4.398020e+000  1.104926e-001  3.419497e-002
 4.400750e+000  7.573403e-002  3.403519e-002
 4.403480e+000  8.978094e-002  3.408773e-002
 4.406210e+000  9.687125e-002  3.454200e-002
 4.408940e+000  1.045185e-001  3.426159e-002
 4.411680e+000  8.254535e-002  3.428790e-002
 4.414410e+000  1.057165e-001  3.409095e-002
 4.417140e+000  7.314358e-002  3.436782e-002
 4.419870e+000  7.106117e-002  3.414792e-002
 4.422610e+000  8.475347e-002  3.357004e-002
 4.425340e+000  6.770836e-002  3.409183e-002
 4.428070e+000  8.198032e-002  3.393596e-002
 4.430800e+000  9.601135e-002  3.380548e-002
 4.433540e+000  1.019446e-001  3.398729e-002
 4.436270e+000  6.521262e-002  3.412524e-002
 4.439000e+000  4.671086e-002  3.424432e-002
 4.441730e+000  4.303077e-002  3.422219e-002
 4.444460e+000  7.891870e-002  3.427322e-002
 4.447200e+000  6.580186e-002  3.416363e-002
 4.449930e+000  8.893146e-002  3.400788e-002
 4.452660e+000  1.006858e-001  3.416307e-002
 4.455390e+000  1.056991e-001  3.378926e-002
 4.458130e+000  8.046340e-002  3.384214e-002
 4.460860e+000  8.674148e-002  3.375542e-002
 4.463590e+000  1.293497e-001  3.360918e-002
 4.466320e+000  9.587179e-002  3.382048e-002
 4.469060e+000  7.911655e-002  3.399249e-002
 4.471790e+000  1.148547e-001  3.441255e-002
 4.474520e+000  8.937466e-002  3.441692e-002
 4.477250e+000  8.560195e-002  3.371925e-002
 4.479980e+000  7.640907e-002  3.368246e-002
 4.482720e+000  9.793310e-002  3.373500e-002
 4.485450e+000  8.742433e-002  3.316582e-002
 4.488180e+000  8.186451e-002  3.400285e-002
 4.490910e+000  6.100755e-002  3.361841e-002
 4.493650e+000  9.987513e-002  3.415434e-002
 4.496380e+000  1.229034e-001  3.401187e-002
 4.499110e+000  1.089932e-001  3.411802e-002
 4.501840e+000  1.215568e-001  3.426516e-002
 4.504580e+000  9.186370e-002  3.411685e-002
 4.507310e+000  1.031907e-001  3.365102e-002
 4.510040e+000  1.018905e-001  3.415611e-002
 4.512770e+000  7.237863e-002  3.405138e-002
 4.515500e+000  7.955289e-002  3.417890e-002
 4.518240e+000  8.767442e-002  3.357442e-002
 4.520970e+000  8.995756e-002  3.398774e-002
 4.523700e+000  5.849800e-002  3.380963e-002
 4.526430e+000  6.851828e-002  3.379480e-002
 4.529170e+000  8.460816e-002  3.395293e-002
 4.531900e+000  7.250077e-002  3.356967e-002
 4.534630e+000  5.230845e-002  3.382862e-002
 4.537360e+000  9.261203e-002  3.358160e-002
 4.540100e+000  5.462761e-002  3.342391e-002
 4.542830e+000  9.735824e-002  3.440368e-002
 4.545560e+000  1.044059e-001  3.430700e-002
 4.548290e+000  8.393818e-002  3.334939e-002
 4.551020e+000  9.342387e-002  3.342630e-002
 4.553760e+000  7.964218e-002  3.370361e-002
 4.556490e+000  9.312589e-002  3.377320e-002
 4.559220e+000  6.303430e-002  3.395717e-002
 4.561950e+000  9.101740e-002  3.376090e-002
 4.564690e+000  6.198519e-002  3.372335e-002
 4.567420e+000  6.268126e-002  3.383556e-002
 4.570150e+000  4.734623e-002  3.362480e-002
 4.572880e+000  7.080659e-002  3.346901e-002
 4.575620e+000  9.365049e-002  3.359111e-002
 4.578350e+000  9.277359e-002  3.366328e-002
 4.581080e+000  8.092764e-002  3.385574e-002
 4.583810e+000  5.164171e-002  3.399448e-002
 4.586540e+000  9.780411e-002  3.369890e-002
 4.589280e+000  7.219842e-002  3.357929e-002
 4.592010e+000  7.620545e-002  3.367710e-002
 4.594740e+000  1.368282e-001  3.364150e-002
 4.597470e+000  8.907977e-002  3.352175e-002
 4.600210e+000  9.761505e-002  3.381159e-002
 4.602940e+000  6.651456e-002  3.367271e-002
 4.605670e+000  6.324293e-002  3.359700e-002
 4.608400e+000  6.566350e-002  3.335547e-002
 4.611140e+000  9.357459e-002  3.322418e-002
 4.613870e+000  1.199274e-001  3.343663e-002
 4.616600e+000  9.056935e-002  3.355186e-002
 4.619330e+000  4.945013e-002  3.323205e-002
 4.622060e+000  8.240055e-002  3.300096e-002
 4.624800e+000  8.882890e-002  3.373667e-002
 4.627530e+000  7.772546e-002  3.331075e-002
 4.630260e+000  7.456066e-002  3.284178e-002
 4.632990e+000  4.562168e-002  3.323576e-002
 4.635730e+000  7.923367e-002  3.368134e-002
 4.638460e+000  8.856178e-002  3.352935e-002
 4.641190e+000  7.447285e-002  3.375842e-002
 4.643920e+000  9.603405e-002  3.315291e-002
 4.646660e+000  9.983426e-002  3.342032e-002
 4.649390e+000  1.008431e-001  3.322530e-002
 4.652120e+000  9.169893e-002  3.316011e-002
 4.654850e+000  7.810278e-002  3.327528e-002
 4.657580e+000  5.934383e-002  3.291786e-002
 4.660320e+000  5.532236e-002  3.321339e-002
 4.663050e+000  7.749265e-002  3.323242e-002
 4.665780e+000  7.347711e-002  3.282452e-002
 4.668510e+000  6.195830e-002  3.262432e-002
 4.671250e+000  1.165835e-001  3.356443e-002
 4.673980e+000  1.036450e-001  3.338035e-002
 4.676710e+000  1.170866e-001  3.348738e-002
 4.679440e+000  1.075671e-001  3.309724e-002
 4.682180e+000  9.221460e-002  3.318961e-002
 4.684910e+000  9.115077e-002  3.338337e-002
 4.687640e+000  1.048357e-001  3.404246e-002
 4.690370e+000  7.070814e-002  3.314308e-002
 4.693100e+000  9.424790e-002  3.272696e-002
 4.695840e+000  1.114242e-001  3.312245e-002
 4.698570e+000  6.723631e-002  3.342912e-002
 4.701300e+000  6.013634e-002  3.360542e-002
 4.704030e+000  7.063274e-002  3.352108e-002
 4.706770e+000  9.399077e-002  3.347877e-002
 4.709500e+000  1.005241e-001  3.353343e-002
 4.712230e+000  8.001946e-002  3.340150e-002
 4.714960e+000  8.051726e-002  3.327873e-002
 4.717700e+000  9.491210e-002  3.309301e-002
 4.720430e+000  9.037853e-002  3.314072e-002
 4.723160e+000  1.055317e-001  3.333919e-002
 4.725890e+000  7.887074e-002  3.337402e-002
 4.728620e+000  1.050377e-001  3.363245e-002
 4.731360e+000  1.061148e-001  3.327032e-002
 4.734090e+000  1.031377e-001  3.344254e-002
 4.736820e+000  8.063133e-002  3.374248e-002
 4.739550e+000  8.739236e-002  3.337683e-002
 4.742290e+000  7.788855e-002  3.301925e-002
 4.745020e+000  8.410514e-002  3.295765e-002
 4.747750e+000  6.313902e-002  3.314056e-002
 4.750480e+000  6.587827e-002  3.308661e-002
 4.753220e+000  9.305459e-002  3.288957e-002
 4.755950e+000  8.256126e-002  3.329671e-002
 4.758680e+000  6.839270e-002  3.318105e-002
 4.761410e+000  6.421018e-002  3.294794e-002
 4.764140e+000  9.290809e-002  3.290961e-002
 4.766880e+000  9.115783e-002  3.334669e-002
 4.769610e+000  8.035293e-002  3.285533e-002
 4.772340e+000  6.179903e-002  3.289949e-002
 4.775070e+000  7.197202e-002  3.326590e-002
 4.777810e+000  8.668269e-002  3.308501e-002
 4.780540e+000  9.157622e-002  3.324759e-002
 4.783270e+000  1.141967e-001  3.298191e-002
 4.786000e+000  5.648429e-002  3.280921e-002
 4.788740e+000  3.331253e-002  3.294927e-002
 4.791470e+000  8.908493e-002  3.303545e-002
 4.794200e+000  9.656479e-002  3.266314e-002
 4.796930e+000  8.750390e-002  3.295836e-002
 4.799660e+000  6.060859e-002  3.312249e-002
 4.802400e+000  9.982052e-002  3.302672e-002
 4.805130e+000  1.073640e-001  3.291992e-002
 4.807860e+000  1.026106e-001  3.303285e-002
 4.810590e+000  8.000822e-002  3.291519e-002
 4.813330e+000  7.221220e-002  3.291635e-002
 4.816060e+000  7.484001e-002  3.290576e-002
 4.818790e+000  8.345515e-002  3.256284e-002
 4.821520e+000  7.683659e-002  3.270640e-002
 4.824260e+000  7.183787e-002  3.309513e-002
 4.826990e+000  1.175964e-001  3.295708e-002
 4.829720e+000  9.884700e-002  3.267891e-002
 4.832450e+000  1.103762e-001  3.299943e-002
 4.835180e+000  1.019623e-001  3.313335e-002
 4.837920e+000  7.963326e-002  3.311134e-002
 4.840650e+000  9.533144e-002  3.307465e-002
 4.843380e+000  1.005480e-001  3.305403e-002
 4.846110e+000  8.366348e-002  3.307600e-002
 4.848850e+000  7.048588e-002  3.254957e-002
 4.851580e+000  8.795488e-002  3.271200e-002
 4.854310e+000  1.058375e-001  3.281509e-002
 4.857040e+000  1.125755e-001  3.263911e-002
 4.859780e+000  9.796179e-002  3.244433e-002
 4.862510e+000  1.134843e-001  3.262992e-002
 4.865240e+000  7.891074e-002  3.270989e-002
 4.867970e+000  6.978493e-002  3.257716e-002
 4.870700e+000  6.731183e-002  3.242182e-002
 4.873440e+000  7.996566e-002  3.262911e-002
 4.876170e+000  6.561827e-002  3.256681e-002
 4.878900e+000  7.620942e-002  3.257902e-002
 4.881630e+000  8.250198e-002  3.287074e-002
 4.884370e+000  5.833164e-002  3.281905e-002
 4.887100e+000  9.021536e-002  3.293641e-002
 4.889830e+000  9.315306e-002  3.318598e-002
 4.892560e+000  9.996433e-002  3.273219e-002
 4.895300e+000  1.238248e-001  3.283749e-002
 4.898030e+000  1.023086e-001  3.314503e-002
 4.900760e+000  9.092954e-002  3.259568e-002
 4.903490e+000  8.915997e-002  3.290503e-002
 4.906220e+000  8.572212e-002  3.296743e-002
 4.908960e+000  9.443296e-002  3.304374e-002
 4.911690e+000  5.509199e-002  3.244774e-002
 4.914420e+000  9.097549e-002  3.235464e-002
 4.917150e+000  9.284651e-002  3.301802e-002
 4.919890e+000  1.019337e-001  3.269404e-002
 4.922620e+000  8.537124e-002  3.261053e-002
 4.925350e+000  1.102566e-001  3.243585e-002
 4.928080e+000  8.261158e-002  3.257985e-002
 4.930820e+000  7.798940e-002  3.215509e-002
 4.933550e+000  8.462355e-002  3.228280e-002
 4.936280e+000  1.017756e-001  3.263362e-002
 4.939010e+000  1.147042e-001  3.302325e-002
 4.941740e+000  1.013139e-001  3.273075e-002
 4.944480e+000  6.646415e-002  3.214614e-002
 4.947210e+000  9.201974e-002  3.235143e-002
 4.949940e+000  8.477084e-002  3.272679e-002
 4.952670e+000  8.571572e-002  3.267650e-002
 4.955410e+000  9.389153e-002  3.250977e-002
 4.958140e+000  8.915428e-002  3.271177e-002
 4.960870e+000  8.290794e-002  3.296201e-002
 4.963600e+000  8.505220e-002  3.248926e-002
 4.966340e+000  1.167570e-001  3.270851e-002
 4.969070e+000  9.588381e-002  3.252919e-002
 4.971800e+000  1.044816e-001  3.226961e-002
 4.974530e+000  1.019376e-001  3.258204e-002
 4.977260e+000  8.380724e-002  3.264386e-002
 4.980000e+000  1.197939e-001  3.242097e-002
 4.982730e+000  1.288338e-001  3.267582e-002
 4.985460e+000  1.367193e-001  3.299256e-002
 4.988190e+000  1.066793e-001  3.227438e-002
 4.990930e+000  7.646424e-002  3.230566e-002
 4.993660e+000  7.815818e-002  3.214628e-002
 4.996390e+000  1.050406e-001  3.234753e-002
 4.999120e+000  1.251889e-001  3.242897e-002
 5.001860e+000  8.291587e-002  3.246249e-002
 5.004590e+000  7.590076e-002  3.250674e-002
 5.007320e+000  9.153812e-002  3.231185e-002
 5.010050e+000  9.927140e-002  3.204674e-002
 5.012780e+000  1.028137e-001  3.163366e-002
 5.015520e+000  9.357651e-002  3.247046e-002
 5.018250e+000  1.210703e-001  3.235696e-002
 5.020980e+000  9.665531e-002  3.261766e-002
 5.023710e+000  8.619162e-002  3.235092e-002
 5.026450e+000  8.779275e-002  3.267811e-002
 5.029180e+000  5.429440e-002  3.238724e-002
 5.031910e+000  8.105170e-002  3.231246e-002
 5.034640e+000  9.093362e-002  3.202300e-002
 5.037380e+000  1.004699e-001  3.214695e-002
 5.040110e+000  1.105357e-001  3.271560e-002
 5.042840e+000  7.416385e-002  3.243653e-002
 5.045570e+000  9.798970e-002  3.214886e-002
 5.048300e+000  6.051366e-002  3.230886e-002
 5.051040e+000  9.071551e-002  3.233722e-002
 5.053770e+000  1.093019e-001  3.184489e-002
 5.056500e+000  1.073515e-001  3.217029e-002
 5.059230e+000  1.031098e-001  3.245208e-002
 5.061970e+000  1.007120e-001  3.262688e-002
 5.064700e+000  1.001107e-001  3.211641e-002
 5.067430e+000  1.314143e-001  3.193683e-002
 5.070160e+000  1.034823e-001  3.181976e-002
 5.072900e+000  1.161417e-001  3.205892e-002
 5.075630e+000  1.231994e-001  3.230376e-002
 5.078360e+000  1.418600e-001  3.262231e-002
 5.081090e+000  1.240020e-001  3.237830e-002
 5.083820e+000  1.150838e-001  3.251622e-002
 5.086560e+000  7.859065e-002  3.248626e-002
 5.089290e+000  9.730511e-002  3.235425e-002
 5.092020e+000  9.017271e-002  3.237578e-002
 5.094750e+000  1.330565e-001  3.212375e-002
 5.097490e+000  6.309560e-002  3.216810e-002
 5.100220e+000  7.409562e-002  3.211555e-002
 5.102950e+000  1.012801e-001  3.249763e-002
 5.105680e+000  8.809437e-002  3.211533e-002
 5.108420e+000  9.611393e-002  3.238691e-002
 5.111150e+000  8.767559e-002  3.255575e-002
 5.113880e+000  9.402181e-002  3.274834e-002
 5.116610e+000  7.106479e-002  3.198353e-002
 5.119340e+000  8.006350e-002  3.187214e-002
 5.122080e+000  1.018734e-001  3.250700e-002
 5.124810e+000  7.946967e-002  3.160394e-002
 5.127540e+000  5.470133e-002  3.186275e-002
 5.130270e+000  9.627309e-002  3.240294e-002
 5.133010e+000  9.559519e-002  3.225509e-002
 5.135740e+000  1.121794e-001  3.235949e-002
 5.138470e+000  1.225550e-001  3.225536e-002
 5.141200e+000  8.628929e-002  3.201941e-002
 5.143940e+000  9.313594e-002  3.239647e-002
 5.146670e+000  9.248353e-002  3.206926e-002
 5.149400e+000  9.786693e-002  3.258395e-002
 5.152130e+000  8.121387e-002  3.249580e-002
 5.154860e+000  9.005582e-002  3.194767e-002
 5.157600e+000  7.823915e-002  3.208891e-002
 5.160330e+000  1.144740e-001  3.253349e-002
 5.163060e+000  8.803654e-002  3.240768e-002
 5.165790e+000  9.556763e-002  3.209210e-002
 5.168530e+000  1.013440e-001  3.188802e-002
 5.171260e+000  7.987731e-002  3.170722e-002
 5.173990e+000  1.147800e-001  3.221719e-002
 5.176720e+000  1.194470e-001  3.240863e-002
 5.179460e+000  1.009297e-001  3.213563e-002
 5.182190e+000  9.674034e-002  3.186302e-002
 5.184920e+000  8.092588e-002  3.196581e-002
 5.187650e+000  6.759415e-002  3.179421e-002
 5.190380e+000  9.309251e-002  3.176513e-002
 5.193120e+000  7.049076e-002  3.205446e-002
 5.195850e+000  1.134982e-001  3.244635e-002
 5.198580e+000  9.313213e-002  3.206239e-002
 5.201310e+000  1.060387e-001  3.190078e-002
 5.204050e+000  1.131016e-001  3.212974e-002
 5.206780e+000  9.903744e-002  3.232833e-002
 5.209510e+000  1.311585e-001  3.234972e-002
 5.212240e+000  1.191075e-001  3.218214e-002
 5.214980e+000  8.641544e-002  3.201964e-002
 5.217710e+000  9.396894e-002  3.231925e-002
 5.220440e+000  9.752944e-002  3.241195e-002
 5.223170e+000  5.750234e-002  3.200504e-002
 5.225900e+000  1.121662e-001  3.231684e-002
 5.228640e+000  1.185050e-001  3.230591e-002
 5.231370e+000  9.077517e-002  3.192189e-002
 5.234100e+000  8.152830e-002  3.188349e-002
 5.236830e+000  8.363724e-002  3.155800e-002
 5.239570e+000  8.854988e-002  3.215003e-002
 5.242300e+000  8.206930e-002  3.188613e-002
 5.245030e+000  8.151207e-002  3.144654e-002
 5.247760e+000  7.491117e-002  3.144263e-002
 5.250500e+000  9.894633e-002  3.183699e-002
 5.253230e+000  1.204133e-001  3.239637e-002
 5.255960e+000  9.209314e-002  3.232932e-002
 5.258690e+000  9.529114e-002  3.197636e-002
 5.261420e+000  7.362708e-002  3.193169e-002
 5.264160e+000  7.649206e-002  3.224203e-002
 5.266890e+000  9.372057e-002  3.252440e-002
 5.269620e+000  1.054044e-001  3.168411e-002
 5.272350e+000  1.168618e-001  3.189151e-002
 5.275090e+000  5.994934e-002  3.179187e-002
 5.277820e+000  1.056479e-001  3.183431e-002
 5.280550e+000  1.091883e-001  3.274056e-002
 5.283280e+000  8.552649e-002  3.782557e-002
 5.286020e+000  1.128807e-001  4.174402e-002
 5.288750e+000  9.699617e-002  4.466962e-002
 5.291480e+000  1.149553e-001  4.649317e-002
 5.294210e+000  1.127366e-001  4.913469e-002
 5.296940e+000  1.214086e-001  5.145842e-002
 5.299680e+000  1.195161e-001  5.433224e-002
 5.302410e+000  1.489016e-001  5.737513e-002
 5.305140e+000  1.654187e-001  5.833920e-002
 5.307870e+000  9.743180e-002  4.320309e-002
 5.310610e+000  1.053367e-001  3.812582e-002
 5.313340e+000  1.156522e-001  3.717581e-002
 5.316070e+000  5.972645e-002  3.631724e-002
 5.318800e+000  9.223530e-002  3.491205e-002
 5.321540e+000  8.750044e-002  3.522331e-002
 5.324270e+000  1.102806e-001  3.533648e-002
 5.327000e+000  9.943689e-002  3.506120e-002
 5.329730e+000  8.004108e-002  3.483783e-002
 5.332460e+000  1.044653e-001  3.493178e-002
 5.335200e+000  9.319628e-002  3.492534e-002
 5.337930e+000  1.067528e-001  3.490642e-002
 5.340660e+000  1.188093e-001  3.419835e-002
 5.343390e+000  8.683832e-002  3.357458e-002
 5.346130e+000  8.882843e-002  3.364762e-002
 5.348860e+000  6.424160e-002  3.332066e-002
 5.351590e+000  6.543793e-002  3.272690e-002
 5.354320e+000  5.943527e-002  3.299329e-002
 5.357060e+000  1.035045e-001  3.251064e-002
 5.359790e+000  1.373330e-001  3.257636e-002
 5.362520e+000  9.580893e-002  3.192353e-002
 5.365250e+000  7.544992e-002  3.100721e-002
 5.367980e+000  8.377255e-002  3.096067e-002
 5.370720e+000  8.102233e-002  3.169990e-002
 5.373450e+000  8.046527e-002  3.164018e-002
 5.376180e+000  7.435065e-002  3.152914e-002
 5.378910e+000  1.037194e-001  3.165468e-002
 5.381650e+000  9.230403e-002  3.159872e-002
 5.384380e+000  6.149060e-002  3.112972e-002
 5.387110e+000  5.804047e-002  3.112511e-002
 5.389840e+000  8.714713e-002  3.104276e-002
 5.392580e+000  9.649111e-002  3.161029e-002
 5.395310e+000  9.643080e-002  3.112751e-002
 5.398040e+000  8.440198e-002  3.147721e-002
 5.400770e+000  1.045961e-001  3.155288e-002
 5.403500e+000  1.149134e-001  3.113810e-002
 5.406240e+000  7.979080e-002  3.123398e-002
 5.408970e+000  9.810652e-002  3.115099e-002
 5.411700e+000  8.816666e-002  3.081887e-002
 5.414430e+000  7.567291e-002  3.103922e-002
 5.417170e+000  7.361380e-002  3.117596e-002
 5.419900e+000  7.038208e-002  3.118116e-002
 5.422630e+000  1.095417e-001  3.145864e-002
 5.425360e+000  1.234160e-001  3.154822e-002
 5.428100e+000  1.146819e-001  3.099726e-002
 5.430830e+000  1.050736e-001  3.126123e-002
 5.433560e+000  8.832829e-002  3.081209e-002
 5.436290e+000  1.066191e-001  3.106173e-002
 5.439020e+000  1.328100e-001  3.144256e-002
 5.441760e+000  1.243202e-001  3.143131e-002
 5.444490e+000  9.070329e-002  3.105265e-002
 5.447220e+000  9.116287e-002  3.070061e-002
 5.449950e+000  9.163209e-002  3.087324e-002
 5.452690e+000  4.955710e-002  3.060164e-002
 5.455420e+000  7.760000e-002  3.116706e-002
 5.458150e+000  7.587105e-002  3.105978e-002
 5.460880e+000  7.653742e-002  3.043224e-002
 5.463620e+000  1.087964e-001  3.138050e-002
 5.466350e+000  1.044754e-001  3.092447e-002
 5.469080e+000  1.035792e-001  3.125369e-002
 5.471810e+000  1.006095e-001  3.038924e-002
 5.474540e+000  6.744956e-002  3.071079e-002
 5.477280e+000  9.245533e-002  3.101216e-002
 5.480010e+000  8.666119e-002  3.106876e-002
 5.482740e+000  8.436599e-002  3.084626e-002
 5.485470e+000  6.560024e-002  3.052870e-002
 5.488210e+000  9.068143e-002  3.057659e-002
 5.490940e+000  8.804039e-002  3.053916e-002
 5.493670e+000  9.588892e-002  3.077463e-002
 5.496400e+000  1.046926e-001  3.060458e-002
 5.499140e+000  1.201657e-001  3.085232e-002
 5.501870e+000  7.565030e-002  3.070660e-002
 5.504600e+000  8.578832e-002  3.067387e-002
 5.507330e+000  8.273861e-002  3.063143e-002
 5.510060e+000  9.420837e-002  3.040069e-002
 5.512800e+000  8.081245e-002  3.046935e-002
 5.515530e+000  1.047486e-001  3.060508e-002
 5.518260e+000  1.098060e-001  3.064290e-002
 5.520990e+000  1.161389e-001  3.177017e-002
 5.523730e+000  1.312372e-001  3.735527e-002
 5.526460e+000  9.830505e-002  4.081578e-002
 5.529190e+000  6.677604e-002  4.234098e-002
 5.531920e+000  8.535093e-002  3.653158e-002
 5.534660e+000  8.550559e-002  3.349819e-002
 5.537390e+000  6.896131e-002  3.265806e-002
 5.540120e+000  1.000060e-001  3.157763e-002
 5.542850e+000  6.396726e-002  3.142828e-002
 5.545580e+000  7.900828e-002  3.119700e-002
 5.548320e+000  1.085218e-001  3.216662e-002
 5.551050e+000  1.098286e-001  3.241121e-002
 5.553780e+000  1.021767e-001  3.194628e-002
 5.556510e+000  9.637438e-002  3.123701e-002
 5.559250e+000  1.074648e-001  3.149823e-002
 5.561980e+000  7.849205e-002  3.114255e-002
 5.564710e+000  9.417465e-002  3.144240e-002
 5.567440e+000  8.312100e-002  3.128187e-002
 5.570180e+000  9.347031e-002  3.127317e-002
 5.572910e+000  9.777450e-002  3.118526e-002
 5.575640e+000  1.030054e-001  3.148681e-002
 5.578370e+000  9.473338e-002  3.127747e-002
 5.581100e+000  7.719385e-002  3.098597e-002
 5.583840e+000  7.279540e-002  3.075341e-002
 5.586570e+000  1.002483e-001  3.047615e-002
 5.589300e+000  1.227499e-001  3.061348e-002
 5.592030e+000  1.041279e-001  3.088756e-002
 5.594770e+000  9.902757e-002  3.086990e-002
 5.597500e+000  8.472704e-002  3.036136e-002
 5.600230e+000  8.998633e-002  3.067156e-002
 5.602960e+000  9.813406e-002  3.060666e-002
 5.605700e+000  8.059552e-002  3.063931e-002
 5.608430e+000  1.036225e-001  3.070818e-002
 5.611160e+000  9.590053e-002  3.054578e-002
 5.613890e+000  1.112856e-001  3.054093e-002
 5.616620e+000  1.035201e-001  3.028622e-002
 5.619360e+000  6.864288e-002  3.048148e-002
 5.622090e+000  9.158913e-002  3.039390e-002
 5.624820e+000  9.193348e-002  3.081642e-002
 5.627550e+000  6.679490e-002  3.030711e-002
 5.630290e+000  9.787222e-002  3.029203e-002
 5.633020e+000  1.005974e-001  3.027054e-002
 5.635750e+000  8.325960e-002  3.029996e-002
 5.638480e+000  7.186705e-002  3.008140e-002
 5.641220e+000  9.305135e-002  3.008337e-002
 5.643950e+000  8.830534e-002  3.058101e-002
 5.646680e+000  1.033574e-001  3.080931e-002
 5.649410e+000  9.402542e-002  3.031868e-002
 5.652140e+000  9.797599e-002  3.072023e-002
 5.654880e+000  8.354950e-002  3.084955e-002
 5.657610e+000  6.393201e-002  3.039146e-002
 5.660340e+000  7.006511e-002  3.004578e-002
 5.663070e+000  1.015643e-001  2.991206e-002
 5.665810e+000  1.062997e-001  3.027247e-002
 5.668540e+000  1.028033e-001  3.029689e-002
 5.671270e+000  1.218055e-001  3.041378e-002
 5.674000e+000  1.140525e-001  3.018696e-002
 5.676740e+000  7.373559e-002  3.061266e-002
 5.679470e+000  8.025173e-002  3.019541e-002
 5.682200e+000  8.641059e-002  2.996495e-002
 5.684930e+000  1.151999e-001  3.029207e-002
 5.687660e+000  1.193683e-001  3.001055e-002
 5.690400e+000  1.070113e-001  2.953589e-002
 5.693130e+000  8.609040e-002  2.996689e-002
 5.695860e+000  9.610267e-002  3.052129e-002
 5.698590e+000  1.108581e-001  2.993376e-002
 5.701330e+000  1.558897e-001  3.045726e-002
 5.704060e+000  1.516374e-001  3.053891e-002
 5.706790e+000  1.240949e-001  3.038624e-002
 5.709520e+000  1.054519e-001  2.978430e-002
 5.712260e+000  7.568912e-002  3.026820e-002
 5.714990e+000  8.856565e-002  3.030267e-002
 5.717720e+000  1.184201e-001  2.990276e-002
 5.720450e+000  1.088017e-001  3.007066e-002
 5.723180e+000  1.136059e-001  3.026290e-002
 5.725920e+000  1.009468e-001  2.994555e-002
 5.728650e+000  8.501197e-002  3.019066e-002
 5.731380e+000  6.319083e-002  3.012371e-002
 5.734110e+000  9.835261e-002  3.008147e-002
 5.736850e+000  1.003618e-001  2.992701e-002
 5.739580e+000  1.252227e-001  3.002205e-002
 5.742310e+000  9.062536e-002  3.053780e-002
 5.745040e+000  9.999234e-002  3.004362e-002
 5.747780e+000  1.131826e-001  2.984330e-002
 5.750510e+000  8.373828e-002  2.965813e-002
 5.753240e+000  1.012373e-001  2.979158e-002
 5.755970e+000  1.214511e-001  2.998036e-002
 5.758700e+000  7.904076e-002  2.988675e-002
 5.761440e+000  1.146392e-001  2.996103e-002
 5.764170e+000  9.269403e-002  3.003252e-002
 5.766900e+000  6.502692e-002  2.991940e-002
 5.769630e+000  5.071531e-002  2.976124e-002
 5.772370e+000  5.198386e-002  2.987338e-002
 5.775100e+000  6.958615e-002  2.957514e-002
 5.777830e+000  6.703323e-002  3.004207e-002
 5.780560e+000  1.217271e-001  3.056781e-002
 5.783300e+000  8.006054e-002  3.004162e-002
 5.786030e+000  1.004898e-001  2.976711e-002
 5.788760e+000  1.078710e-001  2.968644e-002
 5.791490e+000  8.984105e-002  3.022058e-002
 5.794220e+000  8.884954e-002  3.010286e-002
 5.796960e+000  8.563151e-002  3.007463e-002
 5.799690e+000  1.128906e-001  3.009085e-002
 5.802420e+000  8.447579e-002  2.973962e-002
 5.805150e+000  7.834762e-002  2.932062e-002
 5.807890e+000  9.464534e-002  2.944033e-002
 5.810620e+000  1.240864e-001  2.947617e-002
 5.813350e+000  8.144024e-002  2.984626e-002
 5.816080e+000  5.568588e-002  2.953610e-002
 5.818820e+000  7.031401e-002  2.990078e-002
 5.821550e+000  9.991188e-002  2.990712e-002
 5.824280e+000  1.056719e-001  2.988568e-002
 5.827010e+000  1.066231e-001  2.975803e-002
 5.829740e+000  9.706681e-002  2.983586e-002
 5.832480e+000  1.169177e-001  2.986696e-002
 5.835210e+000  1.285803e-001  3.012504e-002
 5.837940e+000  1.178601e-001  3.026571e-002
 5.840670e+000  1.183543e-001  2.998319e-002
 5.843410e+000  1.143680e-001  3.002829e-002
 5.846140e+000  5.097783e-002  2.998178e-002
 5.848870e+000  8.156332e-002  2.943817e-002
 5.851600e+000  1.154383e-001  2.967964e-002
 5.854340e+000  1.015359e-001  2.998156e-002
 5.857070e+000  1.097287e-001  3.018947e-002
 5.859800e+000  1.149104e-001  3.008977e-002
 5.862530e+000  1.097372e-001  2.995040e-002
 5.865260e+000  1.198699e-001  2.963885e-002
 5.868000e+000  1.353071e-001  2.966218e-002
 5.870730e+000  8.999440e-002  2.936081e-002
 5.873460e+000  7.774473e-002  2.927327e-002
 5.876190e+000  9.849667e-002  2.953420e-002
 5.878930e+000  1.128872e-001  2.983464e-002
 5.881660e+000  8.625670e-002  2.977938e-002
 5.884390e+000  1.168585e-001  2.991815e-002
 5.887120e+000  1.161437e-001  2.994436e-002
 5.889860e+000  1.021786e-001  2.994656e-002
 5.892590e+000  1.254265e-001  2.987946e-002
 5.895320e+000  1.170321e-001  3.032912e-002
 5.898050e+000  8.700739e-002  3.018636e-002
 5.900780e+000  7.652029e-002  2.985178e-002
 5.903520e+000  7.429265e-002  2.967196e-002
 5.906250e+000  6.801933e-002  2.965467e-002
 5.908980e+000  8.604291e-002  2.989399e-002
 5.911710e+000  8.528621e-002  2.977312e-002
 5.914450e+000  1.010563e-001  2.976579e-002
 5.917180e+000  1.279226e-001  2.951908e-002
 5.919910e+000  1.283167e-001  2.924079e-002
 5.922640e+000  1.258054e-001  2.947847e-002
 5.925380e+000  9.353208e-002  2.957024e-002
 5.928110e+000  9.676288e-002  2.968639e-002
 5.930840e+000  9.328983e-002  2.993090e-002
 5.933570e+000  1.139735e-001  3.000969e-002
 5.936300e+000  1.241613e-001  2.996009e-002
 5.939040e+000  8.704567e-002  2.951150e-002
 5.941770e+000  1.130725e-001  2.949588e-002
 5.944500e+000  1.273153e-001  2.923679e-002
 5.947230e+000  1.004974e-001  2.958745e-002
 5.949970e+000  9.706905e-002  3.005590e-002
 5.952700e+000  1.318379e-001  2.973428e-002
 5.955430e+000  1.048534e-001  2.936645e-002
 5.958160e+000  8.178488e-002  2.992497e-002
 5.960900e+000  1.567160e-002  3.036812e-002
 5.963630e+000  1.262162e-001  3.064632e-002
 5.966360e+000  1.356131e-001  3.546508e-002
 5.969090e+000  1.580270e-001  3.892516e-002
 5.971820e+000  1.327496e-001  4.139782e-002
 5.974560e+000  1.358284e-001  4.436867e-002
 5.977290e+000  1.259275e-001  4.716363e-002
 5.980020e+000  9.527836e-002  4.961109e-002
 5.982750e+000  9.212782e-002  5.228268e-002
 5.985490e+000  1.063795e-001  5.654838e-002
 5.988220e+000  1.274363e-001  5.943252e-002
 5.990950e+000  1.008374e-001  6.139756e-002
 5.993680e+000  4.211590e-002  6.493624e-002
 5.996420e+000  4.469918e-002  7.257863e-002
 5.999150e+000  1.120850e-001  8.020826e-002
 6.001880e+000  8.811426e-002  8.418682e-002
 6.004610e+000  6.031019e-002  1.026699e-001
 6.007340e+000  1.215271e-001  1.122255e-001
 6.010080e+000 -5.165934e-002  1.378849e-001
 6.012810e+000 -4.361454e-002  2.664770e-001
 6.015540e+000  2.475522e-002  6.081627e-001
range-from: 100.5000
range-to: 1230.0000
parent: C:/Users/plmnnk/AppData/Local/Temp/qt_temp.xCs128
parent: C:/Users/plmnnk/AppData/Local/Temp/qt_temp.BGg128
creator: datmerge
creator-version: v0.3 (r4547)
datmerge-scale: 1.0000
datmerge-scale: .9959
