Sample description: primus/qt temporary file
Sample: primus/qt tempo  c= 0 mg/ml  Code: tmp
Parent(s): C:/Users/jeffries/Desktop/SASBDB/Submissions/Deeppox virus1/DVP6p47_mod.dat
 2.526580e-001  1.642100e-001  1.468730e-004
 2.656150e-001  1.609640e-001  1.473170e-004
 2.785710e-001  1.580310e-001  1.393900e-004
 2.915280e-001  1.552390e-001  1.379950e-004
 3.044850e-001  1.524300e-001  1.327580e-004
 3.174410e-001  1.492420e-001  1.283640e-004
 3.303970e-001  1.462950e-001  1.227730e-004
 3.433540e-001  1.433170e-001  1.217450e-004
 3.563100e-001  1.399800e-001  1.170790e-004
 3.692670e-001  1.368440e-001  1.237430e-004
 3.822230e-001  1.339950e-001  1.115120e-004
 3.951790e-001  1.303890e-001  1.178510e-004
 4.081350e-001  1.273450e-001  1.052620e-004
 4.210910e-001  1.244810e-001  1.030470e-004
 4.340470e-001  1.214370e-001  1.004520e-004
 4.470030e-001  1.181540e-001  9.733260e-005
 4.599590e-001  1.152720e-001  9.527740e-005
 4.729150e-001  1.123130e-001  9.167830e-005
 4.858710e-001  1.093170e-001  9.234800e-005
 4.988270e-001  1.065880e-001  9.278230e-005
 5.117830e-001  1.033660e-001  9.271540e-005
 5.247380e-001  1.004660e-001  8.990940e-005
 5.376940e-001  9.768500e-002  9.020450e-005
 5.506500e-001  9.454620e-002  8.773710e-005
 5.636050e-001  9.179180e-002  8.581470e-005
 5.765600e-001  8.892040e-002  9.067640e-005
 5.895160e-001  8.625280e-002  8.720020e-005
 6.024710e-001  8.382400e-002  8.158130e-005
 6.154260e-001  8.134010e-002  7.970250e-005
 6.283810e-001  7.858270e-002  7.884910e-005
 6.413360e-001  7.590370e-002  7.781550e-005
 6.542910e-001  7.320600e-002  7.618040e-005
 6.672460e-001  7.109870e-002  7.588460e-005
 6.802010e-001  6.872250e-002  7.159130e-005
 6.931560e-001  6.619620e-002  6.857330e-005
 7.061100e-001  6.375830e-002  6.758840e-005
 7.190650e-001  6.155660e-002  6.511810e-005
 7.320190e-001  5.907870e-002  6.364090e-005
 7.449740e-001  5.721310e-002  6.218690e-005
 7.579280e-001  5.487510e-002  6.123820e-005
 7.708820e-001  5.297010e-002  5.957050e-005
 7.838360e-001  5.093180e-002  5.991190e-005
 7.967900e-001  4.886180e-002  5.901130e-005
 8.097440e-001  4.697820e-002  5.875950e-005
 8.226980e-001  4.526450e-002  5.791040e-005
 8.356520e-001  4.344670e-002  5.737060e-005
 8.486050e-001  4.162250e-002  5.646770e-005
 8.615590e-001  3.993700e-002  5.557140e-005
 8.745120e-001  3.828080e-002  5.497770e-005
 8.874660e-001  3.685680e-002  5.384040e-005
 9.004190e-001  3.542230e-002  5.264910e-005
 9.133720e-001  3.388710e-002  5.101560e-005
 9.263250e-001  3.261690e-002  4.966750e-005
 9.392780e-001  3.110320e-002  4.878850e-005
 9.522300e-001  2.981100e-002  4.757590e-005
 9.651830e-001  2.862580e-002  4.585470e-005
 9.781360e-001  2.741840e-002  4.595930e-005
 9.910880e-001  2.620060e-002  4.461610e-005
 1.004040e+000  2.514120e-002  4.340150e-005
 1.016990e+000  2.401420e-002  4.290380e-005
 1.029940e+000  2.308700e-002  4.192410e-005
 1.042900e+000  2.212110e-002  4.119960e-005
 1.055850e+000  2.121720e-002  4.043900e-005
 1.068800e+000  2.026710e-002  3.935130e-005
 1.081750e+000  1.949600e-002  3.932110e-005
 1.094700e+000  1.873910e-002  3.870410e-005
 1.107650e+000  1.790430e-002  3.823590e-005
 1.120600e+000  1.708940e-002  3.816410e-005
 1.133560e+000  1.647000e-002  3.738570e-005
 1.146510e+000  1.582020e-002  3.682840e-005
 1.159460e+000  1.519690e-002  3.623810e-005
 1.172410e+000  1.463780e-002  3.586720e-005
 1.185360e+000  1.402350e-002  3.545760e-005
 1.198310e+000  1.349430e-002  3.538360e-005
 1.211260e+000  1.297470e-002  3.463210e-005
 1.224210e+000  1.252400e-002  3.406050e-005
 1.237160e+000  1.209640e-002  3.335910e-005
 1.250110e+000  1.171210e-002  3.349190e-005
 1.263060e+000  1.114370e-002  3.304940e-005
 1.276010e+000  1.081670e-002  3.278440e-005
 1.288960e+000  1.043960e-002  3.242520e-005
 1.301910e+000  1.002100e-002  3.226850e-005
 1.314850e+000  9.676060e-003  3.195190e-005
 1.327800e+000  9.371210e-003  3.158220e-005
 1.340750e+000  9.082720e-003  3.145600e-005
 1.353700e+000  8.726810e-003  3.078170e-005
 1.366650e+000  8.512800e-003  3.056100e-005
 1.379600e+000  8.240220e-003  3.025630e-005
 1.392540e+000  7.945880e-003  3.010980e-005
 1.405490e+000  7.749710e-003  2.983410e-005
 1.418440e+000  7.511260e-003  3.008340e-005
 1.431390e+000  7.300020e-003  2.964290e-005
 1.444330e+000  7.057940e-003  2.909760e-005
 1.457280e+000  6.943380e-003  2.870310e-005
 1.470230e+000  6.658320e-003  2.875830e-005
 1.483170e+000  6.506920e-003  2.839250e-005
 1.496120e+000  6.287000e-003  2.868290e-005
 1.509070e+000  6.121580e-003  2.823780e-005
 1.522010e+000  5.928260e-003  2.783890e-005
 1.534960e+000  5.804260e-003  2.778240e-005
 1.547910e+000  5.557900e-003  2.780880e-005
 1.560850e+000  5.452550e-003  2.742230e-005
 1.573800e+000  5.290100e-003  2.732310e-005
 1.586740e+000  5.132520e-003  2.711640e-005
 1.599690e+000  4.967790e-003  2.705430e-005
 1.612630e+000  4.897400e-003  2.672110e-005
 1.625580e+000  4.658110e-003  2.690560e-005
 1.638520e+000  4.591750e-003  2.657550e-005
 1.651470e+000  4.381340e-003  2.636690e-005
 1.664410e+000  4.302790e-003  2.625570e-005
 1.677350e+000  4.184420e-003  2.595750e-005
 1.690300e+000  4.085710e-003  2.584570e-005
 1.703240e+000  3.926270e-003  2.600140e-005
 1.716180e+000  3.783970e-003  2.550290e-005
 1.729130e+000  3.687680e-003  2.539490e-005
 1.742070e+000  3.562320e-003  2.529350e-005
 1.755010e+000  3.465650e-003  2.483960e-005
 1.767950e+000  3.341640e-003  2.477870e-005
 1.780900e+000  3.258530e-003  2.465930e-005
 1.793840e+000  3.134730e-003  2.461980e-005
 1.806780e+000  3.045950e-003  2.448280e-005
 1.819720e+000  2.938060e-003  2.438610e-005
 1.832660e+000  2.837150e-003  2.427010e-005
 1.845600e+000  2.722630e-003  2.386260e-005
 1.858540e+000  2.643010e-003  2.403860e-005
 1.871490e+000  2.590840e-003  2.452780e-005
 1.884430e+000  2.464950e-003  2.437040e-005
 1.897370e+000  2.414160e-003  2.432730e-005
 1.910310e+000  2.276480e-003  2.438570e-005
 1.923250e+000  2.235200e-003  2.449780e-005
 1.936190e+000  2.138230e-003  2.450990e-005
 1.949120e+000  2.061510e-003  2.440620e-005
 1.962060e+000  1.960690e-003  2.447230e-005
 1.975000e+000  1.899060e-003  2.442550e-005
 1.987940e+000  1.864420e-003  2.394710e-005
 2.000880e+000  1.773930e-003  2.355270e-005
 2.013820e+000  1.735430e-003  2.350260e-005
 2.026750e+000  1.636970e-003  2.339320e-005
 2.039690e+000  1.629290e-003  2.328510e-005
 2.052630e+000  1.595510e-003  2.296760e-005
 2.065570e+000  1.471550e-003  2.289920e-005
 2.078500e+000  1.473120e-003  2.288870e-005
 2.091440e+000  1.473050e-003  2.289260e-005
 2.104380e+000  1.374140e-003  2.300070e-005
 2.117310e+000  1.345260e-003  2.255580e-005
 2.130250e+000  1.283860e-003  2.252560e-005
 2.143180e+000  1.301080e-003  2.231730e-005
 2.156120e+000  1.254080e-003  2.274920e-005
 2.169050e+000  1.249170e-003  2.260150e-005
 2.181990e+000  1.233110e-003  2.285430e-005
 2.194920e+000  1.186230e-003  2.298020e-005
 2.207860e+000  1.151990e-003  2.292030e-005
 2.220790e+000  1.213120e-003  2.287810e-005
 2.233720e+000  1.187250e-003  2.293050e-005
 2.246660e+000  1.155890e-003  2.255180e-005
 2.259590e+000  1.095450e-003  2.278820e-005
 2.272520e+000  1.148650e-003  2.265980e-005
 2.285460e+000  1.066460e-003  2.273640e-005
 2.298390e+000  1.152550e-003  2.300770e-005
 2.311320e+000  1.120800e-003  2.284320e-005
 2.324250e+000  1.131260e-003  2.271480e-005
 2.337180e+000  1.117540e-003  2.289250e-005
 2.350120e+000  1.128820e-003  2.269320e-005
 2.363050e+000  1.126050e-003  2.281920e-005
 2.375980e+000  1.137460e-003  2.295870e-005
 2.388910e+000  1.141160e-003  2.271300e-005
 2.401840e+000  1.190870e-003  2.287170e-005
 2.414770e+000  1.219930e-003  2.285020e-005
 2.427700e+000  1.203680e-003  2.270360e-005
 2.440630e+000  1.232880e-003  2.254640e-005
 2.453550e+000  1.241570e-003  2.262720e-005
 2.466480e+000  1.252010e-003  2.257020e-005
 2.479410e+000  1.215340e-003  2.275330e-005
 2.492340e+000  1.250710e-003  2.269180e-005
 2.505270e+000  1.310140e-003  2.263770e-005
 2.518190e+000  1.304330e-003  2.252510e-005
 2.531120e+000  1.339910e-003  2.250690e-005
 2.544050e+000  1.347370e-003  2.302740e-005
 2.556970e+000  1.320380e-003  2.329930e-005
 2.569900e+000  1.370980e-003  2.327400e-005
 2.582830e+000  1.357790e-003  2.326730e-005
 2.595750e+000  1.395370e-003  2.347040e-005
 2.608680e+000  1.459730e-003  2.317050e-005
 2.621600e+000  1.417740e-003  2.351780e-005
 2.634530e+000  1.460320e-003  2.332400e-005
 2.647450e+000  1.468800e-003  2.331860e-005
 2.660380e+000  1.440060e-003  2.362530e-005
 2.673300e+000  1.470610e-003  2.353440e-005
 2.686220e+000  1.501670e-003  2.368050e-005
 2.699140e+000  1.493080e-003  2.375580e-005
 2.712070e+000  1.516610e-003  2.373550e-005
 2.724990e+000  1.517090e-003  2.381800e-005
 2.737910e+000  1.543370e-003  2.388540e-005
 2.750830e+000  1.591070e-003  2.381720e-005
 2.763750e+000  1.513660e-003  2.390310e-005
 2.776680e+000  1.571970e-003  2.395610e-005
 2.789600e+000  1.558090e-003  2.421540e-005
 2.802520e+000  1.584370e-003  2.399900e-005
 2.815440e+000  1.559890e-003  2.392290e-005
 2.828360e+000  1.518670e-003  2.393400e-005
 2.841280e+000  1.580580e-003  2.419170e-005
 2.854190e+000  1.633890e-003  2.428510e-005
 2.867110e+000  1.555120e-003  2.431910e-005
 2.880030e+000  1.609330e-003  2.405600e-005
 2.892950e+000  1.645750e-003  2.438360e-005
 2.905870e+000  1.567240e-003  2.411240e-005
 2.918780e+000  1.558810e-003  2.437200e-005
 2.931700e+000  1.539380e-003  2.446640e-005
 2.944620e+000  1.543720e-003  2.450440e-005
 2.957530e+000  1.581580e-003  2.436210e-005
 2.970450e+000  1.600760e-003  2.440520e-005
 2.983360e+000  1.514510e-003  2.466260e-005
 2.996280e+000  1.566430e-003  2.432410e-005
 3.009190e+000  1.545210e-003  2.470280e-005
 3.022110e+000  1.501720e-003  2.440510e-005
 3.035020e+000  1.556680e-003  2.421290e-005
 3.047940e+000  1.533020e-003  2.438430e-005
 3.060850e+000  1.589030e-003  2.434830e-005
 3.073760e+000  1.526030e-003  2.452050e-005
 3.086670e+000  1.552860e-003  2.462750e-005
 3.099590e+000  1.523270e-003  2.432680e-005
 3.112500e+000  1.499960e-003  2.461030e-005
 3.125410e+000  1.441810e-003  2.455910e-005
 3.138320e+000  1.516010e-003  2.463810e-005
 3.151230e+000  1.476710e-003  2.450890e-005
 3.164140e+000  1.498870e-003  2.478190e-005
 3.177050e+000  1.473920e-003  2.455050e-005
 3.189960e+000  1.477960e-003  2.460350e-005
 3.202870e+000  1.445870e-003  2.446260e-005
 3.215780e+000  1.444670e-003  2.448000e-005
 3.228690e+000  1.425750e-003  2.455070e-005
 3.241590e+000  1.395030e-003  2.519390e-005
 3.254500e+000  1.461580e-003  2.564750e-005
 3.267410e+000  1.440050e-003  2.574860e-005
 3.280320e+000  1.391640e-003  2.609410e-005
 3.293220e+000  1.355160e-003  2.627770e-005
 3.306130e+000  1.440830e-003  2.638590e-005
 3.319030e+000  1.378030e-003  2.647540e-005
 3.331940e+000  1.341900e-003  2.686980e-005
 3.344840e+000  1.374990e-003  2.660210e-005
 3.357750e+000  1.372490e-003  2.595760e-005
 3.370650e+000  1.332990e-003  2.577090e-005
 3.383560e+000  1.356790e-003  2.574380e-005
 3.396460e+000  1.376380e-003  2.556090e-005
 3.409360e+000  1.351390e-003  2.553330e-005
 3.422260e+000  1.331840e-003  2.483210e-005
 3.435170e+000  1.388540e-003  2.498160e-005
 3.448070e+000  1.338160e-003  2.525950e-005
 3.460970e+000  1.361490e-003  2.512550e-005
 3.473870e+000  1.342700e-003  2.497890e-005
 3.486770e+000  1.283780e-003  2.494780e-005
 3.499670e+000  1.354110e-003  2.501560e-005
 3.512570e+000  1.347530e-003  2.511540e-005
 3.525470e+000  1.281960e-003  2.523940e-005
 3.538360e+000  1.357280e-003  2.496480e-005
 3.551260e+000  1.257920e-003  2.489700e-005
 3.564160e+000  1.292100e-003  2.489830e-005
 3.577060e+000  1.295510e-003  2.497640e-005
 3.589950e+000  1.314070e-003  2.459310e-005
 3.602850e+000  1.309310e-003  2.471480e-005
 3.615750e+000  1.295080e-003  2.517190e-005
 3.628640e+000  1.295940e-003  2.459970e-005
 3.641540e+000  1.275470e-003  2.449720e-005
 3.654430e+000  1.348460e-003  2.452190e-005
 3.667330e+000  1.263700e-003  2.445670e-005
 3.680220e+000  1.282580e-003  2.456640e-005
 3.693110e+000  1.256050e-003  2.453960e-005
 3.706010e+000  1.233440e-003  2.427890e-005
 3.718900e+000  1.320180e-003  2.437630e-005
 3.731790e+000  1.270350e-003  2.443680e-005
 3.744680e+000  1.228580e-003  2.446320e-005
 3.757570e+000  1.281340e-003  2.431930e-005
 3.770460e+000  1.286120e-003  2.426190e-005
 3.783350e+000  1.257200e-003  2.438900e-005
 3.796240e+000  1.287540e-003  2.430400e-005
 3.809130e+000  1.233430e-003  2.431040e-005
 3.822020e+000  1.250190e-003  2.498550e-005
 3.834910e+000  1.251630e-003  2.518600e-005
 3.847800e+000  1.243860e-003  2.569370e-005
 3.860680e+000  1.285120e-003  2.600230e-005
 3.873570e+000  1.220380e-003  2.583110e-005
 3.886460e+000  1.225400e-003  2.607950e-005
 3.899340e+000  1.271980e-003  2.590350e-005
 3.912230e+000  1.204530e-003  2.590690e-005
 3.925110e+000  1.137300e-003  2.609810e-005
 3.938000e+000  1.235690e-003  2.619640e-005
 3.950880e+000  1.179890e-003  2.629660e-005
 3.963770e+000  1.186700e-003  2.697370e-005
 3.976650e+000  1.187070e-003  2.598310e-005
 3.989530e+000  1.213860e-003  2.648470e-005
 4.002410e+000  1.198180e-003  2.635520e-005
 4.015300e+000  1.202560e-003  2.664270e-005
 4.028180e+000  1.136740e-003  2.658570e-005
 4.041060e+000  1.133130e-003  2.696420e-005
 4.053940e+000  1.153590e-003  2.712050e-005
 4.066820e+000  1.166260e-003  2.718960e-005
 4.079700e+000  1.144790e-003  2.712750e-005
 4.092580e+000  1.113890e-003  2.744760e-005
 4.105450e+000  1.156730e-003  2.735270e-005
 4.118330e+000  1.169970e-003  2.756690e-005
 4.131210e+000  1.217190e-003  2.772110e-005
 4.144090e+000  1.086500e-003  2.766260e-005
 4.156960e+000  1.116550e-003  2.775340e-005
 4.169840e+000  1.094480e-003  2.767670e-005
 4.182710e+000  1.131120e-003  2.763740e-005
 4.195590e+000  1.149780e-003  2.761640e-005
 4.208460e+000  1.165480e-003  2.844170e-005
 4.221340e+000  1.052130e-003  2.850670e-005
 4.234210e+000  1.160390e-003  2.800540e-005
 4.247080e+000  1.072030e-003  2.789710e-005
 4.259950e+000  1.126350e-003  2.793350e-005
 4.272830e+000  1.101910e-003  2.783470e-005
 4.285700e+000  1.117440e-003  2.818640e-005
 4.298570e+000  1.061280e-003  2.840320e-005
 4.311440e+000  1.119660e-003  2.878770e-005
 4.324310e+000  1.126180e-003  2.877420e-005
 4.337180e+000  1.150200e-003  2.837500e-005
 4.350050e+000  1.075160e-003  2.843580e-005
 4.362910e+000  1.079610e-003  2.861910e-005
 4.375780e+000  1.174930e-003  2.867480e-005
 4.388650e+000  1.080010e-003  2.840570e-005
 4.401510e+000  1.154170e-003  2.876640e-005
 4.414380e+000  1.078800e-003  2.858140e-005
 4.427250e+000  1.102340e-003  2.877560e-005
 4.440110e+000  1.081920e-003  2.878540e-005
 4.452980e+000  1.062450e-003  2.872210e-005
 4.465840e+000  1.090660e-003  2.852940e-005
 4.478700e+000  1.059020e-003  2.881130e-005
 4.491570e+000  1.089740e-003  2.896760e-005
 4.504430e+000  1.086920e-003  2.876210e-005
 4.517290e+000  1.059040e-003  2.888710e-005
 4.530150e+000  1.059190e-003  2.866050e-005
 4.543010e+000  1.124220e-003  2.861050e-005
 4.555870e+000  1.088140e-003  2.899790e-005
 4.568730e+000  1.074410e-003  2.866960e-005
 4.581590e+000  1.085540e-003  2.871810e-005
 4.594450e+000  1.095920e-003  2.894860e-005
 4.607310e+000  1.058000e-003  3.020220e-005
 4.620160e+000  1.074820e-003  3.115300e-005
 4.633020e+000  1.059590e-003  3.182280e-005
 4.645880e+000  1.120210e-003  3.228200e-005
 4.658730e+000  1.223200e-003  3.252030e-005
 4.671590e+000  1.158480e-003  3.351630e-005
 4.684440e+000  1.124430e-003  3.410300e-005
 4.697300e+000  1.151900e-003  3.443630e-005
 4.710150e+000  1.123540e-003  3.448490e-005
 4.723000e+000  1.174940e-003  3.557670e-005
 4.735850e+000  1.108920e-003  3.582790e-005
 4.748710e+000  1.153420e-003  3.633330e-005
 4.761560e+000  1.147040e-003  3.679720e-005
 4.774410e+000  1.150840e-003  3.686030e-005
 4.787260e+000  1.140890e-003  3.713700e-005
 4.800110e+000  1.232950e-003  3.770320e-005
 4.812960e+000  1.193130e-003  3.856510e-005
 4.825800e+000  1.110760e-003  3.879450e-005
 4.838650e+000  1.238980e-003  3.910940e-005
 4.851500e+000  1.238860e-003  3.947910e-005
 4.864340e+000  1.162060e-003  4.008970e-005
 4.877190e+000  1.186480e-003  4.069430e-005
 4.890040e+000  1.187300e-003  4.154340e-005
 4.902880e+000  1.297770e-003  4.141390e-005
 4.915720e+000  1.246910e-003  4.191810e-005
 4.928570e+000  1.208570e-003  4.219430e-005
 4.941410e+000  1.287570e-003  4.354560e-005
 4.954250e+000  1.213170e-003  4.434510e-005
 4.967100e+000  1.200200e-003  4.471880e-005
 4.979940e+000  1.370310e-003  4.481120e-005
 4.992780e+000  1.318040e-003  4.550850e-005
 5.005620e+000  1.333940e-003  4.588550e-005
 5.018460e+000  1.351990e-003  4.625330e-005
 5.031300e+000  1.260310e-003  4.649990e-005
 5.044130e+000  1.241200e-003  4.789680e-005
 5.056970e+000  1.330320e-003  4.758880e-005
 5.069810e+000  1.327410e-003  4.797680e-005
 5.082640e+000  1.281840e-003  4.960270e-005
 5.095480e+000  1.260430e-003  4.981090e-005
 5.108320e+000  1.222090e-003  5.064850e-005
 5.121150e+000  1.343030e-003  5.138300e-005
 5.133980e+000  1.459620e-003  5.210940e-005
 5.146820e+000  1.311420e-003  5.356040e-005
 5.159650e+000  1.286660e-003  5.550280e-005
 5.172480e+000  1.470580e-003  5.450010e-005
 5.185310e+000  1.401830e-003  5.590090e-005
 5.198140e+000  1.234730e-003  5.682260e-005
 5.210980e+000  1.411180e-003  5.727530e-005
 5.223800e+000  1.448330e-003  5.856190e-005
 5.236630e+000  1.329630e-003  5.962500e-005
 5.249460e+000  1.389590e-003  6.044990e-005
 5.262290e+000  1.422110e-003  6.154250e-005
 5.275120e+000  1.317700e-003  6.210320e-005
 5.287940e+000  1.362970e-003  6.285290e-005
 5.300770e+000  1.329820e-003  6.324080e-005
 5.313590e+000  1.362210e-003  6.392290e-005
 5.326420e+000  1.336050e-003  6.477880e-005
 5.339240e+000  1.359800e-003  6.518630e-005
 5.352070e+000  1.499460e-003  6.693280e-005
 5.364890e+000  1.422300e-003  6.721590e-005
 5.377710e+000  1.408110e-003  6.723040e-005
 5.390530e+000  1.416810e-003  6.802140e-005
 5.403350e+000  1.357180e-003  6.969120e-005
 5.416170e+000  1.425560e-003  7.185430e-005
 5.428990e+000  1.375040e-003  7.073860e-005
 5.441810e+000  1.513840e-003  7.203930e-005
 5.454630e+000  1.384490e-003  7.307440e-005
 5.467450e+000  1.394230e-003  7.407280e-005
 5.480260e+000  1.415800e-003  7.634010e-005
 5.493080e+000  1.403950e-003  7.603690e-005
 5.505900e+000  1.337630e-003  7.875580e-005
 5.518710e+000  1.425190e-003  8.033660e-005
 5.531520e+000  1.248130e-003  8.172990e-005
 5.544340e+000  1.401340e-003  8.513350e-005
 5.557150e+000  1.405390e-003  8.390730e-005
 5.569960e+000  1.472890e-003  8.631890e-005
 5.582770e+000  1.616360e-003  8.688680e-005
 5.595590e+000  1.474370e-003  8.678900e-005
 5.608400e+000  1.464820e-003  9.034170e-005
 5.621210e+000  1.534820e-003  9.277010e-005
 5.634010e+000  1.362490e-003  9.292320e-005
 5.646820e+000  1.459780e-003  9.508730e-005
 5.659630e+000  1.086950e-003  9.859160e-005
 5.672440e+000  1.318620e-003  1.003400e-004
 5.685240e+000  1.404750e-003  1.025540e-004
 5.698050e+000  1.282220e-003  1.036590e-004
 5.710850e+000  1.505370e-003  1.091400e-004
 5.723660e+000  1.056350e-003  1.123310e-004
 5.736460e+000  1.341600e-003  1.161700e-004
 5.749260e+000  1.224720e-003  1.190260e-004
 5.762070e+000  1.195040e-003  1.214870e-004
 5.774870e+000  1.278210e-003  1.265660e-004
 5.787670e+000  1.347240e-003  1.308620e-004
 5.800470e+000  1.272650e-003  1.361710e-004
 5.813270e+000  1.406990e-003  1.426240e-004
 5.826070e+000  1.302170e-003  1.472230e-004
 5.838860e+000  1.464720e-003  1.567740e-004
 5.851660e+000  1.356700e-003  1.683300e-004
 5.864460e+000  1.216120e-003  1.797790e-004
 5.877250e+000  1.488460e-003  1.914280e-004
 5.890050e+000  1.379110e-003  2.168650e-004
 5.902840e+000  1.374440e-003  2.281570e-004
 5.915640e+000  1.112650e-003  2.689550e-004
 5.928430e+000  2.011250e-003  3.274250e-004
 5.941220e+000  1.273280e-003  3.855920e-004
 5.954010e+000  1.087130e-003  1.097840e-003
parent: C:/Users/jeffries/Desktop/SASBDB/Submissions/Deeppox virus1/DVP6p47_mod.dat
range-from: 1
range-to: 443
