 13-Feb-2014       (1.000 *avrg_FW7_0011.d - 1.000 *avrg_FW7_buffer) /  5.0000
avrg_FW7_001  Conc = .50E+01  Mult = .10E+01  N1 =    1  N2 = 1694  SCALE =  1
 _buffer.dat  Conc = .10E+01  Mult = .10E+01  N1 =    1  N2 = 1694  SCALE =  1
  0.448682E-01  0.123282E+05  0.347232E+03
  0.475023E-01  0.124628E+05  0.316148E+03
  0.501363E-01  0.119896E+05  0.283734E+03
  0.527703E-01  0.111948E+05  0.255641E+03
  0.554043E-01  0.113956E+05  0.232790E+03
  0.580383E-01  0.109458E+05  0.220620E+03
  0.606723E-01  0.103886E+05  0.202586E+03
  0.633063E-01  0.105177E+05  0.193326E+03
  0.659403E-01  0.102514E+05  0.180483E+03
  0.685743E-01  0.976892E+04  0.172770E+03
  0.712083E-01  0.947905E+04  0.164868E+03
  0.738423E-01  0.928131E+04  0.154875E+03
  0.764763E-01  0.906183E+04  0.149539E+03
  0.791103E-01  0.895980E+04  0.144270E+03
  0.817443E-01  0.856078E+04  0.137501E+03
  0.843784E-01  0.820493E+04  0.131470E+03
  0.870124E-01  0.789906E+04  0.123920E+03
  0.896464E-01  0.787203E+04  0.119977E+03
  0.922804E-01  0.771099E+04  0.113236E+03
  0.949144E-01  0.739736E+04  0.108715E+03
  0.975484E-01  0.701907E+04  0.102646E+03
  0.100182E+00  0.704945E+04  0.100230E+03
  0.102816E+00  0.681024E+04  0.980883E+02
  0.105450E+00  0.665426E+04  0.937358E+02
  0.108084E+00  0.645018E+04  0.903039E+02
  0.110718E+00  0.625810E+04  0.877160E+02
  0.113352E+00  0.627210E+04  0.855810E+02
  0.115986E+00  0.608160E+04  0.842518E+02
  0.118620E+00  0.595639E+04  0.799040E+02
  0.121254E+00  0.583626E+04  0.773792E+02
  0.123888E+00  0.567951E+04  0.736583E+02
  0.126522E+00  0.558984E+04  0.708812E+02
  0.129156E+00  0.546122E+04  0.694777E+02
  0.131790E+00  0.533634E+04  0.677106E+02
  0.134424E+00  0.516228E+04  0.666576E+02
  0.137058E+00  0.506627E+04  0.651567E+02
  0.139693E+00  0.502221E+04  0.646427E+02
  0.142327E+00  0.497529E+04  0.650978E+02
  0.144961E+00  0.488733E+04  0.648705E+02
  0.147595E+00  0.480899E+04  0.651118E+02
  0.150229E+00  0.470640E+04  0.643230E+02
  0.152863E+00  0.464690E+04  0.626932E+02
  0.155497E+00  0.465481E+04  0.632147E+02
  0.158131E+00  0.455638E+04  0.626386E+02
  0.160765E+00  0.436932E+04  0.613354E+02
  0.163399E+00  0.431215E+04  0.604014E+02
  0.166033E+00  0.433875E+04  0.607450E+02
  0.168667E+00  0.426129E+04  0.599576E+02
  0.171301E+00  0.414395E+04  0.590196E+02
  0.173935E+00  0.418173E+04  0.586692E+02
  0.176569E+00  0.410574E+04  0.580309E+02
  0.179203E+00  0.407502E+04  0.579691E+02
  0.181837E+00  0.397919E+04  0.571482E+02
  0.184471E+00  0.390973E+04  0.562702E+02
  0.187105E+00  0.383626E+04  0.556195E+02
  0.189739E+00  0.372739E+04  0.546834E+02
  0.192373E+00  0.371081E+04  0.545466E+02
  0.195007E+00  0.374589E+04  0.545143E+02
  0.197641E+00  0.364813E+04  0.532756E+02
  0.200275E+00  0.360614E+04  0.533785E+02
  0.202909E+00  0.359063E+04  0.526579E+02
  0.205543E+00  0.346411E+04  0.519669E+02
  0.208177E+00  0.342918E+04  0.508379E+02
  0.210811E+00  0.342484E+04  0.512301E+02
  0.213445E+00  0.344249E+04  0.509415E+02
  0.216079E+00  0.336110E+04  0.503283E+02
  0.218713E+00  0.335423E+04  0.497954E+02
  0.221347E+00  0.325894E+04  0.491521E+02
  0.223981E+00  0.324593E+04  0.491121E+02
  0.226615E+00  0.322245E+04  0.487236E+02
  0.229249E+00  0.319211E+04  0.478317E+02
  0.231883E+00  0.307642E+04  0.477670E+02
  0.234517E+00  0.308858E+04  0.470531E+02
  0.237151E+00  0.312710E+04  0.473936E+02
  0.239785E+00  0.304452E+04  0.463881E+02
  0.242419E+00  0.295322E+04  0.458958E+02
  0.245053E+00  0.299909E+04  0.463134E+02
  0.247687E+00  0.290619E+04  0.452808E+02
  0.250321E+00  0.285569E+04  0.449649E+02
  0.252955E+00  0.288063E+04  0.442651E+02
  0.255589E+00  0.281986E+04  0.442289E+02
  0.258223E+00  0.277964E+04  0.441105E+02
  0.260857E+00  0.281816E+04  0.438866E+02
  0.263491E+00  0.279195E+04  0.436033E+02
  0.266125E+00  0.273440E+04  0.428421E+02
  0.268759E+00  0.275737E+04  0.431323E+02
  0.271393E+00  0.267482E+04  0.423671E+02
  0.274027E+00  0.265983E+04  0.419686E+02
  0.276661E+00  0.262032E+04  0.419349E+02
  0.279295E+00  0.256076E+04  0.412690E+02
  0.281929E+00  0.257634E+04  0.414369E+02
  0.284563E+00  0.253755E+04  0.404380E+02
  0.287197E+00  0.254024E+04  0.406994E+02
  0.289831E+00  0.249296E+04  0.404266E+02
  0.292465E+00  0.247440E+04  0.401117E+02
  0.295099E+00  0.239725E+04  0.397439E+02
  0.297733E+00  0.242200E+04  0.390572E+02
  0.300367E+00  0.241422E+04  0.393492E+02
  0.303001E+00  0.237261E+04  0.389160E+02
  0.305635E+00  0.239782E+04  0.387486E+02
  0.308269E+00  0.236714E+04  0.387275E+02
  0.310903E+00  0.234318E+04  0.383061E+02
  0.313537E+00  0.234995E+04  0.383976E+02
  0.316171E+00  0.224977E+04  0.374722E+02
  0.318805E+00  0.226528E+04  0.373081E+02
  0.321439E+00  0.228865E+04  0.375920E+02
  0.324073E+00  0.221128E+04  0.368316E+02
  0.326707E+00  0.219868E+04  0.370919E+02
  0.329341E+00  0.219085E+04  0.365510E+02
  0.331975E+00  0.213898E+04  0.361797E+02
  0.334609E+00  0.214748E+04  0.363164E+02
  0.337243E+00  0.209848E+04  0.357846E+02
  0.339877E+00  0.210823E+04  0.358595E+02
  0.342511E+00  0.206834E+04  0.351155E+02
  0.345145E+00  0.207175E+04  0.353158E+02
  0.347779E+00  0.207045E+04  0.350763E+02
  0.350413E+00  0.208690E+04  0.350746E+02
  0.353047E+00  0.200932E+04  0.345297E+02
  0.355681E+00  0.201619E+04  0.344507E+02
  0.358315E+00  0.202358E+04  0.344004E+02
  0.360949E+00  0.198991E+04  0.341883E+02
  0.363583E+00  0.196792E+04  0.338349E+02
  0.366217E+00  0.195546E+04  0.337871E+02
  0.368851E+00  0.200518E+04  0.338748E+02
  0.371485E+00  0.193043E+04  0.336465E+02
  0.374119E+00  0.195289E+04  0.331784E+02
  0.376753E+00  0.195089E+04  0.335123E+02
  0.379387E+00  0.191107E+04  0.337796E+02
  0.382021E+00  0.193628E+04  0.346426E+02
  0.384655E+00  0.191716E+04  0.349140E+02
  0.387289E+00  0.188125E+04  0.343763E+02
  0.389923E+00  0.182832E+04  0.347155E+02
  0.392557E+00  0.178909E+04  0.346358E+02
  0.395191E+00  0.179991E+04  0.350435E+02
  0.397825E+00  0.174453E+04  0.346544E+02
  0.400459E+00  0.180623E+04  0.350786E+02
  0.403093E+00  0.179879E+04  0.355095E+02
  0.405727E+00  0.176296E+04  0.349118E+02
  0.408361E+00  0.178932E+04  0.355167E+02
  0.410995E+00  0.179181E+04  0.357293E+02
  0.413629E+00  0.179188E+04  0.352519E+02
  0.416263E+00  0.170963E+04  0.354038E+02
  0.418897E+00  0.169379E+04  0.349028E+02
  0.421531E+00  0.170854E+04  0.354680E+02
  0.424165E+00  0.172617E+04  0.353537E+02
  0.426799E+00  0.166236E+04  0.351653E+02
  0.429433E+00  0.168712E+04  0.354638E+02
  0.432067E+00  0.166858E+04  0.352293E+02
  0.434701E+00  0.166686E+04  0.342311E+02
  0.437335E+00  0.163846E+04  0.332162E+02
  0.439969E+00  0.161243E+04  0.329247E+02
  0.442603E+00  0.159318E+04  0.324755E+02
  0.445237E+00  0.156139E+04  0.318905E+02
  0.447871E+00  0.161292E+04  0.322099E+02
  0.450505E+00  0.160977E+04  0.315586E+02
  0.453139E+00  0.154061E+04  0.312327E+02
  0.455773E+00  0.157765E+04  0.313411E+02
  0.458407E+00  0.155999E+04  0.310403E+02
  0.461041E+00  0.152944E+04  0.306468E+02
  0.463675E+00  0.150937E+04  0.302498E+02
  0.466309E+00  0.153202E+04  0.304027E+02
  0.468943E+00  0.154804E+04  0.303052E+02
  0.471577E+00  0.151325E+04  0.300877E+02
  0.474211E+00  0.150773E+04  0.299504E+02
  0.476845E+00  0.149921E+04  0.297588E+02
  0.479479E+00  0.149210E+04  0.298153E+02
  0.482113E+00  0.148026E+04  0.294747E+02
  0.484747E+00  0.145645E+04  0.294329E+02
  0.487381E+00  0.146412E+04  0.291523E+02
  0.490015E+00  0.147388E+04  0.290680E+02
  0.492649E+00  0.145329E+04  0.291742E+02
  0.495283E+00  0.141058E+04  0.286698E+02
  0.497917E+00  0.144960E+04  0.287918E+02
  0.500551E+00  0.144226E+04  0.287158E+02
  0.503185E+00  0.138696E+04  0.283296E+02
  0.505819E+00  0.137478E+04  0.283257E+02
  0.508453E+00  0.142064E+04  0.281851E+02
  0.511088E+00  0.141024E+04  0.282442E+02
  0.513722E+00  0.138082E+04  0.280045E+02
  0.516356E+00  0.135508E+04  0.284432E+02
  0.518990E+00  0.136187E+04  0.285084E+02
  0.521624E+00  0.136890E+04  0.286825E+02
  0.524258E+00  0.134802E+04  0.289908E+02
  0.526892E+00  0.130177E+04  0.285949E+02
  0.529526E+00  0.132423E+04  0.287885E+02
  0.532160E+00  0.131619E+04  0.285833E+02
  0.534794E+00  0.127916E+04  0.284918E+02
  0.537428E+00  0.128197E+04  0.288180E+02
  0.540062E+00  0.127418E+04  0.283750E+02
  0.542696E+00  0.128640E+04  0.280181E+02
  0.545330E+00  0.128766E+04  0.277852E+02
  0.547964E+00  0.124786E+04  0.271550E+02
  0.550598E+00  0.128393E+04  0.273284E+02
  0.553232E+00  0.128477E+04  0.270145E+02
  0.555866E+00  0.127557E+04  0.268830E+02
  0.558500E+00  0.124064E+04  0.265265E+02
  0.561134E+00  0.124938E+04  0.264709E+02
  0.563768E+00  0.126168E+04  0.263844E+02
  0.566402E+00  0.122878E+04  0.261231E+02
  0.569036E+00  0.121648E+04  0.260747E+02
  0.571670E+00  0.122181E+04  0.260080E+02
  0.574304E+00  0.121459E+04  0.257813E+02
  0.576938E+00  0.120317E+04  0.255970E+02
  0.579572E+00  0.123810E+04  0.257869E+02
  0.582206E+00  0.122086E+04  0.256356E+02
  0.584840E+00  0.121830E+04  0.256119E+02
  0.587474E+00  0.123780E+04  0.255416E+02
  0.590108E+00  0.118939E+04  0.253060E+02
  0.592742E+00  0.118177E+04  0.251271E+02
  0.595376E+00  0.118985E+04  0.251783E+02
  0.598010E+00  0.117244E+04  0.248764E+02
  0.600644E+00  0.115692E+04  0.248908E+02
  0.603278E+00  0.117329E+04  0.248371E+02
  0.605912E+00  0.114812E+04  0.247749E+02
  0.608546E+00  0.111338E+04  0.243866E+02
  0.611180E+00  0.116355E+04  0.245625E+02
  0.613814E+00  0.113707E+04  0.244165E+02
  0.616448E+00  0.114622E+04  0.244241E+02
  0.619082E+00  0.113133E+04  0.243350E+02
  0.621716E+00  0.112328E+04  0.241426E+02
  0.624350E+00  0.112650E+04  0.241028E+02
  0.626984E+00  0.111293E+04  0.241075E+02
  0.629618E+00  0.111095E+04  0.238899E+02
  0.632252E+00  0.109212E+04  0.237944E+02
  0.634886E+00  0.106139E+04  0.234555E+02
  0.637520E+00  0.107413E+04  0.235436E+02
  0.640154E+00  0.107203E+04  0.233890E+02
  0.642788E+00  0.107005E+04  0.232343E+02
  0.645422E+00  0.106590E+04  0.233222E+02
  0.648056E+00  0.107099E+04  0.231665E+02
  0.650690E+00  0.105636E+04  0.231633E+02
  0.653324E+00  0.104281E+04  0.228014E+02
  0.655958E+00  0.107255E+04  0.229351E+02
  0.658592E+00  0.104066E+04  0.227962E+02
  0.661226E+00  0.102516E+04  0.226532E+02
  0.663860E+00  0.102997E+04  0.227429E+02
  0.666494E+00  0.105013E+04  0.226162E+02
  0.669128E+00  0.103830E+04  0.227256E+02
  0.671762E+00  0.102003E+04  0.225422E+02
  0.674396E+00  0.101628E+04  0.224417E+02
  0.677030E+00  0.100895E+04  0.224068E+02
  0.679664E+00  0.101288E+04  0.222952E+02
  0.682298E+00  0.994616E+03  0.224502E+02
  0.684932E+00  0.974884E+03  0.221758E+02
  0.687566E+00  0.973080E+03  0.220753E+02
  0.690200E+00  0.975550E+03  0.221445E+02
  0.692834E+00  0.100571E+04  0.221457E+02
  0.695468E+00  0.961248E+03  0.220374E+02
  0.698102E+00  0.954188E+03  0.218769E+02
  0.700736E+00  0.975682E+03  0.220863E+02
  0.703370E+00  0.972961E+03  0.219178E+02
  0.706004E+00  0.959231E+03  0.217773E+02
  0.708638E+00  0.958978E+03  0.217322E+02
  0.711272E+00  0.940736E+03  0.214664E+02
  0.713906E+00  0.933932E+03  0.215884E+02
  0.716540E+00  0.919550E+03  0.214966E+02
  0.719174E+00  0.921536E+03  0.215187E+02
  0.721808E+00  0.902392E+03  0.212354E+02
  0.724442E+00  0.898701E+03  0.211692E+02
  0.727076E+00  0.928801E+03  0.212807E+02
  0.729710E+00  0.917106E+03  0.212265E+02
  0.732344E+00  0.898850E+03  0.210792E+02
  0.734978E+00  0.915977E+03  0.212334E+02
  0.737612E+00  0.900395E+03  0.209448E+02
  0.740246E+00  0.918418E+03  0.210707E+02
  0.742880E+00  0.924862E+03  0.209370E+02
  0.745514E+00  0.899645E+03  0.209600E+02
  0.748148E+00  0.879404E+03  0.208694E+02
  0.750782E+00  0.879022E+03  0.208002E+02
  0.753416E+00  0.899078E+03  0.207710E+02
  0.756050E+00  0.879435E+03  0.205624E+02
  0.758684E+00  0.886831E+03  0.207271E+02
  0.761318E+00  0.888513E+03  0.206342E+02
  0.763952E+00  0.875451E+03  0.205198E+02
  0.766586E+00  0.858645E+03  0.203718E+02
  0.769220E+00  0.849898E+03  0.202478E+02
  0.771854E+00  0.840472E+03  0.203565E+02
  0.774488E+00  0.849522E+03  0.202189E+02
  0.777122E+00  0.856048E+03  0.205862E+02
  0.779756E+00  0.832916E+03  0.208460E+02
  0.782390E+00  0.829360E+03  0.209484E+02
  0.785024E+00  0.832145E+03  0.212041E+02
  0.787658E+00  0.849660E+03  0.211644E+02
  0.790292E+00  0.810960E+03  0.211730E+02
  0.792926E+00  0.828278E+03  0.212555E+02
  0.795560E+00  0.802157E+03  0.211922E+02
  0.798194E+00  0.840298E+03  0.214990E+02
  0.800828E+00  0.809393E+03  0.211400E+02
  0.803462E+00  0.818418E+03  0.213170E+02
  0.806096E+00  0.815065E+03  0.208791E+02
  0.808730E+00  0.810013E+03  0.205358E+02
  0.811364E+00  0.812001E+03  0.203469E+02
  0.813998E+00  0.807918E+03  0.201317E+02
  0.816632E+00  0.805718E+03  0.201057E+02
  0.819266E+00  0.809141E+03  0.198614E+02
  0.821900E+00  0.820463E+03  0.199384E+02
  0.824534E+00  0.816309E+03  0.198365E+02
  0.827168E+00  0.792810E+03  0.197447E+02
  0.829802E+00  0.800685E+03  0.197598E+02
  0.832436E+00  0.798635E+03  0.196354E+02
  0.835070E+00  0.790436E+03  0.196080E+02
  0.837704E+00  0.764638E+03  0.193837E+02
  0.840338E+00  0.773740E+03  0.194112E+02
  0.842972E+00  0.772247E+03  0.193324E+02
  0.845606E+00  0.753908E+03  0.191676E+02
  0.848240E+00  0.758242E+03  0.192708E+02
  0.850874E+00  0.750730E+03  0.191322E+02
  0.853508E+00  0.774461E+03  0.191914E+02
  0.856142E+00  0.773684E+03  0.191779E+02
  0.858776E+00  0.760975E+03  0.190451E+02
  0.861410E+00  0.744045E+03  0.189993E+02
  0.864044E+00  0.753749E+03  0.189322E+02
  0.866678E+00  0.761345E+03  0.189253E+02
  0.869312E+00  0.751434E+03  0.188258E+02
  0.871946E+00  0.750523E+03  0.187718E+02
  0.874580E+00  0.732612E+03  0.186283E+02
  0.877214E+00  0.762818E+03  0.186512E+02
  0.879849E+00  0.735490E+03  0.185786E+02
  0.882483E+00  0.719379E+03  0.184133E+02
  0.885117E+00  0.723620E+03  0.183563E+02
  0.887751E+00  0.725085E+03  0.183892E+02
  0.890385E+00  0.731308E+03  0.184001E+02
  0.893019E+00  0.735689E+03  0.184458E+02
  0.895653E+00  0.735487E+03  0.183150E+02
  0.898287E+00  0.729489E+03  0.183543E+02
  0.900921E+00  0.754620E+03  0.184065E+02
  0.903555E+00  0.708956E+03  0.182924E+02
  0.906189E+00  0.705485E+03  0.182698E+02
  0.908823E+00  0.697949E+03  0.181535E+02
  0.911457E+00  0.706222E+03  0.182177E+02
  0.914091E+00  0.681028E+03  0.180159E+02
  0.916725E+00  0.675702E+03  0.180541E+02
  0.919359E+00  0.693710E+03  0.180154E+02
  0.921993E+00  0.690990E+03  0.179545E+02
  0.924627E+00  0.699034E+03  0.180546E+02
  0.927261E+00  0.711092E+03  0.179945E+02
  0.929895E+00  0.692690E+03  0.180158E+02
  0.932529E+00  0.666416E+03  0.177133E+02
  0.935163E+00  0.690933E+03  0.178171E+02
  0.937797E+00  0.680270E+03  0.181851E+02
  0.940431E+00  0.674542E+03  0.183492E+02
  0.943065E+00  0.687464E+03  0.186280E+02
  0.945699E+00  0.694406E+03  0.186240E+02
  0.948333E+00  0.665886E+03  0.187330E+02
  0.950967E+00  0.661458E+03  0.187835E+02
  0.953601E+00  0.672294E+03  0.187620E+02
  0.956235E+00  0.677479E+03  0.189685E+02
  0.958869E+00  0.688889E+03  0.190311E+02
  0.961503E+00  0.649926E+03  0.190405E+02
  0.964137E+00  0.636562E+03  0.189793E+02
  0.966771E+00  0.651755E+03  0.189360E+02
  0.969405E+00  0.654869E+03  0.192094E+02
  0.972039E+00  0.672264E+03  0.191768E+02
  0.974673E+00  0.653244E+03  0.193109E+02
  0.977307E+00  0.633583E+03  0.191787E+02
  0.979941E+00  0.661747E+03  0.193305E+02
  0.982575E+00  0.608007E+03  0.191550E+02
  0.985209E+00  0.640357E+03  0.193112E+02
  0.987843E+00  0.603509E+03  0.191085E+02
  0.990477E+00  0.643985E+03  0.193546E+02
  0.993111E+00  0.650420E+03  0.190444E+02
  0.995745E+00  0.618930E+03  0.186342E+02
  0.998379E+00  0.623735E+03  0.184941E+02
  0.100101E+01  0.603374E+03  0.182237E+02
  0.100365E+01  0.618826E+03  0.181343E+02
  0.100628E+01  0.620750E+03  0.182266E+02
  0.100891E+01  0.595333E+03  0.179545E+02
  0.101155E+01  0.606263E+03  0.179392E+02
  0.101418E+01  0.613705E+03  0.178919E+02
  0.101682E+01  0.604930E+03  0.178099E+02
  0.101945E+01  0.606979E+03  0.178599E+02
  0.102208E+01  0.600678E+03  0.175654E+02
  0.102472E+01  0.577501E+03  0.175975E+02
  0.102735E+01  0.572727E+03  0.173900E+02
  0.102999E+01  0.580755E+03  0.173632E+02
  0.103262E+01  0.570503E+03  0.173503E+02
  0.103525E+01  0.591336E+03  0.172440E+02
  0.103789E+01  0.582330E+03  0.173252E+02
  0.104052E+01  0.589983E+03  0.173598E+02
  0.104316E+01  0.576838E+03  0.171929E+02
  0.104579E+01  0.604265E+03  0.172535E+02
  0.104842E+01  0.587147E+03  0.170074E+02
  0.105106E+01  0.579765E+03  0.170993E+02
  0.105369E+01  0.590681E+03  0.171068E+02
  0.105633E+01  0.584801E+03  0.170707E+02
  0.105896E+01  0.584874E+03  0.170676E+02
  0.106159E+01  0.582742E+03  0.168901E+02
  0.106423E+01  0.555527E+03  0.168730E+02
  0.106686E+01  0.574021E+03  0.167623E+02
  0.106950E+01  0.577757E+03  0.168957E+02
  0.107213E+01  0.555845E+03  0.166328E+02
  0.107477E+01  0.559996E+03  0.166159E+02
  0.107740E+01  0.544765E+03  0.165577E+02
  0.108003E+01  0.567265E+03  0.164916E+02
  0.108267E+01  0.541645E+03  0.164640E+02
  0.108530E+01  0.541982E+03  0.163429E+02
  0.108794E+01  0.558468E+03  0.164686E+02
  0.109057E+01  0.552612E+03  0.164603E+02
  0.109320E+01  0.565938E+03  0.163903E+02
  0.109584E+01  0.569471E+03  0.164967E+02
  0.109847E+01  0.570515E+03  0.163529E+02
  0.110111E+01  0.550038E+03  0.163019E+02
  0.110374E+01  0.516992E+03  0.161182E+02
  0.110637E+01  0.533872E+03  0.161264E+02
  0.110901E+01  0.510636E+03  0.160810E+02
  0.111164E+01  0.538723E+03  0.160606E+02
  0.111428E+01  0.534713E+03  0.161445E+02
  0.111691E+01  0.517017E+03  0.160531E+02
  0.111954E+01  0.543706E+03  0.161149E+02
  0.112218E+01  0.518862E+03  0.160295E+02
  0.112481E+01  0.532953E+03  0.160471E+02
  0.112745E+01  0.535546E+03  0.161107E+02
  0.113008E+01  0.550458E+03  0.160810E+02
  0.113271E+01  0.525445E+03  0.159580E+02
  0.113535E+01  0.516909E+03  0.159162E+02
  0.113798E+01  0.515485E+03  0.158507E+02
  0.114062E+01  0.517758E+03  0.159583E+02
  0.114325E+01  0.511442E+03  0.158150E+02
  0.114588E+01  0.539600E+03  0.158706E+02
  0.114852E+01  0.513859E+03  0.158004E+02
  0.115115E+01  0.529096E+03  0.158071E+02
  0.115379E+01  0.506171E+03  0.158011E+02
  0.115642E+01  0.514932E+03  0.156260E+02
  0.115905E+01  0.502942E+03  0.156271E+02
  0.116169E+01  0.508929E+03  0.156092E+02
  0.116432E+01  0.508246E+03  0.156498E+02
  0.116696E+01  0.466083E+03  0.154513E+02
  0.116959E+01  0.497818E+03  0.155029E+02
  0.117222E+01  0.502171E+03  0.155434E+02
  0.117486E+01  0.484764E+03  0.154590E+02
  0.117749E+01  0.509041E+03  0.155446E+02
  0.118013E+01  0.512091E+03  0.155200E+02
  0.118276E+01  0.479598E+03  0.153597E+02
  0.118539E+01  0.480221E+03  0.153914E+02
  0.118803E+01  0.497855E+03  0.153573E+02
  0.119066E+01  0.492213E+03  0.153034E+02
  0.119330E+01  0.498153E+03  0.153349E+02
  0.119593E+01  0.508686E+03  0.153687E+02
  0.119856E+01  0.488532E+03  0.152941E+02
  0.120120E+01  0.493637E+03  0.152334E+02
  0.120383E+01  0.487181E+03  0.152819E+02
  0.120647E+01  0.484535E+03  0.151779E+02
  0.120910E+01  0.472792E+03  0.151139E+02
  0.121173E+01  0.484863E+03  0.151313E+02
  0.121437E+01  0.474099E+03  0.150278E+02
  0.121700E+01  0.480220E+03  0.150711E+02
  0.121964E+01  0.446268E+03  0.148774E+02
  0.122227E+01  0.478492E+03  0.150577E+02
  0.122490E+01  0.468840E+03  0.149383E+02
  0.122754E+01  0.462778E+03  0.148532E+02
  0.123017E+01  0.457606E+03  0.148307E+02
  0.123281E+01  0.465193E+03  0.147672E+02
  0.123544E+01  0.439902E+03  0.147139E+02
  0.123807E+01  0.435425E+03  0.146336E+02
  0.124071E+01  0.446095E+03  0.146780E+02
  0.124334E+01  0.462398E+03  0.147049E+02
  0.124598E+01  0.472383E+03  0.147025E+02
  0.124861E+01  0.461313E+03  0.147920E+02
  0.125124E+01  0.463398E+03  0.146571E+02
  0.125388E+01  0.451081E+03  0.146487E+02
  0.125651E+01  0.439836E+03  0.145478E+02
  0.125915E+01  0.440745E+03  0.145524E+02
  0.126178E+01  0.474937E+03  0.147085E+02
  0.126441E+01  0.460951E+03  0.146164E+02
  0.126705E+01  0.435960E+03  0.145172E+02
  0.126968E+01  0.449662E+03  0.145688E+02
  0.127232E+01  0.421996E+03  0.144856E+02
  0.127495E+01  0.440712E+03  0.145644E+02
  0.127758E+01  0.434726E+03  0.143713E+02
  0.128022E+01  0.433533E+03  0.144675E+02
  0.128285E+01  0.426521E+03  0.143554E+02
  0.128549E+01  0.450802E+03  0.145392E+02
  0.128812E+01  0.445751E+03  0.144494E+02
  0.129075E+01  0.432667E+03  0.142885E+02
  0.129339E+01  0.438122E+03  0.144111E+02
  0.129602E+01  0.459932E+03  0.143944E+02
  0.129866E+01  0.438481E+03  0.143572E+02
  0.130129E+01  0.433459E+03  0.143062E+02
  0.130392E+01  0.417667E+03  0.142033E+02
  0.130656E+01  0.429396E+03  0.142948E+02
  0.130919E+01  0.426080E+03  0.141905E+02
  0.131183E+01  0.422746E+03  0.141804E+02
  0.131446E+01  0.432182E+03  0.142199E+02
  0.131709E+01  0.427787E+03  0.141520E+02
  0.131973E+01  0.416403E+03  0.142180E+02
  0.132236E+01  0.421475E+03  0.140465E+02
  0.132500E+01  0.412987E+03  0.140770E+02
  0.132763E+01  0.418265E+03  0.141013E+02
  0.133026E+01  0.418398E+03  0.140596E+02
  0.133290E+01  0.406732E+03  0.140801E+02
  0.133553E+01  0.402087E+03  0.139339E+02
  0.133817E+01  0.397920E+03  0.139170E+02
  0.134080E+01  0.394183E+03  0.139623E+02
  0.134343E+01  0.407612E+03  0.138969E+02
  0.134607E+01  0.411405E+03  0.139323E+02
  0.134870E+01  0.409792E+03  0.138914E+02
  0.135134E+01  0.401259E+03  0.138655E+02
  0.135397E+01  0.416304E+03  0.139308E+02
  0.135660E+01  0.398922E+03  0.137491E+02
  0.135924E+01  0.399408E+03  0.138419E+02
  0.136187E+01  0.400163E+03  0.137663E+02
  0.136451E+01  0.406712E+03  0.138383E+02
  0.136714E+01  0.407719E+03  0.137887E+02
  0.136977E+01  0.408777E+03  0.137085E+02
  0.137241E+01  0.380033E+03  0.136517E+02
  0.137504E+01  0.396463E+03  0.137244E+02
  0.137768E+01  0.402513E+03  0.137138E+02
  0.138031E+01  0.412092E+03  0.137310E+02
  0.138294E+01  0.390056E+03  0.136372E+02
  0.138558E+01  0.398985E+03  0.136677E+02
  0.138821E+01  0.406507E+03  0.136572E+02
  0.139085E+01  0.379187E+03  0.135051E+02
  0.139348E+01  0.364568E+03  0.135199E+02
  0.139611E+01  0.385905E+03  0.135712E+02
  0.139875E+01  0.368543E+03  0.135278E+02
  0.140138E+01  0.370097E+03  0.134268E+02
  0.140402E+01  0.388819E+03  0.134758E+02
  0.140665E+01  0.380909E+03  0.135089E+02
  0.140928E+01  0.402695E+03  0.135134E+02
  0.141192E+01  0.376847E+03  0.134286E+02
  0.141455E+01  0.354942E+03  0.133345E+02
  0.141719E+01  0.365002E+03  0.133317E+02
  0.141982E+01  0.379361E+03  0.134664E+02
  0.142245E+01  0.357615E+03  0.132502E+02
  0.142509E+01  0.382970E+03  0.133627E+02
  0.142772E+01  0.370945E+03  0.133423E+02
  0.143036E+01  0.366723E+03  0.133281E+02
  0.143299E+01  0.389166E+03  0.134257E+02
  0.143562E+01  0.396476E+03  0.132882E+02
  0.143826E+01  0.377368E+03  0.133681E+02
  0.144089E+01  0.349940E+03  0.131698E+02
  0.144353E+01  0.368306E+03  0.132536E+02
  0.144616E+01  0.370412E+03  0.132938E+02
  0.144879E+01  0.369066E+03  0.131367E+02
  0.145143E+01  0.361992E+03  0.132336E+02
  0.145406E+01  0.358607E+03  0.131403E+02
  0.145670E+01  0.352092E+03  0.131099E+02
  0.145933E+01  0.378123E+03  0.132533E+02
  0.146196E+01  0.361819E+03  0.131105E+02
  0.146460E+01  0.369114E+03  0.132837E+02
  0.146723E+01  0.357590E+03  0.130169E+02
  0.146987E+01  0.343177E+03  0.130321E+02
  0.147250E+01  0.350014E+03  0.130744E+02
  0.147513E+01  0.363478E+03  0.130262E+02
  0.147777E+01  0.343908E+03  0.131225E+02
  0.148040E+01  0.337070E+03  0.129038E+02
  0.148304E+01  0.344512E+03  0.129821E+02
  0.148567E+01  0.360839E+03  0.130717E+02
  0.148830E+01  0.353095E+03  0.129543E+02
  0.149094E+01  0.342652E+03  0.129884E+02
  0.149357E+01  0.323799E+03  0.128690E+02
  0.149621E+01  0.350203E+03  0.132529E+02
  0.149884E+01  0.341974E+03  0.133436E+02
  0.150147E+01  0.349551E+03  0.133456E+02
  0.150411E+01  0.352411E+03  0.135687E+02
  0.150674E+01  0.345916E+03  0.135000E+02
  0.150938E+01  0.323738E+03  0.135578E+02
  0.151201E+01  0.335646E+03  0.135663E+02
  0.151464E+01  0.333019E+03  0.135601E+02
  0.151728E+01  0.348328E+03  0.137660E+02
  0.151991E+01  0.338088E+03  0.136913E+02
  0.152255E+01  0.347053E+03  0.138414E+02
  0.152518E+01  0.342339E+03  0.137730E+02
  0.152781E+01  0.337716E+03  0.138049E+02
  0.153045E+01  0.328520E+03  0.138582E+02
  0.153308E+01  0.331592E+03  0.138416E+02
  0.153572E+01  0.311276E+03  0.138057E+02
  0.153835E+01  0.317547E+03  0.138489E+02
  0.154098E+01  0.320378E+03  0.139049E+02
  0.154362E+01  0.324034E+03  0.139662E+02
  0.154625E+01  0.301953E+03  0.138591E+02
  0.154889E+01  0.308401E+03  0.139830E+02
  0.155152E+01  0.322511E+03  0.137476E+02
  0.155415E+01  0.321499E+03  0.136242E+02
  0.155679E+01  0.332270E+03  0.135266E+02
  0.155942E+01  0.307310E+03  0.134057E+02
  0.156206E+01  0.322249E+03  0.134582E+02
  0.156469E+01  0.314168E+03  0.133482E+02
  0.156732E+01  0.318150E+03  0.133001E+02
  0.156996E+01  0.318347E+03  0.132304E+02
  0.157259E+01  0.314824E+03  0.132291E+02
  0.157523E+01  0.327066E+03  0.132256E+02
  0.157786E+01  0.310507E+03  0.131659E+02
  0.158049E+01  0.303940E+03  0.130350E+02
  0.158313E+01  0.307806E+03  0.130340E+02
  0.158576E+01  0.309090E+03  0.130503E+02
  0.158840E+01  0.311292E+03  0.129701E+02
  0.159103E+01  0.305138E+03  0.129809E+02
  0.159366E+01  0.323201E+03  0.130386E+02
  0.159630E+01  0.318864E+03  0.129681E+02
  0.159893E+01  0.303519E+03  0.129361E+02
  0.160157E+01  0.305702E+03  0.128670E+02
  0.160420E+01  0.317655E+03  0.129789E+02
  0.160683E+01  0.311813E+03  0.128812E+02
  0.160947E+01  0.312241E+03  0.129087E+02
  0.161210E+01  0.309781E+03  0.128759E+02
  0.161474E+01  0.291982E+03  0.127186E+02
  0.161737E+01  0.300268E+03  0.128085E+02
  0.162000E+01  0.303249E+03  0.127098E+02
  0.162264E+01  0.308675E+03  0.127992E+02
  0.162527E+01  0.309441E+03  0.127588E+02
  0.162791E+01  0.281136E+03  0.126877E+02
  0.163054E+01  0.299064E+03  0.127832E+02
  0.163317E+01  0.281659E+03  0.126060E+02
  0.163581E+01  0.291883E+03  0.127399E+02
  0.163844E+01  0.303397E+03  0.127057E+02
  0.164108E+01  0.304777E+03  0.127176E+02
  0.164371E+01  0.288228E+03  0.126910E+02
  0.164634E+01  0.291583E+03  0.126172E+02
  0.164898E+01  0.290556E+03  0.126775E+02
  0.165161E+01  0.293728E+03  0.125929E+02
  0.165425E+01  0.287717E+03  0.127039E+02
  0.165688E+01  0.299159E+03  0.126965E+02
  0.165951E+01  0.294209E+03  0.125622E+02
  0.166215E+01  0.284747E+03  0.125968E+02
  0.166478E+01  0.283992E+03  0.125200E+02
  0.166742E+01  0.274959E+03  0.125844E+02
  0.167005E+01  0.286628E+03  0.125642E+02
  0.167268E+01  0.286977E+03  0.124943E+02
  0.167532E+01  0.288102E+03  0.125728E+02
  0.167795E+01  0.284886E+03  0.124872E+02
  0.168059E+01  0.278467E+03  0.124891E+02
  0.168322E+01  0.283529E+03  0.124680E+02
  0.168585E+01  0.280438E+03  0.123957E+02
  0.168849E+01  0.268390E+03  0.124309E+02
  0.169112E+01  0.276079E+03  0.123783E+02
  0.169376E+01  0.288846E+03  0.124878E+02
  0.169639E+01  0.300500E+03  0.124539E+02
  0.169902E+01  0.282328E+03  0.123513E+02
  0.170166E+01  0.267074E+03  0.123506E+02
  0.170429E+01  0.262426E+03  0.122608E+02
  0.170693E+01  0.275739E+03  0.123874E+02
  0.170956E+01  0.278227E+03  0.123520E+02
  0.171219E+01  0.259546E+03  0.122530E+02
  0.171483E+01  0.289397E+03  0.123444E+02
  0.171746E+01  0.282249E+03  0.122773E+02
  0.172010E+01  0.270576E+03  0.123012E+02
  0.172273E+01  0.273227E+03  0.122815E+02
  0.172536E+01  0.283123E+03  0.123269E+02
  0.172800E+01  0.263047E+03  0.122191E+02
  0.173063E+01  0.263187E+03  0.121958E+02
  0.173327E+01  0.258055E+03  0.122162E+02
  0.173590E+01  0.253357E+03  0.121523E+02
  0.173853E+01  0.272920E+03  0.122983E+02
  0.174117E+01  0.280413E+03  0.123141E+02
  0.174380E+01  0.258439E+03  0.122220E+02
  0.174644E+01  0.275287E+03  0.122373E+02
  0.174907E+01  0.268279E+03  0.121615E+02
  0.175170E+01  0.258255E+03  0.122030E+02
  0.175434E+01  0.262709E+03  0.121935E+02
  0.175697E+01  0.266727E+03  0.122248E+02
  0.175961E+01  0.281107E+03  0.122253E+02
  0.176224E+01  0.267517E+03  0.121752E+02
  0.176487E+01  0.272841E+03  0.121967E+02
  0.176751E+01  0.261888E+03  0.121307E+02
  0.177014E+01  0.240429E+03  0.120593E+02
  0.177278E+01  0.240521E+03  0.120873E+02
  0.177541E+01  0.252401E+03  0.121274E+02
  0.177804E+01  0.264427E+03  0.121196E+02
  0.178068E+01  0.268629E+03  0.121373E+02
  0.178331E+01  0.261611E+03  0.120885E+02
  0.178595E+01  0.261163E+03  0.120614E+02
  0.178858E+01  0.252284E+03  0.121002E+02
  0.179121E+01  0.243210E+03  0.120074E+02
  0.179385E+01  0.257223E+03  0.120671E+02
  0.179648E+01  0.263688E+03  0.120458E+02
  0.179912E+01  0.235739E+03  0.119964E+02
  0.180175E+01  0.251218E+03  0.120324E+02
  0.180439E+01  0.251854E+03  0.120129E+02
  0.180702E+01  0.254530E+03  0.120619E+02
  0.180965E+01  0.272315E+03  0.120286E+02
  0.181229E+01  0.270430E+03  0.120520E+02
  0.181492E+01  0.247864E+03  0.119325E+02
  0.181756E+01  0.256080E+03  0.119507E+02
  0.182019E+01  0.259509E+03  0.120241E+02
  0.182282E+01  0.241008E+03  0.118726E+02
  0.182546E+01  0.246966E+03  0.119234E+02
  0.182809E+01  0.245699E+03  0.119251E+02
  0.183073E+01  0.247759E+03  0.118841E+02
  0.183336E+01  0.261275E+03  0.120037E+02
  0.183599E+01  0.236877E+03  0.117930E+02
  0.183863E+01  0.241338E+03  0.119252E+02
  0.184126E+01  0.234379E+03  0.118549E+02
  0.184390E+01  0.238226E+03  0.118872E+02
  0.184653E+01  0.246694E+03  0.119847E+02
  0.184916E+01  0.260821E+03  0.119185E+02
  0.185180E+01  0.261604E+03  0.119824E+02
  0.185443E+01  0.241625E+03  0.118992E+02
  0.185707E+01  0.243775E+03  0.118883E+02
  0.185970E+01  0.229025E+03  0.118293E+02
  0.186233E+01  0.241083E+03  0.118078E+02
  0.186497E+01  0.234906E+03  0.119181E+02
  0.186760E+01  0.238868E+03  0.118758E+02
  0.187024E+01  0.245151E+03  0.119245E+02
  0.187287E+01  0.238041E+03  0.119454E+02
  0.187550E+01  0.236836E+03  0.118268E+02
  0.187814E+01  0.232478E+03  0.119242E+02
  0.188077E+01  0.246384E+03  0.118489E+02
  0.188341E+01  0.222971E+03  0.118392E+02
  0.188604E+01  0.236377E+03  0.119491E+02
  0.188867E+01  0.253385E+03  0.119634E+02
  0.189131E+01  0.231515E+03  0.119237E+02
  0.189394E+01  0.233317E+03  0.117994E+02
  0.189658E+01  0.227489E+03  0.118765E+02
  0.189921E+01  0.230967E+03  0.119181E+02
  0.190184E+01  0.229599E+03  0.118595E+02
  0.190448E+01  0.243601E+03  0.119631E+02
  0.190711E+01  0.225966E+03  0.118075E+02
  0.190975E+01  0.223835E+03  0.118898E+02
  0.191238E+01  0.247604E+03  0.119261E+02
  0.191501E+01  0.225698E+03  0.118188E+02
  0.191765E+01  0.220745E+03  0.119247E+02
  0.192028E+01  0.220545E+03  0.118139E+02
  0.192292E+01  0.219859E+03  0.119040E+02
  0.192555E+01  0.220224E+03  0.118209E+02
  0.192818E+01  0.220401E+03  0.118593E+02
  0.193082E+01  0.206583E+03  0.118532E+02
  0.193345E+01  0.197050E+03  0.117591E+02
  0.193609E+01  0.229029E+03  0.119304E+02
  0.193872E+01  0.209802E+03  0.117942E+02
  0.194135E+01  0.207176E+03  0.118113E+02
  0.194399E+01  0.233168E+03  0.119624E+02
  0.194662E+01  0.235607E+03  0.119235E+02
  0.194926E+01  0.239336E+03  0.119579E+02
  0.195189E+01  0.229496E+03  0.119344E+02
  0.195452E+01  0.230083E+03  0.119803E+02
  0.195716E+01  0.224302E+03  0.119057E+02
  0.195979E+01  0.204906E+03  0.117923E+02
  0.196243E+01  0.214489E+03  0.118811E+02
  0.196506E+01  0.219519E+03  0.118660E+02
  0.196769E+01  0.222269E+03  0.119207E+02
  0.197033E+01  0.222460E+03  0.118800E+02
  0.197296E+01  0.218798E+03  0.118615E+02
  0.197560E+01  0.224001E+03  0.119011E+02
  0.197823E+01  0.222997E+03  0.119209E+02
  0.198086E+01  0.215156E+03  0.118536E+02
  0.198350E+01  0.226227E+03  0.119455E+02
  0.198613E+01  0.230101E+03  0.119322E+02
  0.198877E+01  0.204881E+03  0.118250E+02
  0.199140E+01  0.186284E+03  0.117811E+02
  0.199403E+01  0.205676E+03  0.117835E+02
  0.199667E+01  0.202364E+03  0.118721E+02
  0.199930E+01  0.212012E+03  0.118855E+02
  0.200194E+01  0.215159E+03  0.118698E+02
  0.200457E+01  0.201391E+03  0.118397E+02
  0.200720E+01  0.211233E+03  0.118339E+02
  0.200984E+01  0.190930E+03  0.117472E+02
  0.201247E+01  0.195606E+03  0.117979E+02
  0.201511E+01  0.198196E+03  0.117738E+02
  0.201774E+01  0.208762E+03  0.118855E+02
  0.202037E+01  0.208102E+03  0.117974E+02
  0.202301E+01  0.209223E+03  0.118702E+02
  0.202564E+01  0.216880E+03  0.118636E+02
  0.202828E+01  0.202839E+03  0.118557E+02
  0.203091E+01  0.188698E+03  0.118093E+02
  0.203354E+01  0.212451E+03  0.118267E+02
  0.203618E+01  0.207127E+03  0.118467E+02
  0.203881E+01  0.203760E+03  0.117712E+02
  0.204145E+01  0.187302E+03  0.117487E+02
  0.204408E+01  0.197894E+03  0.118292E+02
  0.204671E+01  0.192883E+03  0.116840E+02
  0.204935E+01  0.198044E+03  0.117818E+02
  0.205198E+01  0.194764E+03  0.117274E+02
  0.205462E+01  0.201100E+03  0.119655E+02
  0.205725E+01  0.185322E+03  0.120812E+02
  0.205988E+01  0.191291E+03  0.121021E+02
  0.206252E+01  0.203735E+03  0.123463E+02
  0.206515E+01  0.200944E+03  0.123099E+02
  0.206779E+01  0.177683E+03  0.123458E+02
  0.207042E+01  0.189884E+03  0.124040E+02
  0.207305E+01  0.203500E+03  0.124816E+02
  0.207569E+01  0.208643E+03  0.126845E+02
  0.207832E+01  0.211019E+03  0.126171E+02
  0.208096E+01  0.197077E+03  0.126919E+02
  0.208359E+01  0.178070E+03  0.126243E+02
  0.208622E+01  0.168421E+03  0.126332E+02
  0.208886E+01  0.174754E+03  0.127405E+02
  0.209149E+01  0.179236E+03  0.127475E+02
  0.209413E+01  0.190513E+03  0.129281E+02
  0.209676E+01  0.199819E+03  0.129525E+02
  0.209939E+01  0.196385E+03  0.130025E+02
  0.210203E+01  0.179264E+03  0.129447E+02
  0.210466E+01  0.190275E+03  0.129477E+02
  0.210730E+01  0.183491E+03  0.130678E+02
  0.210993E+01  0.185573E+03  0.128141E+02
  0.211256E+01  0.177005E+03  0.125966E+02
  0.211520E+01  0.200532E+03  0.126227E+02
  0.211783E+01  0.174670E+03  0.123660E+02
  0.212047E+01  0.176133E+03  0.123891E+02
  0.212310E+01  0.192207E+03  0.124136E+02
  0.212573E+01  0.174682E+03  0.122721E+02
  0.212837E+01  0.177554E+03  0.123483E+02
  0.213100E+01  0.190607E+03  0.123569E+02
  0.213364E+01  0.187586E+03  0.123970E+02
  0.213627E+01  0.163633E+03  0.122091E+02
  0.213890E+01  0.179930E+03  0.122414E+02
  0.214154E+01  0.178691E+03  0.123465E+02
  0.214417E+01  0.178108E+03  0.122749E+02
  0.214681E+01  0.178214E+03  0.122835E+02
  0.214944E+01  0.161369E+03  0.121627E+02
  0.215207E+01  0.160033E+03  0.121701E+02
  0.215471E+01  0.186708E+03  0.123732E+02
  0.215734E+01  0.178242E+03  0.122552E+02
  0.215998E+01  0.173280E+03  0.122606E+02
  0.216261E+01  0.170559E+03  0.122346E+02
  0.216524E+01  0.175760E+03  0.122552E+02
  0.216788E+01  0.177701E+03  0.122828E+02
  0.217051E+01  0.165407E+03  0.122132E+02
  0.217315E+01  0.178022E+03  0.123107E+02
  0.217578E+01  0.197955E+03  0.124527E+02
  0.217841E+01  0.168128E+03  0.122931E+02
  0.218105E+01  0.157805E+03  0.122835E+02
  0.218368E+01  0.149375E+03  0.122001E+02
  0.218632E+01  0.188520E+03  0.123820E+02
  0.218895E+01  0.154182E+03  0.122567E+02
  0.219158E+01  0.160358E+03  0.122520E+02
  0.219422E+01  0.185324E+03  0.123515E+02
  0.219685E+01  0.178792E+03  0.123098E+02
  0.219949E+01  0.173718E+03  0.122932E+02
  0.220212E+01  0.170132E+03  0.122701E+02
  0.220475E+01  0.164505E+03  0.121682E+02
  0.220739E+01  0.172797E+03  0.123079E+02
  0.221002E+01  0.180632E+03  0.122690E+02
  0.221266E+01  0.182171E+03  0.122809E+02
  0.221529E+01  0.177079E+03  0.122929E+02
  0.221792E+01  0.164196E+03  0.121911E+02
  0.222056E+01  0.160762E+03  0.122818E+02
  0.222319E+01  0.175767E+03  0.122919E+02
  0.222583E+01  0.156206E+03  0.122049E+02
  0.222846E+01  0.156326E+03  0.123080E+02
  0.223109E+01  0.163400E+03  0.121657E+02
  0.223373E+01  0.147335E+03  0.122629E+02
  0.223636E+01  0.171000E+03  0.122758E+02
  0.223900E+01  0.168353E+03  0.122855E+02
  0.224163E+01  0.159861E+03  0.123212E+02
  0.224426E+01  0.159956E+03  0.122085E+02
  0.224690E+01  0.165940E+03  0.123554E+02
  0.224953E+01  0.167520E+03  0.122643E+02
  0.225217E+01  0.161313E+03  0.123056E+02
  0.225480E+01  0.163125E+03  0.123703E+02
  0.225743E+01  0.168755E+03  0.122945E+02
  0.226007E+01  0.170217E+03  0.124080E+02
  0.226270E+01  0.169850E+03  0.122505E+02
  0.226534E+01  0.157271E+03  0.123106E+02
  0.226797E+01  0.145264E+03  0.123042E+02
  0.227060E+01  0.157951E+03  0.122440E+02
  0.227324E+01  0.151243E+03  0.123381E+02
  0.227587E+01  0.162913E+03  0.122879E+02
  0.227851E+01  0.168596E+03  0.124279E+02
  0.228114E+01  0.153225E+03  0.123029E+02
  0.228377E+01  0.132812E+03  0.121599E+02
  0.228641E+01  0.153193E+03  0.122647E+02
  0.228904E+01  0.156698E+03  0.122356E+02
  0.229168E+01  0.139637E+03  0.122626E+02
  0.229431E+01  0.141306E+03  0.122210E+02
  0.229694E+01  0.158394E+03  0.122661E+02
  0.229958E+01  0.172956E+03  0.123252E+02
  0.230221E+01  0.162464E+03  0.122285E+02
  0.230485E+01  0.159221E+03  0.122891E+02
  0.230748E+01  0.173321E+03  0.123219E+02
  0.231011E+01  0.159506E+03  0.122182E+02
  0.231275E+01  0.162073E+03  0.122517E+02
  0.231538E+01  0.147109E+03  0.122587E+02
  0.231802E+01  0.145718E+03  0.122621E+02
  0.232065E+01  0.140783E+03  0.121645E+02
  0.232328E+01  0.142754E+03  0.122003E+02
  0.232592E+01  0.150180E+03  0.122360E+02
  0.232855E+01  0.147635E+03  0.122307E+02
  0.233119E+01  0.153629E+03  0.122825E+02
  0.233382E+01  0.143718E+03  0.122345E+02
  0.233645E+01  0.145688E+03  0.122584E+02
  0.233909E+01  0.148704E+03  0.122470E+02
  0.234172E+01  0.148672E+03  0.122786E+02
  0.234436E+01  0.143569E+03  0.122140E+02
  0.234699E+01  0.128156E+03  0.121691E+02
  0.234962E+01  0.145399E+03  0.122234E+02
  0.235226E+01  0.126670E+03  0.121229E+02
  0.235489E+01  0.127743E+03  0.121849E+02
  0.235753E+01  0.142805E+03  0.121897E+02
  0.236016E+01  0.139781E+03  0.121543E+02
  0.236279E+01  0.146647E+03  0.121722E+02
  0.236543E+01  0.135195E+03  0.121204E+02
  0.236806E+01  0.143806E+03  0.122027E+02
  0.237070E+01  0.147995E+03  0.121380E+02
  0.237333E+01  0.117796E+03  0.120945E+02
  0.237596E+01  0.131558E+03  0.121099E+02
  0.237860E+01  0.140906E+03  0.121776E+02
  0.238123E+01  0.145742E+03  0.121672E+02
  0.238387E+01  0.121423E+03  0.120290E+02
  0.238650E+01  0.132446E+03  0.122218E+02
  0.238913E+01  0.116362E+03  0.120459E+02
  0.239177E+01  0.143830E+03  0.121858E+02
  0.239440E+01  0.139536E+03  0.121258E+02
  0.239704E+01  0.146299E+03  0.121810E+02
  0.239967E+01  0.139480E+03  0.122143E+02
  0.240230E+01  0.122189E+03  0.120555E+02
  0.240494E+01  0.124280E+03  0.121604E+02
  0.240757E+01  0.127115E+03  0.120680E+02
  0.241021E+01  0.146459E+03  0.121680E+02
  0.241284E+01  0.144750E+03  0.122708E+02
  0.241547E+01  0.140872E+03  0.120853E+02
  0.241811E+01  0.112229E+03  0.121147E+02
  0.242074E+01  0.130080E+03  0.120984E+02
  0.242338E+01  0.131962E+03  0.121624E+02
  0.242601E+01  0.132322E+03  0.121887E+02
  0.242864E+01  0.121217E+03  0.120449E+02
  0.243128E+01  0.127185E+03  0.122225E+02
  0.243391E+01  0.142675E+03  0.121941E+02
  0.243655E+01  0.130305E+03  0.121788E+02
  0.243918E+01  0.116936E+03  0.121156E+02
  0.244181E+01  0.120629E+03  0.120688E+02
  0.244445E+01  0.125203E+03  0.122079E+02
  0.244708E+01  0.141912E+03  0.121300E+02
  0.244972E+01  0.121698E+03  0.120857E+02
  0.245235E+01  0.135861E+03  0.121706E+02
  0.245498E+01  0.129317E+03  0.121391E+02
  0.245762E+01  0.126743E+03  0.122007E+02
  0.246025E+01  0.136632E+03  0.121106E+02
  0.246289E+01  0.152961E+03  0.122752E+02
  0.246552E+01  0.134625E+03  0.121561E+02
  0.246815E+01  0.123135E+03  0.121516E+02
  0.247079E+01  0.125016E+03  0.121830E+02
  0.247342E+01  0.120325E+03  0.120491E+02
  0.247606E+01  0.127930E+03  0.121651E+02
  0.247869E+01  0.135423E+03  0.121404E+02
  0.248132E+01  0.127232E+03  0.120964E+02
  0.248396E+01  0.121500E+03  0.121500E+02
  0.248659E+01  0.110793E+03  0.120764E+02
  0.248923E+01  0.122328E+03  0.122464E+02
  0.249186E+01  0.137445E+03  0.121377E+02
  0.249449E+01  0.126647E+03  0.121596E+02
  0.249713E+01  0.121257E+03  0.121566E+02
  0.249976E+01  0.124307E+03  0.121890E+02
  0.250240E+01  0.132168E+03  0.122816E+02
  0.250503E+01  0.132010E+03  0.121398E+02
  0.250766E+01  0.120045E+03  0.121474E+02
  0.251030E+01  0.121237E+03  0.121529E+02
  0.251293E+01  0.111645E+03  0.121619E+02
  0.251557E+01  0.114461E+03  0.121345E+02
  0.251820E+01  0.121484E+03  0.120954E+02
  0.252083E+01  0.115495E+03  0.121276E+02
  0.252347E+01  0.117542E+03  0.121094E+02
  0.252610E+01  0.126895E+03  0.121806E+02
  0.252874E+01  0.124448E+03  0.121645E+02
  0.253137E+01  0.137374E+03  0.122622E+02
  0.253400E+01  0.134784E+03  0.122240E+02
  0.253664E+01  0.120982E+03  0.121754E+02
  0.253927E+01  0.121919E+03  0.121568E+02
  0.254191E+01  0.115148E+03  0.121451E+02
  0.254454E+01  0.103951E+03  0.121385E+02
  0.254718E+01  0.109614E+03  0.121751E+02
  0.254981E+01  0.127420E+03  0.121806E+02
  0.255244E+01  0.107825E+03  0.121218E+02
  0.255508E+01  0.127193E+03  0.121879E+02
  0.255771E+01  0.135561E+03  0.122417E+02
  0.256035E+01  0.134710E+03  0.122326E+02
  0.256298E+01  0.135700E+03  0.121701E+02
  0.256561E+01  0.121981E+03  0.122043E+02
  0.256825E+01  0.113085E+03  0.121399E+02
  0.257088E+01  0.118395E+03  0.121065E+02
  0.257352E+01  0.114647E+03  0.120791E+02
  0.257615E+01  0.107729E+03  0.120817E+02
  0.257878E+01  0.133895E+03  0.121602E+02
  0.258142E+01  0.123033E+03  0.121039E+02
  0.258405E+01  0.118589E+03  0.120671E+02
  0.258669E+01  0.105752E+03  0.120492E+02
  0.258932E+01  0.107451E+03  0.120755E+02
  0.259195E+01  0.125972E+03  0.121311E+02
  0.259459E+01  0.106844E+03  0.120172E+02
  0.259722E+01  0.120905E+03  0.121280E+02
  0.259986E+01  0.113476E+03  0.120653E+02
  0.260249E+01  0.106717E+03  0.121006E+02
  0.260512E+01  0.117893E+03  0.120405E+02
  0.260776E+01  0.105327E+03  0.119808E+02
  0.261039E+01  0.111891E+03  0.120945E+02
  0.261303E+01  0.111432E+03  0.123709E+02
  0.261566E+01  0.113763E+03  0.125784E+02
  0.261829E+01  0.105216E+03  0.125823E+02
  0.262093E+01  0.103404E+03  0.127790E+02
  0.262356E+01  0.117014E+03  0.129470E+02
  0.262620E+01  0.109886E+03  0.129621E+02
  0.262883E+01  0.103764E+03  0.130620E+02
  0.263146E+01  0.103410E+03  0.131472E+02
  0.263410E+01  0.978964E+02  0.132541E+02
  0.263673E+01  0.101425E+03  0.133382E+02
  0.263937E+01  0.122630E+03  0.134441E+02
  0.264200E+01  0.105368E+03  0.134781E+02
  0.264463E+01  0.987258E+02  0.134553E+02
  0.264727E+01  0.900862E+02  0.135855E+02
  0.264990E+01  0.104044E+03  0.136213E+02
  0.265254E+01  0.110463E+03  0.137661E+02
  0.265517E+01  0.135337E+03  0.140305E+02
  0.265780E+01  0.120745E+03  0.138863E+02
  0.266044E+01  0.110923E+03  0.140014E+02
  0.266307E+01  0.105014E+03  0.138536E+02
  0.266571E+01  0.114041E+03  0.140698E+02
  0.266834E+01  0.107844E+03  0.137260E+02
  0.267097E+01  0.954762E+02  0.132887E+02
  0.267361E+01  0.100491E+03  0.132871E+02
  0.267624E+01  0.118491E+03  0.132541E+02
  0.267888E+01  0.111301E+03  0.132081E+02
  0.268151E+01  0.102175E+03  0.131352E+02
  0.268414E+01  0.995870E+02  0.130594E+02
  0.268678E+01  0.989382E+02  0.130519E+02
  0.268941E+01  0.104518E+03  0.129527E+02
  0.269205E+01  0.107405E+03  0.130907E+02
  0.269468E+01  0.114190E+03  0.129620E+02
  0.269731E+01  0.107120E+03  0.129296E+02
  0.269995E+01  0.100938E+03  0.129903E+02
  0.270258E+01  0.100907E+03  0.128535E+02
  0.270522E+01  0.108573E+03  0.129143E+02
  0.270785E+01  0.102126E+03  0.128243E+02
  0.271048E+01  0.924154E+02  0.127708E+02
  0.271312E+01  0.104169E+03  0.128833E+02
  0.271575E+01  0.105788E+03  0.127704E+02
  0.271839E+01  0.847562E+02  0.127423E+02
  0.272102E+01  0.908928E+02  0.127371E+02
  0.272365E+01  0.951618E+02  0.127322E+02
  0.272629E+01  0.874012E+02  0.127398E+02
  0.272892E+01  0.100019E+03  0.127200E+02
  0.273156E+01  0.816002E+02  0.127063E+02
  0.273419E+01  0.978004E+02  0.126983E+02
  0.273682E+01  0.106188E+03  0.127287E+02
  0.273946E+01  0.826210E+02  0.126016E+02
  0.274209E+01  0.920912E+02  0.125746E+02
  0.274473E+01  0.107305E+03  0.127833E+02
  0.274736E+01  0.107154E+03  0.126447E+02
  0.274999E+01  0.111878E+03  0.126288E+02
  0.275263E+01  0.930258E+02  0.125481E+02
  0.275526E+01  0.911160E+02  0.125111E+02
  0.275790E+01  0.811062E+02  0.125197E+02
  0.276053E+01  0.111786E+03  0.125621E+02
  0.276316E+01  0.860736E+02  0.124199E+02
  0.276580E+01  0.792718E+02  0.124350E+02
  0.276843E+01  0.105345E+03  0.125205E+02
  0.277107E+01  0.113787E+03  0.125650E+02
  0.277370E+01  0.110957E+03  0.125243E+02
  0.277633E+01  0.966756E+02  0.124204E+02
  0.277897E+01  0.798776E+02  0.123960E+02
  0.278160E+01  0.946298E+02  0.124645E+02
  0.278424E+01  0.838546E+02  0.123811E+02
  0.278687E+01  0.926976E+02  0.124623E+02
  0.278950E+01  0.955964E+02  0.124503E+02
  0.279214E+01  0.979942E+02  0.125235E+02
  0.279477E+01  0.928526E+02  0.124195E+02
  0.279741E+01  0.933486E+02  0.124301E+02
  0.280004E+01  0.748310E+02  0.123913E+02
  0.280267E+01  0.827858E+02  0.123865E+02
  0.280531E+01  0.807358E+02  0.124340E+02
  0.280794E+01  0.920970E+02  0.124558E+02
  0.281058E+01  0.956502E+02  0.124311E+02
  0.281321E+01  0.844506E+02  0.124533E+02
  0.281584E+01  0.826026E+02  0.123137E+02
  0.281848E+01  0.905918E+02  0.124056E+02
  0.282111E+01  0.917796E+02  0.124246E+02
  0.282375E+01  0.774896E+02  0.123348E+02
  0.282638E+01  0.911024E+02  0.124849E+02
  0.282901E+01  0.855432E+02  0.123378E+02
  0.283165E+01  0.996766E+02  0.124755E+02
  0.283428E+01  0.861880E+02  0.124005E+02
  0.283692E+01  0.968702E+02  0.124483E+02
  0.283955E+01  0.819060E+02  0.123526E+02
  0.284218E+01  0.838202E+02  0.123221E+02
  0.284482E+01  0.862390E+02  0.124493E+02
  0.284745E+01  0.775288E+02  0.123283E+02
  0.285009E+01  0.830248E+02  0.123655E+02
  0.285272E+01  0.855824E+02  0.123859E+02
  0.285535E+01  0.770894E+02  0.123502E+02
  0.285799E+01  0.728424E+02  0.124014E+02
  0.286062E+01  0.887724E+02  0.123585E+02
  0.286326E+01  0.934220E+02  0.123985E+02
  0.286589E+01  0.805290E+02  0.123516E+02
  0.286852E+01  0.843936E+02  0.123248E+02
  0.287116E+01  0.886130E+02  0.124903E+02
  0.287379E+01  0.878942E+02  0.123386E+02
  0.287643E+01  0.849016E+02  0.124214E+02
  0.287906E+01  0.633092E+02  0.122928E+02
  0.288169E+01  0.754808E+02  0.123172E+02
  0.288433E+01  0.804562E+02  0.123295E+02
  0.288696E+01  0.772120E+02  0.122463E+02
  0.288960E+01  0.923912E+02  0.124720E+02
  0.289223E+01  0.787984E+02  0.124111E+02
  0.289486E+01  0.784428E+02  0.123340E+02
  0.289750E+01  0.759604E+02  0.123177E+02
  0.290013E+01  0.894410E+02  0.123186E+02
  0.290277E+01  0.805556E+02  0.123664E+02
  0.290540E+01  0.789814E+02  0.123707E+02
  0.290803E+01  0.805470E+02  0.123221E+02
  0.291067E+01  0.784196E+02  0.123688E+02
  0.291330E+01  0.820064E+02  0.123416E+02
  0.291594E+01  0.811868E+02  0.123949E+02
  0.291857E+01  0.672294E+02  0.122629E+02
  0.292120E+01  0.749008E+02  0.122646E+02
  0.292384E+01  0.800620E+02  0.123216E+02
  0.292647E+01  0.849908E+02  0.123134E+02
  0.292911E+01  0.780054E+02  0.122768E+02
  0.293174E+01  0.772106E+02  0.123052E+02
  0.293437E+01  0.881750E+02  0.122683E+02
  0.293701E+01  0.101183E+03  0.123902E+02
  0.293964E+01  0.987866E+02  0.123555E+02
  0.294228E+01  0.924562E+02  0.123293E+02
  0.294491E+01  0.779726E+02  0.122399E+02
  0.294754E+01  0.729584E+02  0.121770E+02
  0.295018E+01  0.873520E+02  0.122479E+02
  0.295281E+01  0.813564E+02  0.122049E+02
  0.295545E+01  0.832736E+02  0.122295E+02
  0.295808E+01  0.100175E+03  0.123095E+02
  0.296071E+01  0.748234E+02  0.121570E+02
  0.296335E+01  0.884088E+02  0.122505E+02
  0.296598E+01  0.977104E+02  0.122483E+02
  0.296862E+01  0.825796E+02  0.122261E+02
  0.297125E+01  0.766348E+02  0.122249E+02
  0.297388E+01  0.823496E+02  0.121841E+02
  0.297652E+01  0.735944E+02  0.121245E+02
  0.297915E+01  0.883946E+02  0.122023E+02
  0.298179E+01  0.101373E+03  0.122839E+02
  0.298442E+01  0.982852E+02  0.122586E+02
  0.298705E+01  0.854136E+02  0.121945E+02
  0.298969E+01  0.722232E+02  0.121850E+02
  0.299232E+01  0.703360E+02  0.121808E+02
  0.299496E+01  0.686368E+02  0.121604E+02
  0.299759E+01  0.956296E+02  0.122350E+02
  0.300022E+01  0.703736E+02  0.121541E+02
  0.300286E+01  0.961554E+02  0.123203E+02
  0.300549E+01  0.886216E+02  0.122361E+02
  0.300813E+01  0.808028E+02  0.122031E+02
  0.301076E+01  0.803102E+02  0.121831E+02
  0.301339E+01  0.954956E+02  0.122695E+02
  0.301603E+01  0.871084E+02  0.122994E+02
  0.301866E+01  0.805164E+02  0.121781E+02
  0.302130E+01  0.938320E+02  0.122727E+02
  0.302393E+01  0.698916E+02  0.122195E+02
  0.302656E+01  0.692126E+02  0.121523E+02
  0.302920E+01  0.864808E+02  0.122168E+02
  0.303183E+01  0.992452E+02  0.122186E+02
  0.303447E+01  0.718312E+02  0.121472E+02
  0.303710E+01  0.850820E+02  0.122566E+02
  0.303973E+01  0.636388E+02  0.121553E+02
  0.304237E+01  0.694872E+02  0.121435E+02
  0.304500E+01  0.838410E+02  0.121924E+02
  0.304764E+01  0.677240E+02  0.121751E+02
  0.305027E+01  0.751982E+02  0.121947E+02
  0.305290E+01  0.637564E+02  0.120990E+02
  0.305554E+01  0.775190E+02  0.121784E+02
  0.305817E+01  0.906270E+02  0.122172E+02
  0.306081E+01  0.100987E+03  0.122627E+02
  0.306344E+01  0.963204E+02  0.122384E+02
  0.306607E+01  0.948662E+02  0.122425E+02
  0.306871E+01  0.743410E+02  0.122018E+02
  0.307134E+01  0.742098E+02  0.121752E+02
  0.307398E+01  0.681354E+02  0.121073E+02
  0.307661E+01  0.897244E+02  0.122363E+02
  0.307924E+01  0.766678E+02  0.121712E+02
  0.308188E+01  0.783636E+02  0.122113E+02
  0.308451E+01  0.753952E+02  0.121656E+02
  0.308715E+01  0.626384E+02  0.121239E+02
  0.308978E+01  0.971220E+02  0.122741E+02
  0.309241E+01  0.766366E+02  0.121657E+02
  0.309505E+01  0.815564E+02  0.122451E+02
  0.309768E+01  0.780276E+02  0.121051E+02
  0.310032E+01  0.753624E+02  0.121904E+02
  0.310295E+01  0.690878E+02  0.122391E+02
  0.310558E+01  0.767368E+02  0.121876E+02
  0.310822E+01  0.743114E+02  0.121804E+02
  0.311085E+01  0.612362E+02  0.120576E+02
  0.311349E+01  0.797940E+02  0.122020E+02
  0.311612E+01  0.652150E+02  0.121619E+02
  0.311875E+01  0.655866E+02  0.121150E+02
  0.312139E+01  0.722914E+02  0.121517E+02
  0.312402E+01  0.856714E+02  0.121960E+02
  0.312666E+01  0.892084E+02  0.122820E+02
  0.312929E+01  0.681746E+02  0.121388E+02
  0.313192E+01  0.727676E+02  0.121416E+02
  0.313456E+01  0.752470E+02  0.122274E+02
  0.313719E+01  0.531194E+02  0.120964E+02
  0.313983E+01  0.600668E+02  0.121237E+02
  0.314246E+01  0.813364E+02  0.122038E+02
  0.314509E+01  0.845282E+02  0.122378E+02
  0.314773E+01  0.820886E+02  0.122759E+02
  0.315036E+01  0.922838E+02  0.122467E+02
  0.315300E+01  0.841874E+02  0.122005E+02
  0.315563E+01  0.707126E+02  0.121954E+02
  0.315826E+01  0.707436E+02  0.121646E+02
  0.316090E+01  0.611428E+02  0.120908E+02
  0.316353E+01  0.714714E+02  0.121041E+02
  0.316617E+01  0.849410E+02  0.122124E+02
  0.316880E+01  0.745048E+02  0.122507E+02
  0.317143E+01  0.696638E+02  0.125102E+02
  0.317407E+01  0.708036E+02  0.127241E+02
  0.317670E+01  0.534104E+02  0.127430E+02
  0.317934E+01  0.747858E+02  0.130623E+02
  0.318197E+01  0.570850E+02  0.130793E+02
  0.318460E+01  0.784714E+02  0.132108E+02
  0.318724E+01  0.624376E+02  0.132319E+02
  0.318987E+01  0.571264E+02  0.133040E+02
  0.319251E+01  0.508056E+02  0.134331E+02
  0.319514E+01  0.653526E+02  0.135618E+02
  0.319777E+01  0.737754E+02  0.136278E+02
  0.320041E+01  0.857828E+02  0.138298E+02
  0.320304E+01  0.635498E+02  0.138468E+02
  0.320568E+01  0.776046E+02  0.138981E+02
  0.320831E+01  0.790456E+02  0.139063E+02
  0.321094E+01  0.677260E+02  0.139183E+02
  0.321358E+01  0.669148E+02  0.140235E+02
  0.321621E+01  0.832744E+02  0.141394E+02
  0.321885E+01  0.987714E+02  0.142646E+02
  0.322148E+01  0.706602E+02  0.140752E+02
  0.322411E+01  0.818750E+02  0.142437E+02
  0.322675E+01  0.666464E+02  0.138390E+02
  0.322938E+01  0.688084E+02  0.135611E+02
  0.323202E+01  0.600270E+02  0.133799E+02
  0.323465E+01  0.701690E+02  0.133790E+02
  0.323728E+01  0.645222E+02  0.132825E+02
  0.323992E+01  0.501958E+02  0.131113E+02
  0.324255E+01  0.590170E+02  0.130675E+02
  0.324519E+01  0.568526E+02  0.131339E+02
  0.324782E+01  0.630416E+02  0.130684E+02
  0.325045E+01  0.775598E+02  0.130855E+02
  0.325309E+01  0.638088E+02  0.129852E+02
  0.325572E+01  0.788440E+02  0.129876E+02
  0.325836E+01  0.654610E+02  0.129992E+02
  0.326099E+01  0.656692E+02  0.129341E+02
  0.326362E+01  0.710438E+02  0.128114E+02
  0.326626E+01  0.720678E+02  0.129353E+02
  0.326889E+01  0.634044E+02  0.128011E+02
  0.327153E+01  0.593136E+02  0.128328E+02
  0.327416E+01  0.694244E+02  0.128547E+02
  0.327679E+01  0.446792E+02  0.126731E+02
  0.327943E+01  0.691516E+02  0.128751E+02
  0.328206E+01  0.715994E+02  0.127917E+02
  0.328470E+01  0.771800E+02  0.128286E+02
  0.328733E+01  0.711604E+02  0.127297E+02
  0.328997E+01  0.738650E+02  0.127698E+02
  0.329260E+01  0.589488E+02  0.127490E+02
  0.329523E+01  0.627380E+02  0.127136E+02
  0.329787E+01  0.570330E+02  0.126703E+02
  0.330050E+01  0.660304E+02  0.126879E+02
  0.330314E+01  0.655740E+02  0.127041E+02
  0.330577E+01  0.766698E+02  0.127726E+02
  0.330840E+01  0.767306E+02  0.126737E+02
  0.331104E+01  0.811510E+02  0.127641E+02
  0.331367E+01  0.717076E+02  0.127079E+02
  0.331631E+01  0.745966E+02  0.127394E+02
  0.331894E+01  0.696422E+02  0.126878E+02
  0.332157E+01  0.740408E+02  0.126785E+02
  0.332421E+01  0.639686E+02  0.126785E+02
  0.332684E+01  0.648606E+02  0.126899E+02
  0.332948E+01  0.551614E+02  0.126442E+02
  0.333211E+01  0.491356E+02  0.125839E+02
  0.333474E+01  0.558650E+02  0.125954E+02
  0.333738E+01  0.644114E+02  0.126621E+02
  0.334001E+01  0.606846E+02  0.126022E+02
  0.334265E+01  0.763838E+02  0.126155E+02
  0.334528E+01  0.597404E+02  0.125889E+02
  0.334791E+01  0.545618E+02  0.125087E+02
  0.335055E+01  0.567126E+02  0.125440E+02
  0.335318E+01  0.609468E+02  0.125217E+02
  0.335582E+01  0.633630E+02  0.125218E+02
  0.335845E+01  0.702954E+02  0.126091E+02
  0.336108E+01  0.663326E+02  0.125295E+02
  0.336372E+01  0.658988E+02  0.125514E+02
  0.336635E+01  0.695936E+02  0.124422E+02
  0.336899E+01  0.399664E+02  0.123353E+02
  0.337162E+01  0.715968E+02  0.124880E+02
  0.337425E+01  0.630432E+02  0.123986E+02
  0.337689E+01  0.662592E+02  0.124284E+02
  0.337952E+01  0.739338E+02  0.124185E+02
  0.338216E+01  0.743758E+02  0.125054E+02
  0.338479E+01  0.499140E+02  0.123755E+02
  0.338742E+01  0.424822E+02  0.122978E+02
  0.339006E+01  0.474158E+02  0.123504E+02
  0.339269E+01  0.683208E+02  0.124176E+02
  0.339533E+01  0.662652E+02  0.124480E+02
  0.339796E+01  0.601104E+02  0.123838E+02
  0.340059E+01  0.674264E+02  0.123438E+02
  0.340323E+01  0.795976E+02  0.124858E+02
  0.340586E+01  0.497598E+02  0.123698E+02
  0.340850E+01  0.573226E+02  0.123815E+02
  0.341113E+01  0.466758E+02  0.122901E+02
  0.341376E+01  0.474540E+02  0.122794E+02
  0.341640E+01  0.388420E+02  0.122629E+02
  0.341903E+01  0.678914E+02  0.123521E+02
  0.342167E+01  0.606660E+02  0.123436E+02
  0.342430E+01  0.645358E+02  0.124052E+02
  0.342693E+01  0.516372E+02  0.123418E+02
  0.342957E+01  0.522468E+02  0.123209E+02
  0.343220E+01  0.533370E+02  0.122947E+02
  0.343484E+01  0.632548E+02  0.123755E+02
  0.343747E+01  0.489516E+02  0.123411E+02
  0.344010E+01  0.756784E+02  0.123977E+02
  0.344274E+01  0.656224E+02  0.123511E+02
  0.344537E+01  0.729932E+02  0.123633E+02
  0.344801E+01  0.415844E+02  0.123137E+02
  0.345064E+01  0.503640E+02  0.123370E+02
  0.345327E+01  0.594098E+02  0.122875E+02
  0.345591E+01  0.396864E+02  0.122280E+02
  0.345854E+01  0.469874E+02  0.122991E+02
  0.346118E+01  0.618718E+02  0.124032E+02
  0.346381E+01  0.686380E+02  0.123910E+02
  0.346644E+01  0.478962E+02  0.122569E+02
  0.346908E+01  0.615822E+02  0.123835E+02
  0.347171E+01  0.508074E+02  0.123022E+02
  0.347435E+01  0.589134E+02  0.123884E+02
  0.347698E+01  0.564302E+02  0.123218E+02
  0.347961E+01  0.553658E+02  0.122891E+02
  0.348225E+01  0.587790E+02  0.123652E+02
  0.348488E+01  0.637206E+02  0.123046E+02
  0.348752E+01  0.585446E+02  0.122852E+02
  0.349015E+01  0.682676E+02  0.123716E+02
  0.349278E+01  0.542194E+02  0.123101E+02
  0.349542E+01  0.453908E+02  0.122951E+02
  0.349805E+01  0.747544E+02  0.123436E+02
  0.350069E+01  0.572536E+02  0.123078E+02
  0.350332E+01  0.521686E+02  0.123228E+02
  0.350595E+01  0.507398E+02  0.122947E+02
  0.350859E+01  0.592898E+02  0.123502E+02
  0.351122E+01  0.703332E+02  0.123667E+02
  0.351386E+01  0.593950E+02  0.123686E+02
  0.351649E+01  0.687048E+02  0.123793E+02
  0.351912E+01  0.683062E+02  0.123174E+02
  0.352176E+01  0.591826E+02  0.122852E+02
  0.352439E+01  0.734558E+02  0.123139E+02
  0.352703E+01  0.512922E+02  0.123262E+02
  0.352966E+01  0.612710E+02  0.122368E+02
  0.353229E+01  0.622014E+02  0.122315E+02
  0.353493E+01  0.606590E+02  0.123123E+02
  0.353756E+01  0.684098E+02  0.123266E+02
  0.354020E+01  0.622746E+02  0.123617E+02
  0.354283E+01  0.558786E+02  0.122746E+02
  0.354546E+01  0.607986E+02  0.122974E+02
  0.354810E+01  0.514908E+02  0.123014E+02
  0.355073E+01  0.595224E+02  0.123236E+02
  0.355337E+01  0.652854E+02  0.123632E+02
  0.355600E+01  0.443798E+02  0.122458E+02
  0.355863E+01  0.655098E+02  0.123367E+02
  0.356127E+01  0.532750E+02  0.122761E+02
  0.356390E+01  0.528998E+02  0.121980E+02
  0.356654E+01  0.498068E+02  0.122598E+02
  0.356917E+01  0.697768E+02  0.123334E+02
  0.357180E+01  0.573096E+02  0.122887E+02
  0.357444E+01  0.451872E+02  0.122737E+02
  0.357707E+01  0.480152E+02  0.122098E+02
  0.357971E+01  0.569722E+02  0.122384E+02
  0.358234E+01  0.428670E+02  0.122247E+02
  0.358497E+01  0.490692E+02  0.122256E+02
  0.358761E+01  0.478192E+02  0.122752E+02
  0.359024E+01  0.432972E+02  0.121635E+02
  0.359288E+01  0.450870E+02  0.122579E+02
  0.359551E+01  0.496544E+02  0.122906E+02
  0.359814E+01  0.369316E+02  0.121534E+02
  0.360078E+01  0.458462E+02  0.122403E+02
  0.360341E+01  0.607768E+02  0.122606E+02
  0.360605E+01  0.440670E+02  0.122593E+02
  0.360868E+01  0.525524E+02  0.122659E+02
  0.361131E+01  0.630122E+02  0.122107E+02
  0.361395E+01  0.514718E+02  0.122288E+02
  0.361658E+01  0.454024E+02  0.121951E+02
  0.361922E+01  0.396062E+02  0.122248E+02
  0.362185E+01  0.579418E+02  0.123097E+02
  0.362448E+01  0.538868E+02  0.122959E+02
  0.362712E+01  0.525460E+02  0.123339E+02
  0.362975E+01  0.433982E+02  0.121677E+02
  0.363239E+01  0.454984E+02  0.121641E+02
  0.363502E+01  0.641410E+02  0.122814E+02
  0.363765E+01  0.600150E+02  0.122708E+02
  0.364029E+01  0.583478E+02  0.123527E+02
  0.364292E+01  0.688346E+02  0.122877E+02
  0.364556E+01  0.658114E+02  0.123128E+02
  0.364819E+01  0.606818E+02  0.123176E+02
  0.365082E+01  0.588624E+02  0.122338E+02
  0.365346E+01  0.613180E+02  0.122477E+02
  0.365609E+01  0.597538E+02  0.121740E+02
  0.365873E+01  0.443436E+02  0.122081E+02
  0.366136E+01  0.346178E+02  0.121269E+02
  0.366399E+01  0.506076E+02  0.121586E+02
  0.366663E+01  0.658702E+02  0.122499E+02
  0.366926E+01  0.804688E+02  0.122840E+02
  0.367190E+01  0.339936E+02  0.121123E+02
  0.367453E+01  0.504486E+02  0.121432E+02
  0.367716E+01  0.397738E+02  0.120251E+02
  0.367980E+01  0.504692E+02  0.120960E+02
  0.368243E+01  0.379614E+02  0.120708E+02
  0.368507E+01  0.508564E+02  0.121671E+02
  0.368770E+01  0.400220E+02  0.120651E+02
  0.369033E+01  0.530678E+02  0.120577E+02
  0.369297E+01  0.437578E+02  0.121072E+02
  0.369560E+01  0.410688E+02  0.119588E+02
  0.369824E+01  0.506658E+02  0.120468E+02
  0.370087E+01  0.470280E+02  0.120453E+02
  0.370350E+01  0.545386E+02  0.120633E+02
  0.370614E+01  0.476102E+02  0.121548E+02
  0.370877E+01  0.461778E+02  0.120076E+02
  0.371141E+01  0.607320E+02  0.120965E+02
  0.371404E+01  0.447588E+02  0.120401E+02
  0.371667E+01  0.432874E+02  0.120359E+02
  0.371931E+01  0.591608E+02  0.120915E+02
  0.372194E+01  0.641816E+02  0.120790E+02
  0.372458E+01  0.465760E+02  0.120472E+02
  0.372721E+01  0.517262E+02  0.121900E+02
  0.372984E+01  0.552320E+02  0.124754E+02
  0.373248E+01  0.615050E+02  0.127661E+02
  0.373511E+01  0.369620E+02  0.128281E+02
  0.373775E+01  0.603680E+02  0.131639E+02
  0.374038E+01  0.567812E+02  0.132821E+02
  0.374301E+01  0.570288E+02  0.133457E+02
  0.374565E+01  0.442056E+02  0.134697E+02
  0.374828E+01  0.425074E+02  0.136174E+02
  0.375092E+01  0.697742E+02  0.139301E+02
  0.375355E+01  0.495574E+02  0.138938E+02
  0.375618E+01  0.467972E+02  0.138608E+02
  0.375882E+01  0.566178E+02  0.141191E+02
  0.376145E+01  0.550818E+02  0.141781E+02
  0.376409E+01  0.461178E+02  0.141787E+02
  0.376672E+01  0.386858E+02  0.142279E+02
  0.376935E+01  0.556614E+02  0.143414E+02
  0.377199E+01  0.613560E+02  0.145829E+02
  0.377462E+01  0.519558E+02  0.144406E+02
  0.377726E+01  0.505130E+02  0.144378E+02
  0.377989E+01  0.458940E+02  0.145826E+02
  0.378252E+01  0.505726E+02  0.146295E+02
  0.378516E+01  0.492546E+02  0.143144E+02
  0.378779E+01  0.500864E+02  0.139203E+02
  0.379043E+01  0.475496E+02  0.137660E+02
  0.379306E+01  0.377776E+02  0.136818E+02
  0.379569E+01  0.374314E+02  0.136133E+02
  0.379833E+01  0.334208E+02  0.135506E+02
  0.380096E+01  0.493902E+02  0.134869E+02
  0.380360E+01  0.493874E+02  0.135157E+02
  0.380623E+01  0.397114E+02  0.134385E+02
  0.380886E+01  0.489102E+02  0.133377E+02
  0.381150E+01  0.509168E+02  0.133659E+02
  0.381413E+01  0.445980E+02  0.132832E+02
  0.381677E+01  0.368704E+02  0.133230E+02
  0.381940E+01  0.581584E+02  0.134140E+02
  0.382203E+01  0.525636E+02  0.132547E+02
  0.382467E+01  0.452322E+02  0.132255E+02
  0.382730E+01  0.453944E+02  0.132444E+02
  0.382994E+01  0.580276E+02  0.133439E+02
  0.383257E+01  0.608110E+02  0.133406E+02
  0.383520E+01  0.363760E+02  0.131725E+02
  0.383784E+01  0.353244E+02  0.132390E+02
  0.384047E+01  0.378974E+02  0.132088E+02
  0.384311E+01  0.432538E+02  0.132011E+02
  0.384574E+01  0.415140E+02  0.131679E+02
  0.384837E+01  0.429130E+02  0.132269E+02
  0.385101E+01  0.491930E+02  0.133000E+02
  0.385364E+01  0.502800E+02  0.131782E+02
  0.385628E+01  0.409080E+02  0.130994E+02
  0.385891E+01  0.521682E+02  0.132554E+02
  0.386154E+01  0.546784E+02  0.132580E+02
  0.386418E+01  0.529472E+02  0.132679E+02
  0.386681E+01  0.371920E+02  0.131669E+02
  0.386945E+01  0.445490E+02  0.132262E+02
  0.387208E+01  0.518576E+02  0.133143E+02
  0.387471E+01  0.560044E+02  0.133253E+02
  0.387735E+01  0.342732E+02  0.131807E+02
  0.387998E+01  0.438554E+02  0.131863E+02
  0.388262E+01  0.446552E+02  0.132702E+02
  0.388525E+01  0.523376E+02  0.133720E+02
  0.388788E+01  0.453726E+02  0.132295E+02
  0.389052E+01  0.424204E+02  0.132646E+02
  0.389315E+01  0.395940E+02  0.132656E+02
  0.389579E+01  0.530896E+02  0.133799E+02
  0.389842E+01  0.513378E+02  0.133322E+02
  0.390105E+01  0.508386E+02  0.133225E+02
  0.390369E+01  0.428996E+02  0.133750E+02
  0.390632E+01  0.556684E+02  0.133704E+02
  0.390896E+01  0.522748E+02  0.133831E+02
  0.391159E+01  0.552906E+02  0.134505E+02
  0.391422E+01  0.489186E+02  0.133664E+02
  0.391686E+01  0.455528E+02  0.134486E+02
  0.391949E+01  0.475510E+02  0.133553E+02
  0.392213E+01  0.524660E+02  0.134137E+02
  0.392476E+01  0.476784E+02  0.134681E+02
  0.392739E+01  0.502882E+02  0.134397E+02
  0.393003E+01  0.529298E+02  0.135447E+02
  0.393266E+01  0.489966E+02  0.134107E+02
  0.393530E+01  0.392750E+02  0.134449E+02
  0.393793E+01  0.356960E+02  0.134395E+02
  0.394056E+01  0.168928E+02  0.133484E+02
  0.394320E+01  0.377808E+02  0.134271E+02
  0.394583E+01  0.447588E+02  0.134517E+02
  0.394847E+01  0.499124E+02  0.135224E+02
  0.395110E+01  0.267810E+02  0.134363E+02
  0.395373E+01  0.318914E+02  0.133780E+02
  0.395637E+01  0.521614E+02  0.135568E+02
  0.395900E+01  0.330686E+02  0.134772E+02
  0.396164E+01  0.434406E+02  0.135866E+02
  0.396427E+01  0.471056E+02  0.136461E+02
  0.396690E+01  0.506042E+02  0.135605E+02
  0.396954E+01  0.353256E+02  0.135683E+02
  0.397217E+01  0.156784E+02  0.134325E+02
  0.397481E+01  0.400438E+02  0.136004E+02
  0.397744E+01  0.305790E+02  0.134881E+02
  0.398007E+01  0.419674E+02  0.135544E+02
  0.398271E+01  0.572774E+02  0.137899E+02
  0.398534E+01  0.532932E+02  0.136760E+02
  0.398798E+01  0.652012E+02  0.137506E+02
  0.399061E+01  0.414252E+02  0.136344E+02
  0.399324E+01  0.362332E+02  0.136239E+02
  0.399588E+01  0.508476E+02  0.137475E+02
  0.399851E+01  0.301142E+02  0.135984E+02
  0.400115E+01  0.383444E+02  0.136852E+02
  0.400378E+01  0.472702E+02  0.137605E+02
  0.400641E+01  0.458024E+02  0.137154E+02
  0.400905E+01  0.571990E+02  0.138099E+02
  0.401168E+01  0.482414E+02  0.137244E+02
  0.401432E+01  0.377622E+02  0.136675E+02
  0.401695E+01  0.364704E+02  0.136190E+02
  0.401958E+01  0.350668E+02  0.135446E+02
  0.402222E+01  0.359946E+02  0.135487E+02
  0.402485E+01  0.453922E+02  0.135738E+02
  0.402749E+01  0.601910E+02  0.137178E+02
  0.403012E+01  0.569138E+02  0.136525E+02
  0.403276E+01  0.497412E+02  0.135853E+02
  0.403539E+01  0.361128E+02  0.134863E+02
  0.403802E+01  0.412928E+02  0.135277E+02
  0.404066E+01  0.425478E+02  0.135906E+02
  0.404329E+01  0.428714E+02  0.135723E+02
  0.404593E+01  0.514822E+02  0.136408E+02
  0.404856E+01  0.561566E+02  0.136643E+02
  0.405119E+01  0.433218E+02  0.136010E+02
  0.405383E+01  0.467346E+02  0.136905E+02
  0.405646E+01  0.245994E+02  0.135161E+02
  0.405910E+01  0.514276E+02  0.137411E+02
  0.406173E+01  0.375136E+02  0.137125E+02
  0.406436E+01  0.432616E+02  0.136902E+02
  0.406700E+01  0.224126E+02  0.136018E+02
  0.406963E+01  0.394396E+02  0.137160E+02
  0.407227E+01  0.515564E+02  0.138266E+02
  0.407490E+01  0.506720E+02  0.138269E+02
  0.407753E+01  0.530814E+02  0.138415E+02
  0.408017E+01  0.317088E+02  0.138236E+02
  0.408280E+01  0.277978E+02  0.137538E+02
  0.408544E+01  0.423784E+02  0.139272E+02
  0.408807E+01  0.596188E+02  0.139781E+02
  0.409070E+01  0.427096E+02  0.138891E+02
  0.409334E+01  0.349966E+02  0.139188E+02
  0.409597E+01  0.288246E+02  0.138850E+02
  0.409861E+01  0.344126E+02  0.139135E+02
  0.410124E+01  0.436738E+02  0.139732E+02
  0.410387E+01  0.278058E+02  0.138928E+02
  0.410651E+01  0.478508E+02  0.140763E+02
  0.410914E+01  0.456132E+02  0.140573E+02
  0.411178E+01  0.445922E+02  0.141425E+02
  0.411441E+01  0.484992E+02  0.141004E+02
  0.411704E+01  0.530494E+02  0.140871E+02
  0.411968E+01  0.406230E+02  0.141295E+02
  0.412231E+01  0.403824E+02  0.141674E+02
  0.412495E+01  0.450976E+02  0.143061E+02
  0.412758E+01  0.435054E+02  0.142744E+02
  0.413021E+01  0.528778E+02  0.142363E+02
  0.413285E+01  0.326796E+02  0.142315E+02
  0.413548E+01  0.436910E+02  0.143325E+02
  0.413812E+01  0.276170E+02  0.142502E+02
  0.414075E+01  0.378656E+02  0.143999E+02
  0.414338E+01  0.417270E+02  0.143070E+02
  0.414602E+01  0.425996E+02  0.143394E+02
  0.414865E+01  0.640444E+02  0.145253E+02
  0.415129E+01  0.521936E+02  0.144914E+02
  0.415392E+01  0.516930E+02  0.145157E+02
  0.415655E+01  0.443178E+02  0.144003E+02
  0.415919E+01  0.450416E+02  0.144958E+02
  0.416182E+01  0.581556E+02  0.145099E+02
  0.416446E+01  0.501854E+02  0.143724E+02
  0.416709E+01  0.480608E+02  0.144497E+02
  0.416972E+01  0.546670E+02  0.144737E+02
  0.417236E+01  0.504728E+02  0.145094E+02
  0.417499E+01  0.267158E+02  0.143617E+02
  0.417763E+01  0.450626E+02  0.144751E+02
  0.418026E+01  0.321746E+02  0.144282E+02
  0.418289E+01  0.326034E+02  0.144077E+02
  0.418553E+01  0.259732E+02  0.144099E+02
  0.418816E+01  0.205094E+02  0.143868E+02
  0.419080E+01  0.228226E+02  0.144282E+02
  0.419343E+01  0.527220E+02  0.145526E+02
  0.419606E+01  0.513914E+02  0.145769E+02
  0.419870E+01  0.412420E+02  0.145596E+02
  0.420133E+01  0.445986E+02  0.145276E+02
  0.420397E+01  0.506784E+02  0.146046E+02
  0.420660E+01  0.341060E+02  0.146299E+02
  0.420923E+01  0.501616E+02  0.147199E+02
  0.421187E+01  0.419122E+02  0.145857E+02
  0.421450E+01  0.192980E+02  0.145156E+02
  0.421714E+01  0.240194E+02  0.145796E+02
  0.421977E+01  0.335724E+02  0.146595E+02
  0.422240E+01  0.477546E+02  0.147013E+02
  0.422504E+01  0.448356E+02  0.147817E+02
  0.422767E+01  0.258528E+02  0.146118E+02
  0.423031E+01  0.370020E+02  0.148634E+02
  0.423294E+01  0.338992E+02  0.148177E+02
  0.423557E+01  0.481306E+02  0.149205E+02
  0.423821E+01  0.433436E+02  0.149690E+02
  0.424084E+01  0.501270E+02  0.149795E+02
  0.424348E+01  0.329530E+02  0.149570E+02
  0.424611E+01  0.380604E+02  0.150577E+02
  0.424874E+01  0.619162E+02  0.151652E+02
  0.425138E+01  0.611770E+02  0.152672E+02
  0.425401E+01  0.482816E+02  0.151879E+02
  0.425665E+01  0.510406E+02  0.152872E+02
  0.425928E+01  0.433920E+02  0.152492E+02
  0.426191E+01  0.526246E+02  0.152429E+02
  0.426455E+01  0.524342E+02  0.154170E+02
  0.426718E+01  0.224566E+02  0.151739E+02
  0.426982E+01  0.255128E+02  0.152799E+02
  0.427245E+01  0.792578E+02  0.156436E+02
  0.427508E+01  0.354566E+02  0.153566E+02
  0.427772E+01  0.224810E+02  0.153427E+02
  0.428035E+01  0.393624E+02  0.154838E+02
  0.428299E+01  0.434930E+02  0.155667E+02
  0.428562E+01  0.302348E+02  0.156223E+02
  0.428825E+01  0.193946E+02  0.163923E+02
  0.429089E+01  0.410466E+02  0.170816E+02
  0.429352E+01  0.348140E+02  0.175683E+02
  0.429616E+01  0.410936E+02  0.181736E+02
  0.429879E+01  0.326120E+02  0.185135E+02
  0.430142E+01  0.729032E+02  0.192703E+02
  0.430406E+01  0.496928E+02  0.195110E+02
  0.430669E+01  0.370472E+02  0.195680E+02
  0.430933E+01  0.471062E+02  0.196421E+02
  0.431196E+01  0.383782E+02  0.201359E+02
  0.431459E+01  0.432654E+02  0.203342E+02
  0.431723E+01  0.264022E+02  0.204056E+02
  0.431986E+01  0.424396E+02  0.205740E+02
  0.432250E+01  0.258894E+02  0.206565E+02
  0.432513E+01  0.489366E+02  0.208958E+02
  0.432776E+01  0.306490E+02  0.209212E+02
  0.433040E+01  0.356410E+02  0.212144E+02
  0.433303E+01  0.474262E+02  0.215351E+02
  0.433567E+01  0.535842E+02  0.216317E+02
  0.433830E+01  0.342098E+02  0.216850E+02
  0.434093E+01  0.559170E+02  0.218454E+02
  0.434357E+01  0.568346E+02  0.219704E+02
  0.434620E+01  0.407320E+02  0.221042E+02
  0.434884E+01  0.214806E+02  0.220377E+02
  0.435147E+01  0.668392E+02  0.228105E+02
  0.435410E+01  0.434184E+02  0.224973E+02
  0.435674E+01  0.632246E+02  0.229117E+02
  0.435937E+01  0.413342E+02  0.228144E+02
  0.436201E+01  0.425796E+02  0.231413E+02
  0.436464E+01  0.585538E+02  0.234613E+02
  0.436727E+01  0.370574E+02  0.234194E+02
  0.436991E+01  0.321082E+02  0.235462E+02
  0.437254E+01  0.304448E+02  0.236663E+02
  0.437518E+01  0.276974E+02  0.238103E+02
  0.437781E+01  0.334568E+02  0.240016E+02
  0.438044E+01  0.289212E+02  0.240110E+02
  0.438308E+01  0.254424E+02  0.242048E+02
  0.438571E+01  0.890620E+01  0.243707E+02
  0.438835E+01  0.354186E+02  0.246674E+02
  0.439098E+01  0.234382E+02  0.246230E+02
  0.439361E+01  0.188650E+02  0.247981E+02
  0.439625E+01  0.195450E+02  0.251023E+02
  0.439888E+01  0.368872E+02  0.253802E+02
  0.440152E+01  0.331310E+02  0.255593E+02
  0.440415E+01  0.394028E+02  0.258096E+02
  0.440678E+01  0.625730E+02  0.260163E+02
  0.440942E+01  0.379924E+02  0.262306E+02
  0.441205E+01  0.401732E+02  0.261174E+02
  0.441469E+01  0.386300E+02  0.268349E+02
  0.441732E+01  0.316950E+02  0.265873E+02
  0.441995E+01  0.267794E+02  0.267121E+02
  0.442259E+01  0.359502E+02  0.267197E+02
  0.442522E+01  0.563118E+02  0.274886E+02
  0.442786E+01  0.435566E+02  0.274972E+02
  0.443049E+01  0.409760E+02  0.276012E+02
  0.443312E+01  0.558346E+02  0.280098E+02
  0.443576E+01  0.192888E+02  0.278541E+02
  0.443839E+01 -0.146608E+02  0.274897E+02
  0.444103E+01 -0.163732E+02  0.277237E+02
  0.444366E+01  0.144468E+02  0.284895E+02
  0.444629E+01  0.429952E+02  0.289544E+02
  0.444893E+01  0.790914E+02  0.297860E+02
  0.445156E+01  0.343024E+02  0.294839E+02
  0.445420E+01  0.557992E+02  0.296396E+02
  0.445683E+01  0.204534E+02  0.294031E+02
  0.445946E+01  0.540238E+02  0.299529E+02
  0.446210E+01  0.606788E+02  0.305172E+02
  0.446473E+01  0.214428E+02  0.300688E+02
  0.446737E+01  0.295588E+02  0.309426E+02
  0.447000E+01  0.482220E+02  0.309831E+02
  0.447263E+01  0.457556E+02  0.308669E+02
  0.447527E+01  0.470572E+02  0.314809E+02
  0.447790E+01  0.244344E+02  0.312661E+02
  0.448054E+01  0.179926E+02  0.313587E+02
  0.448317E+01  0.494578E+02  0.337816E+02
  0.448580E+01  0.707298E+02  0.435008E+02
  0.448844E+01 -0.358798E+02  0.621178E+02
----------C:\Users\jeffries\Desktop\Weiss Project SAXS 151\SasG SAXS\CMJ\G51_G57\G51_G57 PRIMUS and GNOM\avrg_FW7_0011.dat-----------------------------
Sample description: FW7                                                         
Sample: FW7  c= 5.0000 mg/ml  Code: FW7                                         
Parent(s): C:/Users/jeffries/AppData/Local/Temp/qt_temp.uE2188 C:/Users/jeffries
----------C:\Users\jeffries\Desktop\Weiss Project SAXS 151\SasG SAXS\CMJ\G51_G57\G51_G57 PRIMUS and GNOM\avrg_FW7_buffer.dat-----------------------------
Sample description: FW7buffer                                                   
Sample: FW7buffer  c= .0000 mg/ml  Code: FW7                                    
Parent(s): C:/Users/jeffries/AppData/Local/Temp/qt_temp.qH2188 C:/Users/jeffries
