
Sample:   c= 0 mg/ml  Code: 
 1.200000e-001  8.904079e-001  7.152457e-003
 1.297000e-001  8.679397e-001  7.034032e-003
 1.394000e-001  8.560921e-001  6.953596e-003
 1.492000e-001  8.517264e-001  6.901658e-003
 1.589000e-001  8.393683e-001  6.846074e-003
 1.686000e-001  8.285668e-001  6.783677e-003
 1.783000e-001  8.075448e-001  6.656839e-003
 1.881000e-001  7.750630e-001  6.525653e-003
 1.978000e-001  7.730760e-001  6.486296e-003
 2.075000e-001  7.483973e-001  6.390132e-003
 2.172000e-001  7.163268e-001  6.260366e-003
 2.270000e-001  7.048357e-001  6.178972e-003
 2.367000e-001  6.809034e-001  6.076840e-003
 2.464000e-001  6.589123e-001  5.956123e-003
 2.561000e-001  6.488111e-001  5.902302e-003
 2.659000e-001  6.157677e-001  5.757923e-003
 2.756000e-001  5.926846e-001  5.642182e-003
 2.853000e-001  5.727182e-001  5.534824e-003
 2.950000e-001  5.448957e-001  5.380394e-003
 3.048000e-001  5.263175e-001  5.281114e-003
 3.145000e-001  5.030175e-001  5.158514e-003
 3.242000e-001  4.832372e-001  5.069739e-003
 3.339000e-001  4.673650e-001  4.969050e-003
 3.437000e-001  4.450982e-001  4.852443e-003
 3.534000e-001  4.261394e-001  4.760289e-003
 3.631000e-001  4.056131e-001  4.636560e-003
 3.728000e-001  3.815277e-001  4.534047e-003
 3.826000e-001  3.634507e-001  4.441050e-003
 3.923000e-001  3.595900e-001  4.371946e-003
 4.020000e-001  3.434871e-001  4.272887e-003
 4.117000e-001  3.173795e-001  4.149566e-003
 4.215000e-001  3.088166e-001  4.067388e-003
 4.312000e-001  2.885130e-001  3.952496e-003
 4.409000e-001  2.743214e-001  3.860866e-003
 4.506000e-001  2.575610e-001  3.756489e-003
 4.604000e-001  2.438913e-001  3.670916e-003
 4.701000e-001  2.341417e-001  3.595354e-003
 4.798000e-001  2.237165e-001  3.514078e-003
 4.895000e-001  2.089027e-001  3.442435e-003
 4.992000e-001  2.035841e-001  3.374908e-003
 5.090000e-001  1.934237e-001  3.292010e-003
 5.187000e-001  1.801634e-001  3.208703e-003
 5.284000e-001  1.751674e-001  3.149109e-003
 5.381000e-001  1.648396e-001  3.075740e-003
 5.479000e-001  1.532282e-001  3.000638e-003
 5.576000e-001  1.522876e-001  2.939789e-003
 5.673000e-001  1.464869e-001  2.894331e-003
 5.770000e-001  1.363918e-001  2.839068e-003
 5.868000e-001  1.268079e-001  2.766813e-003
 5.965000e-001  1.206030e-001  2.696987e-003
 6.062000e-001  1.164561e-001  2.653107e-003
 6.159000e-001  1.130320e-001  2.617160e-003
 6.257000e-001  1.035115e-001  2.557254e-003
 6.354000e-001  1.020590e-001  2.516963e-003
 6.451000e-001  9.867841e-002  2.466960e-003
 6.548000e-001  9.388679e-002  2.449851e-003
 6.646000e-001  9.311672e-002  2.429028e-003
 6.743000e-001  8.899182e-002  2.387817e-003
 6.840000e-001  8.302863e-002  2.356123e-003
 6.937000e-001  8.013340e-002  2.329584e-003
 7.035000e-001  7.530705e-002  2.298798e-003
 7.132000e-001  7.671193e-002  2.280899e-003
 7.229000e-001  7.461415e-002  2.255092e-003
 7.326000e-001  6.867933e-002  2.224194e-003
 7.424000e-001  6.473219e-002  2.199767e-003
 7.521000e-001  6.485913e-002  2.174754e-003
 7.618000e-001  5.896990e-002  2.145800e-003
 7.715000e-001  5.928808e-002  2.140317e-003
 7.813000e-001  5.947248e-002  2.122598e-003
 7.910000e-001  5.398100e-002  2.105632e-003
 8.007000e-001  5.467177e-002  2.080807e-003
 8.104000e-001  5.379808e-002  2.060917e-003
 8.202000e-001  5.104667e-002  2.055083e-003
 8.299000e-001  4.941135e-002  2.038137e-003
 8.396000e-001  4.749176e-002  2.022479e-003
 8.493000e-001  4.750506e-002  2.012608e-003
 8.590000e-001  4.574501e-002  1.993768e-003
 8.688000e-001  4.264000e-002  1.989090e-003
 8.785000e-001  4.114894e-002  1.976581e-003
 8.882000e-001  4.219102e-002  1.956624e-003
 8.979000e-001  3.915222e-002  1.939682e-003
 9.077000e-001  3.600433e-002  1.908209e-003
 9.174000e-001  3.672997e-002  1.891326e-003
 9.271000e-001  3.435756e-002  1.875427e-003
 9.368000e-001  3.152912e-002  1.864862e-003
 9.466000e-001  3.062297e-002  1.858427e-003
 9.563000e-001  2.965262e-002  1.840716e-003
 9.660000e-001  3.085930e-002  1.824376e-003
 9.757000e-001  2.599206e-002  1.812103e-003
 9.855000e-001  2.491167e-002  1.790526e-003
 9.952000e-001  2.730769e-002  1.779013e-003
 1.005000e+000  2.924940e-002  1.756713e-003
 1.015000e+000  2.335516e-002  1.746425e-003
 1.024000e+000  2.269753e-002  1.738611e-003
 1.034000e+000  2.283675e-002  1.716654e-003
 1.044000e+000  2.172707e-002  1.702111e-003
 1.054000e+000  2.138260e-002  1.687182e-003
 1.063000e+000  2.120196e-002  1.667516e-003
 1.073000e+000  2.163361e-002  1.662946e-003
 1.083000e+000  2.064927e-002  1.644979e-003
 1.092000e+000  1.854521e-002  1.623752e-003
 1.102000e+000  1.788182e-002  1.614153e-003
 1.112000e+000  1.987763e-002  1.603139e-003
 1.122000e+000  1.775814e-002  1.589140e-003
 1.131000e+000  1.488248e-002  1.575031e-003
 1.141000e+000  1.495251e-002  1.563729e-003
 1.151000e+000  1.449427e-002  1.557667e-003
 1.161000e+000  1.505040e-002  1.554745e-003
 1.170000e+000  1.548130e-002  1.534825e-003
 1.180000e+000  1.300847e-002  1.528478e-003
 1.190000e+000  1.245416e-002  1.514695e-003
 1.199000e+000  1.229486e-002  1.496736e-003
 1.209000e+000  1.114386e-002  1.499998e-003
 1.219000e+000  1.288634e-002  1.487248e-003
 1.229000e+000  1.209919e-002  1.482478e-003
 1.238000e+000  1.207189e-002  1.476733e-003
 1.248000e+000  1.282478e-002  1.463125e-003
 1.258000e+000  1.163581e-002  1.457000e-003
 1.267000e+000  1.269358e-002  1.448127e-003
 1.277000e+000  1.071164e-002  1.439727e-003
 1.287000e+000  9.496850e-003  1.437542e-003
 1.297000e+000  9.944725e-003  1.433268e-003
 1.306000e+000  1.009604e-002  1.430828e-003
 1.316000e+000  9.723939e-003  1.419556e-003
 1.326000e+000  9.506232e-003  1.418164e-003
 1.336000e+000  9.966573e-003  1.420705e-003
 1.345000e+000  9.318090e-003  1.409796e-003
 1.355000e+000  9.010707e-003  1.400791e-003
 1.365000e+000  9.113988e-003  1.397414e-003
 1.374000e+000  9.143577e-003  1.396028e-003
 1.384000e+000  8.809873e-003  1.392580e-003
 1.394000e+000  7.790573e-003  1.394170e-003
 1.404000e+000  5.592328e-003  1.388451e-003
 1.413000e+000  8.479736e-003  1.379964e-003
 1.423000e+000  8.127915e-003  1.373113e-003
 1.433000e+000  7.059192e-003  1.377770e-003
 1.443000e+000  7.220684e-003  1.376122e-003
 1.452000e+000  6.151641e-003  1.369629e-003
 1.462000e+000  7.444272e-003  1.369330e-003
 1.472000e+000  6.474531e-003  1.372670e-003
 1.481000e+000  5.614340e-003  1.370194e-003
 1.491000e+000  5.852860e-003  1.362112e-003
 1.501000e+000  6.417665e-003  1.356319e-003
 1.511000e+000  5.738099e-003  1.350031e-003
 1.520000e+000  4.735205e-003  1.351380e-003
 1.530000e+000  6.867464e-003  1.345513e-003
 1.540000e+000  4.422350e-003  1.336160e-003
 1.549000e+000  5.501447e-003  1.334874e-003
 1.559000e+000  7.153709e-003  1.327864e-003
 1.569000e+000  5.679389e-003  1.329078e-003
 1.579000e+000  4.941957e-003  1.316734e-003
 1.588000e+000  4.019238e-003  1.311845e-003
 1.598000e+000  3.912326e-003  1.306078e-003
 1.608000e+000  5.494811e-003  1.301062e-003
 1.618000e+000  3.292151e-003  1.293024e-003
 1.627000e+000  3.387185e-003  1.281557e-003
 1.637000e+000  5.811488e-003  1.276751e-003
 1.647000e+000  5.593613e-003  1.268013e-003
 1.656000e+000  3.400957e-003  1.261085e-003
 1.666000e+000  3.940078e-003  1.252040e-003
 1.676000e+000  3.272897e-003  1.236971e-003
 1.686000e+000  3.082665e-003  1.228929e-003
 1.695000e+000  2.960339e-003  1.221900e-003
 1.705000e+000  2.422443e-003  1.205894e-003
 1.715000e+000  3.393169e-003  1.195318e-003
 1.725000e+000  3.174018e-003  1.183682e-003
 1.734000e+000  2.973840e-003  1.171802e-003
 1.744000e+000  3.185163e-003  1.166632e-003
 1.754000e+000  2.771114e-003  1.152489e-003
 1.763000e+000  3.200134e-003  1.141863e-003
 1.773000e+000  3.283476e-003  1.134566e-003
 1.783000e+000  1.658069e-003  1.117275e-003
 1.793000e+000  1.206009e-003  1.111997e-003
 1.802000e+000  3.694531e-003  1.099267e-003
 1.812000e+000  3.367381e-003  1.092906e-003
 1.822000e+000  2.873837e-003  1.085574e-003
 1.831000e+000  2.256583e-003  1.072941e-003
 1.841000e+000  1.687912e-003  1.061418e-003
 1.851000e+000  1.951314e-003  1.063138e-003
 1.861000e+000  2.004792e-003  1.061469e-003
 1.870000e+000  1.809542e-003  1.049559e-003
 1.880000e+000  2.966830e-003  1.050111e-003
 1.890000e+000  3.016518e-003  1.046594e-003
 1.900000e+000  1.135709e-003  1.040440e-003
 1.909000e+000  2.186464e-003  1.038480e-003
 1.919000e+000  2.474762e-003  1.034900e-003
 1.929000e+000  1.628802e-003  1.036005e-003
 1.938000e+000  2.312330e-003  1.037469e-003
 1.948000e+000  1.136108e-003  1.036271e-003
 1.958000e+000  7.096335e-004  1.037027e-003
 1.968000e+000  2.710183e-003  1.034292e-003
 1.977000e+000  2.603392e-003  1.038334e-003
 1.987000e+000  2.277209e-003  1.033940e-003
 1.997000e+000  2.552712e-003  1.036835e-003
 2.007000e+000  2.881147e-003  1.040610e-003
 2.016000e+000  1.678933e-003  1.043779e-003
 2.026000e+000  2.289000e-003  1.045428e-003
 2.036000e+000  7.511636e-004  1.047298e-003
 2.045000e+000  2.135884e-003  1.049067e-003
 2.055000e+000  2.381555e-003  1.048055e-003
 2.065000e+000  1.186477e-003  1.049431e-003
 2.075000e+000  2.169938e-003  1.049108e-003
 2.084000e+000  2.848931e-003  1.049080e-003
 2.094000e+000  3.046056e-003  1.050024e-003
 2.104000e+000  2.864065e-003  1.052593e-003
 2.113000e+000  2.602545e-003  1.044545e-003
 2.123000e+000  1.542120e-003  1.038045e-003
 2.133000e+000  8.956261e-004  1.037373e-003
 2.143000e+000  1.452047e-003  1.039927e-003
 2.152000e+000  1.359911e-003  1.035996e-003
 2.162000e+000  2.802999e-003  1.035639e-003
 2.172000e+000  2.544164e-003  1.026563e-003
 2.182000e+000  1.214695e-003  1.027340e-003
 2.191000e+000  2.012148e-003  1.028285e-003
 2.201000e+000  4.772508e-004  1.020436e-003
 2.211000e+000  1.575093e-003  1.011832e-003
 2.220000e+000  1.674736e-003  1.007796e-003
 2.230000e+000  1.652203e-003  1.002274e-003
 2.240000e+000  1.066030e-003  1.004517e-003
 2.250000e+000  8.282570e-004  1.003519e-003
 2.259000e+000  1.906096e-003  9.991575e-004
 2.269000e+000  8.182318e-004  1.000874e-003
 2.279000e+000  1.929994e-003  9.891944e-004
 2.289000e+000  7.167761e-004  9.804020e-004
 2.298000e+000  1.687786e-003  9.818381e-004
 2.308000e+000  1.522971e-003  9.792000e-004
 2.318000e+000  7.701413e-004  9.773285e-004
 2.327000e+000  1.455531e-003  9.773996e-004
 2.337000e+000  7.030093e-004  9.773266e-004
 2.347000e+000  5.966364e-004  9.760763e-004
 2.357000e+000  2.458745e-003  9.777034e-004
 2.366000e+000  2.415632e-003  9.754435e-004
 2.376000e+000  9.638393e-004  9.733643e-004
 2.386000e+000  4.596709e-004  9.739135e-004
 2.395000e+000  1.260324e-004  9.756468e-004
 2.405000e+000  6.604928e-004  9.699363e-004
 2.415000e+000  1.449424e-003  9.692953e-004
 2.425000e+000 -1.220130e-004  9.644674e-004
 2.434000e+000  3.660897e-004  9.648272e-004
 2.444000e+000  6.535792e-004  9.656353e-004
 2.454000e+000  1.475645e-003  9.635161e-004
 2.464000e+000  1.324398e-003  9.650956e-004
 2.473000e+000  9.238266e-004  9.654191e-004
 2.483000e+000  1.845199e-003  9.650165e-004
 2.493000e+000  1.698583e-003  9.629423e-004
 2.502000e+000  1.382601e-003  9.582739e-004
 2.512000e+000  1.808898e-003  9.645958e-004
 2.522000e+000  3.257469e-003  9.563982e-004
 2.532000e+000  1.527265e-003  9.573916e-004
 2.541000e+000  9.418598e-004  9.609312e-004
 2.551000e+000  1.557785e-003  9.547142e-004
 2.561000e+000  2.545091e-004  9.503006e-004
 2.571000e+000  9.428936e-004  9.500895e-004
 2.580000e+000  1.473094e-003  9.480766e-004
 2.590000e+000  8.418858e-004  9.419532e-004
 2.600000e+000  8.589985e-004  9.360825e-004
 2.609000e+000  1.771438e-003  9.326807e-004
 2.619000e+000  3.472801e-004  9.345328e-004
 2.629000e+000 -2.206600e-004  9.262298e-004
 2.639000e+000  1.694985e-003  9.236051e-004
 2.648000e+000  8.950371e-004  9.237463e-004
 2.658000e+000  1.856986e-003  9.211034e-004
 2.668000e+000  1.215983e-004  9.197740e-004
 2.677000e+000  5.475731e-004  9.133656e-004
 2.687000e+000  1.608534e-003  9.044828e-004
 2.697000e+000  7.932959e-004  9.018943e-004
 2.707000e+000  1.794486e-004  8.986088e-004
 2.716000e+000  1.732946e-004  9.001896e-004
 2.726000e+000  3.576929e-004  8.969981e-004
 2.736000e+000  1.664095e-003  8.927207e-004
 2.746000e+000  2.573905e-004  8.878935e-004
 2.755000e+000 -2.839223e-004  8.818987e-004
 2.765000e+000  3.703193e-004  8.816781e-004
 2.775000e+000  8.899803e-004  8.849265e-004
 2.784000e+000  9.025537e-004  8.813389e-004
 2.794000e+000  9.074649e-004  8.818547e-004
 2.804000e+000  6.351517e-004  8.800889e-004
 2.814000e+000  6.508020e-004  8.747174e-004
 2.823000e+000  5.430704e-004  8.750893e-004
 2.833000e+000  4.614158e-004  8.754490e-004
 2.843000e+000  5.607956e-004  8.749806e-004
 2.853000e+000  1.003804e-003  8.811735e-004
 2.862000e+000  6.069207e-004  8.794660e-004
 2.872000e+000 -9.045260e-005  8.864745e-004
 2.882000e+000  1.790048e-003  8.814833e-004
 2.891000e+000  2.170193e-003  8.809036e-004
 2.901000e+000  1.969050e-003  8.807342e-004
 2.911000e+000  1.043330e-003  8.805663e-004
 2.921000e+000  9.188200e-006  8.792719e-004
 2.930000e+000  5.204162e-004  8.789022e-004
 2.940000e+000  1.513723e-003  8.818230e-004
 2.950000e+000  1.470811e-003  8.789923e-004
 2.959000e+000  8.085281e-004  8.816102e-004
 2.969000e+000  1.446135e-003  8.807340e-004
 2.979000e+000  1.826314e-004  8.812967e-004
 2.989000e+000 -5.291358e-004  8.841191e-004
 2.998000e+000  3.145492e-004  8.799571e-004
 3.008000e+000  5.434046e-004  8.806194e-004
range-from: 1
range-to: 298
