 24-Jul-2006       (test.dat    - 1.000 *Avrag06.dat) /  4.7000               
test.dat      Conc = .47E+01  Mult = .10E+01  N1 =   46  N2 = 2146  SCALE =  1
 Avrag06.dat  Conc = .10E+01  Mult = .10E+01  N1 =   46  N2 = 2146  SCALE =  1
  0.200474E+00  0.892532E+02  0.125411E+01
  0.202754E+00  0.888489E+02  0.118630E+01
  0.205035E+00  0.900106E+02  0.118692E+01
  0.207316E+00  0.884255E+02  0.114346E+01
  0.209596E+00  0.869872E+02  0.112917E+01
  0.211877E+00  0.862681E+02  0.111153E+01
  0.214158E+00  0.876809E+02  0.107344E+01
  0.216438E+00  0.891915E+02  0.105973E+01
  0.218719E+00  0.882213E+02  0.100921E+01
  0.221000E+00  0.875979E+02  0.101918E+01
  0.223280E+00  0.865404E+02  0.100281E+01
  0.225561E+00  0.868745E+02  0.959783E+00
  0.227842E+00  0.878404E+02  0.963735E+00
  0.230123E+00  0.857426E+02  0.917754E+00
  0.232403E+00  0.867574E+02  0.926557E+00
  0.234684E+00  0.852617E+02  0.890312E+00
  0.236965E+00  0.864277E+02  0.879622E+00
  0.239245E+00  0.861617E+02  0.873900E+00
  0.241526E+00  0.848404E+02  0.845403E+00
  0.243807E+00  0.868936E+02  0.847029E+00
  0.246087E+00  0.847809E+02  0.807708E+00
  0.248368E+00  0.846894E+02  0.810871E+00
  0.250649E+00  0.832979E+02  0.797452E+00
  0.252929E+00  0.839574E+02  0.778198E+00
  0.255210E+00  0.842872E+02  0.773272E+00
  0.257491E+00  0.847319E+02  0.749048E+00
  0.259771E+00  0.841574E+02  0.751819E+00
  0.262052E+00  0.829021E+02  0.741250E+00
  0.264333E+00  0.824340E+02  0.714663E+00
  0.266614E+00  0.816234E+02  0.721098E+00
  0.268894E+00  0.817383E+02  0.696125E+00
  0.271175E+00  0.820043E+02  0.704333E+00
  0.273456E+00  0.829383E+02  0.680566E+00
  0.275736E+00  0.816702E+02  0.664928E+00
  0.278017E+00  0.819511E+02  0.674584E+00
  0.280298E+00  0.817043E+02  0.653228E+00
  0.282578E+00  0.833426E+02  0.655651E+00
  0.284859E+00  0.828745E+02  0.637379E+00
  0.287140E+00  0.805298E+02  0.632589E+00
  0.289420E+00  0.793766E+02  0.625359E+00
  0.291701E+00  0.798894E+02  0.615730E+00
  0.293982E+00  0.802298E+02  0.613650E+00
  0.296262E+00  0.793255E+02  0.597361E+00
  0.298543E+00  0.795957E+02  0.597832E+00
  0.300824E+00  0.798362E+02  0.591273E+00
  0.303105E+00  0.789043E+02  0.575625E+00
  0.305385E+00  0.788681E+02  0.574518E+00
  0.307666E+00  0.793234E+02  0.567703E+00
  0.309947E+00  0.784851E+02  0.572198E+00
  0.312227E+00  0.778915E+02  0.551217E+00
  0.314508E+00  0.768906E+02  0.553763E+00
  0.316789E+00  0.778300E+02  0.547173E+00
  0.319069E+00  0.779647E+02  0.539063E+00
  0.321350E+00  0.773155E+02  0.540240E+00
  0.323631E+00  0.763596E+02  0.523183E+00
  0.325911E+00  0.760328E+02  0.527638E+00
  0.328192E+00  0.764485E+02  0.517648E+00
  0.330473E+00  0.746645E+02  0.512195E+00
  0.332753E+00  0.750043E+02  0.510651E+00
  0.335034E+00  0.753953E+02  0.499795E+00
  0.337315E+00  0.756747E+02  0.506693E+00
  0.339595E+00  0.745323E+02  0.495043E+00
  0.341876E+00  0.744674E+02  0.491584E+00
  0.344157E+00  0.746119E+02  0.488983E+00
  0.346438E+00  0.738500E+02  0.477972E+00
  0.348718E+00  0.743709E+02  0.483503E+00
  0.350999E+00  0.735879E+02  0.471048E+00
  0.353280E+00  0.726255E+02  0.473729E+00
  0.355560E+00  0.731396E+02  0.469283E+00
  0.357841E+00  0.726238E+02  0.460408E+00
  0.360122E+00  0.719481E+02  0.461231E+00
  0.362402E+00  0.725209E+02  0.451626E+00
  0.364683E+00  0.716028E+02  0.455254E+00
  0.366964E+00  0.715294E+02  0.449686E+00
  0.369244E+00  0.715853E+02  0.443886E+00
  0.371525E+00  0.714989E+02  0.443129E+00
  0.373806E+00  0.713440E+02  0.434420E+00
  0.376086E+00  0.704072E+02  0.438649E+00
  0.378367E+00  0.706547E+02  0.433125E+00
  0.380648E+00  0.703551E+02  0.427157E+00
  0.382929E+00  0.697581E+02  0.430035E+00
  0.385209E+00  0.693566E+02  0.418363E+00
  0.387490E+00  0.694428E+02  0.425002E+00
  0.389771E+00  0.682281E+02  0.411660E+00
  0.392051E+00  0.690543E+02  0.416835E+00
  0.394332E+00  0.677098E+02  0.410445E+00
  0.396613E+00  0.681581E+02  0.407918E+00
  0.398893E+00  0.671068E+02  0.404540E+00
  0.401174E+00  0.669847E+02  0.400547E+00
  0.403455E+00  0.667370E+02  0.402167E+00
  0.405735E+00  0.662155E+02  0.395633E+00
  0.408016E+00  0.666526E+02  0.398159E+00
  0.410297E+00  0.676530E+02  0.393003E+00
  0.412577E+00  0.662989E+02  0.388490E+00
  0.414858E+00  0.654636E+02  0.389670E+00
  0.417139E+00  0.653815E+02  0.383925E+00
  0.419420E+00  0.651260E+02  0.380478E+00
  0.421700E+00  0.645300E+02  0.382573E+00
  0.423981E+00  0.637698E+02  0.375598E+00
  0.426262E+00  0.632760E+02  0.379911E+00
  0.428542E+00  0.636651E+02  0.370346E+00
  0.430823E+00  0.631138E+02  0.370858E+00
  0.433104E+00  0.622351E+02  0.368025E+00
  0.435384E+00  0.621626E+02  0.367467E+00
  0.437665E+00  0.628213E+02  0.366426E+00
  0.439946E+00  0.618185E+02  0.360798E+00
  0.442226E+00  0.616891E+02  0.362711E+00
  0.444507E+00  0.624519E+02  0.355926E+00
  0.446788E+00  0.609415E+02  0.358305E+00
  0.449068E+00  0.607670E+02  0.354175E+00
  0.451349E+00  0.603311E+02  0.352011E+00
  0.453630E+00  0.601036E+02  0.353345E+00
  0.455910E+00  0.597234E+02  0.347528E+00
  0.458191E+00  0.600706E+02  0.347078E+00
  0.460472E+00  0.592553E+02  0.343547E+00
  0.462753E+00  0.595319E+02  0.344419E+00
  0.465033E+00  0.593285E+02  0.344178E+00
  0.467314E+00  0.591715E+02  0.337655E+00
  0.469595E+00  0.588732E+02  0.339298E+00
  0.471875E+00  0.576998E+02  0.335043E+00
  0.474156E+00  0.567445E+02  0.334587E+00
  0.476437E+00  0.575319E+02  0.332362E+00
  0.478717E+00  0.567870E+02  0.329326E+00
  0.480998E+00  0.562702E+02  0.332111E+00
  0.483279E+00  0.569068E+02  0.325346E+00
  0.485559E+00  0.566306E+02  0.328228E+00
  0.487840E+00  0.561938E+02  0.324352E+00
  0.490121E+00  0.554043E+02  0.320728E+00
  0.492401E+00  0.555394E+02  0.324011E+00
  0.494682E+00  0.555470E+02  0.318232E+00
  0.496963E+00  0.549715E+02  0.319030E+00
  0.499244E+00  0.547066E+02  0.316309E+00
  0.501524E+00  0.541255E+02  0.314389E+00
  0.503805E+00  0.545974E+02  0.316903E+00
  0.506086E+00  0.539574E+02  0.308897E+00
  0.508366E+00  0.538053E+02  0.314295E+00
  0.510647E+00  0.532668E+02  0.307632E+00
  0.512928E+00  0.531623E+02  0.308992E+00
  0.515208E+00  0.528751E+02  0.308072E+00
  0.517489E+00  0.524230E+02  0.304044E+00
  0.519770E+00  0.515591E+02  0.307016E+00
  0.522050E+00  0.511149E+02  0.299961E+00
  0.524331E+00  0.510000E+02  0.301287E+00
  0.526612E+00  0.506502E+02  0.299058E+00
  0.528892E+00  0.506906E+02  0.298045E+00
  0.531173E+00  0.496787E+02  0.297234E+00
  0.533454E+00  0.502589E+02  0.295095E+00
  0.535734E+00  0.499951E+02  0.294878E+00
  0.538015E+00  0.496415E+02  0.293743E+00
  0.540296E+00  0.488179E+02  0.292608E+00
  0.542577E+00  0.490130E+02  0.290322E+00
  0.544857E+00  0.487298E+02  0.287512E+00
  0.547138E+00  0.479460E+02  0.289855E+00
  0.549419E+00  0.484034E+02  0.286724E+00
  0.551699E+00  0.477347E+02  0.287272E+00
  0.553980E+00  0.475253E+02  0.283659E+00
  0.556261E+00  0.471434E+02  0.281682E+00
  0.558541E+00  0.472228E+02  0.283037E+00
  0.560822E+00  0.472683E+02  0.279406E+00
  0.563103E+00  0.467264E+02  0.282698E+00
  0.565383E+00  0.464902E+02  0.276631E+00
  0.567664E+00  0.460874E+02  0.279855E+00
  0.569945E+00  0.448232E+02  0.275662E+00
  0.572225E+00  0.453955E+02  0.274206E+00
  0.574506E+00  0.458872E+02  0.275764E+00
  0.576787E+00  0.447109E+02  0.271966E+00
  0.579068E+00  0.446902E+02  0.272754E+00
  0.581348E+00  0.445453E+02  0.273494E+00
  0.583629E+00  0.438164E+02  0.265710E+00
  0.585910E+00  0.436372E+02  0.269184E+00
  0.588190E+00  0.432594E+02  0.266477E+00
  0.590471E+00  0.435587E+02  0.268449E+00
  0.592752E+00  0.432179E+02  0.265200E+00
  0.595032E+00  0.426751E+02  0.264231E+00
  0.597313E+00  0.421004E+02  0.263079E+00
  0.599594E+00  0.424379E+02  0.262189E+00
  0.601874E+00  0.425464E+02  0.262628E+00
  0.604155E+00  0.413185E+02  0.260264E+00
  0.606436E+00  0.413662E+02  0.259872E+00
  0.608716E+00  0.407996E+02  0.259197E+00
  0.610997E+00  0.404745E+02  0.256848E+00
  0.613278E+00  0.407704E+02  0.256357E+00
  0.615559E+00  0.398957E+02  0.254802E+00
  0.617839E+00  0.395670E+02  0.254826E+00
  0.620120E+00  0.396004E+02  0.254086E+00
  0.622401E+00  0.398453E+02  0.251825E+00
  0.624681E+00  0.397381E+02  0.252841E+00
  0.626962E+00  0.393383E+02  0.248836E+00
  0.629243E+00  0.388400E+02  0.251693E+00
  0.631523E+00  0.382862E+02  0.248374E+00
  0.633804E+00  0.385791E+02  0.248744E+00
  0.636085E+00  0.381755E+02  0.248233E+00
  0.638365E+00  0.380772E+02  0.245631E+00
  0.640646E+00  0.379409E+02  0.246072E+00
  0.642927E+00  0.374136E+02  0.242785E+00
  0.645207E+00  0.370268E+02  0.245655E+00
  0.647488E+00  0.371264E+02  0.243889E+00
  0.649769E+00  0.370630E+02  0.240574E+00
  0.652049E+00  0.369623E+02  0.242492E+00
  0.654330E+00  0.364534E+02  0.238925E+00
  0.656611E+00  0.367009E+02  0.241706E+00
  0.658892E+00  0.362445E+02  0.238209E+00
  0.661172E+00  0.362919E+02  0.237524E+00
  0.663453E+00  0.358647E+02  0.238665E+00
  0.665734E+00  0.351964E+02  0.234970E+00
  0.668014E+00  0.352236E+02  0.237918E+00
  0.670295E+00  0.349198E+02  0.232104E+00
  0.672576E+00  0.344185E+02  0.233676E+00
  0.674856E+00  0.341717E+02  0.233492E+00
  0.677137E+00  0.344817E+02  0.232237E+00
  0.679418E+00  0.344043E+02  0.232791E+00
  0.681698E+00  0.332909E+02  0.228594E+00
  0.683979E+00  0.330294E+02  0.230195E+00
  0.686260E+00  0.332979E+02  0.229245E+00
  0.688540E+00  0.328457E+02  0.228785E+00
  0.690821E+00  0.327230E+02  0.227394E+00
  0.693102E+00  0.322615E+02  0.225738E+00
  0.695383E+00  0.323521E+02  0.226310E+00
  0.697663E+00  0.320066E+02  0.224434E+00
  0.699944E+00  0.315615E+02  0.223367E+00
  0.702225E+00  0.317302E+02  0.224848E+00
  0.704505E+00  0.315609E+02  0.222896E+00
  0.706786E+00  0.318315E+02  0.224204E+00
  0.709067E+00  0.311755E+02  0.219865E+00
  0.711347E+00  0.307591E+02  0.221407E+00
  0.713628E+00  0.305649E+02  0.220069E+00
  0.715909E+00  0.311253E+02  0.219836E+00
  0.718189E+00  0.309813E+02  0.219440E+00
  0.720470E+00  0.300243E+02  0.216724E+00
  0.722751E+00  0.298330E+02  0.218186E+00
  0.725031E+00  0.295313E+02  0.215492E+00
  0.727312E+00  0.297043E+02  0.216842E+00
  0.729593E+00  0.293804E+02  0.215814E+00
  0.731874E+00  0.291128E+02  0.214240E+00
  0.734154E+00  0.287187E+02  0.214847E+00
  0.736435E+00  0.287172E+02  0.212328E+00
  0.738716E+00  0.289255E+02  0.212795E+00
  0.740996E+00  0.286828E+02  0.212830E+00
  0.743277E+00  0.283960E+02  0.210334E+00
  0.745558E+00  0.282913E+02  0.213073E+00
  0.747838E+00  0.282257E+02  0.208210E+00
  0.750119E+00  0.281451E+02  0.210092E+00
  0.752400E+00  0.277538E+02  0.208574E+00
  0.754680E+00  0.275521E+02  0.209244E+00
  0.756961E+00  0.272730E+02  0.207700E+00
  0.759242E+00  0.271687E+02  0.206857E+00
  0.761522E+00  0.270936E+02  0.206888E+00
  0.763803E+00  0.269381E+02  0.205180E+00
  0.766084E+00  0.267813E+02  0.204963E+00
  0.768364E+00  0.264674E+02  0.204396E+00
  0.770645E+00  0.261353E+02  0.204128E+00
  0.772926E+00  0.261545E+02  0.204027E+00
  0.775207E+00  0.264091E+02  0.202230E+00
  0.777487E+00  0.254898E+02  0.202347E+00
  0.779768E+00  0.250355E+02  0.201239E+00
  0.782049E+00  0.250830E+02  0.199809E+00
  0.784329E+00  0.249832E+02  0.201676E+00
  0.786610E+00  0.248319E+02  0.198120E+00
  0.788891E+00  0.250643E+02  0.200089E+00
  0.791171E+00  0.246585E+02  0.197545E+00
  0.793452E+00  0.251891E+02  0.199056E+00
  0.795733E+00  0.245821E+02  0.196666E+00
  0.798013E+00  0.239511E+02  0.196203E+00
  0.800294E+00  0.241843E+02  0.197378E+00
  0.802575E+00  0.239721E+02  0.195152E+00
  0.804855E+00  0.235749E+02  0.195449E+00
  0.807136E+00  0.234566E+02  0.193972E+00
  0.809417E+00  0.234866E+02  0.193778E+00
  0.811698E+00  0.237045E+02  0.194990E+00
  0.813978E+00  0.233660E+02  0.192673E+00
  0.816259E+00  0.232817E+02  0.192940E+00
  0.818540E+00  0.233423E+02  0.192939E+00
  0.820820E+00  0.234915E+02  0.191556E+00
  0.823101E+00  0.230155E+02  0.192931E+00
  0.825382E+00  0.222323E+02  0.188562E+00
  0.827662E+00  0.222949E+02  0.191407E+00
  0.829943E+00  0.224115E+02  0.189873E+00
  0.832224E+00  0.218738E+02  0.189570E+00
  0.834504E+00  0.215419E+02  0.188715E+00
  0.836785E+00  0.218404E+02  0.186918E+00
  0.839066E+00  0.219123E+02  0.189316E+00
  0.841346E+00  0.216730E+02  0.187443E+00
  0.843627E+00  0.212694E+02  0.187189E+00
  0.845908E+00  0.212338E+02  0.185812E+00
  0.848189E+00  0.216496E+02  0.186152E+00
  0.850469E+00  0.215406E+02  0.186585E+00
  0.852750E+00  0.214387E+02  0.185019E+00
  0.855031E+00  0.208757E+02  0.184752E+00
  0.857311E+00  0.208449E+02  0.184739E+00
  0.859592E+00  0.208687E+02  0.184188E+00
  0.861873E+00  0.204936E+02  0.183452E+00
  0.864153E+00  0.204200E+02  0.182673E+00
  0.866434E+00  0.203268E+02  0.183428E+00
  0.868715E+00  0.203340E+02  0.182084E+00
  0.870995E+00  0.202415E+02  0.183010E+00
  0.873276E+00  0.194936E+02  0.180757E+00
  0.875557E+00  0.193619E+02  0.180488E+00
  0.877837E+00  0.192079E+02  0.180865E+00
  0.880118E+00  0.191228E+02  0.179659E+00
  0.882399E+00  0.191406E+02  0.180093E+00
  0.884679E+00  0.191694E+02  0.178481E+00
  0.886960E+00  0.190849E+02  0.179997E+00
  0.889241E+00  0.190574E+02  0.178424E+00
  0.891522E+00  0.187530E+02  0.177784E+00
  0.893802E+00  0.187436E+02  0.178376E+00
  0.896083E+00  0.188366E+02  0.176693E+00
  0.898364E+00  0.188091E+02  0.177777E+00
  0.900644E+00  0.182196E+02  0.176549E+00
  0.902925E+00  0.179566E+02  0.175440E+00
  0.905206E+00  0.183234E+02  0.177197E+00
  0.907486E+00  0.180951E+02  0.174191E+00
  0.909767E+00  0.181509E+02  0.176511E+00
  0.912048E+00  0.177570E+02  0.173723E+00
  0.914328E+00  0.178191E+02  0.174981E+00
  0.916609E+00  0.175583E+02  0.174209E+00
  0.918890E+00  0.176896E+02  0.173582E+00
  0.921170E+00  0.176889E+02  0.174257E+00
  0.923451E+00  0.168709E+02  0.171561E+00
  0.925732E+00  0.166579E+02  0.173525E+00
  0.928013E+00  0.170151E+02  0.172580E+00
  0.930293E+00  0.173138E+02  0.171671E+00
  0.932574E+00  0.173904E+02  0.172913E+00
  0.934855E+00  0.170417E+02  0.170872E+00
  0.937135E+00  0.166694E+02  0.171315E+00
  0.939416E+00  0.160434E+02  0.170017E+00
  0.941697E+00  0.160774E+02  0.170562E+00
  0.943977E+00  0.160021E+02  0.171055E+00
  0.946258E+00  0.161534E+02  0.169233E+00
  0.948539E+00  0.161860E+02  0.170600E+00
  0.950819E+00  0.160853E+02  0.167324E+00
  0.953100E+00  0.161494E+02  0.169639E+00
  0.955381E+00  0.158394E+02  0.169588E+00
  0.957661E+00  0.153591E+02  0.167693E+00
  0.959942E+00  0.156902E+02  0.169064E+00
  0.962223E+00  0.157028E+02  0.166972E+00
  0.964503E+00  0.158079E+02  0.167969E+00
  0.966784E+00  0.156589E+02  0.168074E+00
  0.969065E+00  0.152211E+02  0.165768E+00
  0.971346E+00  0.148551E+02  0.167070E+00
  0.973626E+00  0.148566E+02  0.165612E+00
  0.975907E+00  0.150019E+02  0.165929E+00
  0.978188E+00  0.151802E+02  0.165465E+00
  0.980468E+00  0.150051E+02  0.164261E+00
  0.982749E+00  0.148551E+02  0.166254E+00
  0.985030E+00  0.144966E+02  0.164097E+00
  0.987310E+00  0.145479E+02  0.165425E+00
  0.989591E+00  0.146611E+02  0.163326E+00
  0.991872E+00  0.148026E+02  0.163851E+00
  0.994152E+00  0.144034E+02  0.163900E+00
  0.996433E+00  0.140900E+02  0.162953E+00
  0.998714E+00  0.141328E+02  0.164100E+00
  0.100099E+01  0.136500E+02  0.161922E+00
  0.100328E+01  0.139562E+02  0.162939E+00
  0.100556E+01  0.138302E+02  0.162344E+00
  0.100784E+01  0.138130E+02  0.161829E+00
  0.101012E+01  0.140849E+02  0.161759E+00
  0.101240E+01  0.141404E+02  0.161832E+00
  0.101468E+01  0.135921E+02  0.162120E+00
  0.101696E+01  0.135209E+02  0.160172E+00
  0.101924E+01  0.133991E+02  0.160505E+00
  0.102152E+01  0.135236E+02  0.160518E+00
  0.102380E+01  0.132089E+02  0.159640E+00
  0.102608E+01  0.131609E+02  0.160869E+00
  0.102836E+01  0.133117E+02  0.158679E+00
  0.103064E+01  0.133194E+02  0.160274E+00
  0.103292E+01  0.131749E+02  0.158862E+00
  0.103520E+01  0.130353E+02  0.158636E+00
  0.103749E+01  0.131543E+02  0.159223E+00
  0.103977E+01  0.127985E+02  0.157646E+00
  0.104205E+01  0.126877E+02  0.159009E+00
  0.104433E+01  0.125834E+02  0.157342E+00
  0.104661E+01  0.129177E+02  0.158119E+00
  0.104889E+01  0.129702E+02  0.157359E+00
  0.105117E+01  0.125809E+02  0.157188E+00
  0.105345E+01  0.127017E+02  0.157488E+00
  0.105573E+01  0.123915E+02  0.156105E+00
  0.105801E+01  0.123343E+02  0.156293E+00
  0.106029E+01  0.120666E+02  0.157101E+00
  0.106257E+01  0.120123E+02  0.155200E+00
  0.106485E+01  0.122747E+02  0.156616E+00
  0.106713E+01  0.123913E+02  0.154872E+00
  0.106942E+01  0.120606E+02  0.155804E+00
  0.107170E+01  0.121628E+02  0.155534E+00
  0.107398E+01  0.118794E+02  0.155147E+00
  0.107626E+01  0.116234E+02  0.154336E+00
  0.107854E+01  0.113719E+02  0.153557E+00
  0.108082E+01  0.116704E+02  0.154909E+00
  0.108310E+01  0.118019E+02  0.153849E+00
  0.108538E+01  0.118362E+02  0.154000E+00
  0.108766E+01  0.116913E+02  0.153269E+00
  0.108994E+01  0.113743E+02  0.152737E+00
  0.109222E+01  0.113377E+02  0.153699E+00
  0.109450E+01  0.112309E+02  0.152115E+00
  0.109678E+01  0.111196E+02  0.153246E+00
  0.109906E+01  0.108419E+02  0.152015E+00
  0.110134E+01  0.113406E+02  0.152026E+00
  0.110363E+01  0.112000E+02  0.152331E+00
  0.110591E+01  0.113526E+02  0.150417E+00
  0.110819E+01  0.109364E+02  0.152579E+00
  0.111047E+01  0.109266E+02  0.150966E+00
  0.111275E+01  0.108338E+02  0.151877E+00
  0.111503E+01  0.108255E+02  0.150594E+00
  0.111731E+01  0.105730E+02  0.149475E+00
  0.111959E+01  0.105121E+02  0.151431E+00
  0.112187E+01  0.104602E+02  0.149920E+00
  0.112415E+01  0.106102E+02  0.150709E+00
  0.112643E+01  0.104500E+02  0.149510E+00
  0.112871E+01  0.106709E+02  0.149406E+00
  0.113099E+01  0.105783E+02  0.150242E+00
  0.113327E+01  0.102900E+02  0.148446E+00
  0.113555E+01  0.107728E+02  0.149385E+00
  0.113784E+01  0.106645E+02  0.149216E+00
  0.114012E+01  0.106764E+02  0.148985E+00
  0.114240E+01  0.103400E+02  0.148965E+00
  0.114468E+01  0.100626E+02  0.147599E+00
  0.114696E+01  0.972957E+01  0.148453E+00
  0.114924E+01  0.965404E+01  0.147568E+00
  0.115152E+01  0.974064E+01  0.148202E+00
  0.115380E+01  0.100440E+02  0.147937E+00
  0.115608E+01  0.102953E+02  0.146911E+00
  0.115836E+01  0.975638E+01  0.147751E+00
  0.116064E+01  0.961915E+01  0.146014E+00
  0.116292E+01  0.948681E+01  0.146965E+00
  0.116520E+01  0.973723E+01  0.146361E+00
  0.116748E+01  0.987149E+01  0.146764E+00
  0.116977E+01  0.968617E+01  0.146665E+00
  0.117205E+01  0.950894E+01  0.145214E+00
  0.117433E+01  0.930319E+01  0.145769E+00
  0.117661E+01  0.948936E+01  0.145803E+00
  0.117889E+01  0.929915E+01  0.145800E+00
  0.118117E+01  0.944319E+01  0.146002E+00
  0.118345E+01  0.895894E+01  0.144060E+00
  0.118573E+01  0.933957E+01  0.146413E+00
  0.118801E+01  0.920723E+01  0.143704E+00
  0.119029E+01  0.911234E+01  0.144677E+00
  0.119257E+01  0.906255E+01  0.144600E+00
  0.119485E+01  0.896021E+01  0.143710E+00
  0.119713E+01  0.887872E+01  0.145106E+00
  0.119941E+01  0.897596E+01  0.142705E+00
  0.120169E+01  0.883213E+01  0.143941E+00
  0.120398E+01  0.890298E+01  0.143032E+00
  0.120626E+01  0.874511E+01  0.143314E+00
  0.120854E+01  0.868000E+01  0.144106E+00
  0.121082E+01  0.844957E+01  0.142597E+00
  0.121310E+01  0.862043E+01  0.142867E+00
  0.121538E+01  0.843447E+01  0.142109E+00
  0.121766E+01  0.875489E+01  0.142730E+00
  0.121994E+01  0.840128E+01  0.142194E+00
  0.122222E+01  0.825979E+01  0.141634E+00
  0.122450E+01  0.811957E+01  0.142381E+00
  0.122678E+01  0.845319E+01  0.141854E+00
  0.122906E+01  0.824064E+01  0.141585E+00
  0.123134E+01  0.816660E+01  0.140769E+00
  0.123362E+01  0.845404E+01  0.141784E+00
  0.123591E+01  0.853553E+01  0.141788E+00
  0.123819E+01  0.841064E+01  0.141139E+00
  0.124047E+01  0.812489E+01  0.140744E+00
  0.124275E+01  0.803681E+01  0.140578E+00
  0.124503E+01  0.807426E+01  0.140533E+00
  0.124731E+01  0.772170E+01  0.140033E+00
  0.124959E+01  0.807106E+01  0.140208E+00
  0.125187E+01  0.811660E+01  0.140744E+00
  0.125415E+01  0.814447E+01  0.139799E+00
  0.125643E+01  0.818894E+01  0.140469E+00
  0.125871E+01  0.782319E+01  0.139252E+00
  0.126099E+01  0.806404E+01  0.139098E+00
  0.126327E+01  0.818660E+01  0.140196E+00
  0.126555E+01  0.779957E+01  0.139247E+00
  0.126783E+01  0.758596E+01  0.139330E+00
  0.127012E+01  0.787170E+01  0.138050E+00
  0.127240E+01  0.804702E+01  0.139039E+00
  0.127468E+01  0.771064E+01  0.138703E+00
  0.127696E+01  0.756085E+01  0.138576E+00
  0.127924E+01  0.759277E+01  0.139194E+00
  0.128152E+01  0.747277E+01  0.136946E+00
  0.128380E+01  0.745404E+01  0.138580E+00
  0.128608E+01  0.755255E+01  0.138342E+00
  0.128836E+01  0.749000E+01  0.137064E+00
  0.129064E+01  0.701085E+01  0.137962E+00
  0.129292E+01  0.683213E+01  0.136365E+00
  0.129520E+01  0.693830E+01  0.137662E+00
  0.129748E+01  0.748872E+01  0.136838E+00
  0.129976E+01  0.756915E+01  0.136971E+00
  0.130205E+01  0.711128E+01  0.137533E+00
  0.130433E+01  0.715298E+01  0.136243E+00
  0.130661E+01  0.701340E+01  0.137111E+00
  0.130889E+01  0.719957E+01  0.135949E+00
  0.131117E+01  0.716213E+01  0.136520E+00
  0.131345E+01  0.688532E+01  0.136646E+00
  0.131573E+01  0.703085E+01  0.135944E+00
  0.131801E+01  0.688064E+01  0.136017E+00
  0.132029E+01  0.705638E+01  0.134979E+00
  0.132257E+01  0.678979E+01  0.136209E+00
  0.132485E+01  0.667745E+01  0.135574E+00
  0.132713E+01  0.705809E+01  0.135263E+00
  0.132941E+01  0.687787E+01  0.135114E+00
  0.133169E+01  0.707085E+01  0.134708E+00
  0.133397E+01  0.709723E+01  0.135972E+00
  0.133626E+01  0.660532E+01  0.134474E+00
  0.133854E+01  0.640915E+01  0.134591E+00
  0.134082E+01  0.672234E+01  0.135283E+00
  0.134310E+01  0.680638E+01  0.133951E+00
  0.134538E+01  0.651489E+01  0.135100E+00
  0.134766E+01  0.662638E+01  0.133398E+00
  0.134994E+01  0.658000E+01  0.134893E+00
  0.135222E+01  0.656277E+01  0.134215E+00
  0.135450E+01  0.651766E+01  0.133083E+00
  0.135678E+01  0.663511E+01  0.134145E+00
  0.135906E+01  0.642574E+01  0.132553E+00
  0.136134E+01  0.663702E+01  0.134256E+00
  0.136362E+01  0.657128E+01  0.133346E+00
  0.136590E+01  0.669170E+01  0.133029E+00
  0.136818E+01  0.644511E+01  0.133393E+00
  0.137047E+01  0.606617E+01  0.132347E+00
  0.137275E+01  0.633511E+01  0.134051E+00
  0.137503E+01  0.633660E+01  0.132186E+00
  0.137731E+01  0.605723E+01  0.132453E+00
  0.137959E+01  0.603489E+01  0.132891E+00
  0.138187E+01  0.615830E+01  0.131968E+00
  0.138415E+01  0.625532E+01  0.132355E+00
  0.138643E+01  0.642170E+01  0.131080E+00
  0.138871E+01  0.644851E+01  0.132747E+00
  0.139099E+01  0.616702E+01  0.132322E+00
  0.139327E+01  0.614787E+01  0.131655E+00
  0.139555E+01  0.610936E+01  0.131441E+00
  0.139783E+01  0.600064E+01  0.131491E+00
  0.140011E+01  0.596064E+01  0.131468E+00
  0.140240E+01  0.620894E+01  0.131568E+00
  0.140468E+01  0.596723E+01  0.131065E+00
  0.140696E+01  0.641404E+01  0.131789E+00
  0.140924E+01  0.615085E+01  0.130817E+00
  0.141152E+01  0.580277E+01  0.131214E+00
  0.141380E+01  0.598191E+01  0.130085E+00
  0.141608E+01  0.587532E+01  0.130546E+00
  0.141836E+01  0.618128E+01  0.131310E+00
  0.142064E+01  0.596957E+01  0.130300E+00
  0.142292E+01  0.589787E+01  0.130611E+00
  0.142520E+01  0.572617E+01  0.129737E+00
  0.142748E+01  0.569766E+01  0.130223E+00
  0.142976E+01  0.598255E+01  0.130015E+00
  0.143204E+01  0.586681E+01  0.129584E+00
  0.143432E+01  0.528021E+01  0.130074E+00
  0.143661E+01  0.559766E+01  0.129263E+00
  0.143889E+01  0.560766E+01  0.129947E+00
  0.144117E+01  0.577766E+01  0.129011E+00
  0.144345E+01  0.568085E+01  0.129207E+00
  0.144573E+01  0.588511E+01  0.129819E+00
  0.144801E+01  0.556511E+01  0.128941E+00
  0.145029E+01  0.579234E+01  0.129929E+00
  0.145257E+01  0.565872E+01  0.128223E+00
  0.145485E+01  0.579468E+01  0.128782E+00
  0.145713E+01  0.545319E+01  0.128617E+00
  0.145941E+01  0.516957E+01  0.128629E+00
  0.146169E+01  0.502383E+01  0.128355E+00
  0.146397E+01  0.510170E+01  0.127892E+00
  0.146625E+01  0.532553E+01  0.128791E+00
  0.146854E+01  0.528872E+01  0.127437E+00
  0.147082E+01  0.532702E+01  0.128213E+00
  0.147310E+01  0.529894E+01  0.127834E+00
  0.147538E+01  0.538255E+01  0.127921E+00
  0.147766E+01  0.536574E+01  0.127943E+00
  0.147994E+01  0.549085E+01  0.127497E+00
  0.148222E+01  0.566447E+01  0.128178E+00
  0.148450E+01  0.551596E+01  0.126733E+00
  0.148678E+01  0.548064E+01  0.127853E+00
  0.148906E+01  0.536362E+01  0.128045E+00
  0.149134E+01  0.525660E+01  0.126163E+00
  0.149362E+01  0.490362E+01  0.127561E+00
  0.149590E+01  0.501745E+01  0.126331E+00
  0.149818E+01  0.523723E+01  0.127266E+00
  0.150046E+01  0.513447E+01  0.126539E+00
  0.150275E+01  0.481553E+01  0.126509E+00
  0.150503E+01  0.501915E+01  0.127557E+00
  0.150731E+01  0.486064E+01  0.125886E+00
  0.150959E+01  0.499170E+01  0.126602E+00
  0.151187E+01  0.491085E+01  0.126277E+00
  0.151415E+01  0.487894E+01  0.125737E+00
  0.151643E+01  0.496234E+01  0.126870E+00
  0.151871E+01  0.515574E+01  0.125823E+00
  0.152099E+01  0.485404E+01  0.126189E+00
  0.152327E+01  0.466426E+01  0.125582E+00
  0.152555E+01  0.513979E+01  0.125308E+00
  0.152783E+01  0.514936E+01  0.126765E+00
  0.153011E+01  0.499830E+01  0.124698E+00
  0.153239E+01  0.496149E+01  0.126098E+00
  0.153468E+01  0.468043E+01  0.125147E+00
  0.153696E+01  0.487383E+01  0.125626E+00
  0.153924E+01  0.474936E+01  0.125360E+00
  0.154152E+01  0.447447E+01  0.124195E+00
  0.154380E+01  0.451340E+01  0.125507E+00
  0.154608E+01  0.469255E+01  0.124592E+00
  0.154836E+01  0.463362E+01  0.124882E+00
  0.155064E+01  0.456872E+01  0.124466E+00
  0.155292E+01  0.483085E+01  0.124562E+00
  0.155520E+01  0.464979E+01  0.124959E+00
  0.155748E+01  0.456447E+01  0.124349E+00
  0.155976E+01  0.476298E+01  0.124792E+00
  0.156204E+01  0.462809E+01  0.123810E+00
  0.156432E+01  0.459404E+01  0.124301E+00
  0.156660E+01  0.463362E+01  0.124866E+00
  0.156889E+01  0.487830E+01  0.123094E+00
  0.157117E+01  0.459957E+01  0.124257E+00
  0.157345E+01  0.424426E+01  0.123415E+00
  0.157573E+01  0.456681E+01  0.124399E+00
  0.157801E+01  0.456319E+01  0.123596E+00
  0.158029E+01  0.450128E+01  0.123315E+00
  0.158257E+01  0.429064E+01  0.123470E+00
  0.158485E+01  0.451766E+01  0.122877E+00
  0.158713E+01  0.435106E+01  0.123597E+00
  0.158941E+01  0.459553E+01  0.123003E+00
  0.159169E+01  0.444213E+01  0.123468E+00
  0.159397E+01  0.435489E+01  0.123541E+00
  0.159625E+01  0.400766E+01  0.122164E+00
  0.159853E+01  0.413660E+01  0.123108E+00
  0.160081E+01  0.402255E+01  0.122284E+00
  0.160310E+01  0.424191E+01  0.122967E+00
  0.160538E+01  0.427298E+01  0.123167E+00
  0.160766E+01  0.419170E+01  0.121885E+00
  0.160994E+01  0.422745E+01  0.122703E+00
  0.161222E+01  0.451787E+01  0.121935E+00
  0.161450E+01  0.428872E+01  0.122827E+00
  0.161678E+01  0.425830E+01  0.122158E+00
  0.161906E+01  0.427872E+01  0.121978E+00
  0.162134E+01  0.445894E+01  0.122573E+00
  0.162362E+01  0.403596E+01  0.121740E+00
  0.162590E+01  0.406702E+01  0.121954E+00
  0.162818E+01  0.379702E+01  0.121265E+00
  0.163046E+01  0.398851E+01  0.121981E+00
  0.163274E+01  0.395766E+01  0.121870E+00
  0.163503E+01  0.396915E+01  0.121217E+00
  0.163731E+01  0.383596E+01  0.121630E+00
  0.163959E+01  0.403021E+01  0.120591E+00
  0.164187E+01  0.421170E+01  0.122173E+00
  0.164415E+01  0.422894E+01  0.121518E+00
  0.164643E+01  0.393255E+01  0.120506E+00
  0.164871E+01  0.378021E+01  0.121441E+00
  0.165099E+01  0.416511E+01  0.120838E+00
  0.165327E+01  0.417723E+01  0.121623E+00
  0.165555E+01  0.420617E+01  0.120039E+00
  0.165783E+01  0.393787E+01  0.120752E+00
  0.166011E+01  0.380617E+01  0.120963E+00
  0.166239E+01  0.369128E+01  0.120654E+00
  0.166467E+01  0.383021E+01  0.120932E+00
  0.166695E+01  0.399723E+01  0.119606E+00
  0.166924E+01  0.370532E+01  0.120725E+00
  0.167152E+01  0.394574E+01  0.120450E+00
  0.167380E+01  0.410596E+01  0.120443E+00
  0.167608E+01  0.422489E+01  0.120577E+00
  0.167836E+01  0.400957E+01  0.119550E+00
  0.168064E+01  0.360915E+01  0.119910E+00
  0.168292E+01  0.369149E+01  0.119853E+00
  0.168520E+01  0.354638E+01  0.119640E+00
  0.168748E+01  0.346340E+01  0.119877E+00
  0.168976E+01  0.374915E+01  0.119400E+00
  0.169204E+01  0.384298E+01  0.120372E+00
  0.169432E+01  0.376617E+01  0.118961E+00
  0.169660E+01  0.368319E+01  0.119350E+00
  0.169888E+01  0.372936E+01  0.119654E+00
  0.170117E+01  0.364000E+01  0.119564E+00
  0.170345E+01  0.378660E+01  0.119600E+00
  0.170573E+01  0.353489E+01  0.118319E+00
  0.170801E+01  0.368404E+01  0.119503E+00
  0.171029E+01  0.377702E+01  0.119116E+00
  0.171257E+01  0.369660E+01  0.119096E+00
  0.171485E+01  0.365553E+01  0.119126E+00
  0.171713E+01  0.367936E+01  0.118577E+00
  0.171941E+01  0.331064E+01  0.119287E+00
  0.172169E+01  0.351787E+01  0.118107E+00
  0.172397E+01  0.358085E+01  0.118513E+00
  0.172625E+01  0.360936E+01  0.118774E+00
  0.172853E+01  0.321362E+01  0.118220E+00
  0.173081E+01  0.310553E+01  0.119122E+00
  0.173309E+01  0.346319E+01  0.117274E+00
  0.173538E+01  0.356489E+01  0.118675E+00
  0.173766E+01  0.367532E+01  0.118436E+00
  0.173994E+01  0.353957E+01  0.118021E+00
  0.174222E+01  0.323979E+01  0.118529E+00
  0.174450E+01  0.319532E+01  0.117305E+00
  0.174678E+01  0.342149E+01  0.118636E+00
  0.174906E+01  0.340404E+01  0.117655E+00
  0.175134E+01  0.351064E+01  0.117570E+00
  0.175362E+01  0.367872E+01  0.117923E+00
  0.175590E+01  0.335298E+01  0.117454E+00
  0.175818E+01  0.332128E+01  0.118184E+00
  0.176046E+01  0.321681E+01  0.117070E+00
  0.176274E+01  0.330830E+01  0.117379E+00
  0.176502E+01  0.323255E+01  0.117608E+00
  0.176731E+01  0.321319E+01  0.116967E+00
  0.176959E+01  0.305404E+01  0.118198E+00
  0.177187E+01  0.291277E+01  0.116072E+00
  0.177415E+01  0.296298E+01  0.117106E+00
  0.177643E+01  0.318362E+01  0.117081E+00
  0.177871E+01  0.320340E+01  0.116688E+00
  0.178099E+01  0.320085E+01  0.117063E+00
  0.178327E+01  0.319213E+01  0.116996E+00
  0.178555E+01  0.315915E+01  0.117114E+00
  0.178783E+01  0.321043E+01  0.116566E+00
  0.179011E+01  0.304043E+01  0.116499E+00
  0.179239E+01  0.319340E+01  0.116250E+00
  0.179467E+01  0.289213E+01  0.116347E+00
  0.179695E+01  0.303383E+01  0.117078E+00
  0.179923E+01  0.297489E+01  0.115949E+00
  0.180152E+01  0.312596E+01  0.116290E+00
  0.180380E+01  0.326383E+01  0.116632E+00
  0.180608E+01  0.311809E+01  0.116044E+00
  0.180836E+01  0.317617E+01  0.116842E+00
  0.181064E+01  0.323191E+01  0.115277E+00
  0.181292E+01  0.300128E+01  0.116595E+00
  0.181520E+01  0.326723E+01  0.115825E+00
  0.181748E+01  0.287638E+01  0.116010E+00
  0.181976E+01  0.288979E+01  0.115579E+00
  0.182204E+01  0.289638E+01  0.115247E+00
  0.182432E+01  0.285170E+01  0.116040E+00
  0.182660E+01  0.297617E+01  0.115336E+00
  0.182888E+01  0.293979E+01  0.115956E+00
  0.183116E+01  0.326128E+01  0.115524E+00
  0.183344E+01  0.315426E+01  0.115662E+00
  0.183573E+01  0.277149E+01  0.115537E+00
  0.183801E+01  0.266553E+01  0.114545E+00
  0.184029E+01  0.273660E+01  0.115705E+00
  0.184257E+01  0.289723E+01  0.115305E+00
  0.184485E+01  0.284894E+01  0.115104E+00
  0.184713E+01  0.278787E+01  0.115460E+00
  0.184941E+01  0.277872E+01  0.114144E+00
  0.185169E+01  0.307170E+01  0.115504E+00
  0.185397E+01  0.312532E+01  0.114659E+00
  0.185625E+01  0.308553E+01  0.115535E+00
  0.185853E+01  0.303106E+01  0.114992E+00
  0.186081E+01  0.285489E+01  0.114512E+00
  0.186309E+01  0.279447E+01  0.115004E+00
  0.186537E+01  0.282468E+01  0.114275E+00
  0.186766E+01  0.293979E+01  0.114935E+00
  0.186994E+01  0.258404E+01  0.114227E+00
  0.187222E+01  0.254936E+01  0.114423E+00
  0.187450E+01  0.273617E+01  0.114867E+00
  0.187678E+01  0.273638E+01  0.113946E+00
  0.187906E+01  0.269787E+01  0.114535E+00
  0.188134E+01  0.270340E+01  0.114145E+00
  0.188362E+01  0.263383E+01  0.114227E+00
  0.188590E+01  0.285128E+01  0.114524E+00
  0.188818E+01  0.279489E+01  0.113455E+00
  0.189046E+01  0.260979E+01  0.114645E+00
  0.189274E+01  0.285468E+01  0.113548E+00
  0.189502E+01  0.287191E+01  0.114479E+00
  0.189730E+01  0.278043E+01  0.114061E+00
  0.189958E+01  0.277979E+01  0.113561E+00
  0.190187E+01  0.279511E+01  0.114207E+00
  0.190415E+01  0.251681E+01  0.113508E+00
  0.190643E+01  0.241660E+01  0.113590E+00
  0.190871E+01  0.248319E+01  0.113044E+00
  0.191099E+01  0.265191E+01  0.113758E+00
  0.191327E+01  0.240106E+01  0.113908E+00
  0.191555E+01  0.258872E+01  0.113031E+00
  0.191783E+01  0.260574E+01  0.113825E+00
  0.192011E+01  0.265298E+01  0.113052E+00
  0.192239E+01  0.236489E+01  0.113414E+00
  0.192467E+01  0.216553E+01  0.113488E+00
  0.192695E+01  0.213404E+01  0.112490E+00
  0.192923E+01  0.229234E+01  0.113748E+00
  0.193151E+01  0.229277E+01  0.112379E+00
  0.193380E+01  0.237404E+01  0.113414E+00
  0.193608E+01  0.215128E+01  0.112366E+00
  0.193836E+01  0.217766E+01  0.112730E+00
  0.194064E+01  0.221191E+01  0.112890E+00
  0.194292E+01  0.233766E+01  0.112841E+00
  0.194520E+01  0.259787E+01  0.112995E+00
  0.194748E+01  0.224489E+01  0.111778E+00
  0.194976E+01  0.244362E+01  0.113147E+00
  0.195204E+01  0.236383E+01  0.112901E+00
  0.195432E+01  0.271234E+01  0.112333E+00
  0.195660E+01  0.240872E+01  0.112797E+00
  0.195888E+01  0.251872E+01  0.111949E+00
  0.196116E+01  0.234106E+01  0.112617E+00
  0.196344E+01  0.237298E+01  0.112588E+00
  0.196572E+01  0.226128E+01  0.111863E+00
  0.196801E+01  0.195404E+01  0.112780E+00
  0.197029E+01  0.211383E+01  0.111487E+00
  0.197257E+01  0.199170E+01  0.112611E+00
  0.197485E+01  0.203915E+01  0.111445E+00
  0.197713E+01  0.212809E+01  0.111769E+00
  0.197941E+01  0.221787E+01  0.112307E+00
  0.198169E+01  0.250702E+01  0.111943E+00
  0.198397E+01  0.222340E+01  0.111975E+00
  0.198625E+01  0.186766E+01  0.111168E+00
  0.198853E+01  0.236681E+01  0.112001E+00
  0.199081E+01  0.236106E+01  0.112437E+00
  0.199309E+01  0.221617E+01  0.110969E+00
  0.199537E+01  0.237319E+01  0.112305E+00
  0.199765E+01  0.196426E+01  0.111185E+00
  0.199994E+01  0.211681E+01  0.111843E+00
  0.200222E+01  0.199213E+01  0.111509E+00
  0.200450E+01  0.205574E+01  0.110859E+00
  0.200678E+01  0.224319E+01  0.112185E+00
  0.200906E+01  0.212362E+01  0.111126E+00
  0.201134E+01  0.209532E+01  0.111735E+00
  0.201362E+01  0.188319E+01  0.110627E+00
  0.201590E+01  0.196979E+01  0.111060E+00
  0.201818E+01  0.192468E+01  0.111252E+00
  0.202046E+01  0.219787E+01  0.110973E+00
  0.202274E+01  0.220723E+01  0.111407E+00
  0.202502E+01  0.191170E+01  0.110464E+00
  0.202730E+01  0.194979E+01  0.111197E+00
  0.202958E+01  0.198404E+01  0.110907E+00
  0.203186E+01  0.207681E+01  0.110451E+00
  0.203415E+01  0.202043E+01  0.110812E+00
  0.203643E+01  0.235872E+01  0.110972E+00
  0.203871E+01  0.201851E+01  0.111217E+00
  0.204099E+01  0.207064E+01  0.110462E+00
  0.204327E+01  0.216404E+01  0.110383E+00
  0.204555E+01  0.214787E+01  0.110622E+00
  0.204783E+01  0.208617E+01  0.110414E+00
  0.205011E+01  0.195766E+01  0.110932E+00
  0.205239E+01  0.202830E+01  0.110039E+00
  0.205467E+01  0.188383E+01  0.110569E+00
  0.205695E+01  0.207617E+01  0.110488E+00
  0.205923E+01  0.202787E+01  0.110278E+00
  0.206151E+01  0.190191E+01  0.110327E+00
  0.206379E+01  0.207426E+01  0.109865E+00
  0.206607E+01  0.209447E+01  0.110638E+00
  0.206836E+01  0.188170E+01  0.110139E+00
  0.207064E+01  0.174213E+01  0.109712E+00
  0.207292E+01  0.177447E+01  0.109842E+00
  0.207520E+01  0.184553E+01  0.109642E+00
  0.207748E+01  0.194319E+01  0.110304E+00
  0.207976E+01  0.220298E+01  0.109865E+00
  0.208204E+01  0.202745E+01  0.110020E+00
  0.208432E+01  0.188340E+01  0.109989E+00
  0.208660E+01  0.172021E+01  0.109526E+00
  0.208888E+01  0.191383E+01  0.110053E+00
  0.209116E+01  0.189702E+01  0.108961E+00
  0.209344E+01  0.185745E+01  0.109930E+00
  0.209572E+01  0.190872E+01  0.109585E+00
  0.209800E+01  0.192809E+01  0.109820E+00
  0.210029E+01  0.202872E+01  0.109642E+00
  0.210257E+01  0.185957E+01  0.108897E+00
  0.210485E+01  0.155915E+01  0.109670E+00
  0.210713E+01  0.186809E+01  0.109390E+00
  0.210941E+01  0.180681E+01  0.109364E+00
  0.211169E+01  0.188936E+01  0.109380E+00
  0.211397E+01  0.183809E+01  0.108905E+00
  0.211625E+01  0.173830E+01  0.109544E+00
  0.211853E+01  0.165383E+01  0.108438E+00
  0.212081E+01  0.170170E+01  0.109305E+00
  0.212309E+01  0.167149E+01  0.109218E+00
  0.212537E+01  0.172426E+01  0.108723E+00
  0.212765E+01  0.166553E+01  0.109269E+00
  0.212993E+01  0.199085E+01  0.108453E+00
  0.213221E+01  0.159745E+01  0.109185E+00
  0.213450E+01  0.181681E+01  0.108669E+00
  0.213678E+01  0.206809E+01  0.109432E+00
  0.213906E+01  0.189915E+01  0.108563E+00
  0.214134E+01  0.186021E+01  0.108417E+00
  0.214362E+01  0.192957E+01  0.109136E+00
  0.214590E+01  0.189638E+01  0.108380E+00
  0.214818E+01  0.178000E+01  0.109018E+00
  0.215046E+01  0.128979E+01  0.108289E+00
  0.215274E+01  0.140681E+01  0.108217E+00
  0.215502E+01  0.170000E+01  0.109045E+00
  0.215730E+01  0.179106E+01  0.107782E+00
  0.215958E+01  0.142851E+01  0.108677E+00
  0.216186E+01  0.145426E+01  0.108310E+00
  0.216414E+01  0.161064E+01  0.108161E+00
  0.216643E+01  0.160128E+01  0.108447E+00
  0.216871E+01  0.184404E+01  0.107928E+00
  0.217099E+01  0.192894E+01  0.108835E+00
  0.217327E+01  0.192468E+01  0.107989E+00
  0.217555E+01  0.188596E+01  0.108843E+00
  0.217783E+01  0.161957E+01  0.107924E+00
  0.218011E+01  0.171383E+01  0.108056E+00
  0.218239E+01  0.165830E+01  0.108532E+00
  0.218467E+01  0.175851E+01  0.107546E+00
  0.218695E+01  0.159957E+01  0.108021E+00
  0.218923E+01  0.145957E+01  0.107536E+00
  0.219151E+01  0.170936E+01  0.108043E+00
  0.219379E+01  0.149021E+01  0.108346E+00
  0.219607E+01  0.151340E+01  0.107050E+00
  0.219835E+01  0.186596E+01  0.108007E+00
  0.220064E+01  0.181468E+01  0.107533E+00
  0.220292E+01  0.161426E+01  0.107892E+00
  0.220520E+01  0.148298E+01  0.107711E+00
  0.220748E+01  0.147170E+01  0.107125E+00
  0.220976E+01  0.166085E+01  0.108054E+00
  0.221204E+01  0.158532E+01  0.107102E+00
  0.221432E+01  0.152128E+01  0.107693E+00
  0.221660E+01  0.146021E+01  0.107199E+00
  0.221888E+01  0.152191E+01  0.107113E+00
  0.222116E+01  0.187404E+01  0.108111E+00
  0.222344E+01  0.179043E+01  0.107257E+00
  0.222572E+01  0.150511E+01  0.107238E+00
  0.222800E+01  0.156787E+01  0.107098E+00
  0.223028E+01  0.139511E+01  0.106899E+00
  0.223257E+01  0.129468E+01  0.107397E+00
  0.223485E+01  0.140979E+01  0.106826E+00
  0.223713E+01  0.161511E+01  0.107452E+00
  0.223941E+01  0.135064E+01  0.107914E+00
  0.224169E+01  0.173404E+01  0.108777E+00
  0.224397E+01  0.145277E+01  0.109649E+00
  0.224625E+01  0.156574E+01  0.109283E+00
  0.224853E+01  0.165532E+01  0.110717E+00
  0.225081E+01  0.149979E+01  0.110180E+00
  0.225309E+01  0.160809E+01  0.110933E+00
  0.225537E+01  0.147383E+01  0.110361E+00
  0.225765E+01  0.155170E+01  0.110462E+00
  0.225993E+01  0.150681E+01  0.110965E+00
  0.226221E+01  0.158809E+01  0.110708E+00
  0.226449E+01  0.139362E+01  0.110679E+00
  0.226678E+01  0.162468E+01  0.110414E+00
  0.226906E+01  0.150468E+01  0.110946E+00
  0.227134E+01  0.153213E+01  0.110830E+00
  0.227362E+01  0.131638E+01  0.110101E+00
  0.227590E+01  0.117894E+01  0.110829E+00
  0.227818E+01  0.140000E+01  0.110225E+00
  0.228046E+01  0.117362E+01  0.110866E+00
  0.228274E+01  0.125319E+01  0.110742E+00
  0.228502E+01  0.143681E+01  0.110064E+00
  0.228730E+01  0.127596E+01  0.111042E+00
  0.228958E+01  0.139787E+01  0.110036E+00
  0.229186E+01  0.106979E+01  0.110791E+00
  0.229414E+01  0.108128E+01  0.109988E+00
  0.229642E+01  0.138915E+01  0.110490E+00
  0.229870E+01  0.108660E+01  0.110310E+00
  0.230099E+01  0.150298E+01  0.110435E+00
  0.230327E+01  0.169660E+01  0.110745E+00
  0.230555E+01  0.113043E+01  0.109998E+00
  0.230783E+01  0.114787E+01  0.110957E+00
  0.231011E+01  0.103830E+01  0.110331E+00
  0.231239E+01  0.102660E+01  0.110010E+00
  0.231467E+01  0.129532E+01  0.110904E+00
  0.231695E+01  0.121021E+01  0.109733E+00
  0.231923E+01  0.140979E+01  0.110855E+00
  0.232151E+01  0.118766E+01  0.110060E+00
  0.232379E+01  0.139830E+01  0.110301E+00
  0.232607E+01  0.142489E+01  0.110654E+00
  0.232835E+01  0.137213E+01  0.109948E+00
  0.233063E+01  0.130681E+01  0.110574E+00
  0.233292E+01  0.831915E+00  0.109497E+00
  0.233520E+01  0.102085E+01  0.110726E+00
  0.233748E+01  0.118596E+01  0.110469E+00
  0.233976E+01  0.151064E+01  0.109786E+00
  0.234204E+01  0.128511E+01  0.110479E+00
  0.234432E+01  0.128638E+01  0.109387E+00
  0.234660E+01  0.128298E+01  0.110400E+00
  0.234888E+01  0.119830E+01  0.110525E+00
  0.235116E+01  0.119617E+01  0.109288E+00
  0.235344E+01  0.111979E+01  0.110301E+00
  0.235572E+01  0.153532E+01  0.109621E+00
  0.235800E+01  0.131149E+01  0.110591E+00
  0.236028E+01  0.109106E+01  0.109697E+00
  0.236256E+01  0.120213E+01  0.109703E+00
  0.236484E+01  0.121979E+01  0.110269E+00
  0.236713E+01  0.119106E+01  0.109230E+00
  0.236941E+01  0.120255E+01  0.110258E+00
  0.237169E+01  0.130426E+01  0.109352E+00
  0.237397E+01  0.113553E+01  0.109969E+00
  0.237625E+01  0.121234E+01  0.109996E+00
  0.237853E+01  0.109404E+01  0.109623E+00
  0.238081E+01  0.871915E+00  0.109704E+00
  0.238309E+01  0.953617E+00  0.109018E+00
  0.238537E+01  0.968936E+00  0.109775E+00
  0.238765E+01  0.111234E+01  0.109567E+00
  0.238993E+01  0.116149E+01  0.109529E+00
  0.239221E+01  0.886596E+00  0.109500E+00
  0.239449E+01  0.120489E+01  0.109238E+00
  0.239677E+01  0.129255E+01  0.109896E+00
  0.239906E+01  0.127660E+01  0.109149E+00
  0.240134E+01  0.125702E+01  0.109544E+00
  0.240362E+01  0.113191E+01  0.109491E+00
  0.240590E+01  0.110362E+01  0.109257E+00
  0.240818E+01  0.120957E+01  0.109721E+00
  0.241046E+01  0.958936E+00  0.108535E+00
  0.241274E+01  0.919787E+00  0.109726E+00
  0.241502E+01  0.915745E+00  0.109166E+00
  0.241730E+01  0.100681E+01  0.109127E+00
  0.241958E+01  0.916383E+00  0.109486E+00
  0.242186E+01  0.100809E+01  0.108804E+00
  0.242414E+01  0.122936E+01  0.109693E+00
  0.242642E+01  0.939574E+00  0.108811E+00
  0.242870E+01  0.121319E+01  0.109190E+00
  0.243098E+01  0.134553E+01  0.109391E+00
  0.243327E+01  0.133702E+01  0.108990E+00
  0.243555E+01  0.861489E+00  0.109750E+00
  0.243783E+01  0.962553E+00  0.108337E+00
  0.244011E+01  0.124255E+01  0.108985E+00
  0.244239E+01  0.961915E+00  0.109253E+00
  0.244467E+01  0.877872E+00  0.108707E+00
  0.244695E+01  0.128426E+01  0.109703E+00
  0.244923E+01  0.136809E+01  0.108625E+00
  0.245151E+01  0.111340E+01  0.109274E+00
  0.245379E+01  0.887447E+00  0.108781E+00
  0.245607E+01  0.130915E+01  0.109021E+00
  0.245835E+01  0.132234E+01  0.109034E+00
  0.246063E+01  0.940851E+00  0.108450E+00
  0.246291E+01  0.704681E+00  0.109091E+00
  0.246520E+01  0.849362E+00  0.108846E+00
  0.246748E+01  0.104043E+01  0.108499E+00
  0.246976E+01  0.134553E+01  0.109229E+00
  0.247204E+01  0.117596E+01  0.108846E+00
  0.247432E+01  0.979574E+00  0.109354E+00
  0.247660E+01  0.103660E+01  0.108039E+00
  0.247888E+01  0.116660E+01  0.108994E+00
  0.248116E+01  0.964468E+00  0.108481E+00
  0.248344E+01  0.119596E+01  0.108912E+00
  0.248572E+01  0.116660E+01  0.108835E+00
  0.248800E+01  0.978298E+00  0.107956E+00
  0.249028E+01  0.103511E+01  0.108846E+00
  0.249256E+01  0.802979E+00  0.108356E+00
  0.249484E+01  0.884468E+00  0.108478E+00
  0.249712E+01  0.967021E+00  0.108487E+00
  0.249941E+01  0.121149E+01  0.108237E+00
  0.250169E+01  0.105340E+01  0.109014E+00
  0.250397E+01  0.108532E+01  0.108369E+00
  0.250625E+01  0.114723E+01  0.108461E+00
  0.250853E+01  0.749574E+00  0.108309E+00
  0.251081E+01  0.111191E+01  0.108363E+00
  0.251309E+01  0.123170E+01  0.108918E+00
  0.251537E+01  0.987021E+00  0.107663E+00
  0.251765E+01  0.898723E+00  0.108408E+00
  0.251993E+01  0.788298E+00  0.107931E+00
  0.252221E+01  0.110170E+01  0.108771E+00
  0.252449E+01  0.845745E+00  0.108242E+00
  0.252677E+01  0.989362E+00  0.107630E+00
  0.252905E+01  0.847234E+00  0.108691E+00
  0.253133E+01  0.102809E+01  0.107888E+00
  0.253362E+01  0.107851E+01  0.108473E+00
  0.253590E+01  0.106894E+01  0.107859E+00
  0.253818E+01  0.108638E+01  0.108063E+00
  0.254046E+01  0.858298E+00  0.108582E+00
  0.254274E+01  0.723617E+00  0.107589E+00
  0.254502E+01  0.624681E+00  0.108065E+00
  0.254730E+01  0.973830E+00  0.107660E+00
  0.254958E+01  0.101596E+01  0.108254E+00
  0.255186E+01  0.104255E+01  0.108290E+00
  0.255414E+01  0.766170E+00  0.107165E+00
  0.255642E+01  0.106936E+01  0.108278E+00
  0.255870E+01  0.954468E+00  0.107572E+00
  0.256098E+01  0.819574E+00  0.108257E+00
  0.256326E+01  0.834043E+00  0.107702E+00
  0.256555E+01  0.807234E+00  0.107082E+00
  0.256783E+01  0.755532E+00  0.108381E+00
  0.257011E+01  0.822979E+00  0.107294E+00
  0.257239E+01  0.759362E+00  0.107670E+00
  0.257467E+01  0.881702E+00  0.107698E+00
  0.257695E+01  0.833191E+00  0.107179E+00
  0.257923E+01  0.810851E+00  0.108237E+00
  0.258151E+01  0.823617E+00  0.106897E+00
  0.258379E+01  0.801489E+00  0.107784E+00
  0.258607E+01  0.587021E+00  0.106964E+00
  0.258835E+01  0.686809E+00  0.107257E+00
  0.259063E+01  0.538298E+00  0.107844E+00
  0.259291E+01  0.791277E+00  0.106779E+00
  0.259519E+01  0.831915E+00  0.107496E+00
  0.259747E+01  0.864894E+00  0.106666E+00
  0.259976E+01  0.114191E+01  0.107709E+00
  0.260204E+01  0.110106E+01  0.107558E+00
  0.260432E+01  0.962766E+00  0.106525E+00
  0.260660E+01  0.880851E+00  0.107584E+00
  0.260888E+01  0.104468E+01  0.106595E+00
  0.261116E+01  0.101787E+01  0.107129E+00
  0.261344E+01  0.856596E+00  0.106718E+00
  0.261572E+01  0.916170E+00  0.107015E+00
  0.261800E+01  0.891702E+00  0.107345E+00
  0.262028E+01  0.973191E+00  0.106300E+00
  0.262256E+01  0.821277E+00  0.106760E+00
  0.262484E+01  0.100596E+01  0.106137E+00
  0.262712E+01  0.948936E+00  0.106888E+00
  0.262940E+01  0.641489E+00  0.106866E+00
  0.263169E+01  0.884894E+00  0.106029E+00
  0.263397E+01  0.991702E+00  0.106897E+00
  0.263625E+01  0.675106E+00  0.105692E+00
  0.263853E+01  0.660000E+00  0.106714E+00
  0.264081E+01  0.748723E+00  0.105871E+00
  0.264309E+01  0.840000E+00  0.105962E+00
  0.264537E+01  0.889149E+00  0.106493E+00
  0.264765E+01  0.847234E+00  0.105636E+00
  0.264993E+01  0.865745E+00  0.106243E+00
  0.265221E+01  0.808085E+00  0.105227E+00
  0.265449E+01  0.925319E+00  0.106126E+00
  0.265677E+01  0.104936E+01  0.106234E+00
  0.265905E+01  0.821702E+00  0.105729E+00
  0.266133E+01  0.851489E+00  0.106150E+00
  0.266361E+01  0.104106E+01  0.104854E+00
  0.266590E+01  0.108723E+01  0.105883E+00
  0.266818E+01  0.960638E+00  0.106024E+00
  0.267046E+01  0.640638E+00  0.104944E+00
  0.267274E+01  0.758723E+00  0.105667E+00
  0.267502E+01  0.791277E+00  0.104761E+00
  0.267730E+01  0.920213E+00  0.105718E+00
  0.267958E+01  0.783617E+00  0.104803E+00
  0.268186E+01  0.761277E+00  0.104964E+00
  0.268414E+01  0.920000E+00  0.105308E+00
  0.268642E+01  0.762979E+00  0.105016E+00
  0.268870E+01  0.767872E+00  0.105054E+00
  0.269098E+01  0.785106E+00  0.104393E+00
  0.269326E+01  0.704255E+00  0.104534E+00
  0.269554E+01  0.798511E+00  0.104802E+00
  0.269783E+01  0.627660E+00  0.104382E+00
  0.270011E+01  0.680000E+00  0.104774E+00
  0.270239E+01  0.916809E+00  0.104009E+00
  0.270467E+01  0.735532E+00  0.104769E+00
  0.270695E+01  0.920213E+00  0.104170E+00
  0.270923E+01  0.667021E+00  0.103999E+00
  0.271151E+01  0.591702E+00  0.104147E+00
  0.271379E+01  0.887234E+00  0.103982E+00
  0.271607E+01  0.860213E+00  0.104635E+00
  0.271835E+01  0.975106E+00  0.103295E+00
  0.272063E+01  0.741702E+00  0.103762E+00
  0.272291E+01  0.461915E+00  0.103620E+00
  0.272519E+01  0.626809E+00  0.103347E+00
  0.272747E+01  0.975106E+00  0.103899E+00
  0.272975E+01  0.817447E+00  0.102956E+00
  0.273204E+01  0.103340E+01  0.103550E+00
  0.273432E+01  0.858936E+00  0.103127E+00
  0.273660E+01  0.103170E+01  0.102851E+00
  0.273888E+01  0.732340E+00  0.102778E+00
  0.274116E+01  0.649149E+00  0.102531E+00
  0.274344E+01  0.800426E+00  0.103294E+00
  0.274572E+01  0.614681E+00  0.102072E+00
  0.274800E+01  0.713191E+00  0.102232E+00
  0.275028E+01  0.706809E+00  0.102410E+00
  0.275256E+01  0.584681E+00  0.101869E+00
  0.275484E+01  0.670638E+00  0.102775E+00
  0.275712E+01  0.834468E+00  0.101583E+00
  0.275940E+01  0.790213E+00  0.101889E+00
  0.276168E+01  0.717021E+00  0.101687E+00
  0.276396E+01  0.730638E+00  0.101703E+00
  0.276625E+01  0.752979E+00  0.101999E+00
  0.276853E+01  0.620851E+00  0.100957E+00
  0.277081E+01  0.590426E+00  0.101532E+00
  0.277309E+01  0.466170E+00  0.101028E+00
  0.277537E+01  0.614043E+00  0.101122E+00
  0.277765E+01  0.911702E+00  0.101143E+00
  0.277993E+01  0.647660E+00  0.100622E+00
  0.278221E+01  0.811064E+00  0.101676E+00
  0.278449E+01  0.877660E+00  0.100627E+00
  0.278677E+01  0.912766E+00  0.100672E+00
  0.278905E+01  0.777872E+00  0.100998E+00
  0.279133E+01  0.735745E+00  0.100342E+00
  0.279361E+01  0.432128E+00  0.101456E+00
  0.279589E+01  0.648936E+00  0.100097E+00
  0.279818E+01  0.866809E+00  0.100937E+00
  0.280046E+01  0.805532E+00  0.100789E+00
  0.280274E+01  0.493617E+00  0.100487E+00
  0.280502E+01  0.653830E+00  0.101007E+00
  0.280730E+01  0.774468E+00  0.100121E+00
  0.280958E+01  0.990426E+00  0.100929E+00
  0.281186E+01  0.847021E+00  0.100586E+00
  0.281414E+01  0.783191E+00  0.100704E+00
  0.281642E+01  0.857447E+00  0.100903E+00
  0.281870E+01  0.711064E+00  0.999983E-01
  0.282098E+01  0.752128E+00  0.101218E+00
  0.282326E+01  0.790851E+00  0.100296E+00
  0.282554E+01  0.576809E+00  0.100617E+00
  0.282782E+01  0.837021E+00  0.101046E+00
  0.283010E+01  0.941489E+00  0.100307E+00
  0.283239E+01  0.761277E+00  0.100752E+00
  0.283467E+01  0.661915E+00  0.999861E-01
  0.283695E+01  0.802340E+00  0.100628E+00
  0.283923E+01  0.766809E+00  0.100709E+00
  0.284151E+01  0.552553E+00  0.100449E+00
  0.284379E+01  0.690426E+00  0.100435E+00
  0.284607E+01  0.827021E+00  0.998543E-01
  0.284835E+01  0.883404E+00  0.100645E+00
  0.285063E+01  0.759787E+00  0.100306E+00
  0.285291E+01  0.682340E+00  0.100313E+00
  0.285519E+01  0.525106E+00  0.100333E+00
  0.285747E+01  0.510426E+00  0.999964E-01
  0.285975E+01  0.677660E+00  0.100665E+00
  0.286203E+01  0.828723E+00  0.100255E+00
  0.286432E+01  0.691702E+00  0.100525E+00
  0.286660E+01  0.797660E+00  0.100169E+00
  0.286888E+01  0.841064E+00  0.100381E+00
  0.287116E+01  0.744894E+00  0.100447E+00
  0.287344E+01  0.642340E+00  0.997890E-01
  0.287572E+01  0.601489E+00  0.100180E+00
  0.287800E+01  0.640851E+00  0.100124E+00
  0.288028E+01  0.772766E+00  0.100565E+00
  0.288256E+01  0.901915E+00  0.100376E+00
  0.288484E+01  0.108915E+01  0.998634E-01
  0.288712E+01  0.873404E+00  0.100693E+00
  0.288940E+01  0.651064E+00  0.996120E-01
  0.289168E+01  0.661277E+00  0.100300E+00
  0.289396E+01  0.791489E+00  0.100167E+00
  0.289624E+01  0.600851E+00  0.999051E-01
  0.289853E+01  0.806170E+00  0.100462E+00
  0.290081E+01  0.687447E+00  0.995738E-01
  0.290309E+01  0.810000E+00  0.100076E+00
  0.290537E+01  0.577660E+00  0.998289E-01
  0.290765E+01  0.584255E+00  0.100079E+00
  0.290993E+01  0.384681E+00  0.100318E+00
  0.291221E+01  0.548085E+00  0.997143E-01
  0.291449E+01  0.658511E+00  0.100121E+00
  0.291677E+01  0.762553E+00  0.996109E-01
  0.291905E+01  0.922340E+00  0.100330E+00
  0.292133E+01  0.597447E+00  0.999314E-01
  0.292361E+01  0.424468E+00  0.994516E-01
  0.292589E+01  0.457447E+00  0.100313E+00
  0.292817E+01  0.679362E+00  0.995135E-01
  0.293045E+01  0.770426E+00  0.100141E+00
  0.293274E+01  0.764894E+00  0.995122E-01
  0.293502E+01  0.107404E+01  0.100285E+00
  0.293730E+01  0.559362E+00  0.100158E+00
  0.293958E+01  0.595106E+00  0.996223E-01
  0.294186E+01  0.555532E+00  0.998404E-01
  0.294414E+01  0.626170E+00  0.994497E-01
  0.294642E+01  0.701702E+00  0.100131E+00
  0.294870E+01  0.492340E+00  0.998039E-01
  0.295098E+01  0.749149E+00  0.995612E-01
  0.295326E+01  0.657660E+00  0.100088E+00
  0.295554E+01  0.735319E+00  0.994052E-01
  0.295782E+01  0.697234E+00  0.100202E+00
  0.296010E+01  0.776596E+00  0.994317E-01
  0.296238E+01  0.850213E+00  0.996270E-01
  0.296467E+01  0.720851E+00  0.100018E+00
  0.296695E+01  0.685532E+00  0.993399E-01
  0.296923E+01  0.604468E+00  0.100158E+00
  0.297151E+01  0.541915E+00  0.990712E-01
  0.297379E+01  0.730213E+00  0.997155E-01
  0.297607E+01  0.617021E+00  0.999342E-01
  0.297835E+01  0.591489E+00  0.993323E-01
  0.298063E+01  0.644681E+00  0.100096E+00
  0.298291E+01  0.740426E+00  0.991016E-01
  0.298519E+01  0.813404E+00  0.100123E+00
  0.298747E+01  0.104936E+01  0.998965E-01
  0.298975E+01  0.893191E+00  0.992636E-01
  0.299203E+01  0.608085E+00  0.100349E+00
  0.299431E+01  0.624894E+00  0.988489E-01
  0.299659E+01  0.749787E+00  0.100113E+00
  0.299888E+01  0.700638E+00  0.990349E-01
  0.300116E+01  0.602553E+00  0.994337E-01
  0.300344E+01  0.607234E+00  0.998352E-01
  0.300572E+01  0.758511E+00  0.992556E-01
  0.300800E+01  0.484681E+00  0.100046E+00
  0.301028E+01  0.655319E+00  0.988132E-01
  0.301256E+01  0.645745E+00  0.996354E-01
  0.301484E+01  0.562553E+00  0.997385E-01
  0.301712E+01  0.510426E+00  0.990006E-01
  0.301940E+01  0.535745E+00  0.997273E-01
  0.302168E+01  0.498723E+00  0.992154E-01
  0.302396E+01  0.636596E+00  0.996701E-01
  0.302624E+01  0.547021E+00  0.996005E-01
  0.302852E+01  0.626383E+00  0.989792E-01
  0.303081E+01  0.791915E+00  0.994990E-01
  0.303309E+01  0.852979E+00  0.993563E-01
  0.303537E+01  0.582128E+00  0.996314E-01
  0.303765E+01  0.634255E+00  0.990570E-01
  0.303993E+01  0.510213E+00  0.991940E-01
  0.304221E+01  0.578723E+00  0.997653E-01
  0.304449E+01  0.625106E+00  0.992505E-01
  0.304677E+01  0.515319E+00  0.995540E-01
  0.304905E+01  0.455957E+00  0.987383E-01
  0.305133E+01  0.458511E+00  0.994129E-01
  0.305361E+01  0.760426E+00  0.998640E-01
  0.305589E+01  0.626383E+00  0.990523E-01
  0.305817E+01  0.560851E+00  0.991803E-01
  0.306045E+01  0.546809E+00  0.991307E-01
  0.306273E+01  0.562340E+00  0.994347E-01
  0.306502E+01  0.742340E+00  0.991429E-01
  0.306730E+01  0.587021E+00  0.992778E-01
  0.306958E+01  0.448298E+00  0.990554E-01
  0.307186E+01  0.334681E+00  0.988856E-01
  0.307414E+01  0.543830E+00  0.996594E-01
  0.307642E+01  0.617021E+00  0.986009E-01
  0.307870E+01  0.391277E+00  0.994426E-01
  0.308098E+01  0.490851E+00  0.991776E-01
  0.308326E+01  0.600426E+00  0.993921E-01
  0.308554E+01  0.559574E+00  0.995304E-01
  0.308782E+01  0.671277E+00  0.982769E-01
  0.309010E+01  0.508936E+00  0.996257E-01
  0.309238E+01  0.426596E+00  0.988872E-01
  0.309466E+01  0.373617E+00  0.992803E-01
  0.309695E+01  0.652340E+00  0.990935E-01
  0.309923E+01  0.690851E+00  0.988872E-01
  0.310151E+01  0.641915E+00  0.996550E-01
  0.310379E+01  0.491702E+00  0.986540E-01
  0.310607E+01  0.772553E+00  0.993672E-01
  0.310835E+01  0.710213E+00  0.991889E-01
  0.311063E+01  0.615319E+00  0.987736E-01
  0.311291E+01  0.565106E+00  0.996143E-01
  0.311519E+01  0.608298E+00  0.984831E-01
  0.311747E+01  0.594468E+00  0.995719E-01
  0.311975E+01  0.530851E+00  0.990518E-01
  0.312203E+01  0.670213E+00  0.990819E-01
  0.312431E+01  0.535957E+00  0.992840E-01
  0.312659E+01  0.458085E+00  0.983824E-01
  0.312887E+01  0.661702E+00  0.995506E-01
  0.313116E+01  0.637447E+00  0.989804E-01
  0.313344E+01  0.646596E+00  0.990413E-01
  0.313572E+01  0.661277E+00  0.991716E-01
  0.313800E+01  0.660426E+00  0.990659E-01
  0.314028E+01  0.568298E+00  0.996047E-01
  0.314256E+01  0.382553E+00  0.984717E-01
  0.314484E+01  0.416809E+00  0.989716E-01
  0.314712E+01  0.826809E+00  0.992574E-01
  0.314940E+01  0.638085E+00  0.988107E-01
  0.315168E+01  0.424468E+00  0.999594E-01
  0.315396E+01  0.480426E+00  0.982042E-01
  0.315624E+01  0.448298E+00  0.991432E-01
  0.315852E+01  0.556170E+00  0.988775E-01
  0.316080E+01  0.580426E+00  0.991220E-01
  0.316308E+01  0.637447E+00  0.991527E-01
  0.316537E+01  0.689787E+00  0.986881E-01
  0.316765E+01  0.665957E+00  0.995870E-01
  0.316993E+01  0.717660E+00  0.986874E-01
  0.317221E+01  0.750851E+00  0.990925E-01
  0.317449E+01  0.635319E+00  0.989219E-01
  0.317677E+01  0.705319E+00  0.986906E-01
  0.317905E+01  0.636809E+00  0.996534E-01
  0.318133E+01  0.742766E+00  0.985255E-01
  0.318361E+01  0.713830E+00  0.990429E-01
  0.318589E+01  0.568936E+00  0.987056E-01
  0.318817E+01  0.659574E+00  0.991420E-01
  0.319045E+01  0.621277E+00  0.994074E-01
  0.319273E+01  0.758298E+00  0.984476E-01
  0.319501E+01  0.591064E+00  0.990825E-01
  0.319730E+01  0.576170E+00  0.987031E-01
  0.319958E+01  0.565106E+00  0.990843E-01
  0.320186E+01  0.479787E+00  0.988498E-01
  0.320414E+01  0.691489E+00  0.986050E-01
  0.320642E+01  0.665957E+00  0.996634E-01
  0.320870E+01  0.809149E+00  0.988472E-01
  0.321098E+01  0.665532E+00  0.991964E-01
  0.321326E+01  0.606809E+00  0.987337E-01
  0.321554E+01  0.650426E+00  0.987292E-01
  0.321782E+01  0.548936E+00  0.993639E-01
  0.322010E+01  0.505532E+00  0.984054E-01
  0.322238E+01  0.418723E+00  0.991782E-01
  0.322466E+01  0.540000E+00  0.985697E-01
  0.322694E+01  0.530638E+00  0.988537E-01
  0.322922E+01  0.613617E+00  0.991977E-01
  0.323151E+01  0.853191E+00  0.986678E-01
  0.323379E+01  0.628298E+00  0.993285E-01
  0.323607E+01  0.955745E+00  0.987724E-01
  0.323835E+01  0.725532E+00  0.993038E-01
  0.324063E+01  0.567021E+00  0.988280E-01
  0.324291E+01  0.595957E+00  0.985933E-01
  0.324519E+01  0.611064E+00  0.995084E-01
  0.324747E+01  0.845532E+00  0.986881E-01
  0.324975E+01  0.647021E+00  0.992390E-01
  0.325203E+01  0.507872E+00  0.984434E-01
  0.325431E+01  0.231277E+00  0.982982E-01
  0.325659E+01  0.471702E+00  0.989632E-01
  0.325887E+01  0.662766E+00  0.986102E-01
  0.326115E+01  0.670851E+00  0.992118E-01
  0.326344E+01  0.664255E+00  0.987077E-01
  0.326572E+01  0.495319E+00  0.988068E-01
  0.326800E+01  0.401915E+00  0.989631E-01
  0.327028E+01  0.465319E+00  0.982071E-01
  0.327256E+01  0.588723E+00  0.994916E-01
  0.327484E+01  0.466383E+00  0.983532E-01
  0.327712E+01  0.520213E+00  0.991962E-01
  0.327940E+01  0.769362E+00  0.987753E-01
  0.328168E+01  0.706383E+00  0.986262E-01
  0.328396E+01  0.604468E+00  0.992383E-01
  0.328624E+01  0.583830E+00  0.984716E-01
  0.328852E+01  0.557234E+00  0.989622E-01
  0.329080E+01  0.402128E+00  0.983789E-01
  0.329308E+01  0.537234E+00  0.988247E-01
  0.329536E+01  0.388936E+00  0.988960E-01
  0.329765E+01  0.474255E+00  0.982529E-01
  0.329993E+01  0.821489E+00  0.991977E-01
  0.330221E+01  0.753830E+00  0.988201E-01
  0.330449E+01  0.731489E+00  0.992664E-01
  0.330677E+01  0.577447E+00  0.990801E-01
  0.330905E+01  0.463191E+00  0.983434E-01
  0.331133E+01  0.748511E+00  0.992612E-01
  0.331361E+01  0.821277E+00  0.986414E-01
  0.331589E+01  0.753617E+00  0.993274E-01
  0.331817E+01  0.851064E+00  0.986180E-01
  0.332045E+01  0.857660E+00  0.989022E-01
  0.332273E+01  0.661915E+00  0.992596E-01
  0.332501E+01  0.459149E+00  0.986221E-01
  0.332729E+01  0.330000E+00  0.990299E-01
  0.332958E+01  0.499362E+00  0.981230E-01
  0.333186E+01  0.463404E+00  0.992271E-01
  0.333414E+01  0.237660E+00  0.988383E-01
  0.333642E+01  0.445532E+00  0.985059E-01
  0.333870E+01  0.394894E+00  0.989118E-01
  0.334098E+01  0.601915E+00  0.981118E-01
  0.334326E+01  0.604681E+00  0.993186E-01
  0.334554E+01  0.569149E+00  0.987479E-01
  0.334782E+01  0.616170E+00  0.986354E-01
  0.335010E+01  0.651277E+00  0.992178E-01
  0.335238E+01  0.642128E+00  0.984189E-01
  0.335466E+01  0.452979E+00  0.992097E-01
  0.335694E+01  0.654681E+00  0.983450E-01
  0.335922E+01  0.688085E+00  0.992613E-01
  0.336150E+01  0.608298E+00  0.990798E-01
  0.336379E+01  0.477872E+00  0.988753E-01
  0.336607E+01  0.701064E+00  0.990326E-01
  0.336835E+01  0.611277E+00  0.983940E-01
  0.337063E+01  0.701277E+00  0.992526E-01
  0.337291E+01  0.738936E+00  0.991561E-01
  0.337519E+01  0.813191E+00  0.986959E-01
  0.337747E+01  0.799787E+00  0.994433E-01
  0.337975E+01  0.652128E+00  0.984011E-01
  0.338203E+01  0.639787E+00  0.992815E-01
  0.338431E+01  0.643191E+00  0.986776E-01
  0.338659E+01  0.683191E+00  0.985928E-01
  0.338887E+01  0.566383E+00  0.991647E-01
  0.339115E+01  0.399149E+00  0.986842E-01
  0.339343E+01  0.425532E+00  0.994930E-01
  0.339571E+01  0.714255E+00  0.982514E-01
  0.339800E+01  0.612766E+00  0.991030E-01
  0.340028E+01  0.338085E+00  0.991112E-01
  0.340256E+01  0.418298E+00  0.986210E-01
  0.340484E+01  0.454255E+00  0.991644E-01
  0.340712E+01  0.567021E+00  0.981803E-01
  0.340940E+01  0.627021E+00  0.993622E-01
  0.341168E+01  0.581489E+00  0.989213E-01
  0.341396E+01  0.460426E+00  0.985311E-01
  0.341624E+01  0.566596E+00  0.993035E-01
  0.341852E+01  0.571064E+00  0.987749E-01
  0.342080E+01  0.563830E+00  0.993761E-01
  0.342308E+01  0.750638E+00  0.984742E-01
  0.342536E+01  0.866383E+00  0.988487E-01
  0.342764E+01  0.721489E+00  0.991868E-01
  0.342993E+01  0.514681E+00  0.989149E-01
  0.343221E+01  0.653404E+00  0.996938E-01
  0.343449E+01  0.375745E+00  0.981519E-01
  0.343677E+01  0.453830E+00  0.991039E-01
  0.343905E+01  0.531064E+00  0.990958E-01
  0.344133E+01  0.515532E+00  0.986521E-01
  0.344361E+01  0.515532E+00  0.990116E-01
  0.344589E+01  0.620213E+00  0.986113E-01
  0.344817E+01  0.548085E+00  0.994454E-01
  0.345045E+01  0.558723E+00  0.987086E-01
  0.345273E+01  0.653830E+00  0.988675E-01
  0.345501E+01  0.784894E+00  0.991856E-01
  0.345729E+01  0.547234E+00  0.987195E-01
  0.345957E+01  0.527447E+00  0.995796E-01
  0.346185E+01  0.628085E+00  0.986162E-01
  0.346414E+01  0.704255E+00  0.989609E-01
  0.346642E+01  0.366809E+00  0.991327E-01
  0.346870E+01  0.562766E+00  0.989617E-01
  0.347098E+01  0.497021E+00  0.993560E-01
  0.347326E+01  0.591489E+00  0.983761E-01
  0.347554E+01  0.532553E+00  0.992976E-01
  0.347782E+01  0.362766E+00  0.989653E-01
  0.348010E+01  0.630851E+00  0.986693E-01
  0.348238E+01  0.764043E+00  0.992748E-01
  0.348466E+01  0.573617E+00  0.988840E-01
  0.348694E+01  0.570213E+00  0.995888E-01
  0.348922E+01  0.849362E+00  0.992693E-01
  0.349150E+01  0.700213E+00  0.989718E-01
  0.349378E+01  0.631064E+00  0.988508E-01
  0.349607E+01  0.459787E+00  0.987957E-01
  0.349835E+01  0.588298E+00  0.996901E-01
  0.350063E+01  0.764468E+00  0.985847E-01
  0.350291E+01  0.657660E+00  0.991852E-01
  0.350519E+01  0.518936E+00  0.988462E-01
  0.350747E+01  0.583617E+00  0.989546E-01
  0.350975E+01  0.412340E+00  0.993737E-01
  0.351203E+01  0.664468E+00  0.986243E-01
  0.351431E+01  0.684468E+00  0.994870E-01
  0.351659E+01  0.440000E+00  0.989020E-01
  0.351887E+01  0.669362E+00  0.991768E-01
  0.352115E+01  0.604255E+00  0.991700E-01
  0.352343E+01  0.808936E+00  0.989101E-01
  0.352571E+01  0.538936E+00  0.100048E+00
  0.352799E+01  0.393191E+00  0.985923E-01
  0.353028E+01  0.528511E+00  0.995096E-01
  0.353256E+01  0.621489E+00  0.989070E-01
  0.353484E+01  0.706809E+00  0.988664E-01
  0.353712E+01  0.801915E+00  0.999962E-01
  0.353940E+01  0.827021E+00  0.987423E-01
  0.354168E+01  0.712979E+00  0.994953E-01
  0.354396E+01  0.707872E+00  0.988517E-01
  0.354624E+01  0.698298E+00  0.993660E-01
  0.354852E+01  0.569574E+00  0.993021E-01
  0.355080E+01  0.740000E+00  0.986476E-01
  0.355308E+01  0.729787E+00  0.999199E-01
  0.355536E+01  0.717021E+00  0.990318E-01
  0.355764E+01  0.685745E+00  0.996431E-01
  0.355992E+01  0.610213E+00  0.994939E-01
  0.356221E+01  0.611702E+00  0.989381E-01
  0.356449E+01  0.622553E+00  0.100071E+00
  0.356677E+01  0.706809E+00  0.988168E-01
  0.356905E+01  0.700000E+00  0.995209E-01
  0.357133E+01  0.669574E+00  0.992403E-01
  0.357361E+01  0.677021E+00  0.992340E-01
  0.357589E+01  0.659149E+00  0.998502E-01
  0.357817E+01  0.650213E+00  0.987268E-01
  0.358045E+01  0.669149E+00  0.995529E-01
  0.358273E+01  0.613191E+00  0.991078E-01
  0.358501E+01  0.505957E+00  0.997360E-01
  0.358729E+01  0.673617E+00  0.994945E-01
  0.358957E+01  0.469787E+00  0.986038E-01
  0.359185E+01  0.624681E+00  0.996693E-01
  0.359413E+01  0.595319E+00  0.991657E-01
  0.359642E+01  0.564255E+00  0.998233E-01
  0.359870E+01  0.534681E+00  0.994828E-01
  0.360098E+01  0.775745E+00  0.991837E-01
  0.360326E+01  0.918723E+00  0.100165E+00
  0.360554E+01  0.878298E+00  0.991500E-01
  0.360782E+01  0.817021E+00  0.996359E-01
  0.361010E+01  0.532766E+00  0.991214E-01
  0.361238E+01  0.525957E+00  0.995804E-01
  0.361466E+01  0.615319E+00  0.999022E-01
  0.361694E+01  0.595957E+00  0.990696E-01
  0.361922E+01  0.718298E+00  0.996046E-01
  0.362150E+01  0.733404E+00  0.992060E-01
  0.362378E+01  0.482340E+00  0.997708E-01
  0.362606E+01  0.481915E+00  0.995611E-01
  0.362834E+01  0.672766E+00  0.992037E-01
  0.363063E+01  0.454468E+00  0.998925E-01
  0.363291E+01  0.517447E+00  0.992657E-01
  0.363519E+01  0.736170E+00  0.998661E-01
  0.363747E+01  0.645319E+00  0.994758E-01
  0.363975E+01  0.738936E+00  0.997353E-01
  0.364203E+01  0.476596E+00  0.997733E-01
  0.364431E+01  0.685532E+00  0.994294E-01
  0.364659E+01  0.657660E+00  0.998903E-01
  0.364887E+01  0.805106E+00  0.992774E-01
  0.365115E+01  0.934468E+00  0.100047E+00
  0.365343E+01  0.631064E+00  0.999466E-01
  0.365571E+01  0.561277E+00  0.993110E-01
  0.365799E+01  0.549574E+00  0.999276E-01
  0.366027E+01  0.480426E+00  0.992781E-01
  0.366256E+01  0.721489E+00  0.998693E-01
  0.366484E+01  0.698511E+00  0.998183E-01
  0.366712E+01  0.799362E+00  0.992597E-01
  0.366940E+01  0.941277E+00  0.100478E+00
  0.367168E+01  0.846596E+00  0.995059E-01
  0.367396E+01  0.721702E+00  0.100012E+00
  0.367624E+01  0.648723E+00  0.995416E-01
  0.367852E+01  0.550638E+00  0.997682E-01
  0.368080E+01  0.566809E+00  0.100221E+00
  0.368308E+01  0.811702E+00  0.994927E-01
  0.368536E+01  0.722979E+00  0.999457E-01
  0.368764E+01  0.394255E+00  0.996370E-01
  0.368992E+01  0.582553E+00  0.999248E-01
  0.369220E+01  0.582128E+00  0.100295E+00
  0.369448E+01  0.589149E+00  0.994071E-01
  0.369677E+01  0.759787E+00  0.100349E+00
  0.369905E+01  0.614894E+00  0.996292E-01
  0.370133E+01  0.897872E+00  0.100498E+00
  0.370361E+01  0.615532E+00  0.100013E+00
  0.370589E+01  0.774255E+00  0.994366E-01
  0.370817E+01  0.693191E+00  0.100369E+00
  0.371045E+01  0.535745E+00  0.998051E-01
  0.371273E+01  0.828085E+00  0.100401E+00
  0.371501E+01  0.371915E+00  0.996861E-01
  0.371729E+01  0.520638E+00  0.999604E-01
  0.371957E+01  0.828723E+00  0.100482E+00
  0.372185E+01  0.952128E+00  0.998148E-01
  0.372413E+01  0.107426E+01  0.100422E+00
  0.372641E+01  0.907660E+00  0.100178E+00
  0.372870E+01  0.805745E+00  0.100460E+00
  0.373098E+01  0.609787E+00  0.100538E+00
  0.373326E+01  0.783191E+00  0.995750E-01
  0.373554E+01  0.777234E+00  0.100150E+00
  0.373782E+01  0.928085E+00  0.100163E+00
  0.374010E+01  0.648936E+00  0.100531E+00
  0.374238E+01  0.722553E+00  0.100236E+00
  0.374466E+01  0.630426E+00  0.100163E+00
  0.374694E+01  0.583191E+00  0.100523E+00
  0.374922E+01  0.369787E+00  0.100048E+00
  0.375150E+01  0.481702E+00  0.100150E+00
  0.375378E+01  0.403191E+00  0.999004E-01
  0.375606E+01  0.554681E+00  0.100310E+00
  0.375834E+01  0.427234E+00  0.100596E+00
  0.376062E+01  0.554043E+00  0.999614E-01
  0.376291E+01  0.491915E+00  0.100244E+00
  0.376519E+01  0.498511E+00  0.100157E+00
  0.376747E+01  0.472553E+00  0.100684E+00
  0.376975E+01  0.634043E+00  0.100498E+00
  0.377203E+01  0.666596E+00  0.100023E+00
  0.377431E+01  0.612553E+00  0.100363E+00
  0.377659E+01  0.690426E+00  0.100162E+00
  0.377887E+01  0.740638E+00  0.100891E+00
  0.378115E+01  0.620426E+00  0.100391E+00
  0.378343E+01  0.712553E+00  0.100574E+00
  0.378571E+01  0.663191E+00  0.100715E+00
  0.378799E+01  0.438085E+00  0.100526E+00
  0.379027E+01  0.469574E+00  0.100528E+00
  0.379255E+01  0.337660E+00  0.100164E+00
  0.379484E+01  0.625319E+00  0.100810E+00
  0.379712E+01  0.638936E+00  0.100701E+00
  0.379940E+01  0.691702E+00  0.100502E+00
  0.380168E+01  0.761702E+00  0.100520E+00
  0.380396E+01  0.773191E+00  0.100575E+00
  0.380624E+01  0.573404E+00  0.100776E+00
  0.380852E+01  0.666383E+00  0.100734E+00
  0.381080E+01  0.642766E+00  0.100655E+00
  0.381308E+01  0.753617E+00  0.100631E+00
  0.381536E+01  0.660851E+00  0.100932E+00
  0.381764E+01  0.772340E+00  0.100795E+00
  0.381992E+01  0.619362E+00  0.100576E+00
  0.382220E+01  0.618723E+00  0.100777E+00
  0.382448E+01  0.472553E+00  0.101129E+00
  0.382676E+01  0.694468E+00  0.100951E+00
  0.382905E+01  0.612553E+00  0.100664E+00
  0.383133E+01  0.775319E+00  0.100521E+00
  0.383361E+01  0.861489E+00  0.101428E+00
  0.383589E+01  0.862766E+00  0.101391E+00
  0.383817E+01  0.814255E+00  0.100975E+00
  0.384045E+01  0.629787E+00  0.101191E+00
  0.384273E+01  0.561064E+00  0.100934E+00
  0.384501E+01  0.596809E+00  0.100985E+00
  0.384729E+01  0.455532E+00  0.101322E+00
  0.384957E+01  0.612553E+00  0.100855E+00
  0.385185E+01  0.756596E+00  0.101549E+00
  0.385413E+01  0.933617E+00  0.101514E+00
  0.385641E+01  0.997872E+00  0.101640E+00
  0.385869E+01  0.602553E+00  0.100748E+00
  0.386097E+01  0.671702E+00  0.101110E+00
  0.386326E+01  0.676596E+00  0.101653E+00
  0.386554E+01  0.539362E+00  0.101244E+00
  0.386782E+01  0.487021E+00  0.101124E+00
  0.387010E+01  0.582979E+00  0.101082E+00
  0.387238E+01  0.469787E+00  0.101153E+00
  0.387466E+01  0.483617E+00  0.101504E+00
  0.387694E+01  0.563617E+00  0.101393E+00
  0.387922E+01  0.753191E+00  0.101402E+00
  0.388150E+01  0.780213E+00  0.101780E+00
  0.388378E+01  0.818298E+00  0.101731E+00
  0.388606E+01  0.721702E+00  0.101486E+00
  0.388834E+01  0.625319E+00  0.101192E+00
  0.389062E+01  0.724681E+00  0.101365E+00
  0.389290E+01  0.666596E+00  0.101944E+00
  0.389519E+01  0.795957E+00  0.101894E+00
  0.389747E+01  0.648298E+00  0.101577E+00
  0.389975E+01  0.845745E+00  0.101592E+00
  0.390203E+01  0.815745E+00  0.101498E+00
  0.390431E+01  0.664043E+00  0.102013E+00
  0.390659E+01  0.631277E+00  0.101583E+00
  0.390887E+01  0.725957E+00  0.101920E+00
  0.391115E+01  0.521277E+00  0.101654E+00
  0.391343E+01  0.397872E+00  0.101899E+00
  0.391571E+01  0.346809E+00  0.101605E+00
  0.391799E+01  0.616383E+00  0.101611E+00
  0.392027E+01  0.628936E+00  0.101919E+00
  0.392255E+01  0.556596E+00  0.101920E+00
  0.392483E+01  0.599787E+00  0.102093E+00
  0.392711E+01  0.673617E+00  0.101838E+00
  0.392940E+01  0.653191E+00  0.101736E+00
  0.393168E+01  0.540638E+00  0.102065E+00
  0.393396E+01  0.573191E+00  0.102384E+00
  0.393624E+01  0.502128E+00  0.101586E+00
  0.393852E+01  0.660213E+00  0.102303E+00
  0.394080E+01  0.774043E+00  0.102048E+00
  0.394308E+01  0.655532E+00  0.102164E+00
  0.394536E+01  0.591064E+00  0.102156E+00
  0.394764E+01  0.445957E+00  0.102005E+00
  0.394992E+01  0.518936E+00  0.102574E+00
  0.395220E+01  0.556809E+00  0.102343E+00
  0.395448E+01  0.523404E+00  0.102082E+00
  0.395676E+01  0.593830E+00  0.102041E+00
  0.395904E+01  0.664681E+00  0.102214E+00
  0.396133E+01  0.633191E+00  0.102674E+00
  0.396361E+01  0.577021E+00  0.102349E+00
  0.396589E+01  0.737234E+00  0.102390E+00
  0.396817E+01  0.907447E+00  0.102516E+00
  0.397045E+01  0.774468E+00  0.102789E+00
  0.397273E+01  0.599787E+00  0.102836E+00
  0.397501E+01  0.755319E+00  0.102199E+00
  0.397729E+01  0.708085E+00  0.102758E+00
  0.397957E+01  0.877447E+00  0.102785E+00
  0.398185E+01  0.549149E+00  0.102829E+00
  0.398413E+01  0.631277E+00  0.102649E+00
  0.398641E+01  0.687021E+00  0.102279E+00
  0.398869E+01  0.488085E+00  0.102935E+00
  0.399097E+01  0.680426E+00  0.102971E+00
  0.399325E+01  0.815745E+00  0.102889E+00
  0.399554E+01  0.792553E+00  0.102713E+00
  0.399782E+01  0.700213E+00  0.102872E+00
  0.400010E+01  0.700638E+00  0.103005E+00
  0.400238E+01  0.738298E+00  0.102752E+00
  0.400466E+01  0.411489E+00  0.102904E+00
  0.400694E+01  0.486383E+00  0.102945E+00
  0.400922E+01  0.700638E+00  0.103306E+00
  0.401150E+01  0.687660E+00  0.103186E+00
  0.401378E+01  0.457234E+00  0.102413E+00
  0.401606E+01  0.551277E+00  0.103054E+00
  0.401834E+01  0.590426E+00  0.103327E+00
  0.402062E+01  0.508936E+00  0.103263E+00
  0.402290E+01  0.514468E+00  0.103265E+00
  0.402518E+01  0.573830E+00  0.103006E+00
  0.402747E+01  0.535532E+00  0.103458E+00
  0.402975E+01  0.687234E+00  0.103408E+00
  0.403203E+01  0.817234E+00  0.103326E+00
  0.403431E+01  0.658298E+00  0.103227E+00
  0.403659E+01  0.585532E+00  0.103534E+00
  0.403887E+01  0.566596E+00  0.103532E+00
  0.404115E+01  0.772128E+00  0.103506E+00
  0.404343E+01  0.694468E+00  0.103243E+00
  0.404571E+01  0.650213E+00  0.103823E+00
  0.404799E+01  0.684681E+00  0.103778E+00
  0.405027E+01  0.715106E+00  0.103860E+00
  0.405255E+01  0.500426E+00  0.103227E+00
  0.405483E+01  0.588511E+00  0.103327E+00
  0.405711E+01  0.719787E+00  0.103761E+00
  0.405939E+01  0.800213E+00  0.104032E+00
  0.406168E+01  0.931702E+00  0.103737E+00
  0.406396E+01  0.791064E+00  0.103841E+00
  0.406624E+01  0.731277E+00  0.103983E+00
  0.406852E+01  0.725319E+00  0.104091E+00
  0.407080E+01  0.547021E+00  0.103698E+00
  0.407308E+01  0.688298E+00  0.103886E+00
  0.407536E+01  0.448298E+00  0.103743E+00
  0.407764E+01  0.231064E+00  0.103958E+00
  0.407992E+01  0.318511E+00  0.104102E+00
  0.408220E+01  0.341915E+00  0.103770E+00
  0.408448E+01  0.842979E+00  0.104182E+00
  0.408676E+01  0.600851E+00  0.104242E+00
  0.408904E+01  0.732553E+00  0.104249E+00
  0.409132E+01  0.780638E+00  0.104075E+00
  0.409360E+01  0.709362E+00  0.104370E+00
  0.409589E+01  0.780213E+00  0.104561E+00
  0.409817E+01  0.730426E+00  0.104324E+00
  0.410045E+01  0.654681E+00  0.104161E+00
  0.410273E+01  0.966809E+00  0.104497E+00
  0.410501E+01  0.667234E+00  0.104630E+00
  0.410729E+01  0.691702E+00  0.104687E+00
  0.410957E+01  0.881702E+00  0.104509E+00
  0.411185E+01  0.746596E+00  0.104278E+00
  0.411413E+01  0.743830E+00  0.104838E+00
  0.411641E+01  0.931064E+00  0.104956E+00
  0.411869E+01  0.751064E+00  0.104940E+00
  0.412097E+01  0.570213E+00  0.104533E+00
  0.412325E+01  0.747872E+00  0.104683E+00
  0.412553E+01  0.796170E+00  0.105195E+00
  0.412782E+01  0.759574E+00  0.104650E+00
  0.413010E+01  0.786383E+00  0.104713E+00
  0.413238E+01  0.799574E+00  0.105298E+00
  0.413466E+01  0.610638E+00  0.105319E+00
  0.413694E+01  0.850851E+00  0.105281E+00
  0.413922E+01  0.978723E+00  0.104794E+00
  0.414150E+01  0.835319E+00  0.105182E+00
  0.414378E+01  0.836809E+00  0.105120E+00
  0.414606E+01  0.711064E+00  0.105403E+00
  0.414834E+01  0.835319E+00  0.105365E+00
  0.415062E+01  0.564255E+00  0.104823E+00
  0.415290E+01  0.552553E+00  0.105358E+00
  0.415518E+01  0.605532E+00  0.105527E+00
  0.415746E+01  0.660638E+00  0.105367E+00
  0.415974E+01  0.635532E+00  0.105195E+00
  0.416203E+01  0.588298E+00  0.105561E+00
  0.416431E+01  0.595745E+00  0.105656E+00
  0.416659E+01  0.719149E+00  0.105579E+00
  0.416887E+01  0.674894E+00  0.105086E+00
  0.417115E+01  0.694043E+00  0.105836E+00
  0.417343E+01  0.837872E+00  0.105974E+00
  0.417571E+01  0.932766E+00  0.105992E+00
  0.417799E+01  0.783617E+00  0.105765E+00
  0.418027E+01  0.788511E+00  0.105590E+00
  0.418255E+01  0.607234E+00  0.106136E+00
  0.418483E+01  0.654681E+00  0.106103E+00
  0.418711E+01  0.942766E+00  0.105870E+00
  0.418939E+01  0.908511E+00  0.106228E+00
  0.419167E+01  0.606383E+00  0.106025E+00
  0.419396E+01  0.545319E+00  0.106312E+00
  0.419624E+01  0.871702E+00  0.105884E+00
  0.419852E+01  0.913617E+00  0.106236E+00
  0.420080E+01  0.527660E+00  0.106355E+00
  0.420308E+01  0.691702E+00  0.106418E+00
  0.420536E+01  0.696596E+00  0.106603E+00
  0.420764E+01  0.730638E+00  0.106104E+00
  0.420992E+01  0.471489E+00  0.106375E+00
  0.421220E+01  0.511064E+00  0.106737E+00
  0.421448E+01  0.695532E+00  0.106547E+00
  0.421676E+01  0.478936E+00  0.106131E+00
  0.421904E+01  0.415532E+00  0.106907E+00
  0.422132E+01  0.782553E+00  0.106641E+00
  0.422360E+01  0.602979E+00  0.107062E+00
  0.422588E+01  0.783191E+00  0.106320E+00
  0.422817E+01  0.725106E+00  0.106974E+00
  0.423045E+01  0.643830E+00  0.107301E+00
  0.423273E+01  0.621489E+00  0.107191E+00
  0.423501E+01  0.704468E+00  0.106985E+00
  0.423729E+01  0.610638E+00  0.106312E+00
  0.423957E+01  0.792766E+00  0.107441E+00
  0.424185E+01  0.605745E+00  0.107339E+00
  0.424413E+01  0.927447E+00  0.107297E+00
  0.424641E+01  0.866170E+00  0.107193E+00
  0.424869E+01  0.861064E+00  0.107475E+00
  0.425097E+01  0.673617E+00  0.107588E+00
  0.425325E+01  0.531277E+00  0.106953E+00
  0.425553E+01  0.584894E+00  0.107375E+00
  0.425781E+01  0.808936E+00  0.107622E+00
  0.426010E+01  0.738511E+00  0.107559E+00
  0.426238E+01  0.611702E+00  0.107998E+00
  0.426466E+01  0.930426E+00  0.107519E+00
  0.426694E+01  0.827660E+00  0.107741E+00
  0.426922E+01  0.695319E+00  0.107905E+00
  0.427150E+01  0.720213E+00  0.108247E+00
  0.427378E+01  0.594255E+00  0.107900E+00
  0.427606E+01  0.839787E+00  0.107647E+00
  0.427834E+01  0.626170E+00  0.108070E+00
  0.428062E+01  0.681064E+00  0.108172E+00
  0.428290E+01  0.828085E+00  0.107988E+00
  0.428518E+01  0.735532E+00  0.108052E+00
  0.428746E+01  0.620000E+00  0.108529E+00
  0.428974E+01  0.540426E+00  0.108402E+00
  0.429202E+01  0.652979E+00  0.108332E+00
  0.429431E+01  0.632340E+00  0.108097E+00
  0.429659E+01  0.565532E+00  0.108620E+00
  0.429887E+01  0.732766E+00  0.108497E+00
  0.430115E+01  0.862553E+00  0.109047E+00
  0.430343E+01  0.457021E+00  0.108633E+00
  0.430571E+01  0.608511E+00  0.108434E+00
  0.430799E+01  0.395532E+00  0.108889E+00
  0.431027E+01  0.554894E+00  0.108676E+00
  0.431255E+01  0.822979E+00  0.108810E+00
  0.431483E+01  0.809362E+00  0.108819E+00
  0.431711E+01  0.831702E+00  0.109176E+00
  0.431939E+01  0.697660E+00  0.109709E+00
  0.432167E+01  0.932979E+00  0.109324E+00
  0.432395E+01  0.938298E+00  0.108892E+00
  0.432623E+01  0.662766E+00  0.109572E+00
  0.432852E+01  0.775957E+00  0.109350E+00
  0.433080E+01  0.597447E+00  0.109387E+00
  0.433308E+01  0.833617E+00  0.109315E+00
  0.433536E+01  0.936170E+00  0.109870E+00
  0.433764E+01  0.667660E+00  0.109687E+00
  0.433992E+01  0.449787E+00  0.109610E+00
  0.434220E+01  0.789574E+00  0.109737E+00
  0.434448E+01  0.978936E+00  0.110047E+00
  0.434676E+01  0.101596E+01  0.110099E+00
  0.434904E+01  0.971277E+00  0.110308E+00
  0.435132E+01  0.102851E+01  0.109849E+00
  0.435360E+01  0.951277E+00  0.109886E+00
  0.435588E+01  0.991277E+00  0.110619E+00
  0.435816E+01  0.737447E+00  0.110362E+00
  0.436045E+01  0.808723E+00  0.110719E+00
  0.436273E+01  0.671702E+00  0.109973E+00
  0.436501E+01  0.741277E+00  0.110585E+00
  0.436729E+01  0.103596E+01  0.110850E+00
  0.436957E+01  0.946170E+00  0.110787E+00
  0.437185E+01  0.752340E+00  0.110523E+00
  0.437413E+01  0.666383E+00  0.110674E+00
  0.437641E+01  0.635532E+00  0.110867E+00
  0.437869E+01  0.632553E+00  0.110815E+00
  0.438097E+01  0.636170E+00  0.110738E+00
  0.438325E+01  0.491064E+00  0.110913E+00
  0.438553E+01  0.653404E+00  0.111225E+00
  0.438781E+01  0.840426E+00  0.111583E+00
  0.439009E+01  0.110787E+01  0.110984E+00
  0.439237E+01  0.124979E+01  0.111369E+00
  0.439466E+01  0.114319E+01  0.111959E+00
  0.439694E+01  0.665745E+00  0.111492E+00
  0.439922E+01  0.864681E+00  0.111567E+00
  0.440150E+01  0.756383E+00  0.111265E+00
  0.440378E+01  0.561702E+00  0.111637E+00
  0.440606E+01  0.493191E+00  0.111616E+00
  0.440834E+01  0.712766E+00  0.111743E+00
  0.441062E+01  0.850851E+00  0.111982E+00
  0.441290E+01  0.588085E+00  0.112202E+00
  0.441518E+01  0.876383E+00  0.112282E+00
  0.441746E+01  0.923191E+00  0.112267E+00
  0.441974E+01  0.708936E+00  0.111918E+00
  0.442202E+01  0.585745E+00  0.111895E+00
  0.442430E+01  0.742553E+00  0.112436E+00
  0.442659E+01  0.862553E+00  0.113076E+00
  0.442887E+01  0.111872E+01  0.112269E+00
  0.443115E+01  0.863191E+00  0.112495E+00
  0.443343E+01  0.952766E+00  0.113156E+00
  0.443571E+01  0.745106E+00  0.113019E+00
  0.443799E+01  0.785745E+00  0.112645E+00
  0.444027E+01  0.700000E+00  0.112720E+00
  0.444255E+01  0.538936E+00  0.112993E+00
  0.444483E+01  0.563617E+00  0.113204E+00
  0.444711E+01  0.860638E+00  0.112923E+00
  0.444939E+01  0.790426E+00  0.113177E+00
  0.445167E+01  0.979574E+00  0.113606E+00
  0.445395E+01  0.836596E+00  0.113761E+00
  0.445623E+01  0.727021E+00  0.113849E+00
  0.445851E+01  0.502766E+00  0.113510E+00
  0.446080E+01  0.474043E+00  0.113311E+00
  0.446308E+01  0.487872E+00  0.113646E+00
  0.446536E+01  0.791915E+00  0.114152E+00
  0.446764E+01  0.867234E+00  0.113970E+00
  0.446992E+01  0.719149E+00  0.113996E+00
  0.447220E+01  0.820000E+00  0.114479E+00
  0.447448E+01  0.824043E+00  0.114721E+00
  0.447676E+01  0.665532E+00  0.113738E+00
  0.447904E+01  0.716596E+00  0.114082E+00
  0.448132E+01  0.583191E+00  0.114655E+00
  0.448360E+01  0.896170E+00  0.115163E+00
  0.448588E+01  0.935532E+00  0.114836E+00
  0.448816E+01  0.814043E+00  0.114381E+00
  0.449044E+01  0.790638E+00  0.115058E+00
  0.449273E+01  0.689362E+00  0.114877E+00
  0.449501E+01  0.692553E+00  0.114777E+00
  0.449729E+01  0.535745E+00  0.114797E+00
  0.449957E+01  0.459149E+00  0.115251E+00
  0.450185E+01  0.490426E+00  0.115607E+00
  0.450413E+01  0.638936E+00  0.115553E+00
  0.450641E+01  0.658511E+00  0.114940E+00
  0.450869E+01  0.695532E+00  0.115680E+00
  0.451097E+01  0.744468E+00  0.115964E+00
  0.451325E+01  0.690426E+00  0.116181E+00
  0.451553E+01  0.995957E+00  0.115740E+00
  0.451781E+01  0.115404E+01  0.115812E+00
  0.452009E+01  0.990000E+00  0.116502E+00
  0.452237E+01  0.977872E+00  0.116243E+00
  0.452465E+01  0.880213E+00  0.116323E+00
  0.452694E+01  0.844255E+00  0.116384E+00
  0.452922E+01  0.742979E+00  0.116747E+00
  0.453150E+01  0.661702E+00  0.116680E+00
  0.453378E+01  0.810000E+00  0.116498E+00
  0.453606E+01  0.639574E+00  0.116477E+00
  0.453834E+01  0.802553E+00  0.116815E+00
  0.454062E+01  0.717872E+00  0.117405E+00
  0.454290E+01  0.921702E+00  0.117413E+00
  0.454518E+01  0.753191E+00  0.117220E+00
  0.454746E+01  0.364043E+00  0.116888E+00
  0.454974E+01  0.538298E+00  0.117456E+00
  0.455202E+01  0.647447E+00  0.117842E+00
  0.455430E+01  0.586596E+00  0.117380E+00
  0.455658E+01  0.518511E+00  0.117588E+00
  0.455886E+01  0.605106E+00  0.118010E+00
  0.456115E+01  0.433830E+00  0.118046E+00
  0.456343E+01  0.723404E+00  0.118341E+00
  0.456571E+01  0.939787E+00  0.118134E+00
  0.456799E+01  0.698085E+00  0.118409E+00
  0.457027E+01  0.619362E+00  0.118443E+00
  0.457255E+01  0.459574E+00  0.118579E+00
  0.457483E+01  0.434894E+00  0.118218E+00
  0.457711E+01  0.923830E+00  0.118839E+00
  0.457939E+01  0.764894E+00  0.119059E+00
  0.458167E+01  0.672979E+00  0.119215E+00
  0.458395E+01  0.761915E+00  0.119173E+00
  0.458623E+01  0.615745E+00  0.119048E+00
  0.458851E+01  0.617872E+00  0.119290E+00
  0.459079E+01  0.696170E+00  0.119453E+00
  0.459308E+01  0.704681E+00  0.119785E+00
  0.459536E+01  0.600000E+00  0.119392E+00
  0.459764E+01  0.666170E+00  0.120223E+00
  0.459992E+01  0.757660E+00  0.120249E+00
  0.460220E+01  0.665532E+00  0.120251E+00
  0.460448E+01  0.716170E+00  0.119684E+00
  0.460676E+01  0.619787E+00  0.120273E+00
  0.460904E+01  0.789574E+00  0.120798E+00
  0.461132E+01  0.645745E+00  0.120764E+00
  0.461360E+01  0.832128E+00  0.121141E+00
  0.461588E+01  0.671489E+00  0.120879E+00
  0.461816E+01  0.570638E+00  0.120775E+00
  0.462044E+01  0.476596E+00  0.121454E+00
  0.462272E+01  0.558298E+00  0.121365E+00
  0.462500E+01  0.741702E+00  0.121504E+00
  0.462729E+01  0.664043E+00  0.121687E+00
  0.462957E+01  0.600000E+00  0.121566E+00
  0.463185E+01  0.677234E+00  0.121616E+00
  0.463413E+01  0.690000E+00  0.122114E+00
  0.463641E+01  0.101745E+01  0.122357E+00
  0.463869E+01  0.917021E+00  0.122943E+00
  0.464097E+01  0.828723E+00  0.122484E+00
  0.464325E+01  0.102426E+01  0.122629E+00
  0.464553E+01  0.927234E+00  0.122811E+00
  0.464781E+01  0.640851E+00  0.122743E+00
  0.465009E+01  0.745745E+00  0.123107E+00
  0.465237E+01  0.757447E+00  0.123342E+00
  0.465465E+01  0.812979E+00  0.123376E+00
  0.465693E+01  0.818085E+00  0.123629E+00
  0.465922E+01  0.704468E+00  0.123467E+00
  0.466150E+01  0.625957E+00  0.123630E+00
  0.466378E+01  0.835106E+00  0.123850E+00
  0.466606E+01  0.790638E+00  0.124196E+00
  0.466834E+01  0.860851E+00  0.124358E+00
  0.467062E+01  0.458936E+00  0.124044E+00
  0.467290E+01  0.577660E+00  0.124429E+00
  0.467518E+01  0.725745E+00  0.124763E+00
  0.467746E+01  0.491702E+00  0.124616E+00
  0.467974E+01  0.440000E+00  0.125032E+00
  0.468202E+01  0.226170E+00  0.124831E+00
  0.468430E+01  0.314468E+00  0.125186E+00
  0.468658E+01  0.715319E+00  0.125705E+00
  0.468886E+01  0.840426E+00  0.125585E+00
  0.469114E+01  0.389787E+00  0.125800E+00
  0.469343E+01  0.577021E+00  0.125862E+00
  0.469571E+01  0.731064E+00  0.126658E+00
  0.469799E+01  0.714255E+00  0.126448E+00
  0.470027E+01  0.589574E+00  0.126269E+00
  0.470255E+01  0.507872E+00  0.126079E+00
  0.470483E+01  0.738085E+00  0.127036E+00
  0.470711E+01  0.642766E+00  0.127183E+00
  0.470939E+01  0.788511E+00  0.127376E+00
  0.471167E+01  0.938511E+00  0.127742E+00
  0.471395E+01  0.701489E+00  0.127439E+00
  0.471623E+01  0.415106E+00  0.127073E+00
  0.471851E+01  0.614894E+00  0.127955E+00
  0.472079E+01  0.853617E+00  0.128220E+00
  0.472307E+01  0.902553E+00  0.128806E+00
  0.472536E+01  0.731915E+00  0.128388E+00
  0.472764E+01  0.589149E+00  0.128900E+00
  0.472992E+01  0.464894E+00  0.128856E+00
  0.473220E+01  0.417234E+00  0.129092E+00
  0.473448E+01  0.716809E+00  0.129295E+00
  0.473676E+01  0.104277E+01  0.129767E+00
  0.473904E+01  0.102149E+01  0.129934E+00
  0.474132E+01  0.861277E+00  0.129907E+00
  0.474360E+01  0.584681E+00  0.129686E+00
  0.474588E+01  0.478511E+00  0.130059E+00
  0.474816E+01  0.754043E+00  0.130678E+00
  0.475044E+01  0.819362E+00  0.131003E+00
  0.475272E+01  0.844043E+00  0.131138E+00
  0.475500E+01  0.104532E+01  0.130908E+00
  0.475728E+01  0.893404E+00  0.131243E+00
  0.475957E+01  0.100830E+01  0.131963E+00
  0.476185E+01  0.500851E+00  0.131292E+00
  0.476413E+01  0.413191E+00  0.131799E+00
  0.476641E+01  0.736383E+00  0.132500E+00
  0.476869E+01  0.670851E+00  0.132555E+00
  0.477097E+01  0.815532E+00  0.132655E+00
  0.477325E+01  0.741064E+00  0.132292E+00
  0.477553E+01  0.746596E+00  0.133120E+00
  0.477781E+01  0.453830E+00  0.133556E+00
  0.478009E+01  0.486596E+00  0.133834E+00
  0.478237E+01  0.619149E+00  0.133654E+00
  0.478465E+01  0.679787E+00  0.134259E+00
  0.478693E+01  0.595532E+00  0.133941E+00
  0.478921E+01  0.743830E+00  0.134676E+00
  0.479149E+01  0.531702E+00  0.134834E+00
  0.479378E+01  0.770851E+00  0.135235E+00
  0.479606E+01  0.708298E+00  0.135540E+00
  0.479834E+01  0.628085E+00  0.135486E+00
  0.480062E+01  0.707447E+00  0.135833E+00
  0.480290E+01  0.708723E+00  0.135936E+00
  0.480518E+01  0.662128E+00  0.136760E+00
  0.480746E+01  0.506596E+00  0.136588E+00
  0.480974E+01  0.921277E+00  0.137371E+00
  0.481202E+01  0.745957E+00  0.137095E+00
  0.481430E+01  0.867660E+00  0.137118E+00
  0.481658E+01  0.920000E+00  0.137604E+00
  0.481886E+01  0.697234E+00  0.138274E+00
  0.482114E+01  0.557234E+00  0.138182E+00
  0.482342E+01  0.850000E+00  0.139076E+00
  0.482571E+01  0.695106E+00  0.139146E+00
  0.482799E+01  0.943191E+00  0.139004E+00
  0.483027E+01  0.971702E+00  0.139520E+00
  0.483255E+01  0.989362E+00  0.139927E+00
  0.483483E+01  0.835319E+00  0.140272E+00
  0.483711E+01  0.858298E+00  0.140362E+00
  0.483939E+01  0.629362E+00  0.140670E+00
  0.484167E+01  0.445745E+00  0.141064E+00
  0.484395E+01  0.594681E+00  0.140994E+00
  0.484623E+01  0.784468E+00  0.141878E+00
  0.484851E+01  0.763404E+00  0.141970E+00
  0.485079E+01  0.961702E+00  0.142595E+00
  0.485307E+01  0.815532E+00  0.143041E+00
  0.485535E+01  0.908085E+00  0.142756E+00
  0.485763E+01  0.100000E+01  0.143466E+00
  0.485992E+01  0.109830E+01  0.143610E+00
  0.486220E+01  0.925106E+00  0.144245E+00
  0.486448E+01  0.744468E+00  0.144261E+00
  0.486676E+01  0.837660E+00  0.145055E+00
  0.486904E+01  0.823830E+00  0.144874E+00
  0.487132E+01  0.970213E+00  0.145600E+00
  0.487360E+01  0.102915E+01  0.146477E+00
  0.487588E+01  0.908085E+00  0.146689E+00
  0.487816E+01  0.960213E+00  0.146889E+00
  0.488044E+01  0.735319E+00  0.147332E+00
  0.488272E+01  0.104617E+01  0.147812E+00
  0.488500E+01  0.710638E+00  0.148005E+00
  0.488728E+01  0.605106E+00  0.148315E+00
  0.488956E+01  0.711277E+00  0.148640E+00
  0.489185E+01  0.813617E+00  0.149573E+00
  0.489413E+01  0.851702E+00  0.149740E+00
  0.489641E+01  0.934468E+00  0.150241E+00
  0.489869E+01  0.566596E+00  0.150806E+00
  0.490097E+01  0.456809E+00  0.150755E+00
  0.490325E+01  0.771702E+00  0.151471E+00
  0.490553E+01  0.105489E+01  0.151656E+00
  0.490781E+01  0.939149E+00  0.152861E+00
  0.491009E+01  0.670426E+00  0.152953E+00
  0.491237E+01  0.609362E+00  0.153405E+00
  0.491465E+01  0.625532E+00  0.154325E+00
  0.491693E+01  0.890213E+00  0.154448E+00
  0.491921E+01  0.113383E+01  0.155223E+00
  0.492149E+01  0.781915E+00  0.155844E+00
  0.492377E+01  0.691915E+00  0.155857E+00
  0.492606E+01  0.914043E+00  0.156889E+00
  0.492834E+01  0.941277E+00  0.156864E+00
  0.493062E+01  0.237447E+00  0.157526E+00
  0.493290E+01  0.290213E+00  0.158172E+00
  0.493518E+01  0.318936E+00  0.158634E+00
  0.493746E+01  0.666596E+00  0.159600E+00
  0.493974E+01  0.957021E+00  0.160711E+00
  0.494202E+01  0.925532E+00  0.160603E+00
  0.494430E+01  0.886809E+00  0.161501E+00
  0.494658E+01  0.625957E+00  0.162040E+00
  0.494886E+01  0.107617E+01  0.163269E+00
  0.495114E+01  0.100234E+01  0.163451E+00
  0.495342E+01  0.688298E+00  0.164443E+00
  0.495570E+01  0.678511E+00  0.164932E+00
  0.495799E+01  0.511277E+00  0.165798E+00
  0.496027E+01  0.578298E+00  0.165952E+00
  0.496255E+01  0.283191E+00  0.166849E+00
  0.496483E+01  0.417872E+00  0.167525E+00
  0.496711E+01  0.641489E+00  0.168810E+00
  0.496939E+01  0.566383E+00  0.169321E+00
  0.497167E+01  0.797447E+00  0.170260E+00
  0.497395E+01  0.635957E+00  0.171219E+00
  0.497623E+01  0.826383E+00  0.172775E+00
  0.497851E+01  0.879362E+00  0.173605E+00
  0.498079E+01  0.680213E+00  0.174620E+00
  0.498307E+01  0.756596E+00  0.174998E+00
  0.498535E+01  0.497447E+00  0.175617E+00
  0.498763E+01  0.310426E+00  0.176931E+00
  0.498991E+01  0.521489E+00  0.177998E+00
----------F:\SAXS\test.dat-----------------------------
raw data file E:\data\Users2006\Keller.0706\kel_107.mar2300                     
Sample:     Der p 21     c=4.5  mg/ml Code :                                    
X33 MAR345 data take                                                            
Start: Tue Jul 11 11:09:24 2006End: 11:12:50                                    
Processed by MAR-PRIMUS: Tue Jul 11 11:13:06 2006                               
 Channels from 1  to         2511                                               
  Angular axis file saxis_20060629.dat                                          
 BeamCenter_X=    2223.300       BeamCenter_Y=    1132.900                      
 Datector response file none Mask file mask_20060629.msk                        
 Calibration channel            3                                               
 Scale factor   1000.00000000000       Offset    1000.00000000000               
----------F:\SAXS\Avrag06.dat-----------------------------
 Average of: kel_106.da  kel_108.da  kel_110.da                                 
kel_106.dat   Conc = .10E+01  Mult = .10E+01  N1 =    1  N2 = 2146  SCALE =  1  
kel_108.dat   Conc = .10E+01  Mult = .10E+01  N1 =    1  N2 = 2146  SCALE =  1  
kel_110.dat   Conc = .10E+01  Mult = .10E+01  N1 =    1  N2 = 2146  SCALE =  1  
