Sample description: primus/qt temporary file
Sample: primus/qt tempo  c= 5.5 mg/ml  Code: tmp
Parent(s): F:/old/GRUBER2/data/processed/merge_005.dat
 1.993590e-002  2.832950e+003  2.448690e+003
 2.257060e-002  2.609120e+003  8.929920e+002
 2.520520e-002  1.560530e+003  6.402430e+002
 2.783990e-002  1.894090e+003  4.693250e+002
 3.047450e-002  1.701550e+003  3.467170e+002
 3.310920e-002  2.071940e+003  2.668820e+002
 3.574380e-002  1.801100e+003  2.129920e+002
 3.837850e-002  1.781090e+003  1.815610e+002
 4.101320e-002  1.870450e+003  1.497400e+002
 4.364780e-002  1.918830e+003  1.318700e+002
 4.628250e-002  1.955880e+003  1.127710e+002
 4.891710e-002  1.860070e+003  9.764780e+001
 5.155180e-002  1.910640e+003  8.726700e+001
 5.418640e-002  1.832760e+003  7.642260e+001
 5.682110e-002  1.845520e+003  7.116860e+001
 5.945570e-002  1.814130e+003  6.421520e+001
 6.209040e-002  1.864000e+003  5.844840e+001
 6.472500e-002  1.779660e+003  5.539930e+001
 6.735970e-002  1.798860e+003  5.070640e+001
 6.999440e-002  1.880640e+003  4.878400e+001
 7.262900e-002  1.833060e+003  4.531510e+001
 7.526370e-002  1.874460e+003  4.331570e+001
 7.789830e-002  1.779050e+003  4.143890e+001
 8.053300e-002  1.793490e+003  3.914310e+001
 8.316760e-002  1.743200e+003  3.810670e+001
 8.580230e-002  1.779260e+003  3.669710e+001
 8.843690e-002  1.794030e+003  3.546500e+001
 9.107160e-002  1.758970e+003  3.429180e+001
 9.370620e-002  1.752830e+003  3.324890e+001
 9.634090e-002  1.771330e+003  3.247280e+001
 9.897560e-002  1.730930e+003  3.136480e+001
 1.016100e-001  1.776810e+003  3.102850e+001
 1.042450e-001  1.756880e+003  2.963350e+001
 1.068800e-001  1.757380e+003  2.936470e+001
 1.095140e-001  1.744700e+003  2.920540e+001
 1.121490e-001  1.758880e+003  2.806960e+001
 1.147830e-001  1.735950e+003  2.752190e+001
 1.174180e-001  1.720290e+003  2.683180e+001
 1.200530e-001  1.725680e+003  2.682700e+001
 1.226870e-001  1.693080e+003  2.624700e+001
 1.253220e-001  1.714500e+003  2.560480e+001
 1.279570e-001  1.739370e+003  2.546710e+001
 1.305910e-001  1.732530e+003  2.487840e+001
 1.332260e-001  1.700660e+003  2.490890e+001
 1.358610e-001  1.702820e+003  2.437280e+001
 1.384950e-001  1.717070e+003  2.410780e+001
 1.411300e-001  1.684920e+003  2.382190e+001
 1.437650e-001  1.677060e+003  2.306110e+001
 1.463990e-001  1.669690e+003  2.306290e+001
 1.490340e-001  1.651000e+003  2.252560e+001
 1.516690e-001  1.659000e+003  2.248440e+001
 1.543030e-001  1.665290e+003  2.308150e+001
 1.569380e-001  1.644060e+003  2.290860e+001
 1.595730e-001  1.654220e+003  2.293620e+001
 1.622070e-001  1.632290e+003  2.269840e+001
 1.648420e-001  1.649560e+003  2.298810e+001
 1.674770e-001  1.648630e+003  2.293340e+001
 1.701110e-001  1.645230e+003  2.283360e+001
 1.727460e-001  1.630440e+003  2.272210e+001
 1.753810e-001  1.638230e+003  2.255000e+001
 1.780150e-001  1.632980e+003  2.253540e+001
 1.806500e-001  1.614090e+003  2.231030e+001
 1.832840e-001  1.589170e+003  2.229390e+001
 1.859190e-001  1.585120e+003  2.215030e+001
 1.885540e-001  1.582690e+003  2.180120e+001
 1.911880e-001  1.575330e+003  2.192140e+001
 1.938230e-001  1.627860e+003  2.186490e+001
 1.964580e-001  1.591400e+003  2.187340e+001
 1.990920e-001  1.587640e+003  2.178590e+001
 2.017270e-001  1.541600e+003  2.129530e+001
 2.043620e-001  1.521040e+003  2.106990e+001
 2.069960e-001  1.535760e+003  2.090530e+001
 2.096310e-001  1.534120e+003  2.120350e+001
 2.122660e-001  1.548100e+003  2.084640e+001
 2.149000e-001  1.530450e+003  2.086100e+001
 2.175350e-001  1.542810e+003  2.081780e+001
 2.201700e-001  1.540920e+003  2.076190e+001
 2.228040e-001  1.548070e+003  2.089010e+001
 2.254390e-001  1.529440e+003  2.034830e+001
 2.280740e-001  1.529390e+003  2.036850e+001
 2.307080e-001  1.520580e+003  2.016810e+001
 2.333430e-001  1.531890e+003  2.023840e+001
 2.359780e-001  1.524020e+003  2.028620e+001
 2.386120e-001  1.506440e+003  1.988970e+001
 2.412470e-001  1.473160e+003  1.983630e+001
 2.438820e-001  1.497010e+003  1.977270e+001
 2.465160e-001  1.451900e+003  1.961840e+001
 2.491510e-001  1.482810e+003  1.968010e+001
 2.517860e-001  1.494790e+003  1.953670e+001
 2.544200e-001  1.466490e+003  1.957760e+001
 2.570550e-001  1.480570e+003  1.919650e+001
 2.596890e-001  1.452230e+003  1.912320e+001
 2.623240e-001  1.439410e+003  1.912870e+001
 2.649590e-001  1.427850e+003  1.905310e+001
 2.675930e-001  1.424070e+003  1.897220e+001
 2.702280e-001  1.421850e+003  1.865800e+001
 2.728630e-001  1.448930e+003  1.887260e+001
 2.754970e-001  1.428320e+003  1.860200e+001
 2.781320e-001  1.412570e+003  1.131430e+001
 2.807670e-001  1.398270e+003  9.533720e+000
 2.834010e-001  1.390300e+003  9.462610e+000
 2.860360e-001  1.373920e+003  9.402070e+000
 2.886710e-001  1.373950e+003  9.302740e+000
 2.913050e-001  1.368730e+003  9.284650e+000
 2.939400e-001  1.370810e+003  9.296320e+000
 2.965750e-001  1.355360e+003  9.179400e+000
 2.992090e-001  1.344370e+003  9.202410e+000
 3.018440e-001  1.337900e+003  9.020650e+000
 3.044790e-001  1.329730e+003  9.050930e+000
 3.071130e-001  1.325500e+003  9.036430e+000
 3.097480e-001  1.322160e+003  9.021750e+000
 3.123830e-001  1.317930e+003  8.965940e+000
 3.150170e-001  1.303480e+003  8.805320e+000
 3.176520e-001  1.298030e+003  8.877530e+000
 3.202870e-001  1.293400e+003  8.783640e+000
 3.229210e-001  1.288250e+003  8.796820e+000
 3.255560e-001  1.266890e+003  8.746440e+000
 3.281900e-001  1.262150e+003  8.619980e+000
 3.308250e-001  1.254840e+003  8.655260e+000
 3.334600e-001  1.247280e+003  8.548150e+000
 3.360940e-001  1.235090e+003  8.531170e+000
 3.387290e-001  1.228230e+003  8.444320e+000
 3.413640e-001  1.229870e+003  8.405670e+000
 3.439980e-001  1.217400e+003  8.436460e+000
 3.466330e-001  1.205920e+003  8.293710e+000
 3.492680e-001  1.200960e+003  8.337500e+000
 3.519020e-001  1.199010e+003  8.311020e+000
 3.545370e-001  1.193320e+003  8.294090e+000
 3.571720e-001  1.183480e+003  8.319900e+000
 3.598060e-001  1.166540e+003  8.397460e+000
 3.624410e-001  1.164580e+003  8.529450e+000
 3.650760e-001  1.155550e+003  8.552580e+000
 3.677100e-001  1.151900e+003  8.631990e+000
 3.703450e-001  1.138650e+003  8.632800e+000
 3.729800e-001  1.136670e+003  8.689550e+000
 3.756140e-001  1.115410e+003  8.753580e+000
 3.782490e-001  1.115540e+003  8.667500e+000
 3.808840e-001  1.113700e+003  8.784450e+000
 3.835180e-001  1.104940e+003  8.696670e+000
 3.861530e-001  1.096780e+003  8.802360e+000
 3.887880e-001  1.084570e+003  8.824620e+000
 3.914220e-001  1.080940e+003  8.738600e+000
 3.940570e-001  1.074340e+003  8.835080e+000
 3.966910e-001  1.066360e+003  8.734420e+000
 3.993260e-001  1.066380e+003  8.818820e+000
 4.019610e-001  1.046100e+003  8.763650e+000
 4.045950e-001  1.037030e+003  8.771320e+000
 4.072300e-001  1.038660e+003  8.847970e+000
 4.098650e-001  1.019720e+003  8.714410e+000
 4.124990e-001  1.010000e+003  9.277780e+000
 4.151340e-001  1.004890e+003  2.408630e+001
 4.177690e-001  9.983570e+002  3.749710e+000
 4.204030e-001  9.932590e+002  3.705470e+000
 4.230380e-001  9.842440e+002  3.627160e+000
 4.256730e-001  9.765030e+002  3.622900e+000
 4.283070e-001  9.676850e+002  3.550910e+000
 4.309420e-001  9.616560e+002  3.539470e+000
 4.335770e-001  9.529910e+002  3.528320e+000
 4.362110e-001  9.438480e+002  3.452140e+000
 4.388460e-001  9.388000e+002  3.443080e+000
 4.414810e-001  9.314350e+002  3.385610e+000
 4.441150e-001  9.187660e+002  3.379300e+000
 4.467500e-001  9.164410e+002  3.346870e+000
 4.493850e-001  9.087060e+002  3.320370e+000
 4.520190e-001  8.972800e+002  3.307080e+000
 4.546540e-001  8.899410e+002  3.256400e+000
 4.572890e-001  8.842680e+002  3.262000e+000
 4.599230e-001  8.730630e+002  3.213710e+000
 4.625580e-001  8.728080e+002  3.198580e+000
 4.651930e-001  8.642690e+002  3.188360e+000
 4.678270e-001  8.524950e+002  3.128520e+000
 4.704620e-001  8.453660e+002  3.130670e+000
 4.730960e-001  8.361500e+002  3.081680e+000
 4.757310e-001  8.319860e+002  3.108360e+000
 4.783660e-001  8.271690e+002  3.079350e+000
 4.810000e-001  8.189000e+002  3.029510e+000
 4.836350e-001  8.141930e+002  3.033490e+000
 4.862700e-001  8.065610e+002  2.989620e+000
 4.889040e-001  7.942630e+002  2.995940e+000
 4.915390e-001  7.917540e+002  2.957370e+000
 4.941740e-001  7.850910e+002  2.937520e+000
 4.968080e-001  7.793300e+002  2.952130e+000
 4.994430e-001  7.735020e+002  2.926660e+000
 5.020780e-001  7.642780e+002  2.889040e+000
 5.047120e-001  7.508490e+002  2.842880e+000
 5.073470e-001  7.452610e+002  2.831120e+000
 5.099820e-001  7.393920e+002  2.830040e+000
 5.126160e-001  7.298360e+002  2.798210e+000
 5.152510e-001  7.253980e+002  2.780270e+000
 5.178860e-001  7.200730e+002  2.760620e+000
 5.205200e-001  7.151600e+002  2.750880e+000
 5.231550e-001  7.045570e+002  2.732590e+000
 5.257900e-001  7.021840e+002  2.716360e+000
 5.284240e-001  6.901370e+002  2.729350e+000
 5.310590e-001  6.822520e+002  2.741610e+000
 5.336940e-001  6.818570e+002  2.765420e+000
 5.363280e-001  6.751080e+002  2.752370e+000
 5.389630e-001  6.669310e+002  2.753430e+000
 5.415970e-001  6.600950e+002  2.771180e+000
 5.442320e-001  6.503040e+002  2.775940e+000
 5.468670e-001  6.439800e+002  2.745310e+000
 5.495010e-001  6.420820e+002  2.730390e+000
 5.521360e-001  6.293700e+002  2.697890e+000
 5.547710e-001  6.274530e+002  2.696310e+000
 5.574050e-001  6.196110e+002  2.650790e+000
 5.600400e-001  6.137040e+002  2.605160e+000
 5.626750e-001  6.093010e+002  2.581830e+000
 5.653090e-001  5.992600e+002  2.538180e+000
 5.679440e-001  5.917140e+002  2.506590e+000
 5.705790e-001  5.895620e+002  2.478650e+000
 5.732130e-001  5.819430e+002  2.458130e+000
 5.758480e-001  5.743660e+002  2.439960e+000
 5.784830e-001  5.713620e+002  2.424230e+000
 5.811170e-001  5.660670e+002  2.393250e+000
 5.837520e-001  5.563130e+002  2.381060e+000
 5.863870e-001  5.491300e+002  2.369660e+000
 5.890210e-001  5.460410e+002  2.352040e+000
 5.916560e-001  5.384450e+002  2.323410e+000
 5.942910e-001  5.366660e+002  2.312660e+000
 5.969250e-001  5.318440e+002  2.305970e+000
 5.995600e-001  5.259550e+002  2.284170e+000
 6.021950e-001  5.175840e+002  2.261400e+000
 6.048290e-001  5.100960e+002  2.247350e+000
 6.074640e-001  5.045310e+002  2.225750e+000
 6.100980e-001  4.971640e+002  2.230140e+000
 6.127330e-001  4.909850e+002  2.187280e+000
 6.153680e-001  4.863210e+002  2.178640e+000
 6.180020e-001  4.817570e+002  2.170980e+000
 6.206370e-001  4.761420e+002  2.158690e+000
 6.232720e-001  4.715090e+002  2.154640e+000
 6.259060e-001  4.663390e+002  2.113120e+000
 6.285410e-001  4.599280e+002  2.108980e+000
 6.311760e-001  4.526020e+002  2.087040e+000
 6.338100e-001  4.494770e+002  2.076310e+000
 6.364450e-001  4.443270e+002  2.064010e+000
 6.390800e-001  4.347420e+002  2.029660e+000
 6.417140e-001  4.307320e+002  2.024590e+000
 6.443490e-001  4.273230e+002  2.006450e+000
 6.469840e-001  4.223390e+002  1.989880e+000
 6.496180e-001  4.152630e+002  1.972830e+000
 6.522530e-001  4.115630e+002  1.957090e+000
 6.548880e-001  4.058870e+002  1.953050e+000
 6.575220e-001  4.032770e+002  1.916750e+000
 6.601570e-001  3.970640e+002  1.914240e+000
 6.627920e-001  3.915140e+002  1.889660e+000
 6.654260e-001  3.884950e+002  1.885840e+000
 6.680610e-001  3.813650e+002  1.892320e+000
 6.706960e-001  3.772820e+002  1.860690e+000
 6.733300e-001  3.712790e+002  1.858720e+000
 6.759650e-001  3.682430e+002  1.841770e+000
 6.786000e-001  3.638900e+002  1.839590e+000
 6.812340e-001  3.585120e+002  1.824710e+000
 6.838690e-001  3.558830e+002  1.807840e+000
 6.865030e-001  3.502950e+002  1.816750e+000
 6.891380e-001  3.462510e+002  1.786620e+000
 6.917730e-001  3.404350e+002  1.786560e+000
 6.944070e-001  3.344930e+002  1.764760e+000
 6.970420e-001  3.304690e+002  1.746530e+000
 6.996770e-001  3.273240e+002  1.755200e+000
 7.023110e-001  3.217110e+002  1.718000e+000
 7.049460e-001  3.163940e+002  1.715580e+000
 7.075810e-001  3.123180e+002  1.710030e+000
 7.102150e-001  3.102230e+002  1.693090e+000
 7.128500e-001  3.056850e+002  1.692800e+000
 7.154850e-001  3.014690e+002  1.660940e+000
 7.181190e-001  2.965010e+002  1.659810e+000
 7.207540e-001  2.902790e+002  1.637580e+000
 7.233890e-001  2.887660e+002  1.639350e+000
 7.260230e-001  2.856970e+002  1.625060e+000
 7.286580e-001  2.802170e+002  1.607640e+000
 7.312930e-001  2.753770e+002  1.605190e+000
 7.339270e-001  2.728880e+002  1.591520e+000
 7.365620e-001  2.676560e+002  1.577900e+000
 7.391970e-001  2.642200e+002  1.571340e+000
 7.418310e-001  2.590380e+002  1.552160e+000
 7.444660e-001  2.554520e+002  1.548630e+000
 7.471010e-001  2.528950e+002  1.530880e+000
 7.497350e-001  2.494520e+002  1.524080e+000
 7.523700e-001  2.442790e+002  1.512980e+000
 7.550040e-001  2.405170e+002  1.519520e+000
 7.576390e-001  2.382930e+002  1.536540e+000
 7.602740e-001  2.327560e+002  1.530460e+000
 7.629080e-001  2.291550e+002  1.539300e+000
 7.655430e-001  2.262660e+002  1.545120e+000
 7.681780e-001  2.238090e+002  1.546190e+000
 7.708120e-001  2.210380e+002  1.537100e+000
 7.734470e-001  2.163830e+002  1.534490e+000
 7.760820e-001  2.133120e+002  1.534030e+000
 7.787160e-001  2.101220e+002  1.518210e+000
 7.813510e-001  2.085940e+002  1.517430e+000
 7.839860e-001  2.052070e+002  1.488120e+000
 7.866200e-001  2.009240e+002  1.455770e+000
 7.892550e-001  1.981690e+002  1.437360e+000
 7.918900e-001  1.953470e+002  1.413240e+000
 7.945240e-001  1.935280e+002  1.405170e+000
 7.971590e-001  1.904510e+002  1.380000e+000
 7.997940e-001  1.862410e+002  1.378080e+000
 8.024280e-001  1.827880e+002  1.357880e+000
 8.050630e-001  1.804670e+002  1.344850e+000
 8.076980e-001  1.770420e+002  1.338650e+000
 8.103320e-001  1.733750e+002  1.324620e+000
 8.129670e-001  1.718250e+002  1.316550e+000
 8.156020e-001  1.692900e+002  1.306320e+000
 8.182360e-001  1.672480e+002  1.295910e+000
 8.208710e-001  1.625470e+002  1.291190e+000
 8.235050e-001  1.602200e+002  1.280830e+000
 8.261400e-001  1.593320e+002  1.272330e+000
 8.287750e-001  1.575200e+002  1.260570e+000
 8.314090e-001  1.532310e+002  1.257690e+000
 8.340440e-001  1.504770e+002  1.245460e+000
 8.366790e-001  1.480160e+002  1.233990e+000
 8.393130e-001  1.441180e+002  1.223950e+000
 8.419480e-001  1.429020e+002  1.211270e+000
 8.445830e-001  1.405530e+002  1.210950e+000
 8.472170e-001  1.386490e+002  1.196710e+000
 8.498520e-001  1.360390e+002  1.182010e+000
 8.524870e-001  1.340580e+002  1.180910e+000
 8.551210e-001  1.314830e+002  1.168030e+000
 8.577560e-001  1.286230e+002  1.162100e+000
 8.603910e-001  1.272830e+002  1.148880e+000
 8.630250e-001  1.249580e+002  1.146010e+000
 8.656600e-001  1.232720e+002  1.142760e+000
 8.682950e-001  1.203160e+002  1.129830e+000
 8.709290e-001  1.202200e+002  1.137070e+000
 8.735640e-001  1.168950e+002  1.115990e+000
 8.761990e-001  1.140760e+002  1.116040e+000
 8.788330e-001  1.122740e+002  1.115480e+000
 8.814680e-001  1.102400e+002  1.102140e+000
 8.841030e-001  1.091530e+002  1.105540e+000
 8.867370e-001  1.064970e+002  1.093620e+000
 8.893720e-001  1.041350e+002  1.090630e+000
 8.920070e-001  1.044840e+002  1.083340e+000
 8.946410e-001  1.000090e+002  1.069490e+000
 8.972760e-001  9.850330e+001  1.072100e+000
 8.999100e-001  9.755740e+001  1.059960e+000
 9.025450e-001  9.690720e+001  1.063800e+000
 9.051800e-001  9.509040e+001  1.047560e+000
 9.078140e-001  9.327110e+001  1.042330e+000
 9.104490e-001  9.183440e+001  1.043220e+000
 9.130840e-001  8.919820e+001  1.031090e+000
 9.157180e-001  8.714750e+001  1.033900e+000
 9.183530e-001  8.619440e+001  1.043930e+000
 9.209880e-001  8.446130e+001  1.056610e+000
 9.236220e-001  8.379080e+001  1.061930e+000
 9.262570e-001  8.224840e+001  1.055170e+000
 9.288920e-001  8.164680e+001  1.065360e+000
 9.315260e-001  8.007810e+001  1.058680e+000
 9.341610e-001  7.769840e+001  1.064390e+000
 9.367960e-001  7.695710e+001  1.060380e+000
 9.394300e-001  7.454480e+001  1.054050e+000
 9.420650e-001  7.388440e+001  1.062010e+000
 9.447000e-001  7.267060e+001  1.057630e+000
 9.473340e-001  7.224670e+001  1.068380e+000
 9.499690e-001  7.069190e+001  1.048840e+000
 9.526040e-001  6.969420e+001  1.058630e+000
 9.552380e-001  6.735090e+001  1.056660e+000
 9.578730e-001  6.617030e+001  1.052030e+000
 9.605080e-001  6.585610e+001  1.053900e+000
 9.631420e-001  6.568620e+001  1.049640e+000
 9.657770e-001  6.424840e+001  1.058700e+000
 9.684110e-001  6.248650e+001  1.056130e+000
 9.710460e-001  6.210650e+001  1.034640e+000
 9.736810e-001  6.141930e+001  1.020400e+000
 9.763150e-001  5.951550e+001  9.978060e-001
 9.789500e-001  5.784390e+001  9.944210e-001
 9.815850e-001  5.841990e+001  9.874520e-001
 9.842190e-001  5.603470e+001  9.708500e-001
 9.868540e-001  5.439270e+001  9.637350e-001
 9.894890e-001  5.473020e+001  9.579840e-001
 9.921230e-001  5.336210e+001  9.552550e-001
 9.947580e-001  5.182760e+001  9.418120e-001
 9.973930e-001  5.294100e+001  9.428390e-001
 1.000030e+000  5.241990e+001  9.416060e-001
 1.002660e+000  5.094320e+001  9.303700e-001
 1.005300e+000  5.022310e+001  9.263970e-001
 1.007930e+000  4.837420e+001  9.136680e-001
 1.010570e+000  4.831360e+001  9.227440e-001
 1.013200e+000  4.721460e+001  9.120570e-001
 1.015840e+000  4.717340e+001  9.075480e-001
 1.018470e+000  4.715140e+001  9.078600e-001
 1.021100e+000  4.573260e+001  8.988970e-001
 1.023740e+000  4.527500e+001  9.007260e-001
 1.026370e+000  4.395560e+001  8.892060e-001
 1.029010e+000  4.311630e+001  8.947880e-001
 1.031640e+000  4.381500e+001  8.845440e-001
 1.034280e+000  4.421420e+001  8.871630e-001
 1.036910e+000  4.232570e+001  8.791470e-001
 1.039550e+000  4.218620e+001  8.727380e-001
 1.042180e+000  4.145580e+001  8.719990e-001
 1.044820e+000  3.999280e+001  8.695560e-001
 1.047450e+000  3.941560e+001  8.641430e-001
 1.050090e+000  4.038470e+001  8.664320e-001
 1.052720e+000  3.966420e+001  8.536830e-001
 1.055360e+000  3.855730e+001  8.557470e-001
 1.057990e+000  3.804060e+001  8.524040e-001
 1.060620e+000  3.754480e+001  8.470340e-001
 1.063260e+000  3.742160e+001  8.454320e-001
 1.065890e+000  3.708420e+001  8.351400e-001
 1.068530e+000  3.745130e+001  8.415160e-001
 1.071160e+000  3.591910e+001  8.342820e-001
 1.073800e+000  3.589090e+001  8.381420e-001
 1.076430e+000  3.568500e+001  8.293080e-001
 1.079070e+000  3.503680e+001  8.252000e-001
 1.081700e+000  3.423690e+001  8.253160e-001
 1.084340e+000  3.509820e+001  8.231700e-001
 1.086970e+000  3.475090e+001  8.199150e-001
 1.089610e+000  3.352460e+001  8.193380e-001
 1.092240e+000  3.435880e+001  8.199060e-001
 1.094870e+000  3.391870e+001  8.136230e-001
 1.097510e+000  3.349810e+001  8.135200e-001
 1.100140e+000  3.261640e+001  8.117020e-001
 1.102780e+000  3.117850e+001  8.079950e-001
 1.105410e+000  3.275470e+001  8.031580e-001
 1.108050e+000  3.273640e+001  8.068250e-001
 1.110680e+000  3.194920e+001  8.055280e-001
 1.113320e+000  3.134980e+001  8.084130e-001
 1.115950e+000  3.046370e+001  7.953270e-001
 1.118590e+000  3.100200e+001  8.011250e-001
 1.121220e+000  3.036220e+001  7.959540e-001
 1.123860e+000  2.983870e+001  7.989160e-001
 1.126490e+000  3.054950e+001  7.962070e-001
 1.129130e+000  2.990080e+001  7.917280e-001
 1.131760e+000  2.985960e+001  7.908420e-001
 1.134390e+000  2.887420e+001  7.856920e-001
 1.137030e+000  2.966270e+001  7.916580e-001
 1.139660e+000  3.045570e+001  7.869800e-001
 1.142300e+000  2.956710e+001  7.860090e-001
 1.144930e+000  2.961540e+001  7.878650e-001
 1.147570e+000  2.858300e+001  7.822780e-001
 1.150200e+000  2.888810e+001  7.805420e-001
 1.152840e+000  2.890170e+001  7.838470e-001
 1.155470e+000  2.875650e+001  7.777070e-001
 1.158110e+000  2.884130e+001  7.818440e-001
 1.160740e+000  2.817960e+001  7.704340e-001
 1.163380e+000  2.867320e+001  7.779800e-001
 1.166010e+000  2.902410e+001  7.711150e-001
 1.168650e+000  2.834340e+001  7.734300e-001
 1.171280e+000  2.865390e+001  7.738660e-001
 1.173910e+000  2.788940e+001  7.657610e-001
 1.176550e+000  2.773960e+001  7.721500e-001
 1.179180e+000  2.771280e+001  7.650740e-001
 1.181820e+000  2.840120e+001  7.720150e-001
 1.184450e+000  2.793170e+001  7.636640e-001
 1.187090e+000  2.815650e+001  7.629540e-001
 1.189720e+000  2.727740e+001  7.607250e-001
 1.192360e+000  2.841850e+001  7.613650e-001
 1.194990e+000  2.869920e+001  7.595030e-001
 1.197630e+000  2.852630e+001  7.577160e-001
 1.200260e+000  2.899000e+001  7.576240e-001
 1.202900e+000  2.895760e+001  7.578240e-001
 1.205530e+000  2.819640e+001  7.504470e-001
 1.208170e+000  2.749600e+001  7.563380e-001
 1.210800e+000  2.823120e+001  7.526390e-001
 1.213430e+000  2.854520e+001  7.495550e-001
 1.216070e+000  2.803080e+001  7.482930e-001
 1.218700e+000  2.750580e+001  7.439720e-001
 1.221340e+000  2.833870e+001  7.527920e-001
 1.223970e+000  2.721500e+001  7.459460e-001
 1.226610e+000  2.702930e+001  7.485840e-001
 1.229240e+000  2.701710e+001  7.437400e-001
 1.231880e+000  2.848050e+001  7.486090e-001
 1.234510e+000  2.755070e+001  7.465100e-001
 1.237150e+000  2.832750e+001  7.467920e-001
 1.239780e+000  2.762520e+001  7.423860e-001
 1.242420e+000  2.720700e+001  7.432410e-001
 1.245050e+000  2.752190e+001  7.475770e-001
 1.247680e+000  2.751510e+001  7.467230e-001
 1.250320e+000  2.727150e+001  7.415050e-001
 1.252950e+000  2.700220e+001  7.419910e-001
 1.255590e+000  2.806810e+001  7.416090e-001
 1.258220e+000  2.735070e+001  7.420700e-001
 1.260860e+000  2.715230e+001  7.411980e-001
 1.263490e+000  2.692000e+001  7.330620e-001
 1.266130e+000  2.843690e+001  7.416060e-001
 1.268760e+000  2.826530e+001  7.377880e-001
 1.271400e+000  2.828040e+001  7.392410e-001
 1.274030e+000  2.741890e+001  7.325410e-001
 1.276670e+000  2.757690e+001  7.372480e-001
 1.279300e+000  2.649830e+001  7.321670e-001
 1.281940e+000  2.739980e+001  7.326780e-001
 1.284570e+000  2.754600e+001  7.309640e-001
 1.287200e+000  2.901770e+001  7.306590e-001
 1.289840e+000  2.906080e+001  7.381750e-001
 1.292470e+000  2.838820e+001  7.329770e-001
 1.295110e+000  2.837420e+001  7.288890e-001
 1.297740e+000  2.798160e+001  7.211020e-001
 1.300380e+000  2.766750e+001  7.285290e-001
 1.303010e+000  2.857120e+001  7.298610e-001
 1.305650e+000  2.809340e+001  7.294600e-001
 1.308280e+000  2.813090e+001  7.247400e-001
 1.310920e+000  2.770850e+001  7.241560e-001
 1.313550e+000  2.803940e+001  7.224870e-001
 1.316190e+000  2.874680e+001  7.262400e-001
 1.318820e+000  2.700180e+001  7.167150e-001
 1.321460e+000  2.744210e+001  7.189520e-001
 1.324090e+000  2.778770e+001  7.193500e-001
 1.326720e+000  2.757020e+001  7.194220e-001
 1.329360e+000  2.775020e+001  7.209220e-001
 1.331990e+000  2.780630e+001  7.174830e-001
 1.334630e+000  2.714290e+001  7.194110e-001
 1.337260e+000  2.859430e+001  7.214480e-001
 1.339900e+000  2.902570e+001  7.194150e-001
 1.342530e+000  2.914340e+001  7.134610e-001
 1.345170e+000  2.878180e+001  7.149730e-001
 1.347800e+000  2.829680e+001  7.131660e-001
 1.350440e+000  2.804640e+001  7.133300e-001
 1.353070e+000  2.797040e+001  7.101730e-001
 1.355710e+000  2.811690e+001  7.126530e-001
 1.358340e+000  2.823880e+001  7.132280e-001
 1.360970e+000  2.866780e+001  7.094850e-001
 1.363610e+000  2.813460e+001  7.066270e-001
 1.366240e+000  2.827640e+001  7.084550e-001
 1.368880e+000  2.895490e+001  7.125070e-001
 1.371510e+000  2.807650e+001  7.076370e-001
 1.374150e+000  2.930080e+001  7.110160e-001
 1.376780e+000  2.839120e+001  7.033890e-001
 1.379420e+000  2.762810e+001  7.050180e-001
 1.382050e+000  2.808620e+001  7.027970e-001
 1.384690e+000  2.775770e+001  7.057810e-001
 1.387320e+000  2.764280e+001  6.999680e-001
 1.389960e+000  2.887880e+001  7.054880e-001
 1.392590e+000  2.864110e+001  7.040100e-001
 1.395230e+000  2.776400e+001  6.970150e-001
 1.397860e+000  2.833720e+001  7.003420e-001
 1.400490e+000  2.805450e+001  7.015020e-001
 1.403130e+000  2.786620e+001  7.030350e-001
 1.405760e+000  2.790630e+001  7.020850e-001
 1.408400e+000  2.757210e+001  6.953810e-001
 1.411030e+000  2.810710e+001  6.979730e-001
 1.413670e+000  2.742190e+001  6.990170e-001
 1.416300e+000  2.868960e+001  6.966550e-001
 1.418940e+000  2.715060e+001  6.986140e-001
 1.421570e+000  2.677350e+001  6.899300e-001
 1.424210e+000  2.737550e+001  6.970600e-001
 1.426840e+000  2.753300e+001  6.897580e-001
 1.429480e+000  2.703760e+001  6.907160e-001
 1.432110e+000  2.695230e+001  6.914770e-001
 1.434750e+000  2.664520e+001  6.924010e-001
 1.437380e+000  2.720700e+001  6.935540e-001
 1.440010e+000  2.694390e+001  6.859220e-001
 1.442650e+000  2.616390e+001  6.873610e-001
 1.445280e+000  2.688060e+001  6.862090e-001
 1.447920e+000  2.693720e+001  6.898380e-001
 1.450550e+000  2.735070e+001  6.860230e-001
 1.453190e+000  2.738060e+001  6.851820e-001
 1.455820e+000  2.707910e+001  6.847790e-001
 1.458460e+000  2.754050e+001  6.883020e-001
 1.461090e+000  2.780670e+001  6.854760e-001
 1.463730e+000  2.809040e+001  6.893070e-001
 1.466360e+000  2.817490e+001  6.827500e-001
 1.469000e+000  2.695020e+001  6.896210e-001
 1.471630e+000  2.697240e+001  6.828810e-001
 1.474270e+000  2.621020e+001  6.845370e-001
 1.476900e+000  2.635780e+001  6.922140e-001
 1.479530e+000  2.730870e+001  6.993030e-001
 1.482170e+000  2.662970e+001  7.123850e-001
 1.484800e+000  2.704660e+001  7.065880e-001
 1.487440e+000  2.704130e+001  7.147000e-001
 1.490070e+000  2.683880e+001  7.125720e-001
 1.492710e+000  2.605650e+001  7.179630e-001
 1.495340e+000  2.602940e+001  7.185840e-001
 1.497980e+000  2.700650e+001  7.221000e-001
 1.500610e+000  2.565000e+001  7.236700e-001
 1.503250e+000  2.609110e+001  7.243510e-001
 1.505880e+000  2.556910e+001  7.225850e-001
 1.508520e+000  2.642880e+001  7.290220e-001
 1.511150e+000  2.591100e+001  7.292960e-001
 1.513780e+000  2.556860e+001  7.315920e-001
 1.516420e+000  2.578820e+001  7.307360e-001
 1.519050e+000  2.484460e+001  7.293750e-001
 1.521690e+000  2.511950e+001  7.354570e-001
 1.524320e+000  2.530580e+001  7.325490e-001
 1.526960e+000  2.572740e+001  7.423640e-001
 1.529590e+000  2.539420e+001  7.286890e-001
 1.532230e+000  2.537810e+001  7.237450e-001
 1.534860e+000  2.599230e+001  7.165340e-001
 1.537500e+000  2.497960e+001  7.118080e-001
 1.540130e+000  2.519690e+001  7.065930e-001
 1.542770e+000  2.519840e+001  7.058820e-001
 1.545400e+000  2.617490e+001  7.053640e-001
 1.548040e+000  2.581320e+001  7.003070e-001
 1.550670e+000  2.456340e+001  6.969210e-001
 1.553300e+000  2.420230e+001  6.940970e-001
 1.555940e+000  2.467820e+001  6.963130e-001
 1.558570e+000  2.513390e+001  6.950920e-001
 1.561210e+000  2.457610e+001  6.889440e-001
 1.563840e+000  2.365030e+001  6.845510e-001
 1.566480e+000  2.381170e+001  6.836500e-001
 1.569110e+000  2.416220e+001  6.857270e-001
 1.571750e+000  2.349960e+001  6.855850e-001
 1.574380e+000  2.422650e+001  6.752000e-001
 1.577020e+000  2.463370e+001  6.805310e-001
 1.579650e+000  2.381420e+001  6.723610e-001
 1.582290e+000  2.395990e+001  6.813530e-001
 1.584920e+000  2.367800e+001  6.746910e-001
 1.587560e+000  2.396990e+001  6.714200e-001
 1.590190e+000  2.280880e+001  6.747080e-001
 1.592820e+000  2.353180e+001  6.705350e-001
 1.595460e+000  2.443050e+001  6.753140e-001
 1.598090e+000  2.412400e+001  6.666910e-001
 1.600730e+000  2.292690e+001  6.703360e-001
 1.603360e+000  2.317930e+001  6.675490e-001
 1.606000e+000  2.389310e+001  6.692450e-001
 1.608630e+000  2.293660e+001  6.677520e-001
 1.611270e+000  2.247110e+001  6.641380e-001
 1.613900e+000  2.265070e+001  6.656960e-001
 1.616540e+000  2.166730e+001  6.657260e-001
 1.619170e+000  2.175740e+001  6.582030e-001
 1.621810e+000  2.194540e+001  6.648080e-001
 1.624440e+000  2.088370e+001  6.571080e-001
 1.627080e+000  2.149360e+001  6.649610e-001
 1.629710e+000  2.207880e+001  6.639470e-001
 1.632340e+000  2.191860e+001  6.575080e-001
 1.634980e+000  2.163970e+001  6.630750e-001
 1.637610e+000  2.099300e+001  6.536930e-001
 1.640250e+000  2.181780e+001  6.592140e-001
 1.642880e+000  2.071650e+001  6.549370e-001
 1.645520e+000  2.091040e+001  6.556680e-001
 1.648150e+000  2.133100e+001  6.558570e-001
 1.650790e+000  2.031090e+001  6.540830e-001
 1.653420e+000  2.090510e+001  6.548270e-001
 1.656060e+000  2.113160e+001  6.535460e-001
 1.658690e+000  2.117650e+001  6.511000e-001
 1.661330e+000  2.046660e+001  6.512080e-001
 1.663960e+000  2.094420e+001  6.499440e-001
 1.666590e+000  2.182510e+001  6.526700e-001
 1.669230e+000  2.009430e+001  6.455550e-001
 1.671860e+000  2.016590e+001  6.462170e-001
 1.674500e+000  2.012940e+001  6.465430e-001
 1.677130e+000  2.001960e+001  6.426820e-001
 1.679770e+000  2.006300e+001  6.490270e-001
 1.682400e+000  2.011690e+001  6.417960e-001
 1.685040e+000  1.952670e+001  6.455310e-001
 1.687670e+000  1.965430e+001  6.395950e-001
 1.690310e+000  1.863020e+001  6.413480e-001
 1.692940e+000  1.921450e+001  6.415090e-001
 1.695580e+000  1.910900e+001  6.405310e-001
 1.698210e+000  2.033480e+001  6.439090e-001
 1.700850e+000  1.935500e+001  6.375260e-001
 1.703480e+000  1.871300e+001  6.393130e-001
 1.706110e+000  1.869760e+001  6.382630e-001
 1.708750e+000  1.899290e+001  6.368060e-001
 1.711380e+000  1.857060e+001  6.369000e-001
 1.714020e+000  1.871400e+001  6.397490e-001
 1.716650e+000  1.898920e+001  6.379560e-001
 1.719290e+000  1.813120e+001  6.370800e-001
 1.721920e+000  1.820540e+001  6.319250e-001
 1.724560e+000  1.844520e+001  6.365860e-001
 1.727190e+000  1.776780e+001  6.341070e-001
 1.729830e+000  1.821250e+001  6.361700e-001
 1.732460e+000  1.743410e+001  6.299670e-001
 1.735100e+000  1.819070e+001  6.356750e-001
 1.737730e+000  1.813500e+001  6.326970e-001
 1.740370e+000  1.733720e+001  6.308910e-001
 1.743000e+000  1.736990e+001  6.294160e-001
 1.745630e+000  1.795480e+001  6.279010e-001
 1.748270e+000  1.772950e+001  6.321810e-001
 1.750900e+000  1.737910e+001  6.274720e-001
 1.753540e+000  1.702300e+001  6.274790e-001
 1.756170e+000  1.743570e+001  6.262950e-001
 1.758810e+000  1.784350e+001  6.295580e-001
 1.761440e+000  1.699780e+001  6.280220e-001
 1.764080e+000  1.652600e+001  6.250740e-001
 1.766710e+000  1.627230e+001  6.235640e-001
 1.769350e+000  1.616960e+001  6.233310e-001
 1.771980e+000  1.615790e+001  6.225800e-001
 1.774620e+000  1.668040e+001  6.255960e-001
 1.777250e+000  1.561730e+001  6.179730e-001
 1.779890e+000  1.645690e+001  6.250440e-001
 1.782520e+000  1.689200e+001  6.234280e-001
 1.785150e+000  1.610380e+001  6.187520e-001
 1.787790e+000  1.590490e+001  6.233720e-001
 1.790420e+000  1.644360e+001  6.185000e-001
 1.793060e+000  1.569740e+001  6.208670e-001
 1.795690e+000  1.520430e+001  6.161340e-001
 1.798330e+000  1.554970e+001  6.183520e-001
 1.800960e+000  1.556200e+001  6.143260e-001
 1.803600e+000  1.508770e+001  6.154850e-001
 1.806230e+000  1.435550e+001  6.162740e-001
 1.808870e+000  1.491210e+001  6.151900e-001
 1.811500e+000  1.432790e+001  6.132710e-001
 1.814140e+000  1.483640e+001  6.149210e-001
 1.816770e+000  1.486000e+001  6.158270e-001
 1.819400e+000  1.412430e+001  6.121780e-001
 1.822040e+000  1.458620e+001  6.127140e-001
 1.824670e+000  1.416840e+001  6.125140e-001
 1.827310e+000  1.450110e+001  6.127280e-001
 1.829940e+000  1.391680e+001  6.094390e-001
 1.832580e+000  1.372770e+001  6.074430e-001
 1.835210e+000  1.383970e+001  6.040350e-001
 1.837850e+000  1.411700e+001  6.124710e-001
 1.840480e+000  1.407440e+001  6.061960e-001
 1.843120e+000  1.333540e+001  6.104600e-001
 1.845750e+000  1.367540e+001  6.087150e-001
 1.848390e+000  1.399210e+001  6.094410e-001
 1.851020e+000  1.364810e+001  6.070440e-001
 1.853660e+000  1.342580e+001  6.041360e-001
 1.856290e+000  1.321250e+001  6.065390e-001
 1.858920e+000  1.268380e+001  6.047680e-001
 1.861560e+000  1.255890e+001  6.095330e-001
 1.864190e+000  1.273900e+001  6.055970e-001
 1.866830e+000  1.287820e+001  6.040140e-001
 1.869460e+000  1.224950e+001  6.066510e-001
 1.872100e+000  1.251400e+001  6.072700e-001
 1.874730e+000  1.305200e+001  6.038340e-001
 1.877370e+000  1.271300e+001  6.069220e-001
 1.880000e+000  1.316270e+001  6.035090e-001
 1.882640e+000  1.254320e+001  6.099680e-001
 1.885270e+000  1.228820e+001  6.028100e-001
 1.887910e+000  1.205010e+001  6.074020e-001
 1.890540e+000  1.208310e+001  6.047380e-001
 1.893180e+000  1.225170e+001  6.053910e-001
 1.895810e+000  1.259370e+001  6.080650e-001
 1.898440e+000  1.210960e+001  5.993740e-001
 1.901080e+000  1.227620e+001  6.085900e-001
 1.903710e+000  1.310840e+001  6.049120e-001
 1.906350e+000  1.249920e+001  6.110490e-001
 1.908980e+000  1.235650e+001  6.056730e-001
 1.911620e+000  1.230570e+001  6.052630e-001
 1.914250e+000  1.219730e+001  6.049480e-001
 1.916890e+000  1.183870e+001  6.077130e-001
 1.919520e+000  1.143810e+001  6.032510e-001
 1.922160e+000  1.103430e+001  6.046580e-001
 1.924790e+000  1.170040e+001  6.027000e-001
 1.927430e+000  1.146970e+001  6.081710e-001
 1.930060e+000  1.149420e+001  6.052160e-001
 1.932690e+000  1.114810e+001  6.033250e-001
 1.935330e+000  1.099090e+001  6.045220e-001
 1.937960e+000  1.088720e+001  6.051830e-001
 1.940600e+000  1.151770e+001  6.059890e-001
 1.943230e+000  1.176170e+001  6.036480e-001
 1.945870e+000  1.173240e+001  6.058250e-001
 1.948500e+000  1.171540e+001  6.018140e-001
 1.951140e+000  1.068980e+001  6.057130e-001
 1.953770e+000  1.104330e+001  6.036290e-001
 1.956410e+000  1.099000e+001  6.049590e-001
 1.959040e+000  1.175860e+001  6.072970e-001
 1.961680e+000  1.147030e+001  6.070290e-001
 1.964310e+000  1.083800e+001  6.055100e-001
 1.966950e+000  1.023480e+001  6.044100e-001
 1.969580e+000  1.055440e+001  6.028620e-001
 1.972210e+000  1.044640e+001  6.037910e-001
 1.974850e+000  1.015460e+001  6.045400e-001
 1.977480e+000  1.067890e+001  6.049450e-001
 1.980120e+000  1.022120e+001  6.036710e-001
 1.982750e+000  1.015550e+001  6.036670e-001
 1.985390e+000  1.075680e+001  6.049090e-001
 1.988020e+000  1.122810e+001  6.018710e-001
 1.990660e+000  1.053540e+001  6.081600e-001
 1.993290e+000  1.091100e+001  6.024770e-001
 1.995930e+000  9.844840e+000  6.051740e-001
 1.998560e+000  1.071550e+001  6.022600e-001
 2.001200e+000  9.658110e+000  6.034200e-001
 2.003830e+000  9.770620e+000  6.056700e-001
 2.006470e+000  1.026400e+001  6.054900e-001
 2.009100e+000  8.983150e+000  6.022760e-001
 2.011730e+000  9.521880e+000  5.984640e-001
 2.014370e+000  8.915090e+000  6.019580e-001
 2.017000e+000  9.072430e+000  6.014680e-001
 2.019640e+000  9.431380e+000  6.004560e-001
 2.022270e+000  9.874520e+000  6.037620e-001
 2.024910e+000  9.264480e+000  6.012960e-001
 2.027540e+000  9.835820e+000  6.026230e-001
 2.030180e+000  9.118500e+000  6.018390e-001
 2.032810e+000  9.415650e+000  6.026960e-001
 2.035450e+000  9.126340e+000  6.164610e-001
 2.038080e+000  9.167250e+000  6.202320e-001
 2.040720e+000  8.271160e+000  6.286630e-001
 2.043350e+000  9.531710e+000  6.260350e-001
 2.045990e+000  9.064540e+000  6.303020e-001
 2.048620e+000  8.720910e+000  6.360760e-001
 2.051250e+000  9.009640e+000  6.338600e-001
 2.053890e+000  8.594740e+000  6.380810e-001
 2.056520e+000  8.176990e+000  6.360100e-001
 2.059160e+000  8.229730e+000  6.428440e-001
 2.061790e+000  8.421500e+000  6.440530e-001
 2.064430e+000  8.730130e+000  6.454980e-001
 2.067060e+000  8.512480e+000  6.477750e-001
 2.069700e+000  8.401070e+000  6.507180e-001
 2.072330e+000  8.377980e+000  6.533290e-001
 2.074970e+000  7.810920e+000  6.516650e-001
 2.077600e+000  7.741730e+000  6.480930e-001
 2.080240e+000  8.529890e+000  6.576440e-001
 2.082870e+000  9.150410e+000  6.617260e-001
 2.085500e+000  8.548680e+000  6.616620e-001
 2.088140e+000  9.050010e+000  6.587840e-001
 2.090770e+000  8.453420e+000  6.443870e-001
 2.093410e+000  8.566500e+000  6.418040e-001
 2.096040e+000  7.778100e+000  6.348410e-001
 2.098680e+000  7.671070e+000  6.350490e-001
 2.101310e+000  8.029420e+000  6.311880e-001
 2.103950e+000  8.075580e+000  6.337150e-001
 2.106580e+000  8.820500e+000  6.298770e-001
 2.109220e+000  8.122590e+000  6.281220e-001
 2.111850e+000  8.106180e+000  6.263090e-001
 2.114490e+000  8.251580e+000  6.293040e-001
 2.117120e+000  8.137150e+000  6.290580e-001
 2.119760e+000  7.303660e+000  6.294200e-001
 2.122390e+000  6.941760e+000  6.234910e-001
 2.125020e+000  8.398070e+000  6.265540e-001
 2.127660e+000  7.909900e+000  6.274970e-001
 2.130290e+000  7.232920e+000  6.244140e-001
 2.132930e+000  8.105010e+000  6.279230e-001
 2.135560e+000  8.860860e+000  6.268980e-001
 2.138200e+000  8.815560e+000  6.293530e-001
 2.140830e+000  7.640400e+000  6.255830e-001
 2.143470e+000  7.506970e+000  6.258210e-001
 2.146100e+000  7.619720e+000  6.218720e-001
 2.148740e+000  7.767520e+000  6.269160e-001
 2.151370e+000  8.176770e+000  6.258770e-001
 2.154010e+000  7.925350e+000  6.257170e-001
 2.156640e+000  7.394270e+000  6.246900e-001
 2.159280e+000  7.404330e+000  6.264960e-001
 2.161910e+000  7.975290e+000  6.311100e-001
 2.164540e+000  8.201500e+000  6.271260e-001
 2.167180e+000  7.851240e+000  6.288910e-001
 2.169810e+000  7.943720e+000  6.283300e-001
 2.172450e+000  7.709100e+000  6.262170e-001
 2.175080e+000  7.924200e+000  6.246680e-001
 2.177720e+000  8.650910e+000  6.272870e-001
 2.180350e+000  8.243410e+000  6.266180e-001
 2.182990e+000  7.379580e+000  6.297020e-001
 2.185620e+000  6.721360e+000  6.234560e-001
 2.188260e+000  7.333040e+000  6.268480e-001
 2.190890e+000  8.066180e+000  6.248290e-001
 2.193530e+000  8.025900e+000  6.294980e-001
 2.196160e+000  8.426930e+000  6.277890e-001
 2.198800e+000  8.426940e+000  6.253340e-001
 2.201430e+000  7.639480e+000  6.247250e-001
 2.204060e+000  7.838770e+000  6.248280e-001
 2.206700e+000  7.454000e+000  6.300280e-001
 2.209330e+000  7.147250e+000  6.225330e-001
 2.211970e+000  7.649570e+000  6.273540e-001
 2.214600e+000  7.141270e+000  6.275540e-001
 2.217240e+000  7.570850e+000  6.294590e-001
 2.219870e+000  7.737790e+000  6.269090e-001
 2.222510e+000  7.995070e+000  6.261520e-001
 2.225140e+000  7.555950e+000  6.276050e-001
 2.227780e+000  7.419770e+000  6.309610e-001
 2.230410e+000  7.195380e+000  6.290540e-001
 2.233050e+000  6.994090e+000  6.295450e-001
 2.235680e+000  7.358840e+000  6.298940e-001
 2.238310e+000  7.444490e+000  6.310520e-001
 2.240950e+000  7.216320e+000  6.299640e-001
 2.243580e+000  7.843880e+000  6.303140e-001
 2.246220e+000  7.747310e+000  6.307250e-001
 2.248850e+000  7.113760e+000  6.302590e-001
 2.251490e+000  6.894410e+000  6.333180e-001
 2.254120e+000  6.965750e+000  6.237120e-001
 2.256760e+000  7.180280e+000  6.306510e-001
 2.259390e+000  6.574560e+000  6.265030e-001
 2.262030e+000  7.396130e+000  6.340130e-001
 2.264660e+000  7.305700e+000  6.296090e-001
 2.267300e+000  7.318320e+000  6.264320e-001
 2.269930e+000  7.467220e+000  6.289310e-001
 2.272570e+000  6.929130e+000  6.253240e-001
 2.275200e+000  7.368780e+000  6.295100e-001
 2.277830e+000  7.295580e+000  6.271530e-001
 2.280470e+000  7.708680e+000  6.300800e-001
 2.283100e+000  7.773510e+000  6.296520e-001
 2.285740e+000  7.156600e+000  6.264020e-001
 2.288370e+000  7.026330e+000  6.265690e-001
 2.291010e+000  7.003160e+000  6.293000e-001
 2.293640e+000  6.997320e+000  6.256330e-001
 2.296280e+000  7.985890e+000  6.335490e-001
 2.298910e+000  6.999720e+000  6.231700e-001
 2.301550e+000  6.936420e+000  6.299280e-001
 2.304180e+000  7.619250e+000  6.267970e-001
 2.306820e+000  7.199520e+000  6.294250e-001
 2.309450e+000  7.179150e+000  6.276030e-001
 2.312090e+000  7.588960e+000  6.290740e-001
 2.314720e+000  7.564030e+000  6.326740e-001
 2.317350e+000  7.613830e+000  6.270780e-001
 2.319990e+000  7.351800e+000  6.317010e-001
 2.322620e+000  7.395160e+000  6.317900e-001
 2.325260e+000  7.119300e+000  6.288030e-001
 2.327890e+000  6.589730e+000  6.291490e-001
 2.330530e+000  7.696580e+000  6.302970e-001
 2.333160e+000  8.413060e+000  6.332670e-001
 2.335800e+000  8.186150e+000  6.338710e-001
 2.338430e+000  7.261560e+000  6.283150e-001
 2.341070e+000  7.620400e+000  6.346910e-001
 2.343700e+000  7.851010e+000  6.290430e-001
 2.346340e+000  7.146720e+000  6.312610e-001
 2.348970e+000  8.196650e+000  6.316750e-001
 2.351610e+000  7.904290e+000  6.298600e-001
 2.354240e+000  7.657850e+000  6.300670e-001
 2.356870e+000  7.784060e+000  6.253060e-001
 2.359510e+000  8.035750e+000  6.326750e-001
 2.362140e+000  7.148740e+000  6.276380e-001
 2.364780e+000  7.766560e+000  6.319120e-001
 2.367410e+000  8.222110e+000  6.271990e-001
 2.370050e+000  8.168820e+000  6.301650e-001
 2.372680e+000  8.300420e+000  6.308450e-001
 2.375320e+000  8.533780e+000  6.304620e-001
 2.377950e+000  7.338760e+000  6.280130e-001
 2.380590e+000  7.311670e+000  6.284580e-001
 2.383220e+000  6.513680e+000  6.283730e-001
 2.385860e+000  6.549930e+000  6.285230e-001
 2.388490e+000  7.814730e+000  6.287900e-001
 2.391120e+000  7.420430e+000  6.262280e-001
 2.393760e+000  7.684210e+000  6.289990e-001
 2.396390e+000  8.104970e+000  6.324990e-001
 2.399030e+000  7.672090e+000  6.318030e-001
 2.401660e+000  6.827630e+000  6.256530e-001
 2.404300e+000  6.864340e+000  6.319680e-001
 2.406930e+000  6.579090e+000  6.240650e-001
 2.409570e+000  6.422600e+000  6.288240e-001
 2.412200e+000  7.150250e+000  6.256530e-001
 2.414840e+000  7.817790e+000  6.305960e-001
 2.417470e+000  7.438040e+000  6.308870e-001
 2.420110e+000  8.595030e+000  6.301120e-001
 2.422740e+000  8.062550e+000  6.301550e-001
 2.425380e+000  8.536420e+000  6.284540e-001
 2.428010e+000  8.366540e+000  6.334550e-001
 2.430640e+000  7.177600e+000  6.297040e-001
 2.433280e+000  6.757780e+000  6.285310e-001
 2.435910e+000  7.770400e+000  6.290260e-001
 2.438550e+000  8.035740e+000  6.307980e-001
 2.441180e+000  7.405000e+000  6.307120e-001
 2.443820e+000  7.762030e+000  6.331380e-001
 2.446450e+000  6.903730e+000  6.268270e-001
 2.449090e+000  7.491830e+000  6.362880e-001
 2.451720e+000  7.279930e+000  6.278660e-001
 2.454360e+000  7.471640e+000  6.329340e-001
 2.456990e+000  7.447590e+000  6.279970e-001
 2.459630e+000  7.279160e+000  6.331420e-001
 2.462260e+000  7.399070e+000  6.323750e-001
 2.464900e+000  7.343430e+000  6.308040e-001
 2.467530e+000  7.507920e+000  6.300770e-001
 2.470160e+000  7.846660e+000  6.266000e-001
 2.472800e+000  8.048050e+000  6.344520e-001
 2.475430e+000  7.008380e+000  6.313580e-001
 2.478070e+000  7.634010e+000  6.327790e-001
 2.480700e+000  7.562400e+000  6.310020e-001
 2.483340e+000  7.306390e+000  6.301900e-001
 2.485970e+000  8.637110e+000  6.348480e-001
 2.488610e+000  8.261860e+000  6.356660e-001
 2.491240e+000  7.979610e+000  6.315150e-001
 2.493880e+000  7.991460e+000  6.371300e-001
 2.496510e+000  8.379950e+000  6.289200e-001
 2.499150e+000  7.180400e+000  6.346750e-001
 2.501780e+000  8.370720e+000  6.339540e-001
 2.504410e+000  7.961020e+000  6.337810e-001
 2.507050e+000  7.122570e+000  6.369430e-001
 2.509680e+000  7.102400e+000  6.288490e-001
 2.512320e+000  6.917630e+000  6.341780e-001
 2.514950e+000  7.324660e+000  6.313470e-001
 2.517590e+000  7.493210e+000  6.357760e-001
 2.520220e+000  7.806660e+000  6.333530e-001
 2.522860e+000  7.022440e+000  6.307060e-001
 2.525490e+000  7.951280e+000  6.328770e-001
 2.528130e+000  8.004560e+000  6.338730e-001
 2.530760e+000  7.731930e+000  6.359940e-001
 2.533400e+000  7.995610e+000  6.324510e-001
 2.536030e+000  8.193670e+000  6.323800e-001
 2.538670e+000  6.398410e+000  6.335110e-001
 2.541300e+000  7.283460e+000  6.327340e-001
 2.543930e+000  7.381710e+000  6.311770e-001
 2.546570e+000  8.074580e+000  6.292360e-001
 2.549200e+000  7.732480e+000  6.300270e-001
 2.551840e+000  7.313940e+000  6.304370e-001
 2.554470e+000  7.764240e+000  6.285420e-001
 2.557110e+000  7.653300e+000  6.326590e-001
 2.559740e+000  8.088810e+000  6.273640e-001
 2.562380e+000  7.599720e+000  6.333600e-001
 2.565010e+000  6.979280e+000  6.257550e-001
 2.567650e+000  6.992290e+000  6.298290e-001
 2.570280e+000  7.358450e+000  6.304170e-001
 2.572920e+000  7.825740e+000  6.302500e-001
 2.575550e+000  7.789730e+000  6.314140e-001
 2.578190e+000  7.008020e+000  6.274370e-001
 2.580820e+000  8.010790e+000  6.318480e-001
 2.583450e+000  7.610000e+000  6.299530e-001
 2.586090e+000  7.012130e+000  6.319080e-001
 2.588720e+000  8.348680e+000  6.350940e-001
 2.591360e+000  8.248230e+000  6.361000e-001
 2.593990e+000  9.053010e+000  6.516750e-001
 2.596630e+000  7.770160e+000  6.595760e-001
 2.599260e+000  8.137340e+000  6.630700e-001
 2.601900e+000  8.058890e+000  6.714270e-001
 2.604530e+000  7.853010e+000  6.728830e-001
 2.607170e+000  6.680560e+000  6.814230e-001
 2.609800e+000  6.683930e+000  6.817680e-001
 2.612440e+000  8.326060e+000  6.891990e-001
 2.615070e+000  7.532810e+000  6.940360e-001
 2.617710e+000  7.366910e+000  6.970290e-001
 2.620340e+000  8.239220e+000  7.053700e-001
 2.622970e+000  9.502950e+000  7.051360e-001
 2.625610e+000  8.941350e+000  7.120570e-001
 2.628240e+000  8.227070e+000  7.110360e-001
 2.630880e+000  8.224740e+000  7.174780e-001
 2.633510e+000  7.500480e+000  7.216140e-001
 2.636150e+000  7.779150e+000  7.232720e-001
 2.638780e+000  7.497950e+000  7.281240e-001
 2.641420e+000  8.238810e+000  7.342760e-001
 2.644050e+000  8.225970e+000  7.339140e-001
 2.646690e+000  7.510430e+000  7.221970e-001
 2.649320e+000  7.423520e+000  7.051370e-001
 2.651960e+000  8.317380e+000  7.039100e-001
 2.654590e+000  7.831210e+000  6.960980e-001
 2.657220e+000  8.717590e+000  6.946150e-001
 2.659860e+000  8.082100e+000  6.898620e-001
 2.662490e+000  8.264500e+000  6.881400e-001
 2.665130e+000  8.301020e+000  6.904360e-001
 2.667760e+000  8.377990e+000  6.786220e-001
 2.670400e+000  7.995730e+000  6.842660e-001
 2.673030e+000  8.242380e+000  6.779510e-001
 2.675670e+000  8.168920e+000  6.806420e-001
 2.678300e+000  7.980670e+000  6.766560e-001
 2.680940e+000  7.996420e+000  6.740430e-001
 2.683570e+000  7.770890e+000  6.778670e-001
 2.686210e+000  7.872400e+000  6.749610e-001
 2.688840e+000  7.374100e+000  6.700720e-001
 2.691480e+000  7.874010e+000  6.704880e-001
 2.694110e+000  7.937270e+000  6.721260e-001
 2.696740e+000  7.369860e+000  6.715490e-001
 2.699380e+000  6.923210e+000  6.694890e-001
 2.702010e+000  7.359810e+000  6.683800e-001
 2.704650e+000  7.761390e+000  6.702240e-001
 2.707280e+000  7.881720e+000  6.694090e-001
 2.709920e+000  8.412910e+000  6.705790e-001
 2.712550e+000  8.206800e+000  6.653440e-001
 2.715190e+000  7.617180e+000  6.651660e-001
 2.717820e+000  8.002790e+000  6.658320e-001
 2.720460e+000  8.049220e+000  6.690300e-001
 2.723090e+000  7.619630e+000  6.595540e-001
 2.725730e+000  6.918690e+000  6.623750e-001
 2.728360e+000  7.240670e+000  6.645820e-001
 2.731000e+000  7.647340e+000  6.663250e-001
 2.733630e+000  8.055850e+000  6.639000e-001
 2.736260e+000  7.258660e+000  6.573500e-001
 2.738900e+000  8.079520e+000  6.651450e-001
 2.741530e+000  8.368570e+000  6.653220e-001
 2.744170e+000  7.477680e+000  6.618610e-001
 2.746800e+000  6.986600e+000  6.576830e-001
 2.749440e+000  7.246460e+000  6.571010e-001
 2.752070e+000  7.595560e+000  6.603930e-001
 2.754710e+000  7.416100e+000  6.579140e-001
 2.757340e+000  6.580780e+000  6.531190e-001
 2.759980e+000  6.014160e+000  6.583040e-001
 2.762610e+000  8.062020e+000  6.561430e-001
 2.765250e+000  7.605850e+000  6.601370e-001
 2.767880e+000  7.576160e+000  6.536490e-001
 2.770520e+000  6.604850e+000  6.548350e-001
 2.773150e+000  6.182710e+000  6.564280e-001
 2.775780e+000  7.343580e+000  6.515550e-001
 2.778420e+000  7.950270e+000  6.569990e-001
 2.781050e+000  7.747940e+000  6.502760e-001
 2.783690e+000  6.908150e+000  6.547140e-001
 2.786320e+000  6.472510e+000  6.525450e-001
 2.788960e+000  7.294040e+000  6.523970e-001
 2.791590e+000  7.068300e+000  6.496660e-001
 2.794230e+000  6.857610e+000  6.530890e-001
 2.796860e+000  8.525710e+000  6.577630e-001
 2.799500e+000  7.793470e+000  6.564830e-001
 2.802130e+000  7.783700e+000  6.518810e-001
 2.804770e+000  7.905000e+000  6.554090e-001
 2.807400e+000  8.127650e+000  6.530010e-001
 2.810030e+000  7.401440e+000  6.542580e-001
 2.812670e+000  6.890560e+000  6.527630e-001
 2.815300e+000  7.168750e+000  6.516960e-001
 2.817940e+000  7.359230e+000  6.571230e-001
 2.820570e+000  7.939420e+000  6.493540e-001
 2.823210e+000  6.875970e+000  6.530800e-001
 2.825840e+000  7.085660e+000  6.466250e-001
 2.828480e+000  6.931940e+000  6.530340e-001
 2.831110e+000  8.487730e+000  6.561650e-001
 2.833750e+000  7.358880e+000  6.549880e-001
 2.836380e+000  7.730380e+000  6.527210e-001
 2.839020e+000  6.544900e+000  6.475470e-001
 2.841650e+000  6.497130e+000  6.497000e-001
 2.844290e+000  7.104500e+000  6.505340e-001
 2.846920e+000  7.041050e+000  6.513080e-001
 2.849550e+000  7.930850e+000  6.548940e-001
 2.852190e+000  6.950450e+000  6.512170e-001
 2.854820e+000  6.470380e+000  6.517300e-001
 2.857460e+000  7.128900e+000  6.513310e-001
 2.860090e+000  7.352880e+000  6.501970e-001
 2.862730e+000  7.700430e+000  6.540600e-001
 2.865360e+000  7.754100e+000  6.522090e-001
 2.868000e+000  7.201650e+000  6.519770e-001
 2.870630e+000  7.823900e+000  6.494850e-001
 2.873270e+000  6.951230e+000  6.498790e-001
 2.875900e+000  6.631280e+000  6.525480e-001
 2.878540e+000  6.044180e+000  6.503040e-001
 2.881170e+000  6.791550e+000  6.494830e-001
 2.883810e+000  7.944370e+000  6.549440e-001
 2.886440e+000  6.740780e+000  6.483570e-001
 2.889070e+000  6.842750e+000  6.499370e-001
 2.891710e+000  7.506880e+000  6.520420e-001
 2.894340e+000  8.009970e+000  6.501040e-001
 2.896980e+000  6.387720e+000  6.495500e-001
 2.899610e+000  6.715100e+000  6.488630e-001
 2.902250e+000  6.617870e+000  6.480950e-001
 2.904880e+000  6.337340e+000  6.442240e-001
 2.907520e+000  7.111420e+000  6.467100e-001
 2.910150e+000  6.647120e+000  6.427010e-001
 2.912790e+000  6.013510e+000  6.446720e-001
 2.915420e+000  6.562690e+000  6.435420e-001
 2.918060e+000  5.997890e+000  6.427730e-001
 2.920690e+000  5.738180e+000  6.427480e-001
 2.923320e+000  6.435060e+000  6.406360e-001
 2.925960e+000  6.811500e+000  6.447880e-001
 2.928590e+000  6.722640e+000  6.394090e-001
 2.931230e+000  6.971260e+000  6.453880e-001
 2.933860e+000  6.322490e+000  6.420220e-001
 2.936500e+000  6.648290e+000  6.451560e-001
 2.939130e+000  6.146870e+000  6.400540e-001
 2.941770e+000  6.281330e+000  6.421560e-001
 2.944400e+000  6.259190e+000  6.427310e-001
 2.947040e+000  6.829070e+000  6.438140e-001
 2.949670e+000  6.836050e+000  6.399690e-001
 2.952310e+000  6.905050e+000  6.423170e-001
 2.954940e+000  6.301720e+000  6.401360e-001
 2.957580e+000  6.155840e+000  6.423050e-001
 2.960210e+000  6.077400e+000  6.398780e-001
 2.962840e+000  6.468510e+000  6.394640e-001
 2.965480e+000  6.965140e+000  6.444370e-001
 2.968110e+000  6.283230e+000  6.418890e-001
 2.970750e+000  5.554590e+000  6.402440e-001
 2.973380e+000  7.160430e+000  6.424580e-001
 2.976020e+000  6.572520e+000  6.421840e-001
 2.978650e+000  6.742680e+000  6.411090e-001
 2.981290e+000  7.194180e+000  6.427610e-001
 2.983920e+000  6.257820e+000  6.386940e-001
 2.986560e+000  6.946280e+000  6.433640e-001
 2.989190e+000  6.062640e+000  6.409610e-001
 2.991830e+000  6.762740e+000  6.419350e-001
 2.994460e+000  6.371080e+000  6.394030e-001
 2.997100e+000  6.329890e+000  6.413360e-001
 2.999730e+000  5.896470e+000  6.402950e-001
 3.002360e+000  6.185320e+000  6.392320e-001
 3.005000e+000  6.250520e+000  6.413080e-001
 3.007630e+000  6.487310e+000  6.412200e-001
 3.010270e+000  6.917390e+000  6.456990e-001
 3.012900e+000  5.608840e+000  6.394960e-001
 3.015540e+000  6.196580e+000  6.411820e-001
 3.018170e+000  6.643130e+000  6.379810e-001
 3.020810e+000  5.928180e+000  6.410690e-001
 3.023440e+000  5.772690e+000  6.352040e-001
 3.026080e+000  6.791530e+000  6.400570e-001
 3.028710e+000  6.331590e+000  6.380080e-001
 3.031350e+000  6.322680e+000  6.417430e-001
 3.033980e+000  6.212460e+000  6.369630e-001
 3.036620e+000  6.298500e+000  6.358640e-001
 3.039250e+000  6.060890e+000  6.400860e-001
 3.041880e+000  6.120230e+000  6.395510e-001
 3.044520e+000  5.578260e+000  6.415440e-001
 3.047150e+000  5.780690e+000  6.381340e-001
 3.049790e+000  5.697750e+000  6.385950e-001
 3.052420e+000  5.270900e+000  6.361790e-001
 3.055060e+000  5.727470e+000  6.408890e-001
 3.057690e+000  5.578970e+000  6.372210e-001
 3.060330e+000  6.173530e+000  6.415080e-001
 3.062960e+000  5.755560e+000  6.398980e-001
 3.065600e+000  5.738360e+000  6.416910e-001
 3.068230e+000  5.501700e+000  6.400930e-001
 3.070870e+000  6.145240e+000  6.401410e-001
 3.073500e+000  6.079930e+000  6.403950e-001
 3.076130e+000  5.860570e+000  6.384540e-001
 3.078770e+000  5.995000e+000  6.407210e-001
 3.081400e+000  6.446950e+000  6.364890e-001
 3.084040e+000  5.575590e+000  6.391060e-001
 3.086670e+000  5.636260e+000  6.360980e-001
 3.089310e+000  4.842310e+000  6.383920e-001
 3.091940e+000  5.429080e+000  6.393370e-001
 3.094580e+000  5.538410e+000  6.405010e-001
 3.097210e+000  6.348190e+000  6.385070e-001
 3.099850e+000  6.154530e+000  6.381330e-001
 3.102480e+000  5.506800e+000  6.350830e-001
 3.105120e+000  5.148940e+000  6.377680e-001
 3.107750e+000  5.521770e+000  6.384390e-001
 3.110390e+000  6.415690e+000  6.421720e-001
 3.113020e+000  5.712800e+000  6.390790e-001
 3.115650e+000  6.259060e+000  6.391290e-001
 3.118290e+000  6.017150e+000  6.399410e-001
 3.120920e+000  5.620000e+000  6.386340e-001
 3.123560e+000  4.949920e+000  6.391390e-001
 3.126190e+000  5.701670e+000  6.361060e-001
 3.128830e+000  5.833070e+000  6.400290e-001
 3.131460e+000  5.723960e+000  6.371940e-001
 3.134100e+000  5.896650e+000  6.376690e-001
 3.136730e+000  5.467390e+000  6.345550e-001
 3.139370e+000  5.723630e+000  6.370700e-001
 3.142000e+000  5.725880e+000  6.371930e-001
 3.144640e+000  5.625110e+000  6.407410e-001
 3.147270e+000  5.795600e+000  6.372240e-001
 3.149910e+000  5.077960e+000  6.441890e-001
 3.152540e+000  4.698070e+000  6.608420e-001
 3.155170e+000  4.509030e+000  6.689530e-001
 3.157810e+000  5.672690e+000  6.817510e-001
 3.160440e+000  5.865220e+000  6.838490e-001
 3.163080e+000  5.281430e+000  6.908230e-001
 3.165710e+000  4.827380e+000  6.942410e-001
 3.168350e+000  5.472550e+000  7.033540e-001
 3.170980e+000  5.260910e+000  7.036000e-001
 3.173620e+000  4.298050e+000  7.108430e-001
 3.176250e+000  4.790210e+000  7.152580e-001
 3.178890e+000  5.287360e+000  7.241050e-001
 3.181520e+000  5.468550e+000  7.221290e-001
 3.184160e+000  4.962190e+000  7.291060e-001
 3.186790e+000  5.563680e+000  7.313740e-001
 3.189430e+000  5.112540e+000  7.382270e-001
 3.192060e+000  4.467300e+000  7.365810e-001
 3.194690e+000  5.571750e+000  7.368360e-001
 3.197330e+000  4.899240e+000  7.428810e-001
 3.199960e+000  5.460330e+000  7.435360e-001
 3.202600e+000  4.767010e+000  7.455060e-001
 3.205230e+000  5.029290e+000  7.346350e-001
 3.207870e+000  5.059780e+000  7.201760e-001
 3.210500e+000  5.022320e+000  7.108520e-001
 3.213140e+000  5.294700e+000  7.040220e-001
 3.215770e+000  6.050420e+000  6.969740e-001
 3.218410e+000  5.310790e+000  6.965830e-001
 3.221040e+000  5.766240e+000  6.924490e-001
 3.223680e+000  5.183830e+000  6.916950e-001
 3.226310e+000  5.652130e+000  6.857630e-001
 3.228940e+000  5.462950e+000  6.831070e-001
 3.231580e+000  4.252570e+000  6.824450e-001
 3.234210e+000  4.938210e+000  6.818860e-001
 3.236850e+000  5.501620e+000  6.796780e-001
 3.239480e+000  4.804270e+000  6.760990e-001
 3.242120e+000  5.077970e+000  6.774450e-001
 3.244750e+000  4.685000e+000  6.711500e-001
 3.247390e+000  4.411060e+000  6.714110e-001
 3.250020e+000  4.852910e+000  6.692890e-001
 3.252660e+000  5.165140e+000  6.736540e-001
 3.255290e+000  3.556240e+000  6.696870e-001
 3.257930e+000  4.482400e+000  6.732020e-001
 3.260560e+000  5.452210e+000  6.675470e-001
 3.263200e+000  4.654720e+000  6.681150e-001
 3.265830e+000  5.066330e+000  6.709500e-001
 3.268460e+000  5.253180e+000  6.692840e-001
 3.271100e+000  4.798990e+000  6.692880e-001
 3.273730e+000  4.177490e+000  6.629060e-001
 3.276370e+000  4.277410e+000  6.667920e-001
 3.279000e+000  4.695400e+000  6.640480e-001
 3.281640e+000  4.837840e+000  6.657540e-001
 3.284270e+000  5.424060e+000  6.640790e-001
 3.286910e+000  5.404080e+000  6.681760e-001
 3.289540e+000  4.923500e+000  6.664260e-001
 3.292180e+000  4.651040e+000  6.624510e-001
 3.294810e+000  4.198210e+000  6.596870e-001
 3.297450e+000  4.732160e+000  6.661120e-001
 3.300080e+000  5.046720e+000  6.660380e-001
 3.302720e+000  4.926730e+000  6.663400e-001
 3.305350e+000  4.271570e+000  6.637320e-001
 3.307980e+000  4.502220e+000  6.646210e-001
 3.310620e+000  4.571610e+000  6.634460e-001
 3.313250e+000  4.490320e+000  6.598860e-001
 3.315890e+000  4.461280e+000  6.594570e-001
 3.318520e+000  4.982740e+000  6.601580e-001
 3.321160e+000  5.084180e+000  6.627130e-001
 3.323790e+000  4.327870e+000  6.586590e-001
 3.326430e+000  4.113790e+000  6.552910e-001
 3.329060e+000  3.831110e+000  6.522010e-001
 3.331700e+000  4.079620e+000  6.578720e-001
 3.334330e+000  4.790780e+000  6.562540e-001
 3.336970e+000  4.816850e+000  6.559610e-001
 3.339600e+000  5.204510e+000  6.538870e-001
 3.342240e+000  4.764120e+000  6.543300e-001
 3.344870e+000  6.124580e+000  6.588570e-001
 3.347500e+000  4.662000e+000  6.509060e-001
 3.350140e+000  4.880710e+000  6.508880e-001
 3.352770e+000  4.921420e+000  6.497130e-001
 3.355410e+000  4.187840e+000  6.547920e-001
 3.358040e+000  4.532600e+000  6.492950e-001
 3.360680e+000  4.531200e+000  6.502710e-001
 3.363310e+000  4.469970e+000  6.505210e-001
 3.365950e+000  4.963280e+000  6.536620e-001
 3.368580e+000  4.718660e+000  6.523710e-001
 3.371220e+000  4.091010e+000  6.497150e-001
 3.373850e+000  4.912520e+000  6.481420e-001
 3.376490e+000  4.543160e+000  6.487410e-001
 3.379120e+000  3.853380e+000  6.487250e-001
 3.381750e+000  5.057850e+000  6.488160e-001
 3.384390e+000  5.330070e+000  6.511220e-001
 3.387020e+000  4.352830e+000  6.485580e-001
 3.389660e+000  4.550310e+000  6.510250e-001
 3.392290e+000  4.244040e+000  6.466170e-001
 3.394930e+000  4.815680e+000  6.476150e-001
 3.397560e+000  4.636060e+000  6.489910e-001
 3.400200e+000  3.679970e+000  6.507390e-001
 3.402830e+000  4.799690e+000  6.482150e-001
 3.405470e+000  4.605090e+000  6.510480e-001
 3.408100e+000  4.451550e+000  6.457920e-001
 3.410740e+000  4.622320e+000  6.496090e-001
 3.413370e+000  4.651020e+000  6.473990e-001
 3.416010e+000  4.998980e+000  6.490270e-001
 3.418640e+000  5.121080e+000  6.495780e-001
 3.421270e+000  5.156120e+000  6.463820e-001
 3.423910e+000  5.332540e+000  6.525920e-001
 3.426540e+000  4.926600e+000  6.444240e-001
 3.429180e+000  5.604940e+000  6.490160e-001
 3.431810e+000  4.309970e+000  6.482870e-001
 3.434450e+000  3.938100e+000  6.486120e-001
 3.437080e+000  3.741190e+000  6.442700e-001
 3.439720e+000  5.507750e+000  6.492780e-001
 3.442350e+000  4.608720e+000  6.476780e-001
 3.444990e+000  3.915740e+000  6.513640e-001
 3.447620e+000  3.952290e+000  6.444830e-001
 3.450260e+000  4.741470e+000  6.472220e-001
 3.452890e+000  4.860930e+000  6.472710e-001
 3.455530e+000  4.679040e+000  6.501200e-001
 3.458160e+000  4.892060e+000  6.481450e-001
 3.460790e+000  5.494760e+000  6.435390e-001
 3.463430e+000  4.342380e+000  6.473490e-001
 3.466060e+000  4.578350e+000  6.481610e-001
 3.468700e+000  3.712860e+000  6.471380e-001
 3.471330e+000  4.476040e+000  6.455520e-001
 3.473970e+000  4.553350e+000  6.457220e-001
 3.476600e+000  3.789310e+000  6.449560e-001
 3.479240e+000  3.165460e+000  6.492150e-001
 3.481870e+000  3.769970e+000  6.426350e-001
 3.484510e+000  3.986470e+000  6.452780e-001
 3.487140e+000  4.056890e+000  6.447930e-001
 3.489780e+000  3.609570e+000  6.433380e-001
 3.492410e+000  5.037900e+000  6.471590e-001
 3.495040e+000  4.264990e+000  6.443550e-001
 3.497680e+000  4.808890e+000  6.475550e-001
 3.500310e+000  4.004730e+000  6.438890e-001
 3.502950e+000  4.562740e+000  6.446650e-001
 3.505580e+000  4.739720e+000  6.427000e-001
 3.508220e+000  3.781080e+000  6.445680e-001
 3.510850e+000  4.358690e+000  6.433720e-001
 3.513490e+000  4.191730e+000  6.461900e-001
 3.516120e+000  4.349750e+000  6.411180e-001
 3.518760e+000  4.771800e+000  6.476420e-001
 3.521390e+000  4.730240e+000  6.450380e-001
 3.524030e+000  4.347290e+000  6.464410e-001
 3.526660e+000  4.372820e+000  6.451430e-001
 3.529300e+000  4.334260e+000  6.442980e-001
 3.531930e+000  4.345100e+000  6.470590e-001
 3.534560e+000  4.662580e+000  6.452220e-001
 3.537200e+000  4.569470e+000  6.458490e-001
 3.539830e+000  4.133390e+000  6.430880e-001
 3.542470e+000  4.233640e+000  6.438730e-001
 3.545100e+000  4.267020e+000  6.429870e-001
 3.547740e+000  3.614340e+000  6.460120e-001
 3.550370e+000  3.742340e+000  6.423190e-001
 3.553010e+000  3.749620e+000  6.445990e-001
 3.555640e+000  4.071160e+000  6.402010e-001
 3.558280e+000  3.200420e+000  6.423570e-001
 3.560910e+000  3.758600e+000  6.426960e-001
 3.563550e+000  3.633990e+000  6.460730e-001
 3.566180e+000  4.157580e+000  6.430030e-001
 3.568820e+000  4.506070e+000  6.444920e-001
 3.571450e+000  4.466490e+000  6.433820e-001
 3.574080e+000  3.635460e+000  6.412950e-001
 3.576720e+000  3.903890e+000  6.449050e-001
 3.579350e+000  3.696670e+000  6.418570e-001
 3.581990e+000  4.547990e+000  6.447560e-001
 3.584620e+000  4.078420e+000  6.406090e-001
 3.587260e+000  4.022790e+000  6.430460e-001
 3.589890e+000  4.259070e+000  6.428100e-001
 3.592530e+000  4.190170e+000  6.457160e-001
 3.595160e+000  4.502910e+000  6.442000e-001
 3.597800e+000  4.325750e+000  6.461500e-001
 3.600430e+000  4.389580e+000  6.438290e-001
 3.603070e+000  3.645290e+000  6.449790e-001
 3.605700e+000  3.680330e+000  6.397010e-001
 3.608340e+000  3.941560e+000  6.421650e-001
 3.610970e+000  3.813480e+000  6.427210e-001
 3.613600e+000  4.714300e+000  6.440910e-001
 3.616240e+000  4.651270e+000  6.444640e-001
 3.618870e+000  4.723270e+000  6.415200e-001
 3.621510e+000  4.545760e+000  6.466920e-001
 3.624140e+000  4.631140e+000  6.447660e-001
 3.626780e+000  4.003140e+000  6.445120e-001
 3.629410e+000  4.017640e+000  6.434970e-001
 3.632050e+000  3.896320e+000  6.470780e-001
 3.634680e+000  4.060110e+000  6.421740e-001
 3.637320e+000  4.206900e+000  6.451300e-001
 3.639950e+000  3.353110e+000  6.414390e-001
 3.642590e+000  3.924370e+000  6.446570e-001
 3.645220e+000  3.977510e+000  6.468970e-001
 3.647850e+000  3.833650e+000  6.453490e-001
 3.650490e+000  5.563050e+000  6.458930e-001
 3.653120e+000  4.874830e+000  6.447890e-001
 3.655760e+000  4.449300e+000  6.492440e-001
 3.658390e+000  4.486750e+000  6.468970e-001
 3.661030e+000  4.638570e+000  6.496660e-001
 3.663660e+000  4.429920e+000  6.416780e-001
 3.666300e+000  4.082840e+000  6.453880e-001
 3.668930e+000  3.700540e+000  6.430360e-001
 3.671570e+000  4.116080e+000  6.470170e-001
 3.674200e+000  3.528570e+000  6.409370e-001
 3.676840e+000  3.682400e+000  6.452800e-001
 3.679470e+000  5.182330e+000  6.462350e-001
 3.682110e+000  4.641990e+000  6.458500e-001
 3.684740e+000  3.903690e+000  6.437030e-001
 3.687370e+000  4.123280e+000  6.441480e-001
 3.690010e+000  5.084750e+000  6.481570e-001
 3.692640e+000  4.011860e+000  6.451100e-001
 3.695280e+000  4.799080e+000  6.452960e-001
 3.697910e+000  5.585770e+000  6.480420e-001
 3.700550e+000  4.476270e+000  6.478450e-001
 3.703180e+000  4.358170e+000  6.458240e-001
 3.705820e+000  3.990080e+000  6.448090e-001
 3.708450e+000  4.289770e+000  6.513130e-001
 3.711090e+000  4.516380e+000  6.724000e-001
 3.713720e+000  4.191560e+000  6.791030e-001
 3.716360e+000  3.848350e+000  6.846210e-001
 3.718990e+000  5.136300e+000  6.919130e-001
 3.721630e+000  4.690040e+000  7.038890e-001
 3.724260e+000  4.720380e+000  7.143230e-001
 3.726890e+000  5.562060e+000  7.204320e-001
 3.729530e+000  4.841460e+000  7.269100e-001
 3.732160e+000  3.815040e+000  7.301400e-001
 3.734800e+000  3.936480e+000  7.409460e-001
 3.737430e+000  3.972960e+000  7.443190e-001
 3.740070e+000  3.437210e+000  7.465850e-001
 3.742700e+000  3.804950e+000  7.542370e-001
 3.745340e+000  4.509580e+000  7.650610e-001
 3.747970e+000  4.851740e+000  7.664200e-001
 3.750610e+000  4.440780e+000  7.696460e-001
 3.753240e+000  4.050560e+000  7.735430e-001
 3.755880e+000  3.245780e+000  7.874090e-001
 3.758510e+000  2.953920e+000  7.903270e-001
 3.761150e+000  3.903920e+000  7.925840e-001
 3.763780e+000  3.676360e+000  7.809080e-001
 3.766410e+000  3.595220e+000  7.602340e-001
 3.769050e+000  4.661790e+000  7.551210e-001
 3.771680e+000  4.245040e+000  7.426020e-001
 3.774320e+000  4.067310e+000  7.376970e-001
 3.776950e+000  4.624120e+000  7.330150e-001
 3.779590e+000  4.226080e+000  7.351020e-001
 3.782220e+000  4.515220e+000  7.278760e-001
 3.784860e+000  4.935730e+000  7.263570e-001
 3.787490e+000  3.076970e+000  7.162750e-001
 3.790130e+000  4.170090e+000  7.209080e-001
 3.792760e+000  4.796780e+000  7.200100e-001
 3.795400e+000  4.684670e+000  7.173980e-001
 3.798030e+000  4.685520e+000  7.173670e-001
 3.800660e+000  5.613840e+000  7.189250e-001
 3.803300e+000  4.089530e+000  7.174940e-001
 3.805930e+000  3.729560e+000  7.158620e-001
 3.808570e+000  3.539810e+000  7.149160e-001
 3.811200e+000  4.615030e+000  7.142680e-001
 3.813840e+000  4.459900e+000  7.162020e-001
 3.816470e+000  4.126640e+000  7.145110e-001
 3.819110e+000  5.035320e+000  7.155340e-001
 3.821740e+000  5.786930e+000  7.147760e-001
 3.824380e+000  4.669700e+000  7.163420e-001
 3.827010e+000  4.045060e+000  7.125140e-001
 3.829650e+000  4.279980e+000  7.110720e-001
 3.832280e+000  3.926200e+000  7.084680e-001
 3.834920e+000  4.549470e+000  7.133720e-001
 3.837550e+000  5.072840e+000  7.172360e-001
 3.840180e+000  4.805850e+000  7.144420e-001
 3.842820e+000  4.680570e+000  7.177220e-001
 3.845450e+000  4.501560e+000  7.136410e-001
 3.848090e+000  4.020610e+000  7.165220e-001
 3.850720e+000  4.415390e+000  7.161080e-001
 3.853360e+000  4.593090e+000  7.171250e-001
 3.855990e+000  4.984520e+000  7.181480e-001
 3.858630e+000  4.012790e+000  7.181660e-001
 3.861260e+000  3.523070e+000  7.152340e-001
 3.863900e+000  3.891850e+000  7.134610e-001
 3.866530e+000  3.357150e+000  7.137230e-001
 3.869170e+000  4.227880e+000  7.215690e-001
 3.871800e+000  4.082410e+000  7.185850e-001
 3.874440e+000  4.791220e+000  7.184490e-001
 3.877070e+000  4.580820e+000  7.209280e-001
 3.879700e+000  4.795860e+000  7.179430e-001
 3.882340e+000  4.292240e+000  7.241660e-001
 3.884970e+000  4.396160e+000  7.200770e-001
 3.887610e+000  3.513180e+000  7.200970e-001
 3.890240e+000  4.143470e+000  7.212650e-001
 3.892880e+000  4.854380e+000  7.261720e-001
 3.895510e+000  4.500670e+000  7.224160e-001
 3.898150e+000  4.640520e+000  7.227020e-001
 3.900780e+000  5.285290e+000  7.229740e-001
 3.903420e+000  3.950600e+000  7.225230e-001
 3.906050e+000  4.032300e+000  7.229660e-001
 3.908690e+000  3.730930e+000  7.214520e-001
 3.911320e+000  4.094270e+000  7.211370e-001
 3.913960e+000  4.456160e+000  7.251450e-001
 3.916590e+000  3.587520e+000  7.255330e-001
 3.919220e+000  4.460950e+000  7.207700e-001
 3.921860e+000  4.405630e+000  7.281010e-001
 3.924490e+000  4.436610e+000  7.283700e-001
 3.927130e+000  4.492890e+000  7.301610e-001
 3.929760e+000  3.798750e+000  7.242580e-001
 3.932400e+000  3.620420e+000  7.298180e-001
 3.935030e+000  4.306490e+000  7.272360e-001
 3.937670e+000  4.548870e+000  7.351950e-001
 3.940300e+000  5.077940e+000  7.314750e-001
 3.942940e+000  3.783210e+000  7.326150e-001
 3.945570e+000  3.348730e+000  7.309010e-001
 3.948210e+000  4.602710e+000  7.375950e-001
 3.950840e+000  4.985010e+000  7.327100e-001
 3.953470e+000  4.297810e+000  7.266680e-001
 3.956110e+000  4.745410e+000  7.352580e-001
 3.958740e+000  3.882780e+000  7.326140e-001
 3.961380e+000  3.733960e+000  7.337850e-001
 3.964010e+000  4.001590e+000  7.290770e-001
 3.966650e+000  4.146540e+000  7.355430e-001
 3.969280e+000  3.962940e+000  7.342520e-001
 3.971920e+000  3.988510e+000  7.342080e-001
 3.974550e+000  4.281880e+000  7.244270e-001
 3.977190e+000  4.625670e+000  7.262340e-001
 3.979820e+000  4.397190e+000  7.258160e-001
 3.982460e+000  5.476980e+000  7.277120e-001
 3.985090e+000  5.268900e+000  7.240570e-001
 3.987730e+000  3.937400e+000  7.211750e-001
 3.990360e+000  3.650910e+000  7.227990e-001
 3.992990e+000  3.854650e+000  7.208710e-001
 3.995630e+000  5.017920e+000  7.274800e-001
 3.998260e+000  4.675810e+000  7.211430e-001
 4.000900e+000  3.986860e+000  7.288010e-001
 4.003530e+000  4.601270e+000  7.285530e-001
 4.006170e+000  4.546760e+000  7.309450e-001
 4.008800e+000  3.964790e+000  7.269280e-001
 4.011440e+000  4.009420e+000  7.313070e-001
 4.014070e+000  4.822650e+000  7.348850e-001
 4.016710e+000  4.554780e+000  7.374220e-001
 4.019340e+000  4.784460e+000  7.347770e-001
 4.021980e+000  4.552060e+000  7.407240e-001
 4.024610e+000  4.052170e+000  7.374310e-001
 4.027250e+000  4.044250e+000  7.377390e-001
 4.029880e+000  4.712930e+000  7.367520e-001
 4.032510e+000  4.679750e+000  7.395120e-001
 4.035150e+000  4.370400e+000  7.456760e-001
 4.037780e+000  3.951140e+000  7.408950e-001
 4.040420e+000  3.899730e+000  7.455570e-001
 4.043050e+000  4.892850e+000  7.413440e-001
 4.045690e+000  4.786390e+000  7.456440e-001
 4.048320e+000  3.316000e+000  7.452660e-001
 4.050960e+000  3.476930e+000  7.477580e-001
 4.053590e+000  3.443870e+000  7.430730e-001
 4.056230e+000  3.489100e+000  7.510090e-001
 4.058860e+000  4.165800e+000  7.470440e-001
 4.061500e+000  4.385410e+000  7.527230e-001
 4.064130e+000  4.762390e+000  7.531410e-001
 4.066760e+000  5.009210e+000  7.564810e-001
 4.069400e+000  4.061120e+000  7.535060e-001
 4.072030e+000  5.631680e+000  7.559980e-001
 4.074670e+000  4.549590e+000  7.577890e-001
 4.077300e+000  3.218060e+000  7.557550e-001
 4.079940e+000  4.298000e+000  7.630780e-001
 4.082570e+000  4.938350e+000  7.591450e-001
 4.085210e+000  4.550570e+000  7.651800e-001
 4.087840e+000  5.028990e+000  7.625900e-001
 4.090480e+000  4.416000e+000  7.642160e-001
 4.093110e+000  5.118660e+000  7.668210e-001
 4.095750e+000  5.232040e+000  7.694890e-001
 4.098380e+000  5.358100e+000  7.648110e-001
 4.101020e+000  4.087130e+000  7.706540e-001
 4.103650e+000  5.269650e+000  7.732700e-001
 4.106280e+000  5.011620e+000  7.691700e-001
 4.108920e+000  5.490980e+000  7.717920e-001
 4.111550e+000  4.585890e+000  7.666930e-001
 4.114190e+000  4.425610e+000  7.752290e-001
 4.116820e+000  4.190630e+000  7.710460e-001
 4.119460e+000  5.175500e+000  7.764600e-001
 4.122090e+000  4.390180e+000  7.721720e-001
 4.124730e+000  4.356310e+000  7.745380e-001
 4.127360e+000  4.789350e+000  7.733680e-001
 4.130000e+000  4.740760e+000  7.785410e-001
 4.132630e+000  4.134740e+000  7.750590e-001
 4.135270e+000  4.113260e+000  7.805650e-001
 4.137900e+000  4.733330e+000  7.783100e-001
 4.140540e+000  5.466210e+000  7.787210e-001
 4.143170e+000  4.129090e+000  7.796050e-001
 4.145800e+000  4.754780e+000  7.785960e-001
 4.148440e+000  5.732570e+000  7.855960e-001
 4.151070e+000  5.474130e+000  7.792110e-001
 4.153710e+000  5.140270e+000  7.803580e-001
 4.156340e+000  4.937110e+000  7.765340e-001
 4.158980e+000  4.082340e+000  7.792800e-001
 4.161610e+000  5.409320e+000  7.785970e-001
 4.164250e+000  4.258170e+000  7.803790e-001
 4.166880e+000  3.625250e+000  7.756670e-001
 4.169520e+000  3.231320e+000  7.768670e-001
 4.172150e+000  4.259630e+000  7.733830e-001
 4.174790e+000  4.428820e+000  7.763070e-001
 4.177420e+000  3.849870e+000  7.728880e-001
 4.180060e+000  3.848350e+000  7.735950e-001
 4.182690e+000  4.194450e+000  7.752500e-001
 4.185320e+000  3.634000e+000  7.729650e-001
 4.187960e+000  4.091740e+000  7.778170e-001
 4.190590e+000  2.730490e+000  7.746160e-001
 4.193230e+000  3.631480e+000  7.806560e-001
 4.195860e+000  3.678130e+000  7.804790e-001
 4.198500e+000  4.208470e+000  7.866830e-001
 4.201130e+000  4.039740e+000  7.879640e-001
 4.203770e+000  4.673040e+000  7.926570e-001
 4.206400e+000  5.994140e+000  7.912770e-001
 4.209040e+000  4.518740e+000  7.981290e-001
 4.211670e+000  4.102270e+000  7.975110e-001
 4.214310e+000  3.608450e+000  7.986230e-001
 4.216940e+000  5.400900e+000  8.071650e-001
 4.219570e+000  5.381560e+000  8.061320e-001
 4.222210e+000  4.671740e+000  8.071250e-001
 4.224840e+000  5.130940e+000  8.055010e-001
 4.227480e+000  5.283440e+000  8.144760e-001
 4.230110e+000  4.800300e+000  8.130780e-001
 4.232750e+000  3.885330e+000  8.146630e-001
 4.235380e+000  4.217210e+000  8.129300e-001
 4.238020e+000  4.581330e+000  8.197530e-001
 4.240650e+000  4.190650e+000  8.200540e-001
 4.243290e+000  6.021130e+000  8.287050e-001
 4.245920e+000  4.859500e+000  8.289260e-001
 4.248560e+000  5.005070e+000  8.306970e-001
 4.251190e+000  3.506110e+000  8.259910e-001
 4.253830e+000  3.836500e+000  8.246200e-001
 4.256460e+000  2.994150e+000  8.290930e-001
 4.259090e+000  4.023060e+000  8.323370e-001
 4.261730e+000  4.400850e+000  8.393170e-001
 4.264360e+000  5.007070e+000  8.449160e-001
 4.267000e+000  5.771600e+000  8.693080e-001
 4.269630e+000  4.277810e+000  9.012060e-001
 4.272270e+000  4.085500e+000  9.360350e-001
 4.274900e+000  4.167760e+000  9.662670e-001
 4.277540e+000  2.217840e+000  9.909590e-001
 4.280170e+000  4.001260e+000  1.011780e+000
 4.282810e+000  4.735840e+000  1.024860e+000
 4.285440e+000  5.183630e+000  1.034580e+000
 4.288080e+000  3.814290e+000  1.042950e+000
 4.290710e+000  4.205460e+000  1.049820e+000
 4.293350e+000  4.117930e+000  1.059790e+000
 4.295980e+000  4.728040e+000  1.069690e+000
 4.298610e+000  4.292710e+000  1.072560e+000
 4.301250e+000  3.962380e+000  1.072890e+000
 4.303880e+000  3.336550e+000  1.076160e+000
 4.306520e+000  6.154660e+000  1.097790e+000
 4.309150e+000  4.490900e+000  1.104210e+000
 4.311790e+000  3.852060e+000  1.110390e+000
 4.314420e+000  3.290270e+000  1.113580e+000
 4.317060e+000  3.352920e+000  1.128920e+000
 4.319690e+000  3.462850e+000  1.123210e+000
 4.322330e+000  3.641170e+000  1.144560e+000
 4.324960e+000  4.152240e+000  1.148810e+000
 4.327600e+000  5.385270e+000  1.165570e+000
 4.330230e+000  6.468350e+000  1.170050e+000
 4.332870e+000  5.733580e+000  1.179940e+000
 4.335500e+000  4.054550e+000  1.175860e+000
 4.338130e+000  4.254790e+000  1.185720e+000
 4.340770e+000  5.200690e+000  1.203070e+000
 4.343400e+000  5.735880e+000  1.215440e+000
 4.346040e+000  4.047720e+000  1.224690e+000
 4.348670e+000  3.633520e+000  1.233400e+000
 4.351310e+000  5.805610e+000  1.234130e+000
 4.353940e+000  5.116230e+000  1.230210e+000
 4.356580e+000  5.183590e+000  1.253010e+000
 4.359210e+000  6.046800e+000  1.262890e+000
 4.361850e+000  4.378560e+000  1.266150e+000
 4.364480e+000  4.693090e+000  1.276700e+000
 4.367120e+000  3.788550e+000  1.289210e+000
 4.369750e+000  6.221200e+000  1.308510e+000
 4.372380e+000  4.973560e+000  1.303350e+000
 4.375020e+000  2.803320e+000  1.306340e+000
 4.377650e+000  3.195930e+000  1.307810e+000
 4.380290e+000  4.683110e+000  1.326850e+000
 4.382920e+000  4.817150e+000  1.334200e+000
 4.385560e+000  4.866430e+000  1.337910e+000
 4.388190e+000  5.020400e+000  1.362870e+000
 4.390830e+000  3.400820e+000  1.363140e+000
 4.393460e+000  4.711920e+000  1.367890e+000
 4.396100e+000  4.515200e+000  1.393130e+000
 4.398730e+000  3.061580e+000  1.374990e+000
 4.401370e+000  3.443290e+000  1.395270e+000
 4.404000e+000  5.450650e+000  1.413500e+000
 4.406640e+000  5.847910e+000  1.421440e+000
 4.409270e+000  4.141870e+000  1.428570e+000
 4.411900e+000  4.497900e+000  1.440910e+000
 4.414540e+000  3.927490e+000  1.453270e+000
 4.417170e+000  4.017030e+000  1.459350e+000
 4.419810e+000  5.745700e+000  1.468470e+000
 4.422440e+000  6.091370e+000  1.493390e+000
 4.425080e+000  7.412500e+000  1.511270e+000
 4.427710e+000  5.685530e+000  1.495140e+000
 4.430350e+000  4.386670e+000  1.524130e+000
 4.432980e+000  3.688450e+000  1.514250e+000
 4.435620e+000  6.077820e+000  1.553260e+000
 4.438250e+000  5.225950e+000  1.562900e+000
 4.440890e+000  3.614900e+000  1.561390e+000
 4.443520e+000  4.204750e+000  1.573250e+000
 4.446160e+000  3.605190e+000  1.594230e+000
 4.448790e+000  5.875110e+000  1.594680e+000
 4.451420e+000  7.993540e+000  1.625070e+000
 4.454060e+000  7.537640e+000  1.637860e+000
 4.456690e+000  9.370510e+000  1.677160e+000
 4.459330e+000  4.854830e+000  1.675180e+000
 4.461960e+000  4.148690e+000  1.678520e+000
 4.464600e+000  4.563780e+000  1.673290e+000
 4.467230e+000  3.435460e+000  1.673230e+000
 4.469870e+000  4.821110e+000  1.721090e+000
 4.472500e+000  4.195620e+000  1.731940e+000
 4.475140e+000  3.461350e+000  1.749320e+000
 4.477770e+000  6.362750e+000  1.778280e+000
 4.480410e+000  3.811630e+000  1.765970e+000
 4.483040e+000  2.241080e+000  1.779530e+000
 4.485680e+000  1.932940e+000  1.801970e+000
 4.488310e+000  3.108260e+000  1.824050e+000
 4.490940e+000  4.274210e+000  1.847860e+000
 4.493580e+000  4.488490e+000  1.867280e+000
 4.496210e+000  5.635860e+000  1.977930e+000
parent: F:/old/GRUBER2/data/processed/merge_005.dat
range-from: 1
range-to: 1700
