Sample description: Sub_Ave_harp_0077_803-Ave_Tp_0076_50
Sample: Sub_Ave_harp_00  c= 0 mg/ml  Code: 
 6.196389e-002  5.128039e-002  1.892030e-003
 6.759697e-002  5.059387e-002  1.084396e-003
 7.323004e-002  4.896761e-002  8.275172e-004
 7.886311e-002  4.973151e-002  6.570663e-004
 8.449619e-002  5.074992e-002  4.858609e-004
 9.012926e-002  5.022694e-002  3.987453e-004
 9.576232e-002  4.897669e-002  3.404879e-004
 1.013954e-001  4.779030e-002  2.958502e-004
 1.070285e-001  4.820092e-002  2.649116e-004
 1.126615e-001  4.857628e-002  2.373584e-004
 1.182946e-001  4.804144e-002  2.040614e-004
 1.239276e-001  4.806772e-002  1.817551e-004
 1.295607e-001  4.821411e-002  1.666904e-004
 1.351937e-001  4.797856e-002  1.542780e-004
 1.408268e-001  4.771752e-002  1.448813e-004
 1.464598e-001  4.771913e-002  1.379332e-004
 1.520929e-001  4.753297e-002  1.313225e-004
 1.577259e-001  4.707546e-002  1.260047e-004
 1.633590e-001  4.687282e-002  1.214946e-004
 1.689920e-001  4.679424e-002  1.172981e-004
 1.746250e-001  4.662439e-002  1.132192e-004
 1.802581e-001  4.617242e-002  1.093924e-004
 1.858911e-001  4.570546e-002  1.061528e-004
 1.915241e-001  4.565501e-002  1.032802e-004
 1.971571e-001  4.554744e-002  1.006378e-004
 2.027901e-001  4.525955e-002  9.798106e-005
 2.084232e-001  4.506087e-002  9.544952e-005
 2.140562e-001  4.471587e-002  9.293618e-005
 2.196892e-001  4.442997e-002  9.083998e-005
 2.253222e-001  4.439677e-002  8.894192e-005
 2.309552e-001  4.386649e-002  8.689883e-005
 2.365882e-001  4.344156e-002  8.509458e-005
 2.422211e-001  4.314205e-002  8.350565e-005
 2.478541e-001  4.301691e-002  8.203342e-005
 2.534871e-001  4.282673e-002  8.038762e-005
 2.591201e-001  4.254154e-002  7.896308e-005
 2.647530e-001  4.211406e-002  7.771273e-005
 2.703860e-001  4.212649e-002  7.647662e-005
 2.760189e-001  4.166079e-002  7.510964e-005
 2.816519e-001  4.133868e-002  7.391700e-005
 2.872848e-001  4.100324e-002  7.287407e-005
 2.929178e-001  4.058034e-002  7.185170e-005
 2.985507e-001  4.044656e-002  7.074393e-005
 3.041836e-001  4.003590e-002  6.961804e-005
 3.098166e-001  3.965835e-002  6.872770e-005
 3.154495e-001  3.932911e-002  6.776503e-005
 3.210824e-001  3.917772e-002  6.689557e-005
 3.267153e-001  3.887584e-002  6.589819e-005
 3.323482e-001  3.872603e-002  6.524908e-005
 3.379811e-001  3.838914e-002  6.451886e-005
 3.436140e-001  3.800265e-002  6.365963e-005
 3.492468e-001  3.773787e-002  6.284014e-005
 3.548797e-001  3.738304e-002  6.197985e-005
 3.605126e-001  3.710509e-002  6.137647e-005
 3.661454e-001  3.667999e-002  6.067779e-005
 3.717783e-001  3.626904e-002  5.985274e-005
 3.774111e-001  3.596627e-002  5.920100e-005
 3.830440e-001  3.564782e-002  5.856586e-005
 3.886768e-001  3.543629e-002  5.798367e-005
 3.943096e-001  3.526376e-002  5.731063e-005
 3.999424e-001  3.494148e-002  5.670095e-005
 4.055752e-001  3.452110e-002  5.620935e-005
 4.112080e-001  3.411898e-002  5.550798e-005
 4.168408e-001  3.393393e-002  5.501155e-005
 4.224736e-001  3.362744e-002  5.445756e-005
 4.281064e-001  3.335911e-002  5.395515e-005
 4.337391e-001  3.302630e-002  5.341494e-005
 4.393719e-001  3.263719e-002  5.282887e-005
 4.450046e-001  3.230649e-002  5.240230e-005
 4.506374e-001  3.191185e-002  5.186670e-005
 4.562701e-001  3.176241e-002  5.139527e-005
 4.619028e-001  3.140849e-002  5.091416e-005
 4.675355e-001  3.098166e-002  5.041418e-005
 4.731682e-001  3.069569e-002  4.998380e-005
 4.788009e-001  3.056938e-002  4.961158e-005
 4.844336e-001  3.030156e-002  4.915222e-005
 4.900663e-001  2.991063e-002  4.867486e-005
 4.956990e-001  2.956501e-002  4.824285e-005
 5.013316e-001  2.927370e-002  4.783098e-005
 5.069643e-001  2.893102e-002  4.737697e-005
 5.125969e-001  2.852681e-002  4.692280e-005
 5.182295e-001  2.822675e-002  4.656390e-005
 5.238622e-001  2.794527e-002  4.618534e-005
 5.294948e-001  2.767812e-002  4.583956e-005
 5.351274e-001  2.744013e-002  4.549257e-005
 5.407599e-001  2.711640e-002  4.508728e-005
 5.463925e-001  2.680717e-002  4.470621e-005
 5.520251e-001  2.654549e-002  4.434338e-005
 5.576576e-001  2.635287e-002  4.404753e-005
 5.632902e-001  2.599924e-002  4.365322e-005
 5.689227e-001  2.564773e-002  4.373189e-005
 5.745553e-001  2.526927e-002  4.415803e-005
 5.801878e-001  2.498752e-002  4.423755e-005
 5.858203e-001  2.471345e-002  4.418663e-005
 5.914528e-001  2.444298e-002  4.413503e-005
 5.970852e-001  2.420488e-002  4.408580e-005
 6.027177e-001  2.391488e-002  4.400883e-005
 6.083502e-001  2.368686e-002  4.387018e-005
 6.139826e-001  2.336266e-002  4.369918e-005
 6.196150e-001  2.308041e-002  4.361755e-005
 6.252474e-001  2.287468e-002  4.351739e-005
 6.308799e-001  2.264069e-002  4.334029e-005
 6.365122e-001  2.241513e-002  4.322017e-005
 6.421446e-001  2.208831e-002  4.303685e-005
 6.477770e-001  2.181613e-002  4.289739e-005
 6.534094e-001  2.155915e-002  4.265489e-005
 6.590417e-001  2.120407e-002  4.245493e-005
 6.646740e-001  2.088385e-002  4.230508e-005
 6.703064e-001  2.072547e-002  4.218731e-005
 6.759387e-001  2.048074e-002  4.200676e-005
 6.815710e-001  2.022387e-002  4.180002e-005
 6.872032e-001  2.006503e-002  4.171013e-005
 6.928355e-001  1.982368e-002  4.152289e-005
 6.984678e-001  1.954736e-002  4.139405e-005
 7.041000e-001  1.925741e-002  4.207758e-005
 7.097322e-001  1.902593e-002  4.246056e-005
 7.153644e-001  1.868709e-002  4.264513e-005
 7.209966e-001  1.845947e-002  4.285389e-005
 7.266288e-001  1.821362e-002  4.296658e-005
 7.322610e-001  1.795306e-002  4.307574e-005
 7.378932e-001  1.773513e-002  4.307867e-005
 7.435253e-001  1.753307e-002  4.344608e-005
 7.491574e-001  1.736000e-002  4.464613e-005
 7.547895e-001  1.721220e-002  4.536756e-005
 7.604216e-001  1.685128e-002  4.596292e-005
 7.660537e-001  1.654016e-002  4.642727e-005
 7.716858e-001  1.634270e-002  4.693965e-005
 7.773178e-001  1.622599e-002  4.750213e-005
 7.829499e-001  1.589802e-002  4.792494e-005
 7.885819e-001  1.566195e-002  4.827686e-005
 7.942139e-001  1.532275e-002  4.874038e-005
 7.998459e-001  1.512046e-002  4.897911e-005
 8.054779e-001  1.500417e-002  4.790843e-005
 8.111099e-001  1.476409e-002  4.713760e-005
 8.167418e-001  1.453840e-002  4.662922e-005
 8.223737e-001  1.437563e-002  4.626306e-005
 8.280057e-001  1.417247e-002  4.598468e-005
 8.336376e-001  1.401213e-002  4.593876e-005
 8.392694e-001  1.399331e-002  4.569451e-005
 8.449013e-001  1.377234e-002  4.565880e-005
 8.505332e-001  1.357564e-002  4.559459e-005
 8.561650e-001  1.329342e-002  4.533038e-005
 8.617968e-001  1.310588e-002  4.544059e-005
 8.674286e-001  1.290170e-002  4.521907e-005
 8.730604e-001  1.263352e-002  4.515172e-005
 8.786922e-001  1.248848e-002  4.501396e-005
 8.843239e-001  1.244095e-002  4.495251e-005
 8.899557e-001  1.235215e-002  4.505297e-005
 8.955874e-001  1.212003e-002  4.481239e-005
 9.012191e-001  1.199179e-002  4.490769e-005
 9.068508e-001  1.181647e-002  4.479185e-005
 9.124824e-001  1.159780e-002  4.473000e-005
 9.181141e-001  1.137004e-002  4.468413e-005
 9.237457e-001  1.127883e-002  4.446763e-005
 9.293773e-001  1.105704e-002  4.450343e-005
 9.350089e-001  1.083688e-002  4.436610e-005
 9.406405e-001  1.068437e-002  4.429751e-005
 9.462720e-001  1.043463e-002  4.401615e-005
 9.519036e-001  1.025285e-002  4.374525e-005
 9.575351e-001  1.016345e-002  4.350061e-005
 9.631666e-001  1.012058e-002  4.325484e-005
 9.687981e-001  9.970083e-003  4.306646e-005
 9.744296e-001  9.934232e-003  4.276084e-005
 9.800610e-001  9.757890e-003  4.253002e-005
 9.856924e-001  9.584424e-003  4.235635e-005
 9.913238e-001  9.451825e-003  4.204286e-005
 9.969552e-001  9.298738e-003  4.179278e-005
 1.002587e+000  9.180569e-003  4.162103e-005
 1.008218e+000  9.074879e-003  4.143888e-005
 1.013849e+000  8.915287e-003  4.110781e-005
 1.019481e+000  8.732968e-003  4.086462e-005
 1.025112e+000  8.601871e-003  4.068357e-005
 1.030743e+000  8.534359e-003  4.042750e-005
 1.036374e+000  8.342443e-003  4.014124e-005
 1.042006e+000  8.183604e-003  3.975779e-005
 1.047637e+000  8.118214e-003  3.953930e-005
 1.053268e+000  8.007480e-003  3.920970e-005
 1.058899e+000  7.818017e-003  3.892149e-005
 1.064530e+000  7.703700e-003  3.865627e-005
 1.070162e+000  7.594205e-003  3.846014e-005
 1.075793e+000  7.492558e-003  3.829580e-005
 1.081424e+000  7.371220e-003  3.813016e-005
 1.087055e+000  7.228555e-003  3.797597e-005
 1.092686e+000  7.211729e-003  3.778682e-005
 1.098317e+000  7.094007e-003  3.762018e-005
 1.103948e+000  7.030178e-003  3.755162e-005
 1.109579e+000  6.904380e-003  3.725278e-005
 1.115210e+000  6.626173e-003  3.714265e-005
 1.120841e+000  6.547355e-003  3.692587e-005
 1.126472e+000  6.502264e-003  3.690271e-005
 1.132103e+000  6.335687e-003  3.669203e-005
 1.137733e+000  6.312545e-003  3.653586e-005
 1.143364e+000  6.274980e-003  3.651533e-005
 1.148995e+000  6.103848e-003  3.625414e-005
 1.154626e+000  5.980791e-003  3.611784e-005
 1.160257e+000  5.933331e-003  3.596403e-005
 1.165887e+000  5.878869e-003  3.586929e-005
 1.171518e+000  5.809979e-003  3.568935e-005
 1.177149e+000  5.742534e-003  3.557006e-005
 1.182780e+000  5.605464e-003  3.542239e-005
 1.188410e+000  5.510589e-003  3.529020e-005
 1.194041e+000  5.356990e-003  3.517316e-005
 1.199672e+000  5.326382e-003  3.501027e-005
 1.205302e+000  5.331926e-003  3.491726e-005
 1.210933e+000  5.243880e-003  3.479646e-005
 1.216563e+000  5.154626e-003  3.463292e-005
 1.222194e+000  4.957719e-003  3.453623e-005
 1.227824e+000  4.853773e-003  3.430453e-005
 1.233455e+000  4.795702e-003  3.425896e-005
 1.239085e+000  4.762397e-003  3.411643e-005
 1.244716e+000  4.767450e-003  3.398825e-005
 1.250346e+000  4.674041e-003  3.393612e-005
 1.255977e+000  4.575182e-003  3.373376e-005
 1.261607e+000  4.452638e-003  3.371464e-005
 1.267237e+000  4.330409e-003  3.349482e-005
 1.272868e+000  4.323206e-003  3.345088e-005
 1.278498e+000  4.271525e-003  3.337204e-005
 1.284128e+000  4.251408e-003  3.321346e-005
 1.289758e+000  4.144980e-003  3.315445e-005
 1.295389e+000  4.117963e-003  3.301000e-005
 1.301019e+000  3.977811e-003  3.288971e-005
 1.306649e+000  4.020934e-003  3.282166e-005
 1.312279e+000  4.005254e-003  3.270373e-005
 1.317909e+000  3.941821e-003  3.262623e-005
 1.323539e+000  3.815219e-003  3.244072e-005
 1.329169e+000  3.667062e-003  3.237232e-005
 1.334800e+000  3.630374e-003  3.224288e-005
 1.340430e+000  3.577746e-003  3.211445e-005
 1.346060e+000  3.546703e-003  3.207295e-005
 1.351689e+000  3.552991e-003  3.193101e-005
 1.357319e+000  3.529218e-003  3.188164e-005
 1.362949e+000  3.470772e-003  3.173169e-005
 1.368579e+000  3.405514e-003  3.166128e-005
 1.374209e+000  3.361666e-003  3.160832e-005
 1.379839e+000  3.197691e-003  3.143876e-005
 1.385469e+000  3.171854e-003  3.135637e-005
 1.391099e+000  3.151044e-003  3.126473e-005
 1.396728e+000  3.084023e-003  3.119614e-005
 1.402358e+000  2.994420e-003  3.110081e-005
 1.407988e+000  2.995403e-003  3.100589e-005
 1.413617e+000  2.945533e-003  3.092029e-005
 1.419247e+000  2.846227e-003  3.076305e-005
 1.424877e+000  2.815058e-003  3.076456e-005
 1.430506e+000  2.777953e-003  3.066116e-005
 1.436136e+000  2.782298e-003  3.059048e-005
 1.441765e+000  2.772188e-003  3.049985e-005
 1.447395e+000  2.738849e-003  3.039995e-005
 1.453024e+000  2.543480e-003  3.031069e-005
 1.458654e+000  2.513849e-003  3.017738e-005
 1.464283e+000  2.434612e-003  3.011505e-005
 1.469913e+000  2.439667e-003  3.004832e-005
 1.475542e+000  2.503909e-003  2.997838e-005
 1.481171e+000  2.453756e-003  2.988811e-005
 1.486801e+000  2.361125e-003  2.978318e-005
 1.492430e+000  2.401468e-003  2.976466e-005
 1.498059e+000  2.391525e-003  2.963174e-005
 1.503688e+000  2.365995e-003  2.957056e-005
 1.509318e+000  2.236350e-003  2.952457e-005
 1.514947e+000  2.193852e-003  2.937585e-005
 1.520576e+000  2.219190e-003  2.935997e-005
 1.526205e+000  2.209505e-003  2.924644e-005
 1.531834e+000  2.113979e-003  2.921876e-005
 1.537463e+000  2.035463e-003  2.910112e-005
 1.543092e+000  2.084016e-003  2.901401e-005
 1.548721e+000  2.091349e-003  2.900288e-005
 1.554350e+000  2.038866e-003  2.885975e-005
 1.559979e+000  2.042884e-003  2.883481e-005
 1.565608e+000  2.043498e-003  2.875318e-005
 1.571237e+000  1.930368e-003  2.867570e-005
 1.576866e+000  1.899791e-003  2.861067e-005
 1.582494e+000  1.870660e-003  2.848556e-005
 1.588123e+000  1.806272e-003  2.848420e-005
 1.593752e+000  1.740989e-003  2.832654e-005
 1.599381e+000  1.661659e-003  2.828920e-005
 1.605009e+000  1.683213e-003  2.825912e-005
 1.610638e+000  1.642670e-003  2.814608e-005
 1.616267e+000  1.619851e-003  2.812713e-005
 1.621895e+000  1.635221e-003  2.803849e-005
 1.627524e+000  1.645338e-003  2.803517e-005
 1.633152e+000  1.618779e-003  2.795616e-005
 1.638781e+000  1.574864e-003  2.784940e-005
 1.644409e+000  1.535284e-003  2.785133e-005
 1.650038e+000  1.521621e-003  2.775063e-005
 1.655666e+000  1.509922e-003  2.770227e-005
 1.661294e+000  1.478716e-003  2.761729e-005
 1.666923e+000  1.497809e-003  2.760056e-005
 1.672551e+000  1.457973e-003  2.755390e-005
 1.678179e+000  1.463467e-003  2.745200e-005
 1.683808e+000  1.427715e-003  2.744815e-005
 1.689436e+000  1.337384e-003  2.732815e-005
 1.695064e+000  1.382885e-003  2.728097e-005
 1.700692e+000  1.354563e-003  2.723130e-005
 1.706320e+000  1.294097e-003  2.712883e-005
 1.711948e+000  1.303627e-003  2.711812e-005
 1.717576e+000  1.347241e-003  2.701528e-005
 1.723204e+000  1.332198e-003  2.700945e-005
 1.728832e+000  1.197864e-003  2.691759e-005
 1.734460e+000  1.225202e-003  2.686169e-005
 1.740088e+000  1.245197e-003  2.685491e-005
 1.745716e+000  1.211622e-003  2.676997e-005
 1.751344e+000  1.200448e-003  2.675719e-005
 1.756972e+000  1.211273e-003  2.667266e-005
 1.762600e+000  1.184067e-003  2.661931e-005
 1.768227e+000  1.156261e-003  2.656197e-005
 1.773855e+000  1.127862e-003  2.650431e-005
 1.779483e+000  1.095870e-003  2.645794e-005
 1.785110e+000  1.114114e-003  2.636596e-005
 1.790738e+000  1.130990e-003  2.636703e-005
 1.796365e+000  1.113262e-003  2.628776e-005
 1.801993e+000  1.061041e-003  2.621370e-005
 1.807621e+000  1.073640e-003  2.617856e-005
 1.813248e+000  1.120193e-003  2.610627e-005
 1.818875e+000  1.040603e-003  2.609388e-005
 1.824503e+000  1.005143e-003  2.598238e-005
 1.830130e+000  9.588457e-004  2.596150e-005
 1.835758e+000  9.313794e-004  2.592884e-005
 1.841385e+000  9.657123e-004  2.582744e-005
 1.847012e+000  9.580372e-004  2.582632e-005
 1.852639e+000  9.024061e-004  2.571563e-005
 1.858266e+000  9.306408e-004  2.573001e-005
 1.863894e+000  9.192993e-004  2.564957e-005
 1.869521e+000  8.680225e-004  2.557395e-005
 1.875148e+000  8.687742e-004  2.558891e-005
 1.880775e+000  8.923205e-004  2.550526e-005
 1.886402e+000  8.239835e-004  2.548153e-005
 1.892029e+000  7.900020e-004  2.542983e-005
 1.897656e+000  8.109266e-004  2.537648e-005
 1.903283e+000  8.391204e-004  2.537109e-005
 1.908910e+000  8.456748e-004  2.527336e-005
 1.914536e+000  8.044653e-004  2.525972e-005
 1.920163e+000  8.000507e-004  2.519545e-005
 1.925790e+000  8.204523e-004  2.516969e-005
 1.931417e+000  8.869458e-004  2.515958e-005
 1.937043e+000  8.106658e-004  2.506606e-005
 1.942670e+000  7.338813e-004  2.503384e-005
 1.948297e+000  7.294724e-004  2.494552e-005
 1.953923e+000  7.307634e-004  2.492998e-005
 1.959550e+000  6.890113e-004  2.486875e-005
 1.965176e+000  7.020901e-004  2.483359e-005
 1.970803e+000  7.513457e-004  2.481242e-005
 1.976429e+000  7.434633e-004  2.472882e-005
 1.982055e+000  7.032857e-004  2.471465e-005
 1.987682e+000  7.236879e-004  2.466732e-005
 1.993308e+000  7.041946e-004  2.464056e-005
 1.998934e+000  6.332882e-004  2.459400e-005
 2.004560e+000  6.575339e-004  2.452433e-005
 2.010187e+000  6.663181e-004  2.453543e-005
 2.015813e+000  6.552904e-004  2.446397e-005
 2.021439e+000  6.260541e-004  2.441909e-005
 2.027065e+000  6.093391e-004  2.435225e-005
 2.032691e+000  6.375919e-004  2.465648e-005
 2.038317e+000  6.915366e-004  2.504745e-005
 2.043943e+000  6.703095e-004  2.522488e-005
 2.049569e+000  6.613070e-004  2.542354e-005
 2.055195e+000  6.372011e-004  2.554392e-005
 2.060820e+000  6.192692e-004  2.567950e-005
 2.066446e+000  6.956076e-004  2.580712e-005
 2.072072e+000  6.365163e-004  2.586488e-005
 2.077698e+000  6.399094e-004  2.599194e-005
 2.083323e+000  6.318318e-004  2.596206e-005
 2.088949e+000  6.052107e-004  2.599681e-005
 2.094575e+000  5.940167e-004  2.600283e-005
 2.100200e+000  5.672620e-004  2.599073e-005
 2.105826e+000  5.502278e-004  2.606885e-005
 2.111451e+000  5.750084e-004  2.602187e-005
 2.117077e+000  5.849839e-004  2.605460e-005
 2.122702e+000  6.154657e-004  2.603949e-005
 2.128327e+000  5.769589e-004  2.603967e-005
 2.133953e+000  5.211385e-004  2.603917e-005
 2.139578e+000  5.737722e-004  2.601756e-005
 2.145203e+000  5.835464e-004  2.606661e-005
 2.150828e+000  5.727227e-004  2.598967e-005
 2.156453e+000  5.894590e-004  2.556855e-005
 2.162078e+000  6.370622e-004  2.511705e-005
 2.167704e+000  5.617849e-004  2.480908e-005
 2.173329e+000  5.196953e-004  2.466960e-005
 2.178954e+000  5.853457e-004  2.447103e-005
 2.184578e+000  5.550853e-004  2.433039e-005
 2.190203e+000  4.869363e-004  2.416112e-005
 2.195828e+000  5.075802e-004  2.402973e-005
 2.201453e+000  5.159620e-004  2.394423e-005
 2.207078e+000  4.950484e-004  2.379438e-005
 2.212702e+000  5.023934e-004  2.373635e-005
 2.218327e+000  4.484723e-004  2.365845e-005
 2.223952e+000  5.008012e-004  2.363946e-005
 2.229576e+000  5.504396e-004  2.361029e-005
 2.235201e+000  5.020707e-004  2.354187e-005
 2.240825e+000  4.882298e-004  2.354043e-005
 2.246450e+000  5.063534e-004  2.347415e-005
 2.252074e+000  5.386847e-004  2.348927e-005
 2.257699e+000  5.332421e-004  2.347231e-005
 2.263323e+000  5.242225e-004  2.342052e-005
 2.268947e+000  4.667129e-004  2.338789e-005
 2.274572e+000  4.778111e-004  2.332120e-005
 2.280196e+000  5.304241e-004  2.333640e-005
 2.285820e+000  5.554780e-004  2.333397e-005
 2.291444e+000  5.118147e-004  2.332008e-005
 2.297068e+000  5.371649e-004  2.335568e-005
 2.302692e+000  5.138900e-004  2.330734e-005
 2.308316e+000  4.693858e-004  2.331361e-005
 2.313940e+000  4.314970e-004  2.325981e-005
 2.319564e+000  4.441949e-004  2.322889e-005
 2.325188e+000  5.224712e-004  2.322361e-005
 2.330812e+000  5.419071e-004  2.320098e-005
 2.336435e+000  5.099511e-004  2.321171e-005
 2.342059e+000  5.407347e-004  2.318840e-005
 2.347683e+000  4.705393e-004  2.318461e-005
 2.353306e+000  3.873019e-004  2.313336e-005
 2.358930e+000  3.847951e-004  2.309842e-005
 2.364553e+000  4.137575e-004  2.310190e-005
 2.370177e+000  4.351979e-004  2.304726e-005
 2.375800e+000  4.554624e-004  2.306688e-005
 2.381424e+000  4.397929e-004  2.302598e-005
 2.387047e+000  4.117696e-004  2.301151e-005
 2.392670e+000  4.071146e-004  2.298917e-005
 2.398294e+000  3.993996e-004  2.294701e-005
 2.403917e+000  3.931049e-004  2.298127e-005
 2.409540e+000  4.391373e-004  2.294288e-005
 2.415163e+000  4.428258e-004  2.296110e-005
 2.420786e+000  4.480897e-004  2.291948e-005
 2.426409e+000  4.739122e-004  2.289502e-005
 2.432032e+000  4.690413e-004  2.289302e-005
 2.437655e+000  4.514461e-004  2.282641e-005
 2.443278e+000  4.145289e-004  2.284697e-005
 2.448901e+000  3.906325e-004  2.281687e-005
 2.454524e+000  3.789258e-004  2.278575e-005
 2.460146e+000  3.425765e-004  2.278454e-005
 2.465769e+000  3.611873e-004  2.274078e-005
 2.471392e+000  3.935116e-004  2.277068e-005
 2.477014e+000  3.862315e-004  2.273586e-005
 2.482637e+000  4.026517e-004  2.274282e-005
 2.488259e+000  3.736652e-004  2.272972e-005
 2.493882e+000  3.264505e-004  2.267856e-005
 2.499504e+000  3.539860e-004  2.269250e-005
 2.505127e+000  3.323772e-004  2.265814e-005
 2.510749e+000  3.658533e-004  2.266381e-005
 2.516371e+000  3.957949e-004  2.261650e-005
 2.521993e+000  3.679860e-004  2.261961e-005
 2.527616e+000  3.687908e-004  2.262627e-005
 2.533238e+000  3.708070e-004  2.258626e-005
 2.538860e+000  3.113085e-004  2.255555e-005
 2.544482e+000  3.081455e-004  2.252551e-005
 2.550104e+000  3.450918e-004  2.254515e-005
 2.555726e+000  3.685766e-004  2.255689e-005
 2.561347e+000  3.721647e-004  2.250957e-005
 2.566969e+000  3.835082e-004  2.251007e-005
 2.572591e+000  3.888935e-004  2.245404e-005
 2.578213e+000  3.775711e-004  2.245361e-005
 2.583834e+000  4.006469e-004  2.243031e-005
 2.589456e+000  4.063594e-004  2.242706e-005
 2.595078e+000  3.444107e-004  2.239200e-005
 2.600699e+000  3.191583e-004  2.233986e-005
 2.606321e+000  2.504895e-004  2.234943e-005
 2.611942e+000  2.670356e-004  2.231385e-005
 2.617563e+000  2.817866e-004  2.230927e-005
 2.623185e+000  2.381211e-004  2.229184e-005
 2.628806e+000  2.335055e-004  2.225857e-005
 2.634427e+000  2.612179e-004  2.227382e-005
 2.640048e+000  2.801384e-004  2.222252e-005
 2.645670e+000  3.126561e-004  2.222340e-005
 2.651291e+000  3.411794e-004  2.220990e-005
 2.656912e+000  2.893871e-004  2.220124e-005
 2.662533e+000  2.571945e-004  2.220164e-005
 2.668154e+000  3.070056e-004  2.214433e-005
 2.673774e+000  3.220312e-004  2.218958e-005
 2.679395e+000  3.725307e-004  2.217284e-005
 2.685016e+000  3.474905e-004  2.213640e-005
 2.690637e+000  3.208942e-004  2.211144e-005
 2.696257e+000  3.062780e-004  2.207405e-005
 2.701878e+000  2.556121e-004  2.209382e-005
 2.707499e+000  2.571609e-004  2.206106e-005
 2.713119e+000  3.616010e-004  2.206231e-005
 2.718740e+000  3.451013e-004  2.204325e-005
 2.724360e+000  3.178354e-004  2.202016e-005
 2.729980e+000  2.817691e-004  2.202696e-005
 2.735601e+000  2.528913e-004  2.197046e-005
 2.741221e+000  2.235056e-004  2.196388e-005
 2.746841e+000  3.249476e-004  2.195769e-005
 2.752461e+000  4.055783e-004  2.196799e-005
 2.758081e+000  3.269221e-004  2.196850e-005
 2.763701e+000  3.394128e-004  2.192509e-005
 2.769321e+000  3.371462e-004  2.195095e-005
 2.774941e+000  3.527528e-004  2.189554e-005
 2.780561e+000  3.517951e-004  2.188492e-005
 2.786181e+000  2.870266e-004  2.188404e-005
 2.791801e+000  2.825870e-004  2.181969e-005
 2.797420e+000  3.036686e-004  2.185482e-005
 2.803040e+000  2.611801e-004  2.180115e-005
 2.808660e+000  2.888615e-004  2.182669e-005
 2.814279e+000  3.133057e-004  2.178731e-005
 2.819899e+000  2.873283e-004  2.177373e-005
 2.825518e+000  2.982762e-004  2.180046e-005
 2.831137e+000  2.844700e-004  2.177015e-005
 2.836757e+000  3.107776e-004  2.178995e-005
 2.842376e+000  2.731295e-004  2.174586e-005
 2.847995e+000  2.380646e-004  2.171951e-005
 2.853614e+000  2.236478e-004  2.170486e-005
 2.859234e+000  2.308005e-004  2.166797e-005
 2.864853e+000  2.322465e-004  2.168002e-005
 2.870472e+000  2.175174e-004  2.163179e-005
 2.876091e+000  2.266509e-004  2.164538e-005
 2.881709e+000  2.245489e-004  2.162975e-005
 2.887328e+000  2.279176e-004  2.161626e-005
 2.892947e+000  2.920882e-004  2.160858e-005
 2.898566e+000  3.533996e-004  2.160368e-005
 2.904184e+000  3.842841e-004  2.161934e-005
 2.909803e+000  3.148436e-004  2.158011e-005
 2.915422e+000  2.583586e-004  2.153759e-005
 2.921040e+000  2.618322e-004  2.150340e-005
 2.926659e+000  2.842927e-004  2.146736e-005
 2.932277e+000  3.054563e-004  2.144284e-005
 2.937895e+000  3.127271e-004  2.141353e-005
 2.943514e+000  2.804810e-004  2.138325e-005
 2.949132e+000  2.293076e-004  2.136215e-005
 2.954750e+000  2.472367e-004  2.133789e-005
 2.960368e+000  2.974568e-004  2.131634e-005
 2.965986e+000  2.658891e-004  2.127577e-005
 2.971604e+000  2.447154e-004  2.126713e-005
 2.977222e+000  2.841101e-004  2.123434e-005
 2.982840e+000  3.005979e-004  2.121890e-005
 2.988458e+000  2.669457e-004  2.123450e-005
 2.994075e+000  2.788971e-004  2.121711e-005
 2.999693e+000  2.955397e-004  2.121407e-005
 3.005311e+000  2.372963e-004  2.117637e-005
 3.010928e+000  2.278838e-004  2.116694e-005
 3.016546e+000  2.065341e-004  2.116108e-005
 3.022163e+000  2.747495e-004  2.115051e-005
 3.027781e+000  3.491173e-004  2.115029e-005
 3.033398e+000  3.269412e-004  2.112335e-005
 3.039015e+000  2.759678e-004  2.112382e-005
 3.044633e+000  2.960031e-004  2.109601e-005
 3.050250e+000  3.236861e-004  2.111955e-005
 3.055867e+000  2.750569e-004  2.107910e-005
 3.061484e+000  2.399905e-004  2.103495e-005
 3.067101e+000  2.407016e-004  2.105675e-005
 3.072718e+000  2.521568e-004  2.102019e-005
 3.078335e+000  2.395144e-004  2.100944e-005
 3.083952e+000  2.260203e-004  2.098382e-005
 3.089569e+000  2.646299e-004  2.097085e-005
 3.095185e+000  2.758815e-004  2.098226e-005
 3.100802e+000  3.147526e-004  2.096463e-005
 3.106418e+000  2.553782e-004  2.097255e-005
 3.112035e+000  2.096088e-004  2.092457e-005
 3.117652e+000  2.239588e-004  2.092122e-005
 3.123268e+000  2.754719e-004  2.091672e-005
 3.128884e+000  3.169493e-004  2.087876e-005
 3.134501e+000  3.281208e-004  2.089706e-005
 3.140117e+000  3.269654e-004  2.085243e-005
 3.145733e+000  2.968078e-004  2.085345e-005
 3.151349e+000  2.974789e-004  2.082952e-005
 3.156965e+000  3.367591e-004  2.082178e-005
 3.162581e+000  3.019409e-004  2.080957e-005
 3.168197e+000  2.590940e-004  2.077401e-005
 3.173813e+000  1.936045e-004  2.078244e-005
 3.179429e+000  2.054927e-004  2.075720e-005
 3.185044e+000  2.252348e-004  2.076087e-005
 3.190660e+000  2.808169e-004  2.075216e-005
 3.196276e+000  3.002474e-004  2.072793e-005
 3.201891e+000  2.490141e-004  2.073406e-005
 3.207507e+000  1.765271e-004  2.068063e-005
 3.213122e+000  2.107666e-004  2.069482e-005
 3.218738e+000  2.478650e-004  2.068169e-005
 3.224353e+000  2.680254e-004  2.067076e-005
 3.229968e+000  2.543182e-004  2.069768e-005
 3.235583e+000  2.279483e-004  2.062705e-005
 3.241199e+000  2.329327e-004  2.062266e-005
 3.246814e+000  2.363264e-004  2.062218e-005
 3.252429e+000  2.321761e-004  2.061702e-005
 3.258044e+000  2.607012e-004  2.063395e-005
 3.263658e+000  2.893088e-004  2.058958e-005
 3.269273e+000  2.734823e-004  2.060765e-005
 3.274888e+000  2.322647e-004  2.056472e-005
 3.280503e+000  2.073996e-004  2.056013e-005
 3.286117e+000  2.250280e-004  2.055845e-005
 3.291732e+000  2.302382e-004  2.051658e-005
 3.297346e+000  2.137112e-004  2.052927e-005
 3.302961e+000  2.620618e-004  2.051450e-005
 3.308575e+000  2.972424e-004  2.051354e-005
 3.314190e+000  2.823056e-004  2.049653e-005
 3.319804e+000  2.421580e-004  2.048180e-005
 3.325418e+000  2.278431e-004  2.047742e-005
 3.331032e+000  1.946577e-004  2.043271e-005
 3.336646e+000  2.511967e-004  2.044768e-005
 3.342260e+000  2.876569e-004  2.043347e-005
 3.347874e+000  2.901501e-004  2.040929e-005
 3.353488e+000  2.879328e-004  2.040999e-005
 3.359102e+000  3.108671e-004  2.039968e-005
 3.364715e+000  2.642360e-004  2.040164e-005
 3.370329e+000  2.158864e-004  2.035415e-005
 3.375943e+000  1.987402e-004  2.035474e-005
 3.381556e+000  2.023045e-004  2.035323e-005
 3.387170e+000  1.970407e-004  2.032183e-005
 3.392783e+000  2.486521e-004  2.034648e-005
 3.398396e+000  2.902497e-004  2.031234e-005
 3.404010e+000  2.960845e-004  2.033762e-005
 3.409623e+000  2.905299e-004  2.030559e-005
 3.415236e+000  3.057647e-004  2.029097e-005
 3.420849e+000  2.532947e-004  2.028175e-005
 3.426462e+000  2.163255e-004  2.023731e-005
 3.432075e+000  2.465085e-004  2.025141e-005
 3.437688e+000  2.525812e-004  2.022550e-005
 3.443301e+000  2.970742e-004  2.022839e-005
 3.448914e+000  2.926412e-004  2.021157e-005
 3.454526e+000  2.183668e-004  2.016376e-005
 3.460139e+000  2.032519e-004  2.018860e-005
 3.465752e+000  2.272732e-004  2.016940e-005
 3.471364e+000  2.399669e-004  2.018124e-005
 3.476976e+000  2.322323e-004  2.014286e-005
 3.482589e+000  2.440041e-004  2.012138e-005
 3.488201e+000  2.702692e-004  2.012280e-005
 3.493813e+000  2.684903e-004  2.008961e-005
 3.499425e+000  2.584186e-004  2.012222e-005
 3.505038e+000  2.459781e-004  2.008118e-005
 3.510650e+000  2.501173e-004  2.008091e-005
 3.516262e+000  2.558942e-004  2.007805e-005
 3.521873e+000  2.512663e-004  2.003972e-005
 3.527485e+000  2.395299e-004  2.004828e-005
 3.533097e+000  2.245875e-004  2.001034e-005
 3.538709e+000  1.991022e-004  2.002646e-005
 3.544320e+000  2.136673e-004  2.000876e-005
 3.549932e+000  2.384051e-004  1.999018e-005
 3.555543e+000  2.533151e-004  2.000449e-005
 3.561155e+000  2.202495e-004  1.994499e-005
 3.566766e+000  2.002733e-004  1.995391e-005
 3.572377e+000  2.467583e-004  1.994020e-005
 3.577989e+000  2.884682e-004  1.994443e-005
 3.583600e+000  2.507543e-004  1.992947e-005
 3.589211e+000  1.923996e-004  1.989382e-005
 3.594822e+000  1.529110e-004  1.995659e-005
 3.600433e+000  2.084856e-004  2.034103e-005
 3.606044e+000  2.514438e-004  2.057297e-005
 3.611654e+000  2.236836e-004  2.076537e-005
 3.617265e+000  1.782637e-004  2.092424e-005
 3.622876e+000  2.166855e-004  2.112022e-005
 3.628486e+000  2.646128e-004  2.125569e-005
 3.634097e+000  2.106182e-004  2.141409e-005
 3.639707e+000  1.634770e-004  2.153867e-005
 3.645318e+000  1.685582e-004  2.167010e-005
 3.650928e+000  2.398374e-004  2.183587e-005
 3.656538e+000  2.387319e-004  2.191512e-005
 3.662148e+000  2.482636e-004  2.207668e-005
 3.667758e+000  2.816433e-004  2.218809e-005
 3.673368e+000  2.903654e-004  2.228344e-005
 3.678978e+000  2.727195e-004  2.235067e-005
 3.684588e+000  2.524650e-004  2.238199e-005
 3.690198e+000  2.450649e-004  2.247075e-005
 3.695808e+000  2.403662e-004  2.250397e-005
 3.701417e+000  2.525558e-004  2.259552e-005
 3.707027e+000  2.675860e-004  2.265380e-005
 3.712637e+000  3.099088e-004  2.269400e-005
 3.718246e+000  3.110784e-004  2.276911e-005
 3.723855e+000  2.415207e-004  2.276554e-005
 3.729465e+000  2.775928e-004  2.286555e-005
 3.735074e+000  2.868179e-004  2.289417e-005
 3.740683e+000  3.425559e-004  2.297860e-005
 3.746292e+000  3.692060e-004  2.306498e-005
 3.751901e+000  2.839884e-004  2.307115e-005
 3.757510e+000  2.781009e-004  2.314973e-005
 3.763119e+000  2.648513e-004  2.313623e-005
 3.768728e+000  2.476668e-004  2.320731e-005
 3.774337e+000  1.806713e-004  2.326318e-005
 3.779945e+000  1.869472e-004  2.328845e-005
 3.785554e+000  2.313211e-004  2.336441e-005
 3.791162e+000  2.476329e-004  2.337037e-005
 3.796771e+000  2.123816e-004  2.343554e-005
 3.802379e+000  2.306001e-004  2.345776e-005
 3.807988e+000  2.208805e-004  2.349769e-005
 3.813596e+000  1.635226e-004  2.353858e-005
 3.819204e+000  1.204828e-004  2.355172e-005
 3.824812e+000  2.099501e-004  2.366939e-005
 3.830420e+000  2.939405e-004  2.367834e-005
 3.836028e+000  2.773784e-004  2.376701e-005
 3.841636e+000  2.306696e-004  2.380034e-005
 3.847244e+000  1.713137e-004  2.381376e-005
 3.852851e+000  2.291225e-004  2.391819e-005
 3.858459e+000  2.018954e-004  2.390800e-005
 3.864067e+000  2.104714e-004  2.397143e-005
 3.869674e+000  1.741672e-004  2.397793e-005
 3.875282e+000  1.804827e-004  2.401478e-005
 3.880889e+000  2.291724e-004  2.409689e-005
 3.886496e+000  1.572142e-004  2.408986e-005
 3.892103e+000  2.145518e-004  2.420071e-005
 3.897710e+000  2.254884e-004  2.419779e-005
 3.903317e+000  1.816020e-004  2.423678e-005
 3.908924e+000  1.980411e-004  2.431666e-005
 3.914531e+000  2.624168e-004  2.437134e-005
 3.920138e+000  2.072157e-004  2.444219e-005
 3.925745e+000  1.514430e-004  2.441155e-005
 3.931352e+000  1.840184e-004  2.448571e-005
 3.936958e+000  2.006111e-004  2.455142e-005
 3.942565e+000  2.575392e-004  2.458938e-005
 3.948171e+000  3.393869e-004  2.466822e-005
 3.953778e+000  3.198655e-004  2.464936e-005
 3.959384e+000  2.650619e-004  2.473678e-005
 3.964990e+000  2.427438e-004  2.476679e-005
 3.970596e+000  2.370094e-004  2.481095e-005
 3.976202e+000  3.237987e-004  2.487518e-005
 3.981808e+000  2.797180e-004  2.484888e-005
 3.987414e+000  2.174612e-004  2.494931e-005
 3.993020e+000  1.859861e-004  2.492763e-005
 3.998626e+000  2.491198e-004  2.501899e-005
 4.004231e+000  2.882347e-004  2.506555e-005
 4.009837e+000  2.492034e-004  2.506754e-005
 4.015443e+000  2.386514e-004  2.516638e-005
 4.021048e+000  2.095159e-004  2.514398e-005
 4.026653e+000  2.090475e-004  2.523596e-005
 4.032259e+000  2.640685e-004  2.528072e-005
 4.037864e+000  3.076444e-004  2.531018e-005
 4.043469e+000  2.837957e-004  2.537210e-005
 4.049074e+000  3.140829e-004  2.539372e-005
 4.054679e+000  3.065236e-004  2.547433e-005
 4.060284e+000  2.648437e-004  2.546487e-005
 4.065889e+000  2.502534e-004  2.551636e-005
 4.071494e+000  2.608741e-004  2.558084e-005
 4.077098e+000  2.320055e-004  2.557951e-005
 4.082703e+000  2.923722e-004  2.568675e-005
 4.088307e+000  2.611327e-004  2.564308e-005
 4.093912e+000  2.546715e-004  2.573636e-005
 4.099516e+000  2.508927e-004  2.577851e-005
 4.105121e+000  2.599362e-004  2.580450e-005
 4.110725e+000  2.048834e-004  2.586883e-005
 4.116329e+000  1.631898e-004  2.582821e-005
 4.121933e+000  2.031597e-004  2.594671e-005
 4.127537e+000  1.716630e-004  2.595537e-005
 4.133141e+000  1.660272e-004  2.601368e-005
 4.138745e+000  1.833787e-004  2.605737e-005
 4.144348e+000  2.434944e-004  2.605645e-005
 4.149952e+000  1.989458e-004  2.613874e-005
 4.155556e+000  1.762975e-004  2.604968e-005
 4.161159e+000  2.680920e-004  2.612080e-005
 4.166763e+000  3.019397e-004  2.616372e-005
 4.172366e+000  2.491022e-004  2.612955e-005
 4.177969e+000  2.281979e-004  2.616765e-005
 4.183572e+000  1.985219e-004  2.603580e-005
 4.189175e+000  2.361745e-004  2.609326e-005
 4.194778e+000  2.253752e-004  2.609389e-005
 4.200381e+000  1.698307e-004  2.607595e-005
 4.205984e+000  2.267759e-004  2.612763e-005
 4.211587e+000  2.067991e-004  2.606140e-005
 4.217190e+000  2.165277e-004  2.614932e-005
 4.222792e+000  2.459459e-004  2.611991e-005
 4.228395e+000  2.687023e-004  2.615889e-005
 4.233997e+000  2.846666e-004  2.616122e-005
 4.239600e+000  2.524900e-004  2.613222e-005
 4.245202e+000  2.278185e-004  2.618048e-005
 4.250804e+000  2.564829e-004  2.615717e-005
 4.256406e+000  2.397163e-004  2.621076e-005
 4.262008e+000  2.547882e-004  2.621233e-005
 4.267610e+000  2.370551e-004  2.620151e-005
 4.273212e+000  1.650582e-004  2.622114e-005
 4.278814e+000  1.371613e-004  2.616593e-005
 4.284416e+000  2.046222e-004  2.626119e-005
 4.290017e+000  2.316438e-004  2.623693e-005
 4.295619e+000  2.348723e-004  2.625068e-005
 4.301220e+000  1.970103e-004  2.624859e-005
 4.306822e+000  1.894952e-004  2.620432e-005
 4.312423e+000  2.063400e-004  2.627073e-005
 4.318024e+000  2.269102e-004  2.622706e-005
 4.323625e+000  2.339986e-004  2.627762e-005
 4.329227e+000  2.454437e-004  2.627868e-005
 4.334827e+000  2.054104e-004  2.626727e-005
 4.340428e+000  2.231541e-004  2.632296e-005
 4.346029e+000  2.323570e-004  2.625252e-005
 4.351630e+000  2.257403e-004  2.631847e-005
 4.357231e+000  2.476518e-004  2.629798e-005
 4.362831e+000  2.075999e-004  2.629770e-005
 4.368432e+000  2.296743e-004  2.633887e-005
 4.374032e+000  1.658295e-004  2.626887e-005
 4.379632e+000  1.470453e-004  2.635019e-005
 4.385233e+000  1.893940e-004  2.629419e-005
 4.390833e+000  1.791090e-004  2.634872e-005
 4.396433e+000  2.195078e-004  2.633262e-005
 4.402033e+000  2.444799e-004  2.632238e-005
 4.407633e+000  2.792879e-004  2.641830e-005
 4.413232e+000  2.714877e-004  2.636574e-005
 4.418832e+000  2.828697e-004  2.643158e-005
 4.424432e+000  2.583314e-004  2.638219e-005
 4.430031e+000  1.901746e-004  2.637574e-005
 4.435631e+000  1.163176e-004  2.640964e-005
 4.441230e+000  1.206225e-004  2.636234e-005
 4.446829e+000  1.705404e-004  2.642387e-005
 4.452429e+000  1.971104e-004  2.639269e-005
 4.458028e+000  2.431156e-004  2.642771e-005
 4.463627e+000  2.382745e-004  2.646084e-005
 4.469226e+000  2.668617e-004  2.640964e-005
 4.474825e+000  2.494221e-004  2.647026e-005
 4.480424e+000  2.465413e-004  2.640399e-005
 4.486022e+000  2.879346e-004  2.649772e-005
 4.491621e+000  2.886443e-004  2.648998e-005
 4.497219e+000  2.020912e-004  2.646271e-005
 4.502818e+000  2.380421e-004  2.650628e-005
 4.508416e+000  2.865722e-004  2.645592e-005
 4.514014e+000  2.338434e-004  2.649469e-005
 4.519613e+000  1.986203e-004  2.645472e-005
 4.525211e+000  2.273116e-004  2.650581e-005
 4.530809e+000  2.414399e-004  2.655003e-005
 4.536407e+000  1.741109e-004  2.648844e-005
 4.542004e+000  1.985030e-004  2.654702e-005
 4.547602e+000  2.102467e-004  2.650541e-005
 4.553200e+000  2.304280e-004  2.656886e-005
 4.558797e+000  2.306726e-004  2.656880e-005
 4.564395e+000  2.001393e-004  2.652474e-005
 4.569992e+000  1.917211e-004  2.656782e-005
 4.575590e+000  2.272433e-004  2.651671e-005
 4.581187e+000  2.593694e-004  2.658522e-005
 4.586784e+000  2.993827e-004  2.656941e-005
 4.592381e+000  2.820919e-004  2.657270e-005
 4.597978e+000  2.958895e-004  2.661797e-005
 4.603575e+000  3.116790e-004  2.656146e-005
 4.609172e+000  2.407178e-004  2.663218e-005
 4.614768e+000  1.984118e-004  2.657147e-005
 4.620365e+000  2.485729e-004  2.659178e-005
 4.625962e+000  1.439884e-004  2.659609e-005
 4.631558e+000  1.218657e-004  2.656262e-005
 4.637154e+000  1.741353e-004  2.662574e-005
 4.642751e+000  1.960312e-004  2.656484e-005
 4.648347e+000  2.839622e-004  2.663856e-005
 4.653943e+000  1.891164e-004  2.662609e-005
 4.659539e+000  1.897643e-004  2.664168e-005
 4.665135e+000  2.019043e-004  2.669740e-005
 4.670731e+000  2.180746e-004  2.663976e-005
 4.676326e+000  1.923012e-004  2.667981e-005
 4.681922e+000  1.713322e-004  2.663157e-005
 4.687518e+000  1.746156e-004  2.669638e-005
 4.693113e+000  1.610464e-004  2.671753e-005
 4.698708e+000  1.882567e-004  2.669932e-005
 4.704304e+000  2.049183e-004  2.675359e-005
 4.709899e+000  1.661641e-004  2.664131e-005
 4.715494e+000  1.857092e-004  2.671615e-005
 4.721089e+000  2.630538e-004  2.672921e-005
 4.726684e+000  2.273793e-004  2.668985e-005
 4.732279e+000  2.367179e-004  2.674020e-005
 4.737873e+000  2.527647e-004  2.668767e-005
 4.743468e+000  2.596049e-004  2.676198e-005
 4.749063e+000  2.472725e-004  2.672020e-005
 4.754657e+000  1.929349e-004  2.672531e-005
 4.760252e+000  1.852825e-004  2.674544e-005
 4.765846e+000  2.203419e-004  2.670228e-005
 4.771440e+000  2.271288e-004  2.679947e-005
 4.777034e+000  2.745425e-004  2.671679e-005
 4.782628e+000  2.564932e-004  2.674662e-005
 4.788222e+000  2.235561e-004  2.674475e-005
 4.793816e+000  2.525246e-004  2.672364e-005
 4.799410e+000  2.557213e-004  2.680354e-005
 4.805003e+000  2.063387e-004  2.670572e-005
 4.810597e+000  2.311880e-004  2.676725e-005
 4.816190e+000  2.108690e-004  2.677485e-005
 4.821784e+000  2.459818e-004  2.677252e-005
 4.827377e+000  2.331522e-004  2.682816e-005
 4.832970e+000  2.042900e-004  2.676587e-005
 4.838563e+000  2.074395e-004  2.685680e-005
 4.844156e+000  2.082204e-004  2.678895e-005
 4.849749e+000  2.003040e-004  2.680148e-005
 4.855342e+000  1.916580e-004  2.683548e-005
 4.860935e+000  1.496742e-004  2.680649e-005
 4.866527e+000  2.129877e-004  2.689343e-005
 4.872120e+000  2.204181e-004  2.681661e-005
 4.877712e+000  1.888709e-004  2.684737e-005
 4.883305e+000  2.261841e-004  2.683278e-005
 4.888897e+000  2.405490e-004  2.684385e-005
 4.894489e+000  2.416410e-004  2.691313e-005
 4.900081e+000  2.355357e-004  2.684107e-005
 4.905673e+000  2.158174e-004  2.689219e-005
 4.911265e+000  2.003092e-004  2.688091e-005
 4.916857e+000  1.827674e-004  2.701129e-005
 4.922448e+000  1.481109e-004  2.719208e-005
 4.928040e+000  1.746736e-004  2.829630e-005
 4.933632e+000  2.746853e-004  2.953336e-005
 4.939223e+000  2.802628e-004  3.014264e-005
 4.944814e+000  1.760772e-004  3.083471e-005
 4.950406e+000  1.261768e-004  3.139327e-005
 4.955997e+000  1.698510e-004  3.188768e-005
 4.961588e+000  1.569037e-004  3.237164e-005
 4.967179e+000  1.543548e-004  3.229409e-005
 4.972769e+000  1.176958e-004  3.262759e-005
 4.978360e+000  1.992805e-004  3.285123e-005
 4.983951e+000  2.412316e-004  3.306103e-005
 4.989541e+000  2.043789e-004  3.335923e-005
 4.995132e+000  2.670438e-004  3.343549e-005
 5.000722e+000  1.657357e-004  3.378982e-005
 5.006313e+000  1.581459e-004  3.385736e-005
 5.011903e+000  1.297862e-004  3.412546e-005
 5.017493e+000  1.229228e-004  3.430893e-005
 5.023083e+000  2.172087e-004  3.446341e-005
 5.028673e+000  1.899937e-004  3.482777e-005
 5.034263e+000  1.634288e-004  3.485075e-005
 5.039852e+000  1.922106e-004  3.523185e-005
 5.045442e+000  2.372941e-004  3.540194e-005
 5.051031e+000  1.982961e-004  3.557728e-005
 5.056621e+000  1.419458e-004  3.577900e-005
 5.062210e+000  2.158321e-004  3.583814e-005
 5.067799e+000  2.210326e-004  3.614055e-005
 5.073388e+000  1.438789e-004  3.621476e-005
 5.078977e+000  1.785613e-004  3.648020e-005
 5.084566e+000  2.399132e-004  3.670269e-005
 5.090155e+000  2.091869e-004  3.681623e-005
 5.095744e+000  2.358438e-004  3.715475e-005
 5.101333e+000  2.593632e-004  3.714746e-005
 5.106921e+000  2.286159e-004  3.725059e-005
 5.112510e+000  2.449637e-004  3.744606e-005
 5.118098e+000  2.213518e-004  3.752560e-005
 5.123686e+000  2.214440e-004  3.784359e-005
 5.129274e+000  1.684598e-004  3.794363e-005
 5.134862e+000  2.787549e-004  3.824310e-005
 5.140450e+000  2.654838e-004  3.847627e-005
 5.146038e+000  2.377842e-004  3.861908e-005
 5.151626e+000  2.446592e-004  3.888887e-005
 5.157214e+000  2.299890e-004  3.900285e-005
 5.162801e+000  2.125037e-004  3.921583e-005
 5.168389e+000  2.679964e-004  3.944771e-005
 5.173976e+000  2.831538e-004  3.961059e-005
 5.179563e+000  2.269024e-004  3.989068e-005
 5.185151e+000  1.443632e-004  4.001849e-005
 5.190738e+000  1.210968e-004  4.022367e-005
 5.196325e+000  1.008969e-004  4.038894e-005
 5.201911e+000  1.218011e-004  4.053984e-005
 5.207498e+000  1.112527e-004  4.081676e-005
 5.213085e+000  1.059591e-004  4.099120e-005
 5.218671e+000  1.891022e-004  4.116413e-005
 5.224258e+000  2.140156e-004  4.140303e-005
 5.229844e+000  1.864174e-004  4.162251e-005
 5.235431e+000  1.737595e-004  4.189272e-005
 5.241017e+000  1.234553e-004  4.206124e-005
 5.246603e+000  2.234225e-004  4.232703e-005
 5.252189e+000  3.031481e-004  4.271396e-005
 5.257775e+000  1.253327e-004  4.277980e-005
 5.263360e+000  4.362196e-005  4.283689e-005
 5.268946e+000  1.868219e-004  4.313742e-005
 5.274532e+000  3.138605e-004  4.338453e-005
 5.280117e+000  2.944066e-004  4.369530e-005
 5.285703e+000  2.319239e-004  4.389025e-005
 5.291288e+000  2.168162e-004  4.399848e-005
 5.296873e+000  2.099041e-004  4.437402e-005
 5.302458e+000  1.371766e-004  4.453530e-005
 5.308043e+000  1.512350e-004  4.483769e-005
 5.313628e+000  1.818793e-004  4.505029e-005
 5.319213e+000  1.251991e-004  4.525780e-005
 5.324797e+000  4.843401e-005  4.558974e-005
 5.330382e+000  7.695621e-005  4.572925e-005
 5.335966e+000  5.161747e-005  4.557326e-005
 5.341551e+000  1.392068e-004  4.561218e-005
 5.347135e+000  6.670356e-005  4.566416e-005
 5.352719e+000  1.140430e-005  4.575255e-005
 5.358303e+000  8.111878e-005  4.562052e-005
 5.363887e+000  1.074254e-004  4.549731e-005
 5.369471e+000  1.749504e-004  4.563283e-005
 5.375055e+000  1.188663e-004  4.568822e-005
 5.380638e+000  7.923880e-005  4.570998e-005
 5.386222e+000  6.489149e-005  4.565613e-005
 5.391805e+000  2.031479e-004  4.574055e-005
 5.397389e+000  1.745196e-004  4.576408e-005
 5.402972e+000  4.613258e-005  4.567909e-005
 5.408555e+000  9.540107e-005  4.565443e-005
 5.414138e+000  2.005861e-004  4.573672e-005
 5.419721e+000  2.423776e-004  4.604422e-005
 5.425304e+000  3.477851e-004  4.638796e-005
 5.430887e+000  2.554868e-004  4.642245e-005
 5.436469e+000  1.830634e-004  4.670137e-005
 5.442052e+000  1.110523e-004  4.695799e-005
 5.447634e+000  1.046615e-004  4.716105e-005
 5.453217e+000  9.317674e-005  4.739278e-005
 5.458799e+000  6.164083e-005  4.754780e-005
 5.464381e+000  1.146690e-004  4.784527e-005
 5.469963e+000  1.726540e-004  4.816273e-005
 5.475545e+000  1.674793e-004  4.840874e-005
 5.481127e+000  1.341884e-004  4.861544e-005
 5.486708e+000  6.723774e-006  4.886475e-005
 5.492290e+000  5.714831e-005  4.911887e-005
 5.497871e+000  1.430808e-004  4.939698e-005
 5.503453e+000  1.321421e-004  4.967950e-005
 5.509034e+000  1.103051e-004  4.995596e-005
 5.514615e+000  1.921557e-004  5.026239e-005
 5.520196e+000  1.973773e-004  5.061121e-005
 5.525777e+000  1.284344e-004  5.088811e-005
 5.531358e+000  1.319163e-004  5.108172e-005
 5.536939e+000  1.055466e-004  5.141622e-005
 5.542519e+000  3.481905e-005  5.158840e-005
 5.548100e+000  9.282160e-005  5.188427e-005
 5.553680e+000  1.803527e-004  5.229050e-005
 5.559261e+000  2.430394e-004  5.265427e-005
 5.564841e+000  1.673248e-004  5.291766e-005
 5.570421e+000  2.732940e-004  5.326127e-005
 5.576001e+000  1.722627e-004  5.353031e-005
 5.581581e+000 -2.435556e-006  5.381187e-005
 5.587161e+000  1.244195e-004  5.409512e-005
 5.592740e+000  2.118783e-004  5.456806e-005
 5.598320e+000  1.949391e-004  5.488491e-005
 5.603899e+000  1.937262e-004  5.521662e-005
 5.609479e+000  1.304649e-004  5.563003e-005
 5.615058e+000  7.649490e-005  5.592300e-005
 5.620637e+000  5.052764e-005  5.630421e-005
 5.626216e+000  6.375564e-005  5.671526e-005
 5.631795e+000  2.321823e-004  5.723294e-005
 5.637374e+000  2.456647e-004  5.762868e-005
 5.642953e+000  3.128279e-004  5.797179e-005
 5.648531e+000  2.431550e-004  5.836963e-005
 5.654110e+000  2.004130e-004  5.876358e-005
 5.659688e+000  1.731420e-004  5.906793e-005
 5.665267e+000  2.186616e-004  5.962201e-005
 5.670845e+000  1.612864e-004  5.996923e-005
 5.676423e+000  5.442286e-005  6.044617e-005
 5.682001e+000 -8.510740e-006  6.092358e-005
 5.687579e+000  5.299518e-005  6.120759e-005
 5.693156e+000  9.863093e-005  6.169681e-005
 5.698734e+000  1.295550e-004  6.224234e-005
 5.704312e+000  1.822726e-004  6.311408e-005
 5.709889e+000  2.081016e-004  6.363398e-005
 5.715466e+000  5.531745e-005  6.403355e-005
 5.721044e+000  1.488893e-004  6.481392e-005
 5.726621e+000  2.084424e-004  6.527321e-005
 5.732198e+000  4.852256e-005  6.554507e-005
 5.737775e+000  1.171291e-004  6.621153e-005
 5.743351e+000  2.369482e-004  6.694463e-005
 5.748928e+000  2.142758e-004  6.746474e-005
 5.754505e+000  1.428106e-004  6.809118e-005
 5.760081e+000  1.855139e-004  6.887518e-005
 5.765657e+000  2.725477e-004  6.962319e-005
 5.771234e+000  1.866941e-004  7.001135e-005
 5.776810e+000  1.421512e-004  7.083448e-005
 5.782386e+000  8.839497e-005  7.143208e-005
 5.787962e+000  8.469057e-005  7.205982e-005
 5.793537e+000  1.280326e-004  7.281568e-005
 5.799113e+000  2.797125e-004  7.343787e-005
 5.804689e+000  1.126155e-004  7.426341e-005
 5.810264e+000  9.365416e-005  7.502694e-005
 5.815839e+000  1.464312e-004  7.579628e-005
 5.821415e+000  2.472885e-004  7.685032e-005
 5.826990e+000  1.375897e-004  7.753552e-005
 5.832565e+000  1.123397e-004  7.866525e-005
 5.838140e+000  1.901687e-004  7.967035e-005
 5.843715e+000  2.656572e-004  8.056250e-005
 5.849289e+000  2.256919e-004  8.160495e-005
 5.854864e+000  1.273187e-004  8.227065e-005
 5.860438e+000  2.149763e-004  8.356472e-005
 5.866013e+000  1.741718e-004  8.461164e-005
 5.871587e+000  1.359904e-005  8.536806e-005
 5.877161e+000  8.440073e-005  8.695703e-005
 5.882735e+000  8.953647e-006  8.808204e-005
 5.888309e+000 -1.452083e-004  8.927057e-005
 5.893883e+000 -7.645345e-005  9.055990e-005
 5.899456e+000  1.033886e-004  9.224123e-005
 5.905030e+000  1.924456e-004  9.421137e-005
 5.910603e+000  4.197890e-005  9.543538e-005
 5.916177e+000  7.662865e-005  9.708432e-005
 5.921750e+000  4.086299e-005  9.865685e-005
 5.927323e+000  5.913490e-005  1.004374e-004
 5.932896e+000 -5.263000e-005  1.023498e-004
 5.938469e+000 -6.058872e-005  1.045839e-004
 5.944042e+000 -2.424767e-004  1.064713e-004
 5.949615e+000 -3.743911e-004  1.085605e-004
 5.955187e+000 -1.618109e-005  1.107691e-004
 5.960760e+000  6.131164e-005  1.136308e-004
 5.966332e+000  1.900447e-004  1.162164e-004
 5.971904e+000  1.561391e-004  1.191717e-004
 5.977476e+000  2.750765e-004  1.226905e-004
 5.983048e+000  1.065195e-004  1.259832e-004
 5.988620e+000 -1.904140e-004  1.293935e-004
 5.994192e+000 -5.021324e-005  1.334234e-004
 5.999763e+000  3.049605e-004  1.380583e-004
 6.005335e+000  2.047848e-004  1.432065e-004
 6.010906e+000  1.493544e-004  1.483247e-004
 6.016478e+000  2.166627e-004  1.550035e-004
 6.022049e+000  2.103341e-004  1.619170e-004
 6.027620e+000  1.228286e-004  1.700339e-004
 6.033191e+000  6.389386e-005  1.791890e-004
 6.038762e+000  2.102554e-004  1.894567e-004
 6.044333e+000  3.327724e-004  2.030542e-004
 6.049903e+000 -1.781241e-004  2.186130e-004
 6.055474e+000 -6.271069e-004  2.393210e-004
 6.061044e+000 -3.112248e-004  2.661065e-004
 6.066614e+000  8.279845e-004  3.064567e-004
 6.072185e+000  8.504345e-005  3.771404e-004
 6.077755e+000 -1.866311e-004  5.270744e-004
 6.083325e+000  6.218591e-004  6.989807e-004
range-from: 1
range-to: 1074
