Sample description: Extrapolated to infinite dilution
Sample: Extrapolated to  c= 0.000 mg/ml  Code: anx
Parent(s): sub_anxa4_016.dat sub_anxa4_010.dat sub_anxa4_008.dat
  7.306000e-02   2.386930e+02   3.158491e+01
  7.564000e-02   7.274412e+01   6.056822e+00
  7.823000e-02   1.041115e+02   4.811122e+00
  8.081000e-02   4.050954e+01   4.447903e+00
  8.340000e-02   7.077514e+01   4.031820e+00
  8.598000e-02   1.016564e+02   3.494047e+00
  8.857000e-02   1.186741e+02   3.285071e+00
  9.115000e-02   2.281238e+01   2.931158e+00
  9.374000e-02   1.342127e+02   2.775051e+00
  9.632000e-02   4.779544e+01   2.500342e+00
  9.891000e-02   6.025913e+01   2.278169e+00
  1.015000e-01   6.923526e+01   2.128122e+00
  1.041000e-01   7.103169e+01   1.935678e+00
  1.067000e-01   4.115024e+01   1.790458e+00
  1.092000e-01   5.118724e+01   1.574280e+00
  1.118000e-01   2.606013e+01   1.535199e+00
  1.144000e-01   6.736660e+01   1.397678e+00
  1.170000e-01   3.363602e+01   1.267125e+00
  1.196000e-01   2.016318e+01   1.186475e+00
  1.222000e-01   2.851999e+00   1.105473e+00
  1.248000e-01   4.284939e+01   1.048892e+00
  1.273000e-01   2.240252e+01   9.849517e-01
  1.299000e-01   2.863775e+01   8.658410e-01
  1.325000e-01   4.155970e+01   8.539086e-01
  1.351000e-01   1.388880e+01   7.934034e-01
  1.377000e-01   1.347241e+01   7.697118e-01
  1.403000e-01   1.187503e+01   7.162137e-01
  1.428000e-01   1.492982e+01   6.664451e-01
  1.454000e-01   2.080549e+01   6.654299e-01
  1.480000e-01   6.370226e-01   6.071189e-01
  1.506000e-01   1.180270e+01   5.896812e-01
  1.532000e-01   9.882151e-01   5.664071e-01
  1.558000e-01   6.126222e+00   5.248975e-01
  1.584000e-01   9.871437e+00   5.248783e-01
  1.609000e-01   4.057825e+00   4.666554e-01
  1.635000e-01   1.631315e+01   4.755840e-01
  1.661000e-01   1.662205e+01   4.421001e-01
  1.687000e-01   2.233369e+01   4.250471e-01
  1.713000e-01   3.119546e+01   4.152358e-01
  1.739000e-01   2.545650e+01   3.753731e-01
  1.764000e-01   2.528656e+01   3.795274e-01
  1.790000e-01   2.405070e+01   3.643635e-01
  1.816000e-01   2.876143e+01   3.494829e-01
  1.842000e-01   2.893837e+01   3.403262e-01
  1.868000e-01   3.142207e+01   3.193716e-01
  1.894000e-01   3.316452e+01   3.266543e-01
  1.920000e-01   3.455911e+01   3.058122e-01
  1.945000e-01   3.070303e+01   2.980820e-01
  1.971000e-01   3.147625e+01   2.952996e-01
  1.997000e-01   3.264346e+01   2.753162e-01
  2.023000e-01   3.541593e+01   2.870274e-01
  2.049000e-01   3.371245e+01   2.645178e-01
  2.075000e-01   3.709323e+01   2.666687e-01
  2.100000e-01   3.402858e+01   2.633551e-01
  2.126000e-01   3.252122e+01   2.491783e-01
  2.152000e-01   3.301858e+01   2.524868e-01
  2.178000e-01   3.507492e+01   2.375159e-01
  2.204000e-01   3.000153e+01   2.376517e-01
  2.230000e-01   3.602913e+01   2.332380e-01
  2.256000e-01   3.280982e+01   2.284754e-01
  2.281000e-01   3.517827e+01   2.274794e-01
  2.307000e-01   3.255504e+01   2.193027e-01
  2.333000e-01   3.720573e+01   2.190508e-01
  2.359000e-01   3.691174e+01   2.153299e-01
  2.385000e-01   3.301494e+01   2.082152e-01
  2.411000e-01   3.671569e+01   2.089667e-01
  2.436000e-01   3.464807e+01   2.077200e-01
  2.462000e-01   3.468547e+01   2.045700e-01
  2.488000e-01   3.478451e+01   1.978030e-01
  2.514000e-01   3.744625e+01   1.968868e-01
  2.540000e-01   3.545049e+01   1.974536e-01
  2.566000e-01   3.691419e+01   1.961364e-01
  2.592000e-01   3.513237e+01   1.916340e-01
  2.617000e-01   3.429212e+01   1.825867e-01
  2.643000e-01   3.291409e+01   1.875385e-01
  2.669000e-01   3.518917e+01   1.848177e-01
  2.695000e-01   3.429686e+01   1.880697e-01
  2.721000e-01   3.806908e+01   1.787968e-01
  2.747000e-01   3.322557e+01   1.762383e-01
  2.772000e-01   3.594472e+01   1.774995e-01
  2.798000e-01   3.398455e+01   1.770668e-01
  2.824000e-01   3.384581e+01   1.761070e-01
  2.850000e-01   3.535939e+01   1.682003e-01
  2.876000e-01   3.491597e+01   1.695274e-01
  2.902000e-01   3.478943e+01   1.730668e-01
  2.928000e-01   3.408275e+01   1.636114e-01
  2.953000e-01   3.348982e+01   1.664949e-01
  2.979000e-01   3.363121e+01   1.636313e-01
  3.005000e-01   3.198855e+01   1.638527e-01
  3.031000e-01   3.150417e+01   1.631914e-01
  3.057000e-01   3.390871e+01   1.574026e-01
  3.083000e-01   3.385204e+01   1.618217e-01
  3.108000e-01   3.338654e+01   1.558476e-01
  3.134000e-01   3.184818e+01   1.573181e-01
  3.160000e-01   3.249457e+01   1.521252e-01
  3.186000e-01   3.265168e+01   1.535255e-01
  3.212000e-01   3.318552e+01   1.553770e-01
  3.238000e-01   3.181753e+01   1.519125e-01
  3.264000e-01   3.191704e+01   1.488632e-01
  3.289000e-01   3.300951e+01   1.475930e-01
  3.315000e-01   3.363050e+01   1.494310e-01
  3.341000e-01   3.205003e+01   1.505986e-01
  3.367000e-01   3.149175e+01   1.423361e-01
  3.393000e-01   3.308541e+01   1.470919e-01
  3.419000e-01   3.302454e+01   1.406883e-01
  3.445000e-01   3.149496e+01   1.446517e-01
  3.470000e-01   3.123372e+01   1.425704e-01
  3.496000e-01   3.323410e+01   1.395252e-01
  3.522000e-01   3.222711e+01   1.414886e-01
  3.548000e-01   3.027748e+01   1.379306e-01
  3.574000e-01   3.265057e+01   1.395380e-01
  3.600000e-01   3.169237e+01   1.343157e-01
  3.625000e-01   3.035954e+01   1.370135e-01
  3.651000e-01   3.251430e+01   1.373908e-01
  3.677000e-01   3.003361e+01   1.332373e-01
  3.703000e-01   3.096728e+01   1.347167e-01
  3.729000e-01   3.093305e+01   1.302050e-01
  3.755000e-01   3.167026e+01   1.336933e-01
  3.781000e-01   3.034925e+01   1.324326e-01
  3.806000e-01   3.157197e+01   1.268615e-01
  3.832000e-01   3.182915e+01   1.317525e-01
  3.858000e-01   3.039207e+01   1.280608e-01
  3.884000e-01   3.055358e+01   1.293469e-01
  3.910000e-01   3.032345e+01   1.252865e-01
  3.936000e-01   2.911470e+01   1.252466e-01
  3.961000e-01   2.914053e+01   1.282876e-01
  3.987000e-01   2.803663e+01   1.245859e-01
  4.013000e-01   2.950663e+01   1.258971e-01
  4.039000e-01   3.018306e+01   1.219912e-01
  4.065000e-01   2.954067e+01   1.222116e-01
  4.091000e-01   3.094043e+01   1.239173e-01
  4.117000e-01   2.948902e+01   1.207871e-01
  4.142000e-01   2.776672e+01   1.201013e-01
  4.168000e-01   2.890411e+01   1.194223e-01
  4.194000e-01   2.994990e+01   1.198048e-01
  4.220000e-01   2.859328e+01   1.205324e-01
  4.246000e-01   2.836797e+01   1.156479e-01
  4.272000e-01   2.853601e+01   1.192818e-01
  4.297000e-01   2.817318e+01   1.171371e-01
  4.323000e-01   2.831207e+01   1.184996e-01
  4.349000e-01   2.802023e+01   1.176142e-01
  4.375000e-01   2.787037e+01   1.152051e-01
  4.401000e-01   2.769582e+01   1.181232e-01
  4.427000e-01   2.762174e+01   1.140614e-01
  4.453000e-01   2.759088e+01   1.163973e-01
  4.478000e-01   2.734774e+01   1.159200e-01
  4.504000e-01   2.723834e+01   1.145931e-01
  4.530000e-01   2.723251e+01   1.170022e-01
  4.556000e-01   2.719547e+01   1.139593e-01
  4.582000e-01   2.702298e+01   1.150388e-01
  4.608000e-01   2.696193e+01   1.134665e-01
  4.633000e-01   2.654767e+01   1.148571e-01
  4.659000e-01   2.660768e+01   1.153765e-01
  4.685000e-01   2.617627e+01   1.105341e-01
  4.711000e-01   2.618313e+01   1.126397e-01
  4.737000e-01   2.622565e+01   1.128764e-01
  4.763000e-01   2.605418e+01   1.139781e-01
  4.789000e-01   2.598560e+01   1.116534e-01
  4.814000e-01   2.599794e+01   1.114741e-01
  4.840000e-01   2.553944e+01   1.113180e-01
  4.866000e-01   2.546331e+01   1.116510e-01
  4.892000e-01   2.528875e+01   1.097800e-01
  4.918000e-01   2.507990e+01   1.102647e-01
  4.944000e-01   2.499760e+01   1.096151e-01
  4.969000e-01   2.511626e+01   1.096379e-01
  4.995000e-01   2.493553e+01   1.110886e-01
  5.021000e-01   2.479184e+01   1.081074e-01
  5.047000e-01   2.471948e+01   1.077858e-01
  5.073000e-01   2.451063e+01   1.092710e-01
  5.099000e-01   2.434088e+01   1.075586e-01
  5.125000e-01   2.427846e+01   1.069009e-01
  5.150000e-01   2.396228e+01   1.081652e-01
  5.176000e-01   2.372222e+01   1.055447e-01
  5.202000e-01   2.382407e+01   1.079192e-01
  5.228000e-01   2.389300e+01   1.047487e-01
  5.254000e-01   2.366324e+01   1.073471e-01
  5.280000e-01   2.357990e+01   1.061843e-01
  5.305000e-01   2.334053e+01   1.054556e-01
  5.331000e-01   2.297771e+01   1.040222e-01
  5.357000e-01   2.283573e+01   1.019809e-01
  5.383000e-01   2.311248e+01   1.068205e-01
  5.409000e-01   2.299246e+01   1.042345e-01
  5.435000e-01   2.289609e+01   1.044744e-01
  5.461000e-01   2.274486e+01   1.041594e-01
  5.486000e-01   2.252984e+01   1.022414e-01
  5.512000e-01   2.263889e+01   1.064582e-01
  5.538000e-01   2.225069e+01   1.043611e-01
  5.564000e-01   2.235288e+01   1.029469e-01
  5.590000e-01   2.212860e+01   1.067056e-01
  5.616000e-01   2.214472e+01   1.024373e-01
  5.641000e-01   2.171845e+01   1.065446e-01
  5.667000e-01   2.187723e+01   1.028680e-01
  5.693000e-01   2.178704e+01   1.040847e-01
  5.719000e-01   2.166118e+01   1.048828e-01
  5.745000e-01   2.160151e+01   1.037228e-01
  5.771000e-01   2.158471e+01   1.070251e-01
  5.797000e-01   2.118964e+01   1.014434e-01
  5.822000e-01   2.134362e+01   1.053537e-01
  5.848000e-01   2.101783e+01   1.052391e-01
  5.874000e-01   2.102812e+01   1.033145e-01
  5.900000e-01   2.085871e+01   1.060755e-01
  5.926000e-01   2.067044e+01   1.027316e-01
  5.952000e-01   2.038546e+01   1.040892e-01
  5.977000e-01   2.039952e+01   1.036726e-01
  6.003000e-01   2.036763e+01   1.023337e-01
  6.029000e-01   2.024005e+01   1.044099e-01
  6.055000e-01   2.005796e+01   1.033366e-01
  6.081000e-01   2.021022e+01   1.047839e-01
  6.107000e-01   1.998080e+01   1.023735e-01
  6.133000e-01   1.979904e+01   1.026203e-01
  6.158000e-01   1.970473e+01   1.042428e-01
  6.184000e-01   1.963752e+01   1.034967e-01
  6.210000e-01   1.956447e+01   1.033560e-01
  6.236000e-01   1.952743e+01   1.036094e-01
  6.262000e-01   1.947188e+01   1.026033e-01
  6.288000e-01   1.913306e+01   1.025376e-01
  6.313000e-01   1.906550e+01   1.028819e-01
  6.339000e-01   1.910768e+01   1.033539e-01
  6.365000e-01   1.882476e+01   1.016903e-01
  6.391000e-01   1.885219e+01   1.027995e-01
  6.417000e-01   1.867970e+01   1.030626e-01
  6.443000e-01   1.855933e+01   1.013476e-01
  6.469000e-01   1.845508e+01   1.015106e-01
  6.494000e-01   1.841152e+01   1.021291e-01
  6.520000e-01   1.820165e+01   1.025147e-01
  6.546000e-01   1.816049e+01   1.011781e-01
  6.572000e-01   1.786214e+01   1.014560e-01
  6.598000e-01   1.818621e+01   1.014669e-01
  6.624000e-01   1.785048e+01   1.018448e-01
  6.650000e-01   1.760597e+01   1.007687e-01
  6.675000e-01   1.764026e+01   1.003881e-01
  6.701000e-01   1.765261e+01   1.020379e-01
  6.727000e-01   1.738820e+01   1.006344e-01
  6.753000e-01   1.739918e+01   1.009603e-01
  6.779000e-01   1.719376e+01   9.952635e-02
  6.805000e-01   1.703292e+01   1.001458e-01
  6.830000e-01   1.699897e+01   1.012387e-01
  6.856000e-01   1.692833e+01   1.001326e-01
  6.882000e-01   1.673285e+01   9.961623e-02
  6.908000e-01   1.668416e+01   9.884682e-02
  6.934000e-01   1.661077e+01   9.934787e-02
  6.960000e-01   1.649588e+01   1.017921e-01
  6.985000e-01   1.644204e+01   9.769835e-02
  7.011000e-01   1.617901e+01   9.973314e-02
  7.037000e-01   1.626303e+01   9.897449e-02
  7.063000e-01   1.631379e+01   9.985447e-02
  7.089000e-01   1.597154e+01   9.831676e-02
  7.115000e-01   1.594787e+01   9.817401e-02
  7.141000e-01   1.593621e+01   9.993350e-02
  7.166000e-01   1.592730e+01   9.880202e-02
  7.192000e-01   1.575000e+01   9.904252e-02
  7.218000e-01   1.541941e+01   9.859587e-02
  7.244000e-01   1.534499e+01   9.610757e-02
  7.270000e-01   1.529321e+01   9.904387e-02
  7.296000e-01   1.542970e+01   9.749289e-02
  7.322000e-01   1.497634e+01   9.678575e-02
  7.347000e-01   1.492147e+01   9.833361e-02
  7.373000e-01   1.504938e+01   9.712000e-02
  7.399000e-01   1.496982e+01   9.866211e-02
  7.425000e-01   1.491427e+01   9.487243e-02
  7.451000e-01   1.465021e+01   9.753123e-02
  7.477000e-01   1.447874e+01   9.640280e-02
  7.502000e-01   1.446331e+01   9.747112e-02
  7.528000e-01   1.437037e+01   9.633082e-02
  7.554000e-01   1.405384e+01   9.467414e-02
  7.580000e-01   1.414095e+01   9.636501e-02
  7.606000e-01   1.398697e+01   9.619694e-02
  7.632000e-01   1.401818e+01   9.582372e-02
  7.658000e-01   1.394239e+01   9.511997e-02
  7.683000e-01   1.384842e+01   9.604971e-02
  7.709000e-01   1.373217e+01   9.600066e-02
  7.735000e-01   1.368964e+01   9.575351e-02
  7.761000e-01   1.349760e+01   9.357182e-02
  7.787000e-01   1.336968e+01   9.529506e-02
  7.813000e-01   1.352881e+01   9.438610e-02
  7.838000e-01   1.336043e+01   9.570786e-02
  7.864000e-01   1.323354e+01   9.376527e-02
  7.890000e-01   1.311111e+01   9.287014e-02
  7.916000e-01   1.295850e+01   9.470099e-02
  7.942000e-01   1.283025e+01   9.403669e-02
  7.968000e-01   1.294410e+01   9.393999e-02
  7.994000e-01   1.274554e+01   9.440510e-02
  8.019000e-01   1.273217e+01   9.321093e-02
  8.045000e-01   1.249348e+01   9.274465e-02
  8.071000e-01   1.246674e+01   9.278191e-02
  8.097000e-01   1.232133e+01   9.327004e-02
  8.123000e-01   1.232407e+01   9.296372e-02
  8.149000e-01   1.216941e+01   9.313383e-02
  8.174000e-01   1.208745e+01   9.153165e-02
  8.200000e-01   1.213786e+01   9.169752e-02
  8.226000e-01   1.207339e+01   9.272412e-02
  8.252000e-01   1.195816e+01   9.236313e-02
  8.278000e-01   1.183573e+01   9.313706e-02
  8.304000e-01   1.177298e+01   9.040229e-02
  8.330000e-01   1.166907e+01   9.245508e-02
  8.355000e-01   1.135254e+01   9.081765e-02
  8.381000e-01   1.152023e+01   9.177310e-02
  8.407000e-01   1.145027e+01   9.119320e-02
  8.433000e-01   1.128258e+01   9.138176e-02
  8.459000e-01   1.111145e+01   9.056534e-02
  8.485000e-01   1.105727e+01   9.116119e-02
  8.510000e-01   1.098765e+01   8.943535e-02
  8.536000e-01   1.111043e+01   9.060524e-02
  8.562000e-01   1.094067e+01   8.994711e-02
  8.588000e-01   1.069684e+01   9.063754e-02
  8.614000e-01   1.080521e+01   8.972824e-02
  8.640000e-01   1.071262e+01   8.984170e-02
  8.666000e-01   1.072154e+01   8.964237e-02
  8.691000e-01   1.045610e+01   8.964694e-02
  8.717000e-01   1.058059e+01   9.042834e-02
  8.743000e-01   1.030967e+01   8.797687e-02
  8.769000e-01   1.032442e+01   8.929044e-02
  8.795000e-01   1.031413e+01   8.967626e-02
  8.821000e-01   1.012757e+01   8.908602e-02
  8.846000e-01   1.005281e+01   8.734036e-02
  8.872000e-01   1.001852e+01   8.848520e-02
  8.898000e-01   9.906722e+00   8.787244e-02
  8.924000e-01   9.874829e+00   8.921582e-02
  8.950000e-01   9.805898e+00   8.726469e-02
  8.976000e-01   9.634774e+00   8.729276e-02
  9.002000e-01   9.597051e+00   8.824761e-02
  9.027000e-01   9.600823e+00   8.827855e-02
  9.053000e-01   9.544925e+00   8.783957e-02
  9.079000e-01   9.339506e+00   8.681992e-02
  9.105000e-01   9.457133e+00   8.690353e-02
  9.131000e-01   9.173868e+00   8.763568e-02
  9.157000e-01   9.333333e+00   8.715219e-02
  9.182000e-01   9.087449e+00   8.637280e-02
  9.208000e-01   9.067901e+00   8.643490e-02
  9.234000e-01   9.143690e+00   8.740790e-02
  9.260000e-01   9.051440e+00   8.721801e-02
  9.286000e-01   8.920439e+00   8.553872e-02
  9.312000e-01   8.734225e+00   8.547324e-02
  9.338000e-01   8.898491e+00   8.925770e-02
  9.363000e-01   8.559671e+00   8.572708e-02
  9.389000e-01   8.517490e+00   8.503059e-02
  9.415000e-01   8.533265e+00   8.581406e-02
  9.441000e-01   8.532922e+00   8.593112e-02
  9.467000e-01   8.407750e+00   8.516816e-02
  9.493000e-01   8.447531e+00   8.423955e-02
  9.518000e-01   8.216735e+00   8.533550e-02
  9.544000e-01   8.221193e+00   8.514835e-02
  9.570000e-01   8.132373e+00   8.541565e-02
  9.596000e-01   8.046982e+00   8.410121e-02
  9.622000e-01   7.912551e+00   8.314521e-02
  9.648000e-01   8.008230e+00   8.491720e-02
  9.674000e-01   8.005487e+00   8.436215e-02
  9.699000e-01   7.763717e+00   8.428210e-02
  9.725000e-01   7.933471e+00   8.301130e-02
  9.751000e-01   7.780864e+00   8.368145e-02
  9.777000e-01   7.685871e+00   8.363989e-02
  9.803000e-01   7.508573e+00   8.302200e-02
  9.829000e-01   7.640947e+00   8.293439e-02
  9.854000e-01   7.444787e+00   8.343997e-02
  9.880000e-01   7.426269e+00   8.328144e-02
  9.906000e-01   7.307956e+00   8.305506e-02
  9.932000e-01   7.292867e+00   8.191963e-02
  9.958000e-01   7.246228e+00   8.241850e-02
  9.984000e-01   7.216735e+00   8.246436e-02
  1.001000e+00   7.250686e+00   8.313148e-02
  1.004000e+00   7.216049e+00   8.280647e-02
  1.006000e+00   6.940672e+00   8.198258e-02
  1.009000e+00   6.913237e+00   8.634761e-02
  1.011000e+00   6.834705e+00   8.917605e-02
  1.014000e+00   6.895062e+00   9.148096e-02
  1.016000e+00   6.697188e+00   9.159499e-02
  1.019000e+00   6.560014e+00   9.625558e-02
  1.022000e+00   6.478395e+00   9.824957e-02
  1.024000e+00   6.517490e+00   1.000655e-01
  1.027000e+00   6.423868e+00   9.937621e-02
  1.029000e+00   6.408779e+00   1.034867e-01
  1.032000e+00   6.539095e+00   1.051029e-01
  1.035000e+00   6.223594e+00   1.063249e-01
  1.037000e+00   6.369684e+00   1.095412e-01
  1.040000e+00   6.311728e+00   1.013304e-01
  1.042000e+00   6.407407e+00   9.901908e-02
  1.045000e+00   6.189986e+00   9.694193e-02
  1.047000e+00   6.229767e+00   9.525115e-02
  1.050000e+00   6.015432e+00   9.338103e-02
  1.053000e+00   5.983539e+00   9.395594e-02
  1.055000e+00   5.868999e+00   9.291326e-02
  1.058000e+00   6.035665e+00   9.210274e-02
  1.060000e+00   5.992112e+00   9.031561e-02
  1.063000e+00   5.828532e+00   9.081605e-02
  1.066000e+00   5.782579e+00   8.922422e-02
  1.068000e+00   5.759945e+00   9.013936e-02
  1.071000e+00   5.851166e+00   8.973649e-02
  1.073000e+00   5.823388e+00   8.876514e-02
  1.076000e+00   5.801440e+00   8.833206e-02
  1.079000e+00   5.616255e+00   8.820949e-02
  1.081000e+00   5.530864e+00   8.759262e-02
  1.084000e+00   5.543553e+00   8.748246e-02
  1.086000e+00   5.310357e+00   8.771936e-02
  1.089000e+00   5.504801e+00   8.747680e-02
  1.091000e+00   5.414609e+00   8.659595e-02
  1.094000e+00   5.391632e+00   8.660667e-02
  1.097000e+00   5.375857e+00   8.632455e-02
  1.099000e+00   5.385802e+00   8.609922e-02
  1.102000e+00   5.225995e+00   8.656348e-02
  1.104000e+00   5.199588e+00   8.507425e-02
  1.107000e+00   4.977709e+00   8.420442e-02
  1.110000e+00   4.976680e+00   8.384107e-02
  1.112000e+00   5.105967e+00   8.314147e-02
  1.115000e+00   5.042867e+00   8.270436e-02
  1.117000e+00   5.011660e+00   8.288178e-02
  1.120000e+00   4.808985e+00   8.082239e-02
  1.122000e+00   4.684499e+00   7.998403e-02
  1.125000e+00   4.639575e+00   8.079158e-02
  1.128000e+00   4.711248e+00   8.040303e-02
  1.130000e+00   4.800412e+00   8.051217e-02
  1.133000e+00   4.821674e+00   8.091435e-02
  1.135000e+00   4.668381e+00   7.972451e-02
  1.138000e+00   4.750343e+00   7.953695e-02
  1.141000e+00   4.646091e+00   7.954303e-02
  1.143000e+00   4.414266e+00   7.865185e-02
  1.146000e+00   4.495199e+00   8.000540e-02
  1.148000e+00   4.368313e+00   7.905874e-02
  1.151000e+00   4.328532e+00   7.871329e-02
  1.153000e+00   4.451646e+00   7.893918e-02
  1.156000e+00   4.458848e+00   7.913147e-02
  1.159000e+00   4.308642e+00   7.798886e-02
  1.161000e+00   4.209534e+00   7.757100e-02
  1.164000e+00   4.176612e+00   7.815930e-02
  1.166000e+00   4.122085e+00   7.634047e-02
  1.169000e+00   4.107682e+00   7.652897e-02
  1.172000e+00   4.089849e+00   7.708447e-02
  1.174000e+00   4.241084e+00   7.678265e-02
  1.177000e+00   4.053498e+00   7.536698e-02
  1.179000e+00   3.852881e+00   7.532342e-02
  1.182000e+00   3.886145e+00   7.451465e-02
  1.184000e+00   3.996571e+00   7.615453e-02
  1.187000e+00   3.910494e+00   7.515123e-02
  1.190000e+00   3.788066e+00   7.466529e-02
  1.192000e+00   3.804184e+00   7.527494e-02
  1.195000e+00   3.905007e+00   7.537440e-02
  1.197000e+00   3.741427e+00   7.565620e-02
  1.200000e+00   3.875857e+00   7.347333e-02
  1.203000e+00   3.634774e+00   7.435173e-02
  1.205000e+00   3.653635e+00   7.489616e-02
  1.208000e+00   3.587449e+00   7.506366e-02
  1.210000e+00   3.534294e+00   7.430678e-02
  1.213000e+00   3.496571e+00   7.425942e-02
  1.215000e+00   3.553498e+00   7.439508e-02
  1.218000e+00   3.371056e+00   7.462182e-02
  1.221000e+00   3.573388e+00   7.321940e-02
  1.223000e+00   3.524348e+00   7.443464e-02
  1.226000e+00   3.418381e+00   7.369449e-02
  1.228000e+00   3.466392e+00   7.451033e-02
  1.231000e+00   3.258573e+00   7.304529e-02
  1.234000e+00   3.272634e+00   7.383479e-02
  1.236000e+00   3.219479e+00   7.369671e-02
  1.239000e+00   3.298011e+00   7.438288e-02
  1.241000e+00   3.161523e+00   7.395344e-02
  1.244000e+00   3.180384e+00   7.283772e-02
  1.247000e+00   3.296639e+00   7.313678e-02
  1.249000e+00   3.018861e+00   7.258743e-02
  1.252000e+00   3.105967e+00   7.317638e-02
  1.254000e+00   3.028464e+00   7.331189e-02
  1.257000e+00   3.074417e+00   7.347424e-02
  1.259000e+00   3.024005e+00   7.316748e-02
  1.262000e+00   3.001715e+00   7.243112e-02
  1.265000e+00   2.923525e+00   7.243915e-02
  1.267000e+00   2.984225e+00   7.269949e-02
  1.270000e+00   2.979424e+00   7.303244e-02
  1.272000e+00   2.844307e+00   7.252941e-02
  1.275000e+00   2.866598e+00   7.291381e-02
  1.278000e+00   2.963649e+00   7.244461e-02
  1.280000e+00   2.865912e+00   7.232043e-02
  1.283000e+00   2.760974e+00   7.207429e-02
  1.285000e+00   2.879973e+00   7.267584e-02
  1.288000e+00   2.805898e+00   7.248193e-02
  1.290000e+00   2.765432e+00   7.252047e-02
  1.293000e+00   2.750686e+00   7.214531e-02
  1.296000e+00   2.614540e+00   7.150726e-02
  1.298000e+00   2.786008e+00   7.205232e-02
  1.301000e+00   2.555213e+00   7.244992e-02
  1.303000e+00   2.705075e+00   7.201760e-02
  1.306000e+00   2.581276e+00   7.185623e-02
  1.309000e+00   2.614883e+00   7.140702e-02
  1.311000e+00   2.604938e+00   7.129737e-02
  1.314000e+00   2.466049e+00   7.161073e-02
  1.316000e+00   2.555898e+00   7.112453e-02
  1.319000e+00   2.555898e+00   7.211162e-02
  1.321000e+00   2.349794e+00   7.209263e-02
  1.324000e+00   2.432785e+00   7.136650e-02
  1.327000e+00   2.424211e+00   7.021436e-02
  1.329000e+00   2.487654e+00   7.161233e-02
  1.332000e+00   2.323045e+00   7.084572e-02
  1.334000e+00   2.314129e+00   7.138857e-02
  1.337000e+00   2.270233e+00   7.117652e-02
  1.340000e+00   2.345679e+00   7.179553e-02
  1.342000e+00   2.401235e+00   7.023486e-02
  1.345000e+00   2.257545e+00   7.100255e-02
  1.347000e+00   2.151235e+00   7.036052e-02
  1.350000e+00   2.248285e+00   7.072252e-02
  1.352000e+00   2.184499e+00   7.094748e-02
  1.355000e+00   2.282236e+00   7.046331e-02
  1.358000e+00   2.293210e+00   7.103321e-02
  1.360000e+00   2.222908e+00   7.056096e-02
  1.363000e+00   2.148834e+00   7.052907e-02
  1.365000e+00   2.244170e+00   7.084112e-02
  1.368000e+00   2.200960e+00   7.073888e-02
  1.371000e+00   2.135802e+00   7.015624e-02
  1.373000e+00   2.066187e+00   7.022838e-02
  1.376000e+00   2.039781e+00   7.021244e-02
  1.378000e+00   2.013717e+00   7.012119e-02
  1.381000e+00   2.179012e+00   7.066203e-02
  1.383000e+00   1.981824e+00   7.050272e-02
  1.386000e+00   1.999314e+00   7.097514e-02
  1.389000e+00   1.979081e+00   6.931944e-02
  1.391000e+00   2.004801e+00   7.003521e-02
  1.394000e+00   1.985254e+00   6.997014e-02
  1.396000e+00   1.938957e+00   6.982551e-02
  1.399000e+00   1.780521e+00   7.003528e-02
  1.402000e+00   1.800069e+00   6.945704e-02
  1.404000e+00   1.872771e+00   6.969025e-02
  1.407000e+00   1.978052e+00   6.999461e-02
  1.409000e+00   1.851509e+00   6.962180e-02
  1.412000e+00   1.832305e+00   6.956811e-02
  1.414000e+00   1.847737e+00   6.958750e-02
  1.417000e+00   1.643347e+00   6.935307e-02
  1.420000e+00   1.736968e+00   7.020273e-02
  1.422000e+00   1.794925e+00   6.967818e-02
  1.425000e+00   1.639918e+00   6.941645e-02
  1.427000e+00   1.723937e+00   6.942092e-02
  1.430000e+00   1.704047e+00   6.917745e-02
  1.433000e+00   1.634088e+00   6.893143e-02
  1.435000e+00   1.698903e+00   6.940746e-02
  1.438000e+00   1.629287e+00   6.861306e-02
  1.440000e+00   1.736968e+00   6.945137e-02
  1.443000e+00   1.566529e+00   6.936909e-02
  1.446000e+00   1.687243e+00   6.905775e-02
  1.448000e+00   1.626543e+00   6.935373e-02
  1.451000e+00   1.680384e+00   6.927501e-02
  1.453000e+00   1.563443e+00   6.875503e-02
  1.456000e+00   1.525034e+00   6.889768e-02
  1.458000e+00   1.554527e+00   6.888407e-02
  1.461000e+00   1.453018e+00   6.846783e-02
  1.464000e+00   1.452332e+00   6.886316e-02
  1.466000e+00   1.463649e+00   6.892311e-02
  1.469000e+00   1.492112e+00   6.880143e-02
  1.471000e+00   1.551783e+00   6.857484e-02
  1.474000e+00   1.578189e+00   6.841823e-02
  1.477000e+00   1.415295e+00   6.852800e-02
  1.479000e+00   1.496571e+00   6.870639e-02
  1.482000e+00   1.496914e+00   6.862169e-02
  1.484000e+00   1.458848e+00   6.814528e-02
  1.487000e+00   1.473594e+00   6.907955e-02
  1.489000e+00   1.480453e+00   6.838845e-02
  1.492000e+00   1.431070e+00   6.870370e-02
  1.495000e+00   1.510631e+00   6.795289e-02
  1.497000e+00   1.484568e+00   6.891665e-02
  1.500000e+00   1.401578e+00   6.839032e-02
  1.502000e+00   1.331962e+00   6.814830e-02
  1.505000e+00   1.383402e+00   6.823468e-02
  1.508000e+00   1.391632e+00   6.844092e-02
  1.510000e+00   1.387174e+00   6.806963e-02
  1.513000e+00   1.357682e+00   6.850107e-02
  1.515000e+00   1.344993e+00   6.827868e-02
  1.518000e+00   1.293210e+00   6.738861e-02
  1.520000e+00   1.306584e+00   6.817484e-02
  1.523000e+00   1.400892e+00   6.832539e-02
  1.526000e+00   1.417353e+00   6.852219e-02
  1.528000e+00   1.322702e+00   6.781586e-02
  1.531000e+00   1.303498e+00   6.831509e-02
  1.533000e+00   1.281207e+00   6.773579e-02
  1.536000e+00   1.367284e+00   6.728185e-02
  1.539000e+00   1.283951e+00   6.787909e-02
  1.541000e+00   1.288409e+00   6.826366e-02
  1.544000e+00   1.124829e+00   6.780388e-02
  1.546000e+00   1.125171e+00   6.733429e-02
  1.549000e+00   1.254458e+00   6.766044e-02
  1.551000e+00   1.177641e+00   6.749160e-02
  1.554000e+00   1.199588e+00   6.762984e-02
  1.557000e+00   1.208505e+00   6.744512e-02
  1.559000e+00   1.265089e+00   6.719886e-02
  1.562000e+00   1.190329e+00   6.759495e-02
  1.564000e+00   1.081619e+00   6.710722e-02
  1.567000e+00   1.127229e+00   6.713708e-02
  1.570000e+00   1.088477e+00   6.790053e-02
  1.572000e+00   1.023320e+00   6.762597e-02
  1.575000e+00   1.100137e+00   6.704834e-02
  1.577000e+00   1.029150e+00   6.664940e-02
  1.580000e+00   1.109053e+00   6.719726e-02
  1.583000e+00   1.112140e+00   6.724318e-02
  1.585000e+00   1.110425e+00   6.709202e-02
  1.588000e+00   1.040466e+00   6.757453e-02
  1.590000e+00   1.075103e+00   6.701303e-02
  1.593000e+00   1.009602e+00   6.737676e-02
  1.595000e+00   1.057270e+00   6.699357e-02
  1.598000e+00   1.029150e+00   6.680877e-02
  1.601000e+00   1.044582e+00   6.652222e-02
  1.603000e+00   9.938272e-01   6.702901e-02
  1.606000e+00   9.454733e-01   6.692967e-02
  1.608000e+00   1.027092e+00   6.740543e-02
  1.611000e+00   1.037380e+00   6.732617e-02
  1.614000e+00   9.358711e-01   6.674824e-02
  1.616000e+00   9.341564e-01   6.656748e-02
  1.619000e+00   1.100137e+00   6.697288e-02
  1.621000e+00   9.468450e-01   6.700556e-02
  1.624000e+00   1.024005e+00   6.709276e-02
  1.626000e+00   1.005487e+00   6.713978e-02
  1.629000e+00   9.375857e-01   6.693529e-02
  1.632000e+00   8.508230e-01   6.642550e-02
  1.634000e+00   8.840878e-01   6.700564e-02
  1.637000e+00   9.482167e-01   6.702875e-02
  1.639000e+00   9.814815e-01   6.683512e-02
  1.642000e+00   1.051783e+00   6.692299e-02
  1.645000e+00   8.552812e-01   6.692081e-02
  1.647000e+00   8.388203e-01   6.615466e-02
  1.650000e+00   7.249657e-01   6.631675e-02
  1.652000e+00   9.660494e-01   6.685143e-02
  1.655000e+00   8.364198e-01   6.707557e-02
  1.657000e+00   8.264746e-01   6.688973e-02
  1.660000e+00   8.120713e-01   6.650802e-02
  1.663000e+00   8.882030e-01   6.654137e-02
  1.665000e+00   8.858025e-01   6.614716e-02
  1.668000e+00   7.952675e-01   6.683064e-02
  1.670000e+00   9.674211e-01   6.741974e-02
  1.673000e+00   9.019204e-01   6.667114e-02
  1.676000e+00   1.002743e+00   6.718328e-02
  1.678000e+00   7.794925e-01   6.642368e-02
  1.681000e+00   8.395062e-01   6.685838e-02
  1.683000e+00   8.892318e-01   6.634802e-02
  1.686000e+00   9.653635e-01   6.684890e-02
  1.688000e+00   7.328532e-01   6.630318e-02
  1.691000e+00   9.729081e-01   6.636176e-02
  1.694000e+00   7.280521e-01   6.612797e-02
  1.696000e+00   8.851166e-01   6.637853e-02
  1.699000e+00   7.301097e-01   6.699850e-02
  1.701000e+00   8.209877e-01   6.707661e-02
  1.704000e+00   7.794925e-01   6.621195e-02
  1.707000e+00   8.309328e-01   6.659163e-02
  1.709000e+00   8.045267e-01   6.581278e-02
  1.712000e+00   7.259945e-01   6.667722e-02
  1.714000e+00   7.167353e-01   6.615967e-02
  1.717000e+00   8.117284e-01   6.686524e-02
  1.719000e+00   6.838134e-01   6.625121e-02
  1.722000e+00   7.318244e-01   6.609955e-02
  1.725000e+00   8.720850e-01   6.630702e-02
  1.727000e+00   8.299040e-01   6.632711e-02
  1.730000e+00   6.937586e-01   6.645442e-02
  1.732000e+00   6.766118e-01   6.590418e-02
  1.735000e+00   7.534294e-01   6.668273e-02
  1.738000e+00   7.849794e-01   6.668372e-02
  1.740000e+00   7.548011e-01   6.638866e-02
  1.743000e+00   7.379973e-01   6.626339e-02
  1.745000e+00   7.757202e-01   6.628713e-02
  1.748000e+00   6.893004e-01   6.639380e-02
  1.751000e+00   7.500000e-01   6.658337e-02
  1.753000e+00   6.587791e-01   6.614139e-02
  1.756000e+00   6.508916e-01   6.607831e-02
  1.758000e+00   8.511660e-01   6.644778e-02
  1.761000e+00   7.527435e-01   6.663043e-02
  1.763000e+00   7.311385e-01   6.642864e-02
  1.766000e+00   7.743484e-01   6.606613e-02
  1.769000e+00   7.095336e-01   6.597353e-02
  1.771000e+00   8.089849e-01   6.588218e-02
  1.774000e+00   6.724966e-01   6.622047e-02
  1.776000e+00   5.716735e-01   6.628173e-02
  1.779000e+00   6.831276e-01   6.623196e-02
  1.782000e+00   6.426612e-01   6.660849e-02
  1.784000e+00   6.114540e-01   6.639021e-02
  1.787000e+00   7.524005e-01   6.617221e-02
  1.789000e+00   6.783265e-01   6.582514e-02
  1.792000e+00   6.886145e-01   6.663849e-02
  1.794000e+00   7.115912e-01   6.574951e-02
  1.797000e+00   6.412894e-01   6.621447e-02
  1.800000e+00   7.925240e-01   6.652421e-02
  1.802000e+00   7.743484e-01   6.650479e-02
  1.805000e+00   6.392318e-01   6.626919e-02
  1.807000e+00   6.625514e-01   6.627011e-02
  1.810000e+00   7.678326e-01   6.614602e-02
  1.813000e+00   6.711248e-01   6.569229e-02
  1.815000e+00   5.233196e-01   6.624088e-02
  1.818000e+00   6.107682e-01   6.649885e-02
  1.820000e+00   6.330590e-01   6.562067e-02
  1.823000e+00   6.159122e-01   6.647757e-02
  1.825000e+00   6.066529e-01   6.587720e-02
  1.828000e+00   7.489712e-01   6.692745e-02
  1.831000e+00   7.455418e-01   6.587953e-02
  1.833000e+00   6.491770e-01   6.573285e-02
  1.836000e+00   6.251715e-01   6.632745e-02
  1.838000e+00   5.168038e-01   6.617900e-02
  1.841000e+00   7.613169e-01   6.655189e-02
  1.844000e+00   7.112483e-01   6.663018e-02
  1.846000e+00   6.807270e-01   6.583165e-02
  1.849000e+00   5.733882e-01   6.596926e-02
  1.851000e+00   5.915638e-01   6.543866e-02
  1.854000e+00   5.130316e-01   6.605898e-02
  1.856000e+00   6.920439e-01   6.629133e-02
  1.859000e+00   6.179698e-01   6.608088e-02
  1.862000e+00   6.917010e-01   6.566178e-02
  1.864000e+00   8.120713e-01   6.687277e-02
  1.867000e+00   7.373114e-01   6.655370e-02
  1.869000e+00   6.652949e-01   6.622450e-02
  1.872000e+00   7.064472e-01   6.606674e-02
  1.875000e+00   6.457476e-01   6.631093e-02
  1.877000e+00   6.237997e-01   6.540539e-02
  1.880000e+00   5.438957e-01   6.625523e-02
  1.882000e+00   6.351166e-01   6.608760e-02
  1.885000e+00   6.913580e-01   6.617237e-02
  1.888000e+00   5.462963e-01   6.630743e-02
  1.890000e+00   6.052812e-01   6.592819e-02
  1.893000e+00   5.462963e-01   6.572524e-02
  1.895000e+00   6.893004e-01   6.588469e-02
  1.898000e+00   7.153635e-01   6.581947e-02
  1.900000e+00   7.153635e-01   6.639583e-02
  1.903000e+00   5.648148e-01   6.598215e-02
  1.906000e+00   6.234568e-01   6.587158e-02
  1.908000e+00   6.601509e-01   6.560748e-02
  1.911000e+00   5.552126e-01   6.605029e-02
  1.913000e+00   5.373800e-01   6.610503e-02
  1.916000e+00   5.161180e-01   6.578903e-02
  1.919000e+00   5.462963e-01   6.576654e-02
  1.921000e+00   5.538409e-01   6.586399e-02
  1.924000e+00   5.490398e-01   6.599846e-02
  1.926000e+00   5.017147e-01   6.573030e-02
  1.929000e+00   6.409465e-01   6.643329e-02
  1.931000e+00   5.445816e-01   6.617554e-02
  1.934000e+00   4.766804e-01   6.568230e-02
  1.937000e+00   5.572702e-01   6.585797e-02
  1.939000e+00   6.039095e-01   6.611361e-02
  1.942000e+00   6.471193e-01   6.591667e-02
  1.944000e+00   5.733882e-01   6.614122e-02
  1.947000e+00   5.500686e-01   6.569641e-02
  1.950000e+00   5.528121e-01   6.580553e-02
  1.952000e+00   6.580933e-01   6.574202e-02
  1.955000e+00   6.165981e-01   6.585217e-02
  1.957000e+00   6.670096e-01   6.612590e-02
  1.960000e+00   4.777092e-01   6.596623e-02
  1.962000e+00   5.006859e-01   6.546332e-02
  1.965000e+00   5.140604e-01   6.591665e-02
  1.968000e+00   6.107682e-01   6.573484e-02
  1.970000e+00   6.183128e-01   6.578395e-02
  1.973000e+00   7.554870e-01   6.624091e-02
  1.975000e+00   5.586420e-01   6.588682e-02
  1.978000e+00   6.032236e-01   6.565272e-02
  1.981000e+00   5.480110e-01   6.557298e-02
  1.983000e+00   5.836763e-01   6.610553e-02
  1.986000e+00   4.708505e-01   6.599594e-02
  1.988000e+00   5.154321e-01   6.572295e-02
  1.991000e+00   5.943073e-01   6.604683e-02
  1.993000e+00   5.617284e-01   6.587786e-02
  1.996000e+00   6.018519e-01   6.647182e-02
  1.999000e+00   5.593278e-01   6.573855e-02
  2.001000e+00   5.507545e-01   6.595760e-02
  2.004000e+00   5.144033e-01   6.566634e-02
  2.006000e+00   6.711248e-01   6.584569e-02
  2.009000e+00   5.517833e-01   6.629940e-02
  2.012000e+00   5.390947e-01   6.550107e-02
  2.014000e+00   6.752401e-01   6.601001e-02
  2.017000e+00   5.781893e-01   6.578678e-02
  2.019000e+00   5.281207e-01   6.534298e-02
  2.022000e+00   4.876543e-01   6.582794e-02
  2.024000e+00   4.379287e-01   6.537593e-02
  2.027000e+00   6.347737e-01   6.572272e-02
  2.030000e+00   5.809328e-01   6.599855e-02
  2.032000e+00   4.746228e-01   6.577381e-02
  2.035000e+00   6.001372e-01   6.580689e-02
  2.037000e+00   5.850480e-01   6.534455e-02
  2.040000e+00   4.742798e-01   6.540734e-02
  2.043000e+00   5.298354e-01   6.571524e-02
  2.045000e+00   4.948560e-01   6.585247e-02
  2.048000e+00   5.044582e-01   6.550956e-02
  2.050000e+00   5.740741e-01   6.587303e-02
  2.053000e+00   5.696159e-01   6.578283e-02
  2.056000e+00   6.508916e-01   6.538162e-02
  2.058000e+00   5.723594e-01   6.572440e-02
  2.061000e+00   5.819616e-01   6.561823e-02
  2.063000e+00   5.665295e-01   6.483770e-02
  2.066000e+00   4.663923e-01   6.550167e-02
  2.068000e+00   5.641289e-01   6.609055e-02
  2.071000e+00   4.972565e-01   6.553326e-02
  2.074000e+00   5.198903e-01   6.587639e-02
  2.076000e+00   5.315501e-01   6.560882e-02
  2.079000e+00   5.421811e-01   6.611469e-02
  2.081000e+00   4.269547e-01   6.515461e-02
  2.084000e+00   5.606996e-01   6.577813e-02
  2.087000e+00   6.351166e-01   6.574571e-02
  2.089000e+00   5.130316e-01   6.547796e-02
  2.092000e+00   4.955418e-01   6.582711e-02
  2.094000e+00   5.713306e-01   6.553930e-02
  2.097000e+00   5.459534e-01   6.572605e-02
  2.099000e+00   5.768176e-01   6.606800e-02
  2.102000e+00   5.696159e-01   6.552320e-02
  2.105000e+00   4.677641e-01   6.564820e-02
  2.107000e+00   4.801097e-01   6.519756e-02
  2.110000e+00   5.109739e-01   6.563649e-02
  2.112000e+00   5.737311e-01   6.562337e-02
  2.115000e+00   6.382030e-01   6.600665e-02
  2.118000e+00   5.411523e-01   6.579538e-02
  2.120000e+00   4.886831e-01   6.556889e-02
  2.123000e+00   4.917695e-01   6.538328e-02
  2.125000e+00   5.627572e-01   6.582863e-02
  2.128000e+00   5.267490e-01   6.552909e-02
  2.130000e+00   5.572702e-01   6.593982e-02
  2.133000e+00   5.610425e-01   6.547450e-02
  2.136000e+00   4.561043e-01   6.565706e-02
  2.138000e+00   3.563100e-01   6.553767e-02
  2.141000e+00   4.914266e-01   6.617595e-02
  2.143000e+00   5.442387e-01   6.593091e-02
  2.146000e+00   5.339506e-01   6.568900e-02
  2.149000e+00   4.152949e-01   6.563888e-02
  2.151000e+00   5.781893e-01   6.624048e-02
  2.154000e+00   5.150892e-01   6.598682e-02
  2.156000e+00   6.135117e-01   6.601531e-02
  2.159000e+00   5.219479e-01   6.524167e-02
  2.161000e+00   5.781893e-01   6.569486e-02
  2.164000e+00   4.735940e-01   6.544620e-02
  2.167000e+00   5.144033e-01   6.550041e-02
  2.169000e+00   5.696159e-01   6.610717e-02
  2.172000e+00   5.356653e-01   6.551702e-02
  2.174000e+00   5.168038e-01   6.600077e-02
  2.177000e+00   4.979424e-01   6.548488e-02
  2.180000e+00   5.579561e-01   6.595410e-02
  2.182000e+00   5.733882e-01   6.600830e-02
  2.185000e+00   3.803155e-01   6.575438e-02
  2.187000e+00   6.080247e-01   6.536407e-02
  2.190000e+00   4.917695e-01   6.580783e-02
  2.192000e+00   5.432099e-01   6.532864e-02
  2.195000e+00   4.979424e-01   6.597235e-02
  2.198000e+00   4.777092e-01   6.576660e-02
  2.200000e+00   4.255830e-01   6.555727e-02
  2.203000e+00   5.514403e-01   6.567719e-02
  2.205000e+00   6.169410e-01   6.551188e-02
  2.208000e+00   5.781893e-01   6.572702e-02
  2.211000e+00   5.658436e-01   6.549152e-02
  2.213000e+00   5.545267e-01   6.516593e-02
  2.216000e+00   4.173525e-01   6.593956e-02
  2.218000e+00   3.978052e-01   6.542896e-02
  2.221000e+00   5.366941e-01   6.568668e-02
  2.224000e+00   4.914266e-01   6.544642e-02
  2.226000e+00   5.637860e-01   6.570724e-02
  2.229000e+00   4.252401e-01   6.561701e-02
  2.231000e+00   5.174897e-01   6.549442e-02
  2.234000e+00   5.713306e-01   6.561993e-02
  2.236000e+00   5.051440e-01   6.564988e-02
  2.239000e+00   4.996571e-01   6.481108e-02
  2.242000e+00   4.197531e-01   6.553713e-02
  2.244000e+00   5.847051e-01   6.596152e-02
  2.247000e+00   5.596708e-01   6.610793e-02
  2.249000e+00   4.598765e-01   6.530191e-02
  2.252000e+00   6.135117e-01   6.562121e-02
  2.255000e+00   4.821674e-01   6.558195e-02
  2.257000e+00   4.993141e-01   6.553808e-02
  2.260000e+00   4.807956e-01   6.567893e-02
  2.262000e+00   5.082305e-01   6.537407e-02
  2.265000e+00   4.324417e-01   6.546487e-02
  2.267000e+00   4.845679e-01   6.549871e-02
  2.270000e+00   4.869684e-01   6.544621e-02
  2.273000e+00   3.960905e-01   6.514123e-02
  2.275000e+00   5.644719e-01   6.564049e-02
  2.278000e+00   5.082305e-01   6.520269e-02
  2.280000e+00   4.900549e-01   6.578398e-02
  2.283000e+00   4.708505e-01   7.217204e-02
  2.286000e+00   3.076132e-01   7.667951e-02
  2.288000e+00   5.627572e-01   8.085156e-02
  2.291000e+00   3.950617e-01   8.300200e-02
  2.293000e+00   4.458162e-01   8.813217e-02
  2.296000e+00   4.746228e-01   9.131004e-02
  2.298000e+00   3.748285e-01   9.627390e-02
  2.301000e+00   5.041152e-01   1.009387e-01
  2.304000e+00   4.927984e-01   1.050774e-01
  2.306000e+00   3.786008e-01   1.101763e-01
  2.309000e+00   5.644719e-01   1.171756e-01
  2.311000e+00   4.087791e-01   1.219052e-01
  2.314000e+00   5.044582e-01   1.003160e-01
  2.317000e+00   2.973251e-01   9.275391e-02
  2.319000e+00   4.691358e-01   9.017840e-02
  2.322000e+00   4.176955e-01   8.778377e-02
  2.324000e+00   4.194102e-01   8.626912e-02
  2.327000e+00   3.981481e-01   8.361524e-02
  2.329000e+00   3.864883e-01   8.120102e-02
  2.332000e+00   4.715364e-01   7.990200e-02
  2.335000e+00   4.965706e-01   7.834745e-02
  2.337000e+00   5.099451e-01   7.756704e-02
  2.340000e+00   3.542524e-01   7.532660e-02
  2.342000e+00   5.414952e-01   7.506486e-02
  2.345000e+00   5.366941e-01   7.407770e-02
  2.348000e+00   3.978052e-01   7.246816e-02
  2.350000e+00   4.434156e-01   7.205288e-02
  2.353000e+00   4.063786e-01   7.141154e-02
  2.355000e+00   4.629630e-01   6.992495e-02
  2.358000e+00   5.867627e-01   7.021875e-02
  2.360000e+00   4.166667e-01   6.914265e-02
  2.363000e+00   4.437586e-01   6.829576e-02
  2.366000e+00   3.737997e-01   6.767697e-02
  2.368000e+00   4.266118e-01   6.730746e-02
  2.371000e+00   3.161866e-01   6.704684e-02
  2.373000e+00   4.636488e-01   6.663789e-02
  2.376000e+00   4.708505e-01   6.610326e-02
  2.379000e+00   4.629630e-01   6.510306e-02
  2.381000e+00   4.893690e-01   6.563741e-02
  2.384000e+00   6.001372e-01   6.597075e-02
  2.386000e+00   5.294925e-01   6.601968e-02
  2.389000e+00   4.063786e-01   6.543077e-02
  2.392000e+00   4.197531e-01   6.506752e-02
  2.394000e+00   3.823731e-01   6.529486e-02
  2.397000e+00   4.667353e-01   6.552682e-02
  2.399000e+00   5.534979e-01   6.566841e-02
  2.402000e+00   4.334705e-01   6.557536e-02
  2.404000e+00   4.482167e-01   6.555915e-02
  2.407000e+00   4.814815e-01   6.527974e-02
  2.410000e+00   3.984911e-01   6.536815e-02
  2.412000e+00   3.504801e-01   6.517447e-02
  2.415000e+00   5.418381e-01   6.542016e-02
  2.417000e+00   4.310700e-01   6.577486e-02
  2.420000e+00   5.370370e-01   6.552416e-02
  2.423000e+00   3.597394e-01   6.531523e-02
  2.425000e+00   4.043210e-01   6.491567e-02
  2.428000e+00   4.183813e-01   6.528353e-02
  2.430000e+00   4.756516e-01   6.598520e-02
  2.433000e+00   5.394376e-01   6.499752e-02
  2.435000e+00   4.080933e-01   6.530479e-02
  2.438000e+00   3.813443e-01   6.511765e-02
  2.441000e+00   4.269547e-01   6.541481e-02
  2.443000e+00   3.635117e-01   6.501919e-02
  2.446000e+00   2.997257e-01   6.495519e-02
  2.448000e+00   4.547325e-01   6.533619e-02
  2.451000e+00   3.984911e-01   6.503420e-02
  2.454000e+00   4.578189e-01   6.529569e-02
  2.456000e+00   3.477366e-01   6.523505e-02
  2.459000e+00   3.504801e-01   6.488653e-02
  2.461000e+00   2.561728e-01   6.519602e-02
  2.464000e+00   3.957476e-01   6.576454e-02
  2.466000e+00   4.173525e-01   6.539180e-02
  2.469000e+00   3.964335e-01   6.535096e-02
  2.472000e+00   4.667353e-01   6.555774e-02
  2.474000e+00   4.190672e-01   6.516568e-02
  2.477000e+00   2.990398e-01   6.497196e-02
  2.479000e+00   3.449931e-01   6.478597e-02
  2.482000e+00   4.386145e-01   6.543368e-02
  2.485000e+00   3.518519e-01   6.499970e-02
  2.487000e+00   3.700274e-01   6.548901e-02
  2.490000e+00   3.782579e-01   6.542251e-02
  2.492000e+00   3.199588e-01   6.475171e-02
  2.495000e+00   3.045267e-01   6.503727e-02
  2.497000e+00   4.869684e-01   6.527346e-02
  2.500000e+00   3.309328e-01   6.517951e-02
  2.503000e+00   3.590535e-01   6.502214e-02
  2.505000e+00   4.564472e-01   6.541350e-02
  2.508000e+00   4.283265e-01   6.498746e-02
  2.510000e+00   5.161180e-01   6.497055e-02
  2.513000e+00   3.141289e-01   6.493785e-02
  2.516000e+00   5.085734e-01   6.549904e-02
  2.518000e+00   3.251029e-01   6.535652e-02
  2.521000e+00   3.789438e-01   6.487278e-02
  2.523000e+00   2.949246e-01   6.509134e-02
  2.526000e+00   4.362140e-01   6.536790e-02
  2.529000e+00   3.340192e-01   6.517993e-02
  2.531000e+00   3.377915e-01   6.512720e-02
  2.534000e+00   3.041838e-01   6.504912e-02
  2.536000e+00   4.008916e-01   6.533820e-02
  2.539000e+00   3.216735e-01   6.539846e-02
  2.541000e+00   2.640604e-01   6.511414e-02
  2.544000e+00   3.203018e-01   6.490025e-02
  2.547000e+00   2.949246e-01   6.512822e-02
  2.549000e+00   4.403292e-01   6.533114e-02
  2.552000e+00   4.831962e-01   6.544668e-02
  2.554000e+00   4.015775e-01   6.514401e-02
  2.557000e+00   3.895748e-01   6.532959e-02
  2.560000e+00   3.638546e-01   6.520269e-02
  2.562000e+00   4.406722e-01   6.497846e-02
  2.565000e+00   4.194102e-01   6.521915e-02
  2.567000e+00   3.967764e-01   6.478885e-02
  2.570000e+00   4.005487e-01   6.533631e-02
  2.572000e+00   3.840878e-01   6.538643e-02
  2.575000e+00   3.847737e-01   6.540122e-02
  2.578000e+00   3.350480e-01   6.511914e-02
  2.580000e+00   3.786008e-01   6.549111e-02
  2.583000e+00   4.979424e-01   6.528032e-02
  2.585000e+00   3.268176e-01   6.530433e-02
  2.588000e+00   3.964335e-01   6.530063e-02
  2.591000e+00   2.527435e-01   6.498246e-02
  2.593000e+00   3.998628e-01   6.539431e-02
  2.596000e+00   4.283265e-01   6.511267e-02
  2.598000e+00   4.276406e-01   6.509499e-02
  2.601000e+00   4.900549e-01   6.526551e-02
  2.603000e+00   4.104938e-01   6.518246e-02
  2.606000e+00   4.228395e-01   6.530513e-02
  2.609000e+00   2.578875e-01   6.456628e-02
  2.611000e+00   4.063786e-01   6.539687e-02
  2.614000e+00   3.151578e-01   6.538990e-02
  2.616000e+00   4.286694e-01   6.574483e-02
  2.619000e+00   3.906036e-01   6.551412e-02
  2.622000e+00   3.748285e-01   6.518927e-02
  2.624000e+00   2.956104e-01   6.524406e-02
  2.627000e+00   3.347051e-01   6.490145e-02
  2.629000e+00   3.569959e-01   6.479464e-02
  2.632000e+00   3.089849e-01   6.453945e-02
  2.634000e+00   3.401920e-01   6.512080e-02
  2.637000e+00   3.096708e-01   6.480269e-02
  2.640000e+00   3.762003e-01   6.513052e-02
  2.642000e+00   2.331962e-01   6.511359e-02
  2.645000e+00   2.894376e-01   6.488435e-02
  2.647000e+00   3.834019e-01   6.514052e-02
  2.650000e+00   3.569959e-01   6.517130e-02
  2.653000e+00   3.120713e-01   6.514620e-02
  2.655000e+00   2.908093e-01   6.502508e-02
  2.658000e+00   2.596022e-01   6.435514e-02
  2.660000e+00   3.137860e-01   6.563598e-02
  2.663000e+00   3.257888e-01   6.504067e-02
  2.665000e+00   3.775720e-01   6.515085e-02
  2.668000e+00   3.662551e-01   6.509281e-02
  2.671000e+00   3.559671e-01   6.512384e-02
  2.673000e+00   3.912894e-01   6.483284e-02
  2.676000e+00   2.331962e-01   6.495844e-02
  2.678000e+00   3.093278e-01   6.480177e-02
  2.681000e+00   3.237311e-01   6.465768e-02
  2.684000e+00   3.501372e-01   6.507239e-02
  2.686000e+00   2.307956e-01   6.511339e-02
  2.689000e+00   3.240741e-01   6.440926e-02
  2.691000e+00   2.458848e-01   6.509407e-02
  2.694000e+00   3.504801e-01   6.479846e-02
  2.697000e+00   1.920439e-01   6.478108e-02
  2.699000e+00   3.415638e-01   6.487229e-02
  2.702000e+00   3.587106e-01   6.489720e-02
  2.704000e+00   2.938957e-01   6.522575e-02
  2.707000e+00   2.270233e-01   6.453794e-02
  2.709000e+00   3.247599e-01   6.496444e-02
  2.712000e+00   3.076132e-01   6.482582e-02
  2.715000e+00   3.758573e-01   6.529213e-02
  2.717000e+00   2.469136e-01   6.530878e-02
  2.720000e+00   2.537723e-01   6.485874e-02
  2.722000e+00   2.908093e-01   6.488783e-02
  2.725000e+00   2.818930e-01   6.515953e-02
  2.728000e+00   1.989026e-01   6.513888e-02
  2.730000e+00   3.573388e-01   6.481716e-02
  2.733000e+00   2.198217e-01   6.491501e-02
  2.735000e+00   2.637174e-01   6.472841e-02
  2.738000e+00   2.661180e-01   6.540071e-02
  2.740000e+00   2.781207e-01   6.450930e-02
  2.743000e+00   3.672840e-01   6.482033e-02
  2.746000e+00   2.431413e-01   6.477605e-02
  2.748000e+00   2.366255e-01   6.470968e-02
  2.751000e+00   3.103567e-01   6.490333e-02
  2.753000e+00   2.458848e-01   6.472214e-02
  2.756000e+00   2.764060e-01   6.482086e-02
  2.759000e+00   3.209877e-01   6.485449e-02
  2.761000e+00   2.489712e-01   6.500348e-02
  2.764000e+00   2.959534e-01   6.440575e-02
  2.766000e+00   2.681756e-01   6.461273e-02
  2.769000e+00   2.757202e-01   6.484444e-02
  2.771000e+00   1.796982e-01   6.505230e-02
  2.774000e+00   3.292181e-01   6.506055e-02
  2.777000e+00   2.304527e-01   6.481771e-02
  2.779000e+00   2.733196e-01   6.508023e-02
  2.782000e+00   3.017833e-01   6.488838e-02
  2.784000e+00   2.688615e-01   6.483656e-02
  2.787000e+00   3.419067e-01   6.501494e-02
  2.790000e+00   2.369684e-01   6.515931e-02
  2.792000e+00   1.803841e-01   6.492283e-02
  2.795000e+00   2.170782e-01   6.428772e-02
  2.797000e+00   1.745542e-01   6.463080e-02
  2.800000e+00   2.640604e-01   6.484812e-02
  2.802000e+00   2.270233e-01   6.518181e-02
  2.805000e+00   2.201646e-01   6.492951e-02
  2.808000e+00   3.220165e-01   6.485658e-02
  2.810000e+00   2.640604e-01   6.470285e-02
  2.813000e+00   3.034979e-01   6.486918e-02
  2.815000e+00   2.839506e-01   6.482811e-02
  2.818000e+00   2.390261e-01   6.488281e-02
  2.821000e+00   3.484225e-01   6.525270e-02
  2.823000e+00   2.743484e-01   6.467715e-02
  2.826000e+00   2.153635e-01   6.481953e-02
  2.828000e+00   3.062414e-01   6.494414e-02
  2.831000e+00   2.143347e-01   6.510922e-02
  2.833000e+00   2.599451e-01   6.466827e-02
  2.836000e+00   2.479424e-01   6.498811e-02
  2.839000e+00   3.631687e-01   6.505926e-02
  2.841000e+00   1.522634e-01   6.489128e-02
  2.844000e+00   2.671468e-01   6.480070e-02
  2.846000e+00   1.584362e-01   6.443988e-02
  2.849000e+00   2.849794e-01   6.465401e-02
  2.852000e+00   2.469136e-01   6.433653e-02
  2.854000e+00   1.872428e-01   6.474561e-02
  2.857000e+00   2.815501e-01   6.538523e-02
  2.859000e+00   2.037037e-01   6.455056e-02
  2.862000e+00   2.760631e-01   6.514328e-02
  2.865000e+00   2.085048e-01   6.459524e-02
  2.867000e+00   2.781207e-01   6.513170e-02
  2.870000e+00   2.136488e-01   6.476295e-02
  2.872000e+00   1.502058e-01   6.517575e-02
  2.875000e+00   2.668038e-01   6.507877e-02
  2.877000e+00   3.384774e-01   6.519258e-02
  2.880000e+00   2.033608e-01   6.483763e-02
  2.883000e+00   1.810700e-01   6.458230e-02
  2.885000e+00   1.176269e-01   6.488911e-02
  2.888000e+00   3.010974e-01   6.485807e-02
  2.890000e+00   2.836077e-01   6.500407e-02
  2.893000e+00   3.683128e-01   6.534267e-02
  2.896000e+00   2.914952e-02   6.429126e-02
  2.898000e+00   2.355967e-01   6.493678e-02
  2.901000e+00   2.143347e-01   6.492099e-02
  2.903000e+00   1.944444e-01   6.475303e-02
  2.906000e+00   1.989026e-01   6.485956e-02
  2.908000e+00   2.174211e-01   6.486410e-02
  2.911000e+00   1.951303e-01   6.500300e-02
  2.914000e+00   1.796982e-01   6.510285e-02
  2.916000e+00   1.687243e-01   6.467883e-02
  2.919000e+00   1.906722e-01   6.502822e-02
  2.921000e+00   1.776406e-01   6.462793e-02
  2.924000e+00   2.880658e-01   6.462634e-02
  2.927000e+00   1.827846e-01   6.467202e-02
  2.929000e+00   2.355967e-01   6.480396e-02
  2.932000e+00   1.580933e-01   6.505890e-02
  2.934000e+00   2.482853e-01   6.510414e-02
  2.937000e+00   2.506859e-01   6.496354e-02
  2.939000e+00   2.225652e-01   6.473702e-02
  2.942000e+00   1.868999e-01   6.492033e-02
  2.945000e+00   2.307956e-01   6.513775e-02
  2.947000e+00   1.632373e-01   6.457171e-02
  2.950000e+00   1.546639e-01   6.480545e-02
  2.952000e+00   2.037037e-01   6.505841e-02
  2.955000e+00   3.093278e-01   6.515280e-02
  2.958000e+00   2.098765e-01   6.525159e-02
  2.960000e+00   2.602881e-01   6.494306e-02
  2.963000e+00   1.989026e-01   6.508477e-02
  2.965000e+00   3.227023e-01   6.512502e-02
  2.968000e+00   2.016461e-01   6.504561e-02
  2.970000e+00   2.115912e-01   6.488432e-02
  2.973000e+00   1.563786e-01   6.453793e-02
  2.976000e+00   3.072702e-01   6.499364e-02
  2.978000e+00   2.311385e-01   6.458945e-02
  2.981000e+00   1.237997e-01   6.446993e-02
  2.983000e+00   2.647462e-01   6.471635e-02
  2.986000e+00   2.181070e-01   6.489037e-02
  2.989000e+00   2.537723e-01   6.514868e-02
  2.991000e+00   2.403978e-01   6.522225e-02
  2.994000e+00   2.143347e-01   6.491173e-02
  2.996000e+00   3.227023e-01   6.526583e-02
  2.999000e+00   2.736626e-01   6.458395e-02
  3.001000e+00   1.224280e-01   6.460321e-02
  3.004000e+00   1.841564e-01   6.479974e-02
  3.007000e+00   2.808642e-01   6.531458e-02
  3.009000e+00   2.061043e-01   6.464687e-02
  3.012000e+00   6.275720e-02   6.502461e-02
  3.014000e+00   2.630316e-01   6.495303e-02
  3.017000e+00   2.925240e-01   6.483427e-02
  3.020000e+00   1.755830e-01   6.496401e-02
  3.022000e+00   1.934156e-01   6.459488e-02
  3.025000e+00   1.755830e-01   6.477027e-02
  3.027000e+00   1.810700e-01   6.481166e-02
  3.030000e+00   2.469136e-01   6.509761e-02
  3.033000e+00   1.546639e-01   6.483033e-02
  3.035000e+00   2.640604e-01   6.516102e-02
  3.038000e+00   1.851852e-01   6.480790e-02
  3.040000e+00   1.334019e-01   6.472170e-02
  3.043000e+00   1.591221e-01   6.477657e-02
  3.045000e+00   1.814129e-01   6.495911e-02
  3.048000e+00   1.526063e-01   6.463200e-02
  3.051000e+00   2.362826e-01   6.497996e-02
  3.053000e+00   2.815501e-01   6.529636e-02
  3.056000e+00   3.151578e-01   6.514145e-02
  3.058000e+00   3.179012e-01   6.507232e-02
  3.061000e+00   1.965021e-01   6.481647e-02
  3.064000e+00   1.344307e-01   6.498936e-02
  3.066000e+00   8.367627e-02   6.468443e-02
  3.069000e+00   1.844993e-01   6.453433e-02
  3.071000e+00   2.205075e-01   6.466671e-02
  3.074000e+00   1.796982e-01   6.477202e-02
  3.076000e+00   3.401920e-01   6.504512e-02
  3.079000e+00   2.126200e-01   6.497635e-02
  3.082000e+00   2.541152e-01   6.517742e-02
  3.084000e+00   1.553498e-01   6.522749e-02
  3.087000e+00   1.272291e-01   6.470678e-02
  3.089000e+00   1.917010e-01   6.523280e-02
  3.092000e+00   2.973251e-01   6.536546e-02
  3.095000e+00   1.694102e-01   6.502802e-02
  3.097000e+00   1.923868e-01   6.479513e-02
  3.100000e+00   1.268861e-01   6.509484e-02
  3.102000e+00   2.242798e-01   6.479151e-02
  3.105000e+00   1.934156e-01   6.501354e-02
  3.107000e+00   2.527435e-01   6.469649e-02
  3.110000e+00   1.934156e-01   6.496106e-02
  3.113000e+00   2.510288e-01   6.511879e-02
  3.115000e+00   2.650892e-01   6.494717e-02
  3.118000e+00   2.211934e-01   6.469402e-02
  3.120000e+00   1.742112e-01   6.496586e-02
  3.123000e+00   1.951303e-01   6.496641e-02
  3.126000e+00   2.225652e-01   6.491848e-02
  3.128000e+00   1.803841e-01   6.492235e-02
  3.131000e+00   2.740055e-01   6.458822e-02
  3.133000e+00   3.909465e-02   6.484967e-02
  3.136000e+00   2.506859e-01   6.472370e-02
  3.138000e+00   2.054184e-01   6.473361e-02
  3.141000e+00   1.560357e-01   6.473796e-02
  3.144000e+00   3.844307e-01   6.564366e-02
  3.146000e+00   1.971879e-01   6.520885e-02
  3.149000e+00   2.633745e-01   6.531185e-02
  3.151000e+00   2.599451e-01   6.500915e-02
  3.154000e+00   8.676269e-02   6.479579e-02
  3.157000e+00   2.167353e-01   6.526805e-02
  3.159000e+00   2.043896e-01   6.512477e-02
  3.162000e+00   1.694102e-01   6.508150e-02
  3.164000e+00   9.465021e-02   6.508450e-02
  3.167000e+00   2.465706e-01   6.508016e-02
  3.169000e+00   2.256516e-01   6.510257e-02
  3.172000e+00   8.984911e-02   6.471058e-02
  3.175000e+00   2.640604e-01   6.503656e-02
  3.177000e+00   1.718107e-01   6.500676e-02
  3.180000e+00   2.225652e-01   6.487885e-02
  3.182000e+00   2.043896e-01   6.494077e-02
  3.185000e+00   2.143347e-01   6.484139e-02
  3.188000e+00   2.105624e-01   6.492513e-02
  3.190000e+00   2.842936e-01   6.485658e-02
  3.193000e+00   1.995885e-01   6.484305e-02
  3.195000e+00   2.037037e-01   6.498748e-02
  3.198000e+00   2.537723e-01   6.517305e-02
  3.201000e+00   1.543210e-01   6.506860e-02
  3.203000e+00   1.296296e-01   6.466837e-02
  3.206000e+00   2.654321e-01   6.504545e-02
  3.208000e+00   3.268176e-01   6.508713e-02
  3.211000e+00   2.805213e-01   6.544952e-02
  3.213000e+00   1.694102e-01   6.504173e-02
  3.216000e+00   2.633745e-01   6.530826e-02
  3.219000e+00   3.532236e-01   6.509757e-02
  3.221000e+00   2.222222e-01   6.489063e-02
  3.224000e+00   3.220165e-01   6.526004e-02
  3.226000e+00   2.626886e-01   6.499886e-02
  3.229000e+00   3.038409e-01   6.520874e-02
  3.232000e+00   3.861454e-01   6.544578e-02
  3.234000e+00   3.189300e-01   6.576886e-02
  3.237000e+00   1.848422e-01   6.520719e-02
  3.239000e+00   2.321674e-01   6.525940e-02
  3.242000e+00   1.820988e-01   6.475022e-02
  3.244000e+00   1.690672e-01   6.504317e-02
  3.247000e+00   1.848422e-01   6.530568e-02
  3.250000e+00   1.563786e-01   6.494597e-02
  3.252000e+00   1.738683e-01   6.493433e-02
  3.255000e+00   2.674897e-01   6.497483e-02
  3.257000e+00   3.693416e-01   6.538505e-02
  3.260000e+00   2.637174e-01   6.505879e-02
  3.263000e+00   1.779835e-01   6.545033e-02
  3.265000e+00   2.246228e-01   6.534005e-02
  3.268000e+00   1.827846e-01   6.528479e-02
  3.270000e+00   1.965021e-01   6.497820e-02
  3.273000e+00   2.493141e-01   6.539318e-02
  3.275000e+00   2.582305e-01   6.506141e-02
  3.278000e+00   2.006173e-01   6.523188e-02
  3.281000e+00   2.702332e-01   6.505134e-02
  3.283000e+00   2.349108e-01   6.490944e-02
  3.286000e+00   2.767490e-01   6.491733e-02
  3.288000e+00   2.565158e-01   6.511335e-02
  3.291000e+00   2.839506e-01   6.473933e-02
  3.294000e+00   2.973251e-01   6.525311e-02
  3.296000e+00   1.947874e-01   6.520178e-02
  3.299000e+00   2.009602e-01   6.506695e-02
  3.301000e+00   2.390261e-01   6.533988e-02
  3.304000e+00   1.927298e-01   6.509835e-02
  3.306000e+00   2.493141e-01   6.501529e-02
  3.309000e+00   2.647462e-01   6.520051e-02
  3.312000e+00   2.866941e-01   6.518859e-02
  3.314000e+00   3.782579e-01   6.510565e-02
  3.317000e+00   8.882030e-02   6.492931e-02
  3.319000e+00   2.990398e-01   6.556982e-02
  3.322000e+00   3.847737e-01   6.520395e-02
  3.325000e+00   1.656379e-01   6.517021e-02
  3.327000e+00   3.165295e-01   6.539770e-02
  3.330000e+00   2.081619e-01   6.499942e-02
  3.332000e+00   8.504801e-02   6.504914e-02
  3.335000e+00   9.670782e-02   6.495185e-02
  3.338000e+00   1.820988e-01   6.502554e-02
  3.340000e+00   3.302469e-01   6.543878e-02
  3.343000e+00   2.561728e-01   6.523355e-02
  3.345000e+00   2.115912e-01   6.480432e-02
  3.348000e+00   3.247599e-01   6.525783e-02
  3.350000e+00   2.750343e-01   6.520490e-02
  3.353000e+00   8.093278e-02   6.508554e-02
  3.356000e+00   2.307956e-01   6.497609e-02
  3.358000e+00   3.007545e-01   6.514497e-02
  3.361000e+00   3.148148e-01   6.536534e-02
  3.363000e+00   4.650206e-01   6.557211e-02
  3.366000e+00   3.233882e-01   6.522864e-02
  3.369000e+00   1.412894e-01   6.489819e-02
  3.371000e+00   2.716049e-01   6.515534e-02
  3.374000e+00   3.377915e-01   6.518694e-02
  3.376000e+00   3.473937e-01   6.547689e-02
  3.379000e+00   3.120713e-01   6.535636e-02
  3.381000e+00   2.736626e-01   6.528178e-02
  3.384000e+00   1.796982e-01   6.512219e-02
  3.387000e+00   2.554870e-01   6.506455e-02
  3.389000e+00   3.007545e-01   6.516289e-02
  3.392000e+00   3.309328e-01   6.540538e-02
  3.394000e+00   2.685185e-01   6.514450e-02
  3.397000e+00   2.866941e-01   6.525764e-02
  3.400000e+00   2.709191e-01   6.526217e-02
  3.402000e+00   2.685185e-01   6.517896e-02
  3.405000e+00   2.328532e-01   6.527719e-02
  3.407000e+00   2.163923e-01   6.518538e-02
  3.410000e+00   1.917010e-01   6.533678e-02
  3.412000e+00   3.175583e-01   6.562567e-02
  3.415000e+00   2.167353e-01   6.510905e-02
  3.418000e+00   2.719479e-01   6.552406e-02
  3.420000e+00   2.270233e-01   6.549698e-02
  3.423000e+00   2.074760e-01   6.491879e-02
  3.425000e+00   2.877229e-01   6.511807e-02
  3.428000e+00   2.211934e-01   6.517475e-02
  3.431000e+00   2.331962e-01   6.546841e-02
  3.433000e+00   3.432785e-01   6.519595e-02
  3.436000e+00   2.256516e-01   6.526742e-02
  3.438000e+00   3.007545e-01   6.526778e-02
  3.441000e+00   3.679698e-01   6.542981e-02
  3.443000e+00   3.062414e-01   6.518468e-02
  3.446000e+00   2.410837e-01   6.533748e-02
  3.449000e+00   2.791495e-01   6.546927e-02
  3.451000e+00   3.038409e-01   6.558770e-02
  3.454000e+00   2.825789e-01   6.554418e-02
  3.456000e+00   2.314815e-01   6.541000e-02
  3.459000e+00   2.750343e-01   6.546158e-02
  3.462000e+00   2.307956e-01   6.562764e-02
  3.464000e+00   2.733196e-01   6.529436e-02
  3.467000e+00   3.995199e-01   6.593064e-02
  3.469000e+00   2.417695e-01   6.502004e-02
  3.472000e+00   2.548011e-01   6.504768e-02
  3.474000e+00   1.910151e-01   6.504536e-02
  3.477000e+00   2.932099e-01   6.542403e-02
  3.480000e+00   2.510288e-01   6.526738e-02
  3.482000e+00   3.329904e-01   6.593915e-02
  3.485000e+00   4.211248e-01   6.553134e-02
  3.487000e+00   1.488340e-01   6.504786e-02
  3.490000e+00   2.304527e-01   6.520440e-02
  3.493000e+00   2.781207e-01   6.544266e-02
  3.495000e+00   3.161866e-01   6.579960e-02
  3.498000e+00   3.497942e-01   6.565826e-02
  3.500000e+00   3.487654e-01   6.536030e-02
  3.503000e+00   3.165295e-01   6.535239e-02
  3.506000e+00   3.371056e-01   6.554498e-02
  3.508000e+00   2.794925e-01   6.523261e-02
  3.511000e+00   1.786694e-01   6.495342e-02
  3.513000e+00   3.127572e-01   6.515078e-02
  3.516000e+00   3.227023e-01   6.548156e-02
  3.518000e+00   2.897805e-01   6.564453e-02
  3.521000e+00   1.982167e-01   6.531894e-02
  3.524000e+00   3.017833e-01   6.549178e-02
  3.526000e+00   3.672840e-01   6.536962e-02
  3.529000e+00   2.650892e-01   6.560144e-02
  3.531000e+00   2.071331e-01   6.536045e-02
  3.534000e+00   1.827846e-01   6.542783e-02
  3.537000e+00   2.373114e-01   6.516132e-02
  3.539000e+00   2.623457e-01   6.535974e-02
  3.542000e+00   3.254458e-01   6.535359e-02
  3.544000e+00   2.544582e-01   6.497133e-02
  3.547000e+00   2.668038e-01   6.556180e-02
  3.549000e+00   2.455418e-01   6.549058e-02
  3.552000e+00   3.820302e-01   6.554553e-02
  3.555000e+00   3.381344e-01   6.567454e-02
  3.557000e+00   2.914952e-01   6.536558e-02
  3.560000e+00   3.034979e-01   6.584892e-02
  3.562000e+00   3.089849e-01   7.464291e-02
  3.565000e+00   2.438272e-01   8.040362e-02
  3.568000e+00   3.360768e-01   8.672595e-02
  3.570000e+00   3.628258e-01   9.310756e-02
  3.573000e+00   3.834019e-01   1.002614e-01
  3.575000e+00   2.338820e-01   1.065511e-01
  3.578000e+00   3.398491e-01   1.166882e-01
  3.580000e+00   1.464335e-01   1.233068e-01
  3.583000e+00   2.191358e-01   1.383370e-01
  3.586000e+00   1.440329e-01   1.540244e-01
  3.588000e+00   1.313443e-01   1.080755e-01
  3.591000e+00   2.606310e-01   9.708829e-02
  3.593000e+00   3.545953e-01   9.073086e-02
  3.596000e+00   3.449931e-01   8.578048e-02
  3.599000e+00   1.803841e-01   8.251554e-02
  3.601000e+00   4.132373e-01   8.006490e-02
  3.604000e+00   2.829218e-01   7.772052e-02
  3.606000e+00   2.410837e-01   7.523292e-02
  3.609000e+00   4.441015e-01   7.402630e-02
  3.611000e+00   2.469136e-01   7.140568e-02
  3.614000e+00   2.551440e-01   6.981499e-02
  3.617000e+00   3.103567e-01   6.875043e-02
  3.619000e+00   4.242112e-01   6.818859e-02
  3.622000e+00   3.648834e-01   6.757287e-02
  3.624000e+00   1.406036e-01   6.662086e-02
  3.627000e+00   3.408779e-01   6.564329e-02
  3.630000e+00   2.208505e-01   6.548761e-02
  3.632000e+00   2.657750e-01   6.504535e-02
  3.635000e+00   3.871742e-01   6.465610e-02
  3.637000e+00   2.352538e-01   6.481376e-02
  3.640000e+00   3.216735e-01   6.488840e-02
  3.642000e+00   2.860082e-01   6.484695e-02
  3.645000e+00   2.685185e-01   6.449590e-02
  3.648000e+00   3.405350e-01   6.522649e-02
  3.650000e+00   2.054184e-01   6.474288e-02
  3.653000e+00   3.072702e-01   6.502453e-02
  3.655000e+00   3.309328e-01   6.508893e-02
  3.658000e+00   2.740055e-01   6.500084e-02
  3.661000e+00   1.639232e-01   6.483106e-02
  3.663000e+00   4.015775e-01   6.515333e-02
  3.666000e+00   3.960905e-01   6.541037e-02
  3.668000e+00   2.126200e-01   6.457763e-02
  3.671000e+00   3.552812e-01   6.488638e-02
  3.674000e+00   1.759259e-01   6.445391e-02
  3.676000e+00   2.222222e-01   6.470444e-02
  3.679000e+00   1.889575e-01   6.514243e-02
  3.681000e+00   2.733196e-01   6.457056e-02
  3.684000e+00   4.070645e-01   6.552466e-02
  3.686000e+00   2.246228e-01   6.507938e-02
  3.689000e+00   3.539095e-01   6.496942e-02
  3.692000e+00   2.877229e-01   6.503785e-02
  3.694000e+00   2.760631e-01   6.499096e-02
  3.697000e+00   2.589163e-01   6.490000e-02
  3.699000e+00   2.983539e-01   6.461936e-02
  3.702000e+00   4.564472e-01   6.566687e-02
  3.705000e+00   3.323045e-01   6.523080e-02
  3.707000e+00   3.141289e-01   6.488236e-02
  3.710000e+00   4.012346e-01   6.535147e-02
  3.712000e+00   2.548011e-01   6.499229e-02
  3.715000e+00   2.956104e-01   6.505709e-02
  3.717000e+00   3.782579e-01   6.515914e-02
  3.720000e+00   1.910151e-01   6.483133e-02
  3.723000e+00   2.054184e-01   6.465228e-02
  3.725000e+00   1.299726e-01   6.472807e-02
  3.728000e+00   3.048697e-01   6.464620e-02
  3.730000e+00   3.377915e-01   6.496100e-02
  3.733000e+00   2.781207e-01   6.437200e-02
  3.736000e+00   2.716049e-01   6.504794e-02
  3.738000e+00   2.877229e-01   6.518952e-02
  3.741000e+00   2.705761e-01   6.535313e-02
  3.743000e+00   2.544582e-01   6.501612e-02
  3.746000e+00   2.880658e-01   6.508639e-02
  3.748000e+00   4.056927e-01   6.513643e-02
  3.751000e+00   3.017833e-01   6.474295e-02
  3.754000e+00   2.506859e-01   6.505774e-02
  3.756000e+00   3.364198e-01   6.507989e-02
  3.759000e+00   2.757202e-01   6.462462e-02
  3.761000e+00   4.152949e-01   6.519318e-02
  3.764000e+00   3.995199e-01   6.507716e-02
  3.767000e+00   1.248285e-01   6.468812e-02
  3.769000e+00   3.810014e-01   6.530192e-02
  3.772000e+00   3.487654e-01   6.506044e-02
  3.774000e+00   2.784636e-01   6.479907e-02
  3.777000e+00   2.122771e-01   6.419879e-02
  3.779000e+00   2.201646e-01   6.458874e-02
  3.782000e+00   3.501372e-01   6.490305e-02
  3.785000e+00   1.292867e-01   6.472695e-02
  3.787000e+00   3.659122e-01   6.508675e-02
  3.790000e+00   3.100137e-01   6.500966e-02
  3.792000e+00   2.640604e-01   6.492888e-02
  3.795000e+00   2.215364e-01   6.471538e-02
  3.798000e+00   2.311385e-01   6.491638e-02
  3.800000e+00   2.918381e-01   6.515373e-02
  3.803000e+00   3.343621e-01   6.479414e-02
  3.805000e+00   3.875171e-01   6.519520e-02
  3.808000e+00   2.966392e-01   6.499077e-02
  3.810000e+00   1.560357e-01   6.482657e-02
  3.813000e+00   3.024691e-01   6.492898e-02
  3.816000e+00   3.566529e-01   6.491528e-02
  3.818000e+00   2.698903e-01   6.551466e-02
  3.821000e+00   2.427984e-01   6.489791e-02
  3.823000e+00   2.990398e-01   6.505420e-02
  3.826000e+00   3.131001e-01   6.494450e-02
  3.829000e+00   3.278464e-01   6.516687e-02
  3.831000e+00   2.290809e-01   6.419007e-02
  3.834000e+00   3.669410e-01   6.490775e-02
  3.836000e+00   2.897805e-01   6.487539e-02
  3.839000e+00   2.047325e-01   6.504870e-02
  3.842000e+00   3.326475e-01   6.539133e-02
  3.844000e+00   2.167353e-01   6.516424e-02
  3.847000e+00   1.560357e-01   6.474310e-02
  3.849000e+00   3.254458e-01   6.507930e-02
  3.852000e+00   2.352538e-01   6.506336e-02
  3.854000e+00   2.842936e-01   6.475424e-02
  3.857000e+00   4.780521e-01   6.532931e-02
  3.860000e+00   2.894376e-01   6.499719e-02
  3.862000e+00   2.935528e-01   6.516842e-02
  3.865000e+00   3.395062e-01   6.482187e-02
  3.867000e+00   1.344307e-01   6.461723e-02
  3.870000e+00   2.616598e-01   6.521931e-02
  3.873000e+00   2.832647e-01   6.481807e-02
  3.875000e+00   3.127572e-01   6.498872e-02
  3.878000e+00   2.500000e-01   6.504638e-02
  3.880000e+00   3.696845e-01   6.506697e-02
  3.883000e+00   2.249657e-01   6.467440e-02
  3.885000e+00   2.685185e-01   6.487531e-02
  3.888000e+00   3.089849e-01   6.503964e-02
  3.891000e+00   2.606310e-01   6.529536e-02
  3.893000e+00   2.822359e-01   6.514636e-02
  3.896000e+00   2.860082e-01   6.494720e-02
  3.898000e+00   2.894376e-01   6.537535e-02
  3.901000e+00   3.299040e-01   6.513988e-02
  3.904000e+00   3.868313e-01   6.540022e-02
  3.906000e+00   3.381344e-01   6.476342e-02
  3.909000e+00   1.800412e-01   6.459867e-02
  3.911000e+00   1.958162e-01   6.480251e-02
  3.914000e+00   2.369684e-01   6.459824e-02
  3.916000e+00   3.216735e-01   6.514221e-02
  3.919000e+00   3.165295e-01   6.516347e-02
  3.922000e+00   2.119342e-01   6.464477e-02
  3.924000e+00   2.935528e-01   6.489385e-02
  3.927000e+00   2.458848e-01   6.510226e-02
  3.929000e+00   3.278464e-01   6.503536e-02
  3.932000e+00   3.161866e-01   6.473209e-02
  3.935000e+00   2.719479e-01   6.499343e-02
  3.937000e+00   3.117284e-01   6.500455e-02
  3.940000e+00   2.613169e-01   6.486080e-02
  3.942000e+00   1.553498e-01   6.463855e-02
  3.945000e+00   2.798354e-01   6.517536e-02
  3.947000e+00   3.055556e-01   6.481949e-02
  3.950000e+00   2.376543e-01   6.526342e-02
  3.953000e+00   3.213306e-01   6.484316e-02
  3.955000e+00   2.112483e-01   6.451431e-02
  3.958000e+00   2.194787e-01   6.513639e-02
  3.960000e+00   2.911523e-01   6.500364e-02
  3.963000e+00   3.491084e-01   6.543748e-02
  3.966000e+00   1.882716e-01   6.509171e-02
  3.968000e+00   2.037037e-01   6.469624e-02
  3.971000e+00   1.889575e-01   6.492812e-02
  3.973000e+00   2.417695e-01   6.493540e-02
  3.976000e+00   2.424554e-01   6.473882e-02
  3.978000e+00   2.386831e-01   6.474787e-02
  3.981000e+00   2.524005e-01   6.537628e-02
  3.984000e+00   3.484225e-01   6.510968e-02
  3.986000e+00   3.374486e-01   6.566868e-02
  3.989000e+00   2.527435e-01   6.510274e-02
  3.991000e+00   2.884088e-01   6.500601e-02
  3.994000e+00   2.277092e-01   6.458427e-02
  3.997000e+00   2.482853e-01   6.466978e-02
  3.999000e+00   2.681756e-01   6.499176e-02
  4.002000e+00   3.014403e-01   6.497209e-02
  4.004000e+00   3.254458e-01   6.484453e-02
  4.007000e+00   1.467764e-01   6.494845e-02
  4.010000e+00   2.037037e-01   6.487475e-02
  4.012000e+00   3.319616e-01   6.509708e-02
  4.015000e+00   2.126200e-01   6.514285e-02
  4.017000e+00   3.288752e-01   6.492513e-02
  4.020000e+00   4.135802e-01   6.521414e-02
  4.022000e+00   3.652263e-01   6.544501e-02
  4.025000e+00   2.949246e-01   6.497033e-02
  4.028000e+00   2.952675e-01   6.521021e-02
  4.030000e+00   3.549383e-01   6.530786e-02
  4.033000e+00   2.722908e-01   6.483977e-02
  4.035000e+00   2.558299e-01   6.475092e-02
  4.038000e+00   2.966392e-01   6.502228e-02
  4.041000e+00   3.597394e-01   6.504807e-02
  4.043000e+00   1.241427e-01   6.466909e-02
  4.046000e+00   4.022634e-01   6.525605e-02
  4.048000e+00   3.017833e-01   6.442623e-02
  4.051000e+00   3.285322e-01   6.513804e-02
  4.053000e+00   2.465706e-01   6.466320e-02
  4.056000e+00   4.290123e-01   6.556276e-02
  4.059000e+00   2.836077e-01   6.529005e-02
  4.061000e+00   2.668038e-01   6.511222e-02
  4.064000e+00   2.712620e-01   6.532860e-02
  4.066000e+00   3.693416e-01   6.561890e-02
  4.069000e+00   2.808642e-01   6.494834e-02
  4.072000e+00   2.421125e-01   6.448739e-02
  4.074000e+00   1.875857e-01   6.519748e-02
  4.077000e+00   2.575446e-01   6.474195e-02
  4.079000e+00   1.865569e-01   6.499764e-02
  4.082000e+00   2.633745e-01   6.471551e-02
  4.084000e+00   2.122771e-01   6.467066e-02
  4.087000e+00   1.440329e-01   6.488816e-02
  4.090000e+00   2.764060e-01   6.494827e-02
  4.092000e+00   1.875857e-01   6.484643e-02
  4.095000e+00   1.519204e-01   6.482387e-02
  4.097000e+00   2.890947e-01   6.517041e-02
  4.100000e+00   2.067901e-01   6.490333e-02
  4.103000e+00   3.765432e-01   6.501250e-02
  4.105000e+00   2.993827e-01   6.528248e-02
  4.108000e+00   2.424554e-01   6.473698e-02
  4.110000e+00   1.536351e-01   6.491428e-02
  4.113000e+00   1.515775e-01   6.504206e-02
  4.115000e+00   1.714678e-01   6.493359e-02
  4.118000e+00   1.735254e-01   6.514322e-02
  4.121000e+00   1.742112e-01   6.455299e-02
  4.123000e+00   1.913580e-01   6.507276e-02
  4.126000e+00   2.475995e-01   6.507200e-02
  4.128000e+00   1.008230e-01   6.483811e-02
  4.131000e+00   2.167353e-01   6.483615e-02
  4.134000e+00   1.817558e-01   6.440477e-02
  4.136000e+00   3.168724e-01   6.495546e-02
  4.139000e+00   2.853224e-01   6.468221e-02
  4.141000e+00   3.412209e-01   6.504871e-02
  4.144000e+00   1.858711e-01   6.516679e-02
  4.147000e+00   1.766118e-01   6.500797e-02
  4.149000e+00   3.106996e-01   6.549398e-02
  4.152000e+00   2.263374e-01   6.538542e-02
  4.154000e+00   3.134431e-01   6.545082e-02
  4.157000e+00   1.827846e-01   6.515536e-02
  4.159000e+00   3.100137e-01   6.553535e-02
  4.162000e+00   3.350480e-01   6.552457e-02
  4.165000e+00   2.174211e-01   6.535599e-02
  4.167000e+00   1.827846e-01   6.541163e-02
  4.170000e+00   2.524005e-01   6.534912e-02
  4.172000e+00   2.314815e-01   6.561399e-02
  4.175000e+00   2.167353e-01   6.557584e-02
  4.178000e+00   3.347051e-01   6.587742e-02
  4.180000e+00   3.014403e-01   6.551376e-02
  4.183000e+00   2.894376e-01   6.541542e-02
  4.185000e+00   2.678326e-01   6.524787e-02
  4.188000e+00   1.124829e-01   6.511516e-02
  4.190000e+00   2.637174e-01   6.514613e-02
  4.193000e+00   2.983539e-01   6.574576e-02
  4.196000e+00   2.445130e-01   6.551417e-02
  4.198000e+00   1.728395e-01   6.540093e-02
  4.201000e+00   3.041838e-01   6.540770e-02
  4.203000e+00   1.776406e-01   6.563266e-02
  4.206000e+00   2.496571e-01   6.531914e-02
  4.209000e+00   1.340878e-01   6.530560e-02
  4.211000e+00   3.206447e-01   6.569032e-02
  4.214000e+00   3.912894e-01   6.573505e-02
  4.216000e+00   2.993827e-01   6.555920e-02
  4.219000e+00   1.440329e-01   6.529040e-02
  4.221000e+00   5.864198e-02   6.510837e-02
  4.224000e+00   2.829218e-01   6.567889e-02
  4.227000e+00   2.664609e-01   6.563922e-02
  4.229000e+00   2.222222e-01   6.569384e-02
  4.232000e+00   3.158436e-01   6.573764e-02
  4.234000e+00   2.969822e-01   6.553125e-02
  4.237000e+00   3.196159e-01   6.578097e-02
  4.240000e+00   2.818930e-01   6.539532e-02
  4.242000e+00   2.815501e-01   6.547395e-02
  4.245000e+00   3.302469e-01   6.575770e-02
  4.247000e+00   2.674897e-01   6.550166e-02
  4.250000e+00   2.383402e-01   6.542867e-02
  4.252000e+00   1.522634e-01   6.499731e-02
  4.255000e+00   2.047325e-01   6.560842e-02
  4.258000e+00   2.352538e-01   6.547425e-02
  4.260000e+00   1.759259e-01   6.547005e-02
  4.263000e+00   2.901235e-01   6.581539e-02
  4.265000e+00   3.319616e-01   6.579676e-02
  4.268000e+00   2.379973e-01   6.581477e-02
  4.271000e+00   2.475995e-01   6.515716e-02
  4.273000e+00   2.945816e-01   6.565739e-02
  4.276000e+00   2.201646e-01   6.561598e-02
  4.278000e+00   1.402606e-01   6.530073e-02
  4.281000e+00   9.910837e-02   6.515886e-02
  4.283000e+00   2.757202e-01   6.564111e-02
  4.286000e+00   2.414266e-01   6.524606e-02
  4.289000e+00   2.403978e-01   6.547351e-02
  4.291000e+00   2.520576e-01   6.523726e-02
  4.294000e+00   2.424554e-01   6.527276e-02
  4.296000e+00   2.520576e-01   6.566672e-02
  4.299000e+00   2.218793e-01   6.537370e-02
  4.302000e+00   2.455418e-01   6.569195e-02
  4.304000e+00   2.805213e-01   6.530645e-02
  4.307000e+00   2.650892e-01   6.547288e-02
  4.309000e+00   1.310014e-01   6.520901e-02
  4.312000e+00   1.762689e-01   6.542724e-02
  4.314000e+00   2.801783e-01   6.567298e-02
  4.317000e+00   2.187929e-01   6.561417e-02
  4.320000e+00   2.578875e-01   6.545143e-02
  4.322000e+00   1.340878e-01   6.526049e-02
  4.325000e+00   2.335391e-01   6.545993e-02
  4.327000e+00   2.572016e-01   6.553221e-02
  4.330000e+00   1.457476e-01   6.548295e-02
  4.333000e+00   2.534294e-01   6.549971e-02
  4.335000e+00   3.731139e-01   6.578989e-02
  4.338000e+00   1.995885e-01   6.551022e-02
  4.340000e+00   2.455418e-01   6.561713e-02
  4.343000e+00   2.427984e-01   6.571701e-02
  4.346000e+00   2.503429e-01   6.599896e-02
  4.348000e+00   1.464335e-01   6.503704e-02
  4.351000e+00   1.450617e-01   6.556067e-02
  4.353000e+00   3.305898e-01   6.555204e-02
  4.356000e+00   3.137860e-01   6.586941e-02
  4.358000e+00   2.229081e-01   6.561756e-02
  4.361000e+00   1.457476e-01   6.555059e-02
  4.364000e+00   2.784636e-01   6.562572e-02
  4.366000e+00   2.421125e-01   6.588711e-02
  4.369000e+00   2.325103e-01   6.572841e-02
  4.371000e+00   3.285322e-01   6.618049e-02
  4.374000e+00   2.698903e-01   6.599466e-02
  4.377000e+00   2.061043e-01   6.545492e-02
  4.379000e+00   1.941015e-01   6.548421e-02
  4.382000e+00   1.488340e-01   6.493112e-02
  4.384000e+00   2.911523e-01   6.546263e-02
  4.387000e+00   3.134431e-01   6.574085e-02
  4.389000e+00   2.863512e-01   6.572309e-02
  4.392000e+00   1.889575e-01   6.552115e-02
  4.395000e+00   2.222222e-01   6.540558e-02
  4.397000e+00   2.596022e-01   6.534307e-02
  4.400000e+00   2.849794e-01   6.546132e-02
  4.402000e+00   2.338820e-01   6.521658e-02
  4.405000e+00   1.512346e-01   6.546469e-02
  4.408000e+00   1.906722e-01   6.565642e-02
  4.410000e+00   1.930727e-01   6.545100e-02
  4.413000e+00   1.676955e-01   6.511554e-02
  4.415000e+00   2.345679e-01   6.546043e-02
  4.418000e+00   1.546639e-01   6.547288e-02
  4.420000e+00   3.950617e-01   6.605620e-02
  4.423000e+00   1.676955e-01   6.545396e-02
  4.426000e+00   2.105624e-01   6.515217e-02
  4.428000e+00   1.457476e-01   6.543990e-02
  4.431000e+00   2.805213e-01   6.553872e-02
  4.433000e+00   2.770919e-01   6.569085e-02
  4.436000e+00   1.738683e-01   6.548986e-02
  4.439000e+00   2.146776e-01   6.557632e-02
  4.441000e+00   3.676269e-01   6.562877e-02
  4.444000e+00   1.587791e-01   6.557687e-02
  4.446000e+00   1.965021e-01   6.541096e-02
  4.449000e+00   2.534294e-01   6.501894e-02
  4.451000e+00   1.491770e-01   6.559322e-02
  4.454000e+00   2.551440e-01   6.572716e-02
  4.457000e+00   1.412894e-01   6.484804e-02
  4.459000e+00   2.887517e-01   6.567248e-02
  4.462000e+00   1.097394e-01   6.560159e-02
  4.464000e+00   2.139918e-01   6.567752e-02
  4.467000e+00   2.352538e-01   6.541488e-02
  4.470000e+00   6.310014e-02   6.529449e-02
  4.472000e+00   1.868999e-01   6.560624e-02
  4.475000e+00   2.397119e-01   6.559590e-02
  4.477000e+00   2.074760e-01   6.578624e-02
  4.480000e+00   8.299040e-02   6.558849e-02
  4.483000e+00   1.803841e-01   6.548414e-02
  4.485000e+00   1.659808e-01   6.542284e-02
  4.488000e+00   2.427984e-01   6.541193e-02
  4.490000e+00   1.306584e-01   6.552387e-02
  4.493000e+00   9.156379e-02   6.535490e-02
  4.495000e+00   5.246914e-02   6.503733e-02
  4.498000e+00   2.818930e-01   6.579779e-02
  4.501000e+00   2.513717e-01   6.506073e-02
  4.503000e+00   1.532922e-01   6.561609e-02
  4.506000e+00   2.002743e-01   6.577207e-02
  4.508000e+00   2.517147e-01   6.551995e-02
  4.511000e+00   2.678326e-01   6.531956e-02
  4.514000e+00   2.105624e-01   6.535209e-02
  4.516000e+00   1.165981e-01   6.546259e-02
  4.519000e+00   1.594650e-01   6.527354e-02
  4.521000e+00   2.510288e-01   6.551676e-02
  4.524000e+00   2.599451e-01   6.634476e-02
  4.526000e+00   1.550069e-01   6.568466e-02
  4.529000e+00   2.057613e-01   6.605844e-02
  4.532000e+00   1.292867e-01   6.561508e-02
  4.534000e+00   2.712620e-01   6.586497e-02
  4.537000e+00   1.930727e-01   6.556667e-02
  4.539000e+00   1.474623e-01   6.534314e-02
  4.542000e+00   2.397119e-01   6.569003e-02
  4.545000e+00   7.133059e-02   6.557122e-02
  4.547000e+00   1.399177e-01   6.564582e-02
  4.550000e+00   2.856653e-01   6.593209e-02
  4.552000e+00   2.349108e-01   6.561674e-02
  4.555000e+00   1.464335e-01   6.535898e-02
  4.557000e+00   1.742112e-01   6.564247e-02
  4.560000e+00   1.862140e-01   6.552251e-02
  4.563000e+00   2.722908e-01   6.577010e-02
  4.565000e+00   2.294239e-01   6.523557e-02
  4.568000e+00   1.265432e-01   6.544546e-02
  4.570000e+00   2.112483e-01   6.559768e-02
  4.573000e+00   1.817558e-01   6.524329e-02
  4.576000e+00   9.327846e-02   6.552433e-02
  4.578000e+00   2.884088e-01   6.585034e-02
  4.581000e+00   2.664609e-01   6.577661e-02
  4.583000e+00   2.311385e-01   6.568299e-02
  4.586000e+00   1.268861e-01   6.549374e-02
  4.588000e+00   1.995885e-01   6.543517e-02
  4.591000e+00   2.129630e-01   6.548438e-02
  4.594000e+00   1.982167e-01   6.535870e-02
  4.596000e+00   1.704390e-01   6.571789e-02
  4.599000e+00   2.767490e-01   6.612336e-02
  4.601000e+00   2.026749e-01   6.546951e-02
  4.604000e+00   1.944444e-01   6.547466e-02
  4.607000e+00   1.478052e-01   6.542812e-02
  4.609000e+00   1.862140e-01   6.586774e-02
  4.612000e+00   1.402606e-01   6.561523e-02
  4.614000e+00   2.668038e-01   6.578273e-02
  4.617000e+00   2.016461e-01   6.518975e-02
  4.619000e+00   2.153635e-01   6.556890e-02
  4.622000e+00   7.475995e-02   6.562999e-02
  4.625000e+00   1.536351e-01   6.562936e-02
  4.627000e+00   1.930727e-01   6.579634e-02
  4.630000e+00   3.312757e-01   6.594562e-02
  4.632000e+00   2.373114e-01   6.568811e-02
  4.635000e+00   2.266804e-01   6.585226e-02
  4.638000e+00   2.349108e-01   6.547272e-02
  4.640000e+00   1.059671e-01   6.530669e-02
  4.643000e+00   2.064472e-01   6.584466e-02
  4.645000e+00   1.165981e-01   6.534982e-02
  4.648000e+00   2.740055e-01   6.605829e-02
  4.651000e+00   3.120713e-01   6.621949e-02
  4.653000e+00   1.570645e-01   6.565698e-02
  4.656000e+00   1.145405e-01   6.547255e-02
  4.658000e+00   2.887517e-01   6.566344e-02
  4.661000e+00   1.855281e-01   6.562984e-02
  4.663000e+00   7.030178e-02   6.547634e-02
  4.666000e+00   2.925240e-01   6.590957e-02
  4.669000e+00   1.550069e-01   6.524654e-02
  4.671000e+00   2.078189e-01   6.555786e-02
  4.674000e+00   2.335391e-01   6.553768e-02
  4.676000e+00   2.211934e-01   6.543438e-02
  4.679000e+00   2.057613e-01   6.586435e-02
  4.682000e+00   1.683813e-01   6.603601e-02
  4.684000e+00   1.577503e-01   6.577078e-02
  4.687000e+00   1.687243e-01   6.597112e-02
  4.689000e+00   2.218793e-01   6.599650e-02
  4.692000e+00   7.441701e-02   6.534016e-02
  4.694000e+00   1.097394e-01   6.552646e-02
  4.697000e+00   2.222222e-01   6.573337e-02
  4.700000e+00   1.529492e-01   6.544894e-02
  4.702000e+00   2.229081e-01   6.623942e-02
  4.705000e+00   2.503429e-02   6.528021e-02
  4.707000e+00   1.268861e-01   6.529601e-02
  4.710000e+00   1.844993e-01   6.574971e-02
  4.713000e+00   2.115912e-01   6.579829e-02
  4.715000e+00   2.071331e-01   6.551968e-02
  4.718000e+00   1.028807e-01   6.550032e-02
  4.720000e+00   2.033608e-01   6.546883e-02
  4.723000e+00   1.591221e-01   6.540321e-02
  4.725000e+00   1.056241e-01   6.553741e-02
  4.728000e+00   1.862140e-01   6.541167e-02
  4.731000e+00   1.258573e-01   6.544561e-02
  4.733000e+00   8.916324e-02   6.562535e-02
  4.736000e+00   2.013032e-01   6.558465e-02
  4.738000e+00   1.193416e-01   6.576037e-02
  4.741000e+00   2.794925e-01   6.594198e-02
  4.744000e+00   1.793553e-01   6.587992e-02
  4.746000e+00   2.085048e-01   6.552885e-02
  4.749000e+00   2.921811e-01   6.565782e-02
  4.751000e+00   1.803841e-01   6.589359e-02
  4.754000e+00   1.107682e-01   6.552933e-02
  4.756000e+00   2.043896e-01   6.585857e-02
  4.759000e+00   2.500000e-01   6.595905e-02
  4.762000e+00   1.364883e-01   6.564365e-02
  4.764000e+00   1.334019e-01   6.567121e-02
  4.767000e+00   1.498628e-01   6.552306e-02
  4.769000e+00   1.803841e-01   6.593516e-02
  4.772000e+00   2.102195e-01   6.591907e-02
  4.775000e+00   2.150206e-01   6.576609e-02
  4.777000e+00   9.979424e-02   6.528578e-02
  4.780000e+00   2.301097e-01   6.558390e-02
  4.782000e+00   1.330590e-01   6.567597e-02
  4.785000e+00   2.746914e-01   6.578897e-02
  4.787000e+00   1.697531e-01   6.579106e-02
  4.790000e+00   1.687243e-01   6.569466e-02
  4.793000e+00   2.890947e-01   6.572206e-02
  4.795000e+00   1.618656e-01   6.539370e-02
  4.798000e+00   2.287380e-01   6.574325e-02
  4.800000e+00   2.733196e-01   6.600624e-02
  4.803000e+00   1.796982e-01   6.588793e-02
  4.806000e+00   6.275720e-02   6.565564e-02
  4.808000e+00   3.377915e-01   6.593765e-02
  4.811000e+00   1.526063e-01   6.557539e-02
  4.813000e+00   7.510288e-02   6.563191e-02
  4.816000e+00   1.831276e-01   6.546416e-02
  4.819000e+00   2.674897e-01   6.611763e-02
  4.821000e+00   5.761317e-02   6.536140e-02
  4.824000e+00   1.502058e-01   6.588021e-02
  4.826000e+00   2.287380e-01   6.598679e-02
  4.829000e+00   1.673525e-01   6.557785e-02
  4.831000e+00   6.893004e-02   6.582401e-02
  4.834000e+00   2.407407e-01   6.564663e-02
  4.837000e+00   7.681756e-02   6.583529e-02
  4.839000e+00   1.474623e-01   7.785621e-02
  4.842000e+00  -1.063100e-02   8.602040e-02
  4.844000e+00   2.033608e-01   9.588663e-02
  4.847000e+00   4.801097e-01   1.071606e-01
  4.850000e+00   3.628258e-01   1.186491e-01
  4.852000e+00   1.478052e-01   1.344726e-01
  4.855000e+00   2.349108e-01   1.593207e-01
  4.857000e+00   3.830590e-01   2.007776e-01
  4.860000e+00  -9.362140e-02   2.423619e-01
  4.862000e+00   1.124829e-01   1.168675e-01
  4.865000e+00   1.018519e-01   1.001700e-01
  4.868000e+00   2.194787e-02   9.112217e-02
  4.870000e+00   3.052126e-02   8.460520e-02
  4.873000e+00   1.889575e-01   7.973609e-02
  4.875000e+00   1.532922e-01   7.529082e-02
  4.878000e+00   1.498628e-01   7.225421e-02
  4.881000e+00   1.628944e-01   7.012842e-02
  4.883000e+00   3.165295e-01   6.879700e-02
  4.886000e+00   1.995885e-01   6.758856e-02
  4.888000e+00   2.842936e-01   6.662158e-02
  4.891000e+00   1.286008e-01   6.588968e-02
  4.893000e+00   2.606310e-01   6.614193e-02
  4.896000e+00   2.880658e-01   6.623401e-02
  4.899000e+00   1.282579e-01   6.569849e-02
  4.901000e+00   1.460905e-01   6.634593e-02
  4.904000e+00   1.642661e-01   6.650796e-02
  4.906000e+00   4.320988e-02   6.587499e-02
  4.909000e+00   1.982167e-01   6.575701e-02
  4.912000e+00   1.505487e-01   6.616177e-02
  4.914000e+00   1.502058e-01   6.617291e-02
  4.917000e+00   2.229081e-01   6.589912e-02
  4.919000e+00   5.624143e-02   6.550908e-02
  4.922000e+00   1.337449e-01   6.604765e-02
  4.924000e+00   1.786694e-01   6.602636e-02
  4.927000e+00   1.961591e-01   6.649593e-02
  4.930000e+00   2.482853e-01   6.626737e-02
  4.932000e+00   2.270233e-01   6.620240e-02
  4.935000e+00   2.136488e-01   6.599781e-02
  4.937000e+00   1.591221e-01   6.621082e-02
  4.940000e+00   2.489712e-01   6.600029e-02
  4.943000e+00   2.040466e-01   6.591591e-02
  4.945000e+00   1.724966e-01   6.618942e-02
  4.948000e+00   2.657750e-01   6.634716e-02
  4.950000e+00   2.890947e-01   6.649951e-02
  4.953000e+00   1.481481e-01   6.574117e-02
  4.956000e+00   1.045953e-01   6.585697e-02
  4.958000e+00   1.796982e-01   6.627380e-02
  4.961000e+00   2.074760e-01   6.613010e-02
  4.963000e+00   5.246914e-02   6.581107e-02
  4.966000e+00   5.075446e-02   6.574945e-02
  4.968000e+00   1.529492e-01   6.564774e-02
  4.971000e+00   2.825789e-01   6.630756e-02
  4.974000e+00   2.019890e-01   6.601591e-02
  4.976000e+00   1.471193e-01   6.604014e-02
  4.979000e+00   1.910151e-01   6.617198e-02
  4.981000e+00   1.913580e-01   6.583765e-02
  4.984000e+00   2.472565e-01   6.603026e-02
  4.987000e+00   2.709191e-01   6.605246e-02
  4.989000e+00   6.207133e-02   6.553427e-02
  4.992000e+00   1.694102e-01   6.623543e-02
  4.994000e+00   2.352538e-01   6.613064e-02
  4.997000e+00   2.729767e-01   6.650209e-02
  4.999000e+00   1.766118e-01   6.612328e-02
  5.002000e+00   1.752401e-01   6.616128e-02
  5.005000e+00   9.019204e-02   6.601425e-02
  5.007000e+00   1.344307e-01   6.594908e-02
  5.010000e+00   1.930727e-01   6.599889e-02
  5.012000e+00   1.766118e-01   6.607099e-02
  5.015000e+00   2.325103e-01   6.651252e-02
  5.018000e+00   2.441701e-01   6.669122e-02
  5.020000e+00   1.508916e-01   6.624066e-02
  5.023000e+00   8.230453e-02   6.617837e-02
  5.025000e+00   1.512346e-01   6.589517e-02
  5.028000e+00   1.817558e-01   6.634829e-02
  5.030000e+00   1.313443e-01   6.638026e-02
  5.033000e+00   1.303155e-01   6.626551e-02
  5.036000e+00   2.836077e-01   6.632974e-02
  5.038000e+00   1.416324e-01   6.609827e-02
  5.041000e+00   1.903292e-01   6.612883e-02
  5.043000e+00   2.235940e-01   6.617556e-02
  5.046000e+00   1.608368e-01   6.603582e-02
  5.049000e+00   1.172840e-01   6.620579e-02
  5.051000e+00   1.045953e-01   6.607464e-02
  5.054000e+00   4.499314e-01   6.705064e-02
  5.056000e+00   1.649520e-01   6.611236e-02
  5.059000e+00   1.515775e-01   6.635576e-02
  5.061000e+00   2.071331e-01   6.570711e-02
  5.064000e+00   1.903292e-01   6.631804e-02
  5.067000e+00   1.176269e-01   7.863295e-02
  5.069000e+00   2.928669e-01   8.761154e-02
  5.072000e+00   1.097394e-01   9.725612e-02
  5.074000e+00   2.174211e-01   8.119565e-02
  5.077000e+00   1.279150e-01   7.811388e-02
  5.080000e+00   2.304527e-01   7.636940e-02
  5.082000e+00   2.722908e-01   7.514988e-02
  5.085000e+00   1.008230e-01   7.411831e-02
  5.087000e+00   1.687243e-01   7.235398e-02
  5.090000e+00   2.023320e-01   7.060674e-02
  5.092000e+00   2.146776e-01   6.952280e-02
  5.095000e+00   2.407407e-01   6.816844e-02
  5.098000e+00   1.196845e-01   6.688453e-02
  5.100000e+00   1.587791e-01   6.647239e-02
  5.103000e+00   1.690672e-01   6.641343e-02
  5.105000e+00   2.314815e-01   6.635460e-02
  5.108000e+00   2.040466e-01   6.649945e-02
  5.111000e+00   1.375171e-01   6.616641e-02
  5.113000e+00   1.296296e-01   6.598413e-02
  5.116000e+00   6.241427e-02   6.617313e-02
  5.118000e+00   1.176269e-01   6.624723e-02
  5.121000e+00   1.474623e-01   6.618213e-02
  5.123000e+00   1.176269e-01   6.584077e-02
  5.126000e+00   2.482853e-01   6.610903e-02
  5.129000e+00   1.910151e-01   6.611494e-02
  5.131000e+00   1.632373e-01   6.620831e-02
  5.134000e+00   2.174211e-01   6.617278e-02
  5.136000e+00   1.930727e-01   6.631528e-02
  5.139000e+00   1.382030e-01   6.641214e-02
  5.142000e+00   1.169410e-01   6.612458e-02
  5.144000e+00   1.766118e-01   6.621147e-02
  5.147000e+00   1.303155e-01   6.610739e-02
  5.149000e+00   1.824417e-01   6.646225e-02
  5.152000e+00   1.598080e-01   6.627575e-02
  5.155000e+00   1.656379e-01   6.614492e-02
  5.157000e+00   1.155693e-01   6.581353e-02
  5.160000e+00   1.265432e-01   6.575824e-02
  5.162000e+00   3.364198e-01   6.654433e-02
  5.165000e+00   1.371742e-01   6.605381e-02
  5.167000e+00   1.351166e-01   6.629845e-02
  5.170000e+00   1.546639e-01   6.627536e-02
  5.173000e+00   2.448560e-01   6.641542e-02
  5.175000e+00   1.196845e-01   6.607403e-02
  5.178000e+00   1.639232e-01   6.606778e-02
  5.180000e+00   1.992455e-01   6.636248e-02
  5.183000e+00   1.879287e-01   6.634130e-02
  5.186000e+00   1.478052e-01   6.606926e-02
  5.188000e+00   2.973251e-01   6.639348e-02
  5.191000e+00   2.033608e-01   6.626447e-02
  5.193000e+00   3.199588e-01   6.649455e-02
  5.196000e+00   1.426612e-01   6.616240e-02
  5.198000e+00   2.304527e-01   6.626479e-02
  5.201000e+00   1.735254e-01   6.628092e-02
  5.204000e+00   2.249657e-01   6.635882e-02
  5.206000e+00   2.102195e-01   6.618484e-02
  5.209000e+00   2.798354e-01   6.627822e-02
  5.211000e+00   1.930727e-01   6.600889e-02
  5.214000e+00   1.646091e-01   6.602145e-02
  5.217000e+00   1.930727e-01   6.611790e-02
  5.219000e+00   1.107682e-01   6.601429e-02
  5.222000e+00   2.218793e-01   6.601639e-02
  5.224000e+00   2.102195e-01   6.640674e-02
  5.227000e+00   3.124143e-01   6.629409e-02
  5.229000e+00   1.893004e-01   6.673147e-02
  5.232000e+00   1.087106e-01   6.593144e-02
  5.235000e+00   2.764060e-01   6.631457e-02
  5.237000e+00   5.692730e-02   6.585643e-02
  5.240000e+00   2.218793e-01   6.663704e-02
  5.242000e+00   2.222222e-01   6.636765e-02
  5.245000e+00   1.550069e-01   6.619754e-02
  5.248000e+00   1.659808e-01   6.650746e-02
  5.250000e+00   2.239369e-01   6.603018e-02
  5.253000e+00   1.834705e-01   6.621775e-02
  5.255000e+00   1.941015e-01   6.634058e-02
  5.258000e+00   1.049383e-01   6.592073e-02
  5.260000e+00   1.419753e-01   6.633770e-02
  5.263000e+00   1.344307e-01   6.603551e-02
  5.266000e+00   2.071331e-01   6.647734e-02
  5.268000e+00   1.148834e-01   6.620403e-02
  5.271000e+00   2.757202e-01   6.638588e-02
  5.273000e+00   2.078189e-01   6.652706e-02
  5.276000e+00   1.858711e-01   6.652247e-02
  5.279000e+00   2.445130e-01   6.643051e-02
  5.281000e+00   1.049383e-01   6.616872e-02
  5.284000e+00   2.311385e-01   6.604342e-02
  5.286000e+00   1.731824e-01   6.611252e-02
  5.289000e+00   8.916324e-02   6.609975e-02
  5.292000e+00   3.113855e-01   6.656812e-02
  5.294000e+00   1.107682e-01   6.594652e-02
  5.297000e+00   2.085048e-01   6.641793e-02
  5.299000e+00   1.687243e-01   6.638284e-02
  5.302000e+00   1.656379e-01   6.617815e-02
  5.304000e+00   7.304527e-02   6.604199e-02
  5.307000e+00   1.848422e-01   6.598200e-02
  5.310000e+00   2.527435e-01   6.635573e-02
  5.312000e+00   2.335391e-01   6.652524e-02
  5.315000e+00   1.783265e-01   6.621025e-02
  5.317000e+00   1.193416e-01   6.600457e-02
  5.320000e+00   1.752401e-01   6.580669e-02
  5.323000e+00   2.143347e-01   6.600562e-02
  5.325000e+00   8.744856e-02   6.590634e-02
  5.328000e+00   2.431413e-01   6.668246e-02
  5.330000e+00   2.208505e-01   6.649444e-02
  5.333000e+00   2.602881e-01   6.664881e-02
  5.335000e+00   1.594650e-01   6.611037e-02
  5.338000e+00   2.729767e-01   6.650957e-02
  5.341000e+00   1.844993e-01   6.618325e-02
  5.343000e+00   1.340878e-01   6.603960e-02
  5.346000e+00   1.574074e-01   6.594831e-02
  5.348000e+00   2.170782e-01   6.609266e-02
  5.351000e+00   2.043896e-01   6.601838e-02
  5.354000e+00   1.546639e-01   6.645103e-02
  5.356000e+00   2.242798e-01   6.628664e-02
  5.359000e+00   2.479424e-01   6.609532e-02
  5.361000e+00   2.335391e-01   6.604831e-02
  5.364000e+00   1.083676e-01   6.591642e-02
  5.366000e+00   2.184499e-01   6.610503e-02
  5.369000e+00   1.941015e-01   6.601272e-02
  5.372000e+00   2.355967e-01   6.620684e-02
  5.374000e+00   2.030178e-01   6.598531e-02
  5.377000e+00   2.500000e-01   6.584556e-02
  5.379000e+00   3.319616e-01   6.616831e-02
  5.382000e+00   2.277092e-01   6.599479e-02
  5.385000e+00   1.361454e-01   6.632953e-02
  5.387000e+00   2.095336e-01   6.613388e-02
  5.390000e+00   2.945816e-01   6.642942e-02
  5.392000e+00   2.688615e-01   6.617580e-02
  5.395000e+00   1.632373e-01   6.635018e-02
  5.397000e+00   1.762689e-01   6.631409e-02
  5.400000e+00   2.544582e-01   6.620993e-02
  5.403000e+00   7.098765e-02   6.622815e-02
  5.405000e+00   1.296296e-01   6.585288e-02
  5.408000e+00   2.352538e-01   6.615650e-02
  5.410000e+00   2.170782e-01   6.607365e-02
  5.413000e+00   2.139918e-01   6.610966e-02
  5.416000e+00   1.721536e-01   6.605568e-02
  5.418000e+00   1.851852e-01   6.574767e-02
  5.421000e+00   2.746914e-01   6.611833e-02
  5.423000e+00   1.042524e-01   6.571671e-02
  5.426000e+00   1.447188e-01   6.615358e-02
  5.429000e+00   1.265432e-01   6.583793e-02
  5.431000e+00   1.121399e-01   6.604436e-02
  5.434000e+00   2.311385e-01   6.634269e-02
  5.436000e+00   1.738683e-01   6.595562e-02
  5.439000e+00   2.211934e-01   6.637394e-02
  5.441000e+00   1.670096e-01   6.585357e-02
  5.444000e+00   1.481481e-01   6.598947e-02
  5.447000e+00   2.290809e-01   6.619274e-02
  5.449000e+00   8.847737e-02   6.579154e-02
  5.452000e+00   3.110425e-01   6.642219e-02
  5.454000e+00   1.625514e-01   6.597007e-02
  5.457000e+00   2.376543e-01   6.604163e-02
  5.460000e+00   1.567215e-01   6.613387e-02
  5.462000e+00   2.373114e-01   6.588598e-02
  5.465000e+00   1.920439e-02   6.599457e-02
  5.467000e+00   8.367627e-02   6.581562e-02
  5.470000e+00   9.567901e-02   6.606878e-02
  5.472000e+00   4.835391e-02   6.568305e-02
  5.475000e+00   1.992455e-01   6.611594e-02
  5.478000e+00   1.704390e-01   6.607436e-02
  5.480000e+00   1.076818e-01   6.582377e-02
  5.483000e+00   2.606310e-01   6.629365e-02
  5.485000e+00   9.567901e-02   6.596727e-02
  5.488000e+00   2.167353e-01   6.643730e-02
  5.491000e+00   2.270233e-01   6.645838e-02
  5.493000e+00   4.489026e-01   6.667903e-02
  5.496000e+00   2.050754e-01   6.643410e-02
  5.498000e+00   2.496571e-01   6.638561e-02
  5.501000e+00   2.146776e-01   6.611949e-02
  5.503000e+00   2.019890e-01   6.632712e-02
  5.506000e+00   1.724966e-01   6.643638e-02
  5.509000e+00   1.917010e-01   6.617641e-02
  5.511000e+00   2.232510e-01   6.648189e-02
  5.514000e+00   1.913580e-01   6.626694e-02
  5.516000e+00   2.163923e-01   6.624001e-02
  5.519000e+00   1.275720e-01   6.586547e-02
  5.522000e+00   1.220850e-01   6.621519e-02
  5.524000e+00   1.484911e-01   6.594380e-02
  5.527000e+00   9.670782e-02   6.599549e-02
  5.529000e+00   2.767490e-01   6.651811e-02
  5.532000e+00   2.866941e-01   6.576712e-02
  5.534000e+00   1.769547e-01   6.624344e-02
  5.537000e+00   1.344307e-01   6.602118e-02
  5.540000e+00   1.783265e-01   6.561022e-02
  5.542000e+00   1.752401e-01   6.608004e-02
  5.545000e+00   2.352538e-01   6.637136e-02
  5.547000e+00   2.246228e-01   6.624602e-02
  5.550000e+00   2.019890e-01   6.618912e-02
  5.553000e+00   1.961591e-01   6.635819e-02
  5.555000e+00   1.447188e-01   6.613203e-02
  5.558000e+00   2.095336e-01   6.648502e-02
  5.560000e+00   2.880658e-01   6.637166e-02
  5.563000e+00   1.340878e-01   6.627641e-02
  5.565000e+00   2.496571e-01   8.016754e-02
  5.568000e+00   1.495199e-01   9.037184e-02
  5.571000e+00   1.210562e-01   1.014426e-01
  5.573000e+00   2.081619e-01   8.272693e-02
  5.576000e+00   1.711248e-01   7.844447e-02
  5.578000e+00   2.119342e-01   7.674399e-02
  5.581000e+00   1.553498e-01   7.547439e-02
  5.584000e+00   6.584362e-02   7.329041e-02
  5.586000e+00   1.426612e-01   7.166093e-02
  5.589000e+00   1.930727e-01   6.950391e-02
  5.591000e+00   1.447188e-01   6.779689e-02
  5.594000e+00   1.755830e-01   6.647284e-02
  5.596000e+00   1.580933e-01   6.606536e-02
  5.599000e+00   1.148834e-01   6.585110e-02
  5.602000e+00   1.625514e-01   6.588053e-02
  5.604000e+00   2.537723e-01   6.629671e-02
  5.607000e+00   2.222222e-01   6.612582e-02
  5.609000e+00   2.088477e-01   6.611010e-02
  5.612000e+00   1.639232e-01   6.632599e-02
  5.615000e+00   2.311385e-01   7.998198e-02
  5.617000e+00   2.698903e-01   9.043130e-02
  5.620000e+00   3.686557e-01   1.027474e-01
  5.622000e+00   8.264746e-02   8.281217e-02
  5.625000e+00   1.759259e-01   7.911252e-02
  5.628000e+00   2.359396e-01   7.695931e-02
  5.630000e+00   1.556927e-01   7.549638e-02
  5.633000e+00   1.268861e-01   7.345370e-02
  5.635000e+00   2.884088e-01   7.167562e-02
  5.638000e+00   2.009602e-01   6.888973e-02
  5.640000e+00   1.467764e-01   6.749844e-02
  5.643000e+00   1.574074e-01   6.631048e-02
  5.646000e+00   1.608368e-01   6.617856e-02
  5.648000e+00   1.872428e-01   6.670143e-02
  5.651000e+00   1.824417e-01   6.641192e-02
  5.653000e+00   1.676955e-01   6.622171e-02
  5.656000e+00   1.807270e-01   6.641748e-02
  5.659000e+00   1.886145e-01   6.594366e-02
  5.661000e+00   2.283951e-01   6.610971e-02
  5.664000e+00   2.057613e-01   6.601406e-02
  5.666000e+00   1.104252e-01   6.609189e-02
  5.669000e+00   2.438272e-01   6.590427e-02
  5.671000e+00   2.067901e-01   6.601812e-02
  5.674000e+00   2.136488e-01   6.616947e-02
  5.677000e+00   1.224280e-01   6.574979e-02
  5.679000e+00   1.992455e-01   6.660995e-02
  5.682000e+00   2.352538e-01   7.368255e-02
  5.684000e+00   2.534294e-01   8.596879e-02
  5.687000e+00   2.256516e-01   9.605941e-02
  5.690000e+00   1.488340e-01   1.104634e-01
  5.692000e+00   1.594650e-01   1.198255e-01
  5.695000e+00   1.512346e-01   1.563246e-01
  5.697000e+00   8.813443e-02   1.893667e-01
  5.700000e+00   3.559671e-01   1.996211e-01
  5.702000e+00   3.607682e-01   2.327934e-01
  5.705000e+00  -2.057613e-01   3.302148e-01
  5.708000e+00   6.560357e-01   3.780713e-01
  5.710000e+00  -1.406036e-02   6.330878e-01
  5.713000e+00   1.227709e-01   8.583283e-01
parent: sub_anxa4_016.dat
parent-concentration: 0.440 * 0.9791
parent: sub_anxa4_010.dat
parent-concentration: 3.760 * 1.0192
parent: sub_anxa4_008.dat
parent-concentration: 7.290 * 1.0000
creator: almerge
creator-version: 1.0 (r3729M)
