Sample description: primus/qt temporary file
Sample: primus/qt tempo  c= 4.6667 mg/ml  Code: tmp
Parent(s): C:/Users/PC-BIO3/AppData/Local/Temp/qt_temp.Hp2824 C:/Users/PC-BIO3/A
 3.642830e-002  3.906371e+001  1.520601e+000
 4.110700e-002  3.908530e+001  5.499010e-001
 4.578570e-002  3.921712e+001  3.650181e-001
 5.046430e-002  3.937493e+001  2.692478e-001
 5.514300e-002  3.945162e+001  2.240823e-001
 5.982170e-002  3.947523e+001  7.847774e-001
 6.450040e-002  3.938633e+001  3.044418e-001
 6.917910e-002  3.918965e+001  2.655836e-001
 7.385780e-002  3.894722e+001  2.440460e-001
 7.853650e-002  3.892229e+001  2.256161e-001
 8.321520e-002  3.875091e+001  2.115386e-001
 8.789390e-002  3.869814e+001  2.003790e-001
 9.257260e-002  3.870933e+001  1.911928e-001
 9.725130e-002  3.859981e+001  1.828753e-001
 1.019300e-001  3.849381e+001  1.759089e-001
 1.066090e-001  3.831068e+001  1.699795e-001
 1.112870e-001  3.820155e+001  1.648270e-001
 1.159660e-001  3.795637e+001  1.596024e-001
 1.206450e-001  3.786442e+001  1.555023e-001
 1.253230e-001  3.779676e+001  1.515983e-001
 1.300020e-001  3.781131e+001  1.478975e-001
 1.346810e-001  3.755045e+001  1.441377e-001
 1.393590e-001  3.750963e+001  1.411890e-001
 1.440380e-001  3.733635e+001  1.383616e-001
 1.487170e-001  3.712289e+001  1.356263e-001
 1.533960e-001  3.691784e+001  1.328429e-001
 1.580740e-001  3.682718e+001  1.302226e-001
 1.627530e-001  3.670126e+001  1.279020e-001
 1.674320e-001  3.643140e+001  1.254766e-001
 1.721100e-001  3.641518e+001  1.235063e-001
 1.767890e-001  3.637123e+001  1.214164e-001
 1.814680e-001  3.624723e+001  1.195362e-001
 1.861460e-001  3.592342e+001  1.175431e-001
 1.908250e-001  3.570828e+001  1.157380e-001
 1.955040e-001  3.561828e+001  1.140209e-001
 2.001830e-001  3.554490e+001  1.123901e-001
 2.048610e-001  3.546573e+001  1.109887e-001
 2.095400e-001  3.518722e+001  1.094049e-001
 2.142190e-001  3.503599e+001  1.079220e-001
 2.188970e-001  3.489819e+001  1.064295e-001
 2.235760e-001  3.468076e+001  1.049598e-001
 2.282550e-001  3.436374e+001  1.035920e-001
 2.329330e-001  3.419621e+001  1.024309e-001
 2.376120e-001  3.407698e+001  1.010946e-001
 2.422910e-001  3.392945e+001  9.985161e-002
 2.469690e-001  3.372488e+001  9.859706e-002
 2.516480e-001  3.351703e+001  9.745596e-002
 2.563270e-001  3.335692e+001  9.634787e-002
 2.610060e-001  3.314245e+001  9.531062e-002
 2.656840e-001  3.291191e+001  9.419987e-002
 2.703630e-001  3.275283e+001  9.326661e-002
 2.750410e-001  3.256398e+001  9.218325e-002
 2.797200e-001  3.242244e+001  9.113678e-002
 2.843990e-001  3.218552e+001  9.016992e-002
 2.890780e-001  3.198503e+001  8.928594e-002
 2.937560e-001  3.175170e+001  8.829737e-002
 2.984350e-001  3.156531e+001  8.733976e-002
 3.031140e-001  3.141951e+001  8.710569e-002
 3.077920e-001  3.122874e+001  8.787884e-002
 3.124710e-001  3.095147e+001  8.822393e-002
 3.171500e-001  3.063434e+001  8.821705e-002
 3.218280e-001  3.044825e+001  8.803767e-002
 3.265070e-001  3.027775e+001  8.796445e-002
 3.311860e-001  3.012321e+001  8.780983e-002
 3.358650e-001  2.980610e+001  8.731532e-002
 3.405430e-001  2.956666e+001  8.686595e-002
 3.452220e-001  2.938785e+001  8.651700e-002
 3.499010e-001  2.919464e+001  8.622159e-002
 3.545790e-001  2.895013e+001  8.588562e-002
 3.592580e-001  2.880360e+001  8.561049e-002
 3.639370e-001  2.860939e+001  8.582417e-002
 3.686150e-001  2.842564e+001  8.724886e-002
 3.732940e-001  2.824916e+001  8.821400e-002
 3.779730e-001  2.808423e+001  8.893073e-002
 3.826510e-001  2.771879e+001  8.930359e-002
 3.873300e-001  2.740677e+001  8.949321e-002
 3.920090e-001  2.720643e+001  8.973140e-002
 3.966880e-001  2.697643e+001  8.976360e-002
 4.013660e-001  2.675912e+001  8.980007e-002
 4.060450e-001  2.650875e+001  8.981635e-002
 4.107240e-001  2.633171e+001  8.991388e-002
 4.154020e-001  2.611138e+001  8.985281e-002
 4.200810e-001  2.587678e+001  8.967117e-002
 4.247600e-001  2.564849e+001  8.965735e-002
 4.294380e-001  2.537978e+001  8.983007e-002
 4.341170e-001  2.520102e+001  9.037455e-002
 4.387960e-001  2.516917e+001  9.279864e-002
 4.434740e-001  2.485748e+001  9.500649e-002
 4.481530e-001  2.458833e+001  9.676536e-002
 4.528320e-001  2.441106e+001  9.821035e-002
 4.575100e-001  2.417252e+001  9.940996e-002
 4.621890e-001  2.390118e+001  1.002546e-001
 4.668680e-001  2.370149e+001  1.009703e-001
 4.715470e-001  2.359630e+001  1.019138e-001
 4.762250e-001  2.340575e+001  1.026940e-001
 4.809040e-001  2.325776e+001  1.034530e-001
 4.855830e-001  2.288669e+001  1.039066e-001
 4.902610e-001  2.256374e+001  1.042899e-001
 4.949400e-001  2.237214e+001  1.049931e-001
 4.996190e-001  2.223175e+001  1.049130e-001
 5.042970e-001  2.221420e+001  1.016662e-001
 5.089760e-001  2.199044e+001  9.898880e-002
 5.136550e-001  2.170875e+001  9.696044e-002
 5.183340e-001  2.149248e+001  9.547604e-002
 5.230120e-001  2.127727e+001  9.430551e-002
 5.276910e-001  2.097586e+001  9.330290e-002
 5.323700e-001  2.068571e+001  9.232251e-002
 5.370480e-001  2.047961e+001  9.155159e-002
 5.417270e-001  2.028732e+001  9.072023e-002
 5.464060e-001  2.007970e+001  9.019321e-002
 5.510840e-001  1.984434e+001  8.936893e-002
 5.557630e-001  1.964574e+001  8.883959e-002
 5.604420e-001  1.947816e+001  8.819100e-002
 5.651200e-001  1.924347e+001  8.753415e-002
 5.697990e-001  1.898339e+001  8.665084e-002
 5.744780e-001  1.878959e+001  8.601781e-002
 5.791560e-001  1.856590e+001  8.513262e-002
 5.838350e-001  1.836536e+001  8.434571e-002
 5.885140e-001  1.812472e+001  8.345713e-002
 5.931930e-001  1.798160e+001  8.274053e-002
 5.978710e-001  1.779288e+001  8.209105e-002
 6.025500e-001  1.764502e+001  8.145981e-002
 6.072290e-001  1.739744e+001  8.065107e-002
 6.119070e-001  1.722612e+001  8.001122e-002
 6.165860e-001  1.705485e+001  7.944038e-002
 6.212650e-001  1.676837e+001  7.870826e-002
 6.259430e-001  1.660738e+001  7.834814e-002
 6.306220e-001  1.642288e+001  7.799722e-002
 6.353010e-001  1.627810e+001  7.761910e-002
 6.399790e-001  1.618837e+001  7.733736e-002
 6.446580e-001  1.593714e+001  7.687871e-002
 6.493370e-001  1.574917e+001  7.649729e-002
 6.540150e-001  1.555870e+001  7.619086e-002
 6.586940e-001  1.535382e+001  7.579343e-002
 6.633730e-001  1.516529e+001  7.530831e-002
 6.680520e-001  1.508152e+001  7.509079e-002
 6.727300e-001  1.493652e+001  7.471773e-002
 6.774090e-001  1.464467e+001  7.430092e-002
 6.820880e-001  1.444341e+001  7.395081e-002
 6.867660e-001  1.440183e+001  7.378757e-002
 6.914450e-001  1.419439e+001  7.335046e-002
 6.961240e-001  1.396799e+001  7.296944e-002
 7.008020e-001  1.380644e+001  7.256121e-002
 7.054810e-001  1.371743e+001  7.231515e-002
 7.101600e-001  1.351555e+001  7.194087e-002
 7.148390e-001  1.331089e+001  7.160246e-002
 7.195170e-001  1.316583e+001  7.132857e-002
 7.241960e-001  1.306521e+001  7.107769e-002
 7.288750e-001  1.291729e+001  7.080055e-002
 7.335530e-001  1.280630e+001  7.053209e-002
 7.382320e-001  1.262230e+001  7.010840e-002
 7.429110e-001  1.250871e+001  6.988050e-002
 7.475890e-001  1.239316e+001  6.959877e-002
 7.522680e-001  1.219102e+001  6.925883e-002
 7.569470e-001  1.192914e+001  6.889418e-002
 7.616250e-001  1.183196e+001  6.849264e-002
 7.663040e-001  1.175066e+001  6.827688e-002
 7.709830e-001  1.155437e+001  6.803730e-002
 7.756620e-001  1.138540e+001  6.773961e-002
 7.803400e-001  1.126535e+001  6.738003e-002
 7.850190e-001  1.111433e+001  6.701707e-002
 7.896980e-001  1.093545e+001  6.674725e-002
 7.943760e-001  1.082212e+001  6.647469e-002
 7.990550e-001  1.071030e+001  6.620222e-002
 8.037340e-001  1.057534e+001  6.594067e-002
 8.084120e-001  1.043108e+001  6.559284e-002
 8.130910e-001  1.023132e+001  6.533166e-002
 8.177700e-001  1.008143e+001  6.502869e-002
 8.224480e-001  9.981435e+000  6.471214e-002
 8.271270e-001  9.877408e+000  6.459712e-002
 8.318060e-001  9.762202e+000  6.437368e-002
 8.364840e-001  9.665682e+000  6.411858e-002
 8.411630e-001  9.558539e+000  6.382361e-002
 8.458420e-001  9.502850e+000  6.363173e-002
 8.505210e-001  9.412365e+000  6.344191e-002
 8.551990e-001  9.181526e+000  6.295807e-002
 8.598780e-001  9.063076e+000  6.263352e-002
 8.645570e-001  8.935806e+000  6.239435e-002
 8.692350e-001  8.880682e+000  6.232371e-002
 8.739140e-001  8.772011e+000  6.207857e-002
 8.785930e-001  8.643385e+000  6.176125e-002
 8.832710e-001  8.529476e+000  6.152364e-002
 8.879500e-001  8.414328e+000  6.128487e-002
 8.926290e-001  8.263890e+000  6.101924e-002
 8.973070e-001  8.168728e+000  6.074632e-002
 9.019860e-001  8.134908e+000  6.067663e-002
 9.066650e-001  7.991831e+000  6.045169e-002
 9.113430e-001  7.862024e+000  6.020790e-002
 9.160220e-001  7.728372e+000  5.991507e-002
 9.207010e-001  7.591563e+000  5.967091e-002
 9.253800e-001  7.554455e+000  5.954884e-002
 9.300580e-001  7.409074e+000  5.917217e-002
 9.347370e-001  7.351739e+000  5.904783e-002
 9.394160e-001  7.291547e+000  5.888800e-002
 9.440940e-001  7.176947e+000  5.856110e-002
 9.487730e-001  7.064182e+000  5.840364e-002
 9.534520e-001  6.990013e+000  5.824506e-002
 9.581300e-001  6.929155e+000  5.817821e-002
 9.628090e-001  6.809780e+000  5.789569e-002
 9.674880e-001  6.677250e+000  5.753916e-002
 9.721670e-001  6.602093e+000  5.738490e-002
 9.768450e-001  6.576917e+000  5.721138e-002
 9.815240e-001  6.488118e+000  5.699620e-002
 9.862030e-001  6.432114e+000  5.690930e-002
 9.908810e-001  6.291227e+000  5.669196e-002
 9.955600e-001  6.204368e+000  5.653286e-002
 1.000240e+000  6.122756e+000  5.631310e-002
 1.004920e+000  6.082809e+000  5.614441e-002
 1.009600e+000  6.036337e+000  5.595451e-002
 1.014280e+000  5.929503e+000  5.581866e-002
 1.018950e+000  5.760515e+000  5.545361e-002
 1.023630e+000  5.718631e+000  5.532186e-002
 1.028310e+000  5.678453e+000  5.517287e-002
 1.032990e+000  5.532595e+000  5.491167e-002
 1.037670e+000  5.462691e+000  5.475838e-002
 1.042350e+000  5.408067e+000  5.456288e-002
 1.047030e+000  5.344462e+000  5.450367e-002
 1.051700e+000  5.310869e+000  5.425042e-002
 1.056380e+000  5.264459e+000  5.416999e-002
 1.061060e+000  5.154666e+000  5.397758e-002
 1.065740e+000  5.048889e+000  5.383893e-002
 1.070420e+000  4.980195e+000  5.368409e-002
 1.075100e+000  4.916976e+000  5.349331e-002
 1.079780e+000  4.866549e+000  5.335226e-002
 1.084450e+000  4.795151e+000  5.306790e-002
 1.089130e+000  4.770073e+000  5.297973e-002
 1.093810e+000  4.695159e+000  5.282998e-002
 1.098490e+000  4.585134e+000  5.260887e-002
 1.103170e+000  4.536679e+000  5.248144e-002
 1.107850e+000  4.465366e+000  5.238878e-002
 1.112530e+000  4.420924e+000  5.228086e-002
 1.117210e+000  4.356407e+000  5.204088e-002
 1.121890e+000  4.325455e+000  5.197215e-002
 1.126560e+000  4.285359e+000  5.178150e-002
 1.131240e+000  4.221509e+000  5.167567e-002
 1.135920e+000  4.156634e+000  5.144175e-002
 1.140600e+000  4.105401e+000  5.128833e-002
 1.145280e+000  3.991663e+000  5.110448e-002
 1.149960e+000  3.948110e+000  5.092050e-002
 1.154640e+000  3.921379e+000  5.092801e-002
 1.159310e+000  3.852141e+000  5.066241e-002
 1.163990e+000  3.808921e+000  5.056231e-002
 1.168670e+000  3.742130e+000  5.047123e-002
 1.173350e+000  3.730937e+000  5.039972e-002
 1.178030e+000  3.577559e+000  5.018583e-002
 1.182710e+000  3.546162e+000  5.001728e-002
 1.187390e+000  3.496375e+000  4.990662e-002
 1.192060e+000  3.526497e+000  4.977736e-002
 1.196740e+000  3.484622e+000  4.974150e-002
 1.201420e+000  3.444379e+000  4.964825e-002
 1.206100e+000  3.380499e+000  4.947095e-002
 1.210780e+000  3.301540e+000  4.925341e-002
 1.215460e+000  3.200803e+000  4.907793e-002
 1.220140e+000  3.164094e+000  4.894873e-002
 1.224820e+000  3.142346e+000  4.878214e-002
 1.229500e+000  3.147519e+000  4.876804e-002
 1.234170e+000  3.118447e+000  4.866078e-002
 1.238850e+000  3.074238e+000  4.877653e-002
 1.243530e+000  3.023256e+000  4.985096e-002
 1.248210e+000  2.943846e+000  5.093081e-002
 1.252890e+000  2.916070e+000  5.171550e-002
 1.257570e+000  2.898085e+000  5.234176e-002
 1.262250e+000  2.861301e+000  5.295581e-002
 1.266920e+000  2.779611e+000  5.335141e-002
 1.271600e+000  2.708831e+000  5.376506e-002
 1.276280e+000  2.703822e+000  5.422431e-002
 1.280960e+000  2.703945e+000  5.465175e-002
 1.285640e+000  2.711181e+000  5.504955e-002
 1.290320e+000  2.665119e+000  5.538631e-002
 1.295000e+000  2.643934e+000  5.577118e-002
 1.299670e+000  2.575692e+000  5.577335e-002
 1.304350e+000  2.531429e+000  5.554310e-002
 1.309030e+000  2.496351e+000  5.397542e-002
 1.313710e+000  2.453333e+000  5.251703e-002
 1.318390e+000  2.420440e+000  5.154834e-002
 1.323070e+000  2.354847e+000  5.072514e-002
 1.327750e+000  2.316030e+000  5.004593e-002
 1.332430e+000  2.352798e+000  4.971742e-002
 1.337100e+000  2.292231e+000  4.910828e-002
 1.341780e+000  2.273222e+000  4.874624e-002
 1.346460e+000  2.252768e+000  4.831962e-002
 1.351140e+000  2.223142e+000  4.802069e-002
 1.355820e+000  2.208769e+000  4.777767e-002
 1.360500e+000  2.167388e+000  4.760008e-002
 1.365180e+000  2.160425e+000  4.745083e-002
 1.369860e+000  2.120189e+000  4.732224e-002
 1.374530e+000  2.058530e+000  4.706483e-002
 1.379210e+000  2.047092e+000  4.700231e-002
 1.383890e+000  2.015452e+000  4.686196e-002
 1.388570e+000  2.007596e+000  4.663329e-002
 1.393250e+000  1.956254e+000  4.650156e-002
 1.397930e+000  1.938946e+000  4.640639e-002
 1.402610e+000  1.930620e+000  4.640221e-002
 1.407280e+000  1.849851e+000  4.621446e-002
 1.411960e+000  1.833198e+000  4.607733e-002
 1.416640e+000  1.814056e+000  4.598926e-002
 1.421320e+000  1.800703e+000  4.587197e-002
 1.426000e+000  1.757057e+000  4.568871e-002
 1.430680e+000  1.758204e+000  4.564315e-002
 1.435360e+000  1.734191e+000  4.555942e-002
 1.440040e+000  1.700195e+000  4.543766e-002
 1.444710e+000  1.666527e+000  4.530186e-002
 1.449390e+000  1.691871e+000  4.523487e-002
 1.454070e+000  1.597719e+000  4.504757e-002
 1.458750e+000  1.576224e+000  4.500573e-002
 1.463430e+000  1.586216e+000  4.489523e-002
 1.468110e+000  1.547666e+000  4.481956e-002
 1.472790e+000  1.534605e+000  4.474876e-002
 1.477470e+000  1.513649e+000  4.469848e-002
 1.482140e+000  1.503687e+000  4.475259e-002
 1.486820e+000  1.465962e+000  4.575100e-002
 1.491500e+000  1.426785e+000  4.674490e-002
 1.496180e+000  1.471802e+000  4.754858e-002
 1.500860e+000  1.487781e+000  4.821527e-002
 1.505540e+000  1.461648e+000  4.866331e-002
 1.510220e+000  1.424577e+000  4.871966e-002
 1.514900e+000  1.382609e+000  4.764042e-002
 1.519570e+000  1.362208e+000  4.661559e-002
 1.524250e+000  1.313926e+000  4.589541e-002
 1.528930e+000  1.335038e+000  4.551742e-002
 1.533610e+000  1.329081e+000  4.506253e-002
 1.538290e+000  1.311470e+000  4.465919e-002
 1.542970e+000  1.291642e+000  4.447117e-002
 1.547650e+000  1.271995e+000  4.424635e-002
 1.552320e+000  1.268546e+000  4.396621e-002
 1.557000e+000  1.253812e+000  4.364370e-002
 1.561680e+000  1.243046e+000  4.334967e-002
 1.566360e+000  1.252649e+000  4.328164e-002
 1.571040e+000  1.200278e+000  4.318315e-002
 1.575720e+000  1.160051e+000  4.312018e-002
 1.580400e+000  1.144570e+000  4.306780e-002
 1.585080e+000  1.178279e+000  4.316948e-002
 1.589750e+000  1.159850e+000  4.311380e-002
 1.594430e+000  1.134372e+000  4.313420e-002
 1.599110e+000  1.156277e+000  4.311557e-002
 1.603790e+000  1.105337e+000  4.302699e-002
 1.608470e+000  1.101697e+000  4.293852e-002
 1.613150e+000  1.028188e+000  4.276582e-002
 1.617830e+000  1.051855e+000  4.272780e-002
 1.622510e+000  1.073260e+000  4.277873e-002
 1.627180e+000  1.007882e+000  4.253091e-002
 1.631860e+000  9.742187e-001  4.251434e-002
 1.636540e+000  9.639217e-001  4.247659e-002
 1.641220e+000  9.682083e-001  4.233855e-002
 1.645900e+000  9.413980e-001  4.223549e-002
 1.650580e+000  9.193924e-001  4.220411e-002
 1.655250e+000  9.390198e-001  4.207098e-002
 1.659930e+000  9.427301e-001  4.205617e-002
 1.664610e+000  9.143656e-001  4.194408e-002
 1.669290e+000  9.228928e-001  4.187909e-002
 1.673970e+000  9.543086e-001  4.185911e-002
 1.678650e+000  9.453640e-001  4.183468e-002
 1.683330e+000  9.314646e-001  4.169228e-002
 1.688010e+000  9.192962e-001  4.165510e-002
 1.692680e+000  9.214793e-001  4.154956e-002
 1.697360e+000  8.599347e-001  4.151136e-002
 1.702040e+000  7.979033e-001  4.140198e-002
 1.706720e+000  8.321822e-001  4.135932e-002
 1.711400e+000  8.680369e-001  4.128372e-002
 1.716080e+000  8.800701e-001  4.122206e-002
 1.720760e+000  8.329036e-001  4.114399e-002
 1.725440e+000  7.890678e-001  4.112013e-002
 1.730110e+000  7.541337e-001  4.100388e-002
 1.734790e+000  7.814410e-001  4.097576e-002
 1.739470e+000  7.746106e-001  4.090586e-002
 1.744150e+000  7.772296e-001  4.081241e-002
 1.748830e+000  7.542051e-001  4.074763e-002
 1.753510e+000  7.593348e-001  4.068938e-002
 1.758190e+000  7.102480e-001  4.066374e-002
 1.762860e+000  7.509256e-001  4.055649e-002
 1.767540e+000  7.266519e-001  4.054660e-002
 1.772220e+000  7.039149e-001  4.051195e-002
 1.776900e+000  7.372248e-001  4.045482e-002
 1.781580e+000  6.909594e-001  4.034550e-002
 1.786260e+000  6.877933e-001  4.027458e-002
 1.790940e+000  6.966047e-001  4.021526e-002
 1.795620e+000  7.048008e-001  4.024944e-002
 1.800290e+000  6.784489e-001  4.010764e-002
 1.804970e+000  6.295553e-001  4.000604e-002
 1.809650e+000  6.442510e-001  3.997472e-002
 1.814330e+000  6.795625e-001  3.997310e-002
 1.819010e+000  6.853008e-001  3.991551e-002
 1.823690e+000  6.506925e-001  3.983951e-002
 1.828370e+000  6.258373e-001  3.968193e-002
 1.833050e+000  6.388657e-001  3.975307e-002
 1.837720e+000  6.101877e-001  3.958765e-002
 1.842400e+000  6.058533e-001  3.959275e-002
 1.847080e+000  6.351374e-001  3.953716e-002
 1.851760e+000  6.736173e-001  3.950302e-002
 1.856440e+000  6.613409e-001  3.944301e-002
 1.861120e+000  6.633558e-001  3.939553e-002
 1.865800e+000  6.270409e-001  3.924364e-002
 1.870480e+000  5.999241e-001  3.926536e-002
 1.875150e+000  5.713144e-001  3.919116e-002
 1.879830e+000  5.559595e-001  3.920616e-002
 1.884510e+000  5.404760e-001  3.912904e-002
 1.889190e+000  5.784242e-001  3.906760e-002
 1.893870e+000  5.820181e-001  3.894117e-002
 1.898550e+000  5.777085e-001  3.890251e-002
 1.903230e+000  5.424192e-001  3.895368e-002
 1.907900e+000  5.503560e-001  3.889078e-002
 1.912580e+000  5.332068e-001  3.885291e-002
 1.917260e+000  5.145323e-001  3.875204e-002
 1.921940e+000  5.428572e-001  3.867395e-002
 1.926620e+000  5.496363e-001  3.863265e-002
 1.931300e+000  5.461638e-001  3.862355e-002
 1.935980e+000  5.380633e-001  3.856183e-002
 1.940660e+000  5.328520e-001  3.853150e-002
 1.945330e+000  5.137186e-001  3.829729e-002
 1.950010e+000  4.665559e-001  3.821726e-002
 1.954690e+000  4.985438e-001  3.818931e-002
 1.959370e+000  5.217533e-001  3.811754e-002
 1.964050e+000  4.881695e-001  3.797921e-002
 1.968730e+000  4.778381e-001  3.796955e-002
 1.973410e+000  4.833557e-001  3.790488e-002
 1.978090e+000  4.894558e-001  3.790078e-002
 1.982760e+000  4.844072e-001  3.782805e-002
 1.987440e+000  5.209023e-001  3.788642e-002
 1.992120e+000  4.586415e-001  3.786907e-002
 1.996800e+000  4.553922e-001  3.788960e-002
 2.001480e+000  4.676804e-001  3.791198e-002
 2.006160e+000  4.884436e-001  3.787848e-002
 2.010840e+000  4.668061e-001  3.776093e-002
 2.015520e+000  4.537610e-001  3.777636e-002
 2.020190e+000  4.690605e-001  3.767508e-002
 2.024870e+000  4.899224e-001  3.767899e-002
 2.029550e+000  4.644297e-001  3.761752e-002
 2.034230e+000  4.034461e-001  3.753106e-002
 2.038910e+000  4.114338e-001  3.750464e-002
 2.043590e+000  4.271313e-001  3.769157e-002
 2.048260e+000  4.219620e-001  3.838342e-002
 2.052940e+000  4.170346e-001  3.919048e-002
 2.057620e+000  4.412026e-001  3.980771e-002
 2.062300e+000  4.342866e-001  4.020577e-002
 2.066980e+000  4.182324e-001  4.058466e-002
 2.071660e+000  3.949824e-001  4.090728e-002
 2.076340e+000  3.907002e-001  4.123907e-002
 2.081020e+000  4.032504e-001  4.150269e-002
 2.085690e+000  4.144663e-001  4.154599e-002
 2.090370e+000  3.729028e-001  4.160978e-002
 2.095050e+000  3.741440e-001  4.175237e-002
 2.099730e+000  3.960275e-001  4.189814e-002
 2.104410e+000  4.013786e-001  4.201283e-002
 2.109090e+000  4.032910e-001  4.184674e-002
 2.113770e+000  4.032265e-001  4.073381e-002
 2.118450e+000  4.161469e-001  3.997896e-002
 2.123120e+000  4.019338e-001  3.933692e-002
 2.127800e+000  3.897298e-001  3.890162e-002
 2.132480e+000  3.865990e-001  3.857173e-002
 2.137160e+000  3.822560e-001  3.830139e-002
 2.141840e+000  3.571600e-001  3.803092e-002
 2.146520e+000  4.193329e-001  3.790098e-002
 2.151200e+000  4.029726e-001  3.782599e-002
 2.155870e+000  3.699574e-001  3.767021e-002
 2.160550e+000  3.836835e-001  3.758413e-002
 2.165230e+000  3.849870e-001  3.753356e-002
 2.169910e+000  3.951398e-001  3.743004e-002
 2.174590e+000  4.072008e-001  3.733303e-002
 2.179270e+000  3.452285e-001  3.725958e-002
 2.183950e+000  3.042234e-001  3.720292e-002
 2.188630e+000  3.087777e-001  3.712748e-002
 2.193310e+000  3.577400e-001  3.711090e-002
 2.197980e+000  3.722082e-001  3.699680e-002
 2.202660e+000  3.477554e-001  3.702918e-002
 2.207340e+000  3.464806e-001  3.700626e-002
 2.212020e+000  3.656848e-001  3.689662e-002
 2.216700e+000  3.817233e-001  3.682760e-002
 2.221380e+000  3.859265e-001  3.675445e-002
 2.226060e+000  3.954710e-001  3.674946e-002
 2.230730e+000  3.979733e-001  3.662771e-002
 2.235410e+000  3.625163e-001  3.657693e-002
 2.240090e+000  3.246844e-001  3.649277e-002
 2.244770e+000  2.957083e-001  3.646155e-002
 2.249450e+000  3.362698e-001  3.644903e-002
 2.254130e+000  3.768632e-001  3.642555e-002
 2.258810e+000  3.543314e-001  3.632787e-002
 2.263490e+000  3.187797e-001  3.630699e-002
 2.268160e+000  3.105899e-001  3.620866e-002
 2.272840e+000  3.330142e-001  3.620828e-002
 2.277520e+000  3.373021e-001  3.617065e-002
 2.282200e+000  3.083222e-001  3.614322e-002
 2.286880e+000  2.888706e-001  3.608863e-002
 2.291560e+000  2.950464e-001  3.598128e-002
 2.296240e+000  2.874753e-001  3.598225e-002
 2.300910e+000  2.780137e-001  3.588365e-002
 2.305590e+000  3.150356e-001  3.588478e-002
 2.310270e+000  3.329567e-001  3.583631e-002
 2.314950e+000  3.534080e-001  3.583500e-002
 2.319630e+000  3.548716e-001  3.578101e-002
 2.324310e+000  3.625169e-001  3.573193e-002
 2.328990e+000  2.904452e-001  3.561049e-002
 2.333670e+000  2.730464e-001  3.559925e-002
 2.338340e+000  3.184073e-001  3.554360e-002
 2.343020e+000  2.675119e-001  3.549724e-002
 2.347700e+000  2.361658e-001  3.540679e-002
 2.352380e+000  2.268325e-001  3.535554e-002
 2.357060e+000  2.240612e-001  3.534578e-002
 2.361740e+000  2.705849e-001  3.531632e-002
 2.366420e+000  2.908524e-001  3.534598e-002
 2.371090e+000  3.056424e-001  3.520961e-002
 2.375770e+000  3.058368e-001  3.521061e-002
 2.380450e+000  3.056626e-001  3.518964e-002
 2.385130e+000  3.153851e-001  3.520661e-002
 2.389810e+000  2.736802e-001  3.515482e-002
 2.394490e+000  2.750953e-001  3.504720e-002
 2.399170e+000  3.279244e-001  3.504129e-002
 2.403850e+000  3.088994e-001  3.500121e-002
 2.408530e+000  2.829425e-001  3.496892e-002
 2.413200e+000  2.691738e-001  3.484981e-002
 2.417880e+000  2.886887e-001  3.488577e-002
 2.422560e+000  2.806641e-001  3.485874e-002
 2.427240e+000  2.726544e-001  3.477689e-002
 2.431920e+000  2.507483e-001  3.473721e-002
 2.436600e+000  2.534774e-001  3.469150e-002
 2.441280e+000  2.808219e-001  3.470740e-002
 2.445950e+000  2.603939e-001  3.463170e-002
 2.450630e+000  2.621148e-001  3.459518e-002
 2.455310e+000  2.682859e-001  3.456890e-002
 2.459990e+000  2.749983e-001  3.452054e-002
 2.464670e+000  2.937647e-001  3.449146e-002
 2.469350e+000  3.104321e-001  3.446357e-002
 2.474030e+000  2.732693e-001  3.436510e-002
 2.478710e+000  2.616439e-001  3.437605e-002
 2.483380e+000  2.654801e-001  3.430832e-002
 2.488060e+000  2.668830e-001  3.429120e-002
 2.492740e+000  2.723262e-001  3.425750e-002
 2.497420e+000  2.698299e-001  3.424265e-002
 2.502100e+000  2.614790e-001  3.420237e-002
 2.506780e+000  2.356188e-001  3.411881e-002
 2.511460e+000  2.178095e-001  3.410208e-002
 2.516130e+000  2.529100e-001  3.402222e-002
 2.520810e+000  2.647730e-001  3.403439e-002
 2.525490e+000  2.542416e-001  3.400502e-002
 2.530170e+000  2.497263e-001  3.393354e-002
 2.534850e+000  2.589364e-001  3.389163e-002
 2.539530e+000  2.868072e-001  3.382172e-002
 2.544210e+000  2.410585e-001  3.379698e-002
 2.548880e+000  2.244242e-001  3.369018e-002
 2.553560e+000  2.377350e-001  3.366600e-002
 2.558240e+000  2.398833e-001  3.364569e-002
 2.562920e+000  2.478711e-001  3.359563e-002
 2.567600e+000  2.290506e-001  3.357174e-002
 2.572280e+000  2.452988e-001  3.353279e-002
 2.576960e+000  2.620355e-001  3.346974e-002
 2.581640e+000  2.754866e-001  3.358031e-002
 2.586310e+000  2.555735e-001  3.354415e-002
 2.590990e+000  2.238992e-001  3.350500e-002
 2.595670e+000  2.510242e-001  3.352646e-002
 2.600350e+000  2.500363e-001  3.350818e-002
 2.605030e+000  2.466586e-001  3.346450e-002
 2.609710e+000  2.474488e-001  3.341057e-002
 2.614390e+000  2.608121e-001  3.337746e-002
 2.619070e+000  2.538387e-001  3.340786e-002
 2.623740e+000  2.575905e-001  3.334000e-002
 2.628420e+000  2.209494e-001  3.333527e-002
 2.633100e+000  2.220536e-001  3.330721e-002
 2.637780e+000  2.425331e-001  3.327545e-002
 2.642460e+000  2.459412e-001  3.319690e-002
 2.647140e+000  2.598867e-001  3.318693e-002
 2.651820e+000  2.326561e-001  3.310318e-002
 2.656500e+000  2.248081e-001  3.310275e-002
 2.661170e+000  2.541713e-001  3.303798e-002
 2.665850e+000  2.226853e-001  3.302235e-002
 2.670530e+000  1.999739e-001  3.299193e-002
 2.675210e+000  2.520482e-001  3.299374e-002
 2.679890e+000  2.579136e-001  3.297098e-002
 2.684570e+000  2.419026e-001  3.296655e-002
 2.689250e+000  2.384958e-001  3.288126e-002
 2.693930e+000  2.702259e-001  3.291772e-002
 2.698600e+000  2.785860e-001  3.279893e-002
 2.703280e+000  2.290005e-001  3.275227e-002
 2.707960e+000  1.855198e-001  3.274384e-002
 2.712640e+000  2.135583e-001  3.273321e-002
 2.717320e+000  2.532381e-001  3.270775e-002
 2.722000e+000  2.461229e-001  3.263655e-002
 2.726680e+000  2.348870e-001  3.270348e-002
 2.731350e+000  2.566196e-001  3.263460e-002
 2.736030e+000  2.563913e-001  3.260769e-002
 2.740710e+000  2.359944e-001  3.261750e-002
 2.745390e+000  2.071519e-001  3.255825e-002
 2.750070e+000  2.042645e-001  3.247788e-002
 2.754750e+000  2.158331e-001  3.247969e-002
 2.759430e+000  2.270242e-001  3.253820e-002
 2.764100e+000  2.199716e-001  3.242495e-002
 2.768780e+000  2.222714e-001  3.237507e-002
 2.773460e+000  2.270840e-001  3.236499e-002
 2.778140e+000  2.040718e-001  3.235186e-002
 2.782820e+000  2.084208e-001  3.232382e-002
 2.787500e+000  2.358015e-001  3.228570e-002
 2.792180e+000  2.325538e-001  3.222349e-002
 2.796860e+000  2.267241e-001  3.227014e-002
 2.801530e+000  2.204797e-001  3.217894e-002
 2.806210e+000  2.571752e-001  3.219037e-002
 2.810890e+000  2.194078e-001  3.214839e-002
 2.815570e+000  1.836267e-001  3.212027e-002
 2.820250e+000  2.235430e-001  3.213133e-002
 2.824930e+000  2.358146e-001  3.205703e-002
 2.829610e+000  2.198217e-001  3.194399e-002
 2.834290e+000  2.014886e-001  3.198566e-002
 2.838960e+000  2.138068e-001  3.193962e-002
 2.843640e+000  2.189754e-001  3.196633e-002
 2.848320e+000  1.961501e-001  3.213996e-002
 2.853000e+000  2.529297e-001  3.285409e-002
 2.857680e+000  2.557986e-001  3.342116e-002
 2.862360e+000  2.338983e-001  3.377096e-002
 2.867040e+000  2.155728e-001  3.405714e-002
 2.871720e+000  2.282765e-001  3.440151e-002
 2.876390e+000  2.592543e-001  3.448357e-002
 2.881070e+000  2.594170e-001  3.464722e-002
 2.885750e+000  2.688458e-001  3.475079e-002
 2.890430e+000  2.391854e-001  3.477942e-002
 2.895110e+000  2.684103e-001  3.490097e-002
 2.899790e+000  2.742918e-001  3.504308e-002
 2.904470e+000  2.451672e-001  3.502943e-002
 2.909150e+000  1.878866e-001  3.510413e-002
 2.913820e+000  1.788859e-001  3.482579e-002
 2.918500e+000  2.152483e-001  3.408273e-002
 2.923180e+000  2.376754e-001  3.351967e-002
 2.927860e+000  2.482883e-001  3.315257e-002
 2.932540e+000  2.143704e-001  3.284851e-002
 2.937220e+000  2.002932e-001  3.259384e-002
 2.941900e+000  2.119219e-001  3.251887e-002
 2.946570e+000  1.837120e-001  3.235651e-002
 2.951250e+000  1.525131e-001  3.229445e-002
 2.955930e+000  1.687379e-001  3.222709e-002
 2.960610e+000  2.412815e-001  3.220777e-002
 2.965290e+000  2.273266e-001  3.212718e-002
 2.969970e+000  2.159763e-001  3.211485e-002
 2.974650e+000  1.773282e-001  3.211576e-002
 2.979320e+000  1.649012e-001  3.196332e-002
 2.984000e+000  2.248248e-001  3.195297e-002
 2.988680e+000  2.260411e-001  3.190249e-002
 2.993360e+000  2.177447e-001  3.183729e-002
 2.998040e+000  2.093615e-001  3.180595e-002
 3.002720e+000  2.182519e-001  3.179491e-002
 3.007400e+000  2.292380e-001  3.176739e-002
 3.012080e+000  2.257215e-001  3.176499e-002
 3.016750e+000  1.891070e-001  3.163105e-002
 3.021430e+000  2.127929e-001  3.163361e-002
 3.026110e+000  2.312534e-001  3.160820e-002
 3.030790e+000  2.163076e-001  3.153331e-002
 3.035470e+000  2.335362e-001  3.154366e-002
 3.040150e+000  2.052564e-001  3.144166e-002
 3.044830e+000  1.983519e-001  3.145833e-002
 3.049500e+000  1.895015e-001  3.138019e-002
 3.054180e+000  1.923881e-001  3.134483e-002
 3.058860e+000  2.218902e-001  3.132173e-002
 3.063540e+000  2.039090e-001  3.129775e-002
 3.068220e+000  2.346832e-001  3.131783e-002
 3.072900e+000  2.535201e-001  3.126715e-002
 3.077580e+000  2.074298e-001  3.116091e-002
 3.082260e+000  2.080992e-001  3.118787e-002
 3.086930e+000  1.964614e-001  3.109838e-002
 3.091610e+000  1.947065e-001  3.107631e-002
 3.096290e+000  1.926671e-001  3.105597e-002
 3.100970e+000  1.817860e-001  3.105277e-002
 3.105650e+000  2.168977e-001  3.104069e-002
 3.110330e+000  2.455411e-001  3.097394e-002
 3.115010e+000  2.364054e-001  3.091922e-002
 3.119690e+000  2.372488e-001  3.098828e-002
 3.124360e+000  2.131049e-001  3.091486e-002
 3.129040e+000  1.965697e-001  3.087693e-002
 3.133720e+000  2.175247e-001  3.085394e-002
 3.138400e+000  2.173673e-001  3.079592e-002
 3.143080e+000  2.452741e-001  3.078291e-002
 3.147760e+000  2.473063e-001  3.075071e-002
 3.152440e+000  2.367323e-001  3.069679e-002
 3.157120e+000  2.619685e-001  3.073275e-002
 3.161790e+000  2.221752e-001  3.065369e-002
 3.166470e+000  2.232387e-001  3.063006e-002
 3.171150e+000  2.370458e-001  3.064841e-002
 3.175830e+000  2.201067e-001  3.056962e-002
 3.180510e+000  2.092943e-001  3.049936e-002
 3.185190e+000  2.059097e-001  3.050315e-002
 3.189870e+000  2.290969e-001  3.049965e-002
 3.194550e+000  2.284161e-001  3.049618e-002
 3.199220e+000  1.866340e-001  3.041517e-002
 3.203900e+000  1.985306e-001  3.039481e-002
 3.208580e+000  2.013379e-001  3.036790e-002
 3.213260e+000  1.974896e-001  3.035739e-002
 3.217940e+000  2.355010e-001  3.034476e-002
 3.222620e+000  2.414704e-001  3.024919e-002
 3.227300e+000  2.183289e-001  3.022471e-002
 3.231970e+000  2.049490e-001  3.011527e-002
 3.236650e+000  2.399371e-001  3.018654e-002
 3.241330e+000  2.196706e-001  3.016210e-002
 3.246010e+000  2.282325e-001  3.009627e-002
 3.250690e+000  2.162346e-001  3.008107e-002
 3.255370e+000  2.165389e-001  3.004352e-002
 3.260050e+000  1.865055e-001  3.007040e-002
 3.264720e+000  1.909219e-001  2.998689e-002
 3.269400e+000  2.135304e-001  2.999035e-002
 3.274080e+000  2.348848e-001  2.999681e-002
 3.278760e+000  2.381063e-001  2.999835e-002
 3.283440e+000  2.372540e-001  2.999888e-002
 3.288120e+000  2.219075e-001  2.998210e-002
 3.292800e+000  1.876335e-001  2.989880e-002
 3.297480e+000  1.962254e-001  2.993589e-002
 3.302150e+000  2.037510e-001  2.985654e-002
 3.306830e+000  2.358170e-001  2.985330e-002
 3.311510e+000  1.870371e-001  2.982960e-002
 3.316190e+000  1.665525e-001  2.977943e-002
 3.320870e+000  1.882788e-001  2.977314e-002
 3.325550e+000  2.034110e-001  2.978498e-002
 3.330230e+000  2.193656e-001  2.974033e-002
 3.334910e+000  2.033726e-001  2.975667e-002
 3.339580e+000  2.054643e-001  2.969264e-002
 3.344260e+000  1.872533e-001  2.969581e-002
 3.348940e+000  2.171867e-001  2.968235e-002
 3.353620e+000  2.353347e-001  2.974198e-002
 3.358300e+000  2.360013e-001  3.009206e-002
 3.362980e+000  2.332724e-001  3.069455e-002
 3.367660e+000  2.045724e-001  3.102108e-002
 3.372340e+000  1.981676e-001  3.131200e-002
 3.377010e+000  1.926554e-001  3.138695e-002
 3.381690e+000  2.322565e-001  3.153727e-002
 3.386370e+000  2.364737e-001  3.157199e-002
 3.391050e+000  1.942083e-001  3.150315e-002
 3.395730e+000  2.127938e-001  3.155355e-002
 3.400410e+000  2.251082e-001  3.162913e-002
 3.405090e+000  2.187140e-001  3.162345e-002
 3.409770e+000  2.073456e-001  3.174338e-002
 3.414440e+000  2.133994e-001  3.176941e-002
 3.419120e+000  2.216140e-001  3.185838e-002
 3.423800e+000  2.117100e-001  3.188446e-002
 3.428480e+000  2.035076e-001  3.192498e-002
 3.433160e+000  1.825736e-001  3.196146e-002
 3.437840e+000  2.116061e-001  3.198748e-002
 3.442520e+000  2.437563e-001  3.215907e-002
 3.447190e+000  2.076093e-001  3.212108e-002
 3.451870e+000  2.206386e-001  3.220783e-002
 3.456550e+000  1.935545e-001  3.224963e-002
 3.461230e+000  1.827366e-001  3.228899e-002
 3.465910e+000  1.584762e-001  3.229849e-002
 3.470590e+000  1.849153e-001  3.233122e-002
 3.475270e+000  1.835878e-001  3.245780e-002
 3.479940e+000  2.220021e-001  3.242022e-002
 3.484620e+000  2.361130e-001  3.246068e-002
 3.489300e+000  2.264880e-001  3.251610e-002
 3.493980e+000  2.123099e-001  3.251741e-002
 3.498660e+000  1.983643e-001  3.251601e-002
 3.503340e+000  1.898922e-001  3.255220e-002
 3.508020e+000  1.878053e-001  3.259825e-002
 3.512700e+000  2.147242e-001  3.270749e-002
 3.517370e+000  2.110413e-001  3.268976e-002
 3.522050e+000  1.759260e-001  3.271528e-002
 3.526730e+000  1.864211e-001  3.270439e-002
 3.531410e+000  1.857802e-001  3.272929e-002
 3.536090e+000  1.774591e-001  3.274677e-002
 3.540770e+000  2.068319e-001  3.279561e-002
 3.545450e+000  2.083192e-001  3.283900e-002
 3.550120e+000  1.691975e-001  3.279712e-002
 3.554800e+000  1.558567e-001  3.281069e-002
 3.559480e+000  1.539572e-001  3.284189e-002
 3.564160e+000  1.946501e-001  3.289880e-002
 3.568840e+000  1.796594e-001  3.292630e-002
 3.573520e+000  1.898210e-001  3.297115e-002
 3.578200e+000  2.196778e-001  3.302132e-002
 3.582880e+000  2.137389e-001  3.298290e-002
 3.587560e+000  2.298834e-001  3.300631e-002
 3.592230e+000  2.428005e-001  3.294728e-002
 3.596910e+000  1.942137e-001  3.291346e-002
 3.601590e+000  1.993693e-001  3.289594e-002
 3.606270e+000  1.669475e-001  3.284407e-002
 3.610950e+000  1.781267e-001  3.290105e-002
 3.615630e+000  1.875018e-001  3.288410e-002
 3.620310e+000  1.878060e-001  3.295739e-002
 3.624980e+000  1.985001e-001  3.291641e-002
 3.629660e+000  2.152498e-001  3.296664e-002
 3.634340e+000  2.073035e-001  3.294296e-002
 3.639020e+000  1.959647e-001  3.298589e-002
 3.643700e+000  1.747646e-001  3.302384e-002
 3.648380e+000  2.104852e-001  3.315025e-002
 3.653060e+000  1.931563e-001  3.370621e-002
 3.657740e+000  2.063869e-001  3.475005e-002
 3.662410e+000  2.291105e-001  3.532460e-002
 3.667090e+000  2.340066e-001  3.593070e-002
 3.671770e+000  2.285361e-001  3.634982e-002
 3.676450e+000  1.775701e-001  3.654896e-002
 3.681130e+000  1.987976e-001  3.681853e-002
 3.685810e+000  2.067013e-001  3.700019e-002
 3.690490e+000  1.782930e-001  3.720268e-002
 3.695160e+000  1.827505e-001  3.732895e-002
 3.699840e+000  1.885312e-001  3.758104e-002
 3.704520e+000  1.429158e-001  3.775291e-002
 3.709200e+000  1.612696e-001  3.793832e-002
 3.713880e+000  1.529401e-001  3.810973e-002
 3.718560e+000  1.800389e-001  3.834554e-002
 3.723240e+000  1.641056e-001  3.846935e-002
 3.727920e+000  2.180695e-001  3.869833e-002
 3.732590e+000  2.206627e-001  3.879435e-002
 3.737270e+000  2.149467e-001  3.899199e-002
 3.741950e+000  2.308525e-001  3.918679e-002
 3.746630e+000  2.344026e-001  3.936914e-002
 3.751310e+000  1.507073e-001  3.945058e-002
 3.755990e+000  1.923837e-001  3.958348e-002
 3.760670e+000  2.195859e-001  3.983503e-002
 3.765340e+000  2.101240e-001  3.989937e-002
 3.770020e+000  1.912645e-001  4.006310e-002
 3.774700e+000  1.543917e-001  4.025460e-002
 3.779380e+000  1.734180e-001  4.041003e-002
 3.784060e+000  2.375467e-001  4.055411e-002
 3.788740e+000  2.424422e-001  4.066131e-002
 3.793420e+000  2.125278e-001  4.077612e-002
 3.798100e+000  2.074766e-001  4.094501e-002
 3.802780e+000  2.210183e-001  4.124986e-002
 3.807450e+000  2.479250e-001  4.133454e-002
 3.812130e+000  2.452718e-001  4.143829e-002
 3.816810e+000  2.346367e-001  4.153810e-002
 3.821490e+000  1.998050e-001  4.170060e-002
 3.826170e+000  1.581818e-001  4.182247e-002
 3.830850e+000  1.563755e-001  4.201251e-002
 3.835530e+000  1.802833e-001  4.227210e-002
 3.840200e+000  1.918271e-001  4.231982e-002
 3.844880e+000  1.825663e-001  4.251087e-002
 3.849560e+000  1.865837e-001  4.268206e-002
 3.854240e+000  2.006428e-001  4.276304e-002
 3.858920e+000  1.602508e-001  4.292033e-002
 3.863600e+000  2.077056e-001  4.310654e-002
 3.868280e+000  1.996338e-001  4.317305e-002
 3.872960e+000  1.880232e-001  4.334279e-002
 3.877630e+000  1.833855e-001  4.340170e-002
 3.882310e+000  2.468080e-001  4.367467e-002
 3.886990e+000  2.740362e-001  4.384927e-002
 3.891670e+000  2.118740e-001  4.398851e-002
 3.896350e+000  1.310993e-001  4.410373e-002
 3.901030e+000  1.557510e-001  4.431605e-002
 3.905710e+000  2.057707e-001  4.442029e-002
 3.910390e+000  2.263028e-001  4.464584e-002
 3.915060e+000  2.113086e-001  4.457840e-002
 3.919740e+000  2.300370e-001  4.480444e-002
 3.924420e+000  2.176282e-001  4.500444e-002
 3.929100e+000  2.279136e-001  4.520719e-002
 3.933780e+000  1.769988e-001  4.519918e-002
 3.938460e+000  2.013065e-001  4.530794e-002
 3.943130e+000  1.650390e-001  4.519610e-002
 3.947810e+000  1.559787e-001  4.515311e-002
 3.952490e+000  2.054744e-001  4.521344e-002
 3.957170e+000  2.319857e-001  4.526613e-002
 3.961850e+000  2.417430e-001  4.528053e-002
 3.966530e+000  2.111259e-001  4.539041e-002
 3.971210e+000  1.878856e-001  4.549750e-002
 3.975890e+000  1.759154e-001  4.573388e-002
 3.980560e+000  1.727663e-001  4.574645e-002
 3.985240e+000  2.033969e-001  4.594335e-002
 3.989920e+000  1.974211e-001  4.607483e-002
 3.994600e+000  2.162929e-001  4.621449e-002
 3.999280e+000  2.267922e-001  4.639762e-002
 4.003960e+000  2.738946e-001  4.669262e-002
 4.008640e+000  2.340207e-001  4.686210e-002
 4.013320e+000  1.999571e-001  4.704706e-002
 4.017990e+000  2.132283e-001  4.711323e-002
 4.022670e+000  2.541383e-001  4.729235e-002
 4.027350e+000  2.255182e-001  4.736403e-002
 4.032030e+000  1.825260e-001  4.757563e-002
 4.036710e+000  1.860678e-001  4.771510e-002
 4.041390e+000  2.424398e-001  4.788738e-002
 4.046070e+000  2.165884e-001  4.804574e-002
 4.050750e+000  2.102271e-001  4.822753e-002
 4.055420e+000  2.219875e-001  4.830274e-002
 4.060100e+000  1.500085e-001  4.845476e-002
 4.064780e+000  1.914347e-001  4.871952e-002
 4.069460e+000  2.337634e-001  4.885013e-002
 4.074140e+000  2.072987e-001  4.900311e-002
 4.078820e+000  1.861510e-001  4.915954e-002
 4.083500e+000  1.962545e-001  4.950719e-002
 4.088170e+000  2.112796e-001  4.955907e-002
 4.092850e+000  1.817610e-001  4.965488e-002
 4.097530e+000  1.342397e-001  4.984044e-002
 4.102210e+000  1.440688e-001  4.996134e-002
 4.106890e+000  1.442828e-001  5.020472e-002
 4.111570e+000  1.977038e-001  5.054600e-002
 4.116250e+000  2.071770e-001  5.064723e-002
 4.120930e+000  1.868584e-001  5.088885e-002
 4.125600e+000  1.788925e-001  5.097324e-002
 4.130280e+000  2.078692e-001  5.118024e-002
 4.134960e+000  1.905205e-001  5.138125e-002
 4.139640e+000  2.334761e-001  5.156374e-002
 4.144320e+000  1.667437e-001  5.166217e-002
 4.149000e+000  1.478467e-001  5.182158e-002
 4.153680e+000  1.289316e-001  5.189498e-002
 4.158360e+000  1.848390e-001  5.230207e-002
 4.163030e+000  1.444428e-001  5.230229e-002
 4.167710e+000  1.400060e-001  5.249318e-002
 4.172390e+000  1.738149e-001  5.274100e-002
 4.177070e+000  2.166505e-001  5.305898e-002
 4.181750e+000  2.047907e-001  5.327232e-002
 4.186430e+000  3.052313e-001  5.368790e-002
 4.191110e+000  2.328424e-001  5.393179e-002
 4.195780e+000  1.628917e-001  5.393286e-002
 4.200460e+000  1.352038e-001  5.399498e-002
 4.205140e+000  8.822783e-002  5.411818e-002
 4.209820e+000  6.833884e-002  5.437169e-002
 4.214500e+000  8.587865e-002  5.455785e-002
 4.219180e+000  1.136190e-001  5.483483e-002
 4.223860e+000  1.163794e-001  5.499248e-002
 4.228540e+000  1.409486e-001  5.536260e-002
 4.233210e+000  1.817043e-001  5.557573e-002
 4.237890e+000  2.110977e-001  5.575034e-002
 4.242570e+000  1.538301e-001  5.590463e-002
 4.247250e+000  1.419772e-001  5.615918e-002
 4.251930e+000  1.673310e-001  5.647350e-002
 4.256610e+000  2.164520e-001  5.663775e-002
 4.261290e+000  1.645076e-001  5.687820e-002
 4.265960e+000  1.165895e-001  5.699996e-002
 4.270640e+000  1.781198e-001  5.745223e-002
 4.275320e+000  2.060753e-001  5.765797e-002
 4.280000e+000  1.958619e-001  5.789335e-002
 4.284680e+000  2.027684e-001  5.799301e-002
 4.289360e+000  1.850445e-001  5.828643e-002
 4.294040e+000  1.554837e-001  5.849775e-002
 4.298720e+000  2.524921e-001  5.873324e-002
 4.303400e+000  2.739549e-001  5.909098e-002
 4.308070e+000  2.032465e-001  5.922801e-002
 4.312750e+000  1.896297e-001  5.946402e-002
 4.317430e+000  2.042452e-001  5.980455e-002
 4.322110e+000  2.045572e-001  6.003872e-002
 4.326790e+000  2.038350e-001  6.030699e-002
 4.331470e+000  2.147715e-001  6.053112e-002
 4.336150e+000  2.334558e-001  6.092270e-002
 4.340820e+000  2.190882e-001  6.103597e-002
 4.345500e+000  2.085597e-001  6.148456e-002
 4.350180e+000  1.500274e-001  6.161312e-002
 4.354860e+000  1.670791e-001  6.197884e-002
 4.359540e+000  1.591612e-001  6.237952e-002
 4.364220e+000  1.824702e-001  6.264567e-002
 4.368900e+000  1.834897e-001  6.303920e-002
 4.373570e+000  1.325734e-001  6.308255e-002
 4.378250e+000  1.716834e-001  6.343750e-002
 4.382930e+000  1.766216e-001  6.371513e-002
 4.387610e+000  2.310933e-001  6.411958e-002
 4.392290e+000  2.343971e-001  6.435939e-002
 4.396970e+000  2.645614e-001  6.469546e-002
 4.401650e+000  2.851175e-001  6.496110e-002
 4.406330e+000  2.142216e-001  6.515442e-002
 4.411000e+000  2.032680e-001  6.510445e-002
 4.415680e+000  2.191429e-001  6.512859e-002
 4.420360e+000  2.203314e-001  6.512340e-002
 4.425040e+000  1.754202e-001  6.513261e-002
 4.429720e+000  1.613044e-001  6.526397e-002
 4.434400e+000  2.336808e-001  6.542302e-002
 4.439080e+000  1.719670e-001  6.542450e-002
 4.443760e+000  1.373687e-001  6.549822e-002
 4.448430e+000  1.877531e-001  6.588705e-002
 4.453110e+000  2.133829e-001  6.631000e-002
 4.457790e+000  2.259411e-001  6.659372e-002
 4.462470e+000  1.435557e-001  6.680118e-002
 4.467150e+000  8.917999e-002  6.696679e-002
 4.471830e+000  1.606929e-001  6.712567e-002
 4.476510e+000  1.473512e-001  6.763908e-002
 4.481180e+000  2.485613e-001  6.821824e-002
 4.485860e+000  2.810643e-001  6.862113e-002
 4.490540e+000  2.826766e-001  6.906279e-002
 4.495220e+000  2.530501e-001  6.942253e-002
 4.499900e+000  2.377874e-001  6.978369e-002
 4.504580e+000  2.669293e-001  7.034443e-002
 4.509260e+000  2.498198e-001  7.055302e-002
 4.513940e+000  1.518383e-001  7.073674e-002
 4.518610e+000  1.742354e-001  7.117271e-002
 4.523290e+000  1.904414e-001  7.170372e-002
 4.527970e+000  1.956252e-001  7.230246e-002
 4.532650e+000  2.203913e-001  7.270079e-002
 4.537330e+000  2.188678e-001  7.297359e-002
 4.542010e+000  2.739334e-001  7.352236e-002
 4.546690e+000  2.366824e-001  7.389203e-002
 4.551360e+000  1.555853e-001  7.403295e-002
 4.556040e+000  1.435310e-001  7.468096e-002
 4.560720e+000  1.041729e-001  7.512227e-002
 4.565400e+000  8.993393e-002  7.549504e-002
 4.570080e+000  1.706870e-001  7.610001e-002
 4.574760e+000  2.151543e-001  7.666068e-002
 4.579440e+000  1.895255e-001  7.719051e-002
 4.584120e+000  1.329576e-001  7.763483e-002
 4.588800e+000  1.370596e-001  7.816664e-002
 4.593470e+000  1.933367e-001  7.864408e-002
 4.598150e+000  1.163306e-001  7.906825e-002
 4.602830e+000  1.296400e-001  7.947528e-002
 4.607510e+000  1.438617e-001  8.022886e-002
 4.612190e+000  1.824324e-001  8.098387e-002
 4.616870e+000  2.476486e-001  8.188485e-002
 4.621550e+000  1.995768e-001  8.238765e-002
 4.626220e+000  2.478294e-001  8.285731e-002
 4.630900e+000  2.778375e-001  8.355596e-002
 4.635580e+000  1.932464e-001  8.401123e-002
 4.640260e+000  2.159362e-001  8.495442e-002
 4.644940e+000  1.923132e-001  8.558537e-002
 4.649620e+000  1.205430e-001  8.588795e-002
 4.654300e+000  2.061717e-001  8.703946e-002
 4.658970e+000  2.338010e-001  8.750873e-002
 4.663650e+000  8.896189e-002  8.784612e-002
 4.668330e+000  7.311824e-002  8.862374e-002
 4.673010e+000  1.968035e-001  8.970221e-002
 4.677690e+000  1.455474e-001  9.045526e-002
 4.682370e+000  1.938322e-001  9.154827e-002
 4.687050e+000  1.892745e-001  9.264227e-002
 4.691730e+000  1.550592e-001  9.317903e-002
 4.696410e+000  2.018013e-001  9.425821e-002
 4.701080e+000  2.097808e-001  9.486654e-002
 4.705760e+000  1.935735e-001  9.563478e-002
 4.710440e+000  2.043090e-001  9.631838e-002
 4.715120e+000  2.329180e-001  9.753810e-002
 4.719800e+000  2.063416e-001  9.803289e-002
 4.724480e+000  2.289059e-001  9.905343e-002
 4.729160e+000  2.809552e-001  1.006970e-001
 4.733830e+000  2.627995e-001  1.018153e-001
 4.738510e+000  2.335067e-001  1.031694e-001
 4.743190e+000  1.417045e-001  1.039468e-001
 4.747870e+000  2.581007e-001  1.050708e-001
 4.752550e+000  2.931973e-001  1.065156e-001
 4.757230e+000  2.298411e-001  1.071746e-001
 4.761910e+000  2.395484e-001  1.085098e-001
 4.766590e+000  2.742716e-001  1.106292e-001
 4.771260e+000  3.064626e-001  1.122514e-001
 4.775940e+000  3.399152e-001  1.139137e-001
 4.780620e+000  1.679244e-001  1.148127e-001
 4.785300e+000  1.349379e-001  1.163705e-001
 4.789980e+000  2.326164e-001  1.177098e-001
 4.794660e+000  2.377010e-001  1.193239e-001
 4.799340e+000  3.282486e-001  1.219902e-001
 4.804010e+000  2.066643e-001  1.234626e-001
 4.808690e+000  1.747238e-001  1.255610e-001
 4.813370e+000  2.294418e-001  1.276794e-001
 4.818050e+000  2.233607e-001  1.304449e-001
 4.822730e+000  1.857006e-001  1.325768e-001
 4.827410e+000  1.719897e-001  1.338111e-001
 4.832090e+000  6.019895e-002  1.363548e-001
 4.836760e+000  2.496324e-001  1.397237e-001
 4.841440e+000  3.212785e-001  1.434738e-001
 4.846120e+000  3.374349e-001  1.462390e-001
 4.850800e+000  2.495431e-001  1.493652e-001
 4.855480e+000  1.090050e-001  1.525562e-001
 4.860160e+000  2.353383e-001  1.563152e-001
 4.864840e+000  3.775498e-001  1.615867e-001
 4.869520e+000  1.740455e-001  1.654236e-001
 4.874200e+000  1.280794e-001  1.701181e-001
 4.878870e+000  1.615983e-001  1.747271e-001
 4.883550e+000  2.822503e-001  1.800498e-001
 4.888230e+000  3.834000e-001  1.860333e-001
 4.892910e+000  2.031198e-001  1.929759e-001
 4.897590e+000  2.364804e-001  2.011011e-001
 4.902270e+000  2.129936e-001  2.245322e-001
 4.906950e+000  8.237762e-002  4.069929e-001
 4.911620e+000 -1.909622e-001  8.473426e-001
range-from: 3.0000
range-to: 1043
parent: C:/Users/PC-BIO3/AppData/Local/Temp/qt_temp.Hp2824
parent: C:/Users/PC-BIO3/AppData/Local/Temp/qt_temp.gq2824
parent: C:/Users/PC-BIO3/AppData/Local/Temp/qt_temp.Uh2824
creator: datmerge
creator-version: v0.3 (r4556)
datmerge-scale: 1.0000
datmerge-scale: .9661
datmerge-scale: .9010
