Sample description: primus/qt temporary file
Sample: primus/qt tempo  c= 0 mg/ml  Code: tmp
Parent(s): C:/Users/jeffries/Desktop/SASBDB/Submissions/transglutaminase_FAB_complex/complex_data.dat
 1.438000e-001  1.969860e+004  1.481080e+002
 1.464000e-001  1.957250e+004  1.481160e+002
 1.490000e-001  1.930300e+004  1.438980e+002
 1.517000e-001  1.929430e+004  1.435120e+002
 1.543000e-001  1.914860e+004  1.470950e+002
 1.569000e-001  1.913110e+004  1.467130e+002
 1.596000e-001  1.917520e+004  1.474270e+002
 1.622000e-001  1.917850e+004  1.457830e+002
 1.648000e-001  1.893520e+004  1.465150e+002
 1.675000e-001  1.890220e+004  1.459390e+002
 1.701000e-001  1.862640e+004  1.446540e+002
 1.727000e-001  1.863450e+004  1.444650e+002
 1.754000e-001  1.865980e+004  1.433140e+002
 1.780000e-001  1.853080e+004  1.434980e+002
 1.807000e-001  1.833090e+004  1.413200e+002
 1.833000e-001  1.849920e+004  1.427440e+002
 1.859000e-001  1.826500e+004  1.413420e+002
 1.886000e-001  1.823210e+004  1.388870e+002
 1.912000e-001  1.818060e+004  1.399230e+002
 1.938000e-001  1.817350e+004  1.382820e+002
 1.965000e-001  1.784400e+004  1.382040e+002
 1.991000e-001  1.770400e+004  1.372420e+002
 2.017000e-001  1.774830e+004  1.357080e+002
 2.044000e-001  1.745740e+004  1.337240e+002
 2.070000e-001  1.750250e+004  1.322280e+002
 2.096000e-001  1.730230e+004  1.339160e+002
 2.123000e-001  1.725130e+004  1.309220e+002
 2.149000e-001  1.717040e+004  1.309380e+002
 2.175000e-001  1.698350e+004  1.302800e+002
 2.202000e-001  1.689820e+004  1.293170e+002
 2.228000e-001  1.665430e+004  1.295400e+002
 2.254000e-001  1.671190e+004  1.263090e+002
 2.281000e-001  1.654670e+004  1.261340e+002
 2.307000e-001  1.645580e+004  1.246540e+002
 2.333000e-001  1.649960e+004  1.251150e+002
 2.360000e-001  1.629860e+004  1.250080e+002
 2.386000e-001  1.615570e+004  1.225940e+002
 2.412000e-001  1.596550e+004  1.219400e+002
 2.439000e-001  1.596990e+004  1.209980e+002
 2.465000e-001  1.589110e+004  1.208010e+002
 2.492000e-001  1.582350e+004  1.206680e+002
 2.518000e-001  1.584920e+004  1.194580e+002
 2.544000e-001  1.564320e+004  1.195950e+002
 2.571000e-001  1.538130e+004  1.163210e+002
 2.597000e-001  1.521650e+004  1.158280e+002
 2.623000e-001  1.513340e+004  1.159180e+002
 2.650000e-001  1.518580e+004  1.154410e+002
 2.676000e-001  1.501900e+004  1.148250e+002
 2.702000e-001  1.495100e+004  1.127420e+002
 2.729000e-001  1.488050e+004  1.131650e+002
 2.755000e-001  1.467560e+004  1.112770e+002
 2.781000e-001  1.462860e+004  1.110180e+002
 2.808000e-001  1.452780e+004  1.105110e+002
 2.834000e-001  1.445960e+004  1.099090e+002
 2.860000e-001  1.419560e+004  1.087580e+002
 2.887000e-001  1.417550e+004  1.072740e+002
 2.913000e-001  1.396340e+004  1.066520e+002
 2.939000e-001  1.375620e+004  1.059980e+002
 2.966000e-001  1.368340e+004  1.050470e+002
 2.992000e-001  1.365140e+004  1.054350e+002
 3.018000e-001  1.367020e+004  1.035390e+002
 3.045000e-001  1.340840e+004  1.029940e+002
 3.071000e-001  1.333110e+004  1.026140e+002
 3.097000e-001  1.327570e+004  1.024330e+002
 3.124000e-001  1.313040e+004  1.012900e+002
 3.150000e-001  1.291590e+004  9.873280e+001
 3.177000e-001  1.293690e+004  9.983760e+001
 3.203000e-001  1.262310e+004  9.783360e+001
 3.229000e-001  1.253660e+004  9.778160e+001
 3.256000e-001  1.271660e+004  9.815040e+001
 3.282000e-001  1.241980e+004  9.592160e+001
 3.308000e-001  1.242730e+004  9.673120e+001
 3.335000e-001  1.235480e+004  9.534480e+001
 3.361000e-001  1.222500e+004  9.494560e+001
 3.387000e-001  1.209100e+004  9.361280e+001
 3.414000e-001  1.198840e+004  9.262720e+001
 3.440000e-001  1.182380e+004  9.289600e+001
 3.466000e-001  1.175860e+004  9.129760e+001
 3.493000e-001  1.174200e+004  9.191200e+001
 3.519000e-001  1.146130e+004  9.058640e+001
 3.545000e-001  1.144060e+004  9.026000e+001
 3.572000e-001  1.120800e+004  8.986880e+001
 3.598000e-001  1.118110e+004  9.109200e+001
 3.624000e-001  1.114770e+004  9.269440e+001
 3.651000e-001  1.097910e+004  9.224400e+001
 3.677000e-001  1.094880e+004  9.321760e+001
 3.703000e-001  1.089700e+004  9.309040e+001
 3.730000e-001  1.080500e+004  9.316720e+001
 3.756000e-001  1.066960e+004  9.389040e+001
 3.782000e-001  1.055450e+004  9.248560e+001
 3.809000e-001  1.040460e+004  9.335680e+001
 3.835000e-001  1.037680e+004  9.240960e+001
 3.862000e-001  1.025900e+004  9.344320e+001
 3.888000e-001  1.019300e+004  9.340640e+001
 3.914000e-001  1.009560e+004  9.205040e+001
 3.941000e-001  9.974800e+003  9.302560e+001
 3.967000e-001  9.922560e+003  9.197040e+001
 3.993000e-001  9.792560e+003  9.235280e+001
 4.020000e-001  9.603360e+003  9.095520e+001
 4.046000e-001  9.552640e+003  9.140080e+001
 4.072000e-001  9.428160e+003  9.169760e+001
 4.099000e-001  9.378240e+003  9.044800e+001
 4.125000e-001  9.300640e+003  8.995680e+001
 4.151000e-001  9.166080e+003  8.664480e+001
 4.178000e-001  9.036640e+003  8.485520e+001
 4.204000e-001  8.993600e+003  8.391680e+001
 4.230000e-001  8.865680e+003  8.184240e+001
 4.257000e-001  8.825760e+003  8.197920e+001
 4.283000e-001  8.795600e+003  8.026480e+001
 4.309000e-001  8.628160e+003  7.959980e+001
 4.336000e-001  8.502640e+003  7.928850e+001
 4.362000e-001  8.440720e+003  7.752900e+001
 4.388000e-001  8.387840e+003  7.747550e+001
 4.415000e-001  8.343200e+003  7.615610e+001
 4.441000e-001  8.237680e+003  7.614380e+001
 4.467000e-001  8.100720e+003  7.494470e+001
 4.494000e-001  8.001360e+003  7.417030e+001
 4.520000e-001  8.016160e+003  7.445970e+001
 4.547000e-001  7.859240e+003  7.275610e+001
 4.573000e-001  7.789360e+003  7.291710e+001
 4.599000e-001  7.676170e+003  7.170330e+001
 4.626000e-001  7.619590e+003  7.117660e+001
 4.652000e-001  7.515610e+003  7.074500e+001
 4.678000e-001  7.503840e+003  6.969490e+001
 4.705000e-001  7.434060e+003  6.988970e+001
 4.731000e-001  7.367220e+003  6.863780e+001
 4.757000e-001  7.222980e+003  6.894300e+001
 4.784000e-001  7.147710e+003  6.819290e+001
 4.810000e-001  7.089370e+003  6.705120e+001
 4.836000e-001  6.999250e+003  6.704160e+001
 4.863000e-001  6.887380e+003  6.572620e+001
 4.889000e-001  6.798220e+003  6.609530e+001
 4.915000e-001  6.739620e+003  6.498470e+001
 4.942000e-001  6.709500e+003  6.473900e+001
 4.968000e-001  6.641330e+003  6.504910e+001
 4.994000e-001  6.612920e+003  6.467290e+001
 5.021000e-001  6.473570e+003  6.358690e+001
 5.047000e-001  6.526470e+003  6.307460e+001
 5.073000e-001  6.421300e+003  6.259250e+001
 5.100000e-001  6.258130e+003  6.215500e+001
 5.126000e-001  6.178590e+003  6.148310e+001
 5.153000e-001  6.144400e+003  6.089420e+001
 5.179000e-001  6.103130e+003  6.054240e+001
 5.205000e-001  5.962230e+003  5.988340e+001
 5.232000e-001  5.936820e+003  5.983460e+001
 5.258000e-001  5.826940e+003  5.900380e+001
 5.284000e-001  5.869620e+003  6.009460e+001
 5.311000e-001  5.764420e+003  6.017560e+001
 5.337000e-001  5.713560e+003  6.055260e+001
 5.363000e-001  5.687640e+003  6.034010e+001
 5.390000e-001  5.581790e+003  6.013470e+001
 5.416000e-001  5.570220e+003  6.071580e+001
 5.442000e-001  5.412320e+003  6.047470e+001
 5.469000e-001  5.370300e+003  5.979940e+001
 5.495000e-001  5.286640e+003  5.923740e+001
 5.521000e-001  5.303150e+003  5.895860e+001
 5.548000e-001  5.256640e+003  5.882990e+001
 5.574000e-001  5.148980e+003  5.777310e+001
 5.600000e-001  5.133460e+003  5.684660e+001
 5.627000e-001  5.062240e+003  5.619640e+001
 5.653000e-001  4.967770e+003  5.515100e+001
 5.679000e-001  4.944580e+003  5.465700e+001
 5.706000e-001  4.912630e+003  5.388980e+001
 5.732000e-001  4.901930e+003  5.363840e+001
 5.758000e-001  4.788080e+003  5.310100e+001
 5.785000e-001  4.741040e+003  5.262800e+001
 5.811000e-001  4.695080e+003  5.198840e+001
 5.838000e-001  4.648550e+003  5.187050e+001
 5.864000e-001  4.604410e+003  5.176500e+001
 5.890000e-001  4.647580e+003  5.182410e+001
 5.917000e-001  4.582660e+003  5.108260e+001
 5.943000e-001  4.567200e+003  5.090540e+001
 5.969000e-001  4.451430e+003  5.046080e+001
 5.996000e-001  4.386140e+003  4.982120e+001
 6.022000e-001  4.353140e+003  4.953150e+001
 6.048000e-001  4.323820e+003  4.939540e+001
 6.075000e-001  4.270550e+003  4.877180e+001
 6.101000e-001  4.199140e+003  4.883950e+001
 6.127000e-001  4.071680e+003  4.760920e+001
 6.154000e-001  4.093400e+003  4.756160e+001
 6.180000e-001  4.084200e+003  4.751580e+001
 6.206000e-001  4.097700e+003  4.753220e+001
 6.233000e-001  4.039060e+003  4.748460e+001
 6.259000e-001  3.939400e+003  4.636650e+001
 6.285000e-001  3.930600e+003  4.636410e+001
 6.312000e-001  3.880910e+003  4.596570e+001
 6.338000e-001  3.821070e+003  4.561300e+001
 6.364000e-001  3.768270e+003  4.533540e+001
 6.391000e-001  3.701700e+003  4.451640e+001
 6.417000e-001  3.683620e+003  4.453140e+001
 6.443000e-001  3.644570e+003  4.400700e+001
 6.470000e-001  3.692500e+003  4.415750e+001
 6.496000e-001  3.585640e+003  4.373020e+001
 6.523000e-001  3.575580e+003  4.339020e+001
 6.549000e-001  3.522500e+003  4.338760e+001
 6.575000e-001  3.564490e+003  4.269110e+001
 6.602000e-001  3.530400e+003  4.270380e+001
 6.628000e-001  3.474340e+003  4.218410e+001
 6.654000e-001  3.468420e+003  4.217960e+001
 6.681000e-001  3.396640e+003  4.238300e+001
 6.707000e-001  3.417950e+003  4.178470e+001
 6.733000e-001  3.325180e+003  4.171090e+001
 6.760000e-001  3.284630e+003  4.107460e+001
 6.786000e-001  3.182370e+003  4.076460e+001
 6.812000e-001  3.224140e+003  4.102820e+001
 6.839000e-001  3.148260e+003  4.029760e+001
 6.865000e-001  3.170840e+003  4.080330e+001
 6.891000e-001  3.112650e+003  3.998190e+001
 6.918000e-001  3.077710e+003  4.016140e+001
 6.944000e-001  3.031410e+003  3.963710e+001
 6.970000e-001  2.975780e+003  3.919570e+001
 6.997000e-001  2.997050e+003  3.972240e+001
 7.023000e-001  3.031830e+003  3.913450e+001
 7.049000e-001  2.964710e+003  3.906230e+001
 7.076000e-001  2.967820e+003  3.912780e+001
 7.102000e-001  2.890590e+003  3.849720e+001
 7.129000e-001  2.860240e+003  3.866270e+001
 7.155000e-001  2.841340e+003  3.793670e+001
 7.181000e-001  2.805530e+003  3.806070e+001
 7.208000e-001  2.774060e+003  3.761540e+001
 7.234000e-001  2.776790e+003  3.765340e+001
 7.260000e-001  2.742960e+003  3.732460e+001
 7.287000e-001  2.705530e+003  3.691060e+001
 7.313000e-001  2.716620e+003  3.716750e+001
 7.339000e-001  2.684620e+003  3.679840e+001
 7.366000e-001  2.644030e+003  3.647700e+001
 7.392000e-001  2.650540e+003  3.666980e+001
 7.418000e-001  2.645330e+003  3.640780e+001
 7.445000e-001  2.538500e+003  3.583750e+001
 7.471000e-001  2.561220e+003  3.571500e+001
 7.497000e-001  2.490480e+003  3.559100e+001
 7.524000e-001  2.479760e+003  3.531090e+001
 7.550000e-001  2.551230e+003  3.607710e+001
 7.576000e-001  2.514560e+003  3.644370e+001
 7.603000e-001  2.436020e+003  3.603550e+001
 7.629000e-001  2.362910e+003  3.610540e+001
 7.655000e-001  2.340100e+003  3.648040e+001
 7.682000e-001  2.342780e+003  3.667790e+001
 7.708000e-001  2.366930e+003  3.651090e+001
 7.734000e-001  2.318530e+003  3.645780e+001
 7.761000e-001  2.308370e+003  3.656470e+001
 7.787000e-001  2.288830e+003  3.621620e+001
 7.814000e-001  2.267660e+003  3.635640e+001
 7.840000e-001  2.268700e+003  3.572850e+001
 7.866000e-001  2.240070e+003  3.504140e+001
 7.893000e-001  2.175970e+003  3.442810e+001
 7.919000e-001  2.166090e+003  3.394670e+001
 7.945000e-001  2.195710e+003  3.388260e+001
 7.972000e-001  2.196800e+003  3.344980e+001
 7.998000e-001  2.106300e+003  3.322120e+001
 8.024000e-001  2.132900e+003  3.305080e+001
 8.051000e-001  2.144310e+003  3.290950e+001
 8.077000e-001  2.075760e+003  3.261190e+001
 8.103000e-001  2.009190e+003  3.203880e+001
 8.130000e-001  2.015980e+003  3.213260e+001
 8.156000e-001  2.065170e+003  3.228840e+001
 8.182000e-001  2.045420e+003  3.201030e+001
 8.209000e-001  2.035950e+003  3.208790e+001
 8.235000e-001  1.949960e+003  3.153940e+001
 8.261000e-001  1.933100e+003  3.138460e+001
 8.288000e-001  1.930840e+003  3.123660e+001
 8.314000e-001  1.939800e+003  3.136720e+001
 8.340000e-001  1.945360e+003  3.126580e+001
 8.367000e-001  1.923720e+003  3.093070e+001
 8.393000e-001  1.899770e+003  3.071570e+001
 8.419000e-001  1.822200e+003  3.019470e+001
 8.446000e-001  1.882510e+003  3.061550e+001
 8.472000e-001  1.839750e+003  3.023100e+001
 8.499000e-001  1.846270e+003  2.988100e+001
 8.525000e-001  1.807170e+003  2.991780e+001
 8.551000e-001  1.798970e+003  2.966330e+001
 8.578000e-001  1.786060e+003  2.963100e+001
 8.604000e-001  1.752980e+003  2.912470e+001
 8.630000e-001  1.757900e+003  2.926100e+001
 8.657000e-001  1.736350e+003  2.915740e+001
 8.683000e-001  1.699310e+003  2.879440e+001
 8.709000e-001  1.720320e+003  2.921620e+001
 8.736000e-001  1.675580e+003  2.864240e+001
 8.762000e-001  1.678000e+003  2.884940e+001
 8.788000e-001  1.650230e+003  2.869990e+001
 8.815000e-001  1.668060e+003  2.854310e+001
 8.841000e-001  1.638620e+003  2.861970e+001
 8.867000e-001  1.662140e+003  2.847550e+001
 8.894000e-001  1.633640e+003  2.843460e+001
 8.920000e-001  1.603800e+003  2.819820e+001
 8.946000e-001  1.567360e+003  2.777110e+001
 8.973000e-001  1.572740e+003  2.800990e+001
 8.999000e-001  1.502990e+003  2.733900e+001
 9.025000e-001  1.507070e+003  2.753830e+001
 9.052000e-001  1.508050e+003  2.730340e+001
 9.078000e-001  1.503410e+003  2.713110e+001
 9.104000e-001  1.482520e+003  2.719870e+001
 9.131000e-001  1.448760e+003  2.702940e+001
 9.157000e-001  1.422120e+003  2.709020e+001
 9.184000e-001  1.466100e+003  2.746480e+001
 9.210000e-001  1.469760e+003  2.794900e+001
 9.236000e-001  1.429770e+003  2.788200e+001
 9.263000e-001  1.365260e+003  2.747840e+001
 9.289000e-001  1.404010e+003  2.805160e+001
 9.315000e-001  1.381520e+003  2.794900e+001
 9.342000e-001  1.385880e+003  2.836870e+001
 9.368000e-001  1.404090e+003  2.840020e+001
 9.394000e-001  1.342410e+003  2.798420e+001
 9.421000e-001  1.336260e+003  2.819690e+001
 9.447000e-001  1.311800e+003  2.803960e+001
 9.473000e-001  1.329610e+003  2.855660e+001
 9.500000e-001  1.312960e+003  2.789380e+001
 9.526000e-001  1.298860e+003  2.810280e+001
 9.552000e-001  1.281310e+003  2.827000e+001
 9.579000e-001  1.245840e+003  2.800740e+001
 9.605000e-001  1.263890e+003  2.817680e+001
 9.631000e-001  1.251760e+003  2.786550e+001
 9.658000e-001  1.227570e+003  2.805830e+001
 9.684000e-001  1.164330e+003  2.779200e+001
 9.710000e-001  1.172680e+003  2.736600e+001
 9.737000e-001  1.201100e+003  2.722490e+001
 9.763000e-001  1.173460e+003  2.666180e+001
 9.790000e-001  1.159050e+003  2.659090e+001
 9.816000e-001  1.164920e+003  2.630940e+001
 9.842000e-001  1.138620e+003  2.602270e+001
 9.869000e-001  1.130370e+003  2.591170e+001
 9.895000e-001  1.105220e+003  2.557110e+001
 9.921000e-001  1.123690e+003  2.568750e+001
 9.948000e-001  1.148710e+003  2.540580e+001
 9.974000e-001  1.091380e+003  2.501710e+001
 1.000000e+000  1.077440e+003  2.495220e+001
 1.002700e+000  1.031650e+003  2.474680e+001
 1.005300e+000  1.057440e+003  2.453470e+001
 1.007900e+000  1.059730e+003  2.455980e+001
 1.010600e+000  1.046620e+003  2.469840e+001
 1.013200e+000  1.041480e+003  2.442570e+001
 1.015800e+000  1.036970e+003  2.431340e+001
 1.018500e+000  9.893520e+002  2.399770e+001
 1.021100e+000  9.877680e+002  2.380450e+001
 1.023700e+000  9.660000e+002  2.385190e+001
 1.026400e+000  9.778080e+002  2.348820e+001
 1.029000e+000  9.485360e+002  2.356280e+001
 1.031600e+000  9.749520e+002  2.350050e+001
 1.034300e+000  9.347520e+002  2.328850e+001
 1.036900e+000  9.500000e+002  2.331930e+001
 1.039600e+000  9.238240e+002  2.306620e+001
 1.042200e+000  9.474720e+002  2.326740e+001
 1.044800e+000  9.353600e+002  2.303020e+001
 1.047500e+000  9.071920e+002  2.292250e+001
 1.050100e+000  9.034880e+002  2.302320e+001
 1.052700e+000  8.557520e+002  2.242360e+001
 1.055400e+000  8.391520e+002  2.234700e+001
 1.058000e+000  8.946080e+002  2.258100e+001
 1.060600e+000  8.580080e+002  2.227390e+001
 1.063300e+000  8.626880e+002  2.221220e+001
 1.065900e+000  8.487760e+002  2.207160e+001
 1.068500e+000  8.132320e+002  2.186170e+001
 1.071200e+000  8.063680e+002  2.170960e+001
 1.073800e+000  8.436000e+002  2.201910e+001
 1.076400e+000  8.062480e+002  2.178240e+001
 1.079100e+000  7.879600e+002  2.146100e+001
 1.081700e+000  8.173280e+002  2.169680e+001
 1.084300e+000  7.842740e+002  2.141660e+001
 1.087000e+000  7.912290e+002  2.144570e+001
 1.089600e+000  7.781370e+002  2.138150e+001
 1.092200e+000  7.646420e+002  2.132490e+001
 1.094900e+000  7.520010e+002  2.094690e+001
 1.097500e+000  7.527310e+002  2.108960e+001
 1.100100e+000  7.117580e+002  2.088560e+001
 1.102800e+000  6.844610e+002  2.077800e+001
 1.105400e+000  7.000180e+002  2.056200e+001
 1.108100e+000  7.170340e+002  2.061890e+001
 1.110700e+000  6.867450e+002  2.052890e+001
 1.113300e+000  7.033180e+002  2.090470e+001
 1.115900e+000  6.906340e+002  2.044270e+001
 1.118600e+000  6.881100e+002  2.056180e+001
 1.121200e+000  6.871470e+002  2.043640e+001
 1.123900e+000  6.687100e+002  2.042150e+001
 1.126500e+000  6.699210e+002  2.024160e+001
 1.129100e+000  6.657500e+002  2.011150e+001
 1.131800e+000  6.372390e+002  1.998960e+001
 1.134400e+000  6.392870e+002  1.993130e+001
 1.137000e+000  6.297330e+002  1.993330e+001
 1.139700e+000  6.445040e+002  1.996610e+001
 1.142300e+000  6.279340e+002  1.979460e+001
 1.144900e+000  6.059940e+002  1.967380e+001
 1.147600e+000  6.117100e+002  1.957490e+001
 1.150200e+000  6.091500e+002  1.946620e+001
 1.152800e+000  5.774430e+002  1.948060e+001
 1.155500e+000  5.651260e+002  1.935700e+001
 1.158100e+000  5.703640e+002  1.945010e+001
 1.160700e+000  5.566790e+002  1.900160e+001
 1.163400e+000  5.425300e+002  1.914640e+001
 1.166000e+000  5.424850e+002  1.895350e+001
 1.168600e+000  5.538100e+002  1.915370e+001
 1.171300e+000  5.790450e+002  1.920140e+001
 1.173900e+000  5.205160e+002  1.879660e+001
 1.176600e+000  5.501680e+002  1.912120e+001
 1.179200e+000  5.307050e+002  1.880510e+001
 1.181800e+000  5.610450e+002  1.898200e+001
 1.184500e+000  5.393180e+002  1.878460e+001
 1.187100e+000  4.945390e+002  1.852210e+001
 1.189700e+000  5.358710e+002  1.873010e+001
 1.192400e+000  4.981610e+002  1.838260e+001
 1.195000e+000  5.161560e+002  1.840380e+001
 1.197600e+000  5.038010e+002  1.834460e+001
 1.200300e+000  4.729740e+002  1.808350e+001
 1.202900e+000  4.923380e+002  1.826330e+001
 1.205500e+000  4.532190e+002  1.802300e+001
 1.208200e+000  4.485670e+002  1.788180e+001
 1.210800e+000  4.983710e+002  1.807380e+001
 1.213400e+000  4.789920e+002  1.801930e+001
 1.216100e+000  4.630640e+002  1.782820e+001
 1.218700e+000  4.687620e+002  1.767740e+001
 1.221300e+000  4.527740e+002  1.783260e+001
 1.224000e+000  4.523740e+002  1.777630e+001
 1.226600e+000  4.453590e+002  1.779660e+001
 1.229200e+000  4.664560e+002  1.771110e+001
 1.231900e+000  4.297080e+002  1.763760e+001
 1.234500e+000  4.358020e+002  1.763960e+001
 1.237200e+000  4.296690e+002  1.755850e+001
 1.239800e+000  4.420970e+002  1.759350e+001
 1.242400e+000  4.340140e+002  1.762640e+001
 1.245100e+000  3.949410e+002  1.743660e+001
 1.247700e+000  4.035500e+002  1.742140e+001
 1.250300e+000  4.009660e+002  1.727830e+001
 1.253000e+000  3.638990e+002  1.708940e+001
 1.255600e+000  3.571140e+002  1.696030e+001
 1.258200e+000  3.724740e+002  1.720260e+001
 1.260900e+000  3.825880e+002  1.726860e+001
 1.263500e+000  3.818880e+002  1.708920e+001
 1.266100e+000  3.691270e+002  1.704420e+001
 1.268800e+000  3.776610e+002  1.691900e+001
 1.271400e+000  3.789840e+002  1.712230e+001
 1.274000e+000  3.644560e+002  1.688040e+001
 1.276700e+000  3.794370e+002  1.698750e+001
 1.279300e+000  3.628370e+002  1.684950e+001
 1.281900e+000  3.346350e+002  1.668770e+001
 1.284600e+000  3.494700e+002  1.661520e+001
 1.287200e+000  3.509260e+002  1.656520e+001
 1.289800e+000  3.138270e+002  1.658230e+001
 1.292500e+000  3.160260e+002  1.654710e+001
 1.295100e+000  3.344980e+002  1.661240e+001
 1.297700e+000  3.238660e+002  1.649590e+001
 1.300400e+000  3.154280e+002  1.650380e+001
 1.303000e+000  3.090700e+002  1.636740e+001
 1.305700e+000  3.168650e+002  1.639540e+001
 1.308300e+000  3.210330e+002  1.634580e+001
 1.310900e+000  3.297690e+002  1.638180e+001
 1.313500e+000  3.145210e+002  1.630320e+001
 1.316200e+000  2.878420e+002  1.613010e+001
 1.318800e+000  2.916470e+002  1.587930e+001
 1.321500e+000  3.124300e+002  1.620980e+001
 1.324100e+000  3.029850e+002  1.614320e+001
 1.326700e+000  2.872880e+002  1.601340e+001
 1.329400e+000  2.776840e+002  1.599580e+001
 1.332000e+000  2.897000e+002  1.588020e+001
 1.334600e+000  2.910400e+002  1.611100e+001
 1.337300e+000  2.789130e+002  1.583460e+001
 1.339900e+000  2.620780e+002  1.572230e+001
 1.342500e+000  2.528800e+002  1.559550e+001
 1.345200e+000  2.880210e+002  1.584360e+001
 1.347800e+000  2.791060e+002  1.570530e+001
 1.350400e+000  2.624950e+002  1.579220e+001
 1.353100e+000  2.519500e+002  1.566980e+001
 1.355700e+000  2.735460e+002  1.573780e+001
 1.358300e+000  2.735220e+002  1.580620e+001
 1.361000e+000  2.768450e+002  1.563830e+001
 1.363600e+000  2.386870e+002  1.541280e+001
 1.366200e+000  2.294660e+002  1.537980e+001
 1.368900e+000  2.380710e+002  1.551330e+001
 1.371500e+000  2.276840e+002  1.534850e+001
 1.374200e+000  2.393000e+002  1.546580e+001
 1.376800e+000  2.433140e+002  1.535880e+001
 1.379400e+000  2.489640e+002  1.546740e+001
 1.382000e+000  2.553550e+002  1.528700e+001
 1.384700e+000  2.599140e+002  1.542340e+001
 1.387300e+000  2.270940e+002  1.517230e+001
 1.390000e+000  2.227590e+002  1.538410e+001
 1.392600e+000  2.115450e+002  1.531020e+001
 1.395200e+000  2.341160e+002  1.514630e+001
 1.397900e+000  2.181690e+002  1.509540e+001
 1.400500e+000  2.065910e+002  1.498710e+001
 1.403100e+000  2.349530e+002  1.512190e+001
 1.405800e+000  2.093940e+002  1.500830e+001
 1.408400e+000  2.034420e+002  1.493840e+001
 1.411000e+000  2.132020e+002  1.503340e+001
 1.413700e+000  2.114310e+002  1.502540e+001
 1.416300e+000  2.166500e+002  1.496660e+001
 1.418900e+000  1.966080e+002  1.494670e+001
 1.421600e+000  2.165880e+002  1.479230e+001
 1.424200e+000  1.982420e+002  1.486250e+001
 1.426800e+000  1.896020e+002  1.480230e+001
 1.429500e+000  2.059070e+002  1.475610e+001
 1.432100e+000  2.101680e+002  1.479430e+001
 1.434700e+000  1.987420e+002  1.479950e+001
 1.437400e+000  1.931500e+002  1.482290e+001
 1.440000e+000  2.176220e+002  1.478970e+001
 1.442700e+000  2.042400e+002  1.466580e+001
 1.445300e+000  2.049540e+002  1.462860e+001
 1.447900e+000  2.032980e+002  1.471180e+001
 1.450600e+000  1.785230e+002  1.450210e+001
 1.453200e+000  1.892220e+002  1.454940e+001
 1.455800e+000  1.822040e+002  1.448930e+001
 1.458500e+000  1.837650e+002  1.467240e+001
 1.461100e+000  1.883430e+002  1.457640e+001
 1.463700e+000  1.691900e+002  1.455820e+001
 1.466400e+000  1.854200e+002  1.442340e+001
 1.469000e+000  1.673800e+002  1.448100e+001
 1.471600e+000  1.922890e+002  1.446090e+001
 1.474300e+000  1.709370e+002  1.457580e+001
 1.476900e+000  1.735860e+002  1.476300e+001
 1.479500e+000  1.650570e+002  1.475670e+001
 1.482200e+000  1.704160e+002  1.497750e+001
 1.484800e+000  1.831930e+002  1.483110e+001
 1.487400e+000  1.659500e+002  1.515810e+001
 1.490100e+000  1.595540e+002  1.503810e+001
 1.492700e+000  1.544460e+002  1.514970e+001
 1.495300e+000  1.557350e+002  1.525370e+001
 1.498000e+000  1.441540e+002  1.508630e+001
 1.500600e+000  1.533430e+002  1.523560e+001
 1.503300e+000  1.561220e+002  1.531710e+001
 1.505900e+000  1.533020e+002  1.520570e+001
 1.508500e+000  1.655120e+002  1.544680e+001
 1.511100e+000  1.609670e+002  1.536670e+001
 1.513800e+000  1.557820e+002  1.530610e+001
 1.516400e+000  1.624990e+002  1.537100e+001
 1.519100e+000  1.501020e+002  1.547220e+001
 1.521700e+000  1.557900e+002  1.563740e+001
 1.524300e+000  1.750070e+002  1.558550e+001
 1.527000e+000  1.436440e+002  1.555150e+001
 1.529600e+000  1.470340e+002  1.528520e+001
 1.532200e+000  1.519320e+002  1.518860e+001
 1.534900e+000  1.500700e+002  1.503710e+001
 1.537500e+000  1.571100e+002  1.505740e+001
 1.540100e+000  1.639100e+002  1.505860e+001
 1.542800e+000  1.344320e+002  1.470960e+001
 1.545400e+000  1.398060e+002  1.475820e+001
 1.548000e+000  1.344600e+002  1.464010e+001
 1.550700e+000  1.628010e+002  1.481130e+001
 1.553300e+000  1.321610e+002  1.458380e+001
 1.555900e+000  1.522360e+002  1.469410e+001
 1.558600e+000  1.259810e+002  1.454050e+001
 1.561200e+000  1.383810e+002  1.437990e+001
 1.563800e+000  1.241530e+002  1.432110e+001
 1.566500e+000  1.213100e+002  1.422690e+001
 1.569100e+000  1.249890e+002  1.426940e+001
 1.571800e+000  1.307070e+002  1.441270e+001
 1.574400e+000  1.207860e+002  1.411540e+001
 1.577000e+000  1.284490e+002  1.427220e+001
 1.579700e+000  1.193140e+002  1.399310e+001
 1.582300e+000  1.156780e+002  1.418580e+001
 1.584900e+000  1.275220e+002  1.413480e+001
 1.587600e+000  1.422780e+002  1.418890e+001
 1.590200e+000  1.289720e+002  1.425430e+001
 1.592800e+000  1.266980e+002  1.404770e+001
 1.595500e+000  1.187660e+002  1.399890e+001
 1.598100e+000  1.259570e+002  1.398660e+001
 1.600700e+000  1.453600e+002  1.431990e+001
 1.603400e+000  1.383180e+002  1.417340e+001
 1.606000e+000  1.245010e+002  1.397740e+001
 1.608600e+000  1.341780e+002  1.397530e+001
 1.611300e+000  1.466740e+002  1.409500e+001
 1.613900e+000  1.251730e+002  1.400660e+001
 1.616500e+000  1.107150e+002  1.399380e+001
 1.619200e+000  9.997280e+001  1.382390e+001
 1.621800e+000  1.255120e+002  1.392660e+001
 1.624400e+000  1.322060e+002  1.387060e+001
 1.627100e+000  9.961520e+001  1.390870e+001
 1.629700e+000  1.008930e+002  1.379540e+001
 1.632300e+000  1.043030e+002  1.368380e+001
 1.635000e+000  9.693360e+001  1.382000e+001
 1.637600e+000  1.169410e+002  1.377380e+001
 1.640300e+000  1.291300e+002  1.389900e+001
 1.642900e+000  1.146020e+002  1.378380e+001
 1.645500e+000  1.147830e+002  1.387440e+001
 1.648200e+000  1.252090e+002  1.386860e+001
 1.650800e+000  9.291840e+001  1.365230e+001
 1.653400e+000  1.037100e+002  1.371660e+001
 1.656100e+000  1.082590e+002  1.364180e+001
 1.658700e+000  9.596240e+001  1.359580e+001
 1.661300e+000  1.024960e+002  1.370540e+001
 1.664000e+000  9.783840e+001  1.363670e+001
 1.666600e+000  9.059120e+001  1.365540e+001
 1.669200e+000  9.808880e+001  1.355200e+001
 1.671900e+000  1.025350e+002  1.357560e+001
 1.674500e+000  1.118040e+002  1.361250e+001
 1.677100e+000  8.908400e+001  1.354050e+001
 1.679800e+000  9.871520e+001  1.362540e+001
 1.682400e+000  1.131090e+002  1.363090e+001
 1.685000e+000  1.128460e+002  1.361950e+001
 1.687700e+000  1.031920e+002  1.348060e+001
 1.690300e+000  9.980640e+001  1.351390e+001
 1.692900e+000  1.082830e+002  1.355300e+001
 1.695600e+000  1.052660e+002  1.352890e+001
 1.698200e+000  7.695080e+001  1.341650e+001
 1.700900e+000  9.730240e+001  1.343330e+001
 1.703500e+000  9.327680e+001  1.343900e+001
 1.706100e+000  1.167020e+002  1.352290e+001
 1.708700e+000  1.033490e+002  1.346950e+001
 1.711400e+000  9.757760e+001  1.336600e+001
 1.714000e+000  1.030110e+002  1.332250e+001
 1.716700e+000  9.329440e+001  1.334000e+001
 1.719300e+000  1.037980e+002  1.336540e+001
 1.721900e+000  9.598160e+001  1.342100e+001
 1.724600e+000  8.352720e+001  1.342540e+001
 1.727200e+000  9.907360e+001  1.341420e+001
 1.729800e+000  9.731600e+001  1.336940e+001
 1.732500e+000  9.855600e+001  1.335420e+001
 1.735100e+000  1.047140e+002  1.343950e+001
 1.737700e+000  1.177420e+002  1.341580e+001
 1.740400e+000  7.602730e+001  1.324240e+001
 1.743000e+000  7.635680e+001  1.317130e+001
 1.745600e+000  8.726240e+001  1.318340e+001
 1.748300e+000  9.222000e+001  1.328810e+001
 1.750900e+000  1.030880e+002  1.318930e+001
 1.753500e+000  9.732720e+001  1.327840e+001
 1.756200e+000  1.098370e+002  1.331720e+001
 1.758800e+000  8.589760e+001  1.323890e+001
 1.761400e+000  8.546800e+001  1.329300e+001
 1.764100e+000  9.660640e+001  1.316600e+001
 1.766700e+000  7.635670e+001  1.307990e+001
 1.769400e+000  8.635920e+001  1.328580e+001
 1.772000e+000  9.037280e+001  1.315820e+001
 1.774600e+000  9.963280e+001  1.325170e+001
 1.777300e+000  9.836240e+001  1.316380e+001
 1.779900e+000  8.709440e+001  1.326320e+001
 1.782500e+000  8.916080e+001  1.319140e+001
 1.785200e+000  8.966560e+001  1.314880e+001
 1.787800e+000  1.105580e+002  1.331870e+001
 1.790400e+000  1.076850e+002  1.316960e+001
 1.793100e+000  1.177470e+002  1.326260e+001
 1.795700e+000  8.814240e+001  1.310700e+001
 1.798300e+000  1.142960e+002  1.328540e+001
 1.801000e+000  8.118240e+001  1.300730e+001
 1.803600e+000  7.929120e+001  1.315440e+001
 1.806200e+000  7.944930e+001  1.304540e+001
 1.808900e+000  9.400640e+001  1.302900e+001
 1.811500e+000  9.655120e+001  1.311310e+001
 1.814100e+000  7.655260e+001  1.296230e+001
 1.816800e+000  8.320960e+001  1.294480e+001
 1.819400e+000  7.956860e+001  1.308000e+001
 1.822000e+000  8.505440e+001  1.303420e+001
 1.824700e+000  9.274400e+001  1.309700e+001
 1.827300e+000  8.691840e+001  1.306480e+001
 1.829900e+000  8.251680e+001  1.297100e+001
 1.832600e+000  7.515200e+001  1.298620e+001
 1.835200e+000  7.852370e+001  1.293740e+001
 1.837900e+000  6.368620e+001  1.290770e+001
 1.840500e+000  7.423140e+001  1.283170e+001
 1.843100e+000  7.462720e+001  1.290480e+001
 1.845800e+000  7.040140e+001  1.291140e+001
 1.848400e+000  7.244830e+001  1.295770e+001
 1.851000e+000  5.618130e+001  1.297430e+001
 1.853700e+000  1.098340e+002  1.305160e+001
 1.856300e+000  9.652160e+001  1.302960e+001
 1.858900e+000  7.099140e+001  1.299180e+001
 1.861600e+000  5.986000e+001  1.286540e+001
 1.864200e+000  8.155520e+001  1.276820e+001
 1.866800e+000  8.828000e+001  1.283620e+001
 1.869500e+000  7.756260e+001  1.297990e+001
 1.872100e+000  8.082400e+001  1.296170e+001
 1.874700e+000  6.935060e+001  1.282140e+001
 1.877400e+000  7.847510e+001  1.306870e+001
 1.880000e+000  7.686540e+001  1.291200e+001
 1.882600e+000  6.899440e+001  1.294180e+001
 1.885300e+000  8.318880e+001  1.276990e+001
 1.887900e+000  6.403850e+001  1.284580e+001
 1.890500e+000  8.193200e+001  1.293750e+001
 1.893200e+000  8.105280e+001  1.288140e+001
 1.895800e+000  7.122930e+001  1.288540e+001
 1.898400e+000  7.055040e+001  1.285530e+001
 1.901100e+000  7.536030e+001  1.299050e+001
 1.903700e+000  8.642720e+001  1.292510e+001
 1.906300e+000  7.914060e+001  1.305210e+001
 1.909000e+000  7.521100e+001  1.289380e+001
 1.911600e+000  6.356890e+001  1.290940e+001
 1.914300e+000  7.141280e+001  1.292940e+001
 1.916900e+000  7.641290e+001  1.303380e+001
 1.919500e+000  8.323680e+001  1.304560e+001
 1.922200e+000  8.123120e+001  1.312330e+001
 1.924800e+000  6.025460e+001  1.288940e+001
 1.927400e+000  6.858950e+001  1.302970e+001
 1.930100e+000  5.497050e+001  1.288250e+001
 1.932700e+000  8.749200e+001  1.307550e+001
 1.935300e+000  7.455000e+001  1.299620e+001
 1.938000e+000  6.180700e+001  1.293590e+001
 1.940600e+000  7.301180e+001  1.299780e+001
 1.943200e+000  8.086000e+001  1.299090e+001
 1.945900e+000  6.725270e+001  1.298980e+001
 1.948500e+000  5.497540e+001  1.288050e+001
 1.951100e+000  6.493860e+001  1.300620e+001
 1.953800e+000  8.354480e+001  1.304860e+001
 1.956400e+000  7.882000e+001  1.311480e+001
 1.959000e+000  7.356130e+001  1.301580e+001
 1.961700e+000  6.379750e+001  1.293870e+001
 1.964300e+000  5.291140e+001  1.284490e+001
 1.967000e+000  6.803540e+001  1.288380e+001
 1.969600e+000  7.119340e+001  1.282220e+001
 1.972200e+000  5.559060e+001  1.283900e+001
 1.974900e+000  6.533620e+001  1.303810e+001
 1.977500e+000  6.278150e+001  1.295420e+001
 1.980100e+000  6.861110e+001  1.290590e+001
 1.982800e+000  4.515700e+001  1.288210e+001
 1.985400e+000  6.877760e+001  1.292830e+001
 1.988000e+000  7.162200e+001  1.295890e+001
 1.990700e+000  7.400460e+001  1.303440e+001
 1.993300e+000  7.109700e+001  1.286700e+001
 1.995900e+000  7.364040e+001  1.303670e+001
 1.998600e+000  5.557520e+001  1.289860e+001
 2.001200e+000  4.244710e+001  1.282980e+001
 2.003800e+000  6.113590e+001  1.303300e+001
 2.006500e+000  5.155900e+001  1.287020e+001
 2.009100e+000  5.778640e+001  1.295050e+001
 2.011700e+000  6.210990e+001  1.281980e+001
 2.014400e+000  7.077570e+001  1.304250e+001
 2.017000e+000  6.270020e+001  1.295760e+001
 2.019600e+000  5.324020e+001  1.287830e+001
 2.022300e+000  4.741400e+001  1.287310e+001
 2.024900e+000  5.679420e+001  1.290580e+001
 2.027500e+000  6.471780e+001  1.295000e+001
 2.030200e+000  6.499890e+001  1.298260e+001
 2.032800e+000  6.510850e+001  1.296520e+001
 2.035500e+000  6.657170e+001  1.334700e+001
 2.038100e+000  6.108880e+001  1.332530e+001
 2.040700e+000  4.965580e+001  1.347420e+001
 2.043400e+000  7.611920e+001  1.363510e+001
 2.046000e+000  6.937840e+001  1.375050e+001
 2.048600e+000  6.245500e+001  1.368590e+001
 2.051300e+000  7.683720e+001  1.368950e+001
 2.053900e+000  6.145660e+001  1.376570e+001
 2.056500e+000  4.090740e+001  1.372880e+001
 2.059200e+000  5.247180e+001  1.401360e+001
 2.061800e+000  6.514090e+001  1.400060e+001
 2.064400e+000  7.658840e+001  1.397190e+001
 2.067100e+000  5.326470e+001  1.399940e+001
 2.069700e+000  6.918420e+001  1.407730e+001
 2.072300e+000  3.209160e+001  1.393660e+001
 2.075000e+000  4.875090e+001  1.404420e+001
 2.077600e+000  6.132750e+001  1.404580e+001
 2.080200e+000  4.864150e+001  1.415100e+001
 2.082900e+000  5.010390e+001  1.421540e+001
 2.085500e+000  4.662850e+001  1.424600e+001
 2.088100e+000  4.111820e+001  1.415380e+001
 2.090800e+000  5.631640e+001  1.387300e+001
 2.093400e+000  5.896280e+001  1.383740e+001
 2.096000e+000  5.006220e+001  1.367180e+001
 2.098700e+000  5.682840e+001  1.367560e+001
 2.101300e+000  4.284520e+001  1.351800e+001
 2.104000e+000  4.512420e+001  1.363470e+001
 2.106600e+000  4.420660e+001  1.353550e+001
 2.109200e+000  6.400350e+001  1.349820e+001
 2.111900e+000  5.133670e+001  1.338630e+001
 2.114500e+000  3.858700e+001  1.339620e+001
 2.117100e+000  4.689040e+001  1.350740e+001
 2.119800e+000  5.722010e+001  1.350870e+001
 2.122400e+000  5.342310e+001  1.347180e+001
 2.125000e+000  5.214320e+001  1.344280e+001
 2.127700e+000  6.446570e+001  1.352900e+001
 2.130300e+000  7.053970e+001  1.359160e+001
 2.132900e+000  7.337570e+001  1.367890e+001
 2.135600e+000  5.392900e+001  1.347770e+001
 2.138200e+000  4.279530e+001  1.341170e+001
 2.140800e+000  5.687260e+001  1.352350e+001
 2.143500e+000  4.558790e+001  1.342500e+001
 2.146100e+000  7.342780e+001  1.342010e+001
 2.148700e+000  7.316050e+001  1.352500e+001
 2.151400e+000  7.400490e+001  1.350300e+001
 2.154000e+000  6.917510e+001  1.346940e+001
 2.156600e+000  6.394460e+001  1.342930e+001
 2.159300e+000  5.372500e+001  1.344780e+001
 2.161900e+000  3.392910e+001  1.343100e+001
 2.164500e+000  5.448060e+001  1.352080e+001
 2.167200e+000  5.640130e+001  1.354750e+001
 2.169800e+000  5.654440e+001  1.350790e+001
 2.172500e+000  4.913010e+001  1.348160e+001
 2.175100e+000  6.005830e+001  1.344700e+001
 2.177700e+000  5.978010e+001  1.338700e+001
 2.180300e+000  5.219220e+001  1.345360e+001
 2.183000e+000  6.422050e+001  1.358900e+001
 2.185600e+000  3.915120e+001  1.346590e+001
 2.188300e+000  3.070580e+001  1.344140e+001
 2.190900e+000  3.944620e+001  1.337110e+001
 2.193500e+000  3.611900e+001  1.351810e+001
 2.196200e+000  4.315250e+001  1.346140e+001
 2.198800e+000  4.132110e+001  1.348800e+001
 2.201400e+000  3.483540e+001  1.342250e+001
 2.204100e+000  5.074470e+001  1.347440e+001
 2.206700e+000  6.318790e+001  1.362430e+001
 2.209300e+000  7.593450e+001  1.353400e+001
 2.212000e+000  4.878740e+001  1.358430e+001
 2.214600e+000  3.527720e+001  1.349840e+001
 2.217200e+000  4.175560e+001  1.365690e+001
 2.219900e+000  5.411900e+001  1.352910e+001
 2.222500e+000  4.631280e+001  1.332580e+001
 2.225100e+000  4.142050e+001  1.344710e+001
 2.227800e+000  4.953410e+001  1.366330e+001
 2.230400e+000  4.394650e+001  1.366620e+001
 2.233100e+000  4.786710e+001  1.362060e+001
 2.235700e+000  3.846780e+001  1.363370e+001
 2.238300e+000  4.349370e+001  1.359270e+001
 2.241000e+000  4.971700e+001  1.358180e+001
 2.243600e+000  5.117680e+001  1.347500e+001
 2.246200e+000  5.049020e+001  1.359560e+001
 2.248900e+000  4.703850e+001  1.360300e+001
 2.251500e+000  4.050240e+001  1.353590e+001
 2.254100e+000  5.128150e+001  1.348130e+001
 2.256800e+000  6.744020e+001  1.363620e+001
 2.259400e+000  5.346170e+001  1.353750e+001
 2.262000e+000  4.356180e+001  1.351120e+001
 2.264700e+000  5.360870e+001  1.346600e+001
 2.267300e+000  4.607000e+001  1.346270e+001
 2.269900e+000  4.266200e+001  1.356250e+001
 2.272600e+000  5.179190e+001  1.343980e+001
 2.275200e+000  5.441500e+001  1.345450e+001
 2.277800e+000  2.407400e+001  1.342930e+001
 2.280500e+000  4.035070e+001  1.353260e+001
 2.283100e+000  6.846590e+001  1.357730e+001
 2.285700e+000  6.755000e+001  1.354150e+001
 2.288400e+000  5.021970e+001  1.344770e+001
 2.291000e+000  7.061930e+001  1.359140e+001
 2.293600e+000  5.141890e+001  1.351910e+001
 2.296300e+000  4.536880e+001  1.355130e+001
 2.298900e+000  3.999820e+001  1.329360e+001
 2.301600e+000  5.309130e+001  1.353910e+001
 2.304200e+000  4.732810e+001  1.350900e+001
 2.306800e+000  5.160820e+001  1.356080e+001
 2.309500e+000  5.452930e+001  1.353550e+001
 2.312100e+000  5.443060e+001  1.361750e+001
 2.314700e+000  2.860220e+001  1.353700e+001
 2.317300e+000  4.574100e+001  1.350090e+001
 2.320000e+000  5.748780e+001  1.367020e+001
 2.322600e+000  6.440570e+001  1.366840e+001
 2.325300e+000  5.321390e+001  1.359290e+001
 2.327900e+000  6.281110e+001  1.370490e+001
 2.330500e+000  3.042310e+001  1.338670e+001
 2.333200e+000  5.375330e+001  1.348950e+001
 2.335800e+000  4.180560e+001  1.356850e+001
 2.338400e+000  2.916130e+001  1.334100e+001
 2.341100e+000  4.657570e+001  1.366700e+001
 2.343700e+000  4.921170e+001  1.350980e+001
 2.346300e+000  6.035910e+001  1.353990e+001
 2.349000e+000  5.382130e+001  1.358320e+001
 2.351600e+000  4.624890e+001  1.357510e+001
 2.354200e+000  4.187320e+001  1.346440e+001
 2.356900e+000  4.127900e+001  1.330070e+001
 2.359500e+000  4.330760e+001  1.362670e+001
 2.362100e+000  3.837340e+001  1.353780e+001
 2.364800e+000  5.128260e+001  1.369300e+001
 2.367400e+000  4.137930e+001  1.345540e+001
 2.370100e+000  3.891420e+001  1.343240e+001
 2.372700e+000  4.585980e+001  1.347830e+001
 2.375300e+000  3.261100e+001  1.331870e+001
 2.377900e+000  5.699580e+001  1.352010e+001
 2.380600e+000  6.080140e+001  1.359660e+001
 2.383200e+000  3.623190e+001  1.345660e+001
 2.385900e+000  3.482440e+001  1.340120e+001
 2.388500e+000  3.182860e+001  1.341170e+001
 2.391100e+000  5.664970e+001  1.352340e+001
 2.393800e+000  4.114500e+001  1.332760e+001
 2.396400e+000  4.101560e+001  1.347190e+001
 2.399000e+000  7.322800e+001  1.370720e+001
 2.401700e+000  5.583020e+001  1.350550e+001
 2.404300e+000  4.354850e+001  1.367010e+001
 2.406900e+000  2.240490e+001  1.318950e+001
 2.409600e+000  4.643680e+001  1.361950e+001
 2.412200e+000  4.539900e+001  1.341080e+001
 2.414800e+000  3.079210e+001  1.344900e+001
 2.417500e+000  3.007450e+001  1.349210e+001
 2.420100e+000  5.629290e+001  1.353970e+001
 2.422700e+000  4.540500e+001  1.349750e+001
 2.425400e+000  3.004310e+001  1.331740e+001
 2.428000e+000  5.324430e+001  1.352170e+001
 2.430600e+000  5.594870e+001  1.358100e+001
 2.433300e+000  2.296790e+001  1.344450e+001
 2.435900e+000  1.562610e+001  1.334320e+001
 2.438600e+000  3.898070e+001  1.341350e+001
 2.441200e+000  4.283420e+001  1.347950e+001
 2.443800e+000  4.280960e+001  1.353070e+001
 2.446500e+000  4.405420e+001  1.343020e+001
 2.449100e+000  4.353130e+001  1.370150e+001
 2.451700e+000  5.313040e+001  1.343550e+001
 2.454400e+000  4.556540e+001  1.349340e+001
 2.457000e+000  5.342300e+001  1.359390e+001
 2.459600e+000  3.448380e+001  1.354240e+001
 2.462300e+000  4.541780e+001  1.362970e+001
 2.464900e+000  3.955990e+001  1.347560e+001
 2.467500e+000  4.737680e+001  1.353300e+001
 2.470200e+000  4.313930e+001  1.349310e+001
 2.472800e+000  5.134810e+001  1.369850e+001
 2.475400e+000  4.328780e+001  1.360160e+001
 2.478100e+000  1.521740e+001  1.337720e+001
 2.480700e+000  5.862370e+001  1.368290e+001
 2.483300e+000  4.855340e+001  1.366320e+001
 2.486000e+000  4.944790e+001  1.354760e+001
 2.488600e+000  3.215930e+001  1.345220e+001
 2.491200e+000  2.574700e+001  1.338900e+001
 2.493900e+000  5.168580e+001  1.363790e+001
 2.496500e+000  2.978640e+001  1.344540e+001
 2.499200e+000  4.831260e+001  1.357290e+001
 2.501800e+000  3.682430e+001  1.341040e+001
 2.504400e+000  2.673580e+001  1.342330e+001
 2.507100e+000  3.671720e+001  1.348060e+001
parent: C:/Users/jeffries/Desktop/SASBDB/Submissions/transglutaminase_FAB_complex/complex_data.dat
range-from: 1
range-to: 898
