Sample description: Extrapolated to infinite dilution
Sample: Extrapolated to  c= 0.000 mg/ml  Code: HiswoC1
Parent(s): mono_127_cut.dat mono_125_cut.dat mono_123_cut.dat
 1.765040e-001  2.994356e+001  7.432865e-001
 1.792400e-001  3.569933e+001  6.243437e-001
 1.819750e-001  3.100413e+001  6.067837e-001
 1.847100e-001  3.317435e+001  5.706430e-001
 1.874450e-001  3.197665e+001  5.610238e-001
 1.901800e-001  3.178083e+001  5.330618e-001
 1.929150e-001  3.336838e+001  5.203663e-001
 1.956500e-001  3.338946e+001  5.166757e-001
 1.983850e-001  3.330858e+001  4.926853e-001
 2.011200e-001  3.419107e+001  4.774277e-001
 2.038550e-001  3.141214e+001  4.699140e-001
 2.065900e-001  3.234122e+001  4.512067e-001
 2.093250e-001  3.218587e+001  4.532012e-001
 2.120610e-001  2.986775e+001  4.337638e-001
 2.147960e-001  3.180294e+001  4.299642e-001
 2.175310e-001  2.844522e+001  4.196703e-001
 2.202660e-001  3.161689e+001  4.127080e-001
 2.230010e-001  3.312640e+001  4.020935e-001
 2.257360e-001  3.156113e+001  3.941065e-001
 2.284710e-001  3.305200e+001  3.912320e-001
 2.312060e-001  3.238745e+001  3.810702e-001
 2.339410e-001  3.171495e+001  3.802913e-001
 2.366760e-001  3.009504e+001  3.658057e-001
 2.394110e-001  3.034805e+001  3.673148e-001
 2.421460e-001  3.150076e+001  3.641972e-001
 2.448820e-001  2.732009e+001  3.555530e-001
 2.476170e-001  3.113624e+001  3.539768e-001
 2.503520e-001  3.045075e+001  3.470125e-001
 2.530870e-001  3.380002e+001  3.465753e-001
 2.558220e-001  2.960883e+001  3.408300e-001
 2.585570e-001  3.005355e+001  3.350002e-001
 2.612920e-001  3.052628e+001  3.364300e-001
 2.640270e-001  3.009035e+001  3.297270e-001
 2.667620e-001  2.906452e+001  3.288667e-001
 2.694970e-001  3.025605e+001  3.212167e-001
 2.722320e-001  3.035210e+001  3.188135e-001
 2.749680e-001  3.016427e+001  3.205363e-001
 2.777030e-001  3.001328e+001  3.161518e-001
 2.804380e-001  2.987295e+001  3.183175e-001
 2.831730e-001  3.019483e+001  3.055785e-001
 2.859080e-001  2.969558e+001  3.082063e-001
 2.886430e-001  2.920763e+001  3.073303e-001
 2.913780e-001  2.898000e+001  2.962088e-001
 2.941130e-001  2.919655e+001  3.016552e-001
 2.968480e-001  2.866430e+001  2.938312e-001
 2.995830e-001  2.852163e+001  3.003585e-001
 3.023180e-001  2.789163e+001  2.959803e-001
 3.050530e-001  2.828933e+001  2.893150e-001
 3.077890e-001  2.833285e+001  2.956227e-001
 3.105240e-001  2.755408e+001  2.858315e-001
 3.132590e-001  2.740950e+001  2.911692e-001
 3.159940e-001  2.758855e+001  2.857668e-001
 3.187290e-001  2.693550e+001  2.827133e-001
 3.214640e-001  2.687245e+001  2.890968e-001
 3.241990e-001  2.720015e+001  2.803430e-001
 3.269340e-001  2.667728e+001  2.839452e-001
 3.296690e-001  2.659100e+001  2.780727e-001
 3.324040e-001  2.643160e+001  2.751245e-001
 3.351390e-001  2.578418e+001  2.800115e-001
 3.378750e-001  2.554737e+001  2.758782e-001
 3.406100e-001  2.566897e+001  2.717872e-001
 3.433450e-001  2.569790e+001  2.721905e-001
 3.460800e-001  2.585010e+001  2.720810e-001
 3.488150e-001  2.531863e+001  2.711907e-001
 3.515500e-001  2.489580e+001  2.678305e-001
 3.542850e-001  2.479110e+001  2.676720e-001
 3.570200e-001  2.481495e+001  2.670218e-001
 3.597550e-001  2.441998e+001  2.659095e-001
 3.624900e-001  2.396025e+001  2.612417e-001
 3.652250e-001  2.419748e+001  2.610200e-001
 3.679600e-001  2.383875e+001  2.633935e-001
 3.706960e-001  2.386460e+001  2.613313e-001
 3.734310e-001  2.309510e+001  2.578905e-001
 3.761660e-001  2.319285e+001  2.523760e-001
 3.789010e-001  2.347025e+001  2.590803e-001
 3.816360e-001  2.305977e+001  2.544473e-001
 3.843710e-001  2.318433e+001  2.577225e-001
 3.871060e-001  2.269635e+001  2.505117e-001
 3.898410e-001  2.272263e+001  2.492715e-001
 3.925760e-001  2.221535e+001  2.530250e-001
 3.953110e-001  2.240768e+001  2.483936e-001
 3.980460e-001  2.224925e+001  2.492681e-001
 4.007810e-001  2.166007e+001  2.474191e-001
 4.035170e-001  2.200797e+001  2.430690e-001
 4.062520e-001  2.220293e+001  2.513160e-001
 4.089870e-001  2.163560e+001  2.397959e-001
 4.117220e-001  2.120048e+001  2.424853e-001
 4.144570e-001  2.120778e+001  2.428403e-001
 4.171920e-001  2.105607e+001  2.395367e-001
 4.199270e-001  2.093382e+001  2.419823e-001
 4.226620e-001  2.095283e+001  2.355330e-001
 4.253970e-001  2.066893e+001  2.378987e-001
 4.281320e-001  2.031048e+001  2.346978e-001
 4.308670e-001  2.031445e+001  2.343399e-001
 4.336030e-001  1.995048e+001  2.332825e-001
 4.363380e-001  1.987885e+001  2.318463e-001
 4.390730e-001  1.950395e+001  2.346901e-001
 4.418080e-001  1.987705e+001  2.295835e-001
 4.445430e-001  1.946655e+001  2.268972e-001
 4.472780e-001  1.946245e+001  2.322040e-001
 4.500130e-001  1.931150e+001  2.254228e-001
 4.527480e-001  1.875520e+001  2.278215e-001
 4.554830e-001  1.943907e+001  2.249607e-001
 4.582180e-001  1.910325e+001  2.233212e-001
 4.609530e-001  1.838170e+001  2.230835e-001
 4.636880e-001  1.833432e+001  2.232971e-001
 4.664240e-001  1.798473e+001  2.200008e-001
 4.691590e-001  1.796360e+001  2.187461e-001
 4.718940e-001  1.796767e+001  2.206068e-001
 4.746290e-001  1.766127e+001  2.171751e-001
 4.773640e-001  1.771552e+001  2.188894e-001
 4.800990e-001  1.747460e+001  2.167652e-001
 4.828340e-001  1.723655e+001  2.156303e-001
 4.855690e-001  1.733000e+001  2.160733e-001
 4.883040e-001  1.703860e+001  2.143171e-001
 4.910390e-001  1.719207e+001  2.103473e-001
 4.937740e-001  1.704462e+001  2.124608e-001
 4.965090e-001  1.691502e+001  2.121641e-001
 4.992450e-001  1.647002e+001  2.114378e-001
 5.019800e-001  1.678902e+001  2.083243e-001
 5.047150e-001  1.639245e+001  2.094573e-001
 5.074500e-001  1.630373e+001  2.080769e-001
 5.101850e-001  1.637060e+001  2.085543e-001
 5.129200e-001  1.599380e+001  2.059442e-001
 5.156550e-001  1.598035e+001  2.037488e-001
 5.183900e-001  1.569200e+001  2.058117e-001
 5.211250e-001  1.589555e+001  2.072675e-001
 5.238600e-001  1.577305e+001  2.051698e-001
 5.265950e-001  1.573110e+001  2.015258e-001
 5.293310e-001  1.547377e+001  2.017125e-001
 5.320660e-001  1.496603e+001  2.011879e-001
 5.348010e-001  1.501540e+001  2.009448e-001
 5.375360e-001  1.494140e+001  1.997207e-001
 5.402710e-001  1.489900e+001  1.979636e-001
 5.430060e-001  1.472878e+001  1.979256e-001
 5.457410e-001  1.463185e+001  1.982329e-001
 5.484760e-001  1.471392e+001  1.964278e-001
 5.512110e-001  1.451178e+001  1.970175e-001
 5.539460e-001  1.441582e+001  1.939016e-001
 5.566810e-001  1.424423e+001  1.978403e-001
 5.594160e-001  1.417420e+001  1.930038e-001
 5.621520e-001  1.429612e+001  1.918859e-001
 5.648870e-001  1.422673e+001  1.975463e-001
 5.676220e-001  1.404250e+001  1.916019e-001
 5.703570e-001  1.412730e+001  1.938846e-001
 5.730920e-001  1.381917e+001  1.902466e-001
 5.758270e-001  1.317980e+001  1.845874e-001
 5.785620e-001  1.338268e+001  1.900155e-001
 5.812970e-001  1.335003e+001  1.845898e-001
 5.840320e-001  1.355550e+001  1.939025e-001
 5.867670e-001  1.368282e+001  1.872958e-001
 5.895020e-001  1.309947e+001  1.888932e-001
 5.922380e-001  1.310160e+001  1.894781e-001
 5.949730e-001  1.261053e+001  1.814779e-001
 5.977080e-001  1.306982e+001  1.879431e-001
 6.004430e-001  1.280017e+001  1.838164e-001
 6.031780e-001  1.296293e+001  1.872530e-001
 6.059130e-001  1.304995e+001  1.866724e-001
 6.086480e-001  1.277830e+001  1.862813e-001
 6.113830e-001  1.286172e+001  1.870672e-001
 6.141180e-001  1.270787e+001  1.853733e-001
 6.168530e-001  1.231788e+001  1.804486e-001
 6.195880e-001  1.201200e+001  1.778299e-001
 6.223230e-001  1.309718e+001  1.877815e-001
 6.250590e-001  1.234245e+001  1.844244e-001
 6.277940e-001  1.132478e+001  1.698307e-001
 6.305290e-001  1.195385e+001  1.787352e-001
 6.332640e-001  1.203352e+001  1.814688e-001
 6.359990e-001  1.207922e+001  1.805807e-001
 6.387340e-001  1.204027e+001  1.811001e-001
 6.414690e-001  1.164493e+001  1.752133e-001
 6.442040e-001  1.134877e+001  1.724073e-001
 6.469390e-001  1.156015e+001  1.746625e-001
 6.496740e-001  1.159045e+001  1.790156e-001
 6.524090e-001  1.091923e+001  1.697764e-001
 6.551440e-001  1.150623e+001  1.773076e-001
 6.578800e-001  1.132645e+001  1.751943e-001
 6.606150e-001  1.132367e+001  1.747717e-001
 6.633500e-001  1.108333e+001  1.735532e-001
 6.660850e-001  1.094180e+001  1.712488e-001
 6.688200e-001  1.099687e+001  1.739043e-001
 6.715550e-001  1.124268e+001  1.770275e-001
 6.742900e-001  1.057230e+001  1.721906e-001
 6.770250e-001  1.064017e+001  1.713440e-001
 6.797600e-001  1.078795e+001  1.703002e-001
 6.824950e-001  1.057310e+001  1.730977e-001
 6.852300e-001  1.045405e+001  1.699678e-001
 6.879660e-001  1.055997e+001  1.728066e-001
 6.907010e-001  1.024320e+001  1.699500e-001
 6.934360e-001  1.008915e+001  1.676798e-001
 6.961710e-001  1.053980e+001  1.715446e-001
 6.989060e-001  1.041305e+001  1.716636e-001
 7.016410e-001  1.045080e+001  1.687667e-001
 7.043760e-001  1.067793e+001  1.750829e-001
 7.071110e-001  9.987350e+000  1.656506e-001
 7.098460e-001  1.021610e+001  1.679224e-001
 7.125810e-001  9.799975e+000  1.671547e-001
 7.153160e-001  9.864025e+000  1.649931e-001
 7.180510e-001  9.588325e+000  1.592511e-001
 7.207870e-001  9.935050e+000  1.672673e-001
 7.235220e-001  9.602350e+000  1.647901e-001
 7.262570e-001  9.183875e+000  1.630948e-001
 7.289920e-001  9.632325e+000  1.612589e-001
 7.317270e-001  9.424300e+000  1.625534e-001
 7.344620e-001  9.558850e+000  1.626885e-001
 7.371970e-001  9.459250e+000  1.637615e-001
 7.399320e-001  9.194975e+000  1.606621e-001
 7.426670e-001  9.385725e+000  1.643091e-001
 7.454020e-001  9.227025e+000  1.619076e-001
 7.481370e-001  9.152375e+000  1.614216e-001
 7.508720e-001  9.261900e+000  1.619576e-001
 7.536080e-001  9.084500e+000  1.600946e-001
 7.563430e-001  8.943350e+000  1.607644e-001
 7.590780e-001  9.526550e+000  1.638793e-001
 7.618130e-001  9.472125e+000  1.664391e-001
 7.645480e-001  9.047375e+000  1.597212e-001
 7.672830e-001  8.996600e+000  1.607590e-001
 7.700180e-001  8.919100e+000  1.599700e-001
 7.727530e-001  8.849550e+000  1.591246e-001
 7.754880e-001  8.453100e+000  1.568937e-001
 7.782230e-001  8.820725e+000  1.578929e-001
 7.809580e-001  8.509425e+000  1.582469e-001
 7.836940e-001  8.709525e+000  1.566662e-001
 7.864290e-001  8.251275e+000  1.533635e-001
 7.891640e-001  8.570850e+000  1.565635e-001
 7.918990e-001  8.372525e+000  1.546191e-001
 7.946340e-001  8.693800e+000  1.602572e-001
 7.973690e-001  8.355050e+000  1.538822e-001
 8.001040e-001  8.229375e+000  1.546951e-001
 8.028390e-001  8.391150e+000  1.553823e-001
 8.055740e-001  8.388200e+000  1.545564e-001
 8.083090e-001  8.210650e+000  1.566435e-001
 8.110440e-001  8.425400e+000  1.602499e-001
 8.137790e-001  8.183400e+000  1.561610e-001
 8.165150e-001  8.212325e+000  1.561578e-001
 8.192500e-001  8.274550e+000  1.599342e-001
 8.219850e-001  8.091875e+000  1.611589e-001
 8.247200e-001  7.991225e+000  1.605753e-001
 8.274550e-001  7.698775e+000  1.536681e-001
 8.301900e-001  7.934425e+000  1.564830e-001
 8.329250e-001  7.862675e+000  1.569387e-001
 8.356600e-001  7.717550e+000  1.559891e-001
 8.383950e-001  7.594775e+000  1.557227e-001
 8.411300e-001  7.821175e+000  1.579154e-001
 8.438650e-001  7.627350e+000  1.552109e-001
 8.466010e-001  7.672375e+000  1.585965e-001
 8.493360e-001  7.789625e+000  1.636225e-001
 8.520710e-001  7.559325e+000  1.568944e-001
 8.548060e-001  7.803725e+000  1.641462e-001
 8.575410e-001  7.467375e+000  1.577977e-001
 8.602760e-001  7.436425e+000  1.601499e-001
 8.630110e-001  7.475650e+000  1.575076e-001
 8.657460e-001  7.626800e+000  1.567150e-001
 8.684810e-001  7.485175e+000  1.596559e-001
 8.712160e-001  7.058650e+000  1.551876e-001
 8.739510e-001  7.128050e+000  1.563828e-001
 8.766860e-001  7.150825e+000  1.588743e-001
 8.794220e-001  7.083025e+000  1.551439e-001
 8.821570e-001  7.244700e+000  1.559001e-001
 8.848920e-001  6.727675e+000  1.528468e-001
 8.876270e-001  6.996700e+000  1.583109e-001
 8.903620e-001  6.968600e+000  1.582495e-001
 8.930970e-001  6.887125e+000  1.554115e-001
 8.958320e-001  6.696450e+000  1.543580e-001
 8.985670e-001  6.965850e+000  1.593095e-001
 9.013020e-001  6.927600e+000  1.618984e-001
 9.040370e-001  6.817575e+000  1.588970e-001
 9.067720e-001  6.971375e+000  1.575689e-001
 9.095070e-001  6.780725e+000  1.581894e-001
 9.122430e-001  6.784600e+000  1.560464e-001
 9.149780e-001  6.657450e+000  1.582221e-001
 9.177130e-001  6.757675e+000  1.591362e-001
 9.204480e-001  6.665425e+000  1.576779e-001
 9.231830e-001  6.790500e+000  1.559576e-001
 9.259180e-001  6.549075e+000  1.592964e-001
 9.286530e-001  6.459300e+000  1.567376e-001
 9.313880e-001  6.224025e+000  1.534604e-001
 9.341230e-001  6.727775e+000  1.579045e-001
 9.368580e-001  6.534000e+000  1.575933e-001
 9.395930e-001  6.365475e+000  1.585148e-001
 9.423290e-001  6.177250e+000  1.554621e-001
 9.450640e-001  6.191650e+000  1.584744e-001
 9.477990e-001  6.550925e+000  1.602648e-001
 9.505340e-001  6.178800e+000  1.554807e-001
 9.532690e-001  6.214975e+000  1.552876e-001
 9.560040e-001  6.082750e+000  1.553976e-001
 9.587390e-001  6.259025e+000  1.594061e-001
 9.614740e-001  5.992275e+000  1.594715e-001
 9.642090e-001  5.976875e+000  1.529643e-001
 9.669440e-001  5.988175e+000  1.562162e-001
 9.696790e-001  6.191525e+000  1.604612e-001
 9.724140e-001  5.984850e+000  1.592026e-001
 9.751500e-001  6.228975e+000  1.616469e-001
 9.778850e-001  5.813775e+000  1.531952e-001
 9.806200e-001  5.799650e+000  1.568923e-001
 9.833550e-001  5.724325e+000  1.527733e-001
 9.860900e-001  5.896100e+000  1.559293e-001
 9.888250e-001  5.732575e+000  1.527303e-001
 9.915600e-001  5.808875e+000  1.564618e-001
 9.942950e-001  5.463050e+000  1.575900e-001
 9.970300e-001  6.023525e+000  1.566896e-001
 9.997650e-001  5.241975e+000  1.519233e-001
 1.002500e+000  5.819775e+000  1.564369e-001
 1.005240e+000  5.799575e+000  1.578068e-001
 1.007970e+000  5.409025e+000  1.569419e-001
 1.010710e+000  5.514975e+000  1.532946e-001
 1.013440e+000  5.446650e+000  1.530357e-001
 1.016180e+000  5.603425e+000  1.559019e-001
 1.018910e+000  5.442525e+000  1.544329e-001
 1.021650e+000  5.670575e+000  1.583541e-001
 1.024380e+000  5.357325e+000  1.511664e-001
 1.027120e+000  5.420800e+000  1.553128e-001
 1.029850e+000  5.312925e+000  1.571897e-001
 1.032590e+000  5.140625e+000  1.516933e-001
 1.035320e+000  5.459000e+000  1.576719e-001
 1.038060e+000  5.423825e+000  1.573647e-001
 1.040790e+000  5.468375e+000  1.569323e-001
 1.043530e+000  4.993925e+000  1.507785e-001
 1.046260e+000  5.119400e+000  1.525686e-001
 1.049000e+000  5.123150e+000  1.536263e-001
 1.051730e+000  5.162825e+000  1.539082e-001
 1.054470e+000  5.099150e+000  1.558777e-001
 1.057200e+000  4.943750e+000  1.521817e-001
 1.059940e+000  4.991225e+000  1.521727e-001
 1.062670e+000  5.107350e+000  1.553347e-001
 1.065410e+000  5.078650e+000  1.551901e-001
 1.068140e+000  5.080425e+000  1.513883e-001
 1.070880e+000  5.029000e+000  1.540604e-001
 1.073610e+000  5.059800e+000  1.561732e-001
 1.076350e+000  4.862100e+000  1.521946e-001
 1.079080e+000  4.992775e+000  1.612333e-001
 1.081820e+000  4.849800e+000  1.521919e-001
 1.084550e+000  4.946050e+000  1.547903e-001
 1.087290e+000  4.575625e+000  1.525238e-001
 1.090020e+000  4.813275e+000  1.519320e-001
 1.092760e+000  4.572075e+000  1.527687e-001
 1.095490e+000  5.017650e+000  1.552879e-001
 1.098230e+000  4.536575e+000  1.523115e-001
 1.100960e+000  4.740850e+000  1.509365e-001
 1.103700e+000  4.702075e+000  1.484690e-001
 1.106430e+000  4.370225e+000  1.511340e-001
 1.109170e+000  4.846600e+000  1.535996e-001
 1.111900e+000  4.207625e+000  1.502488e-001
 1.114640e+000  4.555075e+000  1.525284e-001
 1.117370e+000  4.469500e+000  1.532330e-001
 1.120110e+000  4.623675e+000  1.543110e-001
 1.122840e+000  4.293325e+000  1.482521e-001
 1.125580e+000  4.197800e+000  1.521977e-001
 1.128310e+000  4.412400e+000  1.538889e-001
 1.131050e+000  4.385950e+000  1.526654e-001
 1.133780e+000  4.454100e+000  1.531404e-001
 1.136520e+000  4.486875e+000  1.498227e-001
 1.139250e+000  4.180300e+000  1.524256e-001
 1.141990e+000  4.049500e+000  1.477629e-001
 1.144720e+000  4.196500e+000  1.519999e-001
 1.147460e+000  4.390950e+000  1.527083e-001
 1.150200e+000  3.980775e+000  1.483674e-001
 1.152930e+000  4.059100e+000  1.472225e-001
 1.155670e+000  4.595400e+000  1.550930e-001
 1.158400e+000  4.177725e+000  1.512318e-001
 1.161140e+000  4.256000e+000  1.547376e-001
 1.163870e+000  4.023125e+000  1.512782e-001
 1.166610e+000  4.322075e+000  1.495232e-001
 1.169340e+000  4.065250e+000  1.525890e-001
 1.172080e+000  3.979925e+000  1.493980e-001
 1.174810e+000  3.885700e+000  1.503508e-001
 1.177550e+000  4.017750e+000  1.498348e-001
 1.180280e+000  3.773550e+000  1.488452e-001
 1.183020e+000  3.748675e+000  1.542643e-001
 1.185750e+000  3.855925e+000  1.484433e-001
 1.188490e+000  4.089275e+000  1.513529e-001
 1.191220e+000  3.830250e+000  1.531562e-001
 1.193960e+000  3.807250e+000  1.493953e-001
 1.196690e+000  3.801200e+000  1.501024e-001
 1.199430e+000  3.748950e+000  1.468495e-001
 1.202160e+000  3.937075e+000  1.518024e-001
 1.204900e+000  4.220700e+000  1.506111e-001
 1.207630e+000  3.926175e+000  1.515572e-001
 1.210370e+000  3.593025e+000  1.490695e-001
 1.213100e+000  3.621925e+000  1.503938e-001
 1.215840e+000  3.850675e+000  1.530842e-001
 1.221310e+000  3.733450e+000  1.503071e-001
 1.224040e+000  3.399475e+000  1.512632e-001
 1.226780e+000  3.603325e+000  1.537380e-001
 1.229510e+000  3.514800e+000  1.477835e-001
 1.232250e+000  3.338500e+000  1.594749e-001
 1.234980e+000  3.649725e+000  1.632185e-001
 1.237720e+000  3.630175e+000  1.689306e-001
 1.240450e+000  3.458600e+000  1.686215e-001
 1.243190e+000  3.699200e+000  1.711792e-001
 1.245920e+000  3.284425e+000  1.779118e-001
 1.248660e+000  3.704550e+000  1.758157e-001
 1.251390e+000  3.005025e+000  1.817485e-001
 1.254130e+000  3.415675e+000  1.844040e-001
 1.256860e+000  3.239575e+000  1.821486e-001
 1.259600e+000  3.225950e+000  1.837867e-001
 1.262330e+000  3.516100e+000  1.935527e-001
 1.265070e+000  3.372150e+000  1.778262e-001
 1.267800e+000  3.448950e+000  1.751065e-001
 1.270540e+000  3.414050e+000  1.641606e-001
 1.273270e+000  3.278900e+000  1.645866e-001
 1.276010e+000  3.312275e+000  1.591137e-001
 1.278740e+000  3.543425e+000  1.611169e-001
 1.281480e+000  3.166875e+000  1.573790e-001
 1.284210e+000  3.050475e+000  1.563267e-001
 1.286950e+000  3.177275e+000  1.521648e-001
 1.289680e+000  3.247425e+000  1.538900e-001
 1.292420e+000  3.309175e+000  1.534570e-001
 1.295150e+000  2.993475e+000  1.560817e-001
 1.297890e+000  3.065550e+000  1.488618e-001
 1.300620e+000  2.910750e+000  1.539889e-001
 1.303360e+000  2.897675e+000  1.514668e-001
 1.306090e+000  3.020675e+000  1.497346e-001
 1.308830e+000  2.926125e+000  1.519543e-001
 1.311570e+000  3.270375e+000  1.535162e-001
 1.314300e+000  2.851925e+000  1.534709e-001
 1.317040e+000  2.810250e+000  1.476078e-001
 1.319770e+000  2.966925e+000  1.497926e-001
 1.322510e+000  2.631650e+000  1.523280e-001
 1.325240e+000  2.878525e+000  1.523205e-001
 1.327980e+000  2.950700e+000  1.500589e-001
 1.330710e+000  2.887325e+000  1.540993e-001
 1.333450e+000  2.888500e+000  1.479965e-001
 1.336180e+000  2.687625e+000  1.510200e-001
 1.338920e+000  2.989025e+000  1.526108e-001
 1.341650e+000  2.598275e+000  1.466113e-001
 1.344390e+000  2.552900e+000  1.469978e-001
 1.347120e+000  2.649050e+000  1.502026e-001
 1.349860e+000  2.649750e+000  1.493253e-001
 1.352590e+000  2.609775e+000  1.492539e-001
 1.355330e+000  2.904375e+000  1.484984e-001
 1.358060e+000  2.978525e+000  1.481140e-001
 1.360800e+000  2.642050e+000  1.439088e-001
 1.363530e+000  2.688775e+000  1.479842e-001
 1.366270e+000  2.780000e+000  1.452097e-001
 1.369000e+000  2.617975e+000  1.495280e-001
 1.371740e+000  2.734125e+000  1.518223e-001
 1.374470e+000  2.677700e+000  1.478021e-001
 1.377210e+000  2.407950e+000  1.477279e-001
 1.379940e+000  2.495350e+000  1.443414e-001
 1.382680e+000  2.593300e+000  1.488955e-001
 1.385410e+000  2.360725e+000  1.466744e-001
 1.388150e+000  2.365875e+000  1.452257e-001
 1.390880e+000  2.485600e+000  1.473974e-001
 1.393620e+000  2.546875e+000  1.520651e-001
 1.396350e+000  2.469225e+000  1.489288e-001
 1.399090e+000  2.346425e+000  1.457646e-001
 1.401820e+000  2.495950e+000  1.495934e-001
 1.404560e+000  2.482200e+000  1.462776e-001
 1.407290e+000  2.506325e+000  1.466739e-001
 1.410030e+000  2.252175e+000  1.465935e-001
 1.412760e+000  2.223550e+000  1.447953e-001
 1.415500e+000  2.434675e+000  1.468809e-001
 1.418230e+000  2.433250e+000  1.478879e-001
 1.420970e+000  2.342075e+000  1.440472e-001
 1.423700e+000  2.325875e+000  1.479524e-001
 1.426440e+000  2.065200e+000  1.513965e-001
 1.429170e+000  2.238975e+000  1.447350e-001
 1.431910e+000  2.202125e+000  1.416317e-001
 1.434640e+000  2.428175e+000  1.485310e-001
 1.437380e+000  2.360425e+000  1.440524e-001
 1.440110e+000  2.168050e+000  1.446428e-001
 1.442850e+000  1.855300e+000  1.434652e-001
 1.445580e+000  2.156650e+000  1.479165e-001
 1.448320e+000  2.097700e+000  1.490810e-001
 1.451050e+000  2.148450e+000  1.460306e-001
 1.453790e+000  2.125625e+000  1.460351e-001
 1.456520e+000  2.073000e+000  1.424562e-001
 1.459260e+000  2.178250e+000  1.452336e-001
 1.461990e+000  2.088025e+000  1.428173e-001
 1.464730e+000  1.973525e+000  1.469781e-001
 1.467470e+000  2.114675e+000  1.448152e-001
 1.470200e+000  2.113450e+000  1.462162e-001
 1.472940e+000  1.850850e+000  1.450567e-001
 1.475670e+000  2.265075e+000  1.494800e-001
 1.478410e+000  2.281575e+000  1.440862e-001
 1.481140e+000  2.198725e+000  1.430521e-001
 1.483880e+000  2.033375e+000  1.388349e-001
 1.486610e+000  1.838950e+000  1.428778e-001
 1.489350e+000  1.954800e+000  1.412210e-001
 1.492080e+000  1.978150e+000  1.425010e-001
 1.494820e+000  1.690125e+000  1.413515e-001
 1.497550e+000  1.799200e+000  1.393261e-001
 1.500290e+000  1.868350e+000  1.383972e-001
 1.503020e+000  1.827875e+000  1.404859e-001
 1.505760e+000  2.057175e+000  1.435972e-001
 1.508490e+000  2.038275e+000  1.414203e-001
 1.511230e+000  2.019375e+000  1.400667e-001
 1.513960e+000  1.911300e+000  1.416200e-001
 1.516700e+000  1.732400e+000  1.421563e-001
 1.519430e+000  1.892825e+000  1.446216e-001
 1.522170e+000  1.964650e+000  1.449412e-001
 1.524900e+000  1.850875e+000  1.422094e-001
 1.527640e+000  1.904175e+000  1.439775e-001
 1.530370e+000  1.614325e+000  1.412744e-001
 1.533110e+000  1.920725e+000  1.424510e-001
 1.535840e+000  1.937625e+000  1.409278e-001
 1.538580e+000  1.646075e+000  1.387459e-001
 1.541310e+000  1.685475e+000  1.399145e-001
 1.544050e+000  1.800200e+000  1.445233e-001
 1.546780e+000  1.680925e+000  1.399492e-001
 1.549520e+000  1.669575e+000  1.388341e-001
 1.552250e+000  1.822700e+000  1.430881e-001
 1.554990e+000  1.788225e+000  1.412856e-001
 1.557720e+000  1.506125e+000  1.411917e-001
 1.560460e+000  1.811500e+000  1.401777e-001
 1.563190e+000  1.833075e+000  1.413250e-001
 1.565930e+000  1.821850e+000  1.386342e-001
 1.568660e+000  1.533375e+000  1.405991e-001
 1.571400e+000  1.589550e+000  1.414404e-001
 1.574130e+000  1.708725e+000  1.397938e-001
 1.576870e+000  1.569825e+000  1.422340e-001
 1.579600e+000  1.300975e+000  1.389565e-001
 1.582340e+000  1.519075e+000  1.427165e-001
 1.585070e+000  1.756775e+000  1.429685e-001
 1.587810e+000  1.595425e+000  1.369541e-001
 1.590540e+000  1.549725e+000  1.434585e-001
 1.593280e+000  1.442975e+000  1.380098e-001
 1.596010e+000  1.492000e+000  1.356011e-001
 1.598750e+000  1.508150e+000  1.392989e-001
 1.601480e+000  1.747800e+000  1.404006e-001
 1.604220e+000  1.582475e+000  1.403584e-001
 1.606950e+000  1.437600e+000  1.345399e-001
 1.609690e+000  1.498725e+000  1.369010e-001
 1.612420e+000  1.554775e+000  1.382611e-001
 1.615160e+000  1.493925e+000  1.411279e-001
 1.617890e+000  1.301775e+000  1.342908e-001
 1.620630e+000  1.406325e+000  1.440575e-001
 1.623360e+000  1.318100e+000  1.390389e-001
 1.626100e+000  1.331150e+000  1.388959e-001
 1.628840e+000  1.473075e+000  1.384440e-001
 1.631570e+000  1.415450e+000  1.384850e-001
 1.634310e+000  1.442075e+000  1.404209e-001
 1.637040e+000  1.206325e+000  1.389398e-001
 1.639780e+000  1.469300e+000  1.399990e-001
 1.642510e+000  1.343000e+000  1.402641e-001
 1.645250e+000  1.477675e+000  1.409134e-001
 1.647980e+000  1.223250e+000  1.378129e-001
 1.650720e+000  1.326450e+000  1.383298e-001
 1.653450e+000  1.350450e+000  1.358378e-001
 1.656190e+000  1.318200e+000  1.384075e-001
 1.658920e+000  1.454750e+000  1.391246e-001
 1.661660e+000  1.202050e+000  1.392005e-001
 1.664390e+000  1.377925e+000  1.360027e-001
 1.667130e+000  1.065375e+000  1.387075e-001
 1.669860e+000  1.201450e+000  1.391729e-001
 1.672600e+000  1.459900e+000  1.397223e-001
 1.675330e+000  1.242975e+000  1.379247e-001
 1.678070e+000  1.257650e+000  1.416504e-001
 1.680800e+000  1.481775e+000  1.359479e-001
 1.683540e+000  1.315650e+000  1.398843e-001
 1.686270e+000  1.182850e+000  1.405807e-001
 1.689010e+000  1.166375e+000  1.378966e-001
 1.691740e+000  1.178525e+000  1.377233e-001
 1.694480e+000  1.046075e+000  1.383378e-001
 1.697210e+000  1.253400e+000  1.383421e-001
 1.699950e+000  9.973750e-001  1.385242e-001
 1.702680e+000  1.183100e+000  1.388898e-001
 1.705420e+000  1.052475e+000  1.368856e-001
 1.708150e+000  1.135575e+000  1.395156e-001
 1.710890e+000  1.295750e+000  1.370283e-001
 1.713620e+000  1.017900e+000  1.387020e-001
 1.716360e+000  1.031325e+000  1.366837e-001
 1.719090e+000  1.257450e+000  1.379151e-001
 1.721830e+000  1.177325e+000  1.365543e-001
 1.724560e+000  1.161875e+000  1.363710e-001
 1.727300e+000  1.028200e+000  1.369245e-001
 1.730030e+000  1.038800e+000  1.368517e-001
 1.732770e+000  8.789750e-001  1.335553e-001
 1.735500e+000  1.099600e+000  1.377606e-001
 1.738240e+000  1.186700e+000  1.382855e-001
 1.740970e+000  1.126100e+000  1.374018e-001
 1.743710e+000  1.102725e+000  1.329494e-001
 1.746440e+000  1.034550e+000  1.349673e-001
 1.749180e+000  1.078675e+000  1.393790e-001
 1.751910e+000  1.015300e+000  1.373488e-001
 1.754650e+000  1.050375e+000  1.390214e-001
 1.757380e+000  1.041750e+000  1.354278e-001
 1.760120e+000  1.112300e+000  1.386180e-001
 1.762850e+000  9.303750e-001  1.354663e-001
 1.765590e+000  8.882750e-001  1.396901e-001
 1.768320e+000  9.438750e-001  1.361228e-001
 1.771060e+000  9.104750e-001  1.339136e-001
 1.773790e+000  8.346000e-001  1.367308e-001
 1.776530e+000  1.016625e+000  1.320494e-001
 1.779260e+000  9.124250e-001  1.371801e-001
 1.782000e+000  9.470000e-001  1.335835e-001
 1.784740e+000  1.037775e+000  1.378810e-001
 1.787470e+000  1.132325e+000  1.331214e-001
 1.790210e+000  8.970000e-001  1.332099e-001
 1.792940e+000  1.170100e+000  1.352498e-001
 1.795680e+000  6.630750e-001  1.395815e-001
 1.798410e+000  7.242000e-001  1.372283e-001
 1.801150e+000  1.155725e+000  1.344016e-001
 1.803880e+000  8.992500e-001  1.349802e-001
 1.806620e+000  6.299500e-001  1.368903e-001
 1.809350e+000  9.280250e-001  1.362379e-001
 1.812090e+000  9.290250e-001  1.381706e-001
 1.814820e+000  1.012225e+000  1.366679e-001
 1.817560e+000  8.199750e-001  1.381539e-001
 1.820290e+000  9.370000e-001  1.357619e-001
 1.823030e+000  1.017275e+000  1.345385e-001
 1.825760e+000  9.032750e-001  1.355059e-001
 1.828500e+000  8.644000e-001  1.336291e-001
 1.831230e+000  8.220750e-001  1.341658e-001
 1.833970e+000  9.174250e-001  1.337167e-001
 1.836700e+000  7.796750e-001  1.347656e-001
 1.839440e+000  7.878000e-001  1.386707e-001
 1.842170e+000  7.761250e-001  1.318103e-001
 1.844910e+000  7.983000e-001  1.364500e-001
 1.847640e+000  7.997750e-001  1.352366e-001
 1.850380e+000  1.018250e+000  1.389443e-001
 1.853110e+000  9.424000e-001  1.368352e-001
 1.855850e+000  8.937250e-001  1.355343e-001
 1.858580e+000  9.183250e-001  1.350506e-001
 1.861320e+000  6.958500e-001  1.373836e-001
 1.864050e+000  7.410500e-001  1.373553e-001
 1.866790e+000  7.016500e-001  1.373932e-001
 1.869520e+000  8.066500e-001  1.355032e-001
 1.872260e+000  1.004525e+000  1.356981e-001
 1.874990e+000  9.765000e-001  1.335945e-001
 1.877730e+000  7.471500e-001  1.325782e-001
 1.880460e+000  7.666750e-001  1.335624e-001
 1.883200e+000  8.910750e-001  1.313334e-001
 1.885930e+000  9.105500e-001  1.352247e-001
 1.888670e+000  7.332750e-001  1.339616e-001
 1.891400e+000  7.346250e-001  1.350454e-001
 1.894140e+000  6.471000e-001  1.328564e-001
 1.896870e+000  6.747000e-001  1.332274e-001
 1.899610e+000  7.351250e-001  1.332339e-001
 1.902340e+000  6.681000e-001  1.359523e-001
 1.905080e+000  6.223250e-001  1.332158e-001
 1.907810e+000  8.346250e-001  1.366597e-001
 1.910550e+000  6.738250e-001  1.371796e-001
 1.913280e+000  8.822500e-001  1.332656e-001
 1.916020e+000  7.869000e-001  1.311317e-001
 1.918750e+000  4.851000e-001  1.335745e-001
 1.921490e+000  7.325250e-001  1.380634e-001
 1.924220e+000  9.142000e-001  1.356115e-001
 1.926960e+000  6.092250e-001  1.246297e-001
 1.929690e+000  5.595500e-001  1.349164e-001
 1.932430e+000  7.350750e-001  1.367111e-001
 1.935160e+000  7.765000e-001  1.360595e-001
 1.937900e+000  4.984250e-001  1.349727e-001
 1.940630e+000  6.046500e-001  1.390845e-001
 1.943370e+000  5.307000e-001  1.371488e-001
 1.946110e+000  4.115000e-001  1.336034e-001
 1.948840e+000  4.516750e-001  1.357857e-001
 1.951580e+000  6.570500e-001  1.355491e-001
 1.954310e+000  3.959250e-001  1.356211e-001
 1.957050e+000  6.426000e-001  1.333238e-001
 1.959780e+000  5.657750e-001  1.333997e-001
 1.962520e+000  5.756750e-001  1.338873e-001
 1.965250e+000  6.909500e-001  1.346290e-001
 1.967990e+000  5.943500e-001  1.343931e-001
 1.970720e+000  7.106250e-001  1.373902e-001
 1.973460e+000  5.799500e-001  1.342597e-001
 1.976190e+000  6.145500e-001  1.365888e-001
 1.978930e+000  7.944250e-001  1.338090e-001
 1.981660e+000  6.493500e-001  1.328091e-001
 1.984400e+000  5.856000e-001  1.352179e-001
 1.987130e+000  5.677000e-001  1.363043e-001
 1.989870e+000  6.018750e-001  1.315129e-001
 1.992600e+000  6.120750e-001  1.338826e-001
 1.995340e+000  4.650500e-001  1.303512e-001
 1.998070e+000  5.180750e-001  1.348343e-001
 2.000810e+000  6.360000e-001  1.326665e-001
 2.003540e+000  3.871000e-001  1.361008e-001
 2.006280e+000  4.609750e-001  1.341035e-001
 2.009010e+000  4.099500e-001  1.352420e-001
 2.011750e+000  4.071000e-001  1.333242e-001
 2.014480e+000  6.703000e-001  1.350326e-001
 2.017220e+000  5.202500e-001  1.321512e-001
 2.019950e+000  3.767750e-001  1.363763e-001
 2.022690e+000  5.558250e-001  1.326564e-001
 2.025420e+000  4.294750e-001  1.318802e-001
 2.028160e+000  5.131250e-001  1.341505e-001
 2.030890e+000  5.959250e-001  1.340554e-001
 2.033630e+000  5.250000e-001  1.341719e-001
 2.036360e+000  6.921500e-001  1.322952e-001
 2.039100e+000  6.282250e-001  1.312437e-001
 2.041830e+000  3.762500e-001  1.315616e-001
 2.044570e+000  4.414250e-001  1.340340e-001
 2.047300e+000  3.132750e-001  1.322409e-001
 2.050040e+000  6.788750e-001  1.363249e-001
 2.052770e+000  3.594250e-001  1.351990e-001
 2.055510e+000  6.108500e-001  1.358642e-001
 2.058240e+000  5.017000e-001  1.364720e-001
 2.060980e+000  3.392000e-001  1.319555e-001
 2.063710e+000  5.681750e-001  1.328644e-001
 2.066450e+000  6.968250e-001  1.345422e-001
 2.069180e+000  7.862250e-001  1.376140e-001
 2.071920e+000  4.978000e-001  1.346585e-001
 2.074650e+000  7.507750e-001  1.317605e-001
 2.077390e+000  2.949000e-001  1.316368e-001
 2.080120e+000  3.715750e-001  1.320777e-001
 2.082860e+000  1.439250e-001  1.313100e-001
 2.085590e+000  3.797500e-001  1.305873e-001
 2.088330e+000  4.692750e-001  1.336884e-001
 2.091060e+000  4.160250e-001  1.318192e-001
 2.093800e+000  3.701750e-001  1.335156e-001
 2.096530e+000  5.615250e-001  1.309980e-001
 2.099270e+000  4.193250e-001  1.322305e-001
 2.102000e+000  3.181000e-001  1.317783e-001
 2.104740e+000  4.520250e-001  1.348017e-001
 2.107480e+000  2.977500e-001  1.320542e-001
 2.110210e+000  3.727750e-001  1.349377e-001
 2.112950e+000  4.593000e-001  1.295015e-001
 2.115680e+000  6.267000e-001  1.341894e-001
 2.118420e+000  4.352750e-001  1.338218e-001
 2.121150e+000  3.510000e-001  1.323386e-001
 2.123890e+000  4.340750e-001  1.313722e-001
 2.126620e+000  7.764250e-001  1.318585e-001
 2.129360e+000  3.870500e-001  1.283696e-001
 2.132090e+000  4.823750e-001  1.359258e-001
 2.134830e+000  2.681500e-001  1.350918e-001
 2.137560e+000  3.204000e-001  1.384759e-001
 2.140300e+000  3.068000e-001  1.334015e-001
 2.143030e+000  3.452500e-001  1.334263e-001
 2.145770e+000  3.242250e-001  1.339943e-001
 2.148500e+000  4.531000e-001  1.331598e-001
 2.151240e+000  4.177250e-001  1.308037e-001
 2.153970e+000  3.743250e-001  1.290288e-001
 2.156710e+000  3.316500e-001  1.305493e-001
 2.159440e+000  5.840000e-001  1.315837e-001
 2.162180e+000  3.149000e-001  1.303022e-001
 2.164910e+000  4.368000e-001  1.288594e-001
 2.167650e+000  3.266000e-001  1.346831e-001
 2.170380e+000  4.980000e-001  1.331803e-001
 2.173120e+000  4.039750e-001  1.333546e-001
 2.175850e+000  3.666750e-001  1.315192e-001
 2.178590e+000  3.070750e-001  1.320587e-001
 2.181320e+000  4.538250e-001  1.304873e-001
 2.184060e+000  4.184500e-001  1.281520e-001
 2.186790e+000  5.173000e-001  1.350821e-001
 2.189530e+000  1.856500e-001  1.330268e-001
 2.192260e+000  2.072000e-001  1.313826e-001
 2.195000e+000  3.376750e-001  1.295472e-001
 2.197730e+000  3.409750e-001  1.304295e-001
 2.200470e+000  3.557250e-001  1.327695e-001
 2.203200e+000  4.804500e-001  1.302201e-001
 2.205940e+000  3.372250e-001  1.315368e-001
 2.208670e+000  3.406750e-001  1.304591e-001
 2.211410e+000  3.182000e-001  1.345922e-001
 2.214140e+000  2.787750e-001  1.287654e-001
 2.216880e+000  3.386500e-001  1.319753e-001
 2.219610e+000  3.588750e-001  1.308498e-001
 2.222350e+000  4.313500e-001  1.339757e-001
 2.225080e+000  1.902000e-001  1.295080e-001
 2.227820e+000  2.371500e-001  1.310641e-001
 2.230550e+000  4.065500e-001  1.292231e-001
 2.233290e+000  4.131500e-001  1.339243e-001
 2.236020e+000  2.856500e-001  1.321952e-001
 2.238760e+000  2.835750e-001  1.300366e-001
 2.241490e+000  3.912750e-001  1.305720e-001
 2.244230e+000  1.669000e-001  1.289929e-001
 2.246960e+000  2.265000e-001  1.309069e-001
 2.249700e+000  5.927750e-001  1.306112e-001
 2.252430e+000  4.304000e-001  1.326646e-001
 2.255170e+000  3.109500e-001  1.299306e-001
 2.257900e+000  3.354500e-001  1.309341e-001
 2.260640e+000  4.337250e-001  1.304472e-001
 2.263380e+000  3.929500e-001  1.330271e-001
 2.266110e+000  4.019250e-001  1.291804e-001
 2.268850e+000  2.401500e-001  1.308390e-001
 2.271580e+000  2.609500e-001  1.310768e-001
 2.274320e+000  3.807750e-001  1.287906e-001
 2.277050e+000  2.109750e-001  1.308750e-001
 2.279790e+000  2.985500e-001  1.311335e-001
 2.282520e+000  3.693000e-001  1.304563e-001
 2.285260e+000  4.758250e-001  1.301262e-001
 2.287990e+000  1.243500e-001  1.319810e-001
 2.290730e+000  1.770500e-001  1.313083e-001
 2.293460e+000  2.942000e-001  1.274295e-001
 2.296200e+000  4.021000e-001  1.336270e-001
 2.298930e+000  2.479000e-001  1.250333e-001
 2.301670e+000  4.049500e-001  1.299483e-001
 2.304400e+000  3.313000e-001  1.296682e-001
 2.307140e+000  3.446500e-001  1.319885e-001
 2.309870e+000  2.598000e-001  1.316074e-001
 2.312610e+000  3.754500e-001  1.333999e-001
 2.315340e+000  3.874250e-001  1.295972e-001
 2.318080e+000  2.723000e-001  1.275467e-001
 2.320810e+000  3.124000e-001  1.324775e-001
 2.323550e+000  1.737000e-001  1.328180e-001
 2.326280e+000  4.246250e-001  1.284943e-001
 2.329020e+000  2.906500e-001  1.315860e-001
 2.331750e+000  2.615500e-001  1.296818e-001
 2.334490e+000  2.414250e-001  1.308584e-001
 2.337220e+000  2.201250e-001  1.269024e-001
 2.339960e+000  1.156500e-001  1.345827e-001
 2.342690e+000  2.698500e-001  1.296636e-001
 2.345430e+000  1.870000e-001  1.292357e-001
 2.348160e+000  2.930750e-001  1.299891e-001
 2.350900e+000  2.368250e-001  1.323627e-001
 2.353630e+000  1.300750e-001  1.317182e-001
 2.356370e+000  2.999250e-001  1.286664e-001
 2.359100e+000  1.211500e-001  1.314589e-001
 2.361840e+000  3.977000e-001  1.299186e-001
 2.364570e+000  3.773750e-001  1.320970e-001
 2.367310e+000  4.227250e-001  1.310534e-001
 2.370040e+000  1.262250e-001  1.260060e-001
 2.372780e+000 -6.750000e-004  1.308275e-001
 2.375510e+000  2.560500e-001  1.330833e-001
 2.378250e+000  2.082750e-001  1.301613e-001
 2.380980e+000  2.616750e-001  1.321119e-001
 2.383720e+000  2.804500e-001  1.305105e-001
 2.386450e+000  4.371500e-001  1.321502e-001
 2.389190e+000  3.304250e-001  1.312586e-001
 2.391920e+000  1.697500e-001  1.308286e-001
 2.394660e+000  1.521500e-001  1.323928e-001
 2.397390e+000  5.860000e-002  1.261062e-001
 2.400130e+000  1.598000e-001  1.284892e-001
 2.402860e+000  1.953500e-001  1.291300e-001
 2.405600e+000  2.970000e-001  1.280585e-001
 2.408330e+000  1.855500e-001  1.280107e-001
 2.411070e+000  1.308750e-001  1.263638e-001
 2.413800e+000  3.327500e-001  1.261603e-001
 2.416540e+000  3.635750e-001  1.321012e-001
 2.419270e+000  2.127000e-001  1.290642e-001
 2.422010e+000  2.315750e-001  1.300305e-001
 2.424750e+000  2.095000e-001  1.289395e-001
 2.427480e+000  2.354250e-001  1.317463e-001
 2.430220e+000  3.430750e-001  1.320023e-001
 2.432950e+000  2.988000e-001  1.314091e-001
 2.435690e+000  2.703750e-001  1.272799e-001
 2.438420e+000  3.656250e-001  1.303186e-001
 2.441160e+000  2.110000e-001  1.320124e-001
 2.443890e+000  8.102500e-002  1.290391e-001
 2.446630e+000  2.355000e-001  1.281221e-001
 2.449360e+000  2.636500e-001  1.286573e-001
 2.452100e+000  1.868500e-001  1.298888e-001
 2.454830e+000  3.065000e-001  1.315773e-001
 2.457570e+000  3.161750e-001  1.305539e-001
 2.460300e+000  3.011250e-001  1.302798e-001
 2.463040e+000  2.200000e-001  1.320578e-001
 2.465770e+000  1.909500e-001  1.282717e-001
 2.468510e+000  2.325000e-001  1.290611e-001
 2.471240e+000  3.331500e-001  1.309924e-001
 2.473980e+000  5.855000e-002  1.320984e-001
 2.476710e+000  3.384250e-001  1.272072e-001
 2.479450e+000  2.169500e-001  1.282916e-001
 2.482180e+000  7.845000e-002  1.303353e-001
 2.484920e+000  2.150500e-001  1.271818e-001
 2.487650e+000  2.601000e-001  1.271143e-001
 2.490390e+000  2.010750e-001  1.275586e-001
 2.493120e+000  2.026750e-001  1.303843e-001
 2.495860e+000  1.346000e-001  1.301820e-001
 2.498590e+000  1.161250e-001  1.280309e-001
 2.501330e+000  3.243750e-001  1.253071e-001
 2.504060e+000  2.041750e-001  1.271582e-001
 2.506800e+000  2.458000e-001  1.282194e-001
 2.509530e+000  3.379000e-001  1.327697e-001
 2.512270e+000  2.295000e-002  1.275253e-001
 2.515000e+000  2.053500e-001  1.273783e-001
 2.517740e+000  2.587000e-001  1.245425e-001
 2.520470e+000  2.895500e-001  1.295335e-001
 2.523210e+000  1.328500e-001  1.297931e-001
 2.525940e+000  4.052500e-001  1.281185e-001
 2.528680e+000  1.315500e-001  1.262109e-001
 2.531410e+000  2.525000e-001  1.308697e-001
 2.534150e+000  1.815750e-001  1.277377e-001
 2.536880e+000  3.197250e-001  1.271913e-001
 2.539620e+000  2.396000e-001  1.270223e-001
 2.542350e+000  5.354750e-001  1.343458e-001
 2.545090e+000  4.313500e-001  1.320851e-001
 2.547820e+000  2.569750e-001  1.304678e-001
 2.550560e+000  7.367500e-002  1.270477e-001
 2.553290e+000  3.755500e-001  1.269763e-001
 2.556030e+000  2.888500e-001  1.278167e-001
 2.558760e+000  2.785250e-001  1.310973e-001
 2.561500e+000  2.492000e-001  1.278062e-001
 2.564230e+000  3.192250e-001  1.267331e-001
 2.566970e+000  3.532750e-001  1.274252e-001
 2.569700e+000  4.069750e-001  1.273435e-001
 2.572440e+000  1.339750e-001  1.318040e-001
 2.575170e+000  2.953750e-001  1.317796e-001
 2.577910e+000  1.917000e-001  1.345710e-001
 2.580650e+000  1.804750e-001  1.311569e-001
 2.583380e+000  1.117750e-001  1.444656e-001
 2.586120e+000  4.301750e-001  1.534148e-001
 2.588850e+000  3.659000e-001  1.525202e-001
 2.591590e+000  4.021500e-001  1.648749e-001
 2.594320e+000  2.555000e-001  1.726631e-001
 2.597060e+000  3.468250e-001  1.833744e-001
 2.599790e+000  2.645000e-002  1.777868e-001
 2.602530e+000  2.287500e-001  1.821084e-001
 2.605260e+000 -1.005000e-001  1.825085e-001
 2.608000e+000  5.570250e-001  1.928467e-001
 2.610730e+000 -1.332500e-002  1.949927e-001
 2.613470e+000  4.477000e-001  2.019609e-001
 2.616200e+000  1.308000e-001  1.689534e-001
 2.618940e+000  1.258500e-001  1.536779e-001
 2.621670e+000  2.140000e-001  1.486316e-001
 2.624410e+000  3.762750e-001  1.466926e-001
 2.627140e+000  1.763750e-001  1.450328e-001
 2.629880e+000  4.090000e-002  1.416874e-001
 2.632610e+000  4.147000e-001  1.383537e-001
 2.635350e+000  2.098750e-001  1.389939e-001
 2.638080e+000  1.829000e-001  1.374641e-001
 2.640820e+000  2.048250e-001  1.428154e-001
 2.643550e+000  2.828250e-001  1.412236e-001
 2.646290e+000  4.018000e-001  1.408874e-001
 2.649020e+000  4.981500e-001  1.422434e-001
 2.651760e+000  2.817250e-001  1.386263e-001
 2.654490e+000  1.973500e-001  1.384060e-001
 2.657230e+000  1.638000e-001  1.389649e-001
 2.659960e+000  1.705250e-001  1.382609e-001
 2.662700e+000  2.249250e-001  1.401431e-001
 2.665430e+000  3.022750e-001  1.399805e-001
 2.668170e+000  3.189750e-001  1.358676e-001
 2.670900e+000  3.494500e-001  1.402150e-001
 2.673640e+000  4.203500e-001  1.402146e-001
 2.676370e+000  2.468000e-001  1.397822e-001
 2.679110e+000  2.519750e-001  1.398852e-001
 2.681840e+000  7.105000e-002  1.367315e-001
 2.684580e+000  4.971500e-001  1.388989e-001
 2.687310e+000  2.425500e-001  1.383604e-001
 2.690050e+000  8.900000e-002  1.355299e-001
 2.692780e+000  1.238250e-001  1.415059e-001
 2.695520e+000  1.593000e-001  1.349999e-001
 2.698250e+000  4.340250e-001  1.333620e-001
 2.700990e+000  2.641500e-001  1.347940e-001
 2.703720e+000  2.010000e-001  1.371092e-001
 2.706460e+000 -9.107500e-002  1.347649e-001
 2.709190e+000  1.452000e-001  1.346336e-001
 2.711930e+000  6.287500e-002  1.323248e-001
 2.714660e+000  5.465000e-002  1.349022e-001
 2.717400e+000  3.814250e-001  1.347454e-001
 2.720130e+000  2.260250e-001  1.364684e-001
 2.722870e+000  1.707000e-001  1.343158e-001
 2.725600e+000  1.276000e-001  1.324623e-001
 2.728340e+000  6.960000e-002  1.317747e-001
 2.731070e+000  1.279750e-001  1.273884e-001
 2.733810e+000 -7.900000e-002  1.324995e-001
 2.736540e+000  2.778250e-001  1.287386e-001
 2.739280e+000  3.605500e-001  1.298002e-001
 2.742020e+000  1.594500e-001  1.257232e-001
 2.744750e+000  3.086750e-001  1.270001e-001
 2.747490e+000  1.304500e-001  1.280478e-001
 2.750220e+000  1.429250e-001  1.290672e-001
 2.752960e+000  1.591750e-001  1.285414e-001
 2.755690e+000  1.939500e-001  1.267178e-001
 2.758430e+000  2.933500e-001  1.288364e-001
 2.761160e+000  8.945000e-002  1.288486e-001
 2.763900e+000  3.587750e-001  1.271108e-001
 2.766630e+000  2.858750e-001  1.302302e-001
 2.769370e+000  3.940000e-002  1.308367e-001
 2.772100e+000  2.180500e-001  1.322021e-001
 2.774840e+000  3.801000e-001  1.322686e-001
 2.777570e+000  1.800000e-001  1.280317e-001
 2.780310e+000  8.060000e-002  1.310938e-001
 2.783040e+000  2.366500e-001  1.307890e-001
 2.785780e+000  1.413250e-001  1.266315e-001
 2.788510e+000  2.774000e-001  1.300969e-001
 2.791250e+000  1.120500e-001  1.305579e-001
 2.793980e+000  2.425500e-001  1.269645e-001
 2.796720e+000  1.719000e-001  1.282531e-001
 2.799450e+000  3.106250e-001  1.278028e-001
 2.802190e+000  2.937750e-001  1.287497e-001
 2.804920e+000  1.858750e-001  1.308179e-001
 2.807660e+000  2.353750e-001  1.320434e-001
 2.810390e+000  8.725000e-003  1.297480e-001
 2.813130e+000  3.217750e-001  1.307740e-001
 2.815860e+000  2.292250e-001  1.274703e-001
 2.818600e+000  1.763500e-001  1.284092e-001
 2.821330e+000  3.070500e-001  1.290387e-001
 2.824070e+000  3.083750e-001  1.286423e-001
 2.826800e+000  2.636000e-001  1.265569e-001
 2.829540e+000  2.502000e-001  1.307811e-001
 2.832270e+000  1.801500e-001  1.284551e-001
 2.835010e+000  2.758500e-001  1.302972e-001
 2.837740e+000  2.465250e-001  1.281333e-001
 2.840480e+000  1.520250e-001  1.306506e-001
 2.843210e+000  3.712250e-001  1.280544e-001
 2.845950e+000  5.365000e-002  1.305867e-001
 2.848680e+000  3.180250e-001  1.298584e-001
 2.851420e+000  8.307500e-002  1.293375e-001
 2.854150e+000  1.735000e-002  1.273417e-001
 2.856890e+000  2.708500e-001  1.296433e-001
 2.859620e+000 -1.003500e-001  1.267876e-001
 2.862360e+000  1.707000e-001  1.302349e-001
 2.865090e+000 -8.325000e-003  1.298376e-001
 2.867830e+000  1.041500e-001  1.312274e-001
 2.870560e+000  1.816500e-001  1.301334e-001
 2.873300e+000  3.401750e-001  1.262854e-001
 2.876030e+000  1.200500e-001  1.271149e-001
 2.878770e+000  8.900000e-002  1.292307e-001
 2.881500e+000  1.767750e-001  1.292901e-001
 2.884240e+000  2.363250e-001  1.271618e-001
 2.886970e+000  2.961250e-001  1.272218e-001
 2.889710e+000  2.533000e-001  1.314622e-001
 2.892440e+000  2.968250e-001  1.283370e-001
 2.895180e+000  2.847000e-001  1.271634e-001
 2.897920e+000  1.660500e-001  1.312194e-001
 2.900650e+000  1.141250e-001  1.321455e-001
 2.903390e+000  2.544250e-001  1.288352e-001
 2.906120e+000  3.357000e-001  1.275336e-001
 2.908860e+000 -1.524500e-001  1.279325e-001
 2.911590e+000  1.788500e-001  1.274734e-001
 2.914330e+000  1.530500e-001  1.291816e-001
 2.917060e+000  3.014500e-001  1.251347e-001
 2.919800e+000  2.455000e-001  1.299017e-001
 2.922530e+000  1.460500e-001  1.288829e-001
 2.925270e+000  1.284500e-001  1.260172e-001
 2.928000e+000  7.927500e-002  1.302852e-001
 2.930740e+000  2.850000e-001  1.278288e-001
 2.933470e+000  6.895000e-002  1.253975e-001
 2.936210e+000  3.555000e-001  1.283986e-001
 2.938940e+000  2.900500e-001  1.328423e-001
 2.941680e+000  1.164250e-001  1.290088e-001
 2.944410e+000  3.249250e-001  1.300953e-001
 2.947150e+000  1.142000e-001  1.286188e-001
 2.949880e+000  2.363000e-001  1.265034e-001
 2.952620e+000  1.730000e-001  1.291465e-001
 2.955350e+000  8.352500e-002  1.317599e-001
 2.958090e+000  1.979750e-001  1.291052e-001
 2.960820e+000  3.657750e-001  1.300802e-001
 2.963560e+000  5.995000e-001  1.341808e-001
 2.966290e+000  2.804000e-001  1.274226e-001
 2.969030e+000  1.942000e-001  1.289174e-001
 2.971760e+000  1.508000e-001  1.268854e-001
 2.974500e+000  8.280000e-002  1.311095e-001
 2.977230e+000  1.030750e-001  1.294938e-001
 2.979970e+000  1.926250e-001  1.314618e-001
 2.982700e+000  2.268750e-001  1.333098e-001
 2.985440e+000  1.083250e-001  1.316280e-001
 2.988170e+000  1.816000e-001  1.268629e-001
 2.990910e+000  2.835000e-001  1.298808e-001
 2.993640e+000  1.563250e-001  1.287872e-001
 2.996380e+000  1.805500e-001  1.273460e-001
 2.999110e+000  1.203750e-001  1.282434e-001
 3.001850e+000  4.426500e-001  1.267617e-001
 3.004580e+000  2.518000e-001  1.261164e-001
 3.007320e+000  3.785500e-001  1.260337e-001
 3.010050e+000  1.738750e-001  1.325500e-001
 3.012790e+000  2.369750e-001  1.273353e-001
 3.015520e+000  2.323250e-001  1.300196e-001
 3.018260e+000  2.281000e-001  1.302112e-001
 3.020990e+000  2.298750e-001  1.303159e-001
 3.023730e+000  3.229000e-001  1.283813e-001
 3.026460e+000  1.003500e-001  1.271117e-001
 3.029200e+000  2.845000e-002  1.302896e-001
 3.031930e+000  6.160000e-002  1.268463e-001
 3.034670e+000  2.660250e-001  1.275695e-001
 3.037400e+000  2.888000e-001  1.284684e-001
 3.040140e+000  4.139250e-001  1.269972e-001
 3.042870e+000  3.360000e-002  1.323177e-001
 3.045610e+000  2.043000e-001  1.259379e-001
 3.048340e+000  2.993250e-001  1.273035e-001
 3.051080e+000  2.023500e-001  1.261700e-001
 3.053810e+000  1.928500e-001  1.271527e-001
 3.056550e+000  2.609000e-001  1.223468e-001
 3.059290e+000  2.226500e-001  1.228055e-001
 3.062020e+000  4.561750e-001  1.264573e-001
 3.064760e+000  2.019750e-001  1.301375e-001
 3.067490e+000  1.215500e-001  1.288547e-001
 3.070230e+000  3.234000e-001  1.322210e-001
 3.072960e+000  1.506750e-001  1.285345e-001
 3.075700e+000  3.794750e-001  1.262438e-001
 3.078430e+000  1.652000e-001  1.290324e-001
 3.081170e+000  1.412750e-001  1.293207e-001
 3.083900e+000  2.218750e-001  1.309514e-001
 3.086640e+000  2.641250e-001  1.285145e-001
 3.089370e+000  7.472500e-002  1.294959e-001
 3.092110e+000  2.467500e-001  1.247311e-001
 3.094840e+000  1.617500e-002  1.254061e-001
 3.097580e+000  2.745000e-001  1.274177e-001
 3.100310e+000  1.746500e-001  1.278151e-001
 3.103050e+000  1.503500e-001  1.281258e-001
 3.105780e+000  3.699000e-001  1.259030e-001
 3.108520e+000  4.245000e-002  1.305938e-001
 3.111250e+000  1.600500e-001  1.266115e-001
 3.113990e+000  1.273000e-001  1.283747e-001
 3.116720e+000  1.412500e-001  1.249272e-001
 3.119460e+000  3.222750e-001  1.284831e-001
 3.122190e+000  3.710500e-001  1.219253e-001
 3.124930e+000  2.950750e-001  1.233558e-001
 3.127660e+000  1.092000e-001  1.285937e-001
 3.130400e+000  7.792500e-002  1.284473e-001
 3.133130e+000  3.842000e-001  1.259181e-001
 3.135870e+000  6.025000e-002  1.273300e-001
 3.138600e+000  1.372750e-001  1.254018e-001
 3.141340e+000  3.280000e-002  1.273780e-001
 3.144070e+000  2.097500e-001  1.254573e-001
 3.146810e+000  2.010000e-001  1.267218e-001
 3.149540e+000  1.523750e-001  1.270857e-001
 3.152280e+000  3.815750e-001  1.263144e-001
 3.155010e+000 -7.150000e-003  1.275160e-001
 3.157750e+000  8.882500e-002  1.270459e-001
 3.160480e+000  1.899250e-001  1.296632e-001
 3.163220e+000  6.550000e-002  1.270654e-001
 3.165950e+000  3.887500e-001  1.261620e-001
 3.168690e+000  2.206500e-001  1.245043e-001
 3.171420e+000  2.019250e-001  1.280542e-001
 3.174160e+000  3.957500e-001  1.261959e-001
 3.176890e+000  1.911250e-001  1.271240e-001
 3.179630e+000  8.675000e-002  1.272849e-001
 3.182360e+000  7.665000e-002  1.244803e-001
 3.185100e+000  1.427750e-001  1.258807e-001
 3.187830e+000  5.427500e-002  1.269200e-001
 3.190570e+000  3.424000e-001  1.255329e-001
 3.193300e+000  2.595500e-001  1.284769e-001
 3.196040e+000  2.108500e-001  1.249218e-001
 3.198770e+000  1.097500e-001  1.248869e-001
 3.201510e+000  5.942500e-002  1.293140e-001
 3.204240e+000  9.140000e-002  1.295075e-001
 3.206980e+000  1.633250e-001  1.270468e-001
 3.209710e+000  1.932750e-001  1.249934e-001
 3.212450e+000  1.974500e-001  1.240649e-001
 3.215190e+000  1.765250e-001  1.264341e-001
 3.217920e+000  2.181000e-001  1.253472e-001
 3.220660e+000  3.351500e-001  1.277852e-001
 3.223390e+000 -1.412000e-001  1.258224e-001
 3.226130e+000  1.605000e-002  1.263121e-001
 3.228860e+000  2.610750e-001  1.223414e-001
 3.231600e+000  3.270000e-002  1.266476e-001
 3.234330e+000  1.176000e-001  1.256844e-001
 3.237070e+000  1.909750e-001  1.261150e-001
 3.239800e+000  2.695000e-002  1.236459e-001
 3.242540e+000  2.800500e-001  1.253356e-001
 3.245270e+000  1.919500e-001  1.236396e-001
 3.248010e+000  2.186500e-001  1.242783e-001
 3.250740e+000  2.282250e-001  1.260305e-001
 3.253480e+000  1.829250e-001  1.300758e-001
 3.256210e+000  1.157750e-001  1.254535e-001
 3.258950e+000  1.852000e-001  1.252337e-001
 3.261680e+000  2.027750e-001  1.250767e-001
 3.264420e+000  1.540500e-001  1.275644e-001
 3.267150e+000  1.595000e-001  1.297297e-001
 3.269890e+000  2.137500e-001  1.296965e-001
 3.272620e+000  1.494250e-001  1.291829e-001
 3.275360e+000  2.980250e-001  1.248659e-001
 3.278090e+000  1.902750e-001  1.235917e-001
 3.280830e+000  1.506250e-001  1.250100e-001
 3.283560e+000  1.868500e-001  1.270555e-001
 3.286300e+000 -3.920000e-002  1.265889e-001
 3.289030e+000  1.263250e-001  1.266826e-001
 3.291770e+000  2.631500e-001  1.243204e-001
 3.294500e+000  1.575250e-001  1.283413e-001
 3.297240e+000  1.455250e-001  1.287551e-001
 3.299970e+000  1.865500e-001  1.234548e-001
 3.302710e+000  2.334500e-001  1.282381e-001
 3.305440e+000  2.792500e-001  1.253760e-001
 3.308180e+000  2.243000e-001  1.270946e-001
 3.310910e+000  2.399000e-001  1.257279e-001
 3.313650e+000  7.540000e-002  1.249726e-001
 3.316380e+000  3.252500e-002  1.293445e-001
 3.319120e+000  2.760500e-001  1.248557e-001
 3.321850e+000  1.490750e-001  1.275087e-001
 3.324590e+000  3.164500e-001  1.253849e-001
 3.327320e+000  1.446000e-001  1.264688e-001
 3.330060e+000  1.721500e-001  1.264111e-001
 3.332790e+000  1.427000e-001  1.269088e-001
 3.335530e+000  1.558750e-001  1.241904e-001
 3.338260e+000  4.278000e-001  1.250073e-001
 3.341000e+000  2.774000e-001  1.239763e-001
 3.343730e+000  3.560000e-002  1.274920e-001
 3.346470e+000  8.815000e-002  1.266177e-001
 3.349200e+000  2.586000e-001  1.259959e-001
 3.351940e+000  1.859250e-001  1.240348e-001
 3.354670e+000 -1.077500e-002  1.278602e-001
 3.357410e+000 -1.040750e-001  1.264486e-001
 3.360140e+000  1.803500e-001  1.272065e-001
 3.362880e+000  1.691500e-001  1.236491e-001
 3.365610e+000  2.748500e-001  1.249476e-001
 3.368350e+000  3.705000e-002  1.241512e-001
 3.371080e+000  9.980000e-002  1.268071e-001
 3.373820e+000  2.260500e-001  1.245833e-001
 3.376560e+000  1.416750e-001  1.240527e-001
 3.379290e+000  2.342250e-001  1.250047e-001
 3.382030e+000  9.110000e-002  1.285882e-001
 3.384760e+000  1.216250e-001  1.248294e-001
 3.387500e+000  2.699250e-001  1.268490e-001
 3.390230e+000  1.955000e-001  1.251058e-001
 3.392970e+000  1.478250e-001  1.302499e-001
 3.395700e+000  3.512250e-001  1.246479e-001
 3.398440e+000  2.023500e-001  1.280309e-001
 3.401170e+000  2.051250e-001  1.268890e-001
 3.403910e+000  1.970000e-001  1.282219e-001
 3.406640e+000  1.220750e-001  1.265091e-001
 3.409380e+000  2.041250e-001  1.226063e-001
 3.412110e+000  9.852500e-002  1.280682e-001
 3.414850e+000  3.403000e-001  1.253534e-001
 3.417580e+000  1.117750e-001  1.264340e-001
 3.420320e+000  3.175250e-001  1.263646e-001
 3.423050e+000 -3.857500e-002  1.253614e-001
 3.425790e+000 -3.415000e-002  1.238562e-001
 3.428520e+000  1.887750e-001  1.255867e-001
 3.431260e+000  3.972500e-002  1.271392e-001
 3.433990e+000  1.837500e-002  1.274039e-001
 3.436730e+000  3.924750e-001  1.244110e-001
 3.439460e+000  1.650000e-001  1.210388e-001
 3.442200e+000  1.424750e-001  1.244000e-001
 3.444930e+000  3.292250e-001  1.259705e-001
 3.447670e+000  4.219000e-001  1.257464e-001
 3.450400e+000 -2.975000e-003  1.221468e-001
 3.453140e+000  1.567750e-001  1.261671e-001
 3.455870e+000  1.290750e-001  1.274130e-001
 3.458610e+000  4.687500e-002  1.283114e-001
 3.461340e+000  8.002500e-002  1.251906e-001
 3.464080e+000  9.220000e-002  1.297205e-001
 3.466810e+000  9.372500e-002  1.258001e-001
 3.469550e+000  2.262750e-001  1.284463e-001
 3.472280e+000  8.792500e-002  1.259608e-001
 3.475020e+000  1.241750e-001  1.246692e-001
 3.477750e+000  1.960500e-001  1.262348e-001
 3.480490e+000  2.473000e-001  1.253299e-001
 3.483220e+000  5.220000e-002  1.263840e-001
 3.485960e+000  1.463750e-001  1.262080e-001
 3.488690e+000  2.199000e-001  1.254815e-001
 3.491430e+000  2.124750e-001  1.285927e-001
 3.494160e+000  3.033250e-001  1.257351e-001
 3.496900e+000  4.990000e-002  1.239283e-001
 3.499630e+000  2.264750e-001  1.257848e-001
 3.502370e+000  1.005000e-001  1.238707e-001
 3.505100e+000  8.772500e-002  1.257597e-001
 3.507840e+000  6.157500e-002  1.229491e-001
 3.510570e+000  1.380500e-001  1.294750e-001
 3.513310e+000  9.210000e-002  1.273772e-001
 3.516040e+000  9.077500e-002  1.281124e-001
 3.518780e+000  2.582000e-001  1.246988e-001
 3.521510e+000  8.595000e-002  1.248568e-001
 3.524250e+000  6.287500e-002  1.234581e-001
 3.526980e+000  1.871000e-001  1.230620e-001
 3.529720e+000 -3.537500e-002  1.250366e-001
 3.532450e+000  1.063750e-001  1.265503e-001
 3.535190e+000  3.780000e-001  1.293062e-001
 3.537930e+000  1.224750e-001  1.229014e-001
 3.540660e+000  4.234000e-001  1.264886e-001
 3.543400e+000  1.680750e-001  1.247220e-001
 3.546130e+000  2.076250e-001  1.270267e-001
 3.548870e+000  3.265500e-001  1.240323e-001
 3.551600e+000  1.539000e-001  1.256606e-001
 3.554340e+000  1.297500e-001  1.274567e-001
 3.557070e+000  2.796750e-001  1.257745e-001
 3.559810e+000  3.750250e-001  1.240367e-001
 3.562540e+000  5.697500e-002  1.226533e-001
 3.565280e+000  4.637500e-002  1.237269e-001
 3.568010e+000  1.470750e-001  1.270811e-001
 3.570750e+000 -1.342500e-002  1.273853e-001
 3.573480e+000  2.052250e-001  1.248689e-001
 3.576220e+000  1.738750e-001  1.238426e-001
 3.578950e+000  2.070750e-001  1.255956e-001
 3.581690e+000 -1.140000e-002  1.236041e-001
 3.584420e+000  2.124250e-001  1.227771e-001
 3.587160e+000  1.370250e-001  1.246496e-001
 3.589890e+000 -5.622500e-002  1.238511e-001
 3.592630e+000  2.390250e-001  1.230301e-001
 3.595360e+000  4.620000e-002  1.225487e-001
 3.598100e+000  1.033500e-001  1.246499e-001
 3.600830e+000  2.500500e-001  1.277905e-001
 3.603570e+000  2.406000e-001  1.284289e-001
 3.606300e+000  6.000000e-002  1.235171e-001
 3.609040e+000 -3.055000e-002  1.235396e-001
 3.611770e+000  2.630000e-002  1.237364e-001
 3.614510e+000  1.619250e-001  1.254512e-001
 3.617240e+000  4.682500e-002  1.260510e-001
 3.619980e+000  9.707500e-002  1.255299e-001
 3.622710e+000  3.831250e-001  1.252581e-001
 3.625450e+000  1.227750e-001  1.250820e-001
 3.628180e+000  1.352000e-001  1.208265e-001
 3.630920e+000  1.307500e-001  1.208271e-001
 3.633650e+000 -2.420000e-002  1.271451e-001
 3.636390e+000  2.195750e-001  1.228211e-001
 3.639120e+000 -2.650000e-002  1.271408e-001
 3.641860e+000  7.057500e-002  1.255775e-001
 3.644590e+000  2.015250e-001  1.237049e-001
 3.647330e+000  1.606250e-001  1.216635e-001
 3.650060e+000 -9.155000e-002  1.238150e-001
 3.652800e+000 -7.740000e-002  1.245733e-001
 3.655530e+000  3.308500e-001  1.245548e-001
 3.658270e+000  1.814750e-001  1.228396e-001
 3.661000e+000  1.707750e-001  1.271433e-001
 3.663740e+000  1.902250e-001  1.257127e-001
 3.666470e+000  1.650250e-001  1.245635e-001
 3.669210e+000  1.511500e-001  1.225603e-001
 3.671940e+000 -5.795000e-002  1.221935e-001
 3.674680e+000  3.285000e-002  1.258673e-001
 3.677410e+000 -3.847500e-002  1.225690e-001
 3.680150e+000  1.111750e-001  1.255069e-001
 3.682880e+000  1.799250e-001  1.267404e-001
 3.685620e+000  2.481000e-001  1.236904e-001
 3.688350e+000  1.537750e-001  1.238197e-001
 3.691090e+000 -7.792500e-002  1.230345e-001
 3.693830e+000  1.415250e-001  1.248510e-001
 3.696560e+000  1.332500e-002  1.235045e-001
 3.699300e+000  2.340000e-001  1.238516e-001
 3.702030e+000  5.872500e-002  1.252136e-001
 3.704770e+000 -5.317500e-002  1.233664e-001
 3.707500e+000  9.780000e-002  1.242437e-001
 3.710240e+000  2.198000e-001  1.268927e-001
 3.712970e+000  2.271750e-001  1.254063e-001
 3.715710e+000  1.743000e-001  1.249855e-001
 3.718440e+000  9.485000e-002  1.224966e-001
 3.721180e+000  3.008250e-001  1.278929e-001
 3.723910e+000  1.619750e-001  1.224709e-001
 3.726650e+000 -4.127500e-002  1.240343e-001
 3.729380e+000  1.092500e-002  1.231821e-001
 3.732120e+000 -1.975000e-003  1.249554e-001
 3.734850e+000 -4.252500e-002  1.239300e-001
 3.737590e+000  4.972500e-002  1.277366e-001
 3.740320e+000  1.877000e-001  1.235949e-001
 3.743060e+000  1.177500e-001  1.280707e-001
 3.745790e+000  6.782500e-002  1.230294e-001
 3.748530e+000  3.659250e-001  1.234756e-001
 3.751260e+000  1.357500e-001  1.238889e-001
 3.754000e+000 -9.025000e-003  1.244810e-001
 3.756730e+000  2.034250e-001  1.224188e-001
 3.759470e+000  1.161000e-001  1.253404e-001
 3.762200e+000  1.692500e-001  1.259359e-001
 3.764940e+000  2.378000e-001  1.265054e-001
 3.767670e+000  2.058750e-001  1.216410e-001
 3.770410e+000  2.092750e-001  1.267924e-001
 3.773140e+000  1.504500e-001  1.212997e-001
 3.775880e+000  1.573250e-001  1.237637e-001
 3.778610e+000  6.940000e-002  1.271822e-001
 3.781350e+000  7.400000e-003  1.229758e-001
 3.784080e+000  2.477000e-001  1.230729e-001
 3.786820e+000  1.447000e-001  1.248372e-001
 3.789550e+000  1.998250e-001  1.258654e-001
 3.792290e+000  5.850000e-002  1.213129e-001
 3.795020e+000  6.870000e-002  1.252656e-001
 3.797760e+000  3.037500e-001  1.271071e-001
 3.800490e+000  8.730000e-002  1.239265e-001
 3.803230e+000  2.274000e-001  1.198462e-001
 3.805960e+000  2.175250e-001  1.223131e-001
 3.808700e+000  1.264500e-001  1.256274e-001
 3.811430e+000  3.767500e-002  1.241667e-001
 3.814170e+000  1.095000e-001  1.229823e-001
 3.816900e+000  3.132500e-001  1.231755e-001
 3.819640e+000  2.418000e-001  1.249622e-001
 3.822370e+000  2.540000e-001  1.224366e-001
 3.825110e+000  1.207250e-001  1.212051e-001
 3.827840e+000 -1.447500e-002  1.257618e-001
 3.830580e+000  2.525000e-002  1.261148e-001
 3.833310e+000  1.016500e-001  1.219486e-001
 3.836050e+000  2.843000e-001  1.226428e-001
 3.838780e+000  5.090000e-002  1.233534e-001
 3.841520e+000  2.278500e-001  1.244490e-001
 3.844250e+000  2.965000e-001  1.224262e-001
 3.846990e+000  1.303500e-001  1.229668e-001
 3.849720e+000 -3.280000e-002  1.199116e-001
 3.852460e+000  2.498500e-001  1.243154e-001
 3.855200e+000  2.803750e-001  1.214008e-001
 3.857930e+000 -2.062500e-002  1.256529e-001
 3.860670e+000  1.146000e-001  1.233207e-001
 3.863400e+000 -1.865000e-002  1.241789e-001
 3.866140e+000  2.251750e-001  1.206163e-001
 3.868870e+000  1.598500e-001  1.223518e-001
 3.871610e+000  1.899750e-001  1.253754e-001
 3.874340e+000  1.143750e-001  1.207979e-001
 3.877080e+000  2.283500e-001  1.235949e-001
 3.879810e+000  2.395000e-002  1.250184e-001
 3.882550e+000  1.776000e-001  1.231671e-001
 3.885280e+000  3.268500e-001  1.239361e-001
 3.888020e+000  2.480250e-001  1.274230e-001
 3.890750e+000  1.369000e-001  1.217872e-001
 3.893490e+000  2.089500e-001  1.273019e-001
 3.896220e+000  1.642500e-001  1.234820e-001
 3.898960e+000  4.547500e-002  1.258235e-001
 3.901690e+000  5.172500e-002  1.247989e-001
 3.904430e+000 -2.307500e-002  1.205708e-001
 3.907160e+000  6.775000e-003  1.237063e-001
 3.909900e+000  7.487500e-002  1.236888e-001
 3.912630e+000  1.488250e-001  1.235589e-001
 3.915370e+000  1.919000e-001  1.233795e-001
 3.918100e+000  3.365000e-002  1.259083e-001
 3.920840e+000 -8.077500e-002  1.228509e-001
 3.923570e+000  2.261500e-001  1.257904e-001
 3.926310e+000  5.500000e-004  1.245005e-001
 3.929040e+000  1.001000e-001  1.260606e-001
 3.931780e+000  2.377750e-001  1.279192e-001
 3.934510e+000  8.700000e-002  1.215004e-001
 3.937250e+000 -2.041750e-001  1.419018e-001
 3.939980e+000  1.347000e-001  1.543653e-001
 3.942720e+000 -4.432500e-002  1.597713e-001
 3.945450e+000  1.537500e-001  1.657009e-001
 3.948190e+000  2.249750e-001  1.844785e-001
 3.950920e+000  4.700000e-002  1.788872e-001
 3.953660e+000 -1.614500e-001  1.869220e-001
 3.956390e+000  2.783000e-001  1.874753e-001
 3.959130e+000 -7.257500e-002  1.930191e-001
 3.961860e+000 -1.623000e-001  2.009992e-001
 3.964600e+000 -7.647500e-002  1.683089e-001
 3.967330e+000  1.365500e-001  1.485088e-001
 3.970070e+000  6.427500e-002  1.417092e-001
 3.972800e+000  1.014500e-001  1.336548e-001
 3.975540e+000  1.725000e-001  1.336010e-001
 3.978270e+000  3.592750e-001  1.360296e-001
 3.981010e+000  1.331500e-001  1.350595e-001
 3.983740e+000  9.285000e-002  1.313777e-001
 3.986480e+000  1.336750e-001  1.333405e-001
 3.989210e+000  1.184000e-001  1.341522e-001
 3.991950e+000  1.927000e-001  1.356919e-001
 3.994680e+000  1.567750e-001  1.323839e-001
 3.997420e+000  2.855000e-001  1.331512e-001
 4.000150e+000  3.682500e-002  1.306885e-001
 4.002890e+000  1.333750e-001  1.286136e-001
 4.005620e+000  1.358000e-001  1.293017e-001
 4.008360e+000  8.125000e-002  1.307795e-001
 4.011100e+000  1.151250e-001  1.282254e-001
 4.013830e+000  2.194500e-001  1.285437e-001
 4.016570e+000  1.291000e-001  1.292137e-001
 4.019300e+000 -3.387500e-002  1.256919e-001
 4.022040e+000  1.474250e-001  1.279287e-001
 4.024770e+000  7.400000e-002  1.272362e-001
 4.027510e+000  1.417000e-001  1.259988e-001
 4.030240e+000  2.464500e-001  1.279533e-001
 4.032980e+000  1.744250e-001  1.271625e-001
 4.035710e+000  1.675000e-002  1.249221e-001
 4.038450e+000  2.022000e-001  1.244530e-001
 4.041180e+000  1.227250e-001  1.254490e-001
 4.043920e+000  6.220000e-002  1.256992e-001
 4.046650e+000  2.247500e-001  1.213408e-001
 4.049390e+000  2.785000e-001  1.192131e-001
 4.052120e+000  7.905000e-002  1.183424e-001
 4.054860e+000  4.665000e-002  1.243311e-001
 4.057590e+000  2.354000e-001  1.201805e-001
 4.060330e+000  2.095250e-001  1.201872e-001
 4.063060e+000  1.819500e-001  1.231716e-001
 4.065800e+000  1.808000e-001  1.202557e-001
 4.068530e+000  6.262500e-002  1.193522e-001
 4.071270e+000 -2.370000e-002  1.205253e-001
 4.074000e+000 -6.600000e-003  1.225659e-001
 4.076740e+000  1.613750e-001  1.182254e-001
 4.079470e+000  1.002750e-001  1.208965e-001
 4.082210e+000  1.566750e-001  1.217010e-001
 4.084940e+000  6.032500e-002  1.184650e-001
 4.087680e+000  3.080500e-001  1.206822e-001
 4.090410e+000  1.540250e-001  1.239627e-001
 4.093150e+000  9.750000e-003  1.222169e-001
 4.095880e+000  1.836250e-001  1.226052e-001
 4.098620e+000  1.659750e-001  1.230458e-001
 4.101350e+000  3.377000e-001  1.232195e-001
 4.104090e+000 -9.345000e-002  1.206232e-001
 4.106820e+000  3.167750e-001  1.213763e-001
 4.109560e+000 -1.307500e-002  1.197572e-001
 4.112290e+000  1.844250e-001  1.198338e-001
 4.115030e+000  2.511500e-001  1.201109e-001
 4.117760e+000  3.172000e-001  1.219844e-001
 4.120500e+000  9.100000e-002  1.211460e-001
 4.123230e+000 -8.430000e-002  1.200365e-001
 4.125970e+000  4.840000e-002  1.247927e-001
 4.128700e+000  1.564500e-001  1.238961e-001
 4.131440e+000  1.340250e-001  1.241530e-001
 4.134170e+000  1.462750e-001  1.213543e-001
 4.136910e+000  1.349750e-001  1.210494e-001
 4.139640e+000  1.082000e-001  1.203904e-001
 4.142380e+000  1.307000e-001  1.210573e-001
 4.145110e+000  1.181750e-001  1.229354e-001
 4.147850e+000  2.291250e-001  1.239792e-001
 4.150580e+000  1.374750e-001  1.209667e-001
 4.153320e+000  1.841750e-001  1.226203e-001
 4.156050e+000  1.548500e-001  1.210205e-001
 4.158790e+000 -1.997500e-002  1.217673e-001
 4.161520e+000  2.565750e-001  1.172982e-001
 4.164260e+000 -2.290000e-002  1.230776e-001
 4.166990e+000  9.737500e-002  1.237056e-001
 4.169730e+000 -7.270000e-002  1.240095e-001
 4.172470e+000  2.695000e-001  1.198147e-001
 4.175200e+000  9.810000e-002  1.212652e-001
 4.177940e+000  2.000000e-003  1.184988e-001
 4.180670e+000  2.565250e-001  1.227019e-001
 4.183410e+000 -5.612500e-002  1.194734e-001
 4.186140e+000  2.992500e-002  1.222057e-001
 4.188880e+000  2.261500e-001  1.225559e-001
 4.191610e+000  1.386000e-001  1.217045e-001
 4.194350e+000  2.433500e-001  1.223393e-001
 4.197080e+000  6.890000e-002  1.220480e-001
 4.199820e+000  1.270000e-001  1.224173e-001
 4.202550e+000 -7.460000e-002  1.215485e-001
 4.205290e+000  4.705000e-002  1.231761e-001
 4.208020e+000  1.639500e-001  1.243935e-001
 4.210760e+000  1.950000e-003  1.243561e-001
 4.213490e+000  2.777750e-001  1.210278e-001
 4.216230e+000  2.916750e-001  1.196102e-001
 4.218960e+000  2.726500e-001  1.209907e-001
 4.221700e+000  5.081750e-001  1.206690e-001
 4.224430e+000  1.953250e-001  1.203177e-001
 4.227170e+000  1.238500e-001  1.243139e-001
 4.229900e+000  2.014750e-001  1.170319e-001
 4.232640e+000  2.374750e-001  1.234072e-001
 4.235370e+000  4.725000e-003  1.208526e-001
 4.238110e+000 -6.810000e-002  1.195770e-001
 4.240840e+000  8.710000e-002  1.222407e-001
 4.243580e+000  1.491750e-001  1.256337e-001
 4.246310e+000  2.618000e-001  1.197616e-001
 4.249050e+000  6.130000e-002  1.202087e-001
 4.251780e+000  1.640750e-001  1.217251e-001
 4.254520e+000  9.927500e-002  1.222124e-001
 4.257250e+000  1.690000e-001  1.210932e-001
 4.259990e+000  2.525000e-001  1.174550e-001
 4.262720e+000  1.577000e-001  1.220928e-001
 4.265460e+000  1.613750e-001  1.214748e-001
 4.268190e+000  1.186000e-001  1.193558e-001
 4.270930e+000  3.168250e-001  1.211443e-001
 4.273660e+000  2.098750e-001  1.228628e-001
 4.276400e+000  1.370000e-002  1.211663e-001
 4.279130e+000 -1.625000e-002  1.208070e-001
 4.281870e+000  1.921500e-001  1.203614e-001
 4.284600e+000  6.985000e-002  1.197790e-001
 4.287340e+000  1.256750e-001  1.222786e-001
 4.290070e+000  8.192500e-002  1.208876e-001
 4.292810e+000  3.257000e-001  1.203908e-001
 4.295540e+000  1.619750e-001  1.169774e-001
 4.298280e+000  1.903250e-001  1.233614e-001
 4.301010e+000  2.091000e-001  1.216210e-001
 4.303750e+000  1.851750e-001  1.182091e-001
 4.306480e+000  1.243750e-001  1.203552e-001
 4.309220e+000  1.906250e-001  1.209598e-001
 4.311950e+000  1.936750e-001  1.163132e-001
 4.314690e+000 -3.022500e-002  1.235221e-001
 4.317420e+000  2.856250e-001  1.170392e-001
 4.320160e+000  5.122500e-002  1.192838e-001
 4.322890e+000  3.138000e-001  1.226853e-001
 4.325630e+000  2.821250e-001  1.195438e-001
 4.328370e+000  1.478500e-001  1.228281e-001
 4.331100e+000  1.643750e-001  1.213933e-001
 4.333840e+000  7.815000e-002  1.195918e-001
 4.336570e+000  2.690000e-002  1.197383e-001
 4.339310e+000  1.116500e-001  1.203830e-001
 4.342040e+000  1.581500e-001  1.212359e-001
 4.344780e+000  5.490000e-002  1.219180e-001
 4.347510e+000  7.400000e-003  1.231151e-001
 4.350250e+000  3.117750e-001  1.207273e-001
 4.352980e+000  2.220000e-001  1.212131e-001
 4.355720e+000  2.833500e-001  1.173042e-001
 4.358450e+000  1.111000e-001  1.222183e-001
 4.361190e+000  8.212500e-002  1.166076e-001
 4.363920e+000  9.532500e-002  1.196231e-001
 4.366660e+000  1.363250e-001  1.213975e-001
 4.369390e+000  9.415000e-002  1.227531e-001
 4.372130e+000  5.001750e-001  1.207984e-001
 4.374860e+000  1.540250e-001  1.216675e-001
 4.377600e+000 -9.875000e-003  1.209797e-001
 4.380330e+000  1.794500e-001  1.193867e-001
 4.383070e+000  2.684500e-001  1.187758e-001
 4.385800e+000  1.344250e-001  1.210266e-001
 4.388540e+000  1.190500e-001  1.202243e-001
 4.391270e+000  1.798000e-001  1.215147e-001
 4.394010e+000  2.124750e-001  1.201239e-001
 4.396740e+000  1.258250e-001  1.218299e-001
 4.399480e+000  1.384750e-001  1.196915e-001
 4.402210e+000  2.548000e-001  1.204057e-001
 4.404950e+000  5.275000e-002  1.201700e-001
 4.407680e+000  6.017500e-002  1.204578e-001
 4.410420e+000  7.817500e-002  1.191162e-001
 4.413150e+000  2.761000e-001  1.218638e-001
 4.415890e+000  2.407000e-001  1.210467e-001
 4.418620e+000  1.404250e-001  1.204482e-001
 4.421360e+000  1.177250e-001  1.194980e-001
 4.424090e+000  2.332250e-001  1.214511e-001
 4.426830e+000  1.047250e-001  1.176673e-001
 4.429560e+000  1.394750e-001  1.237780e-001
 4.432300e+000 -8.840000e-002  1.228372e-001
 4.435030e+000  1.136750e-001  1.219099e-001
 4.437770e+000  2.861500e-001  1.208813e-001
 4.440500e+000 -1.732500e-002  1.224265e-001
 4.443240e+000  3.325500e-001  1.189018e-001
 4.445970e+000  1.370250e-001  1.191843e-001
 4.448710e+000 -1.195000e-001  1.194343e-001
 4.451440e+000  1.415250e-001  1.202766e-001
 4.454180e+000  1.591250e-001  1.206444e-001
 4.456910e+000  1.538500e-001  1.177166e-001
 4.459650e+000 -3.382500e-002  1.188077e-001
 4.462380e+000  2.536750e-001  1.205436e-001
 4.465120e+000  2.003750e-001  1.186448e-001
 4.467850e+000 -1.320000e-002  1.200232e-001
 4.470590e+000  7.122500e-002  1.230980e-001
 4.473320e+000  1.993000e-001  1.219632e-001
 4.476060e+000  2.893750e-001  1.186322e-001
 4.478790e+000  2.288000e-001  1.167782e-001
 4.481530e+000  1.258000e-001  1.186524e-001
 4.484260e+000  5.830000e-002  1.192548e-001
 4.487000e+000  2.771000e-001  1.168185e-001
 4.489740e+000  3.627250e-001  1.194178e-001
 4.492470e+000  1.764000e-001  1.230697e-001
 4.495210e+000  3.447500e-002  1.162397e-001
 4.497940e+000 -1.927500e-002  1.233686e-001
 4.500680e+000 -5.385000e-002  1.204125e-001
 4.503410e+000  1.763500e-001  1.189014e-001
 4.506150e+000  2.194500e-001  1.176562e-001
 4.508880e+000  1.646250e-001  1.178228e-001
 4.511620e+000  2.842000e-001  1.229732e-001
 4.514350e+000  1.400500e-001  1.183598e-001
 4.517090e+000  2.448250e-001  1.199151e-001
 4.519820e+000  3.375000e-001  1.192841e-001
 4.522560e+000  1.664500e-001  1.193636e-001
 4.525290e+000  1.801500e-001  1.201834e-001
 4.528030e+000  1.972250e-001  1.205206e-001
 4.530760e+000  3.365000e-002  1.197070e-001
 4.533500e+000  1.665000e-002  1.215243e-001
 4.536230e+000  8.502500e-002  1.186225e-001
 4.538970e+000  2.297000e-001  1.207807e-001
 4.541700e+000  2.625000e-002  1.183718e-001
 4.544440e+000  6.265000e-002  1.224209e-001
 4.547170e+000  6.022500e-002  1.184974e-001
 4.549910e+000  3.470000e-001  1.175390e-001
 4.552640e+000  1.585000e-001  1.175561e-001
 4.555380e+000  7.012500e-002  1.218190e-001
 4.558110e+000  6.282500e-002  1.214884e-001
 4.560850e+000  2.460750e-001  1.182833e-001
 4.563580e+000  3.650250e-001  1.225501e-001
 4.566320e+000  3.193250e-001  1.231762e-001
 4.569050e+000  2.431000e-001  1.207510e-001
 4.571790e+000  1.923250e-001  1.181304e-001
 4.574520e+000  7.895000e-002  1.240120e-001
 4.577260e+000 -9.600000e-003  1.194893e-001
 4.579990e+000 -1.760000e-002  1.189668e-001
 4.582730e+000  2.237000e-001  1.177705e-001
 4.585460e+000  1.259000e-001  1.167738e-001
 4.588200e+000  1.351750e-001  1.175203e-001
 4.590930e+000  1.463500e-001  1.226610e-001
 4.593670e+000 -2.035000e-002  1.213744e-001
 4.596400e+000  9.460000e-002  1.208966e-001
 4.599140e+000 -1.175000e-003  1.210926e-001
 4.601870e+000  2.342750e-001  1.204313e-001
 4.604610e+000  1.757000e-001  1.215749e-001
 4.607340e+000  1.666250e-001  1.206438e-001
 4.610080e+000  1.428250e-001  1.195900e-001
 4.612810e+000  5.170000e-002  1.206880e-001
 4.615550e+000  6.390000e-002  1.199478e-001
 4.618280e+000  7.210000e-002  1.198169e-001
 4.621020e+000  6.392500e-002  1.167841e-001
 4.623750e+000  6.087500e-002  1.197998e-001
 4.626490e+000  1.207250e-001  1.165623e-001
 4.629220e+000  1.614500e-001  1.212978e-001
 4.631960e+000  2.264500e-001  1.161994e-001
 4.634690e+000  1.165750e-001  1.188858e-001
 4.637430e+000  2.602500e-002  1.181377e-001
 4.640160e+000  4.847500e-002  1.197775e-001
 4.642900e+000  1.906750e-001  1.206259e-001
 4.645640e+000  3.231500e-001  1.196398e-001
 4.648370e+000  9.642500e-002  1.185075e-001
 4.651110e+000  1.409000e-001  1.218562e-001
 4.653840e+000  2.917500e-001  1.174662e-001
 4.656580e+000  2.493750e-001  1.192656e-001
 4.659310e+000  1.708250e-001  1.180727e-001
 4.662050e+000  1.327750e-001  1.200792e-001
 4.664780e+000  7.057500e-002  1.218173e-001
 4.667520e+000  1.410500e-001  1.161321e-001
 4.670250e+000  2.084000e-001  1.235952e-001
 4.672990e+000  2.100500e-001  1.183657e-001
 4.675720e+000  4.932500e-002  1.194533e-001
 4.678460e+000  3.017750e-001  1.197113e-001
 4.681190e+000  1.447000e-001  1.194478e-001
 4.683930e+000  6.940000e-002  1.211280e-001
 4.686660e+000  1.267750e-001  1.175626e-001
 4.689400e+000  7.955000e-002  1.193794e-001
 4.692130e+000  1.014250e-001  1.219997e-001
 4.694870e+000  1.636750e-001  1.220247e-001
 4.697600e+000  1.096250e-001  1.192006e-001
 4.700340e+000  1.278750e-001  1.190480e-001
 4.703070e+000  2.496250e-001  1.204653e-001
 4.705810e+000  5.895000e-002  1.189743e-001
 4.708540e+000  2.202750e-001  1.229871e-001
 4.711280e+000  1.322000e-001  1.193831e-001
 4.714010e+000  1.369750e-001  1.203708e-001
 4.716750e+000  1.592500e-001  1.224763e-001
 4.719480e+000  1.492250e-001  1.183354e-001
 4.722220e+000  3.278000e-001  1.220784e-001
 4.724950e+000  2.996500e-001  1.202787e-001
 4.727690e+000  2.156000e-001  1.203377e-001
 4.730420e+000  1.562500e-001  1.168343e-001
 4.733160e+000  2.335750e-001  1.188939e-001
 4.735890e+000  9.057500e-002  1.206982e-001
 4.738630e+000  1.448500e-001  1.194805e-001
 4.741360e+000  1.025750e-001  1.230651e-001
 4.744100e+000  2.533000e-001  1.166232e-001
 4.746830e+000  9.255000e-002  1.202255e-001
 4.749570e+000  1.039250e-001  1.200202e-001
 4.752300e+000  2.150000e-002  1.191761e-001
 4.755040e+000  1.553250e-001  1.180300e-001
 4.757770e+000  1.467000e-001  1.154214e-001
 4.760510e+000  2.549000e-001  1.182884e-001
 4.763240e+000  2.268250e-001  1.184830e-001
 4.765980e+000  1.473000e-001  1.181419e-001
 4.768710e+000  2.331750e-001  1.195887e-001
 4.771450e+000  3.190000e-001  1.202472e-001
 4.774180e+000  2.150000e-001  1.205905e-001
 4.776920e+000  5.085000e-002  1.181517e-001
 4.779650e+000  2.258750e-001  1.208439e-001
 4.782390e+000  7.502500e-002  1.181865e-001
 4.785120e+000  2.910250e-001  1.184479e-001
 4.787860e+000  3.476500e-001  1.165967e-001
 4.790590e+000  1.853000e-001  1.216486e-001
 4.793330e+000  3.300000e-002  1.225487e-001
 4.796060e+000  2.600500e-001  1.179384e-001
 4.798800e+000  1.787500e-002  1.176240e-001
 4.801530e+000  2.783000e-001  1.188730e-001
 4.804270e+000  2.047000e-001  1.218473e-001
 4.807010e+000  2.149000e-001  1.180993e-001
 4.809740e+000  3.477500e-001  1.199997e-001
 4.812480e+000  9.657500e-002  1.184604e-001
 4.815210e+000  2.854500e-001  1.210171e-001
 4.817950e+000  2.233000e-001  1.163841e-001
 4.820680e+000  3.672500e-001  1.175407e-001
 4.823420e+000  2.532750e-001  1.202910e-001
 4.826150e+000  1.467500e-001  1.183262e-001
 4.828890e+000 -9.990000e-002  1.206346e-001
 4.831620e+000  1.292250e-001  1.194543e-001
 4.834360e+000  1.998250e-001  1.218115e-001
 4.837090e+000  2.102000e-001  1.209507e-001
 4.839830e+000  1.307500e-002  1.169513e-001
 4.842560e+000  8.222500e-002  1.160512e-001
 4.845300e+000  1.028750e-001  1.215063e-001
 4.848030e+000  2.335500e-001  1.203598e-001
 4.850770e+000  1.607750e-001  1.158553e-001
 4.853500e+000  9.767500e-002  1.192948e-001
 4.856240e+000  8.382500e-002  1.213142e-001
 4.858970e+000  1.027000e-001  1.198218e-001
 4.861710e+000  1.499250e-001  1.198967e-001
 4.864440e+000  2.109000e-001  1.178457e-001
 4.867180e+000 -4.055000e-002  1.238070e-001
 4.869910e+000  2.873250e-001  1.171012e-001
 4.872650e+000  2.891000e-001  1.169393e-001
 4.875380e+000  1.019000e-001  1.189813e-001
 4.878120e+000  1.159000e-001  1.202942e-001
 4.880850e+000  1.633500e-001  1.210640e-001
 4.883590e+000  1.358000e-001  1.210340e-001
 4.886320e+000 -7.150000e-003  1.201819e-001
 4.889060e+000  2.347250e-001  1.160540e-001
 4.891790e+000 -5.125000e-002  1.175352e-001
 4.894530e+000  1.011250e-001  1.201388e-001
 4.897260e+000  3.438250e-001  1.198548e-001
 4.900000e+000  3.612500e-002  1.162740e-001
 4.902730e+000  1.115000e-001  1.181604e-001
 4.905470e+000  1.339500e-001  1.190699e-001
 4.908200e+000 -5.940000e-002  1.168765e-001
 4.910940e+000 -5.257500e-002  1.208951e-001
 4.913670e+000  2.599250e-001  1.216143e-001
 4.916410e+000  3.423500e-001  1.216791e-001
 4.919140e+000  4.212000e-001  1.160854e-001
 4.921880e+000  2.277500e-001  1.192843e-001
 4.924610e+000  1.764250e-001  1.191559e-001
 4.927350e+000  1.200500e-001  1.205534e-001
 4.930080e+000  6.657500e-002  1.155494e-001
 4.932820e+000  2.911750e-001  1.198354e-001
 4.935550e+000  2.581750e-001  1.197332e-001
 4.938290e+000  1.678250e-001  1.224284e-001
 4.941020e+000  1.716000e-001  1.187929e-001
 4.943760e+000  1.990000e-001  1.210385e-001
 4.946490e+000  2.394500e-001  1.199438e-001
 4.949230e+000  1.726250e-001  1.203077e-001
 4.951960e+000  6.862500e-002  1.186475e-001
 4.954700e+000  1.091750e-001  1.246748e-001
 4.957430e+000  1.688500e-001  1.159993e-001
 4.960170e+000  8.215000e-002  1.162816e-001
 4.962900e+000  1.031750e-001  1.198122e-001
 4.965640e+000 -2.187500e-002  1.204891e-001
 4.968380e+000  3.142000e-001  1.216403e-001
 4.971110e+000  2.415750e-001  1.186110e-001
 4.973850e+000 -1.500250e-001  1.207550e-001
 4.976580e+000  3.206250e-001  1.190380e-001
 4.979320e+000  3.294000e-001  1.215357e-001
 4.982050e+000  3.486250e-001  1.204288e-001
 4.984790e+000  1.729500e-001  1.191211e-001
 4.987520e+000  1.622000e-001  1.193144e-001
 4.990260e+000  1.443250e-001  1.186447e-001
 4.992990e+000  1.670750e-001  1.155110e-001
 4.995730e+000  1.087500e-001  1.189304e-001
 4.998460e+000  1.390000e-002  1.193755e-001
 5.001200e+000  1.990500e-001  1.183064e-001
 5.003930e+000  2.622250e-001  1.158468e-001
 5.006670e+000  1.758750e-001  1.207932e-001
 5.009400e+000  2.618750e-001  1.211332e-001
 5.012140e+000  5.490000e-002  1.179654e-001
 5.014870e+000  2.338250e-001  1.196442e-001
 5.017610e+000  2.634750e-001  1.234688e-001
 5.020340e+000  9.005000e-002  1.221801e-001
 5.023080e+000  3.444750e-001  1.233343e-001
 5.025810e+000  5.280000e-002  1.184052e-001
 5.028550e+000 -4.792500e-002  1.194553e-001
 5.031280e+000  1.825750e-001  1.187505e-001
 5.034020e+000  5.600000e-003  1.229355e-001
 5.036750e+000  1.199000e-001  1.198867e-001
 5.039490e+000  1.498000e-001  1.201744e-001
 5.042220e+000  2.847500e-001  1.191137e-001
 5.044960e+000  1.878000e-001  1.199836e-001
 5.047690e+000  1.171750e-001  1.213561e-001
 5.050430e+000  2.004750e-001  1.153085e-001
 5.053160e+000  5.600000e-002  1.205623e-001
 5.055900e+000  1.881500e-001  1.181402e-001
 5.058630e+000  5.317500e-002  1.198672e-001
 5.061370e+000  1.535250e-001  1.177420e-001
 5.064100e+000  1.681000e-001  1.206212e-001
 5.066840e+000  2.146750e-001  1.224786e-001
 5.069570e+000  1.088000e-001  1.181866e-001
 5.072310e+000  1.200250e-001  1.174501e-001
 5.075040e+000  1.575000e-002  1.182928e-001
 5.077780e+000  9.985000e-002  1.195001e-001
 5.080510e+000  8.462500e-002  1.181606e-001
 5.083250e+000  1.117500e-001  1.203477e-001
 5.085980e+000  9.637500e-002  1.193639e-001
 5.088720e+000  1.798000e-001  1.169035e-001
 5.091450e+000  3.497750e-001  1.207528e-001
 5.094190e+000  3.982500e-002  1.222285e-001
 5.096920e+000  1.094750e-001  1.200139e-001
 5.099660e+000  2.315750e-001  1.182284e-001
 5.102390e+000  2.400000e-001  1.202180e-001
 5.105130e+000  9.650000e-002  1.198545e-001
 5.107860e+000  4.650000e-003  1.222650e-001
 5.110600e+000  2.908750e-001  1.185796e-001
 5.113330e+000  3.552500e-001  1.193710e-001
 5.116070e+000  2.264000e-001  1.172806e-001
 5.118800e+000 -9.067500e-002  1.181554e-001
 5.121540e+000  5.065000e-002  1.203791e-001
 5.124280e+000  7.000000e-003  1.233492e-001
 5.127010e+000  9.637500e-002  1.211605e-001
 5.129750e+000  9.070000e-002  1.181562e-001
 5.132480e+000  2.067500e-002  1.163150e-001
 5.135220e+000  2.879500e-001  1.165192e-001
 5.137950e+000  1.330250e-001  1.195397e-001
 5.140690e+000  9.640000e-002  1.168140e-001
 5.143420e+000  2.555500e-001  1.196606e-001
 5.146160e+000  2.509750e-001  1.198846e-001
 5.148890e+000  2.141000e-001  1.165985e-001
 5.151630e+000  2.427250e-001  1.212621e-001
 5.154360e+000  1.938750e-001  1.216157e-001
 5.157100e+000  9.322500e-002  1.203148e-001
 5.159830e+000  1.290250e-001  1.195496e-001
 5.162570e+000  2.455250e-001  1.197216e-001
 5.165300e+000  8.415000e-002  1.203478e-001
 5.168040e+000  2.339000e-001  1.226305e-001
 5.170770e+000  1.723000e-001  1.213740e-001
 5.173510e+000  1.029000e-001  1.210428e-001
 5.176240e+000  3.322250e-001  1.171252e-001
 5.178980e+000  2.030500e-001  1.188488e-001
 5.181710e+000  2.421500e-001  1.196903e-001
 5.184450e+000  3.676500e-001  1.168969e-001
 5.187180e+000  3.324500e-001  1.183962e-001
 5.189920e+000  2.272250e-001  1.160605e-001
 5.192650e+000  1.518500e-001  1.178637e-001
 5.195390e+000  8.535000e-002  1.220422e-001
 5.198120e+000  1.925000e-002  1.182811e-001
 5.200860e+000  7.677500e-002  1.202256e-001
 5.203590e+000 -1.832500e-002  1.175521e-001
 5.206330e+000 -6.310000e-002  1.183367e-001
 5.209060e+000  1.267500e-002  1.183563e-001
 5.211800e+000  1.341750e-001  1.154584e-001
 5.214530e+000  2.020000e-002  1.162029e-001
 5.217270e+000  1.560750e-001  1.198712e-001
 5.220000e+000  2.156000e-001  1.186984e-001
 5.222740e+000  2.263750e-001  1.189497e-001
 5.225470e+000 -1.244750e-001  1.186621e-001
 5.228210e+000  1.459750e-001  1.220630e-001
 5.230940e+000  4.387500e-002  1.186485e-001
 5.233680e+000  6.510000e-002  1.184836e-001
 5.236410e+000  2.351000e-001  1.215142e-001
 5.239150e+000  2.437500e-001  1.166026e-001
 5.241880e+000  2.875000e-002  1.169535e-001
 5.244620e+000  2.019750e-001  1.172457e-001
 5.247350e+000  2.237250e-001  1.219502e-001
 5.250090e+000 -2.000000e-003  1.169635e-001
 5.252820e+000  1.432250e-001  1.201921e-001
 5.255560e+000  1.323750e-001  1.173496e-001
 5.258290e+000  1.169000e-001  1.199765e-001
 5.261030e+000  1.713750e-001  1.154959e-001
 5.263760e+000  9.027500e-002  1.203643e-001
 5.266500e+000  3.922750e-001  1.191897e-001
 5.269230e+000 -6.950000e-003  1.152101e-001
 5.271970e+000  1.988750e-001  1.181140e-001
 5.274700e+000  1.804250e-001  1.185331e-001
 5.277440e+000  8.197500e-002  1.199734e-001
 5.280170e+000  1.008750e-001  1.199554e-001
 5.282910e+000  1.629250e-001  1.234891e-001
 5.285650e+000  2.534000e-001  1.179604e-001
 5.288380e+000  1.348000e-001  1.389825e-001
 5.291120e+000  1.332750e-001  1.488570e-001
 5.293850e+000 -2.615000e-002  1.622378e-001
 5.296590e+000  6.097500e-002  1.739681e-001
 5.299320e+000 -7.385000e-002  1.734598e-001
 5.302060e+000  4.137500e-001  1.693702e-001
 5.304790e+000  1.970250e-001  1.928065e-001
 5.307530e+000  1.869750e-001  2.018991e-001
 5.310260e+000  4.450000e-002  2.121324e-001
 5.313000e+000 -3.677500e-002  1.585760e-001
 5.315730e+000  1.437750e-001  1.425522e-001
 5.318470e+000  2.736000e-001  1.379402e-001
 5.321200e+000 -4.962500e-002  1.317497e-001
 5.323940e+000  3.037000e-001  1.332825e-001
 5.326670e+000  1.553750e-001  1.311943e-001
 5.329410e+000  1.287750e-001  1.305039e-001
 5.332140e+000  1.973250e-001  1.300912e-001
 5.334880e+000  2.697250e-001  1.282539e-001
 5.337610e+000  1.061000e-001  1.318958e-001
 5.340350e+000  1.291500e-001  1.323198e-001
 5.343080e+000  2.430250e-001  1.284838e-001
 5.345820e+000  9.450000e-003  1.312314e-001
 5.348550e+000  9.047500e-002  1.336547e-001
 5.351290e+000  1.344500e-001  1.292361e-001
 5.354020e+000  6.955000e-002  1.272210e-001
 5.356760e+000  2.971500e-001  1.254569e-001
 5.359490e+000  6.300000e-002  1.269510e-001
 5.362230e+000  2.925250e-001  1.219552e-001
 5.364960e+000  2.217500e-002  1.240955e-001
 5.367700e+000  1.209500e-001  1.217092e-001
 5.370430e+000  2.079750e-001  1.208842e-001
 5.373170e+000 -7.947500e-002  1.179784e-001
 5.375900e+000  3.791250e-001  1.188003e-001
 5.378640e+000 -3.790000e-002  1.192818e-001
 5.381370e+000 -2.077750e-001  1.208991e-001
 5.384110e+000  2.843250e-001  1.187358e-001
 5.386840e+000  3.034500e-001  1.185715e-001
 5.389580e+000  8.730000e-002  1.161483e-001
 5.392310e+000  5.270000e-002  1.180308e-001
 5.395050e+000  1.048250e-001  1.224012e-001
 5.397780e+000  1.048500e-001  1.185144e-001
 5.400520e+000  2.314000e-001  1.177978e-001
 5.403250e+000  2.587500e-001  1.188280e-001
 5.405990e+000  5.840000e-002  1.148266e-001
 5.408720e+000  2.382250e-001  1.159928e-001
 5.411460e+000  3.198000e-001  1.179417e-001
 5.414190e+000  4.202500e-002  1.240260e-001
 5.416930e+000  1.043750e-001  1.192861e-001
 5.419660e+000  2.259500e-001  1.204540e-001
 5.422400e+000  2.098250e-001  1.189830e-001
 5.425130e+000  1.487750e-001  1.168379e-001
 5.427870e+000  2.847500e-002  1.198926e-001
 5.430600e+000  1.926000e-001  1.217338e-001
 5.433340e+000  1.455500e-001  1.183343e-001
 5.436070e+000  3.408500e-001  1.196841e-001
 5.438810e+000  1.049500e-001  1.209879e-001
 5.441550e+000  9.212500e-002  1.185309e-001
 5.444280e+000  2.746750e-001  1.201611e-001
 5.447020e+000  8.035000e-002  1.201563e-001
 5.449750e+000  2.248000e-001  1.187327e-001
 5.452490e+000  3.387250e-001  1.187482e-001
 5.455220e+000 -6.185000e-002  1.195642e-001
 5.457960e+000  1.074250e-001  1.209176e-001
 5.460690e+000  1.484750e-001  1.197418e-001
 5.463430e+000  1.252000e-001  1.190839e-001
 5.466160e+000  7.572500e-002  1.179948e-001
 5.468900e+000  1.296500e-001  1.179609e-001
 5.471630e+000 -1.219750e-001  1.186133e-001
 5.474370e+000  1.903000e-001  1.194116e-001
 5.477100e+000  3.182500e-002  1.205677e-001
 5.479840e+000  6.632500e-002  1.208368e-001
 5.482570e+000  1.791500e-001  1.235472e-001
 5.485310e+000  1.980000e-002  1.202299e-001
 5.488040e+000 -4.735000e-002  1.178581e-001
 5.490780e+000  4.622500e-002  1.241858e-001
 5.493510e+000 -6.482500e-002  1.178308e-001
 5.496250e+000  2.461000e-001  1.233378e-001
 5.498980e+000  9.825000e-002  1.192166e-001
 5.501720e+000  1.852500e-001  1.159597e-001
 5.504450e+000  1.251000e-001  1.169039e-001
 5.507190e+000  1.630000e-002  1.204185e-001
 5.509920e+000  9.367500e-002  1.204258e-001
 5.512660e+000  2.792500e-001  1.209525e-001
 5.515390e+000  1.455000e-001  1.236611e-001
 5.518130e+000  2.137250e-001  1.208802e-001
 5.520860e+000  8.740000e-002  1.203583e-001
 5.523600e+000  8.737500e-002  1.203535e-001
 5.526330e+000  2.124250e-001  1.179609e-001
 5.529070e+000  3.615250e-001  1.371798e-001
 5.531800e+000  2.762750e-001  1.458572e-001
 5.534540e+000  1.927000e-001  1.560272e-001
 5.537270e+000  3.217250e-001  1.384904e-001
 5.540010e+000  1.340000e-001  1.275248e-001
 5.542740e+000 -1.777000e-001  1.309639e-001
 5.545480e+000  9.902500e-002  1.213144e-001
 5.548210e+000  1.776250e-001  1.223808e-001
 5.550950e+000 -2.910000e-002  1.233632e-001
 5.553680e+000  1.925750e-001  1.233516e-001
 5.556420e+000  9.597500e-002  1.222513e-001
 5.559150e+000  3.491250e-001  1.222154e-001
 5.561890e+000  2.850750e-001  1.230179e-001
 5.564620e+000  9.805000e-002  1.214171e-001
 5.567360e+000  1.369750e-001  1.247016e-001
 5.570090e+000  3.371500e-001  1.244694e-001
 5.572830e+000 -9.525000e-003  1.226490e-001
 5.575560e+000  2.096250e-001  1.243556e-001
 5.578300e+000  2.121250e-001  1.203084e-001
 5.581030e+000  9.095000e-002  1.254072e-001
 5.583770e+000  1.726750e-001  1.223131e-001
 5.586500e+000  5.895000e-002  1.193074e-001
 5.589240e+000  1.049500e-001  1.228113e-001
 5.591970e+000  1.356000e-001  1.189097e-001
 5.594710e+000  3.915750e-001  1.176450e-001
 5.597440e+000  1.662750e-001  1.183403e-001
 5.600180e+000 -1.358250e-001  1.153505e-001
 5.602920e+000 -1.382500e-002  1.187662e-001
 5.605650e+000  3.419500e-001  1.214371e-001
 5.608390e+000  9.070000e-002  1.189414e-001
 5.611120e+000  2.024500e-001  1.203097e-001
 5.613860e+000  9.517500e-002  1.202222e-001
 5.616590e+000  2.637500e-001  1.182778e-001
 5.619330e+000  4.882500e-002  1.192122e-001
 5.622060e+000  2.075250e-001  1.180394e-001
 5.624800e+000  1.940500e-001  1.144952e-001
 5.627530e+000  1.739750e-001  1.178552e-001
 5.630270e+000  2.191750e-001  1.171249e-001
 5.633000e+000  1.513500e-001  1.181306e-001
 5.635740e+000  2.510750e-001  1.191922e-001
 5.638470e+000  2.368750e-001  1.210182e-001
 5.641210e+000  8.782500e-002  1.202900e-001
 5.643940e+000  1.680250e-001  1.191689e-001
 5.646680e+000  1.614000e-001  1.187496e-001
 5.649410e+000  1.373250e-001  1.208841e-001
 5.652150e+000  3.768250e-001  1.197336e-001
 5.654880e+000  2.402500e-002  1.174826e-001
 5.657620e+000  1.297750e-001  1.184403e-001
 5.660350e+000  5.042500e-002  1.165452e-001
 5.663090e+000  1.180000e-001  1.196191e-001
 5.665820e+000  5.827500e-002  1.218444e-001
 5.668560e+000  2.278500e-001  1.196379e-001
 5.671290e+000 -1.510000e-002  1.164375e-001
 5.674030e+000  1.060000e-001  1.172917e-001
 5.676760e+000  1.002750e-001  1.197658e-001
 5.679500e+000  2.796750e-001  1.197518e-001
 5.682230e+000 -2.007500e-002  1.156208e-001
 5.684970e+000  7.000000e-002  1.191591e-001
 5.687700e+000  2.453000e-001  1.183764e-001
 5.690440e+000  1.211250e-001  1.176253e-001
 5.693170e+000  1.439000e-001  1.131129e-001
 5.695910e+000  2.207000e-001  1.181725e-001
 5.698640e+000  1.326750e-001  1.209442e-001
 5.701380e+000  2.629250e-001  1.189198e-001
 5.704110e+000 -2.362500e-002  1.184263e-001
 5.706850e+000  1.171750e-001  1.181455e-001
 5.709580e+000  7.250000e-004  1.198345e-001
 5.712320e+000  2.043750e-001  1.197344e-001
 5.715050e+000 -8.712500e-002  1.157238e-001
 5.717790e+000  7.702500e-002  1.192452e-001
 5.720520e+000  1.175000e-001  1.176395e-001
 5.723260e+000  1.190500e-001  1.179730e-001
 5.725990e+000  1.596000e-001  1.158420e-001
 5.728730e+000  1.200500e-001  1.177011e-001
 5.731460e+000  6.335000e-002  1.177342e-001
 5.734200e+000  2.107500e-002  1.202389e-001
 5.736930e+000 -2.382500e-002  1.189713e-001
 5.739670e+000 -7.290000e-002  1.191523e-001
 5.742400e+000  1.086750e-001  1.195486e-001
 5.745140e+000  1.438250e-001  1.205240e-001
 5.747870e+000  1.676250e-001  1.175337e-001
 5.750610e+000  2.309250e-001  1.192832e-001
 5.753340e+000  1.927250e-001  1.206866e-001
 5.756080e+000  6.325000e-003  1.157635e-001
 5.758820e+000  4.066000e-001  1.205589e-001
 5.761550e+000  8.442500e-002  1.213710e-001
 5.764290e+000  2.902500e-002  1.211226e-001
 5.767020e+000  1.453500e-001  1.177722e-001
 5.769760e+000  1.761500e-001  1.173465e-001
 5.772490e+000  1.108750e-001  1.187802e-001
 5.775230e+000  6.725000e-002  1.189903e-001
 5.777960e+000  7.260000e-002  1.188373e-001
 5.780700e+000  2.340250e-001  1.190365e-001
 5.783430e+000  2.803750e-001  1.197274e-001
 5.786170e+000  5.500000e-002  1.233536e-001
 5.788900e+000  1.907250e-001  1.206379e-001
 5.791640e+000  3.387500e-001  1.168832e-001
 5.794370e+000 -1.096250e-001  1.167433e-001
 5.797110e+000  9.725000e-002  1.192361e-001
 5.799840e+000  1.789500e-001  1.177805e-001
 5.802580e+000  2.051000e-001  1.172322e-001
 5.805310e+000 -3.407500e-002  1.170410e-001
 5.808050e+000  3.017250e-001  1.189701e-001
 5.810780e+000  1.325000e-001  1.185146e-001
 5.813520e+000  1.236750e-001  1.199426e-001
 5.816250e+000  1.209000e-001  1.190759e-001
 5.818990e+000  2.629750e-001  1.184202e-001
 5.821720e+000  7.792500e-002  1.202820e-001
 5.824460e+000  2.226250e-001  1.213441e-001
 5.827190e+000  1.058000e-001  1.190884e-001
 5.829930e+000  1.121250e-001  1.177388e-001
 5.832660e+000  1.095500e-001  1.199397e-001
 5.835400e+000  2.215250e-001  1.203379e-001
 5.838130e+000  9.782500e-002  1.176056e-001
 5.840870e+000 -3.337500e-002  1.190458e-001
 5.843600e+000  8.347500e-002  1.190442e-001
 5.846340e+000  4.470000e-002  1.159865e-001
 5.849070e+000  1.386250e-001  1.199722e-001
 5.851810e+000  2.054250e-001  1.198154e-001
 5.854540e+000  2.383250e-001  1.207439e-001
 5.857280e+000  1.451750e-001  1.169643e-001
 5.860010e+000  8.622500e-002  1.208955e-001
 5.862750e+000  1.170500e-001  1.150646e-001
 5.865480e+000  1.219250e-001  1.164186e-001
 5.868220e+000 -1.817500e-002  1.190554e-001
 5.870950e+000  1.904750e-001  1.194546e-001
 5.873690e+000  1.790500e-001  1.160851e-001
 5.876420e+000  2.734500e-001  1.204864e-001
 5.879160e+000  1.319500e-001  1.172397e-001
 5.881890e+000  8.497500e-002  1.195164e-001
 5.884630e+000  5.732500e-002  1.184203e-001
 5.887360e+000 -1.296750e-001  1.178915e-001
 5.890100e+000 -2.897500e-002  1.208702e-001
 5.892830e+000  2.432250e-001  1.213079e-001
 5.895570e+000  2.153000e-001  1.174598e-001
 5.898300e+000 -6.615000e-002  1.180071e-001
 5.901040e+000  2.015000e-001  1.209360e-001
 5.903770e+000  9.355000e-002  1.146923e-001
 5.906510e+000 -2.185000e-002  1.199257e-001
 5.909240e+000  1.148500e-001  1.164072e-001
 5.911980e+000  5.602500e-002  1.160048e-001
 5.914710e+000  1.321000e-001  1.180376e-001
 5.917450e+000  1.770750e-001  1.187230e-001
 5.920190e+000  2.351750e-001  1.246895e-001
 5.922920e+000  1.211750e-001  1.203324e-001
 5.925660e+000  7.255000e-002  1.180944e-001
 5.928390e+000  2.015750e-001  1.185508e-001
 5.931130e+000 -7.647500e-002  1.215479e-001
 5.933860e+000 -2.090000e-002  1.195240e-001
 5.936600e+000  1.127000e-001  1.203062e-001
 5.939330e+000  1.535000e-002  1.145697e-001
 5.942070e+000  1.011500e-001  1.200907e-001
 5.944800e+000  6.662500e-002  1.145369e-001
 5.947540e+000  1.918750e-001  1.181950e-001
 5.950270e+000  2.640000e-002  1.224916e-001
 5.953010e+000  5.740000e-002  1.164782e-001
 5.955740e+000  1.890750e-001  1.227302e-001
 5.958480e+000  1.679250e-001  1.210100e-001
 5.961210e+000  2.587500e-002  1.243746e-001
 5.963950e+000  1.918250e-001  1.234260e-001
 5.966680e+000  2.136250e-001  1.263563e-001
 5.969420e+000  1.859750e-001  1.273458e-001
 5.972150e+000  1.575000e-001  1.383801e-001
 5.974890e+000  1.205000e-002  1.535025e-001
 5.977620e+000  1.607000e-001  1.748398e-001
 5.980360e+000  2.419000e-001  1.726951e-001
 5.983090e+000 -1.802500e-001  1.791683e-001
 5.985830e+000  1.682000e-001  1.854313e-001
 5.988560e+000 -3.750000e-003  1.926696e-001
 5.991300e+000 -1.572750e-001  2.251878e-001
 5.994030e+000 -4.635000e-002  2.330199e-001
 5.996770e+000  3.175500e-001  2.330946e-001
 5.999500e+000  4.674000e-001  2.379333e-001
 6.002240e+000 -9.205000e-002  2.658110e-001
 6.004970e+000  9.175000e-002  2.681697e-001
 6.007710e+000  2.357500e-001  2.886130e-001
 6.010440e+000 -4.297500e-002  3.153970e-001
 6.013180e+000  7.381750e-001  3.470430e-001
 6.015910e+000  6.776250e-001  3.834887e-001
 6.018650e+000 -1.861250e-001  4.693140e-001
 6.021380e+000  4.096750e-001  5.920700e-001
 6.024120e+000 -1.660075e+000  1.070932e+000
parent: mono_127_cut.dat
parent-concentration: 1.000 * 1.0651
parent: mono_125_cut.dat
parent-concentration: 2.000 * 1.0670
parent: mono_123_cut.dat
parent-concentration: 4.000 * 1.0000
creator: almerge
creator-version: 1.0 (r2835)
