#Sample description: CD27LC239R NaCl
#Sample: CD27LC239R NaCl  c= 1.0600 mg/ml  Code: CD27CR
#Parent(s): /var/folders/z_/xc294sm95_b7n3lbzr312p7w0000gn/T/qt_temp.T19533
  1.004360e-01   3.483340e+03   3.097781e+02
  1.030670e-01   3.471794e+03   1.164765e+02
  1.056980e-01   3.410025e+03   1.053670e+02
  1.083290e-01   3.393372e+03   1.009853e+02
  1.109590e-01   3.437733e+03   9.894102e+01
  1.135900e-01   3.387888e+03   9.543462e+01
  1.162210e-01   3.292642e+03   9.225042e+01
  1.188520e-01   3.342245e+03   8.915030e+01
  1.214820e-01   3.280886e+03   8.702285e+01
  1.241130e-01   3.339107e+03   8.468544e+01
  1.267440e-01   3.394020e+03   8.339769e+01
  1.293750e-01   3.356774e+03   8.125670e+01
  1.320050e-01   3.358715e+03   7.967200e+01
  1.346360e-01   3.314061e+03   7.804396e+01
  1.372670e-01   3.256708e+03   7.630131e+01
  1.398980e-01   3.242573e+03   7.462391e+01
  1.425280e-01   3.230085e+03   7.268761e+01
  1.451590e-01   3.160094e+03   7.203424e+01
  1.477900e-01   3.217426e+03   7.066211e+01
  1.504210e-01   3.237332e+03   6.958065e+01
  1.530510e-01   3.241423e+03   6.850638e+01
  1.556820e-01   3.226974e+03   6.922886e+01
  1.583130e-01   3.164268e+03   6.975967e+01
  1.609440e-01   3.150501e+03   6.909904e+01
  1.635740e-01   3.145672e+03   6.853831e+01
  1.662050e-01   3.196663e+03   6.833973e+01
  1.688360e-01   3.117073e+03   6.778545e+01
  1.714670e-01   3.064999e+03   6.694248e+01
  1.740980e-01   3.071213e+03   6.645599e+01
  1.767280e-01   3.150038e+03   6.689867e+01
  1.793590e-01   3.118315e+03   6.668460e+01
  1.819900e-01   3.020751e+03   6.522991e+01
  1.846210e-01   2.955591e+03   6.436226e+01
  1.872510e-01   2.909836e+03   6.309191e+01
  1.898820e-01   2.914683e+03   6.363836e+01
  1.925130e-01   2.810182e+03   6.289223e+01
  1.951440e-01   2.911206e+03   6.265920e+01
  1.977740e-01   2.932819e+03   6.176048e+01
  2.004050e-01   2.990404e+03   6.141225e+01
  2.030360e-01   2.879084e+03   6.132521e+01
  2.056670e-01   2.832933e+03   6.023240e+01
  2.082970e-01   2.823504e+03   6.004299e+01
  2.109280e-01   2.856724e+03   5.992293e+01
  2.135590e-01   2.762744e+03   5.925545e+01
  2.161900e-01   2.770386e+03   5.871355e+01
  2.188200e-01   2.699467e+03   5.803335e+01
  2.214510e-01   2.765475e+03   5.769230e+01
  2.240820e-01   2.741597e+03   5.825751e+01
  2.267130e-01   2.633568e+03   5.714617e+01
  2.293430e-01   2.572121e+03   5.612639e+01
  2.319740e-01   2.612748e+03   5.637636e+01
  2.346050e-01   2.646145e+03   5.589688e+01
  2.372360e-01   2.544529e+03   5.574803e+01
  2.398660e-01   2.562380e+03   5.545934e+01
  2.424970e-01   2.636605e+03   5.495451e+01
  2.451280e-01   2.518109e+03   5.483510e+01
  2.477590e-01   2.511268e+03   5.377542e+01
  2.503890e-01   2.522502e+03   5.383971e+01
  2.530200e-01   2.614195e+03   5.399476e+01
  2.556510e-01   2.558999e+03   5.315973e+01
  2.582820e-01   2.405243e+03   5.311989e+01
  2.609120e-01   2.436838e+03   5.211669e+01
  2.635430e-01   2.455614e+03   5.210237e+01
  2.661740e-01   2.413356e+03   5.199198e+01
  2.688050e-01   2.396451e+03   5.170315e+01
  2.714350e-01   2.387052e+03   5.144982e+01
  2.740660e-01   2.349344e+03   5.048523e+01
  2.766970e-01   2.370990e+03   5.033916e+01
  2.793280e-01   2.274041e+03   5.036802e+01
  2.819580e-01   2.274345e+03   4.980437e+01
  2.845890e-01   2.319180e+03   4.972033e+01
  2.872200e-01   2.269632e+03   4.950716e+01
  2.898510e-01   2.258484e+03   4.918611e+01
  2.924810e-01   2.205156e+03   4.889016e+01
  2.951120e-01   2.177735e+03   4.808754e+01
  2.977430e-01   2.173623e+03   4.827277e+01
  3.003740e-01   2.127288e+03   4.770428e+01
  3.030050e-01   2.164900e+03   4.803603e+01
  3.056350e-01   2.086671e+03   4.735090e+01
  3.082660e-01   2.128572e+03   4.697415e+01
  3.108970e-01   2.117982e+03   4.696217e+01
  3.135280e-01   2.053468e+03   4.654067e+01
  3.161580e-01   2.025764e+03   4.607324e+01
  3.187890e-01   2.020704e+03   4.622495e+01
  3.214200e-01   2.060449e+03   4.610092e+01
  3.240510e-01   2.035610e+03   4.577292e+01
  3.266810e-01   2.051635e+03   4.565459e+01
  3.293120e-01   1.986615e+03   4.551213e+01
  3.319430e-01   1.966143e+03   4.468978e+01
  3.345740e-01   2.017780e+03   4.504574e+01
  3.372040e-01   1.968886e+03   4.432086e+01
  3.398350e-01   1.935548e+03   4.438530e+01
  3.424660e-01   1.889540e+03   4.365757e+01
  3.450970e-01   1.895402e+03   4.375537e+01
  3.477270e-01   1.922850e+03   4.395155e+01
  3.503580e-01   1.772095e+03   4.293293e+01
  3.529890e-01   1.798794e+03   4.315844e+01
  3.556200e-01   1.787849e+03   4.296123e+01
  3.582500e-01   1.746047e+03   4.258386e+01
  3.608810e-01   1.774287e+03   4.238578e+01
  3.635120e-01   1.797365e+03   4.218424e+01
  3.661430e-01   1.810302e+03   4.201072e+01
  3.687730e-01   1.764259e+03   4.187351e+01
  3.714040e-01   1.719547e+03   4.169659e+01
  3.740350e-01   1.696651e+03   4.153754e+01
  3.766660e-01   1.689996e+03   4.084848e+01
  3.792960e-01   1.722532e+03   4.114842e+01
  3.819270e-01   1.724088e+03   4.097034e+01
  3.845580e-01   1.698377e+03   4.110375e+01
  3.871890e-01   1.698319e+03   4.177203e+01
  3.898190e-01   1.676000e+03   4.226541e+01
  3.924500e-01   1.637783e+03   4.268070e+01
  3.950810e-01   1.642741e+03   4.309176e+01
  3.977120e-01   1.598102e+03   4.310677e+01
  4.003420e-01   1.576701e+03   4.263954e+01
  4.029730e-01   1.506471e+03   4.285458e+01
  4.056040e-01   1.499380e+03   4.292126e+01
  4.082350e-01   1.516174e+03   4.304998e+01
  4.108650e-01   1.563552e+03   4.351078e+01
  4.134960e-01   1.561603e+03   4.322459e+01
  4.161270e-01   1.463123e+03   4.301251e+01
  4.187580e-01   1.448319e+03   4.351442e+01
  4.213880e-01   1.433614e+03   4.302190e+01
  4.240190e-01   1.518424e+03   4.393512e+01
  4.266500e-01   1.500276e+03   4.362146e+01
  4.292810e-01   1.416350e+03   4.316645e+01
  4.319120e-01   1.463708e+03   4.243462e+01
  4.345420e-01   1.409500e+03   4.118355e+01
  4.371730e-01   1.353450e+03   4.118384e+01
  4.398040e-01   1.403099e+03   4.058110e+01
  4.424350e-01   1.428373e+03   4.015509e+01
  4.450650e-01   1.323299e+03   3.926708e+01
  4.476960e-01   1.330277e+03   3.907762e+01
  4.503270e-01   1.326479e+03   3.924004e+01
  4.529580e-01   1.338319e+03   3.890389e+01
  4.555880e-01   1.330444e+03   3.860949e+01
  4.582190e-01   1.303318e+03   3.835728e+01
  4.608500e-01   1.270800e+03   3.799791e+01
  4.634810e-01   1.239169e+03   3.768070e+01
  4.661110e-01   1.227811e+03   3.749521e+01
  4.687420e-01   1.251913e+03   3.762088e+01
  4.713730e-01   1.271945e+03   3.763483e+01
  4.740040e-01   1.253619e+03   3.715223e+01
  4.766340e-01   1.199470e+03   3.664763e+01
  4.792650e-01   1.206882e+03   3.668954e+01
  4.818960e-01   1.158747e+03   3.629987e+01
  4.845270e-01   1.134916e+03   3.626688e+01
  4.871570e-01   1.121914e+03   3.589547e+01
  4.897880e-01   1.103851e+03   3.567428e+01
  4.924190e-01   1.126659e+03   3.588641e+01
  4.950500e-01   1.142807e+03   3.567014e+01
  4.976800e-01   1.145972e+03   3.561480e+01
  5.003110e-01   1.134355e+03   3.512824e+01
  5.029420e-01   1.096726e+03   3.508908e+01
  5.055730e-01   1.096060e+03   3.521392e+01
  5.082030e-01   1.096490e+03   3.494317e+01
  5.108340e-01   1.111617e+03   3.462900e+01
  5.134650e-01   1.102736e+03   3.469505e+01
  5.160960e-01   1.054845e+03   3.448290e+01
  5.187260e-01   1.014586e+03   3.445494e+01
  5.213570e-01   1.037404e+03   3.383621e+01
  5.239880e-01   1.066697e+03   3.404955e+01
  5.266190e-01   1.060332e+03   3.409662e+01
  5.292490e-01   1.039132e+03   3.449358e+01
  5.318800e-01   1.006328e+03   3.496285e+01
  5.345110e-01   1.018446e+03   3.492926e+01
  5.371420e-01   1.004520e+03   3.526764e+01
  5.397720e-01   9.440457e+02   3.508796e+01
  5.424030e-01   9.839928e+02   3.522910e+01
  5.450340e-01   9.487769e+02   3.497709e+01
  5.476650e-01   9.593646e+02   3.461900e+01
  5.502950e-01   9.579345e+02   3.412965e+01
  5.529260e-01   9.286238e+02   3.365657e+01
  5.555570e-01   9.631162e+02   3.322990e+01
  5.581880e-01   9.519013e+02   3.348183e+01
  5.608180e-01   9.390098e+02   3.289736e+01
  5.634490e-01   8.974058e+02   3.282298e+01
  5.660800e-01   8.963955e+02   3.243515e+01
  5.687110e-01   8.998114e+02   3.230138e+01
  5.713420e-01   9.058141e+02   3.253947e+01
  5.739720e-01   8.721245e+02   3.207196e+01
  5.766030e-01   9.067447e+02   3.202457e+01
  5.792340e-01   8.902200e+02   3.188283e+01
  5.818650e-01   8.594491e+02   3.176005e+01
  5.844950e-01   8.631044e+02   3.169714e+01
  5.871260e-01   8.507942e+02   3.154582e+01
  5.897570e-01   8.620572e+02   3.137644e+01
  5.923880e-01   8.222125e+02   3.132399e+01
  5.950180e-01   7.806616e+02   3.111099e+01
  5.976490e-01   8.015844e+02   3.091351e+01
  6.002800e-01   7.844601e+02   3.093900e+01
  6.029110e-01   8.108643e+02   3.069887e+01
  6.055410e-01   7.770036e+02   3.058008e+01
  6.081720e-01   7.780362e+02   3.071950e+01
  6.108030e-01   7.249498e+02   3.021270e+01
  6.134340e-01   7.775653e+02   3.047361e+01
  6.160640e-01   7.823828e+02   3.042223e+01
  6.186950e-01   7.484216e+02   2.999757e+01
  6.213260e-01   7.654498e+02   3.005505e+01
  6.239570e-01   7.665507e+02   2.993740e+01
  6.265870e-01   7.995416e+02   3.030464e+01
  6.292180e-01   7.706310e+02   3.001342e+01
  6.318490e-01   7.235386e+02   2.946546e+01
  6.344800e-01   6.671847e+02   2.930621e+01
  6.371100e-01   6.831553e+02   2.944021e+01
  6.397410e-01   7.143814e+02   2.964764e+01
  6.423720e-01   7.001367e+02   2.935870e+01
  6.450030e-01   6.548351e+02   2.910375e+01
  6.476330e-01   6.922107e+02   2.924839e+01
  6.502640e-01   7.004383e+02   2.900732e+01
  6.528950e-01   7.077751e+02   2.899866e+01
  6.555260e-01   7.091871e+02   2.891158e+01
  6.581560e-01   6.662487e+02   2.863402e+01
  6.607870e-01   6.476605e+02   2.854883e+01
  6.634180e-01   6.548046e+02   2.846777e+01
  6.660490e-01   6.600975e+02   2.831470e+01
  6.686790e-01   6.692445e+02   2.830705e+01
  6.713100e-01   6.411818e+02   2.830115e+01
  6.739410e-01   6.049221e+02   2.808783e+01
  6.765720e-01   6.176794e+02   2.807286e+01
  6.792020e-01   6.527510e+02   2.808528e+01
  6.818330e-01   6.375491e+02   2.796684e+01
  6.844640e-01   5.849027e+02   2.803521e+01
  6.870950e-01   6.188464e+02   2.786646e+01
  6.897250e-01   6.111943e+02   2.780560e+01
  6.923560e-01   6.020271e+02   2.783120e+01
  6.949870e-01   6.050008e+02   2.771780e+01
  6.976180e-01   6.268490e+02   2.785248e+01
  7.002490e-01   6.009292e+02   2.760583e+01
  7.028790e-01   5.755559e+02   2.778800e+01
  7.055100e-01   5.798444e+02   2.737329e+01
  7.081410e-01   5.810913e+02   2.728747e+01
  7.107720e-01   5.576489e+02   2.727053e+01
  7.134020e-01   5.689593e+02   2.715357e+01
  7.160330e-01   5.953380e+02   2.743137e+01
  7.186640e-01   5.780582e+02   2.721636e+01
  7.212950e-01   6.069136e+02   2.713087e+01
  7.239250e-01   5.753025e+02   2.698473e+01
  7.265560e-01   5.605747e+02   2.699944e+01
  7.291870e-01   5.723259e+02   2.087099e+01
  7.318180e-01   5.617251e+02   1.468504e+01
  7.344480e-01   5.407628e+02   1.446720e+01
  7.370790e-01   5.528660e+02   1.449085e+01
  7.397100e-01   5.344421e+02   1.436488e+01
  7.423410e-01   5.363748e+02   1.440649e+01
  7.449710e-01   5.367362e+02   1.435541e+01
  7.476020e-01   5.460402e+02   1.436711e+01
  7.502330e-01   5.259594e+02   1.428123e+01
  7.528640e-01   5.349121e+02   1.419038e+01
  7.554940e-01   5.235714e+02   1.412112e+01
  7.581250e-01   5.060672e+02   1.416559e+01
  7.607560e-01   5.315671e+02   1.412514e+01
  7.633870e-01   5.070147e+02   1.408485e+01
  7.660170e-01   5.004839e+02   1.403662e+01
  7.686480e-01   5.112564e+02   1.396870e+01
  7.712790e-01   5.072622e+02   1.404406e+01
  7.739100e-01   4.967112e+02   1.393905e+01
  7.765400e-01   4.736627e+02   1.391706e+01
  7.791710e-01   4.932298e+02   1.401634e+01
  7.818020e-01   4.855802e+02   1.399182e+01
  7.844330e-01   4.753454e+02   1.425275e+01
  7.870630e-01   4.903164e+02   1.436685e+01
  7.896940e-01   4.804484e+02   1.441693e+01
  7.923250e-01   4.742592e+02   1.462219e+01
  7.949560e-01   4.667278e+02   1.453543e+01
  7.975860e-01   4.678493e+02   1.465611e+01
  8.002170e-01   4.714257e+02   1.438231e+01
  8.028480e-01   4.558303e+02   1.407907e+01
  8.054790e-01   4.541959e+02   1.406222e+01
  8.081090e-01   4.526896e+02   1.390315e+01
  8.107400e-01   4.439319e+02   1.377898e+01
  8.133710e-01   4.575539e+02   1.378974e+01
  8.160020e-01   4.614862e+02   1.369116e+01
  8.186320e-01   4.480885e+02   1.366310e+01
  8.212630e-01   4.445677e+02   1.349435e+01
  8.238940e-01   4.311119e+02   1.352093e+01
  8.265250e-01   4.285772e+02   1.357143e+01
  8.291560e-01   4.212576e+02   1.343986e+01
  8.317860e-01   4.249490e+02   1.347553e+01
  8.344170e-01   4.279678e+02   1.334298e+01
  8.370480e-01   4.249694e+02   1.338569e+01
  8.396790e-01   4.431624e+02   1.341207e+01
  8.423090e-01   4.400128e+02   1.337208e+01
  8.449400e-01   4.190025e+02   1.327243e+01
  8.475710e-01   3.979074e+02   1.319040e+01
  8.502020e-01   4.273730e+02   1.324689e+01
  8.528320e-01   4.215755e+02   1.324177e+01
  8.554630e-01   3.890948e+02   1.314080e+01
  8.580940e-01   4.107671e+02   1.320361e+01
  8.607250e-01   3.923809e+02   1.311950e+01
  8.633550e-01   4.002271e+02   1.399610e+01
  8.659860e-01   4.003989e+02   3.510208e+01
  8.686170e-01   4.006017e+02   9.661572e+00
  8.712480e-01   3.931391e+02   9.689046e+00
  8.738780e-01   3.805779e+02   9.644299e+00
  8.765090e-01   3.839622e+02   9.548077e+00
  8.791400e-01   3.960038e+02   9.602067e+00
  8.817710e-01   3.827466e+02   9.571557e+00
  8.844010e-01   3.708378e+02   9.474772e+00
  8.870320e-01   3.658126e+02   9.469459e+00
  8.896630e-01   3.666141e+02   9.427505e+00
  8.922940e-01   3.650348e+02   9.400562e+00
  8.949240e-01   3.709090e+02   9.428169e+00
  8.975550e-01   3.655077e+02   9.406996e+00
  9.001860e-01   3.576104e+02   9.407017e+00
  9.028170e-01   3.624831e+02   9.387321e+00
  9.054470e-01   3.537640e+02   9.341829e+00
  9.080780e-01   3.405953e+02   9.301534e+00
  9.107090e-01   3.393440e+02   9.241043e+00
  9.133400e-01   3.605980e+02   9.344453e+00
  9.159700e-01   3.517024e+02   9.290030e+00
  9.186010e-01   3.384517e+02   9.232372e+00
  9.212320e-01   3.489454e+02   9.232071e+00
  9.238630e-01   3.506150e+02   9.206445e+00
  9.264930e-01   3.509135e+02   9.209616e+00
  9.291240e-01   3.463388e+02   9.188214e+00
  9.317550e-01   3.390204e+02   9.154688e+00
  9.343860e-01   3.305951e+02   9.079961e+00
  9.370160e-01   3.379396e+02   9.090793e+00
  9.396470e-01   3.414847e+02   9.127726e+00
  9.422780e-01   3.377391e+02   9.150442e+00
  9.449090e-01   3.290969e+02   9.234013e+00
  9.475390e-01   3.178501e+02   9.270012e+00
  9.501700e-01   3.193196e+02   9.367852e+00
  9.528010e-01   3.146659e+02   9.410235e+00
  9.554320e-01   3.170525e+02   9.432030e+00
  9.580630e-01   3.245754e+02   9.527963e+00
  9.606930e-01   3.235302e+02   9.533491e+00
  9.633240e-01   3.231311e+02   9.619319e+00
  9.659550e-01   3.180069e+02   9.569403e+00
  9.685860e-01   3.219830e+02   9.614105e+00
  9.712160e-01   3.270839e+02   9.666687e+00
  9.738470e-01   3.072904e+02   9.650113e+00
  9.764780e-01   3.059027e+02   9.662441e+00
  9.791090e-01   3.134772e+02   9.660505e+00
  9.817390e-01   3.067381e+02   9.663242e+00
  9.843700e-01   2.944912e+02   9.665718e+00
  9.870010e-01   2.984434e+02   9.682960e+00
  9.896320e-01   2.933041e+02   9.466220e+00
  9.922620e-01   2.870233e+02   9.349080e+00
  9.948930e-01   2.876190e+02   9.320064e+00
  9.975240e-01   2.881275e+02   9.241675e+00
  1.000150e+00   2.843328e+02   9.120801e+00
  1.002790e+00   2.907197e+02   9.113066e+00
  1.005420e+00   2.995317e+02   9.154696e+00
  1.008050e+00   2.916181e+02   9.110414e+00
  1.010680e+00   2.930104e+02   9.017032e+00
  1.013310e+00   2.773065e+02   8.950994e+00
  1.015940e+00   2.811943e+02   8.933785e+00
  1.018570e+00   2.798532e+02   8.948046e+00
  1.021200e+00   2.784003e+02   8.903196e+00
  1.023830e+00   2.571477e+02   8.765400e+00
  1.026460e+00   2.708934e+02   8.797759e+00
  1.029090e+00   2.685135e+02   8.754119e+00
  1.031720e+00   2.646274e+02   8.793613e+00
  1.034350e+00   2.613356e+02   8.665889e+00
  1.036990e+00   2.673130e+02   8.675157e+00
  1.039620e+00   2.684818e+02   8.742682e+00
  1.042250e+00   2.722312e+02   8.721376e+00
  1.044880e+00   2.667456e+02   8.640143e+00
  1.047510e+00   2.636980e+02   8.637479e+00
  1.050140e+00   2.595325e+02   8.611331e+00
  1.052770e+00   2.438566e+02   8.570846e+00
  1.055400e+00   2.582435e+02   8.544609e+00
  1.058030e+00   2.682553e+02   8.547813e+00
  1.060660e+00   2.640870e+02   8.553456e+00
  1.063290e+00   2.564278e+02   8.481876e+00
  1.065920e+00   2.494152e+02   8.495762e+00
  1.068550e+00   2.501566e+02   8.451936e+00
  1.071180e+00   2.529816e+02   8.456617e+00
  1.073820e+00   2.533149e+02   8.398575e+00
  1.076450e+00   2.598301e+02   8.406401e+00
  1.079080e+00   2.552665e+02   8.373941e+00
  1.081710e+00   2.444875e+02   8.290594e+00
  1.084340e+00   2.418745e+02   8.328792e+00
  1.086970e+00   2.497609e+02   8.375088e+00
  1.089600e+00   2.425633e+02   8.257808e+00
  1.092230e+00   2.303889e+02   8.230449e+00
  1.094860e+00   2.303152e+02   8.201700e+00
  1.097490e+00   2.375509e+02   8.228877e+00
  1.100120e+00   2.450614e+02   8.233938e+00
  1.102750e+00   2.338674e+02   8.194462e+00
  1.105380e+00   2.314951e+02   8.206522e+00
  1.108020e+00   2.323954e+02   8.151110e+00
  1.110650e+00   2.294343e+02   8.121672e+00
  1.113280e+00   2.438070e+02   8.170761e+00
  1.115910e+00   2.408657e+02   8.148617e+00
  1.118540e+00   2.316082e+02   8.160883e+00
  1.121170e+00   2.343808e+02   8.151020e+00
  1.123800e+00   2.198505e+02   8.042749e+00
  1.126430e+00   2.273111e+02   8.084794e+00
  1.129060e+00   2.223554e+02   8.044266e+00
  1.131690e+00   2.264070e+02   8.087518e+00
  1.134320e+00   2.192725e+02   8.036658e+00
  1.136950e+00   2.169131e+02   8.004381e+00
  1.139580e+00   2.178057e+02   7.982150e+00
  1.142220e+00   2.134937e+02   7.957537e+00
  1.144850e+00   2.081437e+02   7.905815e+00
  1.147480e+00   2.295419e+02   7.992296e+00
  1.150110e+00   2.184021e+02   7.923133e+00
  1.152740e+00   2.056351e+02   7.931011e+00
  1.155370e+00   1.982031e+02   7.878432e+00
  1.158000e+00   1.992216e+02   7.845232e+00
  1.160630e+00   2.020199e+02   7.851947e+00
  1.163260e+00   1.939428e+02   7.811079e+00
  1.165890e+00   2.046811e+02   7.878532e+00
  1.168520e+00   2.123960e+02   7.845777e+00
  1.171150e+00   2.005956e+02   7.802530e+00
  1.173780e+00   1.986106e+02   7.780469e+00
  1.176420e+00   2.114335e+02   7.783187e+00
  1.179050e+00   2.061550e+02   7.768334e+00
  1.181680e+00   2.008725e+02   7.743809e+00
  1.184310e+00   2.022354e+02   7.757890e+00
  1.186940e+00   1.948437e+02   7.709941e+00
  1.189570e+00   1.968451e+02   7.684261e+00
  1.192200e+00   1.934487e+02   7.680618e+00
  1.194830e+00   1.882905e+02   7.647527e+00
  1.197460e+00   1.890333e+02   7.645182e+00
  1.200090e+00   1.796976e+02   7.598950e+00
  1.202720e+00   1.809963e+02   7.570396e+00
  1.205350e+00   1.927289e+02   7.617253e+00
  1.207980e+00   1.994553e+02   7.627089e+00
  1.210610e+00   1.912146e+02   7.622411e+00
  1.213250e+00   1.825703e+02   7.583263e+00
  1.215880e+00   1.845572e+02   7.553171e+00
  1.218510e+00   1.783114e+02   7.535219e+00
  1.221140e+00   1.802000e+02   7.548249e+00
  1.223770e+00   1.890661e+02   7.554711e+00
  1.226400e+00   1.805299e+02   7.498188e+00
  1.229030e+00   1.830502e+02   7.462795e+00
  1.231660e+00   1.819025e+02   7.484520e+00
  1.234290e+00   1.795862e+02   7.480383e+00
  1.236920e+00   1.722471e+02   7.455527e+00
  1.239550e+00   1.674239e+02   7.435105e+00
  1.242180e+00   1.737937e+02   7.438635e+00
  1.244810e+00   1.825065e+02   7.437836e+00
  1.247450e+00   1.836171e+02   7.448540e+00
  1.250080e+00   1.780197e+02   7.442132e+00
  1.252710e+00   1.767490e+02   7.387084e+00
  1.255340e+00   1.824680e+02   7.398790e+00
  1.257970e+00   1.759055e+02   7.394431e+00
  1.260600e+00   1.661513e+02   7.332845e+00
  1.263230e+00   1.734208e+02   7.397771e+00
  1.265860e+00   1.754740e+02   7.355561e+00
  1.268490e+00   1.644027e+02   7.312878e+00
  1.271120e+00   1.779720e+02   7.369611e+00
  1.273750e+00   1.758586e+02   7.374419e+00
  1.276380e+00   1.733820e+02   7.352049e+00
  1.279010e+00   1.681202e+02   7.284181e+00
  1.281650e+00   1.560353e+02   7.221046e+00
  1.284280e+00   1.604011e+02   7.231594e+00
  1.286910e+00   1.605194e+02   7.287524e+00
  1.289540e+00   1.736038e+02   7.263281e+00
  1.292170e+00   1.687034e+02   7.236947e+00
  1.294800e+00   1.512386e+02   7.164255e+00
  1.297430e+00   1.503844e+02   7.164098e+00
  1.300060e+00   1.576519e+02   7.184645e+00
  1.302690e+00   1.610073e+02   7.176679e+00
  1.305320e+00   1.578357e+02   7.171101e+00
  1.307950e+00   1.491689e+02   7.118836e+00
  1.310580e+00   1.504535e+02   7.152158e+00
  1.313210e+00   1.452059e+02   7.077283e+00
  1.315850e+00   1.459587e+02   7.096099e+00
  1.318480e+00   1.425520e+02   7.119601e+00
  1.321110e+00   1.466751e+02   7.119066e+00
  1.323740e+00   1.545844e+02   7.113108e+00
  1.326370e+00   1.455976e+02   7.072869e+00
  1.329000e+00   1.451453e+02   7.052148e+00
  1.331630e+00   1.438244e+02   7.069978e+00
  1.334260e+00   1.404087e+02   7.002119e+00
  1.336890e+00   1.433342e+02   7.003082e+00
  1.339520e+00   1.498767e+02   7.040621e+00
  1.342150e+00   1.507037e+02   7.022747e+00
  1.344780e+00   1.369171e+02   6.997972e+00
  1.347410e+00   1.333237e+02   6.954942e+00
  1.350040e+00   1.292137e+02   6.914561e+00
  1.352680e+00   1.478897e+02   6.999009e+00
  1.355310e+00   1.362471e+02   6.925421e+00
  1.357940e+00   1.287611e+02   6.889890e+00
  1.360570e+00   1.383158e+02   6.945520e+00
  1.363200e+00   1.418967e+02   6.933839e+00
  1.365830e+00   1.400159e+02   6.948392e+00
  1.368460e+00   1.406704e+02   6.880879e+00
  1.371090e+00   1.339727e+02   6.858132e+00
  1.373720e+00   1.346013e+02   6.868116e+00
  1.376350e+00   1.350644e+02   6.892558e+00
  1.378980e+00   1.266845e+02   6.876766e+00
  1.381610e+00   1.193144e+02   6.792173e+00
  1.384240e+00   1.252689e+02   6.815333e+00
  1.386880e+00   1.262462e+02   6.823195e+00
  1.389510e+00   1.265509e+02   6.805293e+00
  1.392140e+00   1.281261e+02   6.802007e+00
  1.394770e+00   1.288655e+02   6.812181e+00
  1.397400e+00   1.313566e+02   6.797690e+00
  1.400030e+00   1.176302e+02   6.764317e+00
  1.402660e+00   1.215193e+02   6.752600e+00
  1.405290e+00   1.229091e+02   6.768247e+00
  1.407920e+00   1.213106e+02   6.774421e+00
  1.410550e+00   1.188991e+02   6.765166e+00
  1.413180e+00   1.131297e+02   6.727945e+00
  1.415810e+00   1.136156e+02   6.718393e+00
  1.418440e+00   1.140670e+02   6.733200e+00
  1.421080e+00   1.090366e+02   6.726881e+00
  1.423710e+00   1.131588e+02   6.670846e+00
  1.426340e+00   1.305534e+02   6.756168e+00
  1.428970e+00   1.245163e+02   6.744953e+00
  1.431600e+00   1.152606e+02   6.720539e+00
  1.434230e+00   1.161378e+02   6.713178e+00
  1.436860e+00   1.191988e+02   6.667478e+00
  1.439490e+00   1.095262e+02   6.686799e+00
  1.442120e+00   1.082608e+02   6.662214e+00
  1.444750e+00   1.193068e+02   6.661872e+00
  1.447380e+00   1.090840e+02   6.640950e+00
  1.450010e+00   1.108905e+02   6.671148e+00
  1.452640e+00   1.059052e+02   6.656670e+00
  1.455280e+00   1.039882e+02   6.647319e+00
  1.457910e+00   1.029380e+02   6.619710e+00
  1.460540e+00   1.111695e+02   6.660805e+00
  1.463170e+00   1.041459e+02   6.641140e+00
  1.465800e+00   1.117270e+02   6.656218e+00
  1.468430e+00   9.751359e+01   6.573878e+00
  1.471060e+00   1.005765e+02   6.589733e+00
  1.473690e+00   1.012398e+02   6.586670e+00
  1.476320e+00   9.837717e+01   6.605236e+00
  1.478950e+00   9.915015e+01   6.594481e+00
  1.481580e+00   9.795434e+01   6.565663e+00
  1.484210e+00   9.760286e+01   6.608594e+00
  1.486840e+00   9.747589e+01   6.554541e+00
  1.489480e+00   1.010574e+02   6.557350e+00
  1.492110e+00   1.000412e+02   6.577580e+00
  1.494740e+00   9.909650e+01   6.555440e+00
  1.497370e+00   1.017392e+02   6.565648e+00
  1.500000e+00   9.395298e+01   6.540102e+00
  1.502630e+00   8.880845e+01   6.643100e+00
  1.505260e+00   8.948911e+01   6.706212e+00
  1.507890e+00   8.365162e+01   6.719780e+00
  1.510520e+00   9.409069e+01   6.797123e+00
  1.513150e+00   9.682856e+01   6.820608e+00
  1.515780e+00   9.652118e+01   6.850898e+00
  1.518410e+00   9.348946e+01   6.870271e+00
  1.521040e+00   8.975339e+01   6.879926e+00
  1.523670e+00   9.076921e+01   6.887476e+00
  1.526310e+00   8.556408e+01   6.938284e+00
  1.528940e+00   9.655655e+01   7.005333e+00
  1.531570e+00   8.572784e+01   6.953282e+00
  1.534200e+00   8.374946e+01   6.950315e+00
  1.536830e+00   8.292981e+01   6.974501e+00
  1.539460e+00   7.804076e+01   7.001945e+00
  1.542090e+00   9.088322e+01   7.052154e+00
  1.544720e+00   8.414875e+01   7.043505e+00
  1.547350e+00   8.157634e+01   6.935827e+00
  1.549980e+00   8.453579e+01   6.840222e+00
  1.552610e+00   7.773261e+01   6.802906e+00
  1.555240e+00   9.032206e+01   6.818174e+00
  1.557870e+00   8.333630e+01   6.744628e+00
  1.560510e+00   7.629533e+01   6.761924e+00
  1.563140e+00   7.849202e+01   6.725566e+00
  1.565770e+00   7.284734e+01   6.653893e+00
  1.568400e+00   7.126140e+01   6.646891e+00
  1.571030e+00   7.500693e+01   6.665932e+00
  1.573660e+00   8.061062e+01   6.661605e+00
  1.576290e+00   8.031644e+01   6.656919e+00
  1.578920e+00   7.981360e+01   6.648026e+00
  1.581550e+00   7.759097e+01   6.599574e+00
  1.584180e+00   7.294332e+01   6.584836e+00
  1.586810e+00   6.861552e+01   6.546619e+00
  1.589440e+00   8.305838e+01   6.607933e+00
  1.592070e+00   8.310428e+01   6.546774e+00
  1.594710e+00   7.888386e+01   6.551325e+00
  1.597340e+00   7.462760e+01   6.523697e+00
  1.599970e+00   6.873518e+01   6.510926e+00
  1.602600e+00   6.856486e+01   6.488029e+00
  1.605230e+00   6.772553e+01   6.507792e+00
  1.607860e+00   7.454223e+01   6.489031e+00
  1.610490e+00   6.951700e+01   6.490953e+00
  1.613120e+00   7.375012e+01   6.461457e+00
  1.615750e+00   7.379355e+01   6.435914e+00
  1.618380e+00   6.282068e+01   6.451402e+00
  1.621010e+00   7.148323e+01   6.473224e+00
  1.623640e+00   7.641551e+01   6.464287e+00
  1.626270e+00   7.399027e+01   6.423014e+00
  1.628910e+00   7.237003e+01   6.440821e+00
  1.631540e+00   7.010425e+01   6.455376e+00
  1.634170e+00   6.462426e+01   6.424950e+00
  1.636800e+00   6.066269e+01   6.394719e+00
  1.639430e+00   6.118885e+01   6.392957e+00
  1.642060e+00   6.867637e+01   6.387022e+00
  1.644690e+00   6.551215e+01   6.415615e+00
  1.647320e+00   6.486567e+01   6.347425e+00
  1.649950e+00   6.361243e+01   6.386154e+00
  1.652580e+00   6.804084e+01   6.397239e+00
  1.655210e+00   6.264952e+01   6.367266e+00
  1.657840e+00   5.650635e+01   6.335791e+00
  1.660470e+00   5.581862e+01   6.344904e+00
  1.663100e+00   6.032461e+01   6.330068e+00
  1.665740e+00   6.307945e+01   6.353353e+00
  1.668370e+00   5.802257e+01   6.332297e+00
  1.671000e+00   5.972583e+01   6.317939e+00
  1.673630e+00   6.217374e+01   6.332567e+00
  1.676260e+00   5.645321e+01   6.282346e+00
  1.678890e+00   5.210475e+01   6.299331e+00
  1.681520e+00   6.423505e+01   6.298975e+00
  1.684150e+00   5.958459e+01   6.285482e+00
  1.686780e+00   6.170366e+01   6.323150e+00
  1.689410e+00   6.458571e+01   6.299613e+00
  1.692040e+00   6.231795e+01   6.280191e+00
  1.694670e+00   5.666699e+01   6.242306e+00
  1.697300e+00   5.031082e+01   6.234294e+00
  1.699940e+00   4.515299e+01   6.259443e+00
  1.702570e+00   5.453058e+01   6.208849e+00
  1.705200e+00   6.250024e+01   6.219764e+00
  1.707830e+00   6.617630e+01   6.247046e+00
  1.710460e+00   5.695908e+01   6.232757e+00
  1.713090e+00   5.445064e+01   6.239783e+00
  1.715720e+00   5.603770e+01   6.220777e+00
  1.718350e+00   4.251428e+01   6.196673e+00
  1.720980e+00   5.491980e+01   6.197489e+00
  1.723610e+00   5.941997e+01   6.195252e+00
  1.726240e+00   5.740103e+01   6.219165e+00
  1.728870e+00   5.690530e+01   6.197630e+00
  1.731500e+00   4.926629e+01   6.168718e+00
  1.734140e+00   4.318332e+01   6.172181e+00
  1.736770e+00   5.260504e+01   6.168730e+00
  1.739400e+00   5.272104e+01   6.189142e+00
  1.742030e+00   5.729984e+01   6.204112e+00
  1.744660e+00   5.073869e+01   6.160268e+00
  1.747290e+00   4.573662e+01   6.130074e+00
  1.749920e+00   4.498027e+01   6.124472e+00
  1.752550e+00   4.734205e+01   6.162853e+00
  1.755180e+00   4.215587e+01   6.133260e+00
  1.757810e+00   4.027780e+01   6.102110e+00
  1.760440e+00   4.694712e+01   6.108703e+00
  1.763070e+00   5.095911e+01   6.164903e+00
  1.765700e+00   5.215923e+01   6.159320e+00
  1.768340e+00   5.448746e+01   6.153023e+00
  1.770970e+00   5.400932e+01   6.116803e+00
  1.773600e+00   5.300081e+01   6.107416e+00
  1.776230e+00   4.951335e+01   6.130020e+00
  1.778860e+00   3.868175e+01   6.095127e+00
  1.781490e+00   4.629214e+01   6.111852e+00
  1.784120e+00   4.811546e+01   6.102976e+00
  1.786750e+00   5.274850e+01   6.107052e+00
  1.789380e+00   4.955278e+01   6.107346e+00
  1.792010e+00   4.847511e+01   6.059565e+00
  1.794640e+00   4.771334e+01   6.071379e+00
  1.797270e+00   4.271091e+01   6.081085e+00
  1.799900e+00   4.140524e+01   6.079698e+00
  1.802530e+00   4.044722e+01   6.044524e+00
  1.805170e+00   3.816035e+01   6.038268e+00
  1.807800e+00   3.343253e+01   6.044261e+00
  1.810430e+00   4.781267e+01   6.062413e+00
  1.813060e+00   3.768324e+01   6.012895e+00
  1.815690e+00   4.502632e+01   6.047732e+00
  1.818320e+00   4.385903e+01   6.046691e+00
  1.820950e+00   3.960800e+01   6.060827e+00
  1.823580e+00   3.581731e+01   6.019862e+00
  1.826210e+00   3.622489e+01   5.998981e+00
  1.828840e+00   4.480332e+01   6.014400e+00
  1.831470e+00   4.583570e+01   6.018159e+00
  1.834100e+00   4.624579e+01   6.049214e+00
  1.836730e+00   3.695239e+01   5.988686e+00
  1.839370e+00   3.802052e+01   6.001680e+00
  1.842000e+00   3.713245e+01   6.006308e+00
  1.844630e+00   3.929350e+01   5.986821e+00
  1.847260e+00   4.256422e+01   5.985477e+00
  1.849890e+00   4.120558e+01   5.996699e+00
  1.852520e+00   4.176694e+01   6.014151e+00
  1.855150e+00   3.731093e+01   6.005301e+00
  1.857780e+00   3.823558e+01   5.974697e+00
  1.860410e+00   4.482721e+01   6.019189e+00
  1.863040e+00   3.871438e+01   6.018799e+00
  1.865670e+00   4.260186e+01   6.024366e+00
  1.868300e+00   3.216201e+01   5.976111e+00
  1.870930e+00   3.188182e+01   5.956567e+00
  1.873570e+00   3.022369e+01   5.974804e+00
  1.876200e+00   2.637928e+01   5.964602e+00
  1.878830e+00   3.609763e+01   6.002046e+00
  1.881460e+00   4.018294e+01   5.993942e+00
  1.884090e+00   4.672336e+01   6.037797e+00
  1.886720e+00   3.582895e+01   5.995008e+00
  1.889350e+00   3.230991e+01   5.982727e+00
  1.891980e+00   2.990983e+01   5.978241e+00
  1.894610e+00   2.868519e+01   5.965161e+00
  1.897240e+00   3.229606e+01   6.020392e+00
  1.899870e+00   3.064207e+01   5.999767e+00
  1.902500e+00   2.842594e+01   5.984476e+00
  1.905130e+00   3.382192e+01   5.967451e+00
  1.907770e+00   3.946945e+01   6.011744e+00
  1.910400e+00   3.730325e+01   6.016378e+00
  1.913030e+00   3.999904e+01   6.018896e+00
  1.915660e+00   3.251738e+01   6.011143e+00
  1.918290e+00   2.719200e+01   6.007669e+00
  1.920920e+00   2.785168e+01   5.997891e+00
  1.923550e+00   3.108177e+01   6.003902e+00
  1.926180e+00   3.085539e+01   6.003971e+00
  1.928810e+00   2.598729e+01   5.980743e+00
  1.931440e+00   3.787011e+01   6.032218e+00
  1.934070e+00   3.743201e+01   6.029274e+00
  1.936700e+00   3.809431e+01   5.991063e+00
  1.939330e+00   3.362731e+01   6.028160e+00
  1.941960e+00   2.879531e+01   6.008223e+00
  1.944600e+00   3.702913e+01   6.068916e+00
  1.947230e+00   2.782214e+01   6.029051e+00
  1.949860e+00   3.430958e+01   6.013046e+00
  1.952490e+00   2.532375e+01   5.987120e+00
  1.955120e+00   3.029839e+01   6.000569e+00
  1.957750e+00   3.203367e+01   6.023673e+00
  1.960380e+00   1.778947e+01   5.996823e+00
  1.963010e+00   2.580790e+01   6.004413e+00
  1.965640e+00   2.094972e+01   5.981462e+00
  1.968270e+00   2.943678e+01   6.025760e+00
  1.970900e+00   3.001699e+01   6.013797e+00
  1.973530e+00   2.684127e+01   6.036875e+00
  1.976160e+00   2.608277e+01   5.982865e+00
  1.978800e+00   2.467460e+01   6.011333e+00
  1.981430e+00   2.378681e+01   5.960585e+00
  1.984060e+00   2.846117e+01   5.994011e+00
  1.986690e+00   2.897445e+01   6.009777e+00
  1.989320e+00   2.222129e+01   5.987793e+00
  1.991950e+00   2.063947e+01   6.003227e+00
  1.994580e+00   1.860158e+01   5.976404e+00
  1.997210e+00   1.815308e+01   5.986752e+00
  1.999840e+00   2.379994e+01   6.023314e+00
  2.002470e+00   2.795574e+01   5.980306e+00
  2.005100e+00   2.823698e+01   5.991834e+00
  2.007730e+00   3.400120e+01   6.047129e+00
  2.010360e+00   2.852051e+01   6.013213e+00
  2.013000e+00   3.098479e+01   6.023846e+00
  2.015630e+00   3.290830e+01   5.977876e+00
  2.018260e+00   3.032771e+01   6.018220e+00
  2.020890e+00   2.539286e+01   5.994592e+00
  2.023520e+00   2.959750e+01   6.016861e+00
  2.026150e+00   3.441680e+01   6.041347e+00
  2.028780e+00   2.376092e+01   5.994524e+00
  2.031410e+00   2.407074e+01   5.993561e+00
  2.034040e+00   2.240919e+01   5.978152e+00
  2.036670e+00   2.341294e+01   5.989234e+00
  2.039300e+00   3.250760e+01   6.034902e+00
  2.041930e+00   2.376788e+01   5.979908e+00
  2.044560e+00   2.483340e+01   5.974989e+00
  2.047200e+00   2.952448e+01   6.012247e+00
  2.049830e+00   2.870678e+01   5.980851e+00
  2.052460e+00   2.599398e+01   6.002110e+00
  2.055090e+00   2.842797e+01   5.995703e+00
  2.057720e+00   2.425845e+01   5.994245e+00
  2.060350e+00   2.083537e+01   6.110499e+00
  2.062980e+00   2.919818e+01   6.169652e+00
  2.065610e+00   2.863372e+01   6.199393e+00
  2.068240e+00   2.262469e+01   6.248620e+00
  2.070870e+00   1.997884e+01   6.265103e+00
  2.073500e+00   1.661875e+01   6.302098e+00
  2.076130e+00   1.892751e+01   6.317012e+00
  2.078760e+00   1.894620e+01   6.341087e+00
  2.081390e+00   2.649135e+01   6.366467e+00
  2.084030e+00   2.752899e+01   6.410057e+00
  2.086660e+00   2.825685e+01   6.468290e+00
  2.089290e+00   2.689477e+01   6.470355e+00
  2.091920e+00   2.829175e+01   6.489617e+00
  2.094550e+00   2.304966e+01   6.480222e+00
  2.097180e+00   2.462105e+01   6.518745e+00
  2.099810e+00   3.246872e+01   6.579621e+00
  2.102440e+00   2.548088e+01   6.558748e+00
  2.105070e+00   2.030899e+01   6.472410e+00
  2.107700e+00   2.165094e+01   6.388410e+00
  2.110330e+00   2.408295e+01   6.352120e+00
  2.112960e+00   2.417672e+01   6.333914e+00
  2.115590e+00   3.148826e+01   6.330502e+00
  2.118230e+00   2.307076e+01   6.312735e+00
  2.120860e+00   2.581975e+01   6.249769e+00
  2.123490e+00   2.401574e+01   6.262141e+00
  2.126120e+00   1.690708e+01   6.221823e+00
  2.128750e+00   2.805424e+01   6.232823e+00
  2.131380e+00   2.345295e+01   6.217294e+00
  2.134010e+00   1.259877e+01   6.203494e+00
  2.136640e+00   1.337157e+01   6.202568e+00
  2.139270e+00   1.655991e+01   6.233580e+00
  2.141900e+00   2.829437e+01   6.232838e+00
  2.144530e+00   1.724436e+01   6.214224e+00
  2.147160e+00   2.619410e+01   6.219951e+00
  2.149790e+00   2.334241e+01   6.208194e+00
  2.152430e+00   2.115847e+01   6.251009e+00
  2.155060e+00   1.865130e+01   6.218781e+00
  2.157690e+00   1.389008e+01   6.206967e+00
  2.160320e+00   1.438045e+01   6.212515e+00
  2.162950e+00   1.679436e+01   6.202338e+00
  2.165580e+00   2.359182e+01   6.219281e+00
  2.168210e+00   2.013917e+01   6.230957e+00
  2.170840e+00   1.352040e+01   6.219850e+00
  2.173470e+00   1.801151e+01   6.241757e+00
  2.176100e+00   1.820265e+01   6.240747e+00
  2.178730e+00   2.015121e+01   6.269462e+00
  2.181360e+00   1.834209e+01   6.245156e+00
  2.183990e+00   1.440585e+01   6.218244e+00
  2.186630e+00   1.898440e+01   6.244301e+00
  2.189260e+00   2.202873e+01   6.279131e+00
  2.191890e+00   2.405426e+01   6.271329e+00
  2.194520e+00   3.069467e+01   6.287843e+00
  2.197150e+00   2.717156e+01   6.292602e+00
  2.199780e+00   1.605106e+01   6.203689e+00
  2.202410e+00   1.671918e+01   6.224971e+00
  2.205040e+00   2.373168e+01   6.254407e+00
  2.207670e+00   2.675816e+01   6.298184e+00
  2.210300e+00   2.134552e+01   6.257613e+00
  2.212930e+00   2.109543e+01   6.273119e+00
  2.215560e+00   1.313460e+01   6.214507e+00
  2.218190e+00   2.716668e+01   6.307224e+00
  2.220820e+00   2.642228e+01   6.279288e+00
  2.223460e+00   1.313292e+01   6.240827e+00
  2.226090e+00   1.789402e+01   6.253247e+00
  2.228720e+00   2.125088e+01   6.272216e+00
  2.231350e+00   1.505570e+01   6.266815e+00
  2.233980e+00   1.921256e+01   6.283786e+00
  2.236610e+00   1.780077e+01   6.239098e+00
  2.239240e+00   1.512419e+01   6.254086e+00
  2.241870e+00   2.036286e+01   6.267483e+00
  2.244500e+00   2.036941e+01   6.273164e+00
  2.247130e+00   1.809870e+01   6.291225e+00
  2.249760e+00   2.432651e+01   6.282075e+00
  2.252390e+00   1.761981e+01   6.301325e+00
  2.255020e+00   1.259119e+01   6.236998e+00
  2.257660e+00   1.826854e+01   6.280795e+00
  2.260290e+00   2.993518e+01   6.325828e+00
  2.262920e+00   2.372062e+01   6.286161e+00
  2.265550e+00   2.120552e+01   6.315225e+00
  2.268180e+00   1.935288e+01   6.306764e+00
  2.270810e+00   1.626064e+01   6.288330e+00
  2.273440e+00   2.012258e+01   6.306346e+00
  2.276070e+00   2.137077e+01   6.290181e+00
  2.278700e+00   1.589794e+01   6.322503e+00
  2.281330e+00   1.418525e+01   6.281742e+00
  2.283960e+00   2.180676e+01   6.307076e+00
  2.286590e+00   2.168536e+01   6.336787e+00
  2.289220e+00   1.530573e+01   6.275383e+00
  2.291860e+00   1.630566e+01   6.301028e+00
  2.294490e+00   1.942148e+01   6.283404e+00
  2.297120e+00   1.875565e+01   6.301199e+00
  2.299750e+00   1.948105e+01   6.273935e+00
  2.302380e+00   1.726505e+01   6.256998e+00
  2.305010e+00   1.983706e+01   6.299476e+00
  2.307640e+00   2.008439e+01   6.300877e+00
  2.310270e+00   1.768766e+01   6.295775e+00
  2.312900e+00   1.704391e+01   6.289164e+00
  2.315530e+00   2.554115e+01   6.326490e+00
  2.318160e+00   2.236616e+01   6.314259e+00
  2.320790e+00   2.229198e+01   6.314942e+00
  2.323420e+00   2.090963e+01   6.287677e+00
  2.326060e+00   2.419981e+01   6.288899e+00
  2.328690e+00   1.675170e+01   6.277070e+00
  2.331320e+00   1.089088e+01   6.270758e+00
  2.333950e+00   1.479764e+01   6.280613e+00
  2.336580e+00   1.166612e+01   6.284118e+00
  2.339210e+00   1.703405e+01   6.296162e+00
  2.341840e+00   1.718874e+01   6.305123e+00
  2.344470e+00   2.053199e+01   6.291746e+00
  2.347100e+00   1.927755e+01   6.306310e+00
  2.349730e+00   1.856477e+01   6.287041e+00
  2.352360e+00   1.659344e+01   6.296373e+00
  2.354990e+00   1.474803e+01   6.305200e+00
  2.357620e+00   1.438047e+01   6.327606e+00
  2.360250e+00   1.213731e+01   6.289305e+00
  2.362890e+00   2.153856e+01   6.300829e+00
  2.365520e+00   1.817319e+01   6.310802e+00
  2.368150e+00   1.885553e+01   6.302130e+00
  2.370780e+00   1.657354e+01   6.272138e+00
  2.373410e+00   1.817828e+01   6.294770e+00
  2.376040e+00   2.465469e+01   6.288334e+00
  2.378670e+00   2.378543e+01   6.284962e+00
  2.381300e+00   2.305053e+01   6.293644e+00
  2.383930e+00   1.770752e+01   6.287634e+00
  2.386560e+00   1.722930e+01   6.282437e+00
  2.389190e+00   1.577849e+01   6.251346e+00
  2.391820e+00   2.192960e+01   6.292880e+00
  2.394450e+00   1.747286e+01   6.268050e+00
  2.397090e+00   7.884279e+00   6.244267e+00
  2.399720e+00   1.475203e+01   6.242243e+00
  2.402350e+00   1.749357e+01   6.268680e+00
  2.404980e+00   1.327660e+01   6.289832e+00
  2.407610e+00   1.686649e+01   6.261666e+00
  2.410240e+00   1.649327e+01   6.279246e+00
  2.412870e+00   2.357502e+01   6.314504e+00
  2.415500e+00   1.999324e+01   6.294834e+00
  2.418130e+00   2.841414e+01   6.349303e+00
  2.420760e+00   1.240433e+01   6.273976e+00
  2.423390e+00   1.802865e+01   6.299467e+00
  2.426020e+00   1.834871e+01   6.303643e+00
  2.428650e+00   1.848918e+01   6.267115e+00
  2.431290e+00   1.394441e+01   6.312873e+00
  2.433920e+00   2.104754e+01   6.300002e+00
  2.436550e+00   1.614486e+01   6.317667e+00
  2.439180e+00   1.466893e+01   6.313902e+00
  2.441810e+00   1.665113e+01   6.274374e+00
  2.444440e+00   1.345271e+01   6.299069e+00
  2.447070e+00   2.379205e+01   6.336600e+00
  2.449700e+00   2.090324e+01   6.336721e+00
  2.452330e+00   1.878155e+01   6.324438e+00
  2.454960e+00   1.893271e+01   6.306056e+00
  2.457590e+00   9.316083e+00   6.297116e+00
  2.460220e+00   1.052586e+01   6.287710e+00
  2.462850e+00   1.452953e+01   6.306868e+00
  2.465490e+00   1.298689e+01   6.309153e+00
  2.468120e+00   1.071968e+01   6.290632e+00
  2.470750e+00   2.677416e+01   6.346054e+00
  2.473380e+00   1.691060e+01   6.332323e+00
  2.476010e+00   1.571760e+01   6.324775e+00
  2.478640e+00   1.393614e+01   6.273851e+00
  2.481270e+00   1.642686e+01   6.298849e+00
  2.483900e+00   1.741297e+01   6.289735e+00
  2.486530e+00   1.657380e+01   6.331120e+00
  2.489160e+00   1.158497e+01   6.303771e+00
  2.491790e+00   3.935966e+00   6.277836e+00
  2.494420e+00   8.670989e+00   6.313223e+00
  2.497050e+00   1.016014e+01   6.328386e+00
  2.499680e+00   1.350352e+01   6.322076e+00
  2.502320e+00   9.637781e+00   6.286375e+00
  2.504950e+00   2.007084e+01   6.295427e+00
  2.507580e+00   1.877155e+01   6.340008e+00
  2.510210e+00   1.777714e+01   6.345992e+00
  2.512840e+00   1.732027e+01   6.347263e+00
  2.515470e+00   1.797642e+01   6.314627e+00
  2.518100e+00   2.458933e+01   6.341755e+00
  2.520730e+00   1.755504e+01   6.343274e+00
  2.523360e+00   1.117241e+01   6.317089e+00
  2.525990e+00   1.110450e+01   6.317139e+00
  2.528620e+00   1.659406e+01   6.305945e+00
  2.531250e+00   2.123488e+01   6.331444e+00
  2.533880e+00   1.553469e+01   6.317524e+00
  2.536520e+00   1.352983e+01   6.318351e+00
  2.539150e+00   9.625660e+00   6.329761e+00
  2.541780e+00   2.315481e+01   6.354067e+00
  2.544410e+00   2.311731e+01   6.388644e+00
  2.547040e+00   1.939936e+01   6.348891e+00
  2.549670e+00   1.321903e+01   6.301018e+00
  2.552300e+00   1.293631e+01   6.347494e+00
  2.554930e+00   1.175712e+01   6.313000e+00
  2.557560e+00   2.498917e+01   6.355691e+00
  2.560190e+00   2.258141e+01   6.338661e+00
  2.562820e+00   1.918964e+01   6.342319e+00
  2.565450e+00   1.330918e+01   6.329916e+00
  2.568080e+00   1.568825e+01   6.309185e+00
  2.570720e+00   1.854906e+01   6.338615e+00
  2.573350e+00   1.550874e+01   6.340335e+00
  2.575980e+00   1.265515e+01   6.318153e+00
  2.578610e+00   1.598352e+01   6.313429e+00
  2.581240e+00   1.276845e+01   6.300123e+00
  2.583870e+00   1.221370e+01   6.288153e+00
  2.586500e+00   1.471934e+01   6.296805e+00
  2.589130e+00   1.729818e+01   6.284103e+00
  2.591760e+00   2.008126e+01   6.313825e+00
  2.594390e+00   1.961330e+01   6.326682e+00
  2.597020e+00   1.821189e+01   6.297434e+00
  2.599650e+00   1.817117e+01   6.326497e+00
  2.602280e+00   1.370223e+01   6.308824e+00
  2.604920e+00   1.939421e+01   6.313258e+00
  2.607550e+00   2.089228e+01   6.375330e+00
  2.610180e+00   1.867930e+01   6.283163e+00
  2.612810e+00   1.803119e+01   6.332704e+00
  2.615440e+00   2.245920e+01   6.369340e+00
  2.618070e+00   2.040705e+01   6.496759e+00
  2.620700e+00   2.111456e+01   6.597254e+00
  2.623330e+00   1.385881e+01   6.591502e+00
  2.625960e+00   1.927297e+01   6.730909e+00
  2.628590e+00   1.470275e+01   6.756083e+00
  2.631220e+00   1.610951e+01   6.825293e+00
  2.633850e+00   2.508944e+01   6.865715e+00
  2.636480e+00   1.405778e+01   6.863992e+00
  2.639110e+00   1.683562e+01   6.919904e+00
  2.641750e+00   1.364360e+01   6.937284e+00
  2.644380e+00   1.425549e+01   6.996368e+00
  2.647010e+00   1.874267e+01   7.051949e+00
  2.649640e+00   2.189132e+01   7.083956e+00
  2.652270e+00   2.104600e+01   7.133564e+00
  2.654900e+00   2.237081e+01   7.139533e+00
  2.657530e+00   3.011319e+01   7.262245e+00
  2.660160e+00   2.068919e+01   7.170694e+00
  2.662790e+00   1.560067e+01   7.053850e+00
  2.665420e+00   1.776622e+01   7.016964e+00
  2.668050e+00   2.436797e+01   6.882432e+00
  2.670680e+00   2.727428e+01   6.865732e+00
  2.673310e+00   1.326679e+01   6.792222e+00
  2.675950e+00   1.662379e+01   6.814075e+00
  2.678580e+00   2.192069e+01   6.771154e+00
  2.681210e+00   2.342124e+01   6.759882e+00
  2.683840e+00   2.223832e+01   6.736262e+00
  2.686470e+00   1.972577e+01   6.721477e+00
  2.689100e+00   1.307288e+01   6.709452e+00
  2.691730e+00   2.044721e+01   6.729717e+00
  2.694360e+00   2.015797e+01   6.690626e+00
  2.696990e+00   2.367628e+01   6.751571e+00
  2.699620e+00   2.701618e+01   6.687420e+00
  2.702250e+00   1.533948e+01   6.666324e+00
  2.704880e+00   1.457068e+01   6.674260e+00
  2.707510e+00   1.291259e+01   6.638309e+00
  2.710150e+00   2.159186e+01   6.684064e+00
  2.712780e+00   1.647178e+01   6.615833e+00
  2.715410e+00   2.031616e+01   6.628324e+00
  2.718040e+00   2.854842e+01   6.686669e+00
  2.720670e+00   2.369570e+01   6.682062e+00
  2.723300e+00   1.803429e+01   6.634003e+00
  2.725930e+00   1.591263e+01   6.631153e+00
  2.728560e+00   1.228699e+01   6.630248e+00
  2.731190e+00   2.100599e+01   6.638517e+00
  2.733820e+00   1.405158e+01   6.587524e+00
  2.736450e+00   1.842510e+01   6.600772e+00
  2.739080e+00   1.061355e+01   6.580269e+00
  2.741710e+00   2.309446e+01   6.618671e+00
  2.744350e+00   2.248824e+01   6.617318e+00
  2.746980e+00   2.479568e+01   6.615479e+00
  2.749610e+00   2.203186e+01   6.575073e+00
  2.752240e+00   8.840519e+00   6.573666e+00
  2.754870e+00   9.743346e+00   6.532644e+00
  2.757500e+00   2.015619e+01   6.568393e+00
  2.760130e+00   2.366977e+01   6.581045e+00
  2.762760e+00   2.482945e+01   6.540155e+00
  2.765390e+00   1.804323e+01   6.562519e+00
  2.768020e+00   2.324225e+01   6.533687e+00
  2.770650e+00   2.023373e+01   6.544197e+00
  2.773280e+00   1.282533e+01   6.541986e+00
  2.775910e+00   1.991363e+01   6.536615e+00
  2.778540e+00   1.967606e+01   6.544175e+00
  2.781180e+00   2.342177e+01   6.549294e+00
  2.783810e+00   1.824365e+01   6.528410e+00
  2.786440e+00   2.321381e+01   6.558429e+00
  2.789070e+00   1.404620e+01   6.482539e+00
  2.791700e+00   7.834178e+00   6.502659e+00
  2.794330e+00   9.372206e+00   6.466836e+00
  2.796960e+00   1.927174e+01   6.524773e+00
  2.799590e+00   2.178305e+01   6.544888e+00
  2.802220e+00   1.818149e+01   6.548314e+00
  2.804850e+00   1.104347e+01   6.514426e+00
  2.807480e+00   2.063928e+01   6.530669e+00
  2.810110e+00   2.308107e+01   6.530442e+00
  2.812740e+00   1.895372e+01   6.500031e+00
  2.815380e+00   1.254033e+01   6.489595e+00
  2.818010e+00   1.310962e+01   6.514364e+00
  2.820640e+00   8.383613e+00   6.460415e+00
  2.823270e+00   9.394247e+00   6.471063e+00
  2.825900e+00   1.186573e+01   6.496771e+00
  2.828530e+00   1.688121e+01   6.528350e+00
  2.831160e+00   2.186466e+01   6.527191e+00
  2.833790e+00   1.802221e+01   6.477568e+00
  2.836420e+00   1.766842e+01   6.505097e+00
  2.839050e+00   1.379236e+01   6.468920e+00
  2.841680e+00   8.390088e+00   6.461424e+00
  2.844310e+00   6.093308e+00   6.476249e+00
  2.846940e+00   1.788155e+01   6.489731e+00
  2.849580e+00   2.471958e+01   6.549724e+00
  2.852210e+00   1.203910e+01   6.502890e+00
  2.854840e+00   1.366466e+01   6.502563e+00
  2.857470e+00   1.731583e+01   6.470067e+00
  2.860100e+00   1.739363e+01   6.492631e+00
  2.862730e+00   1.961865e+01   6.506040e+00
  2.865360e+00   5.129296e+00   6.482311e+00
  2.867990e+00   1.374536e+01   6.490176e+00
  2.870620e+00   1.088339e+01   6.443950e+00
  2.873250e+00   1.215853e+01   6.486453e+00
  2.875880e+00   2.031259e+01   6.465837e+00
  2.878510e+00   1.356510e+01   6.458263e+00
  2.881140e+00   1.664305e+01   6.501429e+00
  2.883780e+00   1.914889e+01   6.477849e+00
  2.886410e+00   1.958706e+01   6.517807e+00
  2.889040e+00   1.681676e+01   6.464789e+00
  2.891670e+00   7.726115e+00   6.463589e+00
  2.894300e+00   1.408624e+01   6.480151e+00
  2.896930e+00   1.578718e+01   6.501830e+00
  2.899560e+00   1.957315e+01   6.509314e+00
  2.902190e+00   3.189400e+01   6.509148e+00
  2.904820e+00   1.581235e+01   6.474732e+00
  2.907450e+00   1.639666e+01   6.460793e+00
  2.910080e+00   1.400433e+01   6.451066e+00
  2.912710e+00   7.764706e+00   6.460210e+00
  2.915340e+00   1.691675e+01   6.479017e+00
  2.917970e+00   1.101789e+01   6.462967e+00
  2.920610e+00   1.375784e+01   6.485395e+00
  2.923240e+00   1.211768e+01   6.461553e+00
  2.925870e+00   1.898913e+01   6.485689e+00
  2.928500e+00   1.502752e+01   6.453221e+00
  2.931130e+00   8.543760e+00   6.432417e+00
  2.933760e+00   1.542062e+01   6.452753e+00
  2.936390e+00   1.340557e+01   6.445619e+00
  2.939020e+00   2.123830e+01   6.481734e+00
  2.941650e+00   2.146872e+01   6.480972e+00
  2.944280e+00   2.540559e+01   6.487254e+00
  2.946910e+00   1.242539e+01   6.439314e+00
  2.949540e+00  -9.778529e-01   6.403383e+00
  2.952170e+00   9.187095e+00   6.429999e+00
  2.954810e+00   1.266474e+01   6.421550e+00
  2.957440e+00   1.605516e+00   6.397330e+00
  2.960070e+00   1.655961e+01   6.436323e+00
  2.962700e+00   1.426756e+01   6.412798e+00
  2.965330e+00   1.497369e+01   6.448178e+00
  2.967960e+00   1.344104e+01   6.409325e+00
  2.970590e+00   1.108039e+01   6.414347e+00
  2.973220e+00   1.189428e+01   6.410093e+00
  2.975850e+00   1.685609e+01   6.423197e+00
  2.978480e+00   1.527241e+01   6.431490e+00
  2.981110e+00   8.489602e+00   6.373263e+00
  2.983740e+00   1.504184e+01   6.429185e+00
  2.986370e+00   9.462792e+00   6.384525e+00
  2.989010e+00   1.864649e+01   6.431399e+00
  2.991640e+00   1.282502e+01   6.442056e+00
  2.994270e+00   1.552108e+01   6.444947e+00
  2.996900e+00   1.551287e+01   6.435185e+00
  2.999530e+00   1.733110e+01   6.452320e+00
  3.002160e+00   1.173795e+01   6.415068e+00
  3.004790e+00   8.487165e+00   6.424222e+00
  3.007420e+00   3.933965e+00   6.376605e+00
  3.010050e+00   1.090238e+01   6.428651e+00
  3.012680e+00   1.530100e+01   6.459062e+00
  3.015310e+00   1.112938e+01   6.405612e+00
  3.017940e+00   1.712548e+01   6.422988e+00
  3.020570e+00   2.101222e+01   6.414086e+00
  3.023210e+00   2.188033e+01   6.449634e+00
  3.025840e+00   1.449485e+01   6.432006e+00
  3.028470e+00   1.645050e+01   6.390828e+00
  3.031100e+00   2.211323e+01   6.466929e+00
  3.033730e+00   1.956383e+01   6.451219e+00
  3.036360e+00   2.119105e+01   6.418751e+00
  3.038990e+00   2.126609e+01   6.456694e+00
  3.041620e+00   1.179640e+01   6.420141e+00
  3.044250e+00   9.237193e+00   6.449516e+00
  3.046880e+00   1.299206e+01   6.409108e+00
  3.049510e+00   1.584603e+01   6.422114e+00
  3.052140e+00   1.168354e+01   6.430211e+00
  3.054770e+00   1.280802e+01   6.424287e+00
  3.057400e+00   1.861776e+01   6.425310e+00
  3.060040e+00   2.154766e+01   6.457306e+00
  3.062670e+00   1.721517e+01   6.415112e+00
  3.065300e+00   1.109148e+01   6.452212e+00
  3.067930e+00   9.853554e+00   6.433134e+00
  3.070560e+00   9.644380e+00   6.414730e+00
  3.073190e+00   6.083699e+00   6.414856e+00
  3.075820e+00   1.005396e+00   6.360295e+00
  3.078450e+00   1.253457e+01   6.423554e+00
  3.081080e+00   1.414684e+01   6.428638e+00
  3.083710e+00   1.601618e+01   6.436080e+00
  3.086340e+00   1.012434e+01   6.431627e+00
  3.088970e+00   2.506154e+01   6.450779e+00
  3.091600e+00   1.818995e+01   6.410964e+00
  3.094240e+00   1.257713e+01   6.388246e+00
  3.096870e+00   2.734908e+01   6.469540e+00
  3.099500e+00   1.876995e+01   6.457775e+00
  3.102130e+00   1.961818e+01   6.435416e+00
  3.104760e+00   1.663014e+01   6.421395e+00
  3.107390e+00   2.227348e+01   6.431373e+00
  3.110020e+00   6.735777e+00   6.421656e+00
  3.112650e+00   1.067611e+01   6.409700e+00
  3.115280e+00   2.012619e+01   6.428000e+00
  3.117910e+00   1.879126e+01   6.438834e+00
  3.120540e+00   2.557352e+01   6.479079e+00
  3.123170e+00   2.903877e+01   6.463280e+00
  3.125800e+00   2.296749e+01   6.438995e+00
  3.128440e+00   1.922768e+01   6.442057e+00
  3.131070e+00   8.975671e+00   6.395351e+00
  3.133700e+00   1.559609e+01   6.425550e+00
  3.136330e+00   5.379900e+00   6.366643e+00
  3.138960e+00   1.505305e+01   6.401054e+00
  3.141590e+00   1.158654e+01   6.437891e+00
  3.144220e+00   1.324441e+01   6.438249e+00
  3.146850e+00   2.209948e+01   6.460127e+00
  3.149480e+00   9.978056e+00   6.434595e+00
  3.152110e+00   6.568139e+00   6.411989e+00
  3.154740e+00   7.061634e+00   6.395801e+00
  3.157370e+00   1.977299e+01   6.426372e+00
  3.160000e+00   2.309753e+01   6.438916e+00
  3.162640e+00   9.036609e+00   6.438247e+00
  3.165270e+00   1.429560e+01   6.432229e+00
  3.167900e+00   1.575259e+01   6.410989e+00
  3.170530e+00   7.295215e+00   6.401221e+00
  3.173160e+00   5.052515e+00   6.416311e+00
  3.175790e+00   1.335589e+01   6.615990e+00
  3.178420e+00   1.689566e+01   6.716733e+00
  3.181050e+00   2.000940e+01   6.842209e+00
  3.183680e+00   1.778110e+01   6.911727e+00
  3.186310e+00   2.078219e+01   6.979141e+00
  3.188940e+00   1.450081e+01   7.037103e+00
  3.191570e+00   9.752879e+00   7.009031e+00
  3.194200e+00   1.568456e+01   7.081028e+00
  3.196840e+00   1.958791e+01   7.154068e+00
  3.199470e+00   1.928078e+01   7.185567e+00
  3.202100e+00   1.996215e+01   7.239815e+00
  3.204730e+00   2.028171e+01   7.253030e+00
  3.207360e+00   9.300044e+00   7.250977e+00
  3.209990e+00   1.077584e+01   7.342971e+00
  3.212620e+00   1.954173e+01   7.393821e+00
  3.215250e+00   1.335753e+01   7.402964e+00
  3.217880e+00   2.205209e+01   7.385781e+00
  3.220510e+00   2.525977e+01   7.222891e+00
  3.223140e+00   1.443127e+01   7.085599e+00
  3.225770e+00   1.225171e+01   7.029865e+00
  3.228400e+00   1.217141e+01   6.952308e+00
  3.231030e+00   1.562071e+01   6.940881e+00
  3.233670e+00   1.147969e+01   6.870210e+00
  3.236300e+00   1.656797e+01   6.868953e+00
  3.238930e+00   1.421976e+01   6.847338e+00
  3.241560e+00   1.149150e+01   6.830580e+00
  3.244190e+00   1.614439e+01   6.846496e+00
  3.246820e+00   2.209559e+01   6.842108e+00
  3.249450e+00   2.328161e+01   6.808342e+00
  3.252080e+00   2.017507e+01   6.777440e+00
  3.254710e+00   1.600283e+01   6.763472e+00
  3.257340e+00   1.022222e+01   6.763986e+00
  3.259970e+00   1.221716e+01   6.723282e+00
  3.262600e+00   9.176823e+00   6.734545e+00
  3.265230e+00   1.424222e+01   6.755780e+00
  3.267870e+00   1.062953e+01   6.712786e+00
  3.270500e+00   8.195714e+00   6.690027e+00
  3.273130e+00   1.315326e+01   6.715406e+00
  3.275760e+00   1.723239e+01   6.704420e+00
  3.278390e+00   2.459522e+01   6.735038e+00
  3.281020e+00   1.141042e+01   6.638957e+00
  3.283650e+00   1.415567e+01   6.684021e+00
  3.286280e+00   1.845194e+01   6.679008e+00
  3.288910e+00   1.935001e+01   6.672292e+00
  3.291540e+00   1.155515e+01   6.672901e+00
  3.294170e+00   8.923302e+00   6.644051e+00
  3.296800e+00   2.051231e+01   6.651060e+00
  3.299430e+00   1.768218e+01   6.646255e+00
  3.302070e+00   1.551410e+01   6.620434e+00
  3.304700e+00   1.594896e+01   6.694626e+00
  3.307330e+00   1.679040e+01   6.632389e+00
  3.309960e+00   9.390173e+00   6.607286e+00
  3.312590e+00   1.815322e+01   6.666060e+00
  3.315220e+00   1.571764e+01   6.656811e+00
  3.317850e+00   1.480754e+01   6.648293e+00
  3.320480e+00   1.316083e+01   6.614606e+00
  3.323110e+00   1.475695e+01   6.628964e+00
  3.325740e+00   1.774269e+01   6.631612e+00
  3.328370e+00   1.474832e+01   6.628419e+00
  3.331000e+00   1.247696e+01   6.643757e+00
  3.333630e+00   1.609638e+01   6.639608e+00
  3.336270e+00   9.566099e+00   6.625614e+00
  3.338900e+00   9.898030e+00   6.607688e+00
  3.341530e+00   1.191440e+01   6.600644e+00
  3.344160e+00   1.055423e+01   6.611826e+00
  3.346790e+00   8.112642e+00   6.581524e+00
  3.349420e+00   1.714517e+01   6.601882e+00
  3.352050e+00   1.938005e+01   6.631924e+00
  3.354680e+00   1.544387e+01   6.608838e+00
  3.357310e+00   1.496684e+01   6.589640e+00
  3.359940e+00   1.389882e+01   6.573663e+00
  3.362570e+00   2.249637e+01   6.581639e+00
  3.365200e+00   1.553799e+01   6.569890e+00
  3.367830e+00   1.686698e+01   6.605744e+00
  3.370460e+00   2.031177e+01   6.551606e+00
  3.373100e+00   1.638932e+01   6.542354e+00
  3.375730e+00   1.536935e+01   6.536210e+00
  3.378360e+00   1.731375e+01   6.545704e+00
  3.380990e+00   1.781285e+01   6.542032e+00
  3.383620e+00   1.957529e+01   6.548388e+00
  3.386250e+00   4.666644e+00   6.532482e+00
  3.388880e+00   3.845290e+00   6.530820e+00
  3.391510e+00   1.649713e+01   6.570754e+00
  3.394140e+00   1.763907e+01   6.543291e+00
  3.396770e+00   1.077868e+01   6.514338e+00
  3.399400e+00   9.651576e+00   6.518709e+00
  3.402030e+00   7.781519e+00   6.539866e+00
  3.404660e+00   1.134563e+01   6.523689e+00
  3.407300e+00   1.303898e+01   6.501442e+00
  3.409930e+00   7.964426e+00   6.500443e+00
  3.412560e+00   1.585956e+01   6.527919e+00
  3.415190e+00   1.977225e+01   6.554138e+00
  3.417820e+00   1.558244e+01   6.520368e+00
  3.420450e+00   1.615531e+01   6.528892e+00
  3.423080e+00   1.905383e+01   6.541372e+00
  3.425710e+00   1.200114e+01   6.534148e+00
  3.428340e+00   9.578653e+00   6.489990e+00
  3.430970e+00   1.217573e+01   6.520862e+00
  3.433600e+00   2.039265e+01   6.549768e+00
  3.436230e+00   2.501125e+01   6.559917e+00
  3.438860e+00   2.171945e+01   6.530057e+00
  3.441500e+00   2.281550e+01   6.552901e+00
  3.444130e+00   2.423183e+01   6.556099e+00
  3.446760e+00   1.073001e+01   6.466919e+00
  3.449390e+00   1.257768e+01   6.484073e+00
  3.452020e+00   1.083592e+01   6.495473e+00
  3.454650e+00   9.584800e+00   6.501763e+00
  3.457280e+00   1.077337e+01   6.516414e+00
  3.459910e+00   1.984962e+01   6.568883e+00
  3.462540e+00   2.002900e+01   6.529599e+00
  3.465170e+00   1.467274e+01   6.510330e+00
  3.467800e+00   1.269363e+01   6.500089e+00
  3.470430e+00   4.249346e+00   6.496915e+00
  3.473060e+00   4.392302e+00   6.456777e+00
  3.475700e+00   1.419899e+01   6.515487e+00
  3.478330e+00   2.051876e+01   6.531096e+00
  3.480960e+00   7.268555e+00   6.486004e+00
  3.483590e+00   1.294929e+01   6.518165e+00
  3.486220e+00   1.017679e+01   6.480157e+00
  3.488850e+00   1.140035e+01   6.496378e+00
  3.491480e+00   1.560245e+01   6.539369e+00
  3.494110e+00   1.348919e+01   6.494466e+00
  3.496740e+00   1.229470e+01   6.467924e+00
  3.499370e+00   1.103481e+01   6.479222e+00
  3.502000e+00   1.912548e+01   6.517189e+00
  3.504630e+00   1.675712e+01   6.531010e+00
  3.507260e+00   1.221080e+01   6.484733e+00
  3.509890e+00   1.317109e+01   6.489059e+00
  3.512530e+00   8.017210e+00   6.497390e+00
  3.515160e+00   1.632681e+01   6.478127e+00
  3.517790e+00   2.628848e+01   6.538072e+00
  3.520420e+00   2.371734e+01   6.546091e+00
  3.523050e+00   1.196306e+01   6.527352e+00
  3.525680e+00   1.531798e+01   6.518891e+00
  3.528310e+00   2.470685e+01   6.514157e+00
  3.530940e+00   1.280391e+01   6.481399e+00
  3.533570e+00   1.085906e+01   6.471942e+00
  3.536200e+00   1.119496e+01   6.474531e+00
  3.538830e+00   6.795500e+00   6.489751e+00
  3.541460e+00   1.477815e+01   6.504067e+00
  3.544090e+00   1.496371e+01   6.510081e+00
  3.546730e+00   1.757999e+01   6.515144e+00
  3.549360e+00   1.746223e+01   6.523952e+00
  3.551990e+00   1.462837e+01   6.512077e+00
  3.554620e+00   2.384872e+01   6.504642e+00
  3.557250e+00   2.322396e+01   6.513039e+00
  3.559880e+00   1.356459e+01   6.475303e+00
  3.562510e+00   7.157620e+00   6.447873e+00
  3.565140e+00   1.004451e+01   6.497928e+00
  3.567770e+00   1.547624e+01   6.522446e+00
  3.570400e+00   1.881952e+01   6.520225e+00
  3.573030e+00   1.309696e+01   6.488956e+00
  3.575660e+00   2.029470e+01   6.481398e+00
  3.578290e+00   1.393766e+01   6.495311e+00
  3.580930e+00   7.177567e+00   6.471018e+00
  3.583560e+00   1.531978e+01   6.484576e+00
  3.586190e+00   9.929426e+00   6.470516e+00
  3.588820e+00   5.728926e+00   6.494998e+00
  3.591450e+00   1.368680e+01   6.507188e+00
  3.594080e+00   1.708810e+01   6.491908e+00
  3.596710e+00   2.504889e+01   6.507843e+00
  3.599340e+00   1.664749e+01   6.505844e+00
  3.601970e+00   1.470577e+01   6.480424e+00
  3.604600e+00   2.010003e+01   6.516163e+00
  3.607230e+00   1.067102e+01   6.455616e+00
  3.609860e+00   1.496985e+01   6.486950e+00
  3.612490e+00   1.391212e+01   6.491598e+00
  3.615130e+00   1.574141e+01   6.482187e+00
  3.617760e+00   1.432039e+01   6.491468e+00
  3.620390e+00   1.555495e+01   6.497961e+00
  3.623020e+00   1.220013e+01   6.496005e+00
  3.625650e+00   1.488206e+01   6.479418e+00
  3.628280e+00   2.152192e+01   6.519430e+00
  3.630910e+00   1.827343e+01   6.492686e+00
  3.633540e+00   1.527870e+01   6.486418e+00
  3.636170e+00   1.736039e+01   6.476440e+00
  3.638800e+00   1.720522e+01   6.492225e+00
  3.641430e+00   1.779244e+01   6.489663e+00
  3.644060e+00   9.317066e+00   6.468236e+00
  3.646690e+00   1.839023e+01   6.503688e+00
  3.649320e+00   1.124725e+01   6.458851e+00
  3.651960e+00   1.469971e+01   6.483343e+00
  3.654590e+00   1.866137e+01   6.486131e+00
  3.657220e+00   1.617956e+01   6.484645e+00
  3.659850e+00   1.595162e+01   6.477614e+00
  3.662480e+00   1.461880e+01   6.473615e+00
  3.665110e+00   1.690475e+01   6.481162e+00
  3.667740e+00   1.362657e+01   6.435500e+00
  3.670370e+00   7.247604e+00   6.407301e+00
  3.673000e+00   1.103513e+01   6.420186e+00
  3.675630e+00   1.899305e+01   6.424603e+00
  3.678260e+00   1.460127e+01   6.456144e+00
  3.680890e+00   1.565839e+01   6.436188e+00
  3.683520e+00   8.841275e+00   6.366289e+00
  3.686160e+00   1.190824e+01   6.398735e+00
  3.688790e+00   1.355465e+01   6.409109e+00
  3.691420e+00   7.861857e+00   6.397396e+00
  3.694050e+00   9.833840e+00   6.371535e+00
  3.696680e+00   1.230558e+01   6.373772e+00
  3.699310e+00   8.685283e+00   6.381301e+00
  3.701940e+00   1.132582e+01   6.378672e+00
  3.704570e+00   8.954873e+00   6.371507e+00
  3.707200e+00   1.937504e+00   6.342042e+00
  3.709830e+00   1.182245e+01   6.390364e+00
  3.712460e+00   1.039502e+01   6.402995e+00
  3.715090e+00   1.229949e+01   6.403400e+00
  3.717720e+00   1.813360e+01   6.408756e+00
  3.720360e+00   1.469172e+01   6.416562e+00
  3.722990e+00   1.529028e+01   6.388060e+00
  3.725620e+00   1.474949e+01   6.410253e+00
  3.728250e+00   9.386500e+00   6.404399e+00
  3.730880e+00   1.552585e+01   6.441724e+00
  3.733510e+00   1.177869e+01   6.596551e+00
  3.736140e+00   1.377759e+01   6.785231e+00
  3.738770e+00   9.286916e+00   6.847327e+00
  3.741400e+00   1.422221e+00   6.864804e+00
  3.744030e+00   8.459742e+00   6.984706e+00
  3.746660e+00   8.054226e-01   6.999999e+00
  3.749290e+00   9.066410e+00   7.101700e+00
  3.751920e+00   8.543669e+00   7.134123e+00
  3.754560e+00   1.098925e+01   7.257617e+00
  3.757190e+00   1.504327e+01   7.356042e+00
  3.759820e+00   2.283612e+01   7.384466e+00
  3.762450e+00   1.687248e+01   7.446775e+00
  3.765080e+00   1.182932e+01   7.481137e+00
  3.767710e+00   7.994359e+00   7.518156e+00
  3.770340e+00   6.543915e+00   7.538614e+00
  3.772970e+00   1.313290e+01   7.556840e+00
  3.775600e+00   1.893624e+01   7.605729e+00
  3.778230e+00   1.222614e+01   7.394848e+00
  3.780860e+00   1.757523e+01   7.243573e+00
  3.783490e+00   1.892355e+01   7.217333e+00
  3.786120e+00   1.300425e+01   7.123603e+00
  3.788750e+00   8.065432e+00   7.066369e+00
  3.791390e+00   7.807414e+00   7.094478e+00
  3.794020e+00   4.795426e+00   7.020478e+00
  3.796650e+00  -3.712168e+00   6.947791e+00
  3.799280e+00  -9.121392e-01   6.984255e+00
  3.801910e+00   1.898570e+01   7.026714e+00
  3.804540e+00   2.471663e+01   7.009616e+00
  3.807170e+00   8.911263e+00   6.942152e+00
  3.809800e+00   4.639256e+00   6.942965e+00
  3.812430e+00   9.689079e+00   6.992207e+00
  3.815060e+00   1.258317e+01   6.947350e+00
  3.817690e+00   1.010699e+01   6.973689e+00
  3.820320e+00   1.516424e+01   6.931850e+00
  3.822950e+00   1.258640e+01   6.934756e+00
  3.825590e+00   2.008980e+01   6.974799e+00
  3.828220e+00   1.425728e+01   6.944201e+00
  3.830850e+00   5.359641e+00   6.909164e+00
  3.833480e+00   6.843220e+00   6.900240e+00
  3.836110e+00   5.833423e+00   6.928412e+00
  3.838740e+00   7.055160e+00   6.922834e+00
  3.841370e+00   2.406521e+00   6.882666e+00
  3.844000e+00   2.749036e+00   6.920121e+00
  3.846630e+00   5.554668e+00   6.927131e+00
  3.849260e+00   1.166579e+01   6.878397e+00
  3.851890e+00   1.935372e+01   6.922914e+00
  3.854520e+00   1.938498e+01   6.946213e+00
  3.857150e+00   2.228596e+01   6.991968e+00
  3.859790e+00   2.364016e+01   6.992530e+00
  3.862420e+00   1.271216e+01   6.917389e+00
  3.865050e+00   1.528252e+01   6.941227e+00
  3.867680e+00   1.823462e+01   6.943392e+00
  3.870310e+00   9.953828e+00   6.948213e+00
  3.872940e+00  -1.973802e+00   6.928138e+00
  3.875570e+00   3.948369e+00   6.907889e+00
  3.878200e+00   1.112392e+01   6.957386e+00
  3.880830e+00   1.274135e+01   6.970306e+00
  3.883460e+00   6.589270e+00   6.960892e+00
  3.886090e+00   1.892532e+01   6.973699e+00
  3.888720e+00   1.467860e+01   6.974116e+00
  3.891350e+00   1.416144e+01   6.973016e+00
  3.893990e+00   4.759043e+00   6.938546e+00
  3.896620e+00   4.393248e+00   6.929006e+00
  3.899250e+00   6.025649e+00   6.960778e+00
  3.901880e+00   1.833588e+00   6.940463e+00
  3.904510e+00   6.773205e+00   6.970012e+00
  3.907140e+00   1.244899e+01   6.981982e+00
  3.909770e+00   1.348705e+01   6.971521e+00
  3.912400e+00   6.624661e+00   6.961797e+00
  3.915030e+00   8.894422e+00   6.991758e+00
  3.917660e+00   7.690579e+00   6.994003e+00
  3.920290e+00   1.248096e+01   6.963089e+00
  3.922920e+00   1.731070e+01   7.008454e+00
  3.925550e+00   1.537911e+01   7.014042e+00
  3.928180e+00   1.576418e+01   7.016808e+00
  3.930820e+00   1.193841e+01   7.013660e+00
  3.933450e+00   1.115813e+01   7.005281e+00
  3.936080e+00   6.955756e+00   6.998313e+00
  3.938710e+00   1.157875e+01   7.031162e+00
  3.941340e+00   8.068631e+00   7.012156e+00
  3.943970e+00   1.169998e+01   7.006574e+00
  3.946600e+00   7.997305e+00   7.035912e+00
  3.949230e+00   4.292412e+00   7.013957e+00
  3.951860e+00   5.873542e+00   7.007348e+00
  3.954490e+00   1.114425e+01   7.022273e+00
  3.957120e+00   1.010998e+01   7.010749e+00
  3.959750e+00   9.401952e+00   7.035638e+00
  3.962380e+00   8.724998e+00   7.044854e+00
  3.965020e+00   1.252084e+01   7.002155e+00
  3.967650e+00   1.700452e+01   7.052828e+00
  3.970280e+00   8.968222e+00   7.048997e+00
  3.972910e+00   1.257502e+01   7.083794e+00
  3.975540e+00   8.453521e+00   7.015143e+00
  3.978170e+00   1.338990e+01   7.044429e+00
  3.980800e+00   1.631509e+01   7.076086e+00
  3.983430e+00   1.549235e+01   7.094568e+00
  3.986060e+00   1.610184e+01   7.078216e+00
  3.988690e+00   1.682509e+01   7.113389e+00
  3.991320e+00   9.275347e+00   7.098866e+00
  3.993950e+00   1.223162e+01   7.114191e+00
  3.996580e+00   1.432546e+01   7.098276e+00
  3.999220e+00   3.490327e+00   7.079987e+00
  4.001850e+00   9.232238e+00   7.111574e+00
  4.004480e+00   1.152627e+01   7.116287e+00
  4.007110e+00   1.816348e+01   7.133051e+00
  4.009740e+00   2.098955e+01   7.140256e+00
  4.012370e+00   2.190172e+01   7.144306e+00
  4.015000e+00   2.128325e+01   7.189901e+00
  4.017630e+00   1.184969e+01   7.091439e+00
  4.020260e+00   2.257060e+01   7.128548e+00
  4.022890e+00   2.559054e+01   7.181828e+00
  4.025520e+00   1.472872e+01   7.145707e+00
  4.028150e+00   1.053445e+01   7.162067e+00
  4.030780e+00   1.328655e+01   7.089915e+00
  4.033420e+00   6.978892e+00   7.116643e+00
  4.036050e+00   8.711009e+00   7.136127e+00
  4.038680e+00   6.873409e+00   7.126051e+00
  4.041310e+00   8.312361e+00   7.100042e+00
  4.043940e+00   1.539429e+01   7.112985e+00
  4.046570e+00   1.265289e+01   7.085036e+00
  4.049200e+00   8.257366e+00   7.041475e+00
  4.051830e+00   2.549983e+01   7.104232e+00
  4.054460e+00   1.857183e+01   7.085571e+00
  4.057090e+00   1.462110e+01   7.064492e+00
  4.059720e+00   1.144600e+01   7.060484e+00
  4.062350e+00   1.290779e+01   7.038047e+00
  4.064980e+00   1.407672e+01   7.038203e+00
  4.067610e+00   1.597789e+01   7.082917e+00
  4.070250e+00   1.047540e+01   7.055929e+00
  4.072880e+00   1.767714e+01   7.053778e+00
  4.075510e+00   1.521949e+01   7.062897e+00
  4.078140e+00   1.250268e+01   7.053238e+00
  4.080770e+00   1.680447e+01   7.120621e+00
  4.083400e+00   1.697556e+01   7.124779e+00
  4.086030e+00   1.144749e+01   7.126486e+00
  4.088660e+00   1.377101e+01   7.116528e+00
  4.091290e+00   1.548446e+01   7.124880e+00
  4.093920e+00   1.518548e+01   7.139823e+00
  4.096550e+00   9.107962e+00   7.163063e+00
  4.099180e+00   3.585126e+00   7.128014e+00
  4.101810e+00   6.427869e+00   7.163742e+00
  4.104450e+00   1.242439e+01   7.204242e+00
  4.107080e+00   8.081552e+00   7.189619e+00
  4.109710e+00   1.161974e+01   7.210210e+00
  4.112340e+00   1.360675e-01   7.213012e+00
  4.114970e+00   7.150782e+00   7.229152e+00
  4.117600e+00   1.597617e+01   7.299461e+00
  4.120230e+00   1.446880e+01   7.333390e+00
  4.122860e+00   1.079297e+01   7.304761e+00
  4.125490e+00   5.805889e+00   7.277174e+00
  4.128120e+00   1.372448e+01   7.328053e+00
  4.130750e+00   1.554909e+01   7.373875e+00
  4.133380e+00   1.968847e+01   7.382561e+00
  4.136010e+00   2.013892e+01   7.369359e+00
  4.138650e+00   1.038921e+01   7.363328e+00
  4.141280e+00   1.854871e+01   7.400430e+00
  4.143910e+00   2.103382e+01   7.430307e+00
  4.146540e+00   1.429065e+01   7.439535e+00
  4.149170e+00   1.478306e+01   7.432446e+00
  4.151800e+00   1.553043e+01   7.487234e+00
  4.154430e+00   1.391347e+01   7.451049e+00
  4.157060e+00   1.178251e+01   7.447225e+00
  4.159690e+00   1.739505e+01   7.451284e+00
  4.162320e+00   1.067964e+01   7.471717e+00
  4.164950e+00   7.546910e+00   7.466786e+00
  4.167580e+00   8.777627e+00   7.464277e+00
  4.170210e+00   1.567720e+01   7.461097e+00
  4.172850e+00   1.425303e+01   7.458842e+00
  4.175480e+00   2.166814e+01   7.471882e+00
  4.178110e+00   1.272254e+01   7.447728e+00
  4.180740e+00   1.172300e+01   7.464303e+00
  4.183370e+00   6.937423e+00   7.468851e+00
  4.186000e+00   1.125089e+01   7.470880e+00
  4.188630e+00   8.233870e+00   7.475862e+00
  4.191260e+00   8.414638e+00   7.444572e+00
  4.193890e+00   1.169892e+01   7.494643e+00
  4.196520e+00   1.578391e+01   7.539538e+00
  4.199150e+00   1.455086e+01   7.564779e+00
  4.201780e+00   9.021507e+00   7.530132e+00
  4.204410e+00   1.942339e+01   7.565853e+00
  4.207040e+00   2.163925e+01   7.589521e+00
  4.209680e+00   1.087863e+01   7.542901e+00
  4.212310e+00   1.914804e+01   7.605179e+00
  4.214940e+00   3.563661e+00   7.542180e+00
  4.217570e+00   4.623361e+00   7.556941e+00
  4.220200e+00   1.436580e+01   7.597169e+00
  4.222830e+00   9.186345e+00   7.560033e+00
  4.225460e+00   1.427774e+01   7.599810e+00
  4.228090e+00   9.519477e+00   7.562771e+00
  4.230720e+00   1.063319e+01   7.585848e+00
  4.233350e+00   3.014515e+00   7.599443e+00
  4.235980e+00   6.481028e+00   7.654363e+00
  4.238610e+00   1.338044e+01   7.666427e+00
  4.241240e+00   7.780628e+00   7.598889e+00
  4.243880e+00   2.806745e+01   7.760210e+00
  4.246510e+00   1.174411e+01   7.668929e+00
  4.249140e+00   1.268999e+01   7.690291e+00
  4.251770e+00   9.046675e+00   7.698486e+00
  4.254400e+00   1.785737e+01   7.756030e+00
  4.257030e+00   1.166921e+01   7.720271e+00
  4.259660e+00   8.479308e+00   7.752906e+00
  4.262290e+00   1.392533e+01   7.814145e+00
  4.264920e+00   1.023106e+01   7.765726e+00
  4.267550e+00   2.113416e+01   7.813419e+00
  4.270180e+00   2.005195e+01   7.796208e+00
  4.272810e+00   9.349805e+00   7.749917e+00
  4.275440e+00  -2.183055e+00   7.720475e+00
  4.278080e+00   4.885391e+00   7.775884e+00
  4.280710e+00   5.513027e+00   7.759657e+00
  4.283340e+00   1.372219e+01   7.851477e+00
  4.285970e+00   1.203806e+01   7.870798e+00
  4.288600e+00   1.588240e+01   7.917179e+00
  4.291230e+00   1.717936e+01   8.286131e+00
  4.293860e+00   1.950029e+01   8.580919e+00
  4.296490e+00   2.171408e+01   8.815265e+00
  4.299120e+00   1.373183e+01   8.986103e+00
  4.301750e+00   2.012910e+01   9.209341e+00
  4.304380e+00   1.597243e+01   9.338769e+00
  4.307010e+00   1.707615e+01   9.481751e+00
  4.309640e+00   1.570508e+01   9.753794e+00
  4.312280e+00   5.096623e+00   9.841300e+00
  4.314910e+00   9.294476e+00   1.006062e+01
  4.317540e+00   1.209917e+01   1.027688e+01
  4.320170e+00   2.213858e+00   1.033644e+01
  4.322800e+00  -9.469101e-01   1.044228e+01
  4.325430e+00   6.690630e-01   1.064638e+01
  4.328060e+00   2.274952e+01   1.084715e+01
  4.330690e+00   1.343976e+01   1.097449e+01
  4.333320e+00   3.876715e+00   1.120919e+01
  4.335950e+00   9.867664e+00   1.137820e+01
  4.338580e+00   9.713520e+00   1.139608e+01
  4.341210e+00   2.433035e+00   1.144793e+01
  4.343840e+00   1.644668e+01   1.165658e+01
  4.346470e+00   1.198363e+01   1.163194e+01
  4.349110e+00   2.803146e+00   1.172241e+01
  4.351740e+00   6.499680e+00   1.177721e+01
  4.354370e+00   3.828378e+00   1.181979e+01
  4.357000e+00  -9.423851e+00   1.189778e+01
  4.359630e+00   1.750115e+00   1.204526e+01
  4.362260e+00   2.037780e+00   1.209681e+01
  4.364890e+00   2.543854e+01   1.236308e+01
  4.367520e+00  -2.501706e+00   1.224447e+01
  4.370150e+00  -1.138180e+01   1.228230e+01
  4.372780e+00   1.584760e+01   1.249350e+01
  4.375410e+00   1.720518e+01   1.263542e+01
  4.378040e+00   9.941005e+00   1.276519e+01
  4.380670e+00   7.758363e+00   1.267089e+01
  4.383310e+00   1.284588e+01   1.288219e+01
  4.385940e+00   8.668504e+00   1.288052e+01
  4.388570e+00   4.105786e+00   1.290089e+01
  4.391200e+00   1.982339e+01   1.312883e+01
  4.393830e+00   2.541934e+01   1.326895e+01
  4.396460e+00   2.112103e+01   1.328039e+01
  4.399090e+00   8.892204e+00   1.330338e+01
  4.401720e+00  -1.066138e+00   1.338989e+01
  4.404350e+00  -1.665470e-01   1.351176e+01
  4.406980e+00   1.501021e+01   1.362909e+01
  4.409610e+00   1.337844e+01   1.378577e+01
  4.412240e+00   2.759694e+01   1.407496e+01
  4.414870e+00   1.254866e+01   1.390948e+01
  4.417510e+00   5.839471e+00   1.407704e+01
  4.420140e+00   1.586867e+01   1.412190e+01
  4.422770e+00   1.142773e+01   1.431406e+01
  4.425400e+00   2.775170e-02   1.419645e+01
  4.428030e+00   7.418081e+00   1.439739e+01
  4.430660e+00   1.550697e+01   1.461436e+01
  4.433290e+00   2.249971e+01   1.471604e+01
  4.435920e+00   1.811161e+01   1.474326e+01
  4.438550e+00   2.152138e+01   1.487852e+01
  4.441180e+00   1.439740e+01   1.506029e+01
  4.443810e+00   1.110079e+01   1.503180e+01
  4.446440e+00  -7.129198e+00   1.516111e+01
  4.449070e+00   1.174604e+01   1.523682e+01
  4.451710e+00  -8.469324e+00   1.518506e+01
  4.454340e+00   1.716346e+01   1.556360e+01
  4.456970e+00   2.300955e+01   1.574511e+01
  4.459600e+00   2.402778e+01   1.593043e+01
  4.462230e+00   8.650984e+00   1.582498e+01
  4.464860e+00   1.395610e+01   1.607961e+01
  4.467490e+00   1.370303e+01   1.602225e+01
  4.470120e+00   1.780918e+01   1.633476e+01
  4.472750e+00   4.035844e+00   1.640451e+01
  4.475380e+00   3.220004e+01   1.683208e+01
  4.478010e+00   3.771600e+01   1.700857e+01
  4.480640e+00   6.894141e+00   1.662181e+01
  4.483270e+00   1.520333e+01   1.677536e+01
  4.485900e+00   1.291007e+01   1.699494e+01
  4.488540e+00   2.897083e+01   1.747712e+01
  4.491170e+00  -4.722116e+00   1.753817e+01
  4.493800e+00   1.396447e+01   1.771388e+01
  4.496430e+00   1.811478e+01   1.766553e+01
  4.499060e+00   7.964716e+00   1.763870e+01
  4.501690e+00   3.134769e+01   1.814889e+01
  4.504320e+00   3.831069e+01   1.836051e+01
  4.506950e+00   3.431602e+01   1.870407e+01
  4.509580e+00   3.725684e+01   1.879363e+01
  4.512210e+00   4.703947e+01   1.913897e+01
  4.514840e+00   1.771830e+00   1.876639e+01
  4.517470e+00   2.371004e+01   1.915902e+01
  4.520100e+00   5.039242e+00   1.932377e+01
  4.522740e+00   3.837041e+00   1.948006e+01
  4.525370e+00   3.171826e+00   1.955115e+01
  4.528000e+00   3.722124e+01   2.032549e+01
  4.530630e+00   3.872122e+01   2.022827e+01
  4.533260e+00   3.381015e+01   2.096032e+01
  4.535890e+00   1.104652e+01   2.034243e+01
  4.538520e+00   1.884753e+01   2.093774e+01
  4.541150e+00   3.281159e+01   2.154660e+01
  4.543780e+00   4.073590e+01   2.180889e+01
  4.546410e+00   2.499324e+01   2.208483e+01
  4.549040e+00   1.095489e+00   2.172289e+01
  4.551670e+00   2.891276e+01   2.249243e+01
  4.554300e+00   4.119972e+01   2.282069e+01
  4.556940e+00   4.739362e+01   2.305330e+01
  4.559570e+00   1.101139e+01   2.297840e+01
  4.562200e+00   2.818253e+00   2.348725e+01
  4.564830e+00   1.261510e+01   2.359066e+01
  4.567460e+00   3.283051e+00   2.392047e+01
  4.570090e+00   3.147598e+01   2.450763e+01
  4.572720e+00   4.757258e+01   2.549505e+01
  4.575350e+00   2.847430e+01   2.774192e+01
  4.577980e+00   2.960846e+01   3.337326e+01
  4.580610e+00   3.618256e+01   4.581004e+01
  4.583240e+00   5.146201e+01   6.460747e+01
#Parent(s): /var/folders/z_/xc294sm95_b7n3lbzr312p7w0000gn/T/qt_temp.A19533 /var/folders/z_/xc294sm95_b7n3lbzr312p7w0000gn/T/qt_temp.T19533
#creator: datmerge
#creator-version: v0.2 (r3156M)
#datmerge-factor /var/folders/z_/xc294sm95_b7n3lbzr312p7w0000gn/T/qt_temp.A19533: 1.0000
#datmerge-factor /var/folders/z_/xc294sm95_b7n3lbzr312p7w0000gn/T/qt_temp.T19533: .9951
#parent: /var/folders/z_/xc294sm95_b7n3lbzr312p7w0000gn/T/qt_temp.T19533
