 16-Jun-2007       (ron_006.dat - 1.000 *Avrag02.dat) / 12.1000               
ron_006.dat   Conc = .12E+02  Mult = .10E+01  N1 =    1  N2 = 2157  SCALE =  1
 Avrag02.dat  Conc = .10E+01  Mult = .10E+01  N1 =    1  N2 = 2157  SCALE =  1
  0.170147E+00  0.338601E+03  0.149855E+01
  0.172464E+00  0.338445E+03  0.146123E+01
  0.174781E+00  0.338180E+03  0.145436E+01
  0.177098E+00  0.335918E+03  0.139385E+01
  0.179415E+00  0.336688E+03  0.140838E+01
  0.181732E+00  0.331922E+03  0.137464E+01
  0.184049E+00  0.332692E+03  0.135173E+01
  0.186366E+00  0.332273E+03  0.134807E+01
  0.188683E+00  0.327119E+03  0.129784E+01
  0.191000E+00  0.325938E+03  0.131236E+01
  0.193317E+00  0.325209E+03  0.127285E+01
  0.195634E+00  0.323440E+03  0.125715E+01
  0.197951E+00  0.321609E+03  0.124785E+01
  0.200268E+00  0.320094E+03  0.121804E+01
  0.202585E+00  0.319441E+03  0.124369E+01
  0.204902E+00  0.316032E+03  0.117882E+01
  0.207219E+00  0.316147E+03  0.119819E+01
  0.209536E+00  0.313463E+03  0.118326E+01
  0.211853E+00  0.312284E+03  0.116178E+01
  0.214170E+00  0.311127E+03  0.117072E+01
  0.216487E+00  0.309179E+03  0.111946E+01
  0.218804E+00  0.309583E+03  0.114138E+01
  0.221121E+00  0.308685E+03  0.111775E+01
  0.223438E+00  0.304966E+03  0.110488E+01
  0.225755E+00  0.304554E+03  0.110156E+01
  0.228072E+00  0.302654E+03  0.107098E+01
  0.230389E+00  0.300071E+03  0.108138E+01
  0.232706E+00  0.299163E+03  0.105507E+01
  0.235023E+00  0.297440E+03  0.104816E+01
  0.237341E+00  0.296665E+03  0.104073E+01
  0.239658E+00  0.295795E+03  0.101387E+01
  0.241975E+00  0.294525E+03  0.104081E+01
  0.244292E+00  0.292159E+03  0.994770E+00
  0.246609E+00  0.289166E+03  0.999590E+00
  0.248926E+00  0.289865E+03  0.999533E+00
  0.251243E+00  0.288240E+03  0.972194E+00
  0.253560E+00  0.285581E+03  0.974644E+00
  0.255877E+00  0.284543E+03  0.955996E+00
  0.258194E+00  0.280931E+03  0.954259E+00
  0.260511E+00  0.279150E+03  0.939498E+00
  0.262828E+00  0.279710E+03  0.943328E+00
  0.265145E+00  0.277375E+03  0.924156E+00
  0.267462E+00  0.277949E+03  0.915820E+00
  0.269779E+00  0.273896E+03  0.918859E+00
  0.272096E+00  0.272194E+03  0.908178E+00
  0.274413E+00  0.269191E+03  0.895305E+00
  0.276730E+00  0.268995E+03  0.890791E+00
  0.279047E+00  0.269934E+03  0.881208E+00
  0.281364E+00  0.266975E+03  0.886692E+00
  0.283681E+00  0.264581E+03  0.858330E+00
  0.285998E+00  0.264824E+03  0.869582E+00
  0.288315E+00  0.261335E+03  0.850798E+00
  0.290632E+00  0.258761E+03  0.848291E+00
  0.292949E+00  0.256708E+03  0.838050E+00
  0.295266E+00  0.255432E+03  0.817867E+00
  0.297583E+00  0.254840E+03  0.823371E+00
  0.299900E+00  0.254818E+03  0.811212E+00
  0.302217E+00  0.252076E+03  0.807859E+00
  0.304534E+00  0.250706E+03  0.801446E+00
  0.306851E+00  0.248898E+03  0.792509E+00
  0.309168E+00  0.247170E+03  0.791889E+00
  0.311485E+00  0.243730E+03  0.772311E+00
  0.313802E+00  0.242057E+03  0.773469E+00
  0.316119E+00  0.240336E+03  0.761150E+00
  0.318436E+00  0.238623E+03  0.757335E+00
  0.320753E+00  0.237172E+03  0.761939E+00
  0.323070E+00  0.234794E+03  0.737357E+00
  0.325387E+00  0.232660E+03  0.747430E+00
  0.327704E+00  0.231196E+03  0.727502E+00
  0.330021E+00  0.230412E+03  0.731730E+00
  0.332338E+00  0.230077E+03  0.726517E+00
  0.334655E+00  0.228464E+03  0.715968E+00
  0.336972E+00  0.226247E+03  0.716642E+00
  0.339289E+00  0.223202E+03  0.699174E+00
  0.341606E+00  0.222103E+03  0.706166E+00
  0.343923E+00  0.220182E+03  0.696581E+00
  0.346241E+00  0.217946E+03  0.685426E+00
  0.348558E+00  0.218066E+03  0.696168E+00
  0.350875E+00  0.217247E+03  0.674519E+00
  0.353192E+00  0.214738E+03  0.679979E+00
  0.355509E+00  0.212172E+03  0.664780E+00
  0.357826E+00  0.210841E+03  0.664724E+00
  0.360143E+00  0.208817E+03  0.664237E+00
  0.362460E+00  0.206958E+03  0.651054E+00
  0.364777E+00  0.204945E+03  0.654299E+00
  0.367094E+00  0.203794E+03  0.644175E+00
  0.369411E+00  0.202789E+03  0.638632E+00
  0.371728E+00  0.200837E+03  0.637108E+00
  0.374045E+00  0.199838E+03  0.627393E+00
  0.376362E+00  0.198396E+03  0.633897E+00
  0.378679E+00  0.196490E+03  0.619357E+00
  0.380996E+00  0.194157E+03  0.617602E+00
  0.383313E+00  0.192730E+03  0.611934E+00
  0.385630E+00  0.190237E+03  0.606986E+00
  0.387947E+00  0.187800E+03  0.604826E+00
  0.390264E+00  0.185674E+03  0.594702E+00
  0.392581E+00  0.184786E+03  0.594013E+00
  0.394898E+00  0.184038E+03  0.588804E+00
  0.397215E+00  0.182121E+03  0.585741E+00
  0.399532E+00  0.179066E+03  0.582471E+00
  0.401849E+00  0.177938E+03  0.570228E+00
  0.404166E+00  0.177519E+03  0.577303E+00
  0.406483E+00  0.176297E+03  0.566997E+00
  0.408800E+00  0.175750E+03  0.567684E+00
  0.411117E+00  0.173464E+03  0.560176E+00
  0.413434E+00  0.170191E+03  0.552971E+00
  0.415751E+00  0.167928E+03  0.551919E+00
  0.418068E+00  0.167348E+03  0.547991E+00
  0.420385E+00  0.166701E+03  0.548027E+00
  0.422702E+00  0.165075E+03  0.537863E+00
  0.425019E+00  0.162443E+03  0.534555E+00
  0.427336E+00  0.161633E+03  0.532503E+00
  0.429653E+00  0.158134E+03  0.526183E+00
  0.431970E+00  0.156413E+03  0.521007E+00
  0.434287E+00  0.154889E+03  0.518583E+00
  0.436604E+00  0.153273E+03  0.515842E+00
  0.438921E+00  0.152674E+03  0.512819E+00
  0.441238E+00  0.151015E+03  0.507009E+00
  0.443555E+00  0.149803E+03  0.510282E+00
  0.445872E+00  0.148792E+03  0.496246E+00
  0.448189E+00  0.147947E+03  0.504388E+00
  0.450506E+00  0.146536E+03  0.492032E+00
  0.452823E+00  0.144482E+03  0.490401E+00
  0.455140E+00  0.143406E+03  0.490484E+00
  0.457458E+00  0.141685E+03  0.482062E+00
  0.459775E+00  0.140496E+03  0.484228E+00
  0.462092E+00  0.137941E+03  0.474633E+00
  0.464409E+00  0.134728E+03  0.474125E+00
  0.466726E+00  0.134198E+03  0.471653E+00
  0.469043E+00  0.132778E+03  0.461581E+00
  0.471360E+00  0.133110E+03  0.467722E+00
  0.473677E+00  0.131916E+03  0.457895E+00
  0.475994E+00  0.130348E+03  0.462242E+00
  0.478311E+00  0.127953E+03  0.454193E+00
  0.480628E+00  0.126732E+03  0.444859E+00
  0.482945E+00  0.124473E+03  0.447711E+00
  0.485262E+00  0.122713E+03  0.440338E+00
  0.487579E+00  0.121148E+03  0.443200E+00
  0.489896E+00  0.120191E+03  0.434013E+00
  0.492213E+00  0.118723E+03  0.433789E+00
  0.494530E+00  0.117283E+03  0.430619E+00
  0.496847E+00  0.116655E+03  0.426561E+00
  0.499164E+00  0.115597E+03  0.427110E+00
  0.501481E+00  0.112708E+03  0.417936E+00
  0.503798E+00  0.111726E+03  0.419510E+00
  0.506115E+00  0.110481E+03  0.417825E+00
  0.508432E+00  0.109811E+03  0.410672E+00
  0.510749E+00  0.107613E+03  0.410655E+00
  0.513066E+00  0.106957E+03  0.406031E+00
  0.515383E+00  0.105226E+03  0.405434E+00
  0.517700E+00  0.103897E+03  0.403173E+00
  0.520017E+00  0.102294E+03  0.396096E+00
  0.522334E+00  0.100881E+03  0.395222E+00
  0.524651E+00  0.100734E+03  0.391261E+00
  0.526968E+00  0.987342E+02  0.392976E+00
  0.529285E+00  0.984609E+02  0.387761E+00
  0.531602E+00  0.969379E+02  0.387590E+00
  0.533919E+00  0.956216E+02  0.383830E+00
  0.536236E+00  0.942169E+02  0.380145E+00
  0.538553E+00  0.924807E+02  0.379179E+00
  0.540870E+00  0.911183E+02  0.372757E+00
  0.543187E+00  0.893782E+02  0.374025E+00
  0.545504E+00  0.886088E+02  0.370173E+00
  0.547821E+00  0.877945E+02  0.367318E+00
  0.550138E+00  0.857890E+02  0.365639E+00
  0.552455E+00  0.841983E+02  0.360719E+00
  0.554772E+00  0.837175E+02  0.363083E+00
  0.557089E+00  0.826884E+02  0.357004E+00
  0.559406E+00  0.825674E+02  0.355880E+00
  0.561723E+00  0.809977E+02  0.355989E+00
  0.564040E+00  0.793156E+02  0.349959E+00
  0.566358E+00  0.779302E+02  0.350797E+00
  0.568675E+00  0.776667E+02  0.343805E+00
  0.570992E+00  0.764271E+02  0.345243E+00
  0.573309E+00  0.752626E+02  0.344053E+00
  0.575626E+00  0.739592E+02  0.340823E+00
  0.577943E+00  0.736137E+02  0.340924E+00
  0.580260E+00  0.722591E+02  0.332373E+00
  0.582577E+00  0.708895E+02  0.335161E+00
  0.584894E+00  0.697722E+02  0.331835E+00
  0.587211E+00  0.686301E+02  0.330505E+00
  0.589528E+00  0.676640E+02  0.327350E+00
  0.591845E+00  0.658154E+02  0.321938E+00
  0.594162E+00  0.654564E+02  0.324621E+00
  0.596479E+00  0.646079E+02  0.318672E+00
  0.598796E+00  0.636034E+02  0.319131E+00
  0.601113E+00  0.631155E+02  0.318226E+00
  0.603430E+00  0.620039E+02  0.313693E+00
  0.605747E+00  0.606502E+02  0.316387E+00
  0.608064E+00  0.596637E+02  0.307739E+00
  0.610381E+00  0.589643E+02  0.309194E+00
  0.612698E+00  0.584556E+02  0.307138E+00
  0.615015E+00  0.575982E+02  0.305867E+00
  0.617332E+00  0.565607E+02  0.304295E+00
  0.619649E+00  0.553733E+02  0.299195E+00
  0.621966E+00  0.547009E+02  0.300234E+00
  0.624283E+00  0.537879E+02  0.297063E+00
  0.626600E+00  0.530054E+02  0.296227E+00
  0.628917E+00  0.519121E+02  0.295134E+00
  0.631234E+00  0.504674E+02  0.289687E+00
  0.633551E+00  0.506886E+02  0.291809E+00
  0.635868E+00  0.495283E+02  0.285821E+00
  0.638185E+00  0.488063E+02  0.285693E+00
  0.640502E+00  0.478231E+02  0.286211E+00
  0.642819E+00  0.467977E+02  0.280500E+00
  0.645136E+00  0.461348E+02  0.282492E+00
  0.647453E+00  0.450518E+02  0.277878E+00
  0.649770E+00  0.451587E+02  0.278161E+00
  0.652087E+00  0.446778E+02  0.275663E+00
  0.654404E+00  0.434270E+02  0.275965E+00
  0.656721E+00  0.431517E+02  0.274176E+00
  0.659038E+00  0.421339E+02  0.269451E+00
  0.661355E+00  0.416229E+02  0.270784E+00
  0.663672E+00  0.412664E+02  0.268737E+00
  0.665989E+00  0.402671E+02  0.266018E+00
  0.668306E+00  0.390293E+02  0.263917E+00
  0.670623E+00  0.381045E+02  0.261326E+00
  0.672940E+00  0.380573E+02  0.263624E+00
  0.675258E+00  0.375693E+02  0.258609E+00
  0.677575E+00  0.372142E+02  0.260023E+00
  0.679892E+00  0.358387E+02  0.255785E+00
  0.682209E+00  0.355578E+02  0.255595E+00
  0.684526E+00  0.350836E+02  0.255347E+00
  0.686843E+00  0.340055E+02  0.251234E+00
  0.689160E+00  0.335880E+02  0.251653E+00
  0.691477E+00  0.329558E+02  0.248329E+00
  0.693794E+00  0.325426E+02  0.249544E+00
  0.696111E+00  0.320065E+02  0.248534E+00
  0.698428E+00  0.312572E+02  0.243934E+00
  0.700745E+00  0.306533E+02  0.246127E+00
  0.703062E+00  0.302710E+02  0.242224E+00
  0.705379E+00  0.302802E+02  0.243583E+00
  0.707696E+00  0.293514E+02  0.239583E+00
  0.710013E+00  0.285932E+02  0.237858E+00
  0.712330E+00  0.282318E+02  0.238876E+00
  0.714647E+00  0.276095E+02  0.236383E+00
  0.716964E+00  0.272504E+02  0.236304E+00
  0.719281E+00  0.268368E+02  0.234364E+00
  0.721598E+00  0.261540E+02  0.232957E+00
  0.723915E+00  0.261426E+02  0.233719E+00
  0.726232E+00  0.252021E+02  0.229157E+00
  0.728549E+00  0.255133E+02  0.230854E+00
  0.730866E+00  0.245983E+02  0.227048E+00
  0.733183E+00  0.242174E+02  0.228869E+00
  0.735500E+00  0.233549E+02  0.225621E+00
  0.737817E+00  0.231251E+02  0.223925E+00
  0.740134E+00  0.230580E+02  0.224628E+00
  0.742451E+00  0.223998E+02  0.222108E+00
  0.744768E+00  0.215275E+02  0.220284E+00
  0.747085E+00  0.212771E+02  0.219371E+00
  0.749402E+00  0.206244E+02  0.219811E+00
  0.751719E+00  0.202913E+02  0.217898E+00
  0.754036E+00  0.200580E+02  0.215685E+00
  0.756353E+00  0.202790E+02  0.217676E+00
  0.758670E+00  0.197265E+02  0.214583E+00
  0.760987E+00  0.192162E+02  0.215012E+00
  0.763304E+00  0.190398E+02  0.214488E+00
  0.765621E+00  0.185542E+02  0.211480E+00
  0.767938E+00  0.180290E+02  0.212857E+00
  0.770255E+00  0.177291E+02  0.209439E+00
  0.772572E+00  0.174723E+02  0.211388E+00
  0.774889E+00  0.172353E+02  0.208811E+00
  0.777206E+00  0.168402E+02  0.208078E+00
  0.779523E+00  0.164838E+02  0.207032E+00
  0.781840E+00  0.163311E+02  0.205622E+00
  0.784157E+00  0.158675E+02  0.206179E+00
  0.786475E+00  0.158745E+02  0.204061E+00
  0.788792E+00  0.156009E+02  0.204562E+00
  0.791109E+00  0.152042E+02  0.204617E+00
  0.793426E+00  0.149817E+02  0.201033E+00
  0.795743E+00  0.151115E+02  0.203826E+00
  0.798060E+00  0.148887E+02  0.199949E+00
  0.800377E+00  0.144571E+02  0.201082E+00
  0.802694E+00  0.141986E+02  0.200232E+00
  0.805011E+00  0.140830E+02  0.198313E+00
  0.807328E+00  0.137243E+02  0.199447E+00
  0.809645E+00  0.134486E+02  0.196274E+00
  0.811962E+00  0.130766E+02  0.198322E+00
  0.814279E+00  0.128870E+02  0.195657E+00
  0.816596E+00  0.129132E+02  0.195731E+00
  0.818913E+00  0.128569E+02  0.196485E+00
  0.821230E+00  0.126274E+02  0.193886E+00
  0.823547E+00  0.122802E+02  0.193338E+00
  0.825864E+00  0.117112E+02  0.190803E+00
  0.828181E+00  0.114881E+02  0.191579E+00
  0.830498E+00  0.109927E+02  0.190520E+00
  0.832815E+00  0.111460E+02  0.190264E+00
  0.835132E+00  0.112913E+02  0.191044E+00
  0.837449E+00  0.112017E+02  0.188617E+00
  0.839766E+00  0.111207E+02  0.190106E+00
  0.842083E+00  0.111360E+02  0.189152E+00
  0.844400E+00  0.110224E+02  0.188954E+00
  0.846717E+00  0.106233E+02  0.188349E+00
  0.849034E+00  0.104984E+02  0.187000E+00
  0.851351E+00  0.103633E+02  0.187045E+00
  0.853668E+00  0.102389E+02  0.184901E+00
  0.855985E+00  0.994818E+01  0.185916E+00
  0.858302E+00  0.977504E+01  0.185636E+00
  0.860619E+00  0.987471E+01  0.185179E+00
  0.862936E+00  0.990364E+01  0.184743E+00
  0.865253E+00  0.971198E+01  0.183022E+00
  0.867570E+00  0.938777E+01  0.183458E+00
  0.869887E+00  0.910198E+01  0.183939E+00
  0.872204E+00  0.891545E+01  0.181608E+00
  0.874521E+00  0.906959E+01  0.181580E+00
  0.876838E+00  0.865000E+01  0.180628E+00
  0.879155E+00  0.863843E+01  0.181836E+00
  0.881472E+00  0.870413E+01  0.180817E+00
  0.883789E+00  0.870669E+01  0.180308E+00
  0.886106E+00  0.886603E+01  0.181115E+00
  0.888423E+00  0.860099E+01  0.179916E+00
  0.890740E+00  0.833793E+01  0.180377E+00
  0.893057E+00  0.846190E+01  0.177741E+00
  0.895375E+00  0.809455E+01  0.178743E+00
  0.897692E+00  0.826074E+01  0.178174E+00
  0.900009E+00  0.823521E+01  0.178450E+00
  0.902326E+00  0.799686E+01  0.178175E+00
  0.904643E+00  0.812851E+01  0.177191E+00
  0.906960E+00  0.769579E+01  0.177910E+00
  0.909277E+00  0.757306E+01  0.175944E+00
  0.911594E+00  0.744620E+01  0.176434E+00
  0.913911E+00  0.768132E+01  0.176899E+00
  0.916228E+00  0.777810E+01  0.175325E+00
  0.918545E+00  0.788000E+01  0.176856E+00
  0.920862E+00  0.767256E+01  0.174176E+00
  0.923179E+00  0.749074E+01  0.174662E+00
  0.925496E+00  0.773116E+01  0.175072E+00
  0.927813E+00  0.749413E+01  0.174046E+00
  0.930130E+00  0.762942E+01  0.175539E+00
  0.932447E+00  0.726992E+01  0.172055E+00
  0.934764E+00  0.752223E+01  0.174390E+00
  0.937081E+00  0.746388E+01  0.173571E+00
  0.939398E+00  0.744942E+01  0.173061E+00
  0.941715E+00  0.723339E+01  0.172895E+00
  0.944032E+00  0.720694E+01  0.171255E+00
  0.946349E+00  0.709711E+01  0.173328E+00
  0.948666E+00  0.706570E+01  0.172041E+00
  0.950983E+00  0.686686E+01  0.171225E+00
  0.953300E+00  0.692223E+01  0.172008E+00
  0.955617E+00  0.707479E+01  0.170965E+00
  0.957934E+00  0.726661E+01  0.173216E+00
  0.960251E+00  0.691190E+01  0.169752E+00
  0.962568E+00  0.682678E+01  0.170538E+00
  0.964885E+00  0.680041E+01  0.170289E+00
  0.967202E+00  0.676942E+01  0.169274E+00
  0.969519E+00  0.694182E+01  0.171076E+00
  0.971836E+00  0.712529E+01  0.169353E+00
  0.974153E+00  0.715793E+01  0.169595E+00
  0.976470E+00  0.699669E+01  0.169263E+00
  0.978787E+00  0.717091E+01  0.169935E+00
  0.981104E+00  0.662686E+01  0.168685E+00
  0.983421E+00  0.654033E+01  0.168911E+00
  0.985738E+00  0.674488E+01  0.168866E+00
  0.988055E+00  0.686380E+01  0.168043E+00
  0.990372E+00  0.679711E+01  0.168337E+00
  0.992689E+00  0.694066E+01  0.167896E+00
  0.995006E+00  0.691107E+01  0.167396E+00
  0.997323E+00  0.654620E+01  0.168677E+00
  0.999640E+00  0.657132E+01  0.166789E+00
  0.100196E+01  0.707876E+01  0.168512E+00
  0.100427E+01  0.699802E+01  0.167077E+00
  0.100659E+01  0.687099E+01  0.168028E+00
  0.100891E+01  0.696769E+01  0.167599E+00
  0.101123E+01  0.687793E+01  0.165746E+00
  0.101354E+01  0.685248E+01  0.167597E+00
  0.101586E+01  0.674074E+01  0.165294E+00
  0.101818E+01  0.675289E+01  0.167157E+00
  0.102049E+01  0.680570E+01  0.166381E+00
  0.102281E+01  0.689298E+01  0.165450E+00
  0.102513E+01  0.679322E+01  0.167239E+00
  0.102744E+01  0.698769E+01  0.165095E+00
  0.102976E+01  0.704587E+01  0.166253E+00
  0.103208E+01  0.698884E+01  0.165810E+00
  0.103440E+01  0.696752E+01  0.164831E+00
  0.103671E+01  0.712802E+01  0.166258E+00
  0.103903E+01  0.693545E+01  0.164455E+00
  0.104135E+01  0.709231E+01  0.166238E+00
  0.104366E+01  0.683306E+01  0.164693E+00
  0.104598E+01  0.697934E+01  0.165569E+00
  0.104830E+01  0.697793E+01  0.165537E+00
  0.105061E+01  0.703595E+01  0.163604E+00
  0.105293E+01  0.662818E+01  0.165416E+00
  0.105525E+01  0.670058E+01  0.163729E+00
  0.105757E+01  0.689091E+01  0.165087E+00
  0.105988E+01  0.725983E+01  0.164658E+00
  0.106220E+01  0.727446E+01  0.163776E+00
  0.106452E+01  0.698504E+01  0.164397E+00
  0.106683E+01  0.711934E+01  0.162846E+00
  0.106915E+01  0.764678E+01  0.164789E+00
  0.107147E+01  0.727934E+01  0.163219E+00
  0.107379E+01  0.722000E+01  0.163104E+00
  0.107610E+01  0.674587E+01  0.163623E+00
  0.107842E+01  0.688091E+01  0.162436E+00
  0.108074E+01  0.688793E+01  0.163107E+00
  0.108305E+01  0.710926E+01  0.162237E+00
  0.108537E+01  0.711174E+01  0.162391E+00
  0.108769E+01  0.723636E+01  0.162585E+00
  0.109000E+01  0.718694E+01  0.161771E+00
  0.109232E+01  0.688083E+01  0.163209E+00
  0.109464E+01  0.707281E+01  0.161662E+00
  0.109696E+01  0.690893E+01  0.161923E+00
  0.109927E+01  0.684273E+01  0.161591E+00
  0.110159E+01  0.700149E+01  0.160845E+00
  0.110391E+01  0.694537E+01  0.161643E+00
  0.110622E+01  0.724149E+01  0.160821E+00
  0.110854E+01  0.701198E+01  0.161080E+00
  0.111086E+01  0.728727E+01  0.160994E+00
  0.111317E+01  0.730083E+01  0.161330E+00
  0.111549E+01  0.720860E+01  0.161904E+00
  0.111781E+01  0.754198E+01  0.161071E+00
  0.112013E+01  0.745736E+01  0.161965E+00
  0.112244E+01  0.723529E+01  0.159675E+00
  0.112476E+01  0.683281E+01  0.161124E+00
  0.112708E+01  0.696777E+01  0.160091E+00
  0.112939E+01  0.703645E+01  0.160087E+00
  0.113171E+01  0.701165E+01  0.160568E+00
  0.113403E+01  0.678826E+01  0.159476E+00
  0.113634E+01  0.697537E+01  0.160224E+00
  0.113866E+01  0.719174E+01  0.158556E+00
  0.114098E+01  0.693264E+01  0.159856E+00
  0.114330E+01  0.712058E+01  0.159581E+00
  0.114561E+01  0.695603E+01  0.158668E+00
  0.114793E+01  0.706661E+01  0.160002E+00
  0.115025E+01  0.722107E+01  0.158455E+00
  0.115256E+01  0.714479E+01  0.159117E+00
  0.115488E+01  0.705983E+01  0.158823E+00
  0.115720E+01  0.699851E+01  0.157717E+00
  0.115951E+01  0.709727E+01  0.159330E+00
  0.116183E+01  0.694033E+01  0.157394E+00
  0.116415E+01  0.674893E+01  0.158757E+00
  0.116647E+01  0.687298E+01  0.157263E+00
  0.116878E+01  0.700190E+01  0.157389E+00
  0.117110E+01  0.682132E+01  0.158591E+00
  0.117342E+01  0.716983E+01  0.156877E+00
  0.117573E+01  0.735463E+01  0.159229E+00
  0.117805E+01  0.701884E+01  0.156081E+00
  0.118037E+01  0.707455E+01  0.157487E+00
  0.118269E+01  0.717554E+01  0.157334E+00
  0.118500E+01  0.733744E+01  0.156822E+00
  0.118732E+01  0.714529E+01  0.157848E+00
  0.118964E+01  0.708281E+01  0.155695E+00
  0.119195E+01  0.712719E+01  0.157338E+00
  0.119427E+01  0.675380E+01  0.156603E+00
  0.119659E+01  0.650074E+01  0.154773E+00
  0.119890E+01  0.671744E+01  0.155890E+00
  0.120122E+01  0.721942E+01  0.156227E+00
  0.120354E+01  0.724950E+01  0.157329E+00
  0.120586E+01  0.714777E+01  0.155635E+00
  0.120817E+01  0.695826E+01  0.155607E+00
  0.121049E+01  0.691512E+01  0.156790E+00
  0.121281E+01  0.699190E+01  0.156226E+00
  0.121512E+01  0.690777E+01  0.156598E+00
  0.121744E+01  0.650380E+01  0.155025E+00
  0.121976E+01  0.664083E+01  0.156455E+00
  0.122207E+01  0.665479E+01  0.156396E+00
  0.122439E+01  0.643430E+01  0.155642E+00
  0.122671E+01  0.664372E+01  0.156620E+00
  0.122903E+01  0.672562E+01  0.155827E+00
  0.123134E+01  0.688851E+01  0.157477E+00
  0.123366E+01  0.663777E+01  0.156686E+00
  0.123598E+01  0.670025E+01  0.156388E+00
  0.123829E+01  0.659446E+01  0.156402E+00
  0.124061E+01  0.665033E+01  0.156671E+00
  0.124293E+01  0.649595E+01  0.158365E+00
  0.124524E+01  0.697041E+01  0.156694E+00
  0.124756E+01  0.687752E+01  0.156942E+00
  0.124988E+01  0.628041E+01  0.156601E+00
  0.125220E+01  0.651917E+01  0.156121E+00
  0.125451E+01  0.637950E+01  0.156737E+00
  0.125683E+01  0.648190E+01  0.155785E+00
  0.125915E+01  0.646455E+01  0.157237E+00
  0.126146E+01  0.660851E+01  0.157261E+00
  0.126378E+01  0.682140E+01  0.156786E+00
  0.126610E+01  0.647893E+01  0.156796E+00
  0.126841E+01  0.630595E+01  0.155411E+00
  0.127073E+01  0.651298E+01  0.157908E+00
  0.127305E+01  0.643066E+01  0.156321E+00
  0.127537E+01  0.655190E+01  0.156758E+00
  0.127768E+01  0.651975E+01  0.156813E+00
  0.128000E+01  0.645992E+01  0.155763E+00
  0.128232E+01  0.637579E+01  0.157785E+00
  0.128463E+01  0.653421E+01  0.156143E+00
  0.128695E+01  0.624298E+01  0.156239E+00
  0.128927E+01  0.613893E+01  0.156773E+00
  0.129159E+01  0.634017E+01  0.155882E+00
  0.129390E+01  0.638612E+01  0.156674E+00
  0.129622E+01  0.656587E+01  0.155556E+00
  0.129854E+01  0.616116E+01  0.157054E+00
  0.130085E+01  0.635893E+01  0.155757E+00
  0.130317E+01  0.661149E+01  0.156617E+00
  0.130549E+01  0.634289E+01  0.156285E+00
  0.130780E+01  0.616909E+01  0.155572E+00
  0.131012E+01  0.597000E+01  0.156494E+00
  0.131244E+01  0.640289E+01  0.156156E+00
  0.131476E+01  0.609190E+01  0.155566E+00
  0.131707E+01  0.594893E+01  0.155284E+00
  0.131939E+01  0.603645E+01  0.155947E+00
  0.132171E+01  0.606653E+01  0.156950E+00
  0.132402E+01  0.612281E+01  0.154271E+00
  0.132634E+01  0.630554E+01  0.155917E+00
  0.132866E+01  0.613033E+01  0.155423E+00
  0.133097E+01  0.594669E+01  0.156176E+00
  0.133329E+01  0.614562E+01  0.155431E+00
  0.133561E+01  0.619793E+01  0.154702E+00
  0.133793E+01  0.618504E+01  0.156243E+00
  0.134024E+01  0.613868E+01  0.154984E+00
  0.134256E+01  0.594463E+01  0.155435E+00
  0.134488E+01  0.585645E+01  0.155232E+00
  0.134719E+01  0.602521E+01  0.154816E+00
  0.134951E+01  0.612190E+01  0.156693E+00
  0.135183E+01  0.594231E+01  0.155027E+00
  0.135414E+01  0.573198E+01  0.155420E+00
  0.135646E+01  0.523405E+01  0.153764E+00
  0.135878E+01  0.513083E+01  0.153399E+00
  0.136110E+01  0.529339E+01  0.155309E+00
  0.136341E+01  0.562165E+01  0.153695E+00
  0.136573E+01  0.565331E+01  0.154781E+00
  0.136805E+01  0.554661E+01  0.153576E+00
  0.137036E+01  0.495512E+01  0.154263E+00
  0.137268E+01  0.525818E+01  0.153840E+00
  0.137500E+01  0.524570E+01  0.153506E+00
  0.137731E+01  0.530306E+01  0.154938E+00
  0.137963E+01  0.535355E+01  0.153174E+00
  0.138195E+01  0.508884E+01  0.153511E+00
  0.138427E+01  0.510744E+01  0.152981E+00
  0.138658E+01  0.543289E+01  0.153751E+00
  0.138890E+01  0.515149E+01  0.154599E+00
  0.139122E+01  0.540174E+01  0.152854E+00
  0.139353E+01  0.542785E+01  0.154909E+00
  0.139585E+01  0.496496E+01  0.152450E+00
  0.139817E+01  0.508339E+01  0.154034E+00
  0.140049E+01  0.495149E+01  0.154501E+00
  0.140280E+01  0.505603E+01  0.151814E+00
  0.140512E+01  0.516653E+01  0.153827E+00
  0.140744E+01  0.507240E+01  0.152629E+00
  0.140975E+01  0.514322E+01  0.153951E+00
  0.141207E+01  0.516769E+01  0.153400E+00
  0.141439E+01  0.487124E+01  0.151849E+00
  0.141670E+01  0.508058E+01  0.153585E+00
  0.141902E+01  0.514893E+01  0.151895E+00
  0.142134E+01  0.524711E+01  0.153214E+00
  0.142366E+01  0.506091E+01  0.152787E+00
  0.142597E+01  0.501074E+01  0.152059E+00
  0.142829E+01  0.501347E+01  0.153778E+00
  0.143061E+01  0.490504E+01  0.152105E+00
  0.143292E+01  0.472818E+01  0.152968E+00
  0.143524E+01  0.488876E+01  0.151895E+00
  0.143756E+01  0.485124E+01  0.152126E+00
  0.143987E+01  0.495868E+01  0.152948E+00
  0.144219E+01  0.495785E+01  0.151578E+00
  0.144451E+01  0.479240E+01  0.152029E+00
  0.144683E+01  0.447364E+01  0.151517E+00
  0.144914E+01  0.481777E+01  0.152937E+00
  0.145146E+01  0.465157E+01  0.151488E+00
  0.145378E+01  0.465463E+01  0.150924E+00
  0.145609E+01  0.464686E+01  0.151872E+00
  0.145841E+01  0.454959E+01  0.150458E+00
  0.146073E+01  0.448785E+01  0.150918E+00
  0.146304E+01  0.443694E+01  0.150689E+00
  0.146536E+01  0.441521E+01  0.150681E+00
  0.146768E+01  0.405587E+01  0.151120E+00
  0.147000E+01  0.408397E+01  0.150747E+00
  0.147231E+01  0.410116E+01  0.150869E+00
  0.147463E+01  0.435207E+01  0.150070E+00
  0.147695E+01  0.447669E+01  0.151776E+00
  0.147926E+01  0.430190E+01  0.150561E+00
  0.148158E+01  0.446545E+01  0.149729E+00
  0.148390E+01  0.425570E+01  0.150758E+00
  0.148621E+01  0.421587E+01  0.149815E+00
  0.148853E+01  0.411769E+01  0.150588E+00
  0.149085E+01  0.431298E+01  0.150003E+00
  0.149317E+01  0.419091E+01  0.150131E+00
  0.149548E+01  0.418017E+01  0.151016E+00
  0.149780E+01  0.394174E+01  0.148887E+00
  0.150012E+01  0.401562E+01  0.150743E+00
  0.150243E+01  0.388207E+01  0.149179E+00
  0.150475E+01  0.372975E+01  0.149851E+00
  0.150707E+01  0.409727E+01  0.150693E+00
  0.150939E+01  0.395992E+01  0.149184E+00
  0.151170E+01  0.398322E+01  0.150377E+00
  0.151402E+01  0.386322E+01  0.148828E+00
  0.151634E+01  0.372256E+01  0.149757E+00
  0.151865E+01  0.377091E+01  0.149333E+00
  0.152097E+01  0.374421E+01  0.147860E+00
  0.152329E+01  0.386140E+01  0.149657E+00
  0.152560E+01  0.368893E+01  0.147507E+00
  0.152792E+01  0.369446E+01  0.150202E+00
  0.153024E+01  0.370545E+01  0.147624E+00
  0.153256E+01  0.379793E+01  0.148565E+00
  0.153487E+01  0.411058E+01  0.149063E+00
  0.153719E+01  0.355942E+01  0.147634E+00
  0.153951E+01  0.357802E+01  0.148620E+00
  0.154182E+01  0.349975E+01  0.147067E+00
  0.154414E+01  0.362107E+01  0.148578E+00
  0.154646E+01  0.367587E+01  0.148023E+00
  0.154877E+01  0.348959E+01  0.147695E+00
  0.155109E+01  0.387322E+01  0.148499E+00
  0.155341E+01  0.362157E+01  0.146873E+00
  0.155573E+01  0.339826E+01  0.148137E+00
  0.155804E+01  0.345264E+01  0.147363E+00
  0.156036E+01  0.346893E+01  0.147672E+00
  0.156268E+01  0.376256E+01  0.147659E+00
  0.156499E+01  0.346628E+01  0.147639E+00
  0.156731E+01  0.351421E+01  0.147949E+00
  0.156963E+01  0.326264E+01  0.145769E+00
  0.157194E+01  0.337116E+01  0.147057E+00
  0.157426E+01  0.358562E+01  0.147792E+00
  0.157658E+01  0.327504E+01  0.146703E+00
  0.157890E+01  0.353479E+01  0.147645E+00
  0.158121E+01  0.313926E+01  0.145769E+00
  0.158353E+01  0.308537E+01  0.146897E+00
  0.158585E+01  0.321116E+01  0.147602E+00
  0.158816E+01  0.338066E+01  0.146129E+00
  0.159048E+01  0.332669E+01  0.146950E+00
  0.159280E+01  0.310992E+01  0.145429E+00
  0.159511E+01  0.292413E+01  0.146955E+00
  0.159743E+01  0.325496E+01  0.145838E+00
  0.159975E+01  0.309612E+01  0.145857E+00
  0.160207E+01  0.320355E+01  0.146320E+00
  0.160438E+01  0.317471E+01  0.145850E+00
  0.160670E+01  0.322727E+01  0.146966E+00
  0.160902E+01  0.301537E+01  0.144572E+00
  0.161133E+01  0.322215E+01  0.145444E+00
  0.161365E+01  0.311752E+01  0.146275E+00
  0.161597E+01  0.299438E+01  0.145627E+00
  0.161829E+01  0.309364E+01  0.146440E+00
  0.162060E+01  0.319273E+01  0.144163E+00
  0.162292E+01  0.320975E+01  0.146151E+00
  0.162524E+01  0.330149E+01  0.145656E+00
  0.162755E+01  0.307074E+01  0.145090E+00
  0.162987E+01  0.293231E+01  0.145216E+00
  0.163219E+01  0.285521E+01  0.144442E+00
  0.163450E+01  0.294041E+01  0.146730E+00
  0.163682E+01  0.277058E+01  0.144113E+00
  0.163914E+01  0.269521E+01  0.144675E+00
  0.164146E+01  0.279446E+01  0.144802E+00
  0.164377E+01  0.297702E+01  0.144309E+00
  0.164609E+01  0.291240E+01  0.145909E+00
  0.164841E+01  0.275736E+01  0.143481E+00
  0.165072E+01  0.298694E+01  0.144929E+00
  0.165304E+01  0.301149E+01  0.144844E+00
  0.165536E+01  0.291537E+01  0.144315E+00
  0.165767E+01  0.283860E+01  0.143960E+00
  0.165999E+01  0.279975E+01  0.143353E+00
  0.166231E+01  0.281645E+01  0.144722E+00
  0.166463E+01  0.272661E+01  0.144205E+00
  0.166694E+01  0.245727E+01  0.143117E+00
  0.166926E+01  0.254430E+01  0.143453E+00
  0.167158E+01  0.281760E+01  0.143205E+00
  0.167389E+01  0.270719E+01  0.144158E+00
  0.167621E+01  0.294190E+01  0.143958E+00
  0.167853E+01  0.272355E+01  0.142660E+00
  0.168084E+01  0.256835E+01  0.143636E+00
  0.168316E+01  0.274587E+01  0.143482E+00
  0.168548E+01  0.267413E+01  0.144295E+00
  0.168780E+01  0.269860E+01  0.142688E+00
  0.169011E+01  0.270207E+01  0.143096E+00
  0.169243E+01  0.272289E+01  0.143846E+00
  0.169475E+01  0.249876E+01  0.143339E+00
  0.169706E+01  0.267157E+01  0.143004E+00
  0.169938E+01  0.278000E+01  0.142942E+00
  0.170170E+01  0.265587E+01  0.142792E+00
  0.170401E+01  0.247612E+01  0.142429E+00
  0.170633E+01  0.222950E+01  0.142344E+00
  0.170865E+01  0.250983E+01  0.142256E+00
  0.171097E+01  0.273463E+01  0.142855E+00
  0.171328E+01  0.255661E+01  0.143349E+00
  0.171560E+01  0.259793E+01  0.142236E+00
  0.171792E+01  0.268372E+01  0.142403E+00
  0.172023E+01  0.253017E+01  0.142790E+00
  0.172255E+01  0.267860E+01  0.142962E+00
  0.172487E+01  0.257926E+01  0.143024E+00
  0.172719E+01  0.246744E+01  0.140998E+00
  0.172950E+01  0.248653E+01  0.142172E+00
  0.173182E+01  0.219686E+01  0.141522E+00
  0.173414E+01  0.223926E+01  0.142663E+00
  0.173645E+01  0.234314E+01  0.142507E+00
  0.173877E+01  0.233959E+01  0.141009E+00
  0.174109E+01  0.210860E+01  0.142212E+00
  0.174340E+01  0.211785E+01  0.141516E+00
  0.174572E+01  0.224488E+01  0.141776E+00
  0.174804E+01  0.209107E+01  0.141199E+00
  0.175036E+01  0.212140E+01  0.140956E+00
  0.175267E+01  0.231149E+01  0.142225E+00
  0.175499E+01  0.236777E+01  0.140974E+00
  0.175731E+01  0.263413E+01  0.141382E+00
  0.175962E+01  0.249702E+01  0.141428E+00
  0.176194E+01  0.235149E+01  0.141171E+00
  0.176426E+01  0.227058E+01  0.142051E+00
  0.176657E+01  0.207711E+01  0.139421E+00
  0.176889E+01  0.234992E+01  0.140700E+00
  0.177121E+01  0.234339E+01  0.141146E+00
  0.177353E+01  0.234140E+01  0.141008E+00
  0.177584E+01  0.213256E+01  0.140721E+00
  0.177816E+01  0.209868E+01  0.139674E+00
  0.178048E+01  0.197603E+01  0.140537E+00
  0.178279E+01  0.198455E+01  0.140543E+00
  0.178511E+01  0.211760E+01  0.140393E+00
  0.178743E+01  0.209231E+01  0.140034E+00
  0.178974E+01  0.220868E+01  0.140220E+00
  0.179206E+01  0.209636E+01  0.141433E+00
  0.179438E+01  0.214736E+01  0.139808E+00
  0.179670E+01  0.200314E+01  0.140143E+00
  0.179901E+01  0.212777E+01  0.140191E+00
  0.180133E+01  0.207388E+01  0.140177E+00
  0.180365E+01  0.204496E+01  0.140907E+00
  0.180596E+01  0.191793E+01  0.139389E+00
  0.180828E+01  0.199851E+01  0.140155E+00
  0.181060E+01  0.220091E+01  0.140406E+00
  0.181291E+01  0.212810E+01  0.140448E+00
  0.181523E+01  0.211917E+01  0.140024E+00
  0.181755E+01  0.228091E+01  0.139583E+00
  0.181987E+01  0.213413E+01  0.140732E+00
  0.182218E+01  0.199355E+01  0.139687E+00
  0.182450E+01  0.173835E+01  0.139545E+00
  0.182682E+01  0.194463E+01  0.138977E+00
  0.182913E+01  0.187793E+01  0.139607E+00
  0.183145E+01  0.163116E+01  0.140053E+00
  0.183377E+01  0.190678E+01  0.139276E+00
  0.183609E+01  0.185579E+01  0.139363E+00
  0.183840E+01  0.226008E+01  0.138989E+00
  0.184072E+01  0.217570E+01  0.139630E+00
  0.184304E+01  0.195140E+01  0.140114E+00
  0.184535E+01  0.186421E+01  0.138346E+00
  0.184767E+01  0.161901E+01  0.139630E+00
  0.184999E+01  0.182636E+01  0.139042E+00
  0.185230E+01  0.192661E+01  0.139236E+00
  0.185462E+01  0.200132E+01  0.139112E+00
  0.185694E+01  0.172397E+01  0.138438E+00
  0.185926E+01  0.205504E+01  0.139802E+00
  0.186157E+01  0.185884E+01  0.138942E+00
  0.186389E+01  0.177975E+01  0.139195E+00
  0.186621E+01  0.181529E+01  0.138579E+00
  0.186852E+01  0.172083E+01  0.138353E+00
  0.187084E+01  0.160785E+01  0.139679E+00
  0.187316E+01  0.163876E+01  0.137436E+00
  0.187547E+01  0.174455E+01  0.138828E+00
  0.187779E+01  0.185570E+01  0.138593E+00
  0.188011E+01  0.150240E+01  0.138521E+00
  0.188243E+01  0.172521E+01  0.138027E+00
  0.188474E+01  0.170851E+01  0.137245E+00
  0.188706E+01  0.168835E+01  0.138489E+00
  0.188938E+01  0.174149E+01  0.138443E+00
  0.189169E+01  0.165810E+01  0.138929E+00
  0.189401E+01  0.171041E+01  0.137605E+00
  0.189633E+01  0.163273E+01  0.137594E+00
  0.189864E+01  0.188182E+01  0.138558E+00
  0.190096E+01  0.171512E+01  0.137915E+00
  0.190328E+01  0.180455E+01  0.137768E+00
  0.190560E+01  0.195826E+01  0.137694E+00
  0.190791E+01  0.159066E+01  0.137694E+00
  0.191023E+01  0.163198E+01  0.138515E+00
  0.191255E+01  0.170645E+01  0.136649E+00
  0.191486E+01  0.181826E+01  0.137825E+00
  0.191718E+01  0.186884E+01  0.138103E+00
  0.191950E+01  0.177802E+01  0.137661E+00
  0.192181E+01  0.170504E+01  0.137630E+00
  0.192413E+01  0.154769E+01  0.136837E+00
  0.192645E+01  0.156975E+01  0.137404E+00
  0.192877E+01  0.185967E+01  0.137774E+00
  0.193108E+01  0.169562E+01  0.137477E+00
  0.193340E+01  0.186777E+01  0.137460E+00
  0.193572E+01  0.178058E+01  0.137313E+00
  0.193803E+01  0.178314E+01  0.137890E+00
  0.194035E+01  0.168471E+01  0.137611E+00
  0.194267E+01  0.168008E+01  0.137567E+00
  0.194499E+01  0.158116E+01  0.137202E+00
  0.194730E+01  0.169512E+01  0.137787E+00
  0.194962E+01  0.173231E+01  0.137432E+00
  0.195194E+01  0.174736E+01  0.136230E+00
  0.195425E+01  0.129992E+01  0.136846E+00
  0.195657E+01  0.127380E+01  0.136550E+00
  0.195889E+01  0.146612E+01  0.137587E+00
  0.196120E+01  0.147165E+01  0.136365E+00
  0.196352E+01  0.149570E+01  0.136395E+00
  0.196584E+01  0.151017E+01  0.137388E+00
  0.196816E+01  0.130686E+01  0.135321E+00
  0.197047E+01  0.143074E+01  0.137000E+00
  0.197279E+01  0.156893E+01  0.135409E+00
  0.197511E+01  0.163496E+01  0.136406E+00
  0.197742E+01  0.182008E+01  0.137522E+00
  0.197974E+01  0.155124E+01  0.135371E+00
  0.198206E+01  0.136950E+01  0.136221E+00
  0.198437E+01  0.140934E+01  0.135337E+00
  0.198669E+01  0.134380E+01  0.136668E+00
  0.198901E+01  0.132744E+01  0.136291E+00
  0.199133E+01  0.142512E+01  0.135530E+00
  0.199364E+01  0.165446E+01  0.136275E+00
  0.199596E+01  0.168950E+01  0.135712E+00
  0.199828E+01  0.138537E+01  0.136401E+00
  0.200059E+01  0.140587E+01  0.135459E+00
  0.200291E+01  0.145587E+01  0.136089E+00
  0.200523E+01  0.152438E+01  0.136729E+00
  0.200754E+01  0.142000E+01  0.135203E+00
  0.200986E+01  0.126165E+01  0.135818E+00
  0.201218E+01  0.130446E+01  0.135373E+00
  0.201450E+01  0.116843E+01  0.135258E+00
  0.201681E+01  0.132372E+01  0.136320E+00
  0.201913E+01  0.136231E+01  0.135547E+00
  0.202145E+01  0.143587E+01  0.135232E+00
  0.202376E+01  0.148769E+01  0.134867E+00
  0.202608E+01  0.159058E+01  0.136169E+00
  0.202840E+01  0.154397E+01  0.136153E+00
  0.203071E+01  0.141397E+01  0.135211E+00
  0.203303E+01  0.131942E+01  0.135503E+00
  0.203535E+01  0.109975E+01  0.134646E+00
  0.203767E+01  0.136322E+01  0.135816E+00
  0.203998E+01  0.146653E+01  0.134809E+00
  0.204230E+01  0.116132E+01  0.134466E+00
  0.204462E+01  0.117380E+01  0.135577E+00
  0.204693E+01  0.147975E+01  0.135440E+00
  0.204925E+01  0.110826E+01  0.135348E+00
  0.205157E+01  0.128041E+01  0.134402E+00
  0.205389E+01  0.143818E+01  0.135116E+00
  0.205620E+01  0.136893E+01  0.135740E+00
  0.205852E+01  0.139620E+01  0.134757E+00
  0.206084E+01  0.117124E+01  0.134736E+00
  0.206315E+01  0.119099E+01  0.133562E+00
  0.206547E+01  0.112595E+01  0.135547E+00
  0.206779E+01  0.110620E+01  0.134209E+00
  0.207010E+01  0.113231E+01  0.134047E+00
  0.207242E+01  0.121190E+01  0.134664E+00
  0.207474E+01  0.110281E+01  0.133837E+00
  0.207706E+01  0.136066E+01  0.135986E+00
  0.207937E+01  0.118347E+01  0.133660E+00
  0.208169E+01  0.124256E+01  0.134060E+00
  0.208401E+01  0.133967E+01  0.134461E+00
  0.208632E+01  0.130124E+01  0.134681E+00
  0.208864E+01  0.118083E+01  0.135187E+00
  0.209096E+01  0.963802E+00  0.133293E+00
  0.209327E+01  0.909091E+00  0.134510E+00
  0.209559E+01  0.113446E+01  0.134035E+00
  0.209791E+01  0.108455E+01  0.134116E+00
  0.210023E+01  0.123934E+01  0.134242E+00
  0.210254E+01  0.110372E+01  0.132871E+00
  0.210486E+01  0.103479E+01  0.135125E+00
  0.210718E+01  0.111438E+01  0.134130E+00
  0.210949E+01  0.895702E+00  0.133702E+00
  0.211181E+01  0.103446E+01  0.134022E+00
  0.211413E+01  0.100132E+01  0.133707E+00
  0.211644E+01  0.984298E+00  0.134610E+00
  0.211876E+01  0.121777E+01  0.133522E+00
  0.212108E+01  0.130083E+01  0.134115E+00
  0.212340E+01  0.109545E+01  0.133442E+00
  0.212571E+01  0.972975E+00  0.133592E+00
  0.212803E+01  0.117066E+01  0.133666E+00
  0.213035E+01  0.121760E+01  0.133503E+00
  0.213266E+01  0.116050E+01  0.134012E+00
  0.213498E+01  0.107942E+01  0.134080E+00
  0.213730E+01  0.117041E+01  0.133674E+00
  0.213961E+01  0.905537E+00  0.133485E+00
  0.214193E+01  0.119975E+01  0.132871E+00
  0.214425E+01  0.109727E+01  0.134577E+00
  0.214657E+01  0.934380E+00  0.133826E+00
  0.214888E+01  0.102694E+01  0.133669E+00
  0.215120E+01  0.944711E+00  0.133448E+00
  0.215352E+01  0.103289E+01  0.133306E+00
  0.215583E+01  0.853388E+00  0.133781E+00
  0.215815E+01  0.104570E+01  0.132826E+00
  0.216047E+01  0.101876E+01  0.132994E+00
  0.216279E+01  0.122793E+01  0.133263E+00
  0.216510E+01  0.918595E+00  0.133476E+00
  0.216742E+01  0.100107E+01  0.133558E+00
  0.216974E+01  0.121256E+01  0.132706E+00
  0.217205E+01  0.109579E+01  0.133351E+00
  0.217437E+01  0.122488E+01  0.134121E+00
  0.217669E+01  0.107479E+01  0.133871E+00
  0.217900E+01  0.743802E+00  0.132668E+00
  0.218132E+01  0.838017E+00  0.132635E+00
  0.218364E+01  0.100719E+01  0.133804E+00
  0.218596E+01  0.962066E+00  0.132560E+00
  0.218827E+01  0.977438E+00  0.133256E+00
  0.219059E+01  0.104182E+01  0.132561E+00
  0.219291E+01  0.999752E+00  0.133362E+00
  0.219522E+01  0.101975E+01  0.133108E+00
  0.219754E+01  0.105934E+01  0.132159E+00
  0.219986E+01  0.100901E+01  0.133594E+00
  0.220217E+01  0.925207E+00  0.132564E+00
  0.220449E+01  0.102893E+01  0.134085E+00
  0.220681E+01  0.958430E+00  0.133032E+00
  0.220913E+01  0.991322E+00  0.132098E+00
  0.221144E+01  0.999669E+00  0.133188E+00
  0.221376E+01  0.102240E+01  0.132657E+00
  0.221608E+01  0.103521E+01  0.133413E+00
  0.221839E+01  0.104570E+01  0.132444E+00
  0.222071E+01  0.740826E+00  0.133297E+00
  0.222303E+01  0.722975E+00  0.135690E+00
  0.222534E+01  0.894793E+00  0.134228E+00
  0.222766E+01  0.108711E+01  0.135968E+00
  0.222998E+01  0.102058E+01  0.136014E+00
  0.223230E+01  0.782562E+00  0.136438E+00
  0.223461E+01  0.110603E+01  0.138648E+00
  0.223693E+01  0.907438E+00  0.136095E+00
  0.223925E+01  0.114438E+01  0.138408E+00
  0.224156E+01  0.101413E+01  0.138137E+00
  0.224388E+01  0.903223E+00  0.139270E+00
  0.224620E+01  0.118537E+01  0.139109E+00
  0.224851E+01  0.917355E+00  0.138209E+00
  0.225083E+01  0.966942E+00  0.139615E+00
  0.225315E+01  0.937107E+00  0.138499E+00
  0.225547E+01  0.111777E+01  0.139554E+00
  0.225778E+01  0.106496E+01  0.139462E+00
  0.226010E+01  0.108620E+01  0.139763E+00
  0.226242E+01  0.914215E+00  0.141245E+00
  0.226473E+01  0.101512E+01  0.139296E+00
  0.226705E+01  0.117066E+01  0.140073E+00
  0.226937E+01  0.105124E+01  0.139392E+00
  0.227169E+01  0.111347E+01  0.140886E+00
  0.227400E+01  0.833884E+00  0.140766E+00
  0.227632E+01  0.106331E+01  0.139680E+00
  0.227864E+01  0.952479E+00  0.140977E+00
  0.228095E+01  0.695620E+00  0.140573E+00
  0.228327E+01  0.759256E+00  0.141175E+00
  0.228559E+01  0.100884E+01  0.140980E+00
  0.228790E+01  0.993140E+00  0.140490E+00
  0.229022E+01  0.103893E+01  0.141847E+00
  0.229254E+01  0.868512E+00  0.140950E+00
  0.229486E+01  0.762066E+00  0.141369E+00
  0.229717E+01  0.761405E+00  0.140568E+00
  0.229949E+01  0.561074E+00  0.141596E+00
  0.230181E+01  0.536612E+00  0.142362E+00
  0.230412E+01  0.676694E+00  0.140621E+00
  0.230644E+01  0.817686E+00  0.141587E+00
  0.230876E+01  0.952727E+00  0.141244E+00
  0.231107E+01  0.930165E+00  0.141747E+00
  0.231339E+01  0.949174E+00  0.142422E+00
  0.231571E+01  0.697521E+00  0.141145E+00
  0.231803E+01  0.813306E+00  0.142237E+00
  0.232034E+01  0.111116E+01  0.141293E+00
  0.232266E+01  0.915702E+00  0.142668E+00
  0.232498E+01  0.749587E+00  0.140437E+00
  0.232729E+01  0.866198E+00  0.140982E+00
  0.232961E+01  0.986033E+00  0.142292E+00
  0.233193E+01  0.929835E+00  0.141143E+00
  0.233424E+01  0.798760E+00  0.141962E+00
  0.233656E+01  0.797851E+00  0.140107E+00
  0.233888E+01  0.732314E+00  0.142144E+00
  0.234120E+01  0.730248E+00  0.142093E+00
  0.234351E+01  0.710331E+00  0.140924E+00
  0.234583E+01  0.902149E+00  0.142097E+00
  0.234815E+01  0.569091E+00  0.140852E+00
  0.235046E+01  0.561405E+00  0.142091E+00
  0.235278E+01  0.802893E+00  0.141460E+00
  0.235510E+01  0.102298E+01  0.141957E+00
  0.235741E+01  0.111372E+01  0.141537E+00
  0.235973E+01  0.799256E+00  0.141045E+00
  0.236205E+01  0.946694E+00  0.143016E+00
  0.236437E+01  0.930496E+00  0.140281E+00
  0.236668E+01  0.113628E+01  0.141119E+00
  0.236900E+01  0.825041E+00  0.142158E+00
  0.237132E+01  0.100074E+01  0.142037E+00
  0.237363E+01  0.103306E+01  0.142013E+00
  0.237595E+01  0.831074E+00  0.140762E+00
  0.237827E+01  0.771074E+00  0.141352E+00
  0.238059E+01  0.738595E+00  0.142029E+00
  0.238290E+01  0.769091E+00  0.141003E+00
  0.238522E+01  0.553223E+00  0.140878E+00
  0.238754E+01  0.587603E+00  0.140539E+00
  0.238985E+01  0.871074E+00  0.141532E+00
  0.239217E+01  0.846033E+00  0.141106E+00
  0.239449E+01  0.994132E+00  0.140916E+00
  0.239680E+01  0.579835E+00  0.141070E+00
  0.239912E+01  0.668760E+00  0.140566E+00
  0.240144E+01  0.914132E+00  0.141812E+00
  0.240376E+01  0.793802E+00  0.140461E+00
  0.240607E+01  0.951240E+00  0.140270E+00
  0.240839E+01  0.847025E+00  0.141368E+00
  0.241071E+01  0.759008E+00  0.141419E+00
  0.241302E+01  0.751488E+00  0.140772E+00
  0.241534E+01  0.810744E+00  0.139721E+00
  0.241766E+01  0.975455E+00  0.140777E+00
  0.241997E+01  0.117264E+01  0.141334E+00
  0.242229E+01  0.946446E+00  0.140978E+00
  0.242461E+01  0.100545E+01  0.140631E+00
  0.242693E+01  0.105851E+01  0.140385E+00
  0.242924E+01  0.679421E+00  0.141533E+00
  0.243156E+01  0.829008E+00  0.140679E+00
  0.243388E+01  0.900413E+00  0.141530E+00
  0.243619E+01  0.861405E+00  0.140658E+00
  0.243851E+01  0.518430E+00  0.139554E+00
  0.244083E+01  0.546529E+00  0.141134E+00
  0.244314E+01  0.680000E+00  0.139393E+00
  0.244546E+01  0.904711E+00  0.141246E+00
  0.244778E+01  0.765702E+00  0.140728E+00
  0.245010E+01  0.719504E+00  0.140807E+00
  0.245241E+01  0.943058E+00  0.141208E+00
  0.245473E+01  0.104876E+01  0.139284E+00
  0.245705E+01  0.104099E+01  0.141312E+00
  0.245936E+01  0.667190E+00  0.139604E+00
  0.246168E+01  0.812975E+00  0.140799E+00
  0.246400E+01  0.905455E+00  0.140965E+00
  0.246631E+01  0.833719E+00  0.139327E+00
  0.246863E+01  0.756860E+00  0.141340E+00
  0.247095E+01  0.939669E+00  0.140312E+00
  0.247327E+01  0.682975E+00  0.140533E+00
  0.247558E+01  0.609008E+00  0.139970E+00
  0.247790E+01  0.761488E+00  0.140091E+00
  0.248022E+01  0.692975E+00  0.141189E+00
  0.248253E+01  0.905868E+00  0.139236E+00
  0.248485E+01  0.100479E+01  0.140312E+00
  0.248717E+01  0.884876E+00  0.140544E+00
  0.248949E+01  0.977851E+00  0.140612E+00
  0.249180E+01  0.112678E+01  0.141279E+00
  0.249412E+01  0.113223E+01  0.139245E+00
  0.249644E+01  0.112364E+01  0.140652E+00
  0.249875E+01  0.102744E+01  0.141019E+00
  0.250107E+01  0.702231E+00  0.140045E+00
  0.250339E+01  0.752479E+00  0.140636E+00
  0.250570E+01  0.671901E+00  0.140186E+00
  0.250802E+01  0.632975E+00  0.140793E+00
  0.251034E+01  0.511653E+00  0.140164E+00
  0.251266E+01  0.583223E+00  0.139849E+00
  0.251497E+01  0.859008E+00  0.140130E+00
  0.251729E+01  0.684959E+00  0.140253E+00
  0.251961E+01  0.842893E+00  0.141246E+00
  0.252192E+01  0.734959E+00  0.139437E+00
  0.252424E+01  0.954132E+00  0.139624E+00
  0.252656E+01  0.931818E+00  0.139987E+00
  0.252887E+01  0.563719E+00  0.140200E+00
  0.253119E+01  0.101488E+01  0.140998E+00
  0.253351E+01  0.879752E+00  0.138478E+00
  0.253583E+01  0.959008E+00  0.140598E+00
  0.253814E+01  0.113777E+01  0.139823E+00
  0.254046E+01  0.836694E+00  0.140110E+00
  0.254278E+01  0.668760E+00  0.139715E+00
  0.254509E+01  0.818264E+00  0.140342E+00
  0.254741E+01  0.988099E+00  0.141134E+00
  0.254973E+01  0.821570E+00  0.139849E+00
  0.255204E+01  0.896860E+00  0.139975E+00
  0.255436E+01  0.741818E+00  0.138931E+00
  0.255668E+01  0.809587E+00  0.140066E+00
  0.255900E+01  0.933554E+00  0.140925E+00
  0.256131E+01  0.863058E+00  0.138821E+00
  0.256363E+01  0.659835E+00  0.139430E+00
  0.256595E+01  0.104545E+01  0.139549E+00
  0.256826E+01  0.105322E+01  0.140302E+00
  0.257058E+01  0.947273E+00  0.139381E+00
  0.257290E+01  0.104645E+01  0.139796E+00
  0.257521E+01  0.109008E+01  0.140925E+00
  0.257753E+01  0.732810E+00  0.139357E+00
  0.257985E+01  0.788512E+00  0.139709E+00
  0.258217E+01  0.723306E+00  0.138208E+00
  0.258448E+01  0.704463E+00  0.139454E+00
  0.258680E+01  0.103537E+01  0.140712E+00
  0.258912E+01  0.806364E+00  0.138487E+00
  0.259143E+01  0.832479E+00  0.139549E+00
  0.259375E+01  0.658017E+00  0.138726E+00
  0.259607E+01  0.677025E+00  0.138748E+00
  0.259839E+01  0.795041E+00  0.140072E+00
  0.260070E+01  0.792975E+00  0.139162E+00
  0.260302E+01  0.894380E+00  0.139806E+00
  0.260534E+01  0.940992E+00  0.138549E+00
  0.260765E+01  0.816694E+00  0.139110E+00
  0.260997E+01  0.815950E+00  0.139275E+00
  0.261229E+01  0.867107E+00  0.138689E+00
  0.261460E+01  0.875785E+00  0.140128E+00
  0.261692E+01  0.806446E+00  0.138568E+00
  0.261924E+01  0.524545E+00  0.139210E+00
  0.262156E+01  0.826612E+00  0.138363E+00
  0.262387E+01  0.774959E+00  0.138490E+00
  0.262619E+01  0.684050E+00  0.139363E+00
  0.262851E+01  0.584050E+00  0.138221E+00
  0.263082E+01  0.661736E+00  0.138542E+00
  0.263314E+01  0.824050E+00  0.138058E+00
  0.263546E+01  0.902645E+00  0.138859E+00
  0.263777E+01  0.751157E+00  0.138944E+00
  0.264009E+01  0.689339E+00  0.138414E+00
  0.264241E+01  0.670248E+00  0.138887E+00
  0.264473E+01  0.104331E+01  0.138294E+00
  0.264704E+01  0.882727E+00  0.139004E+00
  0.264936E+01  0.113769E+01  0.138244E+00
  0.265168E+01  0.970992E+00  0.138493E+00
  0.265399E+01  0.995702E+00  0.138915E+00
  0.265631E+01  0.825372E+00  0.138439E+00
  0.265863E+01  0.106298E+01  0.139591E+00
  0.266094E+01  0.897769E+00  0.138477E+00
  0.266326E+01  0.897273E+00  0.138803E+00
  0.266558E+01  0.850826E+00  0.138656E+00
  0.266790E+01  0.932893E+00  0.137752E+00
  0.267021E+01  0.965620E+00  0.138981E+00
  0.267253E+01  0.103140E+01  0.137320E+00
  0.267485E+01  0.119000E+01  0.139379E+00
  0.267716E+01  0.104025E+01  0.138568E+00
  0.267948E+01  0.100884E+01  0.138055E+00
  0.268180E+01  0.103273E+01  0.138029E+00
  0.268411E+01  0.106248E+01  0.137403E+00
  0.268643E+01  0.923967E+00  0.138590E+00
  0.268875E+01  0.715124E+00  0.137997E+00
  0.269107E+01  0.813636E+00  0.137980E+00
  0.269338E+01  0.936364E+00  0.138992E+00
  0.269570E+01  0.877851E+00  0.136721E+00
  0.269802E+01  0.774463E+00  0.138436E+00
  0.270033E+01  0.944876E+00  0.137353E+00
  0.270265E+01  0.940909E+00  0.138072E+00
  0.270497E+01  0.103190E+01  0.137602E+00
  0.270729E+01  0.863223E+00  0.136714E+00
  0.270960E+01  0.657438E+00  0.138087E+00
  0.271192E+01  0.926777E+00  0.136669E+00
  0.271424E+01  0.960496E+00  0.137720E+00
  0.271655E+01  0.104289E+01  0.137444E+00
  0.271887E+01  0.880992E+00  0.137088E+00
  0.272119E+01  0.103587E+01  0.137800E+00
  0.272350E+01  0.100843E+01  0.136487E+00
  0.272582E+01  0.799008E+00  0.137972E+00
  0.272814E+01  0.713471E+00  0.137466E+00
  0.273046E+01  0.972975E+00  0.137238E+00
  0.273277E+01  0.120884E+01  0.137403E+00
  0.273509E+01  0.120992E+01  0.137362E+00
  0.273741E+01  0.895868E+00  0.137649E+00
  0.273972E+01  0.669835E+00  0.136004E+00
  0.274204E+01  0.111736E+01  0.137381E+00
  0.274436E+01  0.101909E+01  0.137495E+00
  0.274667E+01  0.800248E+00  0.136650E+00
  0.274899E+01  0.749339E+00  0.136620E+00
  0.275131E+01  0.755537E+00  0.136085E+00
  0.275363E+01  0.856281E+00  0.136173E+00
  0.275594E+01  0.951405E+00  0.136592E+00
  0.275826E+01  0.903554E+00  0.136066E+00
  0.276058E+01  0.713554E+00  0.136296E+00
  0.276289E+01  0.698182E+00  0.135195E+00
  0.276521E+01  0.765950E+00  0.136084E+00
  0.276753E+01  0.957190E+00  0.135569E+00
  0.276984E+01  0.836860E+00  0.135633E+00
  0.277216E+01  0.945372E+00  0.135525E+00
  0.277448E+01  0.969669E+00  0.135834E+00
  0.277680E+01  0.917355E+00  0.136215E+00
  0.277911E+01  0.691653E+00  0.134402E+00
  0.278143E+01  0.693884E+00  0.135506E+00
  0.278375E+01  0.996364E+00  0.135426E+00
  0.278606E+01  0.906777E+00  0.136350E+00
  0.278838E+01  0.106851E+01  0.136028E+00
  0.279070E+01  0.845537E+00  0.134694E+00
  0.279301E+01  0.780661E+00  0.134965E+00
  0.279533E+01  0.929256E+00  0.134170E+00
  0.279765E+01  0.931570E+00  0.135629E+00
  0.279997E+01  0.117579E+01  0.134914E+00
  0.280228E+01  0.918760E+00  0.135130E+00
  0.280460E+01  0.890826E+00  0.135698E+00
  0.280692E+01  0.874628E+00  0.133886E+00
  0.280923E+01  0.790579E+00  0.134633E+00
  0.281155E+01  0.746529E+00  0.134133E+00
  0.281387E+01  0.784132E+00  0.134428E+00
  0.281619E+01  0.633884E+00  0.135318E+00
  0.281850E+01  0.695041E+00  0.133434E+00
  0.282082E+01  0.546942E+00  0.134343E+00
  0.282314E+01  0.771405E+00  0.133382E+00
  0.282545E+01  0.921570E+00  0.134338E+00
  0.282777E+01  0.820909E+00  0.133915E+00
  0.283009E+01  0.101579E+01  0.132965E+00
  0.283240E+01  0.109388E+01  0.133965E+00
  0.283472E+01  0.680579E+00  0.132105E+00
  0.283704E+01  0.979835E+00  0.132635E+00
  0.283936E+01  0.101570E+01  0.132653E+00
  0.284167E+01  0.924463E+00  0.132222E+00
  0.284399E+01  0.988017E+00  0.133221E+00
  0.284631E+01  0.901901E+00  0.132156E+00
  0.284862E+01  0.868182E+00  0.132238E+00
  0.285094E+01  0.832231E+00  0.132053E+00
  0.285326E+01  0.960496E+00  0.131420E+00
  0.285557E+01  0.806446E+00  0.132481E+00
  0.285789E+01  0.888843E+00  0.130552E+00
  0.286021E+01  0.983967E+00  0.131540E+00
  0.286253E+01  0.102661E+01  0.131224E+00
  0.286484E+01  0.100760E+01  0.131279E+00
  0.286716E+01  0.913719E+00  0.130719E+00
  0.286948E+01  0.963719E+00  0.129754E+00
  0.287179E+01  0.105876E+01  0.130649E+00
  0.287411E+01  0.881157E+00  0.129142E+00
  0.287643E+01  0.732810E+00  0.129149E+00
  0.287874E+01  0.818264E+00  0.128779E+00
  0.288106E+01  0.637934E+00  0.127786E+00
  0.288338E+01  0.786694E+00  0.128609E+00
  0.288570E+01  0.112843E+01  0.127497E+00
  0.288801E+01  0.825207E+00  0.127127E+00
  0.289033E+01  0.901240E+00  0.126904E+00
  0.289265E+01  0.761901E+00  0.126531E+00
  0.289496E+01  0.791736E+00  0.126469E+00
  0.289728E+01  0.843719E+00  0.125622E+00
  0.289960E+01  0.106140E+01  0.126212E+00
  0.290191E+01  0.104802E+01  0.125539E+00
  0.290423E+01  0.112223E+01  0.126350E+00
  0.290655E+01  0.109372E+01  0.125122E+00
  0.290887E+01  0.967107E+00  0.125197E+00
  0.291118E+01  0.815041E+00  0.125834E+00
  0.291350E+01  0.752066E+00  0.124918E+00
  0.291582E+01  0.108355E+01  0.125786E+00
  0.291813E+01  0.113636E+01  0.125351E+00
  0.292045E+01  0.912645E+00  0.125677E+00
  0.292277E+01  0.100083E+01  0.126525E+00
  0.292509E+01  0.860083E+00  0.124258E+00
  0.292740E+01  0.880992E+00  0.126168E+00
  0.292972E+01  0.109405E+01  0.125044E+00
  0.293204E+01  0.107339E+01  0.126062E+00
  0.293435E+01  0.103793E+01  0.125664E+00
  0.293667E+01  0.815372E+00  0.125124E+00
  0.293899E+01  0.838017E+00  0.125450E+00
  0.294130E+01  0.934215E+00  0.125307E+00
  0.294362E+01  0.118628E+01  0.125649E+00
  0.294594E+01  0.112339E+01  0.125022E+00
  0.294826E+01  0.103504E+01  0.125204E+00
  0.295057E+01  0.790661E+00  0.125558E+00
  0.295289E+01  0.771901E+00  0.124602E+00
  0.295521E+01  0.881653E+00  0.125276E+00
  0.295752E+01  0.855124E+00  0.125215E+00
  0.295984E+01  0.117174E+01  0.125766E+00
  0.296216E+01  0.990000E+00  0.125845E+00
  0.296447E+01  0.912397E+00  0.124689E+00
  0.296679E+01  0.973967E+00  0.125699E+00
  0.296911E+01  0.875620E+00  0.124940E+00
  0.297143E+01  0.681488E+00  0.125091E+00
  0.297374E+01  0.737025E+00  0.124984E+00
  0.297606E+01  0.705950E+00  0.124440E+00
  0.297838E+01  0.796198E+00  0.125712E+00
  0.298069E+01  0.961405E+00  0.124323E+00
  0.298301E+01  0.107364E+01  0.125086E+00
  0.298533E+01  0.919752E+00  0.124012E+00
  0.298764E+01  0.697851E+00  0.124546E+00
  0.298996E+01  0.679587E+00  0.124883E+00
  0.299228E+01  0.104504E+01  0.124703E+00
  0.299460E+01  0.100215E+01  0.124886E+00
  0.299691E+01  0.111711E+01  0.124609E+00
  0.299923E+01  0.850661E+00  0.124908E+00
  0.300155E+01  0.917355E+00  0.124812E+00
  0.300386E+01  0.929174E+00  0.124789E+00
  0.300618E+01  0.105818E+01  0.125476E+00
  0.300850E+01  0.875372E+00  0.124489E+00
  0.301081E+01  0.922231E+00  0.124442E+00
  0.301313E+01  0.892562E+00  0.124916E+00
  0.301545E+01  0.907851E+00  0.125265E+00
  0.301777E+01  0.676860E+00  0.125333E+00
  0.302008E+01  0.788512E+00  0.124585E+00
  0.302240E+01  0.893554E+00  0.125086E+00
  0.302472E+01  0.930909E+00  0.124007E+00
  0.302703E+01  0.100264E+01  0.124634E+00
  0.302935E+01  0.101876E+01  0.124992E+00
  0.303167E+01  0.104430E+01  0.125396E+00
  0.303399E+01  0.837025E+00  0.125249E+00
  0.303630E+01  0.101777E+01  0.124313E+00
  0.303862E+01  0.111901E+01  0.125506E+00
  0.304094E+01  0.100744E+01  0.125006E+00
  0.304325E+01  0.931570E+00  0.124980E+00
  0.304557E+01  0.919174E+00  0.125272E+00
  0.304789E+01  0.823223E+00  0.124341E+00
  0.305020E+01  0.839752E+00  0.125072E+00
  0.305252E+01  0.735950E+00  0.123677E+00
  0.305484E+01  0.105488E+01  0.125070E+00
  0.305716E+01  0.106215E+01  0.125318E+00
  0.305947E+01  0.874876E+00  0.124518E+00
  0.306179E+01  0.795124E+00  0.125218E+00
  0.306411E+01  0.938264E+00  0.123931E+00
  0.306642E+01  0.989421E+00  0.125554E+00
  0.306874E+01  0.825207E+00  0.124992E+00
  0.307106E+01  0.911322E+00  0.124725E+00
  0.307337E+01  0.977934E+00  0.125537E+00
  0.307569E+01  0.921653E+00  0.124655E+00
  0.307801E+01  0.801653E+00  0.124896E+00
  0.308033E+01  0.724545E+00  0.124549E+00
  0.308264E+01  0.820496E+00  0.124796E+00
  0.308496E+01  0.912645E+00  0.125323E+00
  0.308728E+01  0.100248E+01  0.124313E+00
  0.308959E+01  0.107364E+01  0.125586E+00
  0.309191E+01  0.857851E+00  0.124414E+00
  0.309423E+01  0.886198E+00  0.124430E+00
  0.309654E+01  0.802645E+00  0.124679E+00
  0.309886E+01  0.746281E+00  0.124598E+00
  0.310118E+01  0.763388E+00  0.125311E+00
  0.310350E+01  0.897686E+00  0.124575E+00
  0.310581E+01  0.871240E+00  0.125370E+00
  0.310813E+01  0.839421E+00  0.124819E+00
  0.311045E+01  0.779421E+00  0.124687E+00
  0.311276E+01  0.775537E+00  0.125066E+00
  0.311508E+01  0.849091E+00  0.123928E+00
  0.311740E+01  0.717107E+00  0.125012E+00
  0.311971E+01  0.855207E+00  0.124945E+00
  0.312203E+01  0.957107E+00  0.124416E+00
  0.312435E+01  0.674711E+00  0.124561E+00
  0.312667E+01  0.858099E+00  0.124706E+00
  0.312898E+01  0.909917E+00  0.125424E+00
  0.313130E+01  0.766198E+00  0.124321E+00
  0.313362E+01  0.840992E+00  0.125034E+00
  0.313593E+01  0.878430E+00  0.124732E+00
  0.313825E+01  0.102595E+01  0.124804E+00
  0.314057E+01  0.113793E+01  0.125931E+00
  0.314288E+01  0.112959E+01  0.124476E+00
  0.314520E+01  0.894463E+00  0.125180E+00
  0.314752E+01  0.102636E+01  0.125203E+00
  0.314984E+01  0.766446E+00  0.125043E+00
  0.315215E+01  0.665372E+00  0.124872E+00
  0.315447E+01  0.730909E+00  0.124363E+00
  0.315679E+01  0.594628E+00  0.125593E+00
  0.315910E+01  0.813223E+00  0.124494E+00
  0.316142E+01  0.723306E+00  0.125406E+00
  0.316374E+01  0.688099E+00  0.124469E+00
  0.316606E+01  0.721653E+00  0.124604E+00
  0.316837E+01  0.734793E+00  0.125738E+00
  0.317069E+01  0.772727E+00  0.123925E+00
  0.317301E+01  0.758760E+00  0.125262E+00
  0.317532E+01  0.695950E+00  0.124545E+00
  0.317764E+01  0.783058E+00  0.125358E+00
  0.317996E+01  0.946942E+00  0.125726E+00
  0.318227E+01  0.895124E+00  0.124286E+00
  0.318459E+01  0.106983E+01  0.125837E+00
  0.318691E+01  0.105554E+01  0.125160E+00
  0.318923E+01  0.837273E+00  0.125815E+00
  0.319154E+01  0.752479E+00  0.125132E+00
  0.319386E+01  0.550909E+00  0.124405E+00
  0.319618E+01  0.540165E+00  0.125506E+00
  0.319849E+01  0.595785E+00  0.124528E+00
  0.320081E+01  0.102909E+01  0.125404E+00
  0.320313E+01  0.910000E+00  0.125286E+00
  0.320544E+01  0.557438E+00  0.124846E+00
  0.320776E+01  0.802066E+00  0.126218E+00
  0.321008E+01  0.793058E+00  0.124378E+00
  0.321240E+01  0.630331E+00  0.125251E+00
  0.321471E+01  0.857438E+00  0.125231E+00
  0.321703E+01  0.796198E+00  0.125569E+00
  0.321935E+01  0.866116E+00  0.126139E+00
  0.322166E+01  0.741736E+00  0.124748E+00
  0.322398E+01  0.679504E+00  0.125752E+00
  0.322630E+01  0.687025E+00  0.125150E+00
  0.322861E+01  0.959917E+00  0.125729E+00
  0.323093E+01  0.759174E+00  0.125013E+00
  0.323325E+01  0.639421E+00  0.125305E+00
  0.323557E+01  0.803719E+00  0.125986E+00
  0.323788E+01  0.902397E+00  0.125156E+00
  0.324020E+01  0.809256E+00  0.125502E+00
  0.324252E+01  0.833388E+00  0.125241E+00
  0.324483E+01  0.109719E+01  0.125554E+00
  0.324715E+01  0.107653E+01  0.126422E+00
  0.324947E+01  0.928595E+00  0.124963E+00
  0.325178E+01  0.984876E+00  0.125444E+00
  0.325410E+01  0.786612E+00  0.124241E+00
  0.325642E+01  0.862893E+00  0.125778E+00
  0.325874E+01  0.977934E+00  0.125759E+00
  0.326105E+01  0.902314E+00  0.125425E+00
  0.326337E+01  0.857851E+00  0.125881E+00
  0.326569E+01  0.786777E+00  0.125041E+00
  0.326800E+01  0.611653E+00  0.125249E+00
  0.327032E+01  0.788347E+00  0.124680E+00
  0.327264E+01  0.620083E+00  0.125570E+00
  0.327496E+01  0.496942E+00  0.125590E+00
  0.327727E+01  0.993140E+00  0.125442E+00
  0.327959E+01  0.951653E+00  0.125844E+00
  0.328191E+01  0.684876E+00  0.124933E+00
  0.328422E+01  0.766281E+00  0.125600E+00
  0.328654E+01  0.812645E+00  0.125852E+00
  0.328886E+01  0.696694E+00  0.124713E+00
  0.329117E+01  0.543719E+00  0.125787E+00
  0.329349E+01  0.535620E+00  0.124623E+00
  0.329581E+01  0.707355E+00  0.125795E+00
  0.329813E+01  0.728099E+00  0.125903E+00
  0.330044E+01  0.623884E+00  0.125220E+00
  0.330276E+01  0.666529E+00  0.125878E+00
  0.330508E+01  0.634215E+00  0.124356E+00
  0.330739E+01  0.801074E+00  0.125784E+00
  0.330971E+01  0.793306E+00  0.124542E+00
  0.331203E+01  0.871488E+00  0.125471E+00
  0.331434E+01  0.787603E+00  0.126666E+00
  0.331666E+01  0.591653E+00  0.125204E+00
  0.331898E+01  0.848182E+00  0.125758E+00
  0.332130E+01  0.945785E+00  0.125491E+00
  0.332361E+01  0.791074E+00  0.125226E+00
  0.332593E+01  0.836777E+00  0.125820E+00
  0.332825E+01  0.939587E+00  0.125386E+00
  0.333056E+01  0.754711E+00  0.126113E+00
  0.333288E+01  0.742149E+00  0.125275E+00
  0.333520E+01  0.819256E+00  0.125939E+00
  0.333751E+01  0.562645E+00  0.125222E+00
  0.333983E+01  0.534793E+00  0.125204E+00
  0.334215E+01  0.759091E+00  0.126037E+00
  0.334447E+01  0.764628E+00  0.125114E+00
  0.334678E+01  0.996033E+00  0.126850E+00
  0.334910E+01  0.754132E+00  0.125158E+00
  0.335142E+01  0.560661E+00  0.126007E+00
  0.335373E+01  0.620661E+00  0.125575E+00
  0.335605E+01  0.613058E+00  0.125150E+00
  0.335837E+01  0.719504E+00  0.125641E+00
  0.336068E+01  0.847851E+00  0.125331E+00
  0.336300E+01  0.955537E+00  0.125878E+00
  0.336532E+01  0.841818E+00  0.126176E+00
  0.336764E+01  0.763554E+00  0.125571E+00
  0.336995E+01  0.716612E+00  0.125726E+00
  0.337227E+01  0.599256E+00  0.125229E+00
  0.337459E+01  0.759587E+00  0.125912E+00
  0.337690E+01  0.778512E+00  0.125034E+00
  0.337922E+01  0.728843E+00  0.125631E+00
  0.338154E+01  0.784380E+00  0.125689E+00
  0.338386E+01  0.732066E+00  0.125697E+00
  0.338617E+01  0.508678E+00  0.125844E+00
  0.338849E+01  0.611570E+00  0.124850E+00
  0.339081E+01  0.766694E+00  0.126217E+00
  0.339312E+01  0.629256E+00  0.125360E+00
  0.339544E+01  0.721818E+00  0.125752E+00
  0.339776E+01  0.747355E+00  0.125538E+00
  0.340007E+01  0.672314E+00  0.125221E+00
  0.340239E+01  0.669174E+00  0.126465E+00
  0.340471E+01  0.692645E+00  0.125185E+00
  0.340703E+01  0.600744E+00  0.125425E+00
  0.340934E+01  0.443884E+00  0.125785E+00
  0.341166E+01  0.547273E+00  0.125268E+00
  0.341398E+01  0.611983E+00  0.126634E+00
  0.341629E+01  0.849339E+00  0.125556E+00
  0.341861E+01  0.655620E+00  0.126318E+00
  0.342093E+01  0.454215E+00  0.125616E+00
  0.342324E+01  0.634050E+00  0.125494E+00
  0.342556E+01  0.693884E+00  0.126316E+00
  0.342788E+01  0.668595E+00  0.124845E+00
  0.343020E+01  0.783884E+00  0.126951E+00
  0.343251E+01  0.703636E+00  0.126261E+00
  0.343483E+01  0.543554E+00  0.125619E+00
  0.343715E+01  0.712645E+00  0.125914E+00
  0.343946E+01  0.709587E+00  0.125605E+00
  0.344178E+01  0.800992E+00  0.128479E+00
  0.344410E+01  0.692893E+00  0.127835E+00
  0.344641E+01  0.788678E+00  0.127220E+00
  0.344873E+01  0.776364E+00  0.127968E+00
  0.345105E+01  0.683471E+00  0.126703E+00
  0.345337E+01  0.456694E+00  0.127353E+00
  0.345568E+01  0.824380E+00  0.127105E+00
  0.345800E+01  0.657438E+00  0.127182E+00
  0.346032E+01  0.556033E+00  0.127445E+00
  0.346263E+01  0.700165E+00  0.127908E+00
  0.346495E+01  0.731405E+00  0.128091E+00
  0.346727E+01  0.651736E+00  0.126768E+00
  0.346958E+01  0.625041E+00  0.128101E+00
  0.347190E+01  0.761240E+00  0.127338E+00
  0.347422E+01  0.828099E+00  0.128236E+00
  0.347654E+01  0.621157E+00  0.127914E+00
  0.347885E+01  0.620744E+00  0.126860E+00
  0.348117E+01  0.690331E+00  0.128025E+00
  0.348349E+01  0.594628E+00  0.127635E+00
  0.348580E+01  0.542314E+00  0.127452E+00
  0.348812E+01  0.818099E+00  0.127871E+00
  0.349044E+01  0.819174E+00  0.127502E+00
  0.349276E+01  0.709091E+00  0.128106E+00
  0.349507E+01  0.482397E+00  0.126318E+00
  0.349739E+01  0.497190E+00  0.127981E+00
  0.349971E+01  0.637521E+00  0.127114E+00
  0.350202E+01  0.614298E+00  0.127815E+00
  0.350434E+01  0.716777E+00  0.128700E+00
  0.350666E+01  0.730744E+00  0.127175E+00
  0.350897E+01  0.508926E+00  0.128293E+00
  0.351129E+01  0.572810E+00  0.127614E+00
  0.351361E+01  0.484959E+00  0.128084E+00
  0.351593E+01  0.482810E+00  0.127673E+00
  0.351824E+01  0.453636E+00  0.127629E+00
  0.352056E+01  0.624876E+00  0.128203E+00
  0.352288E+01  0.482231E+00  0.127566E+00
  0.352519E+01  0.622645E+00  0.128346E+00
  0.352751E+01  0.609421E+00  0.127836E+00
  0.352983E+01  0.492479E+00  0.128019E+00
  0.353214E+01  0.487603E+00  0.128969E+00
  0.353446E+01  0.469752E+00  0.126799E+00
  0.353678E+01  0.480496E+00  0.128569E+00
  0.353910E+01  0.484298E+00  0.127091E+00
  0.354141E+01  0.668678E+00  0.128558E+00
  0.354373E+01  0.527686E+00  0.127950E+00
  0.354605E+01  0.702810E+00  0.127651E+00
  0.354836E+01  0.582727E+00  0.128597E+00
  0.355068E+01  0.486033E+00  0.125938E+00
  0.355300E+01  0.611983E+00  0.126137E+00
  0.355531E+01  0.573306E+00  0.125925E+00
  0.355763E+01  0.459421E+00  0.125963E+00
  0.355995E+01  0.473306E+00  0.126756E+00
  0.356227E+01  0.709504E+00  0.126508E+00
  0.356458E+01  0.633388E+00  0.125795E+00
  0.356690E+01  0.640661E+00  0.125792E+00
  0.356922E+01  0.599587E+00  0.126071E+00
  0.357153E+01  0.517190E+00  0.126654E+00
  0.357385E+01  0.434380E+00  0.125344E+00
  0.357617E+01  0.610248E+00  0.126351E+00
  0.357848E+01  0.512149E+00  0.125667E+00
  0.358080E+01  0.604628E+00  0.125671E+00
  0.358312E+01  0.636446E+00  0.125544E+00
  0.358544E+01  0.584132E+00  0.125576E+00
  0.358775E+01  0.706942E+00  0.126278E+00
  0.359007E+01  0.493884E+00  0.125543E+00
  0.359239E+01  0.572727E+00  0.125868E+00
  0.359470E+01  0.665124E+00  0.125845E+00
  0.359702E+01  0.565785E+00  0.126303E+00
  0.359934E+01  0.347851E+00  0.126552E+00
  0.360166E+01  0.578017E+00  0.125936E+00
  0.360397E+01  0.457273E+00  0.125821E+00
  0.360629E+01  0.469504E+00  0.125754E+00
  0.360861E+01  0.690248E+00  0.126162E+00
  0.361092E+01  0.709008E+00  0.126301E+00
  0.361324E+01  0.665950E+00  0.125398E+00
  0.361556E+01  0.753058E+00  0.126058E+00
  0.361787E+01  0.902479E+00  0.126648E+00
  0.362019E+01  0.817769E+00  0.126765E+00
  0.362251E+01  0.649752E+00  0.125962E+00
  0.362483E+01  0.259917E+00  0.125237E+00
  0.362714E+01  0.471983E+00  0.125661E+00
  0.362946E+01  0.760661E+00  0.126998E+00
  0.363178E+01  0.537521E+00  0.126184E+00
  0.363409E+01  0.610496E+00  0.125970E+00
  0.363641E+01  0.478264E+00  0.125942E+00
  0.363873E+01  0.382149E+00  0.125720E+00
  0.364104E+01  0.406860E+00  0.126088E+00
  0.364336E+01  0.686860E+00  0.126022E+00
  0.364568E+01  0.665868E+00  0.126252E+00
  0.364800E+01  0.706281E+00  0.126941E+00
  0.365031E+01  0.925372E+00  0.126417E+00
  0.365263E+01  0.675868E+00  0.126137E+00
  0.365495E+01  0.640165E+00  0.125981E+00
  0.365726E+01  0.648595E+00  0.126331E+00
  0.365958E+01  0.599091E+00  0.126417E+00
  0.366190E+01  0.606860E+00  0.126387E+00
  0.366421E+01  0.577025E+00  0.126333E+00
  0.366653E+01  0.660000E+00  0.126465E+00
  0.366885E+01  0.458347E+00  0.126211E+00
  0.367117E+01  0.531074E+00  0.126251E+00
  0.367348E+01  0.525785E+00  0.126273E+00
  0.367580E+01  0.596116E+00  0.126624E+00
  0.367812E+01  0.671653E+00  0.126433E+00
  0.368043E+01  0.739587E+00  0.126369E+00
  0.368275E+01  0.762562E+00  0.125702E+00
  0.368507E+01  0.742893E+00  0.126401E+00
  0.368738E+01  0.722810E+00  0.126382E+00
  0.368970E+01  0.535702E+00  0.126732E+00
  0.369202E+01  0.605537E+00  0.125619E+00
  0.369434E+01  0.770661E+00  0.126444E+00
  0.369665E+01  0.576860E+00  0.125977E+00
  0.369897E+01  0.582231E+00  0.126151E+00
  0.370129E+01  0.669091E+00  0.126058E+00
  0.370360E+01  0.502810E+00  0.126474E+00
  0.370592E+01  0.534132E+00  0.126318E+00
  0.370824E+01  0.612893E+00  0.126771E+00
  0.371056E+01  0.801736E+00  0.126172E+00
  0.371287E+01  0.792810E+00  0.126513E+00
  0.371519E+01  0.581240E+00  0.126478E+00
  0.371751E+01  0.556694E+00  0.126143E+00
  0.371982E+01  0.386281E+00  0.126109E+00
  0.372214E+01  0.542314E+00  0.125962E+00
  0.372446E+01  0.606777E+00  0.126041E+00
  0.372677E+01  0.651983E+00  0.126635E+00
  0.372909E+01  0.595372E+00  0.126532E+00
  0.373141E+01  0.411736E+00  0.125990E+00
  0.373373E+01  0.396612E+00  0.126124E+00
  0.373604E+01  0.716116E+00  0.126838E+00
  0.373836E+01  0.735950E+00  0.126559E+00
  0.374068E+01  0.668595E+00  0.126133E+00
  0.374299E+01  0.633719E+00  0.126595E+00
  0.374531E+01  0.429008E+00  0.126340E+00
  0.374763E+01  0.325868E+00  0.126265E+00
  0.374994E+01  0.543058E+00  0.126205E+00
  0.375226E+01  0.622727E+00  0.125564E+00
  0.375458E+01  0.709421E+00  0.125958E+00
  0.375690E+01  0.440331E+00  0.126195E+00
  0.375921E+01  0.593223E+00  0.126661E+00
  0.376153E+01  0.706529E+00  0.126796E+00
  0.376385E+01  0.684628E+00  0.126238E+00
  0.376616E+01  0.524628E+00  0.126067E+00
  0.376848E+01  0.441240E+00  0.126495E+00
  0.377080E+01  0.306033E+00  0.125873E+00
  0.377311E+01  0.620579E+00  0.126407E+00
  0.377543E+01  0.624793E+00  0.126911E+00
  0.377775E+01  0.357025E+00  0.126186E+00
  0.378007E+01  0.427025E+00  0.125898E+00
  0.378238E+01  0.715785E+00  0.126129E+00
  0.378470E+01  0.812562E+00  0.126858E+00
  0.378702E+01  0.856116E+00  0.127181E+00
  0.378933E+01  0.733223E+00  0.126100E+00
  0.379165E+01  0.705868E+00  0.126697E+00
  0.379397E+01  0.488678E+00  0.126361E+00
  0.379628E+01  0.672727E+00  0.126495E+00
  0.379860E+01  0.785950E+00  0.126844E+00
  0.380092E+01  0.629174E+00  0.126568E+00
  0.380324E+01  0.711488E+00  0.126713E+00
  0.380555E+01  0.504132E+00  0.126794E+00
  0.380787E+01  0.611240E+00  0.126913E+00
  0.381019E+01  0.493719E+00  0.125931E+00
  0.381250E+01  0.556529E+00  0.126949E+00
  0.381482E+01  0.545950E+00  0.126446E+00
  0.381714E+01  0.685537E+00  0.126920E+00
  0.381946E+01  0.667934E+00  0.126571E+00
  0.382177E+01  0.554959E+00  0.126679E+00
  0.382409E+01  0.585950E+00  0.126372E+00
  0.382641E+01  0.530661E+00  0.126504E+00
  0.382872E+01  0.554793E+00  0.126200E+00
  0.383104E+01  0.448595E+00  0.126229E+00
  0.383336E+01  0.747603E+00  0.126805E+00
  0.383567E+01  0.808182E+00  0.126828E+00
  0.383799E+01  0.617769E+00  0.126265E+00
  0.384031E+01  0.452727E+00  0.126212E+00
  0.384263E+01  0.439504E+00  0.126368E+00
  0.384494E+01  0.393471E+00  0.126171E+00
  0.384726E+01  0.361157E+00  0.126088E+00
  0.384958E+01  0.657025E+00  0.126011E+00
  0.385189E+01  0.673636E+00  0.125913E+00
  0.385421E+01  0.977769E+00  0.127448E+00
  0.385653E+01  0.908926E+00  0.126956E+00
  0.385884E+01  0.768264E+00  0.126452E+00
  0.386116E+01  0.614132E+00  0.127013E+00
  0.386348E+01  0.595702E+00  0.126815E+00
  0.386580E+01  0.525868E+00  0.127127E+00
  0.386811E+01  0.708926E+00  0.126230E+00
  0.387043E+01  0.463554E+00  0.126382E+00
  0.387275E+01  0.649669E+00  0.126733E+00
  0.387506E+01  0.591405E+00  0.126360E+00
  0.387738E+01  0.374959E+00  0.126745E+00
  0.387970E+01  0.591405E+00  0.125951E+00
  0.388201E+01  0.595702E+00  0.126673E+00
  0.388433E+01  0.663388E+00  0.126677E+00
  0.388665E+01  0.533636E+00  0.126430E+00
  0.388897E+01  0.542479E+00  0.126712E+00
  0.389128E+01  0.516033E+00  0.126721E+00
  0.389360E+01  0.343471E+00  0.126594E+00
  0.389592E+01  0.385124E+00  0.127040E+00
  0.389823E+01  0.680744E+00  0.126761E+00
  0.390055E+01  0.530165E+00  0.126546E+00
  0.390287E+01  0.665041E+00  0.126584E+00
  0.390518E+01  0.644876E+00  0.126647E+00
  0.390750E+01  0.557190E+00  0.126738E+00
  0.390982E+01  0.553884E+00  0.126203E+00
  0.391214E+01  0.598926E+00  0.126502E+00
  0.391445E+01  0.724050E+00  0.126231E+00
  0.391677E+01  0.507107E+00  0.125881E+00
  0.391909E+01  0.649504E+00  0.126987E+00
  0.392140E+01  0.717273E+00  0.126445E+00
  0.392372E+01  0.717521E+00  0.126728E+00
  0.392604E+01  0.788430E+00  0.126764E+00
  0.392836E+01  0.869587E+00  0.125991E+00
  0.393067E+01  0.872645E+00  0.126940E+00
  0.393299E+01  0.890909E+00  0.126834E+00
  0.393531E+01  0.686446E+00  0.127162E+00
  0.393762E+01  0.788182E+00  0.126314E+00
  0.393994E+01  0.481901E+00  0.126039E+00
  0.394226E+01  0.669669E+00  0.126826E+00
  0.394457E+01  0.725041E+00  0.125957E+00
  0.394689E+01  0.641818E+00  0.125967E+00
  0.394921E+01  0.435289E+00  0.126776E+00
  0.395153E+01  0.574876E+00  0.126205E+00
  0.395384E+01  0.387025E+00  0.126344E+00
  0.395616E+01  0.644711E+00  0.126102E+00
  0.395848E+01  0.752066E+00  0.126447E+00
  0.396079E+01  0.606860E+00  0.126507E+00
  0.396311E+01  0.516364E+00  0.126231E+00
  0.396543E+01  0.735041E+00  0.126396E+00
  0.396774E+01  0.735207E+00  0.126210E+00
  0.397006E+01  0.690661E+00  0.126371E+00
  0.397238E+01  0.692562E+00  0.126637E+00
  0.397470E+01  0.702066E+00  0.126740E+00
  0.397701E+01  0.755785E+00  0.126492E+00
  0.397933E+01  0.735702E+00  0.126644E+00
  0.398165E+01  0.593223E+00  0.126238E+00
  0.398396E+01  0.471405E+00  0.126419E+00
  0.398628E+01  0.426364E+00  0.125933E+00
  0.398860E+01  0.479917E+00  0.126570E+00
  0.399091E+01  0.669174E+00  0.126879E+00
  0.399323E+01  0.861736E+00  0.127280E+00
  0.399555E+01  0.549752E+00  0.126373E+00
  0.399787E+01  0.460413E+00  0.126171E+00
  0.400018E+01  0.470248E+00  0.126276E+00
  0.400250E+01  0.550496E+00  0.126869E+00
  0.400482E+01  0.610661E+00  0.126432E+00
  0.400713E+01  0.797603E+00  0.126531E+00
  0.400945E+01  0.663719E+00  0.126975E+00
  0.401177E+01  0.393388E+00  0.125829E+00
  0.401408E+01  0.503554E+00  0.126922E+00
  0.401640E+01  0.367686E+00  0.125979E+00
  0.401872E+01  0.431736E+00  0.126730E+00
  0.402104E+01  0.451818E+00  0.126723E+00
  0.402335E+01  0.492893E+00  0.126168E+00
  0.402567E+01  0.702727E+00  0.126682E+00
  0.402799E+01  0.401901E+00  0.126532E+00
  0.403030E+01  0.323388E+00  0.126839E+00
  0.403262E+01  0.446612E+00  0.126545E+00
  0.403494E+01  0.625868E+00  0.126477E+00
  0.403726E+01  0.578760E+00  0.126851E+00
  0.403957E+01  0.341901E+00  0.126259E+00
  0.404189E+01  0.317190E+00  0.126531E+00
  0.404421E+01  0.304793E+00  0.126208E+00
  0.404652E+01  0.519421E+00  0.126814E+00
  0.404884E+01  0.622645E+00  0.126802E+00
  0.405116E+01  0.580909E+00  0.127047E+00
  0.405347E+01  0.558017E+00  0.126740E+00
  0.405579E+01  0.558347E+00  0.126262E+00
  0.405811E+01  0.481405E+00  0.126825E+00
  0.406043E+01  0.246281E+00  0.126440E+00
  0.406274E+01  0.574215E+00  0.126822E+00
  0.406506E+01  0.720413E+00  0.126915E+00
  0.406738E+01  0.618926E+00  0.126951E+00
  0.406969E+01  0.651074E+00  0.127308E+00
  0.407201E+01  0.537025E+00  0.127525E+00
  0.407433E+01  0.533884E+00  0.126746E+00
  0.407664E+01  0.422562E+00  0.127224E+00
  0.407896E+01  0.538182E+00  0.127163E+00
  0.408128E+01  0.618512E+00  0.126727E+00
  0.408360E+01  0.630331E+00  0.127137E+00
  0.408591E+01  0.728926E+00  0.127458E+00
  0.408823E+01  0.582727E+00  0.127367E+00
  0.409055E+01  0.401983E+00  0.126632E+00
  0.409286E+01  0.545785E+00  0.127064E+00
  0.409518E+01  0.558843E+00  0.126582E+00
  0.409750E+01  0.385041E+00  0.126706E+00
  0.409981E+01  0.458678E+00  0.127380E+00
  0.410213E+01  0.281157E+00  0.126972E+00
  0.410445E+01  0.395537E+00  0.126231E+00
  0.410677E+01  0.754463E+00  0.127799E+00
  0.410908E+01  0.638678E+00  0.127050E+00
  0.411140E+01  0.684215E+00  0.127850E+00
  0.411372E+01  0.795455E+00  0.126755E+00
  0.411603E+01  0.854959E+00  0.127066E+00
  0.411835E+01  0.926446E+00  0.128247E+00
  0.412067E+01  0.844959E+00  0.127541E+00
  0.412298E+01  0.696777E+00  0.126919E+00
  0.412530E+01  0.859256E+00  0.128136E+00
  0.412762E+01  0.885868E+00  0.127814E+00
  0.412994E+01  0.637107E+00  0.127787E+00
  0.413225E+01  0.543719E+00  0.127013E+00
  0.413457E+01  0.539504E+00  0.127217E+00
  0.413689E+01  0.481322E+00  0.127403E+00
  0.413920E+01  0.678347E+00  0.127417E+00
  0.414152E+01  0.812397E+00  0.128461E+00
  0.414384E+01  0.565785E+00  0.127257E+00
  0.414616E+01  0.659174E+00  0.127478E+00
  0.414847E+01  0.612562E+00  0.128097E+00
  0.415079E+01  0.473223E+00  0.127419E+00
  0.415311E+01  0.459421E+00  0.127239E+00
  0.415542E+01  0.654876E+00  0.127522E+00
  0.415774E+01  0.609008E+00  0.127842E+00
  0.416006E+01  0.288595E+00  0.127986E+00
  0.416237E+01  0.360496E+00  0.127066E+00
  0.416469E+01  0.572562E+00  0.127717E+00
  0.416701E+01  0.662066E+00  0.127503E+00
  0.416933E+01  0.811818E+00  0.127751E+00
  0.417164E+01  0.446777E+00  0.127553E+00
  0.417396E+01  0.293884E+00  0.127215E+00
  0.417628E+01  0.379587E+00  0.127394E+00
  0.417859E+01  0.470661E+00  0.127958E+00
  0.418091E+01  0.400165E+00  0.127321E+00
  0.418323E+01  0.418264E+00  0.127610E+00
  0.418554E+01  0.236116E+00  0.127645E+00
  0.418786E+01  0.641818E+00  0.128514E+00
  0.419018E+01  0.713140E+00  0.128577E+00
  0.419250E+01  0.504545E+00  0.127975E+00
  0.419481E+01  0.608760E+00  0.128052E+00
  0.419713E+01  0.694711E+00  0.128221E+00
  0.419945E+01  0.393967E+00  0.128690E+00
  0.420176E+01  0.369587E+00  0.127641E+00
  0.420408E+01  0.394959E+00  0.127725E+00
  0.420640E+01  0.602810E+00  0.128214E+00
  0.420871E+01  0.671405E+00  0.128212E+00
  0.421103E+01  0.526612E+00  0.127597E+00
  0.421335E+01  0.489835E+00  0.128224E+00
  0.421567E+01  0.607273E+00  0.128209E+00
  0.421798E+01  0.805124E+00  0.128759E+00
  0.422030E+01  0.659008E+00  0.128692E+00
  0.422262E+01  0.833967E+00  0.128079E+00
  0.422493E+01  0.621736E+00  0.128671E+00
  0.422725E+01  0.488760E+00  0.127937E+00
  0.422957E+01  0.637273E+00  0.128723E+00
  0.423188E+01  0.709917E+00  0.128437E+00
  0.423420E+01  0.937603E+00  0.128668E+00
  0.423652E+01  0.956198E+00  0.129361E+00
  0.423884E+01  0.689504E+00  0.128813E+00
  0.424115E+01  0.819339E+00  0.128134E+00
  0.424347E+01  0.644793E+00  0.128593E+00
  0.424579E+01  0.620909E+00  0.128400E+00
  0.424810E+01  0.833636E+00  0.129557E+00
  0.425042E+01  0.898182E+00  0.129384E+00
  0.425274E+01  0.752397E+00  0.129093E+00
  0.425506E+01  0.570909E+00  0.129405E+00
  0.425737E+01  0.763884E+00  0.129367E+00
  0.425969E+01  0.675785E+00  0.129213E+00
  0.426201E+01  0.790248E+00  0.129224E+00
  0.426432E+01  0.778595E+00  0.129003E+00
  0.426664E+01  0.737355E+00  0.129300E+00
  0.426896E+01  0.771983E+00  0.129536E+00
  0.427127E+01  0.655041E+00  0.128955E+00
  0.427359E+01  0.494959E+00  0.129249E+00
  0.427591E+01  0.571901E+00  0.129327E+00
  0.427823E+01  0.760909E+00  0.130109E+00
  0.428054E+01  0.656694E+00  0.129072E+00
  0.428286E+01  0.565041E+00  0.129446E+00
  0.428518E+01  0.547686E+00  0.129015E+00
  0.428749E+01  0.753140E+00  0.129492E+00
  0.428981E+01  0.931157E+00  0.130047E+00
  0.429213E+01  0.910661E+00  0.130324E+00
  0.429444E+01  0.797521E+00  0.130268E+00
  0.429676E+01  0.870909E+00  0.130402E+00
  0.429908E+01  0.906116E+00  0.130052E+00
  0.430140E+01  0.730579E+00  0.129696E+00
  0.430371E+01  0.671818E+00  0.130057E+00
  0.430603E+01  0.477025E+00  0.130420E+00
  0.430835E+01  0.495124E+00  0.129754E+00
  0.431066E+01  0.722397E+00  0.129635E+00
  0.431298E+01  0.785372E+00  0.129646E+00
  0.431530E+01  0.580413E+00  0.130183E+00
  0.431761E+01  0.580083E+00  0.129925E+00
  0.431993E+01  0.660661E+00  0.130088E+00
  0.432225E+01  0.557273E+00  0.129738E+00
  0.432457E+01  0.589504E+00  0.130480E+00
  0.432688E+01  0.565537E+00  0.130237E+00
  0.432920E+01  0.395950E+00  0.130192E+00
  0.433152E+01  0.699339E+00  0.130682E+00
  0.433383E+01  0.725537E+00  0.130952E+00
  0.433615E+01  0.667603E+00  0.130992E+00
  0.433847E+01  0.581653E+00  0.129407E+00
  0.434078E+01  0.529835E+00  0.130549E+00
  0.434310E+01  0.561818E+00  0.130455E+00
  0.434542E+01  0.632893E+00  0.131165E+00
  0.434774E+01  0.608099E+00  0.130810E+00
  0.435005E+01  0.547769E+00  0.130568E+00
  0.435237E+01  0.353223E+00  0.130829E+00
  0.435469E+01  0.491736E+00  0.131109E+00
  0.435700E+01  0.287107E+00  0.131022E+00
  0.435932E+01  0.510331E+00  0.130892E+00
  0.436164E+01  0.400413E+00  0.131099E+00
  0.436396E+01  0.482727E+00  0.131515E+00
  0.436627E+01  0.330992E+00  0.131163E+00
  0.436859E+01  0.513719E+00  0.131043E+00
  0.437091E+01  0.383802E+00  0.131613E+00
  0.437322E+01  0.415537E+00  0.131165E+00
  0.437554E+01  0.591901E+00  0.131267E+00
  0.437786E+01  0.621240E+00  0.131098E+00
  0.438017E+01  0.560331E+00  0.131004E+00
  0.438249E+01  0.769008E+00  0.132190E+00
  0.438481E+01  0.550248E+00  0.131523E+00
  0.438713E+01  0.730331E+00  0.132026E+00
  0.438944E+01  0.731570E+00  0.131983E+00
  0.439176E+01  0.508347E+00  0.132046E+00
  0.439408E+01  0.641405E+00  0.132302E+00
  0.439639E+01  0.347851E+00  0.132105E+00
  0.439871E+01  0.492066E+00  0.131818E+00
  0.440103E+01  0.638926E+00  0.132974E+00
  0.440334E+01  0.754215E+00  0.132777E+00
  0.440566E+01  0.712066E+00  0.133033E+00
  0.440798E+01  0.717934E+00  0.132218E+00
  0.441030E+01  0.612397E+00  0.132017E+00
  0.441261E+01  0.408760E+00  0.132436E+00
  0.441493E+01  0.906612E+00  0.133670E+00
  0.441725E+01  0.735372E+00  0.133199E+00
  0.441956E+01  0.866198E+00  0.134028E+00
  0.442188E+01  0.840165E+00  0.134508E+00
  0.442420E+01  0.703636E+00  0.134178E+00
  0.442651E+01  0.758678E+00  0.134620E+00
  0.442883E+01  0.822149E+00  0.134766E+00
  0.443115E+01  0.682479E+00  0.135148E+00
  0.443347E+01  0.638926E+00  0.135273E+00
  0.443578E+01  0.675785E+00  0.135982E+00
  0.443810E+01  0.692149E+00  0.135135E+00
  0.444042E+01  0.739091E+00  0.136251E+00
  0.444273E+01  0.445785E+00  0.136554E+00
  0.444505E+01  0.344545E+00  0.136378E+00
  0.444737E+01  0.494711E+00  0.136974E+00
  0.444968E+01  0.455868E+00  0.137302E+00
  0.445200E+01  0.635289E+00  0.137747E+00
  0.445432E+01  0.715537E+00  0.138351E+00
  0.445664E+01  0.684545E+00  0.138718E+00
  0.445895E+01  0.698678E+00  0.138612E+00
  0.446127E+01  0.568099E+00  0.139320E+00
  0.446359E+01  0.379752E+00  0.139511E+00
  0.446590E+01  0.374628E+00  0.139651E+00
  0.446822E+01  0.466198E+00  0.139152E+00
  0.447054E+01  0.427438E+00  0.139370E+00
  0.447286E+01  0.370661E+00  0.140328E+00
  0.447517E+01  0.676529E+00  0.140472E+00
  0.447749E+01  0.544215E+00  0.139937E+00
  0.447981E+01  0.698182E+00  0.140310E+00
  0.448212E+01  0.897769E+00  0.141097E+00
  0.448444E+01  0.670000E+00  0.141385E+00
  0.448676E+01  0.507851E+00  0.139996E+00
  0.448907E+01  0.772893E+00  0.140828E+00
  0.449139E+01  0.487521E+00  0.141114E+00
  0.449371E+01  0.400331E+00  0.140795E+00
  0.449603E+01  0.615537E+00  0.140760E+00
  0.449834E+01  0.799669E+00  0.141317E+00
  0.450066E+01  0.616364E+00  0.141219E+00
  0.450298E+01  0.964298E+00  0.141566E+00
  0.450529E+01  0.667025E+00  0.141127E+00
  0.450761E+01  0.616612E+00  0.140698E+00
  0.450993E+01  0.780165E+00  0.141552E+00
  0.451224E+01  0.654628E+00  0.141612E+00
  0.451456E+01  0.697355E+00  0.142324E+00
  0.451688E+01  0.582149E+00  0.140761E+00
  0.451920E+01  0.563471E+00  0.141656E+00
  0.452151E+01  0.683140E+00  0.142287E+00
  0.452383E+01  0.575372E+00  0.141370E+00
  0.452615E+01  0.421488E+00  0.141197E+00
  0.452846E+01  0.635455E+00  0.142079E+00
  0.453078E+01  0.415124E+00  0.141915E+00
  0.453310E+01  0.500579E+00  0.142243E+00
  0.453541E+01  0.574132E+00  0.141599E+00
  0.453773E+01  0.756033E+00  0.141365E+00
  0.454005E+01  0.621653E+00  0.142190E+00
  0.454237E+01  0.527190E+00  0.141702E+00
  0.454468E+01  0.537769E+00  0.140996E+00
  0.454700E+01  0.567190E+00  0.141450E+00
  0.454932E+01  0.707355E+00  0.142627E+00
  0.455163E+01  0.806777E+00  0.142703E+00
  0.455395E+01  0.624545E+00  0.142444E+00
  0.455627E+01  0.460909E+00  0.141941E+00
  0.455858E+01  0.597355E+00  0.142714E+00
  0.456090E+01  0.452810E+00  0.142588E+00
  0.456322E+01  0.501983E+00  0.142874E+00
  0.456554E+01  0.746942E+00  0.141897E+00
  0.456785E+01  0.596116E+00  0.142364E+00
  0.457017E+01  0.463802E+00  0.142675E+00
  0.457249E+01  0.866529E+00  0.143528E+00
  0.457480E+01  0.884298E+00  0.143326E+00
  0.457712E+01  0.813967E+00  0.143180E+00
  0.457944E+01  0.692066E+00  0.143802E+00
  0.458176E+01  0.637686E+00  0.143596E+00
  0.458407E+01  0.433058E+00  0.142911E+00
  0.458639E+01  0.439008E+00  0.143143E+00
  0.458871E+01  0.615372E+00  0.143333E+00
  0.459102E+01  0.609669E+00  0.143438E+00
  0.459334E+01  0.658595E+00  0.143848E+00
  0.459566E+01  0.653140E+00  0.142993E+00
  0.459797E+01  0.605620E+00  0.143657E+00
  0.460029E+01  0.707355E+00  0.143655E+00
  0.460261E+01  0.599752E+00  0.143448E+00
  0.460493E+01  0.835372E+00  0.143266E+00
  0.460724E+01  0.659256E+00  0.143721E+00
  0.460956E+01  0.683058E+00  0.143799E+00
  0.461188E+01  0.848678E+00  0.144288E+00
  0.461419E+01  0.687438E+00  0.143587E+00
  0.461651E+01  0.620661E+00  0.143941E+00
  0.461883E+01  0.540083E+00  0.143594E+00
  0.462114E+01  0.459917E+00  0.143760E+00
  0.462346E+01  0.388926E+00  0.143720E+00
  0.462578E+01  0.543058E+00  0.143940E+00
  0.462810E+01  0.566529E+00  0.144088E+00
  0.463041E+01  0.601570E+00  0.144483E+00
  0.463273E+01  0.659669E+00  0.143790E+00
  0.463505E+01  0.515455E+00  0.144201E+00
  0.463736E+01  0.633306E+00  0.143422E+00
  0.463968E+01  0.701983E+00  0.144523E+00
  0.464200E+01  0.761074E+00  0.145269E+00
  0.464431E+01  0.777355E+00  0.144916E+00
  0.464663E+01  0.709339E+00  0.145592E+00
  0.464895E+01  0.552562E+00  0.145262E+00
  0.465127E+01  0.723388E+00  0.144978E+00
  0.465358E+01  0.424711E+00  0.145055E+00
  0.465590E+01  0.630331E+00  0.145522E+00
  0.465822E+01  0.856198E+00  0.146278E+00
  0.466053E+01  0.785455E+00  0.146182E+00
  0.466285E+01  0.704959E+00  0.146050E+00
  0.466517E+01  0.497025E+00  0.146279E+00
  0.466748E+01  0.714711E+00  0.146362E+00
  0.466980E+01  0.719008E+00  0.146377E+00
  0.467212E+01  0.635702E+00  0.146348E+00
  0.467444E+01  0.735041E+00  0.146989E+00
  0.467675E+01  0.672975E+00  0.146670E+00
  0.467907E+01  0.541653E+00  0.146398E+00
  0.468139E+01  0.611240E+00  0.146357E+00
  0.468370E+01  0.616281E+00  0.147199E+00
  0.468602E+01  0.540331E+00  0.146791E+00
  0.468834E+01  0.509587E+00  0.147293E+00
  0.469066E+01  0.678926E+00  0.147511E+00
  0.469297E+01  0.437273E+00  0.146573E+00
  0.469529E+01  0.472231E+00  0.147474E+00
  0.469761E+01  0.366777E+00  0.147665E+00
  0.469992E+01  0.694463E+00  0.147974E+00
  0.470224E+01  0.607686E+00  0.148324E+00
  0.470456E+01  0.505207E+00  0.148449E+00
  0.470687E+01  0.807686E+00  0.148182E+00
  0.470919E+01  0.591157E+00  0.147591E+00
  0.471151E+01  0.574050E+00  0.148147E+00
  0.471383E+01  0.577603E+00  0.147819E+00
  0.471614E+01  0.569669E+00  0.148345E+00
  0.471846E+01  0.434959E+00  0.148194E+00
  0.472078E+01  0.733140E+00  0.149461E+00
  0.472309E+01  0.523884E+00  0.148257E+00
  0.472541E+01  0.375702E+00  0.148981E+00
  0.472773E+01  0.254793E+00  0.148580E+00
  0.473004E+01  0.443884E+00  0.149338E+00
  0.473236E+01  0.399917E+00  0.148885E+00
  0.473468E+01  0.253884E+00  0.149364E+00
  0.473700E+01  0.425041E+00  0.149191E+00
  0.473931E+01  0.526198E+00  0.149873E+00
  0.474163E+01  0.516777E+00  0.150206E+00
  0.474395E+01  0.328099E+00  0.150011E+00
  0.474626E+01  0.224380E+00  0.150406E+00
  0.474858E+01  0.372562E+00  0.150368E+00
  0.475090E+01  0.273306E+00  0.150278E+00
  0.475321E+01  0.352975E+00  0.150397E+00
  0.475553E+01  0.602562E+00  0.150903E+00
  0.475785E+01  0.876281E+00  0.151179E+00
  0.476017E+01  0.743719E+00  0.151446E+00
  0.476248E+01  0.663471E+00  0.151232E+00
  0.476480E+01  0.549008E+00  0.151728E+00
  0.476712E+01  0.800579E+00  0.152177E+00
  0.476943E+01  0.554132E+00  0.151884E+00
  0.477175E+01  0.778843E+00  0.152591E+00
  0.477407E+01  0.750992E+00  0.152320E+00
  0.477638E+01  0.785868E+00  0.152579E+00
  0.477870E+01  0.692975E+00  0.152712E+00
  0.478102E+01  0.523884E+00  0.152465E+00
  0.478334E+01  0.521240E+00  0.153347E+00
  0.478565E+01  0.561405E+00  0.153370E+00
  0.478797E+01  0.501488E+00  0.153312E+00
  0.479029E+01  0.664545E+00  0.153985E+00
  0.479260E+01  0.427934E+00  0.153917E+00
  0.479492E+01  0.536364E+00  0.153113E+00
  0.479724E+01  0.327603E+00  0.153932E+00
  0.479956E+01  0.664132E+00  0.155098E+00
  0.480187E+01  0.998182E+00  0.155017E+00
  0.480419E+01  0.650826E+00  0.154672E+00
  0.480651E+01  0.548926E+00  0.155202E+00
  0.480882E+01  0.586364E+00  0.154655E+00
  0.481114E+01  0.613223E+00  0.155341E+00
  0.481346E+01  0.717438E+00  0.156503E+00
  0.481577E+01  0.774628E+00  0.155602E+00
  0.481809E+01  0.874215E+00  0.155958E+00
  0.482041E+01  0.696281E+00  0.155019E+00
  0.482273E+01  0.470826E+00  0.154110E+00
  0.482504E+01  0.728760E+00  0.152870E+00
  0.482736E+01  0.745785E+00  0.152488E+00
  0.482968E+01  0.845289E+00  0.151616E+00
  0.483199E+01  0.750579E+00  0.151219E+00
  0.483431E+01  0.736033E+00  0.150537E+00
  0.483663E+01  0.825124E+00  0.150152E+00
  0.483894E+01  0.735207E+00  0.149415E+00
  0.484126E+01  0.748099E+00  0.149541E+00
  0.484358E+01  0.602975E+00  0.149829E+00
  0.484590E+01  0.505950E+00  0.150279E+00
  0.484821E+01  0.556281E+00  0.150239E+00
  0.485053E+01  0.524463E+00  0.149868E+00
  0.485285E+01  0.601488E+00  0.149414E+00
  0.485516E+01  0.429421E+00  0.150088E+00
  0.485748E+01  0.513140E+00  0.150541E+00
  0.485980E+01  0.770331E+00  0.151408E+00
  0.486211E+01  0.656777E+00  0.151263E+00
  0.486443E+01  0.832314E+00  0.151906E+00
  0.486675E+01  0.717934E+00  0.151200E+00
  0.486907E+01  0.592975E+00  0.151791E+00
  0.487138E+01  0.461653E+00  0.152165E+00
  0.487370E+01  0.647107E+00  0.152689E+00
  0.487602E+01  0.606942E+00  0.152813E+00
  0.487833E+01  0.448017E+00  0.152829E+00
  0.488065E+01  0.534959E+00  0.153163E+00
  0.488297E+01  0.253140E+00  0.153126E+00
  0.488528E+01  0.615868E+00  0.154596E+00
  0.488760E+01  0.768595E+00  0.154818E+00
  0.488992E+01  0.702314E+00  0.154498E+00
  0.489224E+01  0.937934E+00  0.155714E+00
  0.489455E+01  0.664959E+00  0.155742E+00
  0.489687E+01  0.670744E+00  0.155779E+00
  0.489919E+01  0.682479E+00  0.156166E+00
  0.490150E+01  0.644380E+00  0.156967E+00
  0.490382E+01  0.415620E+00  0.156328E+00
  0.490614E+01  0.441074E+00  0.156783E+00
  0.490846E+01  0.564959E+00  0.157782E+00
  0.491077E+01  0.270248E+00  0.157683E+00
  0.491309E+01  0.283719E+00  0.157967E+00
  0.491541E+01  0.280992E+00  0.158794E+00
  0.491772E+01  0.401240E+00  0.158706E+00
  0.492004E+01  0.367025E+00  0.159094E+00
  0.492236E+01  0.430661E+00  0.160292E+00
  0.492467E+01  0.180000E+00  0.160596E+00
  0.492699E+01  0.241653E+00  0.161254E+00
  0.492931E+01  0.158347E+00  0.162154E+00
  0.493163E+01  0.938017E-01  0.162621E+00
  0.493394E+01  0.579917E+00  0.164208E+00
  0.493626E+01  0.264050E+00  0.164534E+00
  0.493858E+01  0.361901E+00  0.165707E+00
  0.494089E+01  0.162893E+00  0.165938E+00
  0.494321E+01  0.171570E+00  0.166501E+00
  0.494553E+01  0.435041E+00  0.167854E+00
  0.494784E+01  0.414298E+00  0.168077E+00
  0.495016E+01  0.939669E+00  0.169365E+00
  0.495248E+01  0.818099E+00  0.170449E+00
  0.495480E+01  0.753471E+00  0.171399E+00
  0.495711E+01  0.743471E+00  0.172622E+00
  0.495943E+01  0.705620E+00  0.173129E+00
  0.496175E+01  0.316942E+00  0.173054E+00
  0.496406E+01  0.217355E+00  0.174546E+00
  0.496638E+01  0.122562E+00  0.175809E+00
  0.496870E+01  0.529752E-01  0.176667E+00
  0.497101E+01  0.117686E+00  0.177345E+00
  0.497333E+01  0.408430E+00  0.179380E+00
  0.497565E+01  0.554380E+00  0.180880E+00
  0.497797E+01  0.723967E+00  0.182106E+00
  0.498028E+01  0.735207E+00  0.182192E+00
  0.498260E+01  0.585537E+00  0.182641E+00
  0.498492E+01  0.571157E+00  0.183791E+00
  0.498723E+01  0.718182E+00  0.185403E+00
  0.498955E+01  0.603140E+00  0.186843E+00
  0.499187E+01  0.796612E+00  0.187629E+00
  0.499418E+01  0.777603E+00  0.188813E+00
  0.499650E+01  0.567521E+00  0.189622E+00
  0.499882E+01  0.605372E+00  0.191070E+00
  0.500114E+01  0.706942E+00  0.192397E+00
  0.500345E+01  0.807107E+00  0.193291E+00
  0.500577E+01  0.478678E+00  0.194037E+00
  0.500809E+01  0.663884E+00  0.196279E+00
  0.501040E+01  0.683884E+00  0.196688E+00
  0.501272E+01  0.734298E+00  0.198513E+00
  0.501504E+01  0.874876E+00  0.200530E+00
  0.501736E+01  0.745702E+00  0.201585E+00
  0.501967E+01  0.792727E+00  0.202905E+00
  0.502199E+01  0.892066E+00  0.203800E+00
  0.502431E+01  0.674545E+00  0.204085E+00
  0.502662E+01  0.790331E+00  0.205150E+00
  0.502894E+01  0.808760E+00  0.206446E+00
  0.503126E+01  0.685785E+00  0.208672E+00
  0.503357E+01  0.109099E+01  0.211001E+00
  0.503589E+01  0.783802E+00  0.210448E+00
  0.503821E+01  0.613140E+00  0.211885E+00
  0.504053E+01  0.768926E+00  0.213537E+00
  0.504284E+01  0.755124E+00  0.215323E+00
  0.504516E+01  0.111603E+01  0.217180E+00
  0.504748E+01  0.654793E+00  0.217972E+00
  0.504979E+01  0.841488E+00  0.218841E+00
  0.505211E+01  0.631983E+00  0.220367E+00
  0.505443E+01  0.443471E+00  0.221216E+00
----------C:\Users2007\Coll.0607\data\ron_006.dat-----------------------------
raw data file W:\data\Users2007\Coll.0607\ron_006.mar2300                       
Sample:     Repb (small bubble)     c=12.1  mg/ml Code : Repb                   
X33 MAR345 data take                                                            
Start: Sat Jun 16 11:21:24 2007End: 11:24:48                                    
Processed by MAR-PRIMUS: Sat Jun 16 11:25:05 2007                               
 Channels from 1  to         2518                                               
  Angular axis file saxis_20070308.dat                                          
 BeamCenter_X=    2227.900       BeamCenter_Y=    1174.600                      
 Datector response file none Mask file mask_20070608_active.msk                 
 Mask file (shielded)mask_20070308_shield.msk                                   
 MAR noise count:    10.62939                                                   
 Calibration channel            3                                               
 Scale factor   1000.00000000000       Offset    1000.00000000000               
----------C:\Users2007\Coll.0607\data\Avrag02.dat-----------------------------
 Average of: ron_005.da  ron_008.da                                             
ron_005.dat   Conc = .10E+01  Mult = .10E+01  N1 =    1  N2 = 2157  SCALE =  1  
ron_008.dat   Conc = .10E+01  Mult = .10E+01  N1 =    1  N2 = 2157  SCALE =  1  
