 19-May-2006       (cal_020.dat - 1.000 *Avrag06.dat) /  4.9170               
cal_020.dat   Conc = .49E+01  Mult = .10E+01  N1 =    1  N2 = 2135  SCALE =  1
 Avrag06.dat  Conc = .10E+01  Mult = .10E+01  N1 =    1  N2 = 2135  SCALE =  1
  0.810267E-01  0.538133E+03  0.221242E+02
  0.833113E-01  0.521171E+03  0.166572E+02
  0.855958E-01  0.476612E+03  0.142948E+02
  0.878804E-01  0.484401E+03  0.123696E+02
  0.901650E-01  0.474415E+03  0.113264E+02
  0.924495E-01  0.487879E+03  0.101949E+02
  0.947341E-01  0.460382E+03  0.900162E+01
  0.970186E-01  0.452430E+03  0.838873E+01
  0.993032E-01  0.429327E+03  0.780845E+01
  0.101588E+00  0.418121E+03  0.731386E+01
  0.103872E+00  0.403152E+03  0.680985E+01
  0.106157E+00  0.416128E+03  0.626524E+01
  0.108441E+00  0.407566E+03  0.601116E+01
  0.110726E+00  0.396827E+03  0.563216E+01
  0.113011E+00  0.410759E+03  0.530395E+01
  0.115295E+00  0.395221E+03  0.493590E+01
  0.117580E+00  0.395505E+03  0.475607E+01
  0.119864E+00  0.394550E+03  0.469622E+01
  0.122149E+00  0.396116E+03  0.418418E+01
  0.124433E+00  0.399878E+03  0.415298E+01
  0.126718E+00  0.392772E+03  0.388814E+01
  0.129002E+00  0.392123E+03  0.372746E+01
  0.131287E+00  0.387818E+03  0.365080E+01
  0.133572E+00  0.377161E+03  0.335646E+01
  0.135856E+00  0.376225E+03  0.336251E+01
  0.138141E+00  0.376909E+03  0.313293E+01
  0.140425E+00  0.383958E+03  0.308904E+01
  0.142710E+00  0.379239E+03  0.294130E+01
  0.144994E+00  0.369353E+03  0.279982E+01
  0.147279E+00  0.371452E+03  0.282105E+01
  0.149564E+00  0.371129E+03  0.260603E+01
  0.151848E+00  0.367171E+03  0.257711E+01
  0.154133E+00  0.363209E+03  0.244704E+01
  0.156417E+00  0.363880E+03  0.237426E+01
  0.158702E+00  0.359060E+03  0.236423E+01
  0.160986E+00  0.359245E+03  0.221143E+01
  0.163271E+00  0.352479E+03  0.219787E+01
  0.165555E+00  0.354025E+03  0.209921E+01
  0.167840E+00  0.358873E+03  0.207302E+01
  0.170125E+00  0.353466E+03  0.200973E+01
  0.172409E+00  0.347570E+03  0.189690E+01
  0.174694E+00  0.347559E+03  0.193767E+01
  0.176978E+00  0.347842E+03  0.183378E+01
  0.179263E+00  0.347547E+03  0.182828E+01
  0.181547E+00  0.344281E+03  0.174476E+01
  0.183832E+00  0.345135E+03  0.170308E+01
  0.186116E+00  0.339681E+03  0.169916E+01
  0.188401E+00  0.337014E+03  0.162219E+01
  0.190686E+00  0.334389E+03  0.161546E+01
  0.192970E+00  0.334356E+03  0.155001E+01
  0.195255E+00  0.333400E+03  0.151879E+01
  0.197539E+00  0.330063E+03  0.151216E+01
  0.199824E+00  0.330779E+03  0.144857E+01
  0.202108E+00  0.328869E+03  0.145955E+01
  0.204393E+00  0.327511E+03  0.139035E+01
  0.206677E+00  0.322914E+03  0.139643E+01
  0.208962E+00  0.324228E+03  0.136052E+01
  0.211247E+00  0.319136E+03  0.131375E+01
  0.213531E+00  0.317627E+03  0.132389E+01
  0.215816E+00  0.318408E+03  0.127466E+01
  0.218100E+00  0.317944E+03  0.126502E+01
  0.220385E+00  0.314283E+03  0.123607E+01
  0.222669E+00  0.313339E+03  0.121296E+01
  0.224954E+00  0.311291E+03  0.120148E+01
  0.227239E+00  0.309485E+03  0.117102E+01
  0.229523E+00  0.310980E+03  0.116331E+01
  0.231808E+00  0.306014E+03  0.113243E+01
  0.234092E+00  0.303848E+03  0.112543E+01
  0.236377E+00  0.301723E+03  0.110390E+01
  0.238661E+00  0.301350E+03  0.107148E+01
  0.240946E+00  0.305007E+03  0.108975E+01
  0.243230E+00  0.300632E+03  0.104491E+01
  0.245515E+00  0.296756E+03  0.104906E+01
  0.247800E+00  0.296154E+03  0.102607E+01
  0.250084E+00  0.295284E+03  0.999261E+00
  0.252369E+00  0.292205E+03  0.100711E+01
  0.254653E+00  0.291723E+03  0.980062E+00
  0.256938E+00  0.290010E+03  0.988066E+00
  0.259222E+00  0.287364E+03  0.949172E+00
  0.261507E+00  0.285377E+03  0.952145E+00
  0.263791E+00  0.286347E+03  0.937451E+00
  0.266076E+00  0.284987E+03  0.910297E+00
  0.268361E+00  0.285664E+03  0.928690E+00
  0.270645E+00  0.282711E+03  0.898735E+00
  0.272930E+00  0.279844E+03  0.892846E+00
  0.275214E+00  0.277642E+03  0.892174E+00
  0.277499E+00  0.278739E+03  0.864520E+00
  0.279783E+00  0.277328E+03  0.873434E+00
  0.282068E+00  0.274838E+03  0.843928E+00
  0.284353E+00  0.271598E+03  0.851254E+00
  0.286637E+00  0.269890E+03  0.824847E+00
  0.288922E+00  0.267978E+03  0.822430E+00
  0.291206E+00  0.267363E+03  0.822018E+00
  0.293491E+00  0.266506E+03  0.806781E+00
  0.295775E+00  0.264998E+03  0.804322E+00
  0.298060E+00  0.261977E+03  0.787162E+00
  0.300344E+00  0.260415E+03  0.783126E+00
  0.302629E+00  0.260741E+03  0.784958E+00
  0.304914E+00  0.258389E+03  0.768157E+00
  0.307198E+00  0.256637E+03  0.761210E+00
  0.309483E+00  0.255539E+03  0.748077E+00
  0.311767E+00  0.254380E+03  0.748182E+00
  0.314052E+00  0.250611E+03  0.742813E+00
  0.316336E+00  0.249429E+03  0.728981E+00
  0.318621E+00  0.248670E+03  0.731892E+00
  0.320905E+00  0.247981E+03  0.712168E+00
  0.323190E+00  0.245772E+03  0.722038E+00
  0.325475E+00  0.243920E+03  0.701980E+00
  0.327759E+00  0.241970E+03  0.697517E+00
  0.330044E+00  0.240354E+03  0.698494E+00
  0.332328E+00  0.237526E+03  0.688905E+00
  0.334613E+00  0.236837E+03  0.684659E+00
  0.336897E+00  0.235798E+03  0.667902E+00
  0.339182E+00  0.233904E+03  0.670594E+00
  0.341467E+00  0.233766E+03  0.670673E+00
  0.343751E+00  0.230841E+03  0.656776E+00
  0.346036E+00  0.231278E+03  0.661593E+00
  0.348320E+00  0.229035E+03  0.646742E+00
  0.350605E+00  0.227473E+03  0.645172E+00
  0.352889E+00  0.226001E+03  0.636290E+00
  0.355174E+00  0.224538E+03  0.633661E+00
  0.357458E+00  0.223267E+03  0.630580E+00
  0.359743E+00  0.222821E+03  0.622254E+00
  0.362028E+00  0.219439E+03  0.624859E+00
  0.364312E+00  0.217448E+03  0.612113E+00
  0.366597E+00  0.216609E+03  0.607192E+00
  0.368881E+00  0.213876E+03  0.607577E+00
  0.371166E+00  0.212357E+03  0.601412E+00
  0.373450E+00  0.211253E+03  0.598557E+00
  0.375735E+00  0.209770E+03  0.585858E+00
  0.378019E+00  0.208756E+03  0.589106E+00
  0.380304E+00  0.206092E+03  0.580695E+00
  0.382589E+00  0.204295E+03  0.579472E+00
  0.384873E+00  0.203056E+03  0.572261E+00
  0.387158E+00  0.202412E+03  0.568436E+00
  0.389442E+00  0.200190E+03  0.570096E+00
  0.391727E+00  0.200073E+03  0.560754E+00
  0.394011E+00  0.196547E+03  0.555488E+00
  0.396296E+00  0.195538E+03  0.555826E+00
  0.398580E+00  0.193899E+03  0.546045E+00
  0.400865E+00  0.191727E+03  0.552165E+00
  0.403150E+00  0.191989E+03  0.537288E+00
  0.405434E+00  0.189168E+03  0.540007E+00
  0.407719E+00  0.188077E+03  0.534612E+00
  0.410003E+00  0.187724E+03  0.532191E+00
  0.412288E+00  0.185047E+03  0.531321E+00
  0.414572E+00  0.184476E+03  0.518761E+00
  0.416857E+00  0.183038E+03  0.527138E+00
  0.419142E+00  0.180048E+03  0.515456E+00
  0.421426E+00  0.178367E+03  0.511653E+00
  0.423711E+00  0.177587E+03  0.512050E+00
  0.425995E+00  0.176008E+03  0.503854E+00
  0.428280E+00  0.174873E+03  0.507845E+00
  0.430564E+00  0.172972E+03  0.499886E+00
  0.432849E+00  0.171541E+03  0.494936E+00
  0.435133E+00  0.171104E+03  0.496635E+00
  0.437418E+00  0.170599E+03  0.488971E+00
  0.439703E+00  0.168517E+03  0.493584E+00
  0.441987E+00  0.166104E+03  0.480119E+00
  0.444272E+00  0.165127E+03  0.484238E+00
  0.446556E+00  0.163213E+03  0.477546E+00
  0.448841E+00  0.162402E+03  0.476536E+00
  0.451125E+00  0.161184E+03  0.471824E+00
  0.453410E+00  0.159131E+03  0.466786E+00
  0.455694E+00  0.157099E+03  0.469680E+00
  0.457979E+00  0.155475E+03  0.462420E+00
  0.460264E+00  0.154150E+03  0.462307E+00
  0.462548E+00  0.153242E+03  0.457382E+00
  0.464833E+00  0.152521E+03  0.453338E+00
  0.467117E+00  0.151068E+03  0.456350E+00
  0.469402E+00  0.149505E+03  0.447551E+00
  0.471686E+00  0.148224E+03  0.449247E+00
  0.473971E+00  0.145679E+03  0.441758E+00
  0.476256E+00  0.143882E+03  0.436416E+00
  0.478540E+00  0.143991E+03  0.442843E+00
  0.480825E+00  0.141648E+03  0.433050E+00
  0.483109E+00  0.141044E+03  0.435715E+00
  0.485394E+00  0.139769E+03  0.429206E+00
  0.487678E+00  0.138107E+03  0.429313E+00
  0.489963E+00  0.137364E+03  0.425303E+00
  0.492247E+00  0.136743E+03  0.419082E+00
  0.494532E+00  0.134800E+03  0.424955E+00
  0.496817E+00  0.132987E+03  0.414703E+00
  0.499101E+00  0.132165E+03  0.417012E+00
  0.501386E+00  0.131417E+03  0.415638E+00
  0.503670E+00  0.129553E+03  0.407114E+00
  0.505955E+00  0.128309E+03  0.412400E+00
  0.508239E+00  0.126683E+03  0.401895E+00
  0.510524E+00  0.124883E+03  0.404701E+00
  0.512808E+00  0.124447E+03  0.403050E+00
  0.515093E+00  0.123234E+03  0.398603E+00
  0.517378E+00  0.121259E+03  0.398742E+00
  0.519662E+00  0.120391E+03  0.390671E+00
  0.521947E+00  0.119554E+03  0.394294E+00
  0.524231E+00  0.117916E+03  0.388402E+00
  0.526516E+00  0.117003E+03  0.390183E+00
  0.528800E+00  0.115597E+03  0.386964E+00
  0.531085E+00  0.114226E+03  0.379867E+00
  0.533369E+00  0.112912E+03  0.382566E+00
  0.535654E+00  0.111511E+03  0.378077E+00
  0.537939E+00  0.110004E+03  0.377810E+00
  0.540223E+00  0.109171E+03  0.374438E+00
  0.542508E+00  0.108205E+03  0.371887E+00
  0.544792E+00  0.107012E+03  0.371340E+00
  0.547077E+00  0.106591E+03  0.366913E+00
  0.549361E+00  0.105983E+03  0.368518E+00
  0.551646E+00  0.103498E+03  0.364094E+00
  0.553931E+00  0.102296E+03  0.363317E+00
  0.556215E+00  0.102215E+03  0.362249E+00
  0.558500E+00  0.100398E+03  0.359067E+00
  0.560784E+00  0.989144E+02  0.356682E+00
  0.563069E+00  0.993606E+02  0.352828E+00
  0.565353E+00  0.977080E+02  0.355059E+00
  0.567638E+00  0.970466E+02  0.351747E+00
  0.569922E+00  0.956768E+02  0.349494E+00
  0.572207E+00  0.946815E+02  0.349109E+00
  0.574492E+00  0.928523E+02  0.344355E+00
  0.576776E+00  0.921302E+02  0.344751E+00
  0.579061E+00  0.913093E+02  0.341867E+00
  0.581345E+00  0.901332E+02  0.339863E+00
  0.583630E+00  0.887936E+02  0.338945E+00
  0.585914E+00  0.874698E+02  0.334446E+00
  0.588199E+00  0.865910E+02  0.335487E+00
  0.590483E+00  0.866236E+02  0.332573E+00
  0.592768E+00  0.857954E+02  0.332168E+00
  0.595053E+00  0.846083E+02  0.331062E+00
  0.597337E+00  0.829268E+02  0.326579E+00
  0.599622E+00  0.818731E+02  0.328964E+00
  0.601906E+00  0.810905E+02  0.321569E+00
  0.604191E+00  0.796978E+02  0.324302E+00
  0.606475E+00  0.792613E+02  0.319962E+00
  0.608760E+00  0.784930E+02  0.319830E+00
  0.611045E+00  0.775625E+02  0.319048E+00
  0.613329E+00  0.758082E+02  0.314812E+00
  0.615614E+00  0.743067E+02  0.315391E+00
  0.617898E+00  0.734556E+02  0.309342E+00
  0.620183E+00  0.725265E+02  0.312517E+00
  0.622467E+00  0.725284E+02  0.311461E+00
  0.624752E+00  0.723205E+02  0.307596E+00
  0.627036E+00  0.707812E+02  0.310385E+00
  0.629321E+00  0.690287E+02  0.302383E+00
  0.631606E+00  0.683624E+02  0.305098E+00
  0.633890E+00  0.684869E+02  0.303501E+00
  0.636175E+00  0.675436E+02  0.300104E+00
  0.638459E+00  0.666915E+02  0.301857E+00
  0.640744E+00  0.661062E+02  0.295603E+00
  0.643028E+00  0.661944E+02  0.299559E+00
  0.645313E+00  0.643494E+02  0.294768E+00
  0.647597E+00  0.630045E+02  0.293945E+00
  0.649882E+00  0.624324E+02  0.293091E+00
  0.652167E+00  0.610486E+02  0.289604E+00
  0.654451E+00  0.606085E+02  0.290614E+00
  0.656736E+00  0.605129E+02  0.287652E+00
  0.659020E+00  0.595215E+02  0.286511E+00
  0.661305E+00  0.590305E+02  0.287908E+00
  0.663589E+00  0.582221E+02  0.282834E+00
  0.665874E+00  0.570618E+02  0.285167E+00
  0.668159E+00  0.562436E+02  0.279921E+00
  0.670443E+00  0.558934E+02  0.281057E+00
  0.672728E+00  0.551635E+02  0.279447E+00
  0.675012E+00  0.544175E+02  0.276638E+00
  0.677297E+00  0.538222E+02  0.278100E+00
  0.679581E+00  0.529105E+02  0.274330E+00
  0.681866E+00  0.527344E+02  0.275532E+00
  0.684150E+00  0.523665E+02  0.273537E+00
  0.686435E+00  0.510966E+02  0.270939E+00
  0.688720E+00  0.499567E+02  0.271720E+00
  0.691004E+00  0.495032E+02  0.268708E+00
  0.693289E+00  0.485731E+02  0.268412E+00
  0.695573E+00  0.488269E+02  0.265893E+00
  0.697858E+00  0.484916E+02  0.266983E+00
  0.700142E+00  0.477391E+02  0.265571E+00
  0.702427E+00  0.465961E+02  0.262785E+00
  0.704711E+00  0.455697E+02  0.261256E+00
  0.706996E+00  0.456705E+02  0.261021E+00
  0.709281E+00  0.447525E+02  0.261588E+00
  0.711565E+00  0.442166E+02  0.258042E+00
  0.713850E+00  0.441198E+02  0.257600E+00
  0.716134E+00  0.427940E+02  0.257198E+00
  0.718419E+00  0.425841E+02  0.255655E+00
  0.720703E+00  0.422142E+02  0.257129E+00
  0.722988E+00  0.416079E+02  0.251349E+00
  0.725272E+00  0.411588E+02  0.254376E+00
  0.727557E+00  0.399614E+02  0.250757E+00
  0.729842E+00  0.398326E+02  0.250605E+00
  0.732126E+00  0.392770E+02  0.250524E+00
  0.734411E+00  0.384848E+02  0.245827E+00
  0.736695E+00  0.380449E+02  0.248790E+00
  0.738980E+00  0.372821E+02  0.246369E+00
  0.741264E+00  0.369819E+02  0.246209E+00
  0.743549E+00  0.364541E+02  0.244934E+00
  0.745834E+00  0.358487E+02  0.241755E+00
  0.748118E+00  0.355550E+02  0.243733E+00
  0.750403E+00  0.350492E+02  0.240301E+00
  0.752687E+00  0.350043E+02  0.240810E+00
  0.754972E+00  0.345200E+02  0.240935E+00
  0.757256E+00  0.340531E+02  0.237746E+00
  0.759541E+00  0.337232E+02  0.240223E+00
  0.761825E+00  0.329349E+02  0.236138E+00
  0.764110E+00  0.325398E+02  0.237229E+00
  0.766395E+00  0.321979E+02  0.235508E+00
  0.768679E+00  0.317623E+02  0.234873E+00
  0.770964E+00  0.312046E+02  0.233432E+00
  0.773248E+00  0.306030E+02  0.230993E+00
  0.775533E+00  0.301578E+02  0.232971E+00
  0.777817E+00  0.298182E+02  0.230115E+00
  0.780102E+00  0.298184E+02  0.230702E+00
  0.782386E+00  0.293207E+02  0.230193E+00
  0.784671E+00  0.295821E+02  0.228174E+00
  0.786956E+00  0.293032E+02  0.229939E+00
  0.789240E+00  0.281515E+02  0.224975E+00
  0.791525E+00  0.272432E+02  0.225634E+00
  0.793809E+00  0.269404E+02  0.225191E+00
  0.796094E+00  0.267828E+02  0.224176E+00
  0.798378E+00  0.263291E+02  0.224295E+00
  0.800663E+00  0.267358E+02  0.222075E+00
  0.802948E+00  0.264023E+02  0.223192E+00
  0.805232E+00  0.258975E+02  0.221041E+00
  0.807517E+00  0.250962E+02  0.220765E+00
  0.809801E+00  0.248918E+02  0.220033E+00
  0.812086E+00  0.245194E+02  0.217552E+00
  0.814370E+00  0.246101E+02  0.218925E+00
  0.816655E+00  0.241005E+02  0.217673E+00
  0.818939E+00  0.241991E+02  0.216729E+00
  0.821224E+00  0.241013E+02  0.216357E+00
  0.823509E+00  0.232729E+02  0.215370E+00
  0.825793E+00  0.226589E+02  0.216013E+00
  0.828078E+00  0.223278E+02  0.212622E+00
  0.830362E+00  0.219443E+02  0.213307E+00
  0.832647E+00  0.217492E+02  0.212731E+00
  0.834931E+00  0.214074E+02  0.211293E+00
  0.837216E+00  0.210120E+02  0.212058E+00
  0.839500E+00  0.207887E+02  0.209855E+00
  0.841785E+00  0.203236E+02  0.209809E+00
  0.844070E+00  0.201291E+02  0.207756E+00
  0.846354E+00  0.197936E+02  0.208824E+00
  0.848639E+00  0.199809E+02  0.208579E+00
  0.850923E+00  0.197448E+02  0.207258E+00
  0.853208E+00  0.193185E+02  0.207567E+00
  0.855492E+00  0.190386E+02  0.205523E+00
  0.857777E+00  0.189671E+02  0.205700E+00
  0.860061E+00  0.188359E+02  0.204483E+00
  0.862346E+00  0.184527E+02  0.204158E+00
  0.864631E+00  0.182955E+02  0.204708E+00
  0.866915E+00  0.182994E+02  0.202089E+00
  0.869200E+00  0.179447E+02  0.203476E+00
  0.871484E+00  0.177816E+02  0.201198E+00
  0.873769E+00  0.171767E+02  0.201726E+00
  0.876053E+00  0.173293E+02  0.201788E+00
  0.878338E+00  0.169935E+02  0.199050E+00
  0.880623E+00  0.163996E+02  0.200877E+00
  0.882907E+00  0.165129E+02  0.197570E+00
  0.885192E+00  0.164324E+02  0.198891E+00
  0.887476E+00  0.161696E+02  0.197612E+00
  0.889761E+00  0.159695E+02  0.196762E+00
  0.892045E+00  0.154175E+02  0.197547E+00
  0.894330E+00  0.151149E+02  0.195644E+00
  0.896614E+00  0.152717E+02  0.196016E+00
  0.898899E+00  0.152565E+02  0.194597E+00
  0.901184E+00  0.149160E+02  0.194621E+00
  0.903468E+00  0.148709E+02  0.195530E+00
  0.905753E+00  0.146640E+02  0.192911E+00
  0.908037E+00  0.149325E+02  0.193867E+00
  0.910322E+00  0.149363E+02  0.192809E+00
  0.912606E+00  0.143854E+02  0.192424E+00
  0.914891E+00  0.146439E+02  0.192732E+00
  0.917175E+00  0.144100E+02  0.191584E+00
  0.919460E+00  0.139953E+02  0.192390E+00
  0.921745E+00  0.138587E+02  0.190107E+00
  0.924029E+00  0.134814E+02  0.191470E+00
  0.926314E+00  0.128672E+02  0.189896E+00
  0.928598E+00  0.129776E+02  0.188730E+00
  0.930883E+00  0.130250E+02  0.189722E+00
  0.933167E+00  0.126870E+02  0.189169E+00
  0.935452E+00  0.127537E+02  0.188272E+00
  0.937737E+00  0.126622E+02  0.187933E+00
  0.940021E+00  0.125705E+02  0.187904E+00
  0.942306E+00  0.120083E+02  0.187712E+00
  0.944590E+00  0.123000E+02  0.186293E+00
  0.946875E+00  0.122113E+02  0.188057E+00
  0.949159E+00  0.121051E+02  0.185430E+00
  0.951444E+00  0.118902E+02  0.186787E+00
  0.953728E+00  0.117202E+02  0.185665E+00
  0.956013E+00  0.115463E+02  0.184326E+00
  0.958298E+00  0.114055E+02  0.186022E+00
  0.960582E+00  0.113280E+02  0.183723E+00
  0.962867E+00  0.115432E+02  0.185204E+00
  0.965151E+00  0.110358E+02  0.183379E+00
  0.967436E+00  0.112536E+02  0.183798E+00
  0.969720E+00  0.112363E+02  0.183743E+00
  0.972005E+00  0.109111E+02  0.182915E+00
  0.974289E+00  0.105965E+02  0.183437E+00
  0.976574E+00  0.104352E+02  0.181340E+00
  0.978859E+00  0.109180E+02  0.182795E+00
  0.981143E+00  0.103348E+02  0.182072E+00
  0.983428E+00  0.997478E+01  0.179997E+00
  0.985712E+00  0.966890E+01  0.181704E+00
  0.987997E+00  0.999268E+01  0.180083E+00
  0.990281E+00  0.997804E+01  0.181315E+00
  0.992566E+00  0.103134E+02  0.179552E+00
  0.994851E+00  0.100220E+02  0.179649E+00
  0.997135E+00  0.972056E+01  0.180004E+00
  0.999420E+00  0.100763E+02  0.179313E+00
  0.100170E+01  0.993777E+01  0.179748E+00
  0.100399E+01  0.997498E+01  0.178404E+00
  0.100627E+01  0.964043E+01  0.178458E+00
  0.100856E+01  0.932886E+01  0.178385E+00
  0.101084E+01  0.953162E+01  0.177925E+00
  0.101313E+01  0.917348E+01  0.178310E+00
  0.101541E+01  0.918141E+01  0.176453E+00
  0.101770E+01  0.909010E+01  0.177601E+00
  0.101998E+01  0.843624E+01  0.176919E+00
  0.102227E+01  0.880415E+01  0.176051E+00
  0.102455E+01  0.885479E+01  0.176049E+00
  0.102683E+01  0.906671E+01  0.175478E+00
  0.102912E+01  0.924222E+01  0.176563E+00
  0.103140E+01  0.958064E+01  0.175324E+00
  0.103369E+01  0.909986E+01  0.175635E+00
  0.103597E+01  0.877181E+01  0.175765E+00
  0.103826E+01  0.892597E+01  0.173840E+00
  0.104054E+01  0.882184E+01  0.175670E+00
  0.104283E+01  0.859996E+01  0.173216E+00
  0.104511E+01  0.884828E+01  0.174633E+00
  0.104740E+01  0.917755E+01  0.173562E+00
  0.104968E+01  0.947265E+01  0.173977E+00
  0.105196E+01  0.909132E+01  0.174383E+00
  0.105425E+01  0.847122E+01  0.171885E+00
  0.105653E+01  0.822412E+01  0.173192E+00
  0.105882E+01  0.822534E+01  0.172513E+00
  0.106110E+01  0.791255E+01  0.171850E+00
  0.106339E+01  0.792109E+01  0.172245E+00
  0.106567E+01  0.807240E+01  0.171215E+00
  0.106796E+01  0.806976E+01  0.172508E+00
  0.107024E+01  0.795241E+01  0.170591E+00
  0.107253E+01  0.812243E+01  0.171078E+00
  0.107481E+01  0.749258E+01  0.170845E+00
  0.107709E+01  0.777812E+01  0.170218E+00
  0.107938E+01  0.766423E+01  0.171255E+00
  0.108166E+01  0.736181E+01  0.168718E+00
  0.108395E+01  0.752512E+01  0.170220E+00
  0.108623E+01  0.726317E+01  0.169653E+00
  0.108852E+01  0.734432E+01  0.169490E+00
  0.109080E+01  0.728066E+01  0.169874E+00
  0.109309E+01  0.736099E+01  0.168149E+00
  0.109537E+01  0.745414E+01  0.169351E+00
  0.109766E+01  0.773887E+01  0.168205E+00
  0.109994E+01  0.764511E+01  0.168187E+00
  0.110222E+01  0.753040E+01  0.168712E+00
  0.110451E+01  0.713057E+01  0.167465E+00
  0.110679E+01  0.725056E+01  0.169121E+00
  0.110908E+01  0.715884E+01  0.166361E+00
  0.111136E+01  0.734126E+01  0.167666E+00
  0.111365E+01  0.719524E+01  0.167178E+00
  0.111593E+01  0.732337E+01  0.166443E+00
  0.111822E+01  0.684686E+01  0.167340E+00
  0.112050E+01  0.712975E+01  0.165535E+00
  0.112279E+01  0.718548E+01  0.165993E+00
  0.112507E+01  0.720256E+01  0.165593E+00
  0.112735E+01  0.697458E+01  0.165955E+00
  0.112964E+01  0.664226E+01  0.166185E+00
  0.113192E+01  0.696278E+01  0.165121E+00
  0.113421E+01  0.672198E+01  0.166086E+00
  0.113649E+01  0.679296E+01  0.164510E+00
  0.113878E+01  0.690380E+01  0.164389E+00
  0.114106E+01  0.678361E+01  0.165037E+00
  0.114335E+01  0.675005E+01  0.164099E+00
  0.114563E+01  0.653142E+01  0.164820E+00
  0.114792E+01  0.620378E+01  0.163151E+00
  0.115020E+01  0.639170E+01  0.163644E+00
  0.115249E+01  0.664491E+01  0.163483E+00
  0.115477E+01  0.671487E+01  0.163676E+00
  0.115705E+01  0.631239E+01  0.163245E+00
  0.115934E+01  0.632377E+01  0.162254E+00
  0.116162E+01  0.645780E+01  0.163585E+00
  0.116391E+01  0.637136E+01  0.162477E+00
  0.116619E+01  0.620866E+01  0.163223E+00
  0.116848E+01  0.643116E+01  0.161720E+00
  0.117076E+01  0.637625E+01  0.162149E+00
  0.117305E+01  0.648139E+01  0.162874E+00
  0.117533E+01  0.649969E+01  0.161715E+00
  0.117762E+01  0.630120E+01  0.162247E+00
  0.117990E+01  0.625259E+01  0.161135E+00
  0.118218E+01  0.624751E+01  0.160892E+00
  0.118447E+01  0.602705E+01  0.161799E+00
  0.118675E+01  0.612569E+01  0.159978E+00
  0.118904E+01  0.616779E+01  0.161234E+00
  0.119132E+01  0.631666E+01  0.160068E+00
  0.119361E+01  0.591133E+01  0.160661E+00
  0.119589E+01  0.582998E+01  0.160653E+00
  0.119818E+01  0.568721E+01  0.159057E+00
  0.120046E+01  0.579337E+01  0.160647E+00
  0.120275E+01  0.583018E+01  0.159152E+00
  0.120503E+01  0.587492E+01  0.160129E+00
  0.120731E+01  0.602766E+01  0.159344E+00
  0.120960E+01  0.598129E+01  0.158396E+00
  0.121188E+01  0.611775E+01  0.159487E+00
  0.121417E+01  0.577080E+01  0.158525E+00
  0.121645E+01  0.583344E+01  0.159440E+00
  0.121874E+01  0.580862E+01  0.158618E+00
  0.122102E+01  0.574822E+01  0.157617E+00
  0.122331E+01  0.595770E+01  0.158744E+00
  0.122559E+01  0.532601E+01  0.156952E+00
  0.122788E+01  0.525524E+01  0.158569E+00
  0.123016E+01  0.562823E+01  0.156823E+00
  0.123244E+01  0.544356E+01  0.157549E+00
  0.123473E+01  0.561521E+01  0.157169E+00
  0.123701E+01  0.536099E+01  0.156381E+00
  0.123930E+01  0.536120E+01  0.157542E+00
  0.124158E+01  0.526398E+01  0.156598E+00
  0.124387E+01  0.523409E+01  0.156917E+00
  0.124615E+01  0.523368E+01  0.156053E+00
  0.124844E+01  0.515416E+01  0.156132E+00
  0.125072E+01  0.511145E+01  0.156086E+00
  0.125301E+01  0.507383E+01  0.155302E+00
  0.125529E+01  0.510026E+01  0.155851E+00
  0.125757E+01  0.534086E+01  0.155305E+00
  0.125986E+01  0.546248E+01  0.155690E+00
  0.126214E+01  0.553895E+01  0.155956E+00
  0.126443E+01  0.509132E+01  0.154512E+00
  0.126671E+01  0.532764E+01  0.155122E+00
  0.126900E+01  0.487858E+01  0.154666E+00
  0.127128E+01  0.485154E+01  0.155439E+00
  0.127357E+01  0.498536E+01  0.154729E+00
  0.127585E+01  0.481432E+01  0.154027E+00
  0.127814E+01  0.508582E+01  0.154316E+00
  0.128042E+01  0.491804E+01  0.153526E+00
  0.128270E+01  0.490685E+01  0.154625E+00
  0.128499E+01  0.479866E+01  0.153577E+00
  0.128727E+01  0.461704E+01  0.153651E+00
  0.128956E+01  0.465914E+01  0.153849E+00
  0.129184E+01  0.497356E+01  0.152759E+00
  0.129413E+01  0.480720E+01  0.153532E+00
  0.129641E+01  0.475107E+01  0.153003E+00
  0.129870E+01  0.478707E+01  0.152879E+00
  0.130098E+01  0.479520E+01  0.153041E+00
  0.130327E+01  0.474192E+01  0.152113E+00
  0.130555E+01  0.452451E+01  0.152804E+00
  0.130784E+01  0.473561E+01  0.151700E+00
  0.131012E+01  0.439577E+01  0.152574E+00
  0.131240E+01  0.441794E+01  0.151899E+00
  0.131469E+01  0.484482E+01  0.152103E+00
  0.131697E+01  0.510596E+01  0.152520E+00
  0.131926E+01  0.486170E+01  0.151429E+00
  0.132154E+01  0.439984E+01  0.151941E+00
  0.132383E+01  0.435937E+01  0.150362E+00
  0.132611E+01  0.430303E+01  0.151728E+00
  0.132840E+01  0.414135E+01  0.151085E+00
  0.133068E+01  0.436303E+01  0.150610E+00
  0.133297E+01  0.426947E+01  0.151211E+00
  0.133525E+01  0.441041E+01  0.149963E+00
  0.133753E+01  0.387980E+01  0.151023E+00
  0.133982E+01  0.410189E+01  0.150508E+00
  0.134210E+01  0.392617E+01  0.149316E+00
  0.134439E+01  0.421110E+01  0.150212E+00
  0.134667E+01  0.404088E+01  0.149186E+00
  0.134896E+01  0.428147E+01  0.150708E+00
  0.135124E+01  0.414297E+01  0.149066E+00
  0.135353E+01  0.386699E+01  0.149034E+00
  0.135581E+01  0.415680E+01  0.149751E+00
  0.135810E+01  0.416087E+01  0.149193E+00
  0.136038E+01  0.409945E+01  0.149513E+00
  0.136266E+01  0.440431E+01  0.148566E+00
  0.136495E+01  0.390462E+01  0.149203E+00
  0.136723E+01  0.350234E+01  0.148715E+00
  0.136952E+01  0.355196E+01  0.147938E+00
  0.137180E+01  0.349949E+01  0.148760E+00
  0.137409E+01  0.382550E+01  0.148053E+00
  0.137637E+01  0.355095E+01  0.148291E+00
  0.137866E+01  0.359020E+01  0.148025E+00
  0.138094E+01  0.366585E+01  0.147738E+00
  0.138323E+01  0.365040E+01  0.148344E+00
  0.138551E+01  0.355989E+01  0.147414E+00
  0.138779E+01  0.358654E+01  0.148192E+00
  0.139008E+01  0.355217E+01  0.146658E+00
  0.139236E+01  0.360870E+01  0.147330E+00
  0.139465E+01  0.351088E+01  0.147192E+00
  0.139693E+01  0.366972E+01  0.147191E+00
  0.139922E+01  0.363555E+01  0.147217E+00
  0.140150E+01  0.375981E+01  0.146093E+00
  0.140379E+01  0.376774E+01  0.146705E+00
  0.140607E+01  0.367114E+01  0.146623E+00
  0.140836E+01  0.356152E+01  0.145955E+00
  0.141064E+01  0.350153E+01  0.146433E+00
  0.141292E+01  0.372748E+01  0.146118E+00
  0.141521E+01  0.325585E+01  0.146575E+00
  0.141749E+01  0.330242E+01  0.145438E+00
  0.141978E+01  0.333598E+01  0.145585E+00
  0.142206E+01  0.318589E+01  0.145765E+00
  0.142435E+01  0.331808E+01  0.144759E+00
  0.142663E+01  0.313525E+01  0.146553E+00
  0.142892E+01  0.317267E+01  0.144390E+00
  0.143120E+01  0.310942E+01  0.145682E+00
  0.143349E+01  0.322778E+01  0.145066E+00
  0.143577E+01  0.305491E+01  0.144614E+00
  0.143806E+01  0.325015E+01  0.145396E+00
  0.144034E+01  0.308745E+01  0.143279E+00
  0.144262E+01  0.322046E+01  0.145251E+00
  0.144491E+01  0.296136E+01  0.144212E+00
  0.144719E+01  0.281940E+01  0.143350E+00
  0.144948E+01  0.303315E+01  0.144364E+00
  0.145176E+01  0.309742E+01  0.143503E+00
  0.145405E+01  0.305003E+01  0.144622E+00
  0.145633E+01  0.297702E+01  0.143751E+00
  0.145862E+01  0.295973E+01  0.143961E+00
  0.146090E+01  0.286598E+01  0.143539E+00
  0.146319E+01  0.326785E+01  0.142963E+00
  0.146547E+01  0.297621E+01  0.144129E+00
  0.146775E+01  0.291234E+01  0.142404E+00
  0.147004E+01  0.305491E+01  0.143372E+00
  0.147232E+01  0.259223E+01  0.143124E+00
  0.147461E+01  0.252430E+01  0.142782E+00
  0.147689E+01  0.282835E+01  0.142972E+00
  0.147918E+01  0.280537E+01  0.141913E+00
  0.148146E+01  0.266951E+01  0.143284E+00
  0.148375E+01  0.263819E+01  0.142040E+00
  0.148603E+01  0.275636E+01  0.142864E+00
  0.148832E+01  0.251719E+01  0.142029E+00
  0.149060E+01  0.252207E+01  0.141365E+00
  0.149288E+01  0.283445E+01  0.142617E+00
  0.149517E+01  0.319585E+01  0.142168E+00
  0.149745E+01  0.308643E+01  0.142336E+00
  0.149974E+01  0.295790E+01  0.142427E+00
  0.150202E+01  0.265894E+01  0.141144E+00
  0.150431E+01  0.229123E+01  0.142274E+00
  0.150659E+01  0.239902E+01  0.140319E+00
  0.150888E+01  0.230201E+01  0.141714E+00
  0.151116E+01  0.256437E+01  0.140731E+00
  0.151345E+01  0.269412E+01  0.141632E+00
  0.151573E+01  0.213443E+01  0.141075E+00
  0.151801E+01  0.225788E+01  0.140316E+00
  0.152030E+01  0.200936E+01  0.140965E+00
  0.152258E+01  0.213260E+01  0.140113E+00
  0.152487E+01  0.250437E+01  0.140927E+00
  0.152715E+01  0.218894E+01  0.140469E+00
  0.152944E+01  0.237726E+01  0.140313E+00
  0.153172E+01  0.276896E+01  0.140580E+00
  0.153401E+01  0.236709E+01  0.139497E+00
  0.153629E+01  0.240919E+01  0.140336E+00
  0.153858E+01  0.241611E+01  0.140670E+00
  0.154086E+01  0.234716E+01  0.139969E+00
  0.154314E+01  0.223063E+01  0.140249E+00
  0.154543E+01  0.217124E+01  0.138699E+00
  0.154771E+01  0.193309E+01  0.139603E+00
  0.155000E+01  0.225280E+01  0.139141E+00
  0.155228E+01  0.253468E+01  0.140367E+00
  0.155457E+01  0.240594E+01  0.139519E+00
  0.155685E+01  0.180273E+01  0.138342E+00
  0.155914E+01  0.204332E+01  0.139546E+00
  0.156142E+01  0.200346E+01  0.138833E+00
  0.156371E+01  0.186109E+01  0.138758E+00
  0.156599E+01  0.212569E+01  0.139048E+00
  0.156827E+01  0.203071E+01  0.138446E+00
  0.157056E+01  0.211714E+01  0.139265E+00
  0.157284E+01  0.234493E+01  0.138614E+00
  0.157513E+01  0.214297E+01  0.139046E+00
  0.157741E+01  0.195383E+01  0.137923E+00
  0.157970E+01  0.212894E+01  0.138307E+00
  0.158198E+01  0.226297E+01  0.138537E+00
  0.158427E+01  0.203864E+01  0.137521E+00
  0.158655E+01  0.207789E+01  0.138895E+00
  0.158884E+01  0.172036E+01  0.136904E+00
  0.159112E+01  0.213138E+01  0.138484E+00
  0.159341E+01  0.209193E+01  0.138142E+00
  0.159569E+01  0.172829E+01  0.137015E+00
  0.159797E+01  0.183282E+01  0.138124E+00
  0.160026E+01  0.200285E+01  0.136890E+00
  0.160254E+01  0.190035E+01  0.137436E+00
  0.160483E+01  0.165996E+01  0.137075E+00
  0.160711E+01  0.183181E+01  0.137108E+00
  0.160940E+01  0.196787E+01  0.137775E+00
  0.161168E+01  0.196156E+01  0.136951E+00
  0.161397E+01  0.200773E+01  0.137418E+00
  0.161625E+01  0.160159E+01  0.136474E+00
  0.161854E+01  0.164572E+01  0.136704E+00
  0.162082E+01  0.174659E+01  0.137170E+00
  0.162310E+01  0.136160E+01  0.136119E+00
  0.162539E+01  0.130364E+01  0.136673E+00
  0.162767E+01  0.185459E+01  0.136379E+00
  0.162996E+01  0.182855E+01  0.136522E+00
  0.163224E+01  0.176591E+01  0.136289E+00
  0.163453E+01  0.206345E+01  0.136233E+00
  0.163681E+01  0.205308E+01  0.136461E+00
  0.163910E+01  0.177161E+01  0.135863E+00
  0.164138E+01  0.183547E+01  0.136248E+00
  0.164367E+01  0.171019E+01  0.135548E+00
  0.164595E+01  0.163230E+01  0.135976E+00
  0.164823E+01  0.166606E+01  0.135808E+00
  0.165052E+01  0.142607E+01  0.134908E+00
  0.165280E+01  0.146695E+01  0.136020E+00
  0.165509E+01  0.162558E+01  0.134452E+00
  0.165737E+01  0.178279E+01  0.135788E+00
  0.165966E+01  0.153956E+01  0.135492E+00
  0.166194E+01  0.143482E+01  0.134657E+00
  0.166423E+01  0.185784E+01  0.136177E+00
  0.166651E+01  0.179561E+01  0.134513E+00
  0.166880E+01  0.165101E+01  0.135995E+00
  0.167108E+01  0.175880E+01  0.134337E+00
  0.167336E+01  0.170165E+01  0.134622E+00
  0.167565E+01  0.154057E+01  0.135191E+00
  0.167793E+01  0.142445E+01  0.134453E+00
  0.168022E+01  0.138519E+01  0.134807E+00
  0.168250E+01  0.143970E+01  0.133631E+00
  0.168479E+01  0.137625E+01  0.134871E+00
  0.168707E+01  0.170673E+01  0.134717E+00
  0.168936E+01  0.148098E+01  0.133797E+00
  0.169164E+01  0.143055E+01  0.134668E+00
  0.169393E+01  0.131279E+01  0.133347E+00
  0.169621E+01  0.140858E+01  0.134417E+00
  0.169849E+01  0.166443E+01  0.134098E+00
  0.170078E+01  0.139719E+01  0.133426E+00
  0.170306E+01  0.155013E+01  0.134586E+00
  0.170535E+01  0.137238E+01  0.133496E+00
  0.170763E+01  0.164206E+01  0.134411E+00
  0.170992E+01  0.159508E+01  0.133377E+00
  0.171220E+01  0.139008E+01  0.133458E+00
  0.171449E+01  0.175005E+01  0.133472E+00
  0.171677E+01  0.148688E+01  0.132878E+00
  0.171906E+01  0.129205E+01  0.133148E+00
  0.172134E+01  0.135509E+01  0.132622E+00
  0.172362E+01  0.113077E+01  0.133209E+00
  0.172591E+01  0.121477E+01  0.133454E+00
  0.172819E+01  0.115538E+01  0.132803E+00
  0.173048E+01  0.127598E+01  0.132937E+00
  0.173276E+01  0.965223E+00  0.132225E+00
  0.173505E+01  0.112081E+01  0.133161E+00
  0.173733E+01  0.101139E+01  0.132228E+00
  0.173962E+01  0.101546E+01  0.132580E+00
  0.174190E+01  0.882855E+00  0.132808E+00
  0.174419E+01  0.111714E+01  0.131653E+00
  0.174647E+01  0.135835E+01  0.133089E+00
  0.174876E+01  0.151678E+01  0.131762E+00
  0.175104E+01  0.129978E+01  0.132465E+00
  0.175332E+01  0.977222E+00  0.132199E+00
  0.175561E+01  0.948953E+00  0.131992E+00
  0.175789E+01  0.122371E+01  0.132581E+00
  0.176018E+01  0.103803E+01  0.131060E+00
  0.176246E+01  0.137258E+01  0.132564E+00
  0.176475E+01  0.110474E+01  0.131615E+00
  0.176703E+01  0.120256E+01  0.131568E+00
  0.176932E+01  0.115985E+01  0.132217E+00
  0.177160E+01  0.149034E+01  0.130934E+00
  0.177389E+01  0.122534E+01  0.132321E+00
  0.177617E+01  0.124080E+01  0.130933E+00
  0.177845E+01  0.875737E+00  0.131291E+00
  0.178074E+01  0.125585E+01  0.131901E+00
  0.178302E+01  0.979866E+00  0.131181E+00
  0.178531E+01  0.107789E+01  0.131839E+00
  0.178759E+01  0.117978E+01  0.130222E+00
  0.178988E+01  0.146004E+01  0.131748E+00
  0.179216E+01  0.122554E+01  0.131276E+00
  0.179445E+01  0.135489E+01  0.131209E+00
  0.179673E+01  0.106671E+01  0.131668E+00
  0.179902E+01  0.108115E+01  0.130270E+00
  0.180130E+01  0.125178E+01  0.131513E+00
  0.180358E+01  0.127720E+01  0.130661E+00
  0.180587E+01  0.148831E+01  0.130688E+00
  0.180815E+01  0.126764E+01  0.130933E+00
  0.181044E+01  0.121863E+01  0.130836E+00
  0.181272E+01  0.865772E+00  0.131127E+00
  0.181501E+01  0.104922E+01  0.129873E+00
  0.181729E+01  0.103579E+01  0.130115E+00
  0.181958E+01  0.960952E+00  0.130624E+00
  0.182186E+01  0.109010E+01  0.129899E+00
  0.182415E+01  0.123978E+01  0.131200E+00
  0.182643E+01  0.125036E+01  0.129216E+00
  0.182871E+01  0.103376E+01  0.130292E+00
  0.183100E+01  0.114216E+01  0.129934E+00
  0.183328E+01  0.120195E+01  0.130420E+00
  0.183557E+01  0.111552E+01  0.130263E+00
  0.183785E+01  0.108420E+01  0.129694E+00
  0.184014E+01  0.102176E+01  0.129990E+00
  0.184242E+01  0.940004E+00  0.129458E+00
  0.184471E+01  0.799675E+00  0.129579E+00
  0.184699E+01  0.865365E+00  0.129903E+00
  0.184928E+01  0.100630E+01  0.129361E+00
  0.185156E+01  0.976408E+00  0.130240E+00
  0.185384E+01  0.112264E+01  0.129025E+00
  0.185613E+01  0.112345E+01  0.129388E+00
  0.185841E+01  0.100895E+01  0.129517E+00
  0.186070E+01  0.778523E+00  0.129232E+00
  0.186298E+01  0.881635E+00  0.129693E+00
  0.186527E+01  0.100325E+01  0.128608E+00
  0.186755E+01  0.142241E+01  0.129846E+00
  0.186984E+01  0.121090E+01  0.128377E+00
  0.187212E+01  0.843197E+00  0.129003E+00
  0.187441E+01  0.855806E+00  0.128756E+00
  0.187669E+01  0.940818E+00  0.128376E+00
  0.187898E+01  0.100895E+01  0.129077E+00
  0.188126E+01  0.108521E+01  0.128198E+00
  0.188354E+01  0.128900E+01  0.128961E+00
  0.188583E+01  0.124771E+01  0.128652E+00
  0.188811E+01  0.147529E+01  0.128756E+00
  0.189040E+01  0.136526E+01  0.129552E+00
  0.189268E+01  0.101220E+01  0.127689E+00
  0.189497E+01  0.126337E+01  0.129027E+00
  0.189725E+01  0.119565E+01  0.127978E+00
  0.189954E+01  0.125381E+01  0.128740E+00
  0.190182E+01  0.106833E+01  0.128590E+00
  0.190411E+01  0.854586E+00  0.127553E+00
  0.190639E+01  0.100834E+01  0.128417E+00
  0.190867E+01  0.913769E+00  0.127694E+00
  0.191096E+01  0.989831E+00  0.128092E+00
  0.191324E+01  0.103661E+01  0.128438E+00
  0.191553E+01  0.117165E+01  0.127389E+00
  0.191781E+01  0.107322E+01  0.129170E+00
  0.192010E+01  0.936343E+00  0.127230E+00
  0.192238E+01  0.934513E+00  0.128313E+00
  0.192467E+01  0.881839E+00  0.127763E+00
  0.192695E+01  0.840350E+00  0.127247E+00
  0.192924E+01  0.949766E+00  0.128313E+00
  0.193152E+01  0.927802E+00  0.127230E+00
  0.193380E+01  0.949359E+00  0.127608E+00
  0.193609E+01  0.123551E+01  0.127176E+00
  0.193837E+01  0.122290E+01  0.127479E+00
  0.194066E+01  0.112894E+01  0.127516E+00
  0.194294E+01  0.101566E+01  0.126778E+00
  0.194523E+01  0.923531E+00  0.127957E+00
  0.194751E+01  0.103457E+01  0.126708E+00
  0.194980E+01  0.133821E+01  0.127222E+00
  0.195208E+01  0.102298E+01  0.127391E+00
  0.195437E+01  0.920277E+00  0.126745E+00
  0.195665E+01  0.115782E+01  0.127061E+00
  0.195893E+01  0.106305E+01  0.127047E+00
  0.196122E+01  0.925361E+00  0.127457E+00
  0.196350E+01  0.997153E+00  0.126647E+00
  0.196579E+01  0.105308E+01  0.126715E+00
  0.196807E+01  0.120927E+01  0.126777E+00
  0.197036E+01  0.114643E+01  0.126215E+00
  0.197264E+01  0.771609E+00  0.127092E+00
  0.197493E+01  0.895261E+00  0.126274E+00
  0.197721E+01  0.106142E+01  0.127120E+00
  0.197950E+01  0.102807E+01  0.126521E+00
  0.198178E+01  0.111389E+01  0.125866E+00
  0.198406E+01  0.103681E+01  0.127256E+00
  0.198635E+01  0.105328E+01  0.125792E+00
  0.198863E+01  0.142323E+01  0.127077E+00
  0.199092E+01  0.121049E+01  0.125922E+00
  0.199320E+01  0.964409E+00  0.126072E+00
  0.199549E+01  0.105817E+01  0.126333E+00
  0.199777E+01  0.923937E+00  0.125755E+00
  0.200006E+01  0.818589E+00  0.126497E+00
  0.200234E+01  0.905430E+00  0.125536E+00
  0.200463E+01  0.766931E+00  0.125902E+00
  0.200691E+01  0.922107E+00  0.126454E+00
  0.200919E+01  0.126419E+01  0.125515E+00
  0.201148E+01  0.129713E+01  0.126543E+00
  0.201376E+01  0.106894E+01  0.125136E+00
  0.201605E+01  0.108135E+01  0.126251E+00
  0.201833E+01  0.104535E+01  0.125521E+00
  0.202062E+01  0.741509E+00  0.125580E+00
  0.202290E+01  0.884279E+00  0.125825E+00
  0.202519E+01  0.989221E+00  0.125321E+00
  0.202747E+01  0.978646E+00  0.126112E+00
  0.202976E+01  0.118426E+01  0.125250E+00
  0.203204E+01  0.105369E+01  0.125444E+00
  0.203433E+01  0.933089E+00  0.125587E+00
  0.203661E+01  0.773439E+00  0.125040E+00
  0.203889E+01  0.107261E+01  0.125417E+00
  0.204118E+01  0.755542E+00  0.124366E+00
  0.204346E+01  0.696156E+00  0.125450E+00
  0.204575E+01  0.595282E+00  0.125605E+00
  0.204803E+01  0.766728E+00  0.124537E+00
  0.205032E+01  0.958511E+00  0.125666E+00
  0.205260E+01  0.938987E+00  0.124708E+00
  0.205489E+01  0.111999E+01  0.125584E+00
  0.205717E+01  0.748220E+00  0.124497E+00
  0.205946E+01  0.937360E+00  0.124772E+00
  0.206174E+01  0.835876E+00  0.125112E+00
  0.206402E+01  0.636567E+00  0.124438E+00
  0.206631E+01  0.101952E+01  0.125092E+00
  0.206859E+01  0.104861E+01  0.124486E+00
  0.207088E+01  0.713647E+00  0.124737E+00
  0.207316E+01  0.449664E+00  0.124484E+00
  0.207545E+01  0.875534E+00  0.124131E+00
  0.207773E+01  0.117775E+01  0.124932E+00
  0.208002E+01  0.915396E+00  0.124055E+00
  0.208230E+01  0.112447E+01  0.124819E+00
  0.208459E+01  0.920480E+00  0.124535E+00
  0.208687E+01  0.928208E+00  0.123924E+00
  0.208915E+01  0.892007E+00  0.124203E+00
  0.209144E+01  0.101058E+01  0.124280E+00
  0.209372E+01  0.842790E+00  0.125012E+00
  0.209601E+01  0.118202E+01  0.123753E+00
  0.209829E+01  0.114928E+01  0.124315E+00
  0.210058E+01  0.770795E+00  0.124317E+00
  0.210286E+01  0.860281E+00  0.123923E+00
  0.210515E+01  0.687004E+00  0.124698E+00
  0.210743E+01  0.711003E+00  0.123369E+00
  0.210972E+01  0.803132E+00  0.124410E+00
  0.211200E+01  0.105430E+01  0.123833E+00
  0.211428E+01  0.945699E+00  0.123905E+00
  0.211657E+01  0.929429E+00  0.124274E+00
  0.211885E+01  0.103193E+01  0.122855E+00
  0.212114E+01  0.865568E+00  0.124559E+00
  0.212342E+01  0.112650E+01  0.123547E+00
  0.212571E+01  0.852146E+00  0.123632E+00
  0.212799E+01  0.556030E+00  0.123691E+00
  0.213028E+01  0.820216E+00  0.122894E+00
  0.213256E+01  0.896075E+00  0.124496E+00
  0.213485E+01  0.747000E+00  0.122626E+00
  0.213713E+01  0.611348E+00  0.123453E+00
  0.213941E+01  0.800081E+00  0.123537E+00
  0.214170E+01  0.729306E+00  0.122901E+00
  0.214398E+01  0.833638E+00  0.123970E+00
  0.214627E+01  0.100915E+01  0.122065E+00
  0.214855E+01  0.977629E+00  0.123875E+00
  0.215084E+01  0.104393E+01  0.123041E+00
  0.215312E+01  0.840757E+00  0.122886E+00
  0.215541E+01  0.683547E+00  0.123331E+00
  0.215769E+01  0.828961E+00  0.122132E+00
  0.215998E+01  0.696563E+00  0.123302E+00
  0.216226E+01  0.991865E+00  0.123200E+00
  0.216454E+01  0.772015E+00  0.122541E+00
  0.216683E+01  0.817978E+00  0.123238E+00
  0.216911E+01  0.895871E+00  0.122699E+00
  0.217140E+01  0.647753E+00  0.123341E+00
  0.217368E+01  0.906650E+00  0.122285E+00
  0.217597E+01  0.907871E+00  0.122504E+00
  0.217825E+01  0.842790E+00  0.122897E+00
  0.218054E+01  0.781574E+00  0.122436E+00
  0.218282E+01  0.856417E+00  0.122925E+00
  0.218511E+01  0.824486E+00  0.122356E+00
  0.218739E+01  0.785235E+00  0.122854E+00
  0.218968E+01  0.890380E+00  0.122715E+00
  0.219196E+01  0.706122E+00  0.122296E+00
  0.219424E+01  0.744560E+00  0.122297E+00
  0.219653E+01  0.814928E+00  0.121868E+00
  0.219881E+01  0.765101E+00  0.122720E+00
  0.220110E+01  0.101180E+01  0.122440E+00
  0.220338E+01  0.458613E+00  0.122175E+00
  0.220567E+01  0.959528E+00  0.122364E+00
  0.220795E+01  0.583282E+00  0.121928E+00
  0.221024E+01  0.671751E+00  0.122605E+00
  0.221252E+01  0.714257E+00  0.121328E+00
  0.221481E+01  0.102441E+01  0.122331E+00
  0.221709E+01  0.986374E+00  0.121847E+00
  0.221937E+01  0.860077E+00  0.122454E+00
  0.222166E+01  0.788489E+00  0.121842E+00
  0.222394E+01  0.103986E+01  0.121618E+00
  0.222623E+01  0.686191E+00  0.122253E+00
  0.222851E+01  0.530405E+00  0.121310E+00
  0.223080E+01  0.728290E+00  0.121966E+00
  0.223308E+01  0.764694E+00  0.121810E+00
  0.223537E+01  0.844621E+00  0.121734E+00
  0.223765E+01  0.738052E+00  0.122324E+00
  0.223994E+01  0.479357E+00  0.121088E+00
  0.224222E+01  0.436648E+00  0.121983E+00
  0.224450E+01  0.728696E+00  0.121195E+00
  0.224679E+01  0.944885E+00  0.121648E+00
  0.224907E+01  0.809640E+00  0.121620E+00
  0.225136E+01  0.920277E+00  0.120494E+00
  0.225364E+01  0.842384E+00  0.121863E+00
  0.225593E+01  0.870449E+00  0.121217E+00
  0.225821E+01  0.883059E+00  0.121946E+00
  0.226050E+01  0.679276E+00  0.121172E+00
  0.226278E+01  0.793370E+00  0.120824E+00
  0.226507E+01  0.906447E+00  0.121899E+00
  0.226735E+01  0.987391E+00  0.120557E+00
  0.226963E+01  0.850112E+00  0.121770E+00
  0.227192E+01  0.794794E+00  0.121068E+00
  0.227420E+01  0.915192E+00  0.121132E+00
  0.227649E+01  0.920887E+00  0.121768E+00
  0.227877E+01  0.994916E+00  0.120634E+00
  0.228106E+01  0.643889E+00  0.121229E+00
  0.228334E+01  0.801708E+00  0.120687E+00
  0.228563E+01  0.833232E+00  0.121044E+00
  0.228791E+01  0.833232E+00  0.121753E+00
  0.229020E+01  0.733171E+00  0.119964E+00
  0.229248E+01  0.103234E+01  0.121434E+00
  0.229476E+01  0.105328E+01  0.120361E+00
  0.229705E+01  0.830384E+00  0.121293E+00
  0.229933E+01  0.662803E+00  0.121002E+00
  0.230162E+01  0.610942E+00  0.120379E+00
  0.230390E+01  0.810657E+00  0.121747E+00
  0.230619E+01  0.826113E+00  0.121063E+00
  0.230847E+01  0.918243E+00  0.122109E+00
  0.231076E+01  0.790116E+00  0.122063E+00
  0.231304E+01  0.624771E+00  0.121930E+00
  0.231533E+01  0.108684E+01  0.122414E+00
  0.231761E+01  0.907667E+00  0.121727E+00
  0.231989E+01  0.768558E+00  0.122101E+00
  0.232218E+01  0.728493E+00  0.121471E+00
  0.232446E+01  0.882042E+00  0.121676E+00
  0.232675E+01  0.658328E+00  0.122526E+00
  0.232903E+01  0.843400E+00  0.121589E+00
  0.233132E+01  0.616026E+00  0.122526E+00
  0.233360E+01  0.709579E+00  0.121738E+00
  0.233589E+01  0.842790E+00  0.122056E+00
  0.233817E+01  0.788082E+00  0.121876E+00
  0.234046E+01  0.809437E+00  0.121690E+00
  0.234274E+01  0.702461E+00  0.122540E+00
  0.234503E+01  0.497865E+00  0.121518E+00
  0.234731E+01  0.553183E+00  0.122138E+00
  0.234959E+01  0.567012E+00  0.121946E+00
  0.235188E+01  0.833842E+00  0.122196E+00
  0.235416E+01  0.494814E+00  0.122378E+00
  0.235645E+01  0.533252E+00  0.121962E+00
  0.235873E+01  0.759203E+00  0.122339E+00
  0.236102E+01  0.626602E+00  0.121491E+00
  0.236330E+01  0.621721E+00  0.122319E+00
  0.236559E+01  0.496034E+00  0.122139E+00
  0.236787E+01  0.993695E+00  0.121391E+00
  0.237016E+01  0.684157E+00  0.122420E+00
  0.237244E+01  0.544641E+00  0.121206E+00
  0.237472E+01  0.675005E+00  0.122524E+00
  0.237701E+01  0.585316E+00  0.121646E+00
  0.237929E+01  0.485255E+00  0.121015E+00
  0.238158E+01  0.627822E+00  0.121761E+00
  0.238386E+01  0.663819E+00  0.121478E+00
  0.238615E+01  0.102095E+01  0.122030E+00
  0.238843E+01  0.928818E+00  0.121123E+00
  0.239072E+01  0.770999E+00  0.121490E+00
  0.239300E+01  0.778320E+00  0.121837E+00
  0.239529E+01  0.735001E+00  0.121291E+00
  0.239757E+01  0.721782E+00  0.121702E+00
  0.239985E+01  0.530405E+00  0.120588E+00
  0.240214E+01  0.605450E+00  0.121316E+00
  0.240442E+01  0.606264E+00  0.121385E+00
  0.240671E+01  0.574741E+00  0.120959E+00
  0.240899E+01  0.588774E+00  0.121644E+00
  0.241128E+01  0.334757E+00  0.121006E+00
  0.241356E+01  0.406549E+00  0.121499E+00
  0.241585E+01  0.434818E+00  0.120554E+00
  0.241813E+01  0.478544E+00  0.120942E+00
  0.242042E+01  0.457799E+00  0.121030E+00
  0.242270E+01  0.718324E+00  0.120768E+00
  0.242498E+01  0.937970E+00  0.121389E+00
  0.242727E+01  0.851129E+00  0.120276E+00
  0.242955E+01  0.600976E+00  0.121267E+00
  0.243184E+01  0.755135E+00  0.121140E+00
  0.243412E+01  0.595485E+00  0.120511E+00
  0.243641E+01  0.578198E+00  0.120634E+00
  0.243869E+01  0.547285E+00  0.120710E+00
  0.244098E+01  0.471426E+00  0.121095E+00
  0.244326E+01  0.334554E+00  0.120225E+00
  0.244555E+01  0.403091E+00  0.120279E+00
  0.244783E+01  0.646532E+00  0.120516E+00
  0.245011E+01  0.670938E+00  0.119967E+00
  0.245240E+01  0.748017E+00  0.120836E+00
  0.245468E+01  0.737848E+00  0.119853E+00
  0.245697E+01  0.617856E+00  0.120506E+00
  0.245925E+01  0.555217E+00  0.120520E+00
  0.246154E+01  0.603620E+00  0.120026E+00
  0.246382E+01  0.749644E+00  0.120676E+00
  0.246611E+01  0.628025E+00  0.119191E+00
  0.246839E+01  0.521456E+00  0.120464E+00
  0.247068E+01  0.735408E+00  0.120346E+00
  0.247296E+01  0.870043E+00  0.119977E+00
  0.247525E+01  0.650803E+00  0.119884E+00
  0.247753E+01  0.658938E+00  0.118867E+00
  0.247981E+01  0.732967E+00  0.119988E+00
  0.248210E+01  0.515558E+00  0.119263E+00
  0.248438E+01  0.438275E+00  0.119370E+00
  0.248667E+01  0.360382E+00  0.119605E+00
  0.248895E+01  0.370551E+00  0.118403E+00
  0.249124E+01  0.322351E+00  0.119513E+00
  0.249352E+01  0.538947E+00  0.118456E+00
  0.249581E+01  0.344316E+00  0.118757E+00
  0.249809E+01  0.420785E+00  0.118765E+00
  0.250038E+01  0.486679E+00  0.118296E+00
  0.250266E+01  0.587553E+00  0.118223E+00
  0.250494E+01  0.705715E+00  0.117371E+00
  0.250723E+01  0.547895E+00  0.118187E+00
  0.250951E+01  0.538540E+00  0.117370E+00
  0.251180E+01  0.558267E+00  0.117857E+00
  0.251408E+01  0.101241E+01  0.117811E+00
  0.251637E+01  0.814318E+00  0.117337E+00
  0.251865E+01  0.773846E+00  0.118258E+00
  0.252094E+01  0.543217E+00  0.117027E+00
  0.252322E+01  0.743950E+00  0.117463E+00
  0.252551E+01  0.729103E+00  0.118070E+00
  0.252779E+01  0.747000E+00  0.117381E+00
  0.253007E+01  0.622737E+00  0.117969E+00
  0.253236E+01  0.590604E+00  0.116879E+00
  0.253464E+01  0.400651E+00  0.117454E+00
  0.253693E+01  0.577385E+00  0.117373E+00
  0.253921E+01  0.629856E+00  0.117585E+00
  0.254150E+01  0.603620E+00  0.117339E+00
  0.254378E+01  0.402074E+00  0.116811E+00
  0.254607E+01  0.292658E+00  0.117284E+00
  0.254835E+01  0.520033E+00  0.116972E+00
  0.255064E+01  0.722188E+00  0.117313E+00
  0.255292E+01  0.510270E+00  0.117268E+00
  0.255520E+01  0.346756E+00  0.116654E+00
  0.255749E+01  0.435428E+00  0.117888E+00
  0.255977E+01  0.444580E+00  0.116715E+00
  0.256206E+01  0.546471E+00  0.116939E+00
  0.256434E+01  0.831808E+00  0.117184E+00
  0.256663E+01  0.828554E+00  0.116824E+00
  0.256891E+01  0.658532E+00  0.117602E+00
  0.257120E+01  0.427700E+00  0.116265E+00
  0.257348E+01  0.560301E+00  0.117106E+00
  0.257577E+01  0.539557E+00  0.116732E+00
  0.257805E+01  0.428920E+00  0.117174E+00
  0.258033E+01  0.549522E+00  0.117012E+00
  0.258262E+01  0.711206E+00  0.116252E+00
  0.258490E+01  0.557657E+00  0.117403E+00
  0.258719E+01  0.588164E+00  0.116441E+00
  0.258947E+01  0.600976E+00  0.116725E+00
  0.259176E+01  0.316656E+00  0.116633E+00
  0.259404E+01  0.417328E+00  0.116611E+00
  0.259633E+01  0.441733E+00  0.117084E+00
  0.259861E+01  0.599959E+00  0.116102E+00
  0.260090E+01  0.678869E+00  0.116767E+00
  0.260318E+01  0.432581E+00  0.116389E+00
  0.260546E+01  0.443360E+00  0.116438E+00
  0.260775E+01  0.527761E+00  0.116876E+00
  0.261003E+01  0.449461E+00  0.116022E+00
  0.261232E+01  0.423226E+00  0.116952E+00
  0.261460E+01  0.594468E+00  0.116074E+00
  0.261689E+01  0.585723E+00  0.116524E+00
  0.261917E+01  0.477730E+00  0.116098E+00
  0.262146E+01  0.358349E+00  0.115977E+00
  0.262374E+01  0.337401E+00  0.116812E+00
  0.262603E+01  0.409396E+00  0.116031E+00
  0.262831E+01  0.482408E+00  0.116276E+00
  0.263060E+01  0.539353E+00  0.115779E+00
  0.263288E+01  0.470612E+00  0.116126E+00
  0.263516E+01  0.560301E+00  0.116906E+00
  0.263745E+01  0.588977E+00  0.115955E+00
  0.263973E+01  0.559894E+00  0.115946E+00
  0.264202E+01  0.526744E+00  0.115733E+00
  0.264430E+01  0.329266E+00  0.116103E+00
  0.264659E+01  0.468985E+00  0.116379E+00
  0.264887E+01  0.559691E+00  0.115947E+00
  0.265116E+01  0.813504E+00  0.116285E+00
  0.265344E+01  0.440919E+00  0.115485E+00
  0.265573E+01  0.229612E+00  0.116224E+00
  0.265801E+01  0.234696E+00  0.115576E+00
  0.266029E+01  0.357738E+00  0.115520E+00
  0.266258E+01  0.766931E+00  0.116048E+00
  0.266486E+01  0.714867E+00  0.115664E+00
  0.266715E+01  0.679073E+00  0.116322E+00
  0.266943E+01  0.300997E+00  0.115316E+00
  0.267172E+01  0.606467E+00  0.116176E+00
  0.267400E+01  0.762253E+00  0.115976E+00
  0.267629E+01  0.505389E+00  0.115243E+00
  0.267857E+01  0.436242E+00  0.116025E+00
  0.268086E+01  0.622331E+00  0.115257E+00
  0.268314E+01  0.299573E+00  0.116048E+00
  0.268542E+01  0.195851E+00  0.115704E+00
  0.268771E+01  0.239577E+00  0.115187E+00
  0.268999E+01  0.815538E-01  0.115979E+00
  0.269228E+01  0.248526E+00  0.114551E+00
  0.269456E+01  0.502339E+00  0.116373E+00
  0.269685E+01  0.503152E+00  0.115257E+00
  0.269913E+01  0.561725E+00  0.115556E+00
  0.270142E+01  0.493797E+00  0.115867E+00
  0.270370E+01  0.662396E+00  0.114926E+00
  0.270599E+01  0.569046E+00  0.116110E+00
  0.270827E+01  0.453529E+00  0.114629E+00
  0.271055E+01  0.410820E+00  0.115584E+00
  0.271284E+01  0.664023E+00  0.115598E+00
  0.271512E+01  0.489730E+00  0.114759E+00
  0.271741E+01  0.426886E+00  0.115733E+00
  0.271969E+01  0.423632E+00  0.114644E+00
  0.272198E+01  0.344722E+00  0.115498E+00
  0.272426E+01  0.410820E+00  0.115895E+00
  0.272655E+01  0.449664E+00  0.114830E+00
  0.272883E+01  0.581655E+00  0.115702E+00
  0.273112E+01  0.593451E+00  0.114521E+00
  0.273340E+01  0.687818E+00  0.115632E+00
  0.273568E+01  0.423226E+00  0.114858E+00
  0.273797E+01  0.382347E+00  0.114874E+00
  0.274025E+01  0.416107E+00  0.115580E+00
  0.274254E+01  0.316860E+00  0.114912E+00
  0.274482E+01  0.500712E+00  0.115558E+00
  0.274711E+01  0.401668E+00  0.114517E+00
  0.274939E+01  0.194427E+00  0.114920E+00
  0.275168E+01  0.132601E+00  0.114843E+00
  0.275396E+01  0.200732E+00  0.114795E+00
  0.275625E+01  0.467765E+00  0.115423E+00
  0.275853E+01  0.688428E+00  0.114428E+00
  0.276081E+01  0.558471E+00  0.115148E+00
  0.276310E+01  0.591621E+00  0.114966E+00
  0.276538E+01  0.333333E+00  0.114665E+00
  0.276767E+01  0.307098E+00  0.114881E+00
  0.276995E+01  0.307098E+00  0.114881E+00
  0.277224E+01  0.642058E+00  0.115210E+00
  0.277452E+01  0.703071E+00  0.114382E+00
  0.277681E+01  0.420785E+00  0.114558E+00
  0.277909E+01  0.408176E+00  0.114918E+00
  0.278138E+01  0.354688E+00  0.114749E+00
  0.278366E+01  0.483018E+00  0.114740E+00
  0.278595E+01  0.684564E+00  0.113969E+00
  0.278823E+01  0.461664E+00  0.114879E+00
  0.279051E+01  0.579215E+00  0.114767E+00
  0.279280E+01  0.669514E+00  0.114531E+00
  0.279508E+01  0.502135E+00  0.114650E+00
  0.279737E+01  0.670531E+00  0.114161E+00
  0.279965E+01  0.760423E+00  0.115170E+00
  0.280194E+01  0.608094E+00  0.114402E+00
  0.280422E+01  0.776896E+00  0.114538E+00
  0.280651E+01  0.587757E+00  0.114632E+00
  0.280879E+01  0.565589E+00  0.114327E+00
  0.281108E+01  0.585520E+00  0.115435E+00
  0.281336E+01  0.568029E+00  0.113688E+00
  0.281564E+01  0.542811E+00  0.114514E+00
  0.281793E+01  0.348790E+00  0.114349E+00
  0.282021E+01  0.264796E+00  0.114318E+00
  0.282250E+01  0.581249E+00  0.114877E+00
  0.282478E+01  0.506203E+00  0.113645E+00
  0.282707E+01  0.433191E+00  0.114657E+00
  0.282935E+01  0.231442E+00  0.113898E+00
  0.283164E+01  0.350010E+00  0.114262E+00
  0.283392E+01  0.552776E+00  0.114246E+00
  0.283621E+01  0.458206E+00  0.114028E+00
  0.283849E+01  0.755745E+00  0.115273E+00
  0.284077E+01  0.484848E+00  0.113438E+00
  0.284306E+01  0.418751E+00  0.114012E+00
  0.284534E+01  0.423226E+00  0.113934E+00
  0.284763E+01  0.322961E+00  0.113867E+00
  0.284991E+01  0.478137E+00  0.114975E+00
  0.285220E+01  0.384991E+00  0.113331E+00
  0.285448E+01  0.507423E+00  0.114346E+00
  0.285677E+01  0.516982E+00  0.114045E+00
  0.285905E+01  0.513118E+00  0.114367E+00
  0.286134E+01  0.630466E+00  0.114219E+00
  0.286362E+01  0.510270E+00  0.113642E+00
  0.286590E+01  0.279235E+00  0.114287E+00
  0.286819E+01  0.598942E+00  0.114039E+00
  0.287047E+01  0.524303E+00  0.113930E+00
  0.287276E+01  0.358552E+00  0.113869E+00
  0.287504E+01  0.568029E+00  0.113636E+00
  0.287733E+01  0.561521E+00  0.114610E+00
  0.287961E+01  0.333943E+00  0.113505E+00
  0.288190E+01  0.331300E+00  0.113855E+00
  0.288418E+01  0.312996E+00  0.113940E+00
  0.288647E+01  0.333333E+00  0.113613E+00
  0.288875E+01  0.829774E-01  0.114054E+00
  0.289103E+01  0.378279E+00  0.113632E+00
  0.289332E+01  0.414074E+00  0.114014E+00
  0.289560E+01  0.209884E+00  0.113575E+00
  0.289789E+01  0.333537E+00  0.113822E+00
  0.290017E+01  0.514338E+00  0.113708E+00
  0.290246E+01  0.355705E+00  0.113199E+00
  0.290474E+01  0.483832E+00  0.114288E+00
  0.290703E+01  0.337604E+00  0.113565E+00
  0.290931E+01  0.337401E+00  0.114039E+00
  0.291160E+01  0.284523E+00  0.113486E+00
  0.291388E+01  0.318284E+00  0.113324E+00
  0.291617E+01  0.493594E+00  0.114353E+00
  0.291845E+01  0.905023E-01  0.112995E+00
  0.292073E+01  0.181005E+00  0.113779E+00
  0.292302E+01  0.515762E+00  0.113294E+00
  0.292530E+01  0.432581E+00  0.113655E+00
  0.292759E+01  0.191784E+00  0.113947E+00
  0.292987E+01  0.322758E+00  0.113188E+00
  0.293216E+01  0.594265E+00  0.114000E+00
  0.293444E+01  0.516575E+00  0.113280E+00
  0.293673E+01  0.543014E+00  0.114253E+00
  0.293901E+01  0.546065E+00  0.113676E+00
  0.294130E+01  0.493594E+00  0.113141E+00
  0.294358E+01  0.401464E+00  0.114179E+00
  0.294586E+01  0.551759E+00  0.113182E+00
  0.294815E+01  0.487086E+00  0.114111E+00
  0.295043E+01  0.396787E+00  0.113385E+00
  0.295272E+01  0.458613E+00  0.113186E+00
  0.295500E+01  0.305878E+00  0.113836E+00
  0.295729E+01  0.436242E+00  0.112873E+00
  0.295957E+01  0.584299E+00  0.113594E+00
  0.296186E+01  0.603823E+00  0.113140E+00
  0.296414E+01  0.536506E+00  0.113636E+00
  0.296643E+01  0.496238E+00  0.113954E+00
  0.296871E+01  0.350620E+00  0.112574E+00
  0.297099E+01  0.736018E+00  0.113808E+00
  0.297328E+01  0.799268E+00  0.112963E+00
  0.297556E+01  0.593858E+00  0.113872E+00
  0.297785E+01  0.416311E+00  0.113567E+00
  0.298013E+01  0.265609E+00  0.112862E+00
  0.298242E+01  0.267236E+00  0.113715E+00
  0.298470E+01  0.486069E+00  0.113019E+00
  0.298699E+01  0.411226E+00  0.113504E+00
  0.298927E+01  0.547692E+00  0.113173E+00
  0.299156E+01  0.791540E+00  0.113242E+00
  0.299384E+01  0.643075E+00  0.113699E+00
  0.299612E+01  0.537523E+00  0.113103E+00
  0.299841E+01  0.378686E+00  0.113223E+00
  0.300069E+01  0.589384E+00  0.112792E+00
  0.300298E+01  0.762050E+00  0.113688E+00
  0.300526E+01  0.835469E+00  0.113709E+00
  0.300755E+01  0.529591E+00  0.112876E+00
  0.300983E+01  0.370551E+00  0.113107E+00
  0.301212E+01  0.251373E+00  0.112709E+00
  0.301440E+01  0.555420E+00  0.113696E+00
  0.301669E+01  0.400041E+00  0.112983E+00
  0.301897E+01  0.557047E+00  0.113145E+00
  0.302125E+01  0.677852E+00  0.113713E+00
  0.302354E+01  0.615416E+00  0.112879E+00
  0.302582E+01  0.255440E+00  0.113298E+00
  0.302811E+01  0.298556E+00  0.112263E+00
  0.303039E+01  0.376856E+00  0.113260E+00
  0.303268E+01  0.689852E+00  0.113477E+00
  0.303496E+01  0.358145E+00  0.112834E+00
  0.303725E+01  0.410820E+00  0.113502E+00
  0.303953E+01  0.812691E+00  0.112572E+00
  0.304182E+01  0.655278E+00  0.113467E+00
  0.304410E+01  0.479764E+00  0.113364E+00
  0.304638E+01  0.700224E+00  0.112846E+00
  0.304867E+01  0.610535E+00  0.113341E+00
  0.305095E+01  0.453935E+00  0.112584E+00
  0.305324E+01  0.496644E+00  0.113439E+00
  0.305552E+01  0.213341E+00  0.112493E+00
  0.305781E+01  0.253203E+00  0.112739E+00
  0.306009E+01  0.456783E+00  0.113222E+00
  0.306238E+01  0.477120E+00  0.112665E+00
  0.306466E+01  0.643889E+00  0.113080E+00
  0.306695E+01  0.585520E+00  0.112504E+00
  0.306923E+01  0.672971E+00  0.112949E+00
  0.307152E+01  0.778930E+00  0.113484E+00
  0.307380E+01  0.641041E+00  0.112673E+00
  0.307608E+01  0.427903E+00  0.113343E+00
  0.307837E+01  0.651820E+00  0.112499E+00
  0.308065E+01  0.442343E+00  0.113432E+00
  0.308294E+01  0.296116E+00  0.112575E+00
  0.308522E+01  0.375636E+00  0.112677E+00
  0.308751E+01  0.300590E+00  0.112937E+00
  0.308979E+01  0.306894E+00  0.112582E+00
  0.309208E+01  0.305064E+00  0.113423E+00
  0.309436E+01  0.590401E+00  0.112329E+00
  0.309665E+01  0.647956E+00  0.112855E+00
  0.309893E+01  0.280862E+00  0.113175E+00
  0.310121E+01  0.397193E+00  0.112684E+00
  0.310350E+01  0.653651E+00  0.113364E+00
  0.310578E+01  0.623551E+00  0.112391E+00
  0.310807E+01  0.575147E+00  0.113133E+00
  0.311035E+01  0.327842E+00  0.112977E+00
  0.311264E+01  0.385398E+00  0.112808E+00
  0.311492E+01  0.579418E+00  0.112905E+00
  0.311721E+01  0.774253E+00  0.112466E+00
  0.311949E+01  0.635754E+00  0.113572E+00
  0.312178E+01  0.568639E+00  0.112330E+00
  0.312406E+01  0.335164E+00  0.112475E+00
  0.312634E+01  0.368924E+00  0.112785E+00
  0.312863E+01  0.327639E+00  0.112425E+00
  0.313091E+01  0.320724E+00  0.113429E+00
  0.313320E+01  0.525320E+00  0.112455E+00
  0.313548E+01  0.517999E+00  0.112724E+00
  0.313777E+01  0.697783E+00  0.112815E+00
  0.314005E+01  0.485662E+00  0.112465E+00
  0.314234E+01  0.816351E+00  0.113543E+00
  0.314462E+01  0.451291E+00  0.112047E+00
  0.314691E+01  0.555420E+00  0.113172E+00
  0.314919E+01  0.498475E+00  0.112606E+00
  0.315147E+01  0.322961E+00  0.112726E+00
  0.315376E+01  0.384381E+00  0.112803E+00
  0.315604E+01  0.555217E+00  0.112176E+00
  0.315833E+01  0.588977E+00  0.113503E+00
  0.316061E+01  0.757372E+00  0.112371E+00
  0.316290E+01  0.614399E+00  0.112913E+00
  0.316518E+01  0.158430E+00  0.112717E+00
  0.316747E+01  0.273541E+00  0.112318E+00
  0.316975E+01  0.517592E+00  0.113411E+00
  0.317204E+01  0.503966E+00  0.111637E+00
  0.317432E+01  0.664226E+00  0.112919E+00
  0.317660E+01  0.533252E+00  0.112797E+00
  0.317889E+01  0.427496E+00  0.112625E+00
  0.318117E+01  0.323978E+00  0.112711E+00
  0.318346E+01  0.299980E+00  0.111932E+00
  0.318574E+01  0.633110E+00  0.113130E+00
  0.318803E+01  0.610128E+00  0.112667E+00
  0.319031E+01  0.511897E+00  0.112674E+00
  0.319260E+01  0.474883E+00  0.112481E+00
  0.319488E+01  0.446207E+00  0.112176E+00
  0.319717E+01  0.619280E+00  0.112885E+00
  0.319945E+01  0.624364E+00  0.112258E+00
  0.320173E+01  0.470002E+00  0.112805E+00
  0.320402E+01  0.460443E+00  0.112924E+00
  0.320630E+01  0.796827E+00  0.112489E+00
  0.320859E+01  0.462884E+00  0.113086E+00
  0.321087E+01  0.494407E+00  0.112072E+00
  0.321316E+01  0.539353E+00  0.112771E+00
  0.321544E+01  0.569046E+00  0.112431E+00
  0.321773E+01  0.592434E+00  0.112869E+00
  0.322001E+01  0.519829E+00  0.112559E+00
  0.322230E+01  0.545455E+00  0.112167E+00
  0.322458E+01  0.386414E+00  0.112846E+00
  0.322687E+01  0.524303E+00  0.112421E+00
  0.322915E+01  0.622941E+00  0.112805E+00
  0.323143E+01  0.366280E+00  0.112365E+00
  0.323372E+01  0.422209E+00  0.112382E+00
  0.323600E+01  0.483425E+00  0.113051E+00
  0.323829E+01  0.600366E+00  0.111945E+00
  0.324057E+01  0.560911E+00  0.112722E+00
  0.324286E+01  0.493594E+00  0.112474E+00
  0.324514E+01  0.452715E+00  0.112831E+00
  0.324743E+01  0.656294E+00  0.112906E+00
  0.324971E+01  0.975391E+00  0.112120E+00
  0.325200E+01  0.558471E+00  0.112939E+00
  0.325428E+01  0.506813E+00  0.112338E+00
  0.325656E+01  0.390075E+00  0.112874E+00
  0.325885E+01  0.450681E+00  0.112615E+00
  0.326113E+01  0.506203E+00  0.112271E+00
  0.326342E+01  0.655888E+00  0.113135E+00
  0.326570E+01  0.399431E+00  0.112131E+00
  0.326799E+01  0.545455E+00  0.112699E+00
  0.327027E+01  0.206020E+00  0.112509E+00
  0.327256E+01  0.428717E+00  0.112261E+00
  0.327484E+01  0.417531E+00  0.113327E+00
  0.327713E+01  0.303437E+00  0.111903E+00
  0.327941E+01  0.207240E+00  0.112259E+00
  0.328169E+01  0.390889E+00  0.112156E+00
  0.328398E+01  0.514745E+00  0.112881E+00
  0.328626E+01  0.220053E+00  0.112658E+00
  0.328855E+01  0.219850E+00  0.111979E+00
  0.329083E+01  0.520643E+00  0.112929E+00
  0.329312E+01  0.436242E+00  0.111940E+00
  0.329540E+01  0.452105E+00  0.112981E+00
  0.329769E+01  0.493187E+00  0.112610E+00
  0.329997E+01  0.458003E+00  0.112244E+00
  0.330226E+01  0.335570E+00  0.112976E+00
  0.330454E+01  0.254627E+00  0.112053E+00
  0.330682E+01  0.306488E+00  0.112512E+00
  0.330911E+01  0.209884E+00  0.111910E+00
  0.331139E+01  0.344926E+00  0.112476E+00
  0.331368E+01  0.393126E+00  0.112775E+00
  0.331596E+01  0.421802E+00  0.112330E+00
  0.331825E+01  0.526744E+00  0.112703E+00
  0.332053E+01  0.582266E+00  0.112216E+00
  0.332282E+01  0.524507E+00  0.112745E+00
  0.332510E+01  0.338418E+00  0.112420E+00
  0.332739E+01  0.326622E+00  0.111982E+00
  0.332967E+01  0.456579E+00  0.112941E+00
  0.333195E+01  0.620297E+00  0.112248E+00
  0.333424E+01  0.938580E+00  0.113401E+00
  0.333652E+01  0.100508E+01  0.112422E+00
  0.333881E+01  0.754118E+00  0.112459E+00
  0.334109E+01  0.371365E+00  0.112824E+00
  0.334338E+01  0.422615E+00  0.112339E+00
  0.334566E+01  0.481391E+00  0.113000E+00
  0.334795E+01  0.682327E+00  0.112161E+00
  0.335023E+01  0.531828E+00  0.112784E+00
  0.335252E+01  0.684360E+00  0.113086E+00
  0.335480E+01  0.771609E+00  0.112339E+00
  0.335708E+01  0.480578E+00  0.112820E+00
  0.335937E+01  0.672158E+00  0.112009E+00
  0.336165E+01  0.492170E+00  0.112694E+00
  0.336394E+01  0.791946E+00  0.112624E+00
  0.336622E+01  0.817775E+00  0.112191E+00
  0.336851E+01  0.682530E+00  0.113215E+00
  0.337079E+01  0.633313E+00  0.112210E+00
  0.337308E+01  0.688428E+00  0.113162E+00
  0.337536E+01  0.499695E+00  0.112060E+00
  0.337765E+01  0.446004E+00  0.112463E+00
  0.337993E+01  0.283710E+00  0.112929E+00
  0.338222E+01  0.540980E+00  0.112393E+00
  0.338450E+01  0.415701E+00  0.112743E+00
  0.338678E+01  0.481391E+00  0.111928E+00
  0.338907E+01  0.528168E+00  0.112873E+00
  0.339135E+01  0.412650E+00  0.112978E+00
  0.339364E+01  0.382550E+00  0.112095E+00
  0.339592E+01  0.393329E+00  0.112847E+00
  0.339821E+01  0.580842E+00  0.111867E+00
  0.340049E+01  0.659752E+00  0.113119E+00
  0.340278E+01  0.422209E+00  0.112217E+00
  0.340506E+01  0.478340E+00  0.112242E+00
  0.340735E+01  0.696766E+00  0.112982E+00
  0.340963E+01  0.583893E+00  0.112523E+00
  0.341191E+01  0.509660E+00  0.113350E+00
  0.341420E+01  0.541387E+00  0.112102E+00
  0.341648E+01  0.716087E+00  0.112689E+00
  0.341877E+01  0.588570E+00  0.112690E+00
  0.342105E+01  0.750458E+00  0.112466E+00
  0.342334E+01  0.669107E+00  0.112843E+00
  0.342562E+01  0.305878E+00  0.112071E+00
  0.342791E+01  0.294285E+00  0.113006E+00
  0.343019E+01  0.312182E+00  0.113331E+00
  0.343248E+01  0.370958E+00  0.112027E+00
  0.343476E+01  0.724832E+00  0.112780E+00
  0.343704E+01  0.619687E+00  0.112283E+00
  0.343933E+01  0.554606E+00  0.113037E+00
  0.344161E+01  0.694326E+00  0.112578E+00
  0.344390E+01  0.459426E+00  0.112562E+00
  0.344618E+01  0.726256E+00  0.112858E+00
  0.344847E+01  0.765507E+00  0.112554E+00
  0.345075E+01  0.463087E+00  0.113041E+00
  0.345304E+01  0.361603E+00  0.112077E+00
  0.345532E+01  0.327639E+00  0.113034E+00
  0.345761E+01  0.645109E+00  0.113063E+00
  0.345989E+01  0.567012E+00  0.112561E+00
  0.346217E+01  0.238153E+00  0.112710E+00
  0.346446E+01  0.535692E+00  0.112018E+00
  0.346674E+01  0.540777E+00  0.113073E+00
  0.346903E+01  0.394956E+00  0.112524E+00
  0.347131E+01  0.507016E+00  0.112822E+00
  0.347360E+01  0.737442E+00  0.112856E+00
  0.347588E+01  0.835265E+00  0.112547E+00
  0.347817E+01  0.784015E+00  0.113530E+00
  0.348045E+01  0.513525E+00  0.112078E+00
  0.348274E+01  0.672768E+00  0.112868E+00
  0.348502E+01  0.641855E+00  0.112743E+00
  0.348730E+01  0.683750E+00  0.112555E+00
  0.348959E+01  0.674192E+00  0.113340E+00
  0.349187E+01  0.615416E+00  0.111692E+00
  0.349416E+01  0.521660E+00  0.113297E+00
  0.349644E+01  0.338011E+00  0.112859E+00
  0.349873E+01  0.292251E+00  0.112747E+00
  0.350101E+01  0.348383E+00  0.113000E+00
  0.350330E+01  0.417734E+00  0.111978E+00
  0.350558E+01  0.523693E+00  0.113309E+00
  0.350787E+01  0.659549E+00  0.112720E+00
  0.351015E+01  0.653854E+00  0.112663E+00
  0.351244E+01  0.406955E+00  0.113028E+00
  0.351472E+01  0.328249E+00  0.112301E+00
  0.351700E+01  0.157210E+00  0.113517E+00
  0.351929E+01  0.427700E+00  0.112118E+00
  0.352157E+01  0.175310E+00  0.112932E+00
  0.352386E+01  0.458613E+00  0.113292E+00
  0.352614E+01  0.553590E+00  0.112551E+00
  0.352843E+01  0.601790E+00  0.113789E+00
  0.353071E+01  0.521456E+00  0.111828E+00
  0.353300E+01  0.468375E+00  0.113144E+00
  0.353528E+01  0.620094E+00  0.112766E+00
  0.353757E+01  0.372382E+00  0.112862E+00
  0.353985E+01  0.544234E+00  0.113254E+00
  0.354213E+01  0.628432E+00  0.112514E+00
  0.354442E+01  0.761237E+00  0.113410E+00
  0.354670E+01  0.849502E+00  0.112835E+00
  0.354899E+01  0.626398E+00  0.112948E+00
  0.355127E+01  0.645922E+00  0.112981E+00
  0.355356E+01  0.424853E+00  0.112969E+00
  0.355584E+01  0.574334E+00  0.113810E+00
  0.355813E+01  0.552979E+00  0.112479E+00
  0.356041E+01  0.348180E+00  0.112989E+00
  0.356270E+01  0.491763E+00  0.112987E+00
  0.356498E+01  0.637991E+00  0.113077E+00
  0.356726E+01  0.298556E+00  0.113343E+00
  0.356955E+01  0.470612E+00  0.112498E+00
  0.357183E+01  0.359365E+00  0.113373E+00
  0.357412E+01  0.202766E+00  0.112685E+00
  0.357640E+01  0.317470E+00  0.113160E+00
  0.357869E+01  0.559284E+00  0.112907E+00
  0.358097E+01  0.634126E+00  0.112801E+00
  0.358326E+01  0.624975E+00  0.113626E+00
  0.358554E+01  0.598536E+00  0.112981E+00
  0.358783E+01  0.871263E+00  0.112943E+00
  0.359011E+01  0.675819E+00  0.113055E+00
  0.359239E+01  0.574537E+00  0.112738E+00
  0.359468E+01  0.271100E+00  0.114020E+00
  0.359696E+01  0.294895E+00  0.112870E+00
  0.359925E+01  0.204800E+00  0.113396E+00
  0.360153E+01  0.583893E+00  0.112985E+00
  0.360382E+01  0.583282E+00  0.113146E+00
  0.360610E+01  0.668497E+00  0.113528E+00
  0.360839E+01  0.712223E+00  0.112889E+00
  0.361067E+01  0.342485E+00  0.113700E+00
  0.361296E+01  0.410616E+00  0.112751E+00
  0.361524E+01  0.534065E+00  0.113502E+00
  0.361752E+01  0.632906E+00  0.113063E+00
  0.361981E+01  0.600366E+00  0.113008E+00
  0.362209E+01  0.661786E+00  0.113976E+00
  0.362438E+01  0.478544E+00  0.112652E+00
  0.362666E+01  0.493187E+00  0.113334E+00
  0.362895E+01  0.506203E+00  0.112766E+00
  0.363123E+01  0.664430E+00  0.113566E+00
  0.363352E+01  0.492170E+00  0.113699E+00
  0.363580E+01  0.460443E+00  0.112898E+00
  0.363809E+01  0.475086E+00  0.113514E+00
  0.364037E+01  0.820012E+00  0.113147E+00
  0.364265E+01  0.694529E+00  0.113944E+00
  0.364494E+01  0.736628E+00  0.113318E+00
  0.364722E+01  0.679276E+00  0.112892E+00
  0.364951E+01  0.299166E+00  0.114064E+00
  0.365179E+01  0.343909E+00  0.112886E+00
  0.365408E+01  0.734188E-01  0.114027E+00
  0.365636E+01  0.613382E+00  0.113130E+00
  0.365865E+01  0.477527E+00  0.113219E+00
  0.366093E+01  0.435835E+00  0.113996E+00
  0.366322E+01  0.546471E+00  0.113423E+00
  0.366550E+01  0.634330E+00  0.113839E+00
  0.366779E+01  0.450478E+00  0.113507E+00
  0.367007E+01  0.494204E+00  0.113732E+00
  0.367235E+01  0.417531E+00  0.114127E+00
  0.367464E+01  0.636974E+00  0.113057E+00
  0.367692E+01  0.865975E+00  0.113519E+00
  0.367921E+01  0.777507E+00  0.113427E+00
  0.368149E+01  0.737238E+00  0.114018E+00
  0.368378E+01  0.651413E+00  0.114248E+00
  0.368606E+01  0.671344E+00  0.112877E+00
  0.368835E+01  0.657921E+00  0.114134E+00
  0.369063E+01  0.622331E+00  0.113550E+00
  0.369292E+01  0.430954E+00  0.114223E+00
  0.369520E+01  0.255644E+00  0.113454E+00
  0.369748E+01  0.285337E+00  0.113233E+00
  0.369977E+01  0.339028E+00  0.114084E+00
  0.370205E+01  0.495424E+00  0.113418E+00
  0.370434E+01  0.509050E+00  0.113813E+00
  0.370662E+01  0.474070E+00  0.113725E+00
  0.370891E+01  0.488713E+00  0.113903E+00
  0.371119E+01  0.442953E+00  0.114279E+00
  0.371348E+01  0.483425E+00  0.113373E+00
  0.371576E+01  0.582469E+00  0.113907E+00
  0.371805E+01  0.499288E+00  0.113713E+00
  0.372033E+01  0.761033E+00  0.114204E+00
  0.372261E+01  0.887533E+00  0.114336E+00
  0.372490E+01  0.608704E+00  0.113542E+00
  0.372718E+01  0.568029E+00  0.114363E+00
  0.372947E+01  0.518609E+00  0.113639E+00
  0.373175E+01  0.558267E+00  0.114402E+00
  0.373404E+01  0.552979E+00  0.113768E+00
  0.373632E+01  0.474273E+00  0.114117E+00
  0.373861E+01  0.510474E+00  0.114757E+00
  0.374089E+01  0.282083E+00  0.113843E+00
  0.374318E+01  0.402481E+00  0.114071E+00
  0.374546E+01  0.649380E+00  0.113994E+00
  0.374774E+01  0.430344E+00  0.114575E+00
  0.375003E+01  0.556030E+00  0.114483E+00
  0.375231E+01  0.583893E+00  0.113715E+00
  0.375460E+01  0.583282E+00  0.114407E+00
  0.375688E+01  0.301403E+00  0.114282E+00
  0.375917E+01  0.504373E+00  0.114435E+00
  0.376145E+01  0.396177E+00  0.114370E+00
  0.376374E+01  0.438885E+00  0.113867E+00
  0.376602E+01  0.533862E+00  0.114683E+00
  0.376831E+01  0.379296E+00  0.114161E+00
  0.377059E+01  0.664430E+00  0.114278E+00
  0.377287E+01  0.600163E+00  0.114102E+00
  0.377516E+01  0.523490E+00  0.114043E+00
  0.377744E+01  0.451088E+00  0.114777E+00
  0.377973E+01  0.401871E+00  0.114447E+00
  0.378201E+01  0.449054E+00  0.114365E+00
  0.378430E+01  0.493594E+00  0.114751E+00
  0.378658E+01  0.592434E+00  0.114490E+00
  0.378887E+01  0.655684E+00  0.114928E+00
  0.379115E+01  0.559487E+00  0.114554E+00
  0.379344E+01  0.577588E+00  0.114418E+00
  0.379572E+01  0.490543E+00  0.114905E+00
  0.379800E+01  0.470002E+00  0.114696E+00
  0.380029E+01  0.490136E+00  0.114650E+00
  0.380257E+01  0.523490E+00  0.114533E+00
  0.380486E+01  0.599349E+00  0.114787E+00
  0.380714E+01  0.524914E+00  0.115005E+00
  0.380943E+01  0.446004E+00  0.114833E+00
  0.381171E+01  0.387431E+00  0.114650E+00
  0.381400E+01  0.261338E+00  0.114821E+00
  0.381628E+01  0.576571E+00  0.115070E+00
  0.381857E+01  0.522270E+00  0.114974E+00
  0.382085E+01  0.361399E+00  0.114618E+00
  0.382314E+01  0.723205E+00  0.115255E+00
  0.382542E+01  0.734188E+00  0.115083E+00
  0.382770E+01  0.726459E+00  0.114969E+00
  0.382999E+01  0.824080E+00  0.114922E+00
  0.383227E+01  0.720765E+00  0.115168E+00
  0.383456E+01  0.438275E+00  0.115070E+00
  0.383684E+01  0.297946E+00  0.114943E+00
  0.383913E+01  0.462477E+00  0.114870E+00
  0.384141E+01  0.501322E+00  0.114753E+00
  0.384370E+01  0.718934E+00  0.115320E+00
  0.384598E+01  0.721985E+00  0.115445E+00
  0.384827E+01  0.449258E+00  0.115484E+00
  0.385055E+01  0.555420E+00  0.115189E+00
  0.385283E+01  0.830791E+00  0.115739E+00
  0.385512E+01  0.613992E+00  0.115354E+00
  0.385740E+01  0.587960E+00  0.115463E+00
  0.385969E+01  0.703884E+00  0.115053E+00
  0.386197E+01  0.615619E+00  0.115520E+00
  0.386426E+01  0.551556E+00  0.115310E+00
  0.386654E+01  0.481391E+00  0.115322E+00
  0.386883E+01  0.229205E+00  0.115369E+00
  0.387111E+01  0.294082E+00  0.115172E+00
  0.387340E+01  0.473459E+00  0.115632E+00
  0.387568E+01  0.353061E+00  0.115943E+00
  0.387796E+01  0.685174E+00  0.115736E+00
  0.388025E+01  0.672768E+00  0.115735E+00
  0.388253E+01  0.539353E+00  0.115498E+00
  0.388482E+01  0.425869E+00  0.115637E+00
  0.388710E+01  0.619077E+00  0.115548E+00
  0.388939E+01  0.636567E+00  0.115364E+00
  0.389167E+01  0.487492E+00  0.116262E+00
  0.389396E+01  0.404718E+00  0.115850E+00
  0.389624E+01  0.513728E+00  0.115857E+00
  0.389853E+01  0.499085E+00  0.115430E+00
  0.390081E+01  0.426073E+00  0.115890E+00
  0.390309E+01  0.709782E+00  0.116220E+00
  0.390538E+01  0.557860E+00  0.116113E+00
  0.390766E+01  0.473663E+00  0.115776E+00
  0.390995E+01  0.514745E+00  0.115896E+00
  0.391223E+01  0.477120E+00  0.116030E+00
  0.391452E+01  0.361196E+00  0.116152E+00
  0.391680E+01  0.430344E+00  0.115664E+00
  0.391909E+01  0.176327E+00  0.116017E+00
  0.392137E+01  0.472239E+00  0.116661E+00
  0.392366E+01  0.451088E+00  0.116580E+00
  0.392594E+01  0.400041E+00  0.116140E+00
  0.392822E+01  0.593858E+00  0.115949E+00
  0.393051E+01  0.733374E+00  0.116560E+00
  0.393279E+01  0.665243E+00  0.116596E+00
  0.393508E+01  0.629042E+00  0.116544E+00
  0.393736E+01  0.625381E+00  0.116109E+00
  0.393965E+01  0.450681E+00  0.116301E+00
  0.394193E+01  0.543217E+00  0.116829E+00
  0.394422E+01  0.667277E+00  0.116705E+00
  0.394650E+01  0.796624E+00  0.116632E+00
  0.394879E+01  0.606264E+00  0.116856E+00
  0.395107E+01  0.757576E+00  0.117044E+00
  0.395336E+01  0.417124E+00  0.116850E+00
  0.395564E+01  0.532032E+00  0.116188E+00
  0.395792E+01  0.459630E+00  0.116422E+00
  0.396021E+01  0.430547E+00  0.116778E+00
  0.396249E+01  0.609925E+00  0.117333E+00
  0.396478E+01  0.677039E+00  0.117158E+00
  0.396706E+01  0.676632E+00  0.116595E+00
  0.396935E+01  0.706528E+00  0.117096E+00
  0.397163E+01  0.466138E+00  0.117268E+00
  0.397392E+01  0.486882E+00  0.116873E+00
  0.397620E+01  0.382144E+00  0.116739E+00
  0.397849E+01  0.210698E+00  0.116890E+00
  0.398077E+01  0.284116E+00  0.117251E+00
  0.398305E+01  0.398210E+00  0.116957E+00
  0.398534E+01  0.441936E+00  0.116993E+00
  0.398762E+01  0.332927E+00  0.117409E+00
  0.398991E+01  0.478951E+00  0.117265E+00
  0.399219E+01  0.861501E+00  0.118092E+00
  0.399448E+01  0.781167E+00  0.117269E+00
  0.399676E+01  0.661176E+00  0.116866E+00
  0.399905E+01  0.751678E+00  0.117708E+00
  0.400133E+01  0.467358E+00  0.117399E+00
  0.400362E+01  0.677852E+00  0.117570E+00
  0.400590E+01  0.705308E+00  0.117330E+00
  0.400818E+01  0.551149E+00  0.117657E+00
  0.401047E+01  0.635550E+00  0.118033E+00
  0.401275E+01  0.581859E+00  0.117330E+00
  0.401504E+01  0.448851E+00  0.117434E+00
  0.401732E+01  0.331096E+00  0.117669E+00
  0.401961E+01  0.473866E+00  0.117573E+00
  0.402189E+01  0.667277E+00  0.117968E+00
  0.402418E+01  0.544641E+00  0.117218E+00
  0.402646E+01  0.688835E+00  0.117671E+00
  0.402875E+01  0.783811E+00  0.118316E+00
  0.403103E+01  0.672158E+00  0.117930E+00
  0.403331E+01  0.689648E+00  0.118161E+00
  0.403560E+01  0.802318E+00  0.117651E+00
  0.403788E+01  0.756559E+00  0.118347E+00
  0.404017E+01  0.501932E+00  0.118386E+00
  0.404245E+01  0.692089E+00  0.118326E+00
  0.404474E+01  0.705308E+00  0.118246E+00
  0.404702E+01  0.509254E+00  0.118068E+00
  0.404931E+01  0.595078E+00  0.118468E+00
  0.405159E+01  0.585926E+00  0.118185E+00
  0.405388E+01  0.718528E+00  0.117806E+00
  0.405616E+01  0.789302E+00  0.118431E+00
  0.405844E+01  0.657515E+00  0.118953E+00
  0.406073E+01  0.391499E+00  0.118530E+00
  0.406301E+01  0.543828E+00  0.118561E+00
  0.406530E+01  0.531015E+00  0.118445E+00
  0.406758E+01  0.551352E+00  0.118633E+00
  0.406987E+01  0.721985E+00  0.119051E+00
  0.407215E+01  0.619280E+00  0.118666E+00
  0.407444E+01  0.886313E+00  0.118736E+00
  0.407672E+01  0.849502E+00  0.118854E+00
  0.407901E+01  0.825503E+00  0.119335E+00
  0.408129E+01  0.683954E+00  0.118652E+00
  0.408357E+01  0.601993E+00  0.118568E+00
  0.408586E+01  0.820216E+00  0.119554E+00
  0.408814E+01  0.632296E+00  0.119126E+00
  0.409043E+01  0.511084E+00  0.119167E+00
  0.409271E+01  0.697173E+00  0.118860E+00
  0.409500E+01  0.604840E+00  0.119244E+00
  0.409728E+01  0.430954E+00  0.119401E+00
  0.409957E+01  0.610128E+00  0.119357E+00
  0.410185E+01  0.771812E+00  0.119478E+00
  0.410414E+01  0.535082E+00  0.119237E+00
  0.410642E+01  0.590807E+00  0.119748E+00
  0.410871E+01  0.459426E+00  0.119337E+00
  0.411099E+01  0.259101E+00  0.119043E+00
  0.411327E+01  0.410006E+00  0.119319E+00
  0.411556E+01  0.449054E+00  0.119851E+00
  0.411784E+01  0.596909E+00  0.120265E+00
  0.412013E+01  0.803132E+00  0.119495E+00
  0.412241E+01  0.553996E+00  0.119261E+00
  0.412470E+01  0.588774E+00  0.119728E+00
  0.412698E+01  0.534065E+00  0.120046E+00
  0.412927E+01  0.669921E+00  0.119615E+00
  0.413155E+01  0.535082E+00  0.119894E+00
  0.413384E+01  0.448241E+00  0.120299E+00
  0.413612E+01  0.249136E+00  0.120237E+00
  0.413840E+01  0.462274E+00  0.119789E+00
  0.414069E+01  0.619483E+00  0.119783E+00
  0.414297E+01  0.332316E+00  0.119987E+00
  0.414526E+01  0.473663E+00  0.120114E+00
  0.414754E+01  0.370958E+00  0.120563E+00
  0.414983E+01  0.653651E+00  0.120349E+00
  0.415211E+01  0.701444E+00  0.120352E+00
  0.415440E+01  0.525727E+00  0.120861E+00
  0.415668E+01  0.322758E+00  0.120454E+00
  0.415897E+01  0.510881E+00  0.120271E+00
  0.416125E+01  0.596705E+00  0.120560E+00
  0.416353E+01  0.565385E+00  0.120555E+00
  0.416582E+01  0.474070E+00  0.120766E+00
  0.416810E+01  0.177344E+00  0.120592E+00
  0.417039E+01  0.196461E+00  0.120406E+00
  0.417267E+01  0.366280E+00  0.121040E+00
  0.417496E+01  0.386414E+00  0.121236E+00
  0.417724E+01  0.536099E+00  0.121182E+00
  0.417953E+01  0.453935E+00  0.120743E+00
  0.418181E+01  0.610332E+00  0.121383E+00
  0.418410E+01  0.552166E+00  0.121270E+00
  0.418638E+01  0.537116E+00  0.121134E+00
  0.418866E+01  0.602603E+00  0.121464E+00
  0.419095E+01  0.469392E+00  0.121071E+00
  0.419323E+01  0.419768E+00  0.121854E+00
  0.419552E+01  0.269677E+00  0.121455E+00
  0.419780E+01  0.462477E+00  0.120573E+00
  0.420009E+01  0.426480E+00  0.121624E+00
  0.420237E+01  0.481188E+00  0.121798E+00
  0.420466E+01  0.365874E+00  0.121885E+00
  0.420694E+01  0.513321E+00  0.121751E+00
  0.420923E+01  0.474273E+00  0.121032E+00
  0.421151E+01  0.631483E+00  0.122180E+00
  0.421379E+01  0.577181E+00  0.121881E+00
  0.421608E+01  0.763880E+00  0.122002E+00
  0.421836E+01  0.547488E+00  0.121807E+00
  0.422065E+01  0.884686E-01  0.121894E+00
  0.422293E+01  0.308318E+00  0.122214E+00
  0.422522E+01  0.201546E+00  0.122351E+00
  0.422750E+01  0.360789E+00  0.122218E+00
  0.422979E+01  0.658735E+00  0.122403E+00
  0.423207E+01  0.655278E+00  0.122867E+00
  0.423436E+01  0.457799E+00  0.122685E+00
  0.423664E+01  0.501729E+00  0.122249E+00
  0.423892E+01  0.422412E+00  0.122610E+00
  0.424121E+01  0.408176E+00  0.123037E+00
  0.424349E+01  0.792760E+00  0.123222E+00
  0.424578E+01  0.571690E+00  0.122986E+00
  0.424806E+01  0.540777E+00  0.122657E+00
  0.425035E+01  0.491967E+00  0.122682E+00
  0.425263E+01  0.720358E+00  0.123323E+00
  0.425492E+01  0.629449E+00  0.123106E+00
  0.425720E+01  0.405125E+00  0.123217E+00
  0.425949E+01  0.623144E+00  0.123525E+00
  0.426177E+01  0.519016E+00  0.123424E+00
  0.426406E+01  0.676225E+00  0.123759E+00
  0.426634E+01  0.394550E+00  0.123142E+00
  0.426862E+01  0.372788E+00  0.123597E+00
  0.427091E+01  0.651007E+00  0.123786E+00
  0.427319E+01  0.660565E+00  0.123675E+00
  0.427548E+01  0.676835E+00  0.123564E+00
  0.427776E+01  0.396177E+00  0.123469E+00
  0.428005E+01  0.413667E+00  0.124082E+00
  0.428233E+01  0.241611E+00  0.124028E+00
  0.428462E+01  0.343502E+00  0.123771E+00
  0.428690E+01  0.550946E+00  0.123892E+00
  0.428919E+01  0.396787E+00  0.124502E+00
  0.429147E+01  0.389262E+00  0.124241E+00
  0.429375E+01  0.712426E+00  0.124236E+00
  0.429604E+01  0.637787E+00  0.124480E+00
  0.429832E+01  0.448851E+00  0.124620E+00
  0.430061E+01  0.337604E+00  0.124962E+00
  0.430289E+01  0.443970E+00  0.124709E+00
  0.430518E+01  0.533862E+00  0.123994E+00
  0.430746E+01  0.590604E+00  0.124781E+00
  0.430975E+01  0.514338E+00  0.125066E+00
  0.431203E+01  0.406955E+00  0.125043E+00
  0.431432E+01  0.622941E+00  0.124872E+00
  0.431660E+01  0.666260E+00  0.125386E+00
  0.431888E+01  0.706732E+00  0.125617E+00
  0.432117E+01  0.896685E+00  0.125800E+00
  0.432345E+01  0.706528E+00  0.125507E+00
  0.432574E+01  0.656091E+00  0.125237E+00
  0.432802E+01  0.335164E+00  0.125574E+00
  0.433031E+01  0.296522E+00  0.125730E+00
  0.433259E+01  0.389872E+00  0.125470E+00
  0.433488E+01  0.379296E+00  0.125164E+00
  0.433716E+01  0.402888E+00  0.125851E+00
  0.433945E+01  0.645922E+00  0.126542E+00
  0.434173E+01  0.441123E+00  0.126310E+00
  0.434401E+01  0.564369E+00  0.126289E+00
  0.434630E+01  0.705308E+00  0.125770E+00
  0.434858E+01  0.624364E+00  0.126408E+00
  0.435087E+01  0.494000E+00  0.126161E+00
  0.435315E+01  0.256864E+00  0.125742E+00
  0.435544E+01  0.391702E+00  0.126662E+00
  0.435772E+01  0.644702E+00  0.127096E+00
  0.436001E+01  0.790726E+00  0.126867E+00
  0.436229E+01  0.441123E+00  0.126333E+00
  0.436458E+01  0.269067E+00  0.126412E+00
  0.436686E+01  0.468578E+00  0.127062E+00
  0.436914E+01  0.262762E+00  0.127335E+00
  0.437143E+01  0.400041E+00  0.127095E+00
  0.437371E+01  0.510474E+00  0.127284E+00
  0.437600E+01  0.148871E+00  0.126913E+00
  0.437828E+01  0.453935E+00  0.127684E+00
  0.438057E+01  0.614602E+00  0.127586E+00
  0.438285E+01  0.476103E+00  0.127402E+00
  0.438514E+01  0.315233E+00  0.127766E+00
  0.438742E+01  0.410209E+00  0.128118E+00
  0.438971E+01  0.280252E+00  0.127904E+00
  0.439199E+01  0.441529E+00  0.127367E+00
  0.439427E+01  0.401464E+00  0.128101E+00
  0.439656E+01  0.408786E+00  0.128308E+00
  0.439884E+01  0.495424E+00  0.128382E+00
  0.440113E+01  0.506000E+00  0.128086E+00
  0.440341E+01  0.710393E+00  0.128418E+00
  0.440570E+01  0.343299E+00  0.128399E+00
  0.440798E+01  0.561928E+00  0.128831E+00
  0.441027E+01  0.781574E+00  0.128453E+00
  0.441255E+01  0.479764E+00  0.128715E+00
  0.441484E+01  0.588367E+00  0.129114E+00
  0.441712E+01  0.608094E+00  0.129499E+00
  0.441941E+01  0.816962E+00  0.129357E+00
  0.442169E+01  0.571283E+00  0.128769E+00
  0.442397E+01  0.548709E+00  0.129471E+00
  0.442626E+01  0.524507E+00  0.129763E+00
  0.442854E+01  0.710596E+00  0.129674E+00
  0.443083E+01  0.732561E+00  0.129492E+00
  0.443311E+01  0.280456E+00  0.129667E+00
  0.443540E+01  0.422412E+00  0.130136E+00
  0.443768E+01  0.727069E+00  0.130237E+00
  0.443997E+01  0.594468E+00  0.129494E+00
  0.444225E+01  0.326825E+00  0.130182E+00
  0.444454E+01  0.370551E+00  0.130140E+00
  0.444682E+01  0.581249E+00  0.130743E+00
  0.444910E+01  0.592434E+00  0.130513E+00
  0.445139E+01  0.494407E+00  0.130379E+00
  0.445367E+01  0.707545E+00  0.131009E+00
  0.445596E+01  0.609721E+00  0.131464E+00
  0.445824E+01  0.445597E+00  0.130736E+00
  0.446053E+01  0.466748E+00  0.130506E+00
  0.446281E+01  0.173276E+00  0.130898E+00
  0.446510E+01  0.215375E+00  0.131345E+00
  0.446738E+01  0.278218E+00  0.131387E+00
  0.446967E+01  0.257881E+00  0.130977E+00
  0.447195E+01  0.110840E+00  0.131588E+00
  0.447423E+01  0.458003E+00  0.131966E+00
  0.447652E+01  0.402888E+00  0.131454E+00
  0.447880E+01  0.475900E-01  0.131643E+00
  0.448109E+01  0.338011E+00  0.131894E+00
  0.448337E+01  0.405328E+00  0.132242E+00
  0.448566E+01  0.500305E+00  0.132986E+00
  0.448794E+01  0.697173E+00  0.132041E+00
  0.449023E+01  0.692495E+00  0.131915E+00
  0.449251E+01  0.586537E+00  0.132883E+00
  0.449480E+01  0.532845E+00  0.132979E+00
  0.449708E+01  0.322351E+00  0.132605E+00
  0.449936E+01  0.463697E+00  0.132581E+00
  0.450165E+01  0.658125E+00  0.133095E+00
  0.450393E+01  0.720358E+00  0.133764E+00
  0.450622E+01  0.635754E+00  0.133378E+00
  0.450850E+01  0.918650E+00  0.133557E+00
  0.451079E+01  0.511897E+00  0.133842E+00
  0.451307E+01  0.553386E+00  0.133903E+00
  0.451536E+01  0.643278E+00  0.133848E+00
  0.451764E+01  0.514135E+00  0.133634E+00
  0.451993E+01  0.562742E+00  0.133936E+00
  0.452221E+01  0.456376E+00  0.134103E+00
  0.452449E+01  0.712630E+00  0.134929E+00
  0.452678E+01  0.543421E+00  0.134560E+00
  0.452906E+01  0.479967E+00  0.134342E+00
  0.453135E+01  0.474476E+00  0.134474E+00
  0.453363E+01  0.415497E+00  0.134576E+00
  0.453592E+01  0.630872E+00  0.135032E+00
  0.453820E+01  0.698393E+00  0.135224E+00
  0.454049E+01  0.588977E+00  0.135331E+00
  0.454277E+01  0.527151E+00  0.136103E+00
  0.454506E+01  0.242424E+00  0.135837E+00
  0.454734E+01  0.564775E+00  0.135141E+00
  0.454963E+01  0.643482E+00  0.135753E+00
  0.455191E+01  0.361603E+00  0.135822E+00
  0.455419E+01  0.220866E+00  0.136219E+00
  0.455648E+01  0.350010E+00  0.136232E+00
  0.455876E+01  0.560301E+00  0.136186E+00
  0.456105E+01  0.636160E+00  0.136714E+00
  0.456333E+01  0.155989E+00  0.136636E+00
  0.456562E+01  0.113484E+00  0.136231E+00
  0.456790E+01  0.675208E+00  0.137204E+00
  0.457019E+01  0.709579E+00  0.137255E+00
  0.457247E+01  0.587960E+00  0.137175E+00
  0.457476E+01  0.737645E+00  0.137258E+00
  0.457704E+01  0.645719E+00  0.137281E+00
  0.457932E+01  0.733781E+00  0.137943E+00
  0.458161E+01  0.789099E+00  0.138437E+00
  0.458389E+01  0.771812E+00  0.138340E+00
  0.458618E+01  0.784421E+00  0.138700E+00
  0.458846E+01  0.897295E+00  0.138460E+00
  0.459075E+01  0.745170E+00  0.138610E+00
  0.459303E+01  0.536303E+00  0.138816E+00
  0.459532E+01  0.263575E+00  0.139360E+00
  0.459760E+01  0.318894E+00  0.139146E+00
  0.459989E+01  0.548098E+00  0.139167E+00
  0.460217E+01  0.522880E+00  0.138817E+00
  0.460445E+01  0.316453E+00  0.139346E+00
  0.460674E+01  0.229001E+00  0.139271E+00
  0.460902E+01  0.358349E+00  0.140046E+00
  0.461131E+01  0.528168E+00  0.140380E+00
  0.461359E+01  0.541184E+00  0.140358E+00
  0.461588E+01  0.468172E+00  0.140476E+00
  0.461816E+01  0.486882E+00  0.140564E+00
  0.462045E+01  0.170226E+00  0.140571E+00
  0.462273E+01  0.372788E+00  0.140939E+00
  0.462502E+01  0.474273E+00  0.141230E+00
  0.462730E+01  0.398210E+00  0.141355E+00
  0.462958E+01  0.606467E+00  0.141342E+00
  0.463187E+01  0.548709E+00  0.141376E+00
  0.463415E+01  0.636770E+00  0.142244E+00
  0.463644E+01  0.805573E+00  0.142398E+00
  0.463872E+01  0.703681E+00  0.142485E+00
  0.464101E+01  0.653447E+00  0.142388E+00
  0.464329E+01  0.469189E+00  0.142323E+00
  0.464558E+01  0.631076E+00  0.142613E+00
  0.464786E+01  0.460037E+00  0.142832E+00
  0.465015E+01  0.365874E+00  0.143235E+00
  0.465243E+01  0.601790E+00  0.143860E+00
  0.465471E+01  0.254220E+00  0.143611E+00
  0.465700E+01  0.203986E+00  0.143439E+00
  0.465928E+01  0.513525E+00  0.143881E+00
  0.466157E+01  0.395160E+00  0.143800E+00
  0.466385E+01  0.584096E+00  0.144967E+00
  0.466614E+01  0.468782E+00  0.144594E+00
  0.466842E+01  0.679886E+00  0.145107E+00
  0.467071E+01  0.617043E+00  0.145363E+00
  0.467299E+01  0.558471E+00  0.144924E+00
  0.467528E+01  0.622127E+00  0.145864E+00
  0.467756E+01  0.616026E+00  0.145585E+00
  0.467984E+01  0.384787E+00  0.145815E+00
  0.468213E+01  0.365060E+00  0.145903E+00
  0.468441E+01  0.450275E+00  0.146409E+00
  0.468670E+01  0.267236E+00  0.146574E+00
  0.468898E+01  0.406549E+00  0.146981E+00
  0.469127E+01  0.237340E+00  0.146758E+00
  0.469355E+01  0.288794E+00  0.147791E+00
  0.469584E+01  0.417531E+00  0.147425E+00
  0.469812E+01  0.318487E+00  0.147594E+00
  0.470041E+01  0.430547E+00  0.147801E+00
  0.470269E+01  0.288591E+00  0.147903E+00
  0.470498E+01  0.439496E+00  0.149023E+00
  0.470726E+01  0.757576E+00  0.149139E+00
  0.470954E+01  0.465731E+00  0.149295E+00
  0.471183E+01  0.253000E+00  0.149457E+00
  0.471411E+01 -0.321334E-01  0.148898E+00
  0.471640E+01  0.256457E+00  0.149503E+00
  0.471868E+01  0.608908E+00  0.149741E+00
  0.472097E+01  0.104861E+01  0.150786E+00
  0.472325E+01  0.763270E+00  0.151024E+00
  0.472554E+01  0.639618E+00  0.151240E+00
  0.472782E+01  0.571283E+00  0.151005E+00
  0.473011E+01  0.733781E+00  0.151534E+00
  0.473239E+01  0.560708E+00  0.151430E+00
  0.473467E+01  0.504169E+00  0.151975E+00
  0.473696E+01  0.581859E+00  0.151987E+00
  0.473924E+01  0.791336E+00  0.152665E+00
  0.474153E+01  0.827130E+00  0.152405E+00
  0.474381E+01  0.529998E+00  0.152981E+00
  0.474610E+01  0.412650E+00  0.153209E+00
  0.474838E+01  0.445394E+00  0.153788E+00
  0.475067E+01  0.367501E+00  0.153956E+00
  0.475295E+01  0.701647E+00  0.154726E+00
  0.475524E+01  0.517592E+00  0.154138E+00
  0.475752E+01  0.363433E+00  0.154346E+00
  0.475980E+01  0.890787E-01  0.154771E+00
  0.476209E+01 -0.986374E-01  0.155297E+00
  0.476437E+01  0.219443E+00  0.155412E+00
  0.476666E+01  0.438479E+00  0.156718E+00
  0.476894E+01  0.444580E+00  0.156197E+00
  0.477123E+01  0.516982E+00  0.156525E+00
  0.477351E+01  0.641041E+00  0.156814E+00
  0.477580E+01  0.660159E+00  0.157291E+00
  0.477808E+01  0.422209E+00  0.157542E+00
  0.478037E+01  0.484645E+00  0.158035E+00
  0.478265E+01  0.529795E+00  0.158553E+00
  0.478493E+01  0.144194E+00  0.157835E+00
  0.478722E+01  0.215985E+00  0.158569E+00
  0.478950E+01  0.314826E+00  0.158799E+00
  0.479179E+01  0.244458E+00  0.159312E+00
  0.479407E+01  0.642262E+00  0.159867E+00
  0.479636E+01  0.226358E+00  0.160564E+00
  0.479864E+01  0.570266E+00  0.160929E+00
  0.480093E+01  0.652430E+00  0.161315E+00
  0.480321E+01  0.334350E+00  0.161932E+00
  0.480550E+01  0.308521E+00  0.161728E+00
  0.480778E+01  0.475290E+00  0.162534E+00
  0.481006E+01  0.403295E+00  0.162608E+00
  0.481235E+01  0.227781E+00  0.163299E+00
  0.481463E+01  0.539963E+00  0.163542E+00
  0.481692E+01  0.317063E+00  0.164876E+00
  0.481920E+01  0.315640E+00  0.164045E+00
  0.482149E+01  0.478544E+00  0.164899E+00
  0.482377E+01  0.574131E+00  0.165418E+00
  0.482606E+01  0.474273E+00  0.165394E+00
  0.482834E+01  0.528574E+00  0.165539E+00
  0.483063E+01  0.721171E+00  0.166885E+00
  0.483291E+01  0.602807E+00  0.166914E+00
  0.483519E+01  0.203173E+00  0.167054E+00
  0.483748E+01  0.430750E+00  0.168112E+00
  0.483976E+01  0.565589E+00  0.169224E+00
  0.484205E+01  0.373398E+00  0.168983E+00
  0.484433E+01  0.131584E+00  0.169414E+00
  0.484662E+01  0.268863E+00  0.169750E+00
  0.484890E+01  0.384584E+00  0.170224E+00
  0.485119E+01  0.521863E+00  0.171829E+00
  0.485347E+01  0.126093E+00  0.171466E+00
  0.485576E+01  0.484035E+00  0.172153E+00
  0.485804E+01  0.431157E+00  0.172839E+00
  0.486033E+01  0.155176E+00  0.173601E+00
  0.486261E+01  0.206833E+00  0.173309E+00
  0.486489E+01  0.256864E+00  0.174066E+00
  0.486718E+01  0.203173E+00  0.174753E+00
  0.486946E+01 -0.813504E-02  0.175142E+00
  0.487175E+01  0.323165E+00  0.176630E+00
  0.487403E+01  0.533049E+00  0.177151E+00
  0.487632E+01  0.842384E+00  0.177857E+00
  0.487860E+01  0.482611E+00  0.178253E+00
  0.488089E+01  0.654057E+00  0.178321E+00
  0.488317E+01  0.451291E+00  0.179640E+00
  0.488546E+01  0.394143E+00  0.179654E+00
  0.488774E+01  0.522270E+00  0.180967E+00
  0.489002E+01  0.293675E+00  0.181153E+00
  0.489231E+01  0.508033E+00  0.182559E+00
  0.489459E+01  0.419565E+00  0.182890E+00
  0.489688E+01  0.115518E+00  0.183783E+00
  0.489916E+01  0.174293E+00  0.184310E+00
  0.490145E+01  0.373805E+00  0.185073E+00
  0.490373E+01  0.140126E+00  0.185624E+00
  0.490602E+01  0.237136E+00  0.186507E+00
  0.490830E+01  0.338621E+00  0.187394E+00
  0.491059E+01  0.706528E+00  0.188698E+00
  0.491287E+01  0.762050E+00  0.190253E+00
  0.491515E+01  0.304047E+00  0.190642E+00
  0.491744E+01 -0.644702E-01  0.191120E+00
  0.491972E+01  0.114907E+00  0.192088E+00
  0.492201E+01  0.214968E+00  0.193741E+00
  0.492429E+01  0.451088E+00  0.194420E+00
  0.492658E+01  0.131788E+00  0.195557E+00
  0.492886E+01 -0.160667E+00  0.195537E+00
  0.493115E+01  0.132398E+00  0.197532E+00
  0.493343E+01  0.258084E+00  0.198609E+00
  0.493572E+01  0.698597E+00  0.200387E+00
  0.493800E+01  0.505796E+00  0.201758E+00
  0.494028E+01  0.429530E+00  0.201897E+00
  0.494257E+01  0.107342E+01  0.204244E+00
  0.494485E+01  0.379296E+00  0.204694E+00
  0.494714E+01  0.183242E+00  0.206432E+00
  0.494942E+01 -0.284320E+00  0.207757E+00
  0.495171E+01  0.528574E+00  0.209354E+00
  0.495399E+01  0.647956E+00  0.211029E+00
  0.495628E+01  0.913158E+00  0.213465E+00
----------D:\Calib_final\cal_020.dat-----------------------------
raw data file E:\data\Users2006\Stratos.0506\cal_020.mar2300                    
Sample:     aldolase     c=4.917  mg/ml Code :                                  
X33 MAR345 data take                                                            
Start: Thu May 18 15:42:14 2006End: 15:45:40                                    
Processed by MAR-PRIMUS: Thu May 18 15:45:57 2006                               
 Channels from 1  to         2485                                               
  Angular axis file saxis_20060511.dat                                          
 BeamCenter_X=    2196.400       BeamCenter_Y=    1137.900                      
 Datector response file none Mask file mask_20060511.msk                        
 Calibration channel            3                                               
 Scale factor   1000.00000000000       Offset    1000.00000000000               
----------D:\Calib_final\Avrag06.dat-----------------------------
 Average of: cal_019.da  cal_022.da                                             
cal_019.dat   Conc = .10E+01  Mult = .10E+01  N1 =    1  N2 = 2135  SCALE =  1  
cal_022.dat   Conc = .10E+01  Mult = .10E+01  N1 =    1  N2 = 2135  SCALE =  1  
