Sample description: NETRIN DCC56 AmS
Sample: NETRIN DCC56 Am  c= 2.8700 mg/ml  Code: RN11D56A
Parent(s): processed/subtracted/RN11D56A_0064_sub.dat
  5.355860e-02   1.232548e+03   1.340762e+02
  5.555710e-02   1.387317e+03   9.553449e+01
  5.755550e-02   1.353927e+03   7.522523e+01
  5.955390e-02   1.379285e+03   7.008028e+01
  6.155240e-02   1.389869e+03   6.207213e+01
  6.355080e-02   1.352154e+03   5.245244e+01
  6.554920e-02   1.371945e+03   5.177244e+01
  6.754770e-02   1.433358e+03   4.749066e+01
  6.954610e-02   1.276113e+03   4.739334e+01
  7.154450e-02   1.349837e+03   4.463958e+01
  7.354300e-02   1.368115e+03   4.326697e+01
  7.554140e-02   1.312556e+03   4.297861e+01
  7.753980e-02   1.330911e+03   4.067526e+01
  7.953830e-02   1.333007e+03   4.052021e+01
  8.153670e-02   1.321542e+03   3.816334e+01
  8.353510e-02   1.307899e+03   3.789631e+01
  8.553360e-02   1.291302e+03   3.761077e+01
  8.753200e-02   1.306375e+03   3.553073e+01
  8.953040e-02   1.323043e+03   3.617627e+01
  9.152890e-02   1.279331e+03   3.455369e+01
  9.352730e-02   1.238017e+03   3.502073e+01
  9.552570e-02   1.262980e+03   3.374333e+01
  9.752420e-02   1.286072e+03   3.253223e+01
  9.952260e-02   1.260190e+03   3.293871e+01
  1.015210e-01   1.195118e+03   3.111124e+01
  1.035190e-01   1.255834e+03   3.220430e+01
  1.055180e-01   1.289296e+03   3.102477e+01
  1.075160e-01   1.253837e+03   3.043887e+01
  1.095150e-01   1.255043e+03   3.075774e+01
  1.115130e-01   1.257168e+03   2.957104e+01
  1.135120e-01   1.190068e+03   2.980161e+01
  1.155100e-01   1.216433e+03   2.872395e+01
  1.175080e-01   1.220425e+03   2.877075e+01
  1.195070e-01   1.186541e+03   2.863931e+01
  1.215050e-01   1.204290e+03   2.775187e+01
  1.235040e-01   1.203410e+03   2.783217e+01
  1.255020e-01   1.210418e+03   2.719308e+01
  1.275010e-01   1.160153e+03   2.711906e+01
  1.294990e-01   1.211364e+03   2.722780e+01
  1.314980e-01   1.183326e+03   2.612489e+01
  1.334960e-01   1.185500e+03   2.639863e+01
  1.354940e-01   1.121140e+03   2.581599e+01
  1.374930e-01   1.115135e+03   2.579712e+01
  1.394910e-01   1.126833e+03   2.523859e+01
  1.414900e-01   1.125993e+03   2.483274e+01
  1.434880e-01   1.096024e+03   2.505952e+01
  1.454870e-01   1.132507e+03   2.462444e+01
  1.474850e-01   1.146784e+03   2.500988e+01
  1.494830e-01   1.136197e+03   2.389695e+01
  1.514820e-01   1.086050e+03   2.417480e+01
  1.534800e-01   1.150728e+03   2.380619e+01
  1.554790e-01   1.094591e+03   2.362349e+01
  1.574770e-01   1.135492e+03   2.413740e+01
  1.594760e-01   1.063507e+03   2.265657e+01
  1.614740e-01   1.075981e+03   2.335501e+01
  1.634720e-01   1.100947e+03   2.298353e+01
  1.654710e-01   1.112663e+03   2.235433e+01
  1.674690e-01   1.060852e+03   2.267111e+01
  1.694680e-01   1.042193e+03   2.214562e+01
  1.714660e-01   1.081620e+03   2.242016e+01
  1.734650e-01   1.065598e+03   2.181836e+01
  1.754630e-01   1.050536e+03   2.186690e+01
  1.774610e-01   1.033342e+03   2.174944e+01
  1.794600e-01   1.022840e+03   2.125153e+01
  1.814580e-01   1.044595e+03   2.120368e+01
  1.834570e-01   1.023988e+03   2.095578e+01
  1.854550e-01   1.002827e+03   2.100236e+01
  1.874540e-01   9.938822e+02   2.132667e+01
  1.894520e-01   1.036300e+03   2.102817e+01
  1.914510e-01   1.039101e+03   2.130670e+01
  1.934490e-01   9.816882e+02   2.108031e+01
  1.954470e-01   9.789188e+02   2.161149e+01
  1.974460e-01   9.819185e+02   2.141092e+01
  1.994440e-01   9.606544e+02   2.117016e+01
  2.014430e-01   1.000521e+03   2.114431e+01
  2.034410e-01   9.352822e+02   2.110611e+01
  2.054400e-01   9.346411e+02   2.109486e+01
  2.074380e-01   9.367882e+02   2.095549e+01
  2.094360e-01   9.509892e+02   2.129891e+01
  2.114350e-01   9.427986e+02   2.109798e+01
  2.134330e-01   9.586188e+02   2.161540e+01
  2.154320e-01   9.437122e+02   2.196137e+01
  2.174300e-01   9.461714e+02   2.121363e+01
  2.194290e-01   9.503857e+02   2.211696e+01
  2.214270e-01   9.248000e+02   2.200483e+01
  2.234250e-01   9.573878e+02   2.231644e+01
  2.254240e-01   8.643662e+02   2.204975e+01
  2.274220e-01   8.753659e+02   2.186369e+01
  2.294210e-01   9.092397e+02   2.254122e+01
  2.314190e-01   9.034540e+02   2.231393e+01
  2.334180e-01   8.433296e+02   2.231319e+01
  2.354160e-01   8.711091e+02   2.243549e+01
  2.374140e-01   8.334443e+02   2.237614e+01
  2.394130e-01   8.692930e+02   2.291829e+01
  2.414110e-01   8.363589e+02   2.216909e+01
  2.434100e-01   8.734422e+02   2.289558e+01
  2.454080e-01   8.462568e+02   2.265808e+01
  2.474070e-01   8.456317e+02   2.196849e+01
  2.494050e-01   8.443840e+02   2.151775e+01
  2.514040e-01   7.975192e+02   2.079543e+01
  2.534020e-01   8.103098e+02   2.133782e+01
  2.554000e-01   8.037425e+02   2.067145e+01
  2.573990e-01   8.518150e+02   2.132385e+01
  2.593970e-01   8.230554e+02   2.076217e+01
  2.613960e-01   8.348265e+02   2.083287e+01
  2.633940e-01   8.168997e+02   2.075903e+01
  2.653930e-01   7.835150e+02   2.008165e+01
  2.673910e-01   8.182854e+02   2.025377e+01
  2.693890e-01   7.923411e+02   2.032932e+01
  2.713880e-01   7.903084e+02   1.999980e+01
  2.733860e-01   7.711718e+02   2.024724e+01
  2.753850e-01   7.773143e+02   1.961766e+01
  2.773830e-01   7.727812e+02   1.982546e+01
  2.793820e-01   7.339415e+02   1.947089e+01
  2.813800e-01   7.585425e+02   1.940657e+01
  2.833780e-01   7.537408e+02   1.955456e+01
  2.853770e-01   7.344059e+02   1.896822e+01
  2.873750e-01   7.366854e+02   1.929426e+01
  2.893740e-01   7.683641e+02   1.905063e+01
  2.913720e-01   7.308045e+02   1.921237e+01
  2.933710e-01   7.138613e+02   1.903267e+01
  2.953690e-01   7.154070e+02   1.868451e+01
  2.973670e-01   6.934307e+02   1.886968e+01
  2.993660e-01   7.295672e+02   1.876916e+01
  3.013640e-01   7.191749e+02   1.875849e+01
  3.033630e-01   7.072777e+02   1.852883e+01
  3.053610e-01   6.852066e+02   1.828149e+01
  3.073600e-01   6.985683e+02   1.868050e+01
  3.093580e-01   6.997408e+02   1.815102e+01
  3.113570e-01   7.014164e+02   1.823726e+01
  3.133550e-01   6.812829e+02   1.840520e+01
  3.153530e-01   7.075666e+02   1.836456e+01
  3.173520e-01   6.910045e+02   1.822191e+01
  3.193500e-01   6.601202e+02   1.780676e+01
  3.213490e-01   6.583906e+02   1.791429e+01
  3.233470e-01   6.532934e+02   1.816834e+01
  3.253460e-01   6.823237e+02   1.779636e+01
  3.273440e-01   6.427000e+02   1.781768e+01
  3.293420e-01   6.421937e+02   1.752870e+01
  3.313410e-01   6.590589e+02   1.761068e+01
  3.333390e-01   6.153645e+02   1.762353e+01
  3.353380e-01   6.593763e+02   1.727905e+01
  3.373360e-01   6.419021e+02   1.754940e+01
  3.393350e-01   6.244732e+02   1.724994e+01
  3.413330e-01   6.165066e+02   1.729583e+01
  3.433310e-01   6.188376e+02   1.727833e+01
  3.453300e-01   6.178418e+02   1.706002e+01
  3.473280e-01   6.211561e+02   1.717460e+01
  3.493270e-01   5.967763e+02   1.706267e+01
  3.513250e-01   6.074944e+02   1.720985e+01
  3.533240e-01   6.466401e+02   1.669937e+01
  3.553220e-01   5.843460e+02   1.707246e+01
  3.573200e-01   6.008087e+02   1.695528e+01
  3.593190e-01   6.028334e+02   1.692303e+01
  3.613170e-01   5.953453e+02   1.670735e+01
  3.633160e-01   5.746331e+02   1.690133e+01
  3.653140e-01   5.929899e+02   1.734245e+01
  3.673130e-01   5.593077e+02   1.719168e+01
  3.693110e-01   5.870024e+02   1.738086e+01
  3.713090e-01   5.670240e+02   1.731579e+01
  3.733080e-01   5.880202e+02   1.736171e+01
  3.753060e-01   5.439206e+02   1.750023e+01
  3.773050e-01   5.690902e+02   1.703034e+01
  3.793030e-01   5.470571e+02   1.677311e+01
  3.813020e-01   5.654554e+02   1.681661e+01
  3.833000e-01   5.368153e+02   1.691847e+01
  3.852990e-01   5.318948e+02   1.655342e+01
  3.872970e-01   5.250927e+02   1.637429e+01
  3.892950e-01   5.291167e+02   1.639545e+01
  3.912940e-01   5.294547e+02   1.623521e+01
  3.932920e-01   5.517066e+02   1.645303e+01
  3.952910e-01   5.227502e+02   1.601480e+01
  3.972890e-01   5.158979e+02   1.624819e+01
  3.992880e-01   5.122631e+02   1.618647e+01
  4.012860e-01   5.203850e+02   1.595839e+01
  4.032840e-01   5.048941e+02   1.602657e+01
  4.052830e-01   5.169415e+02   1.577893e+01
  4.072810e-01   5.041000e+02   1.595762e+01
  4.092800e-01   4.895690e+02   1.590990e+01
  4.112780e-01   4.915540e+02   1.542526e+01
  4.132770e-01   5.053875e+02   1.562552e+01
  4.152750e-01   4.806321e+02   1.539170e+01
  4.172730e-01   4.846049e+02   1.549820e+01
  4.192720e-01   4.961272e+02   1.525864e+01
  4.212700e-01   4.765962e+02   1.528576e+01
  4.232690e-01   4.783042e+02   1.520849e+01
  4.252670e-01   4.819714e+02   1.490943e+01
  4.272660e-01   4.738286e+02   1.519558e+01
  4.292640e-01   4.740268e+02   1.484110e+01
  4.312620e-01   4.579753e+02   1.492142e+01
  4.332610e-01   4.693216e+02   1.519900e+01
  4.352590e-01   4.580045e+02   1.478028e+01
  4.372580e-01   4.642575e+02   1.465322e+01
  4.392560e-01   4.609662e+02   1.468731e+01
  4.412550e-01   4.416432e+02   1.503124e+01
  4.432530e-01   4.390847e+02   1.494165e+01
  4.452520e-01   4.441167e+02   1.452903e+01
  4.472500e-01   4.364150e+02   1.478718e+01
  4.492480e-01   4.598488e+02   1.449270e+01
  4.512470e-01   4.056610e+02   1.458809e+01
  4.532450e-01   4.367401e+02   1.471464e+01
  4.552440e-01   4.425362e+02   1.454695e+01
  4.572420e-01   4.501237e+02   1.471206e+01
  4.592410e-01   4.254749e+02   1.451359e+01
  4.612390e-01   4.300794e+02   1.447382e+01
  4.632370e-01   4.354638e+02   1.431870e+01
  4.652360e-01   4.199913e+02   1.428905e+01
  4.672340e-01   4.287798e+02   1.439194e+01
  4.692330e-01   3.971509e+02   1.432653e+01
  4.712310e-01   4.121902e+02   1.432007e+01
  4.732300e-01   4.439547e+02   1.423784e+01
  4.752280e-01   3.884826e+02   1.431489e+01
  4.772260e-01   4.385077e+02   1.413791e+01
  4.792250e-01   3.843223e+02   1.404878e+01
  4.812230e-01   4.069077e+02   1.406716e+01
  4.832220e-01   4.005955e+02   1.395549e+01
  4.852200e-01   4.064115e+02   1.404717e+01
  4.872190e-01   3.948045e+02   1.402513e+01
  4.892170e-01   4.026146e+02   1.396252e+01
  4.912150e-01   3.977233e+02   1.396361e+01
  4.932140e-01   3.942902e+02   1.382829e+01
  4.952120e-01   3.762564e+02   1.388410e+01
  4.972110e-01   3.587599e+02   1.365956e+01
  4.992090e-01   3.972666e+02   1.384251e+01
  5.012080e-01   3.835481e+02   1.375137e+01
  5.032060e-01   3.912376e+02   1.367027e+01
  5.052050e-01   3.934463e+02   1.383263e+01
  5.072030e-01   3.694951e+02   1.357755e+01
  5.092010e-01   3.458868e+02   1.373832e+01
  5.112000e-01   3.574704e+02   1.343876e+01
  5.131980e-01   3.638979e+02   1.355544e+01
  5.151970e-01   3.602815e+02   1.357744e+01
  5.171950e-01   3.701906e+02   1.338873e+01
  5.191940e-01   3.525310e+02   1.363049e+01
  5.211920e-01   3.529882e+02   1.335556e+01
  5.231900e-01   3.616401e+02   1.328559e+01
  5.251890e-01   3.441178e+02   1.346637e+01
  5.271870e-01   3.444394e+02   1.314384e+01
  5.291860e-01   3.515770e+02   1.340823e+01
  5.311840e-01   3.572470e+02   1.312987e+01
  5.331830e-01   3.573042e+02   1.319766e+01
  5.351810e-01   3.694582e+02   1.330200e+01
  5.371790e-01   3.345854e+02   1.305009e+01
  5.391780e-01   3.479669e+02   1.307984e+01
  5.411760e-01   3.358188e+02   1.291736e+01
  5.431750e-01   3.549251e+02   1.317317e+01
  5.451730e-01   3.432495e+02   1.311953e+01
  5.471720e-01   3.431233e+02   1.295899e+01
  5.491700e-01   3.149436e+02   1.309567e+01
  5.511680e-01   3.440153e+02   1.280249e+01
  5.531670e-01   3.308153e+02   1.300756e+01
  5.551650e-01   3.379990e+02   1.306003e+01
  5.571640e-01   3.365373e+02   1.282103e+01
  5.591620e-01   3.115739e+02   1.288633e+01
  5.611610e-01   3.252937e+02   1.286548e+01
  5.631590e-01   3.386822e+02   1.272554e+01
  5.651580e-01   3.270780e+02   1.272688e+01
  5.671560e-01   3.166826e+02   1.281446e+01
  5.691540e-01   3.048690e+02   1.270371e+01
  5.711530e-01   3.035456e+02   1.273870e+01
  5.731510e-01   3.259139e+02   1.258033e+01
  5.751500e-01   3.017317e+02   1.251871e+01
  5.771480e-01   3.126826e+02   1.267890e+01
  5.791470e-01   3.014993e+02   1.262136e+01
  5.811450e-01   2.922084e+02   1.260144e+01
  5.831430e-01   2.923826e+02   1.246910e+01
  5.851420e-01   3.200010e+02   1.257355e+01
  5.871400e-01   2.863784e+02   1.245736e+01
  5.891390e-01   3.047808e+02   1.232869e+01
  5.911370e-01   3.033091e+02   1.244390e+01
  5.931360e-01   2.621202e+02   1.237031e+01
  5.951340e-01   2.939369e+02   1.246411e+01
  5.971320e-01   3.085174e+02   1.232848e+01
  5.991310e-01   3.171122e+02   1.216401e+01
  6.011290e-01   3.046157e+02   1.236508e+01
  6.031280e-01   2.935659e+02   1.228483e+01
  6.051260e-01   2.790812e+02   1.234923e+01
  6.071250e-01   2.858948e+02   1.228044e+01
  6.091230e-01   2.883334e+02   1.212044e+01
  6.111210e-01   2.730446e+02   1.220348e+01
  6.131200e-01   2.677840e+02   1.208103e+01
  6.151180e-01   2.804645e+02   1.212182e+01
  6.171170e-01   2.783767e+02   1.203701e+01
  6.191150e-01   2.711300e+02   1.212872e+01
  6.211140e-01   2.789805e+02   1.214405e+01
  6.231120e-01   2.756760e+02   1.187682e+01
  6.251110e-01   2.542429e+02   1.226432e+01
  6.271090e-01   2.416554e+02   1.246259e+01
  6.291070e-01   2.618523e+02   1.257679e+01
  6.311060e-01   2.586310e+02   1.266539e+01
  6.331040e-01   2.679202e+02   1.240985e+01
  6.351030e-01   2.512488e+02   1.268658e+01
  6.371010e-01   2.436753e+02   1.297879e+01
  6.391000e-01   2.582038e+02   1.293378e+01
  6.410980e-01   2.549108e+02   1.276254e+01
  6.430960e-01   2.566429e+02   1.286112e+01
  6.450950e-01   2.336585e+02   1.300636e+01
  6.470930e-01   2.525125e+02   1.284018e+01
  6.490920e-01   2.507679e+02   1.288443e+01
  6.510900e-01   2.521509e+02   1.280400e+01
  6.530890e-01   2.169035e+02   1.275479e+01
  6.550870e-01   2.598066e+02   1.302960e+01
  6.570850e-01   2.453666e+02   1.266440e+01
  6.590840e-01   2.373505e+02   1.284742e+01
  6.610820e-01   2.600899e+02   1.266341e+01
  6.630810e-01   2.485843e+02   1.275246e+01
  6.650790e-01   2.499359e+02   1.287614e+01
  6.670780e-01   2.454930e+02   1.261192e+01
  6.690760e-01   2.324463e+02   1.294110e+01
  6.710740e-01   2.318390e+02   1.251945e+01
  6.730730e-01   2.336798e+02   1.240686e+01
  6.750710e-01   2.330394e+02   1.216033e+01
  6.770700e-01   2.286909e+02   1.224685e+01
  6.790680e-01   2.090014e+02   1.224841e+01
  6.810670e-01   2.364202e+02   1.219392e+01
  6.830650e-01   2.236024e+02   1.215550e+01
  6.850630e-01   2.181582e+02   1.197616e+01
  6.870620e-01   2.224129e+02   1.207729e+01
  6.890600e-01   2.449624e+02   1.208588e+01
  6.910590e-01   2.322484e+02   1.181970e+01
  6.930570e-01   2.230909e+02   1.187334e+01
  6.950560e-01   2.353634e+02   1.182759e+01
  6.970540e-01   2.315585e+02   1.201593e+01
  6.990530e-01   2.256056e+02   1.190606e+01
  7.010510e-01   2.300223e+02   1.154455e+01
  7.030490e-01   2.003017e+02   1.182656e+01
  7.050480e-01   2.042857e+02   1.152686e+01
  7.070460e-01   2.050192e+02   1.173464e+01
  7.090450e-01   2.134484e+02   1.154338e+01
  7.110430e-01   2.094390e+02   1.161122e+01
  7.130420e-01   2.018679e+02   1.167470e+01
  7.150400e-01   2.133603e+02   1.155199e+01
  7.170380e-01   2.023544e+02   1.145466e+01
  7.190370e-01   2.121770e+02   1.148964e+01
  7.210350e-01   2.144279e+02   1.148130e+01
  7.230340e-01   1.906073e+02   1.147450e+01
  7.250320e-01   2.223801e+02   1.135559e+01
  7.270310e-01   1.959446e+02   1.138549e+01
  7.290290e-01   1.856784e+02   1.129111e+01
  7.310270e-01   1.992822e+02   1.129527e+01
  7.330260e-01   2.083042e+02   1.125533e+01
  7.350240e-01   2.007258e+02   1.120835e+01
  7.370230e-01   2.019568e+02   1.127488e+01
  7.390210e-01   1.845774e+02   1.101839e+01
  7.410200e-01   1.895617e+02   1.120682e+01
  7.430180e-01   1.944355e+02   1.109961e+01
  7.450160e-01   1.868993e+02   1.118487e+01
  7.470150e-01   1.940181e+02   1.120568e+01
  7.490130e-01   1.955369e+02   1.099980e+01
  7.510120e-01   1.643331e+02   1.100279e+01
  7.530100e-01   1.860634e+02   1.103215e+01
  7.550090e-01   1.726756e+02   1.112031e+01
  7.570070e-01   1.707498e+02   1.108759e+01
  7.590060e-01   1.747237e+02   1.085480e+01
  7.610040e-01   1.971732e+02   1.094838e+01
  7.630020e-01   1.845031e+02   1.097085e+01
  7.650010e-01   1.825272e+02   1.105284e+01
  7.669990e-01   1.704885e+02   1.099075e+01
  7.689980e-01   1.696686e+02   1.084981e+01
  7.709960e-01   1.660279e+02   1.097805e+01
  7.729950e-01   1.815882e+02   1.087283e+01
  7.749930e-01   1.670188e+02   1.084112e+01
  7.769910e-01   1.410122e+02   1.075122e+01
  7.789900e-01   1.539833e+02   1.089354e+01
  7.809880e-01   1.595063e+02   1.084723e+01
  7.829870e-01   1.576195e+02   1.080086e+01
  7.849850e-01   1.823024e+02   1.065927e+01
  7.869840e-01   1.802296e+02   1.076797e+01
  7.889820e-01   1.487251e+02   1.078148e+01
  7.909800e-01   1.517084e+02   1.070516e+01
  7.929790e-01   1.478240e+02   1.054831e+01
  7.949770e-01   1.334791e+02   1.054925e+01
  7.969760e-01   1.607693e+02   1.057647e+01
  7.989740e-01   1.713373e+02   1.063824e+01
  8.009730e-01   1.521770e+02   1.060018e+01
  8.029710e-01   1.447174e+02   1.055145e+01
  8.049690e-01   1.798314e+02   1.060800e+01
  8.069680e-01   1.488348e+02   1.044495e+01
  8.089660e-01   1.489655e+02   1.061411e+01
  8.109650e-01   1.675369e+02   1.041895e+01
  8.129630e-01   1.529868e+02   1.054342e+01
  8.149620e-01   1.561686e+02   1.049641e+01
  8.169600e-01   1.650829e+02   1.052139e+01
  8.189590e-01   1.584024e+02   1.039562e+01
  8.209570e-01   1.535484e+02   1.030962e+01
  8.229550e-01   1.422819e+02   1.046216e+01
  8.249540e-01   1.540463e+02   1.038741e+01
  8.269520e-01   1.550557e+02   1.030216e+01
  8.289510e-01   1.357038e+02   1.044303e+01
  8.309490e-01   1.558763e+02   1.029367e+01
  8.329480e-01   1.317080e+02   1.040681e+01
  8.349460e-01   1.407617e+02   1.024418e+01
  8.369440e-01   1.538564e+02   1.023110e+01
  8.389430e-01   1.243620e+02   1.031043e+01
  8.409410e-01   1.440895e+02   1.016870e+01
  8.429400e-01   1.442700e+02   1.028617e+01
  8.449380e-01   1.207693e+02   1.021933e+01
  8.469370e-01   1.367624e+02   1.029131e+01
  8.489350e-01   1.171443e+02   1.032645e+01
  8.509330e-01   1.408460e+02   1.015223e+01
  8.529320e-01   1.461735e+02   1.019133e+01
  8.549300e-01   1.426429e+02   9.967345e+00
  8.569290e-01   1.408286e+02   1.015154e+01
  8.589270e-01   1.529746e+02   1.010949e+01
  8.609260e-01   1.200767e+02   1.002035e+01
  8.629240e-01   1.256003e+02   1.013475e+01
  8.649220e-01   1.257599e+02   1.010888e+01
  8.669210e-01   1.309383e+02   1.010438e+01
  8.689190e-01   1.481105e+02   1.005014e+01
  8.709180e-01   1.490801e+02   9.945146e+00
  8.729160e-01   1.094763e+02   9.987397e+00
  8.749150e-01   1.302449e+02   1.003004e+01
  8.769130e-01   1.365707e+02   9.965178e+00
  8.789120e-01   1.260815e+02   9.964202e+00
  8.809100e-01   1.330449e+02   9.987303e+00
  8.829080e-01   1.232185e+02   1.002217e+01
  8.849070e-01   1.314049e+02   1.000502e+01
  8.869050e-01   1.245150e+02   9.900272e+00
  8.889040e-01   1.287380e+02   9.959606e+00
  8.909020e-01   1.071850e+02   9.966498e+00
  8.929010e-01   1.184662e+02   9.926909e+00
  8.948990e-01   1.204526e+02   9.757477e+00
  8.968970e-01   1.131146e+02   9.777338e+00
  8.988960e-01   1.369474e+02   9.827181e+00
  9.008940e-01   1.299972e+02   9.849997e+00
  9.028930e-01   1.022993e+02   9.757387e+00
  9.048910e-01   1.049986e+02   9.794115e+00
  9.068900e-01   1.119449e+02   9.724307e+00
  9.088880e-01   1.326066e+02   9.779693e+00
  9.108860e-01   1.159878e+02   9.771223e+00
  9.128850e-01   1.190868e+02   9.694460e+00
  9.148830e-01   1.081209e+02   9.723983e+00
  9.168820e-01   1.132801e+02   9.741307e+00
  9.188800e-01   1.081599e+02   9.746240e+00
  9.208790e-01   9.819024e+01   9.581652e+00
  9.228770e-01   1.187383e+02   9.678868e+00
  9.248750e-01   1.134711e+02   9.737937e+00
  9.268740e-01   1.106571e+02   9.722498e+00
  9.288720e-01   1.147801e+02   9.629822e+00
  9.308710e-01   9.568223e+01   9.711209e+00
  9.328690e-01   1.053798e+02   9.684666e+00
  9.348680e-01   1.103599e+02   9.653463e+00
  9.368660e-01   1.037878e+02   9.646059e+00
  9.388640e-01   1.125237e+02   9.560338e+00
  9.408630e-01   1.060153e+02   9.598631e+00
  9.428610e-01   8.949791e+01   9.609247e+00
  9.448600e-01   1.035993e+02   9.551571e+00
  9.468580e-01   1.049711e+02   9.462843e+00
  9.488570e-01   1.151202e+02   9.552557e+00
  9.508550e-01   1.303540e+02   9.564509e+00
  9.528540e-01   1.182760e+02   9.518767e+00
  9.548520e-01   9.740976e+01   9.502923e+00
  9.568500e-01   9.594948e+01   9.567429e+00
  9.588490e-01   9.657735e+01   9.545599e+00
  9.608470e-01   9.024774e+01   9.523599e+00
  9.628460e-01   1.132240e+02   9.510125e+00
  9.648440e-01   1.069885e+02   9.532185e+00
  9.668430e-01   9.450279e+01   9.549836e+00
  9.688410e-01   1.069188e+02   9.465362e+00
  9.708390e-01   9.419965e+01   9.359432e+00
  9.728380e-01   7.859303e+01   9.399843e+00
  9.748360e-01   1.039557e+02   9.411408e+00
  9.768350e-01   8.676655e+01   9.483948e+00
  9.788330e-01   1.006199e+02   9.460160e+00
  9.808320e-01   9.081638e+01   9.312422e+00
  9.828300e-01   1.006087e+02   9.398578e+00
  9.848280e-01   9.834390e+01   9.315474e+00
  9.868270e-01   1.033101e+02   9.387861e+00
  9.888250e-01   1.005690e+02   9.283153e+00
  9.908240e-01   9.672404e+01   9.304927e+00
  9.928220e-01   9.703902e+01   9.383467e+00
  9.948210e-01   1.010429e+02   9.337139e+00
  9.968190e-01   9.602753e+01   9.344669e+00
  9.988170e-01   8.900209e+01   9.302456e+00
  1.000820e+00   9.029721e+01   9.399066e+00
  1.002810e+00   8.495261e+01   9.306822e+00
  1.004810e+00   6.850418e+01   9.159561e+00
  1.006810e+00   8.364042e+01   9.280202e+00
  1.008810e+00   9.320976e+01   9.242735e+00
  1.010810e+00   9.465226e+01   9.333038e+00
  1.012810e+00   7.863031e+01   9.292578e+00
  1.014800e+00   9.597944e+01   9.232728e+00
  1.016800e+00   8.080662e+01   9.274038e+00
  1.018800e+00   9.462125e+01   9.087679e+00
  1.020800e+00   6.497805e+01   9.257976e+00
  1.022800e+00   8.118711e+01   9.137080e+00
  1.024800e+00   7.828815e+01   9.195728e+00
  1.026800e+00   8.753798e+01   9.193861e+00
  1.028790e+00   1.005024e+02   9.103021e+00
  1.030790e+00   7.813693e+01   9.184854e+00
  1.032790e+00   1.032188e+02   9.099265e+00
  1.034790e+00   7.753240e+01   9.109369e+00
  1.036790e+00   8.267909e+01   9.174714e+00
  1.038790e+00   9.064669e+01   9.052596e+00
  1.040780e+00   9.007143e+01   9.133056e+00
  1.042780e+00   9.362439e+01   9.046777e+00
  1.044780e+00   7.447317e+01   8.974359e+00
  1.046780e+00   9.585749e+01   9.064941e+00
  1.048780e+00   8.540767e+01   8.989976e+00
  1.050780e+00   7.365331e+01   9.110990e+00
  1.052780e+00   7.175436e+01   9.001125e+00
  1.054770e+00   7.956098e+01   9.055460e+00
  1.056770e+00   7.566481e+01   9.023575e+00
  1.058770e+00   8.081812e+01   8.952798e+00
  1.060770e+00   7.185296e+01   9.226167e+00
  1.062770e+00   7.488432e+01   9.236885e+00
  1.064770e+00   7.900000e+01   9.287829e+00
  1.066760e+00   8.106132e+01   9.247983e+00
  1.068760e+00   9.458118e+01   9.401474e+00
  1.070760e+00   6.012544e+01   9.413655e+00
  1.072760e+00   8.501882e+01   9.413962e+00
  1.074760e+00   7.132474e+01   9.542666e+00
  1.076760e+00   7.164460e+01   9.480035e+00
  1.078750e+00   8.593728e+01   9.473254e+00
  1.080750e+00   8.109024e+01   9.453819e+00
  1.082750e+00   6.692648e+01   9.504014e+00
  1.084750e+00   8.037875e+01   9.594167e+00
  1.086750e+00   6.740348e+01   9.593125e+00
  1.088750e+00   6.376202e+01   9.574014e+00
  1.090750e+00   9.838188e+01   9.508645e+00
  1.092740e+00   6.596132e+01   9.647767e+00
  1.094740e+00   8.867352e+01   9.464704e+00
  1.096740e+00   7.764983e+01   9.419031e+00
  1.098740e+00   8.108084e+01   9.330296e+00
  1.100740e+00   6.548258e+01   9.268380e+00
  1.102740e+00   6.952753e+01   9.195045e+00
  1.104730e+00   8.261638e+01   9.257404e+00
  1.106730e+00   6.653659e+01   9.156481e+00
  1.108730e+00   7.977909e+01   9.245519e+00
  1.110730e+00   9.203345e+01   9.150105e+00
  1.112730e+00   9.402474e+01   9.197833e+00
  1.114730e+00   7.161951e+01   9.015477e+00
  1.116730e+00   7.363206e+01   9.036087e+00
  1.118720e+00   9.229408e+01   9.081997e+00
  1.120720e+00   7.830941e+01   8.981077e+00
  1.122720e+00   8.241568e+01   9.122909e+00
  1.124720e+00   6.341150e+01   8.956697e+00
  1.126720e+00   7.238223e+01   8.930209e+00
  1.128720e+00   6.570035e+01   8.976220e+00
  1.130710e+00   5.079024e+01   8.998331e+00
  1.132710e+00   7.675087e+01   8.908317e+00
  1.134710e+00   6.966341e+01   8.919376e+00
  1.136710e+00   3.993972e+01   9.000408e+00
  1.138710e+00   5.960976e+01   8.847557e+00
  1.140710e+00   7.943902e+01   8.844415e+00
  1.142700e+00   7.169686e+01   8.938324e+00
  1.144700e+00   6.699756e+01   8.837300e+00
  1.146700e+00   6.310000e+01   8.944944e+00
  1.148700e+00   7.448746e+01   8.835080e+00
  1.150700e+00   4.765261e+01   8.872418e+00
  1.152700e+00   6.136028e+01   8.785885e+00
  1.154700e+00   8.357456e+01   8.829575e+00
  1.156690e+00   5.829930e+01   8.881505e+00
  1.158690e+00   6.404878e+01   8.768296e+00
  1.160690e+00   7.601672e+01   8.833143e+00
  1.162690e+00   6.135505e+01   8.786024e+00
  1.164690e+00   5.662892e+01   8.757826e+00
  1.166690e+00   4.874599e+01   8.765554e+00
  1.168680e+00   4.996516e+01   8.683697e+00
  1.170680e+00   5.828571e+01   8.814798e+00
  1.172680e+00   6.455470e+01   8.757077e+00
  1.174680e+00   5.414983e+01   8.672655e+00
  1.176680e+00   5.817909e+01   8.660794e+00
  1.178680e+00   5.076829e+01   8.755439e+00
  1.180670e+00   7.422718e+01   8.809443e+00
  1.182670e+00   6.192160e+01   8.685652e+00
  1.184670e+00   6.059617e+01   8.684111e+00
  1.186670e+00   5.361777e+01   8.707272e+00
  1.188670e+00   7.247456e+01   8.757962e+00
  1.190670e+00   5.575819e+01   8.720314e+00
  1.192670e+00   6.962509e+01   8.611324e+00
  1.194660e+00   5.273031e+01   8.673422e+00
  1.196660e+00   6.510592e+01   8.595432e+00
  1.198660e+00   5.561986e+01   8.690868e+00
  1.200660e+00   6.195714e+01   8.599038e+00
  1.202660e+00   5.264983e+01   8.658139e+00
  1.204660e+00   3.827596e+01   8.672746e+00
  1.206650e+00   6.692787e+01   8.607519e+00
  1.208650e+00   4.698014e+01   8.657645e+00
  1.210650e+00   5.978920e+01   8.592077e+00
  1.212650e+00   4.994634e+01   8.572213e+00
  1.214650e+00   5.923589e+01   8.670171e+00
  1.216650e+00   4.997282e+01   8.569289e+00
  1.218650e+00   6.247944e+01   8.610892e+00
  1.220640e+00   4.545052e+01   8.567111e+00
  1.222640e+00   6.570836e+01   8.666314e+00
  1.224640e+00   5.630383e+01   8.594286e+00
  1.226640e+00   6.980523e+01   8.494108e+00
  1.228640e+00   4.931951e+01   8.669226e+00
  1.230640e+00   5.812613e+01   8.554359e+00
  1.232630e+00   4.925226e+01   8.556544e+00
  1.234630e+00   4.658049e+01   8.527122e+00
  1.236630e+00   4.317108e+01   8.488355e+00
  1.238630e+00   4.657805e+01   8.644101e+00
  1.240630e+00   5.010453e+01   8.524331e+00
  1.242630e+00   6.137666e+01   8.481798e+00
  1.244620e+00   4.914948e+01   8.444774e+00
  1.246620e+00   6.182125e+01   8.480530e+00
  1.248620e+00   5.316481e+01   8.554763e+00
  1.250620e+00   5.653031e+01   8.332091e+00
  1.252620e+00   5.459895e+01   8.506422e+00
  1.254620e+00   5.590801e+01   8.522599e+00
  1.256620e+00   5.024007e+01   8.511819e+00
  1.258610e+00   4.420453e+01   8.446519e+00
  1.260610e+00   4.085958e+01   8.388202e+00
  1.262610e+00   4.223484e+01   8.541185e+00
  1.264610e+00   5.480383e+01   8.489443e+00
  1.266610e+00   4.809652e+01   8.493178e+00
  1.268610e+00   4.333937e+01   8.390770e+00
  1.270600e+00   5.346028e+01   8.518226e+00
  1.272600e+00   4.517456e+01   8.497965e+00
  1.274600e+00   5.023868e+01   8.379850e+00
  1.276600e+00   6.456202e+01   8.346854e+00
  1.278600e+00   6.580906e+01   8.327418e+00
  1.280600e+00   5.140627e+01   8.457686e+00
  1.282590e+00   4.761115e+01   8.499655e+00
  1.284590e+00   4.681498e+01   8.396606e+00
  1.286590e+00   5.542230e+01   8.436840e+00
  1.288590e+00   4.913206e+01   8.299178e+00
  1.290590e+00   4.023833e+01   8.374889e+00
  1.292590e+00   6.102091e+01   8.356352e+00
  1.294590e+00   5.358920e+01   8.348206e+00
  1.296580e+00   3.591812e+01   8.468833e+00
  1.298580e+00   4.087805e+01   8.353857e+00
  1.300580e+00   6.181429e+01   8.382808e+00
  1.302580e+00   4.704460e+01   8.254742e+00
  1.304580e+00   3.524181e+01   8.374582e+00
  1.306580e+00   5.099094e+01   8.467167e+00
  1.308570e+00   4.793101e+01   8.272624e+00
  1.310570e+00   4.580627e+01   8.379592e+00
  1.312570e+00   5.385366e+01   8.280042e+00
  1.314570e+00   4.485610e+01   8.398261e+00
  1.316570e+00   4.434669e+01   8.370028e+00
  1.318570e+00   4.357700e+01   8.244523e+00
  1.320570e+00   4.838920e+01   8.306544e+00
  1.322560e+00   2.964286e+01   8.308362e+00
  1.324560e+00   3.753484e+01   8.355589e+00
  1.326560e+00   3.909129e+01   8.186237e+00
  1.328560e+00   3.579408e+01   8.318394e+00
  1.330560e+00   4.186760e+01   8.306836e+00
  1.332560e+00   3.589512e+01   8.272620e+00
  1.334550e+00   3.618850e+01   8.353334e+00
  1.336550e+00   5.351359e+01   8.213997e+00
  1.338550e+00   4.919233e+01   8.200495e+00
  1.340550e+00   4.072195e+01   8.297195e+00
  1.342550e+00   3.877805e+01   8.228293e+00
  1.344550e+00   5.661812e+01   8.282895e+00
  1.346540e+00   5.248432e+01   8.231456e+00
  1.348540e+00   3.889965e+01   8.242105e+00
  1.350540e+00   4.333868e+01   8.283951e+00
  1.352540e+00   4.092125e+01   8.175819e+00
  1.354540e+00   4.526341e+01   8.273997e+00
  1.356540e+00   4.612439e+01   8.217143e+00
  1.358540e+00   4.813937e+01   8.286080e+00
  1.360530e+00   3.341010e+01   8.243098e+00
  1.362530e+00   4.265331e+01   8.281617e+00
  1.364530e+00   4.826272e+01   8.289408e+00
  1.366530e+00   3.596167e+01   8.213164e+00
  1.368530e+00   4.488955e+01   8.336958e+00
  1.370530e+00   4.494286e+01   8.223038e+00
  1.372520e+00   4.075052e+01   8.251679e+00
  1.374520e+00   3.243240e+01   8.297307e+00
  1.376520e+00   2.285470e+01   8.281411e+00
  1.378520e+00   4.208955e+01   8.305411e+00
  1.380520e+00   3.391916e+01   8.237321e+00
  1.382520e+00   4.259721e+01   8.335575e+00
  1.384520e+00   5.775854e+01   8.290505e+00
  1.386510e+00   3.401429e+01   8.279014e+00
  1.388510e+00   4.334111e+01   8.371589e+00
  1.390510e+00   2.736063e+01   8.300098e+00
  1.392510e+00   4.022334e+01   8.358045e+00
  1.394510e+00   4.625854e+01   8.275986e+00
  1.396510e+00   4.091951e+01   8.323774e+00
  1.398500e+00   3.373798e+01   8.313944e+00
  1.400500e+00   2.554530e+01   8.269373e+00
  1.402500e+00   4.476690e+01   8.367937e+00
  1.404500e+00   2.893833e+01   8.266906e+00
  1.406500e+00   3.194007e+01   8.402484e+00
  1.408500e+00   3.398676e+01   8.350714e+00
  1.410490e+00   3.910070e+01   8.324544e+00
  1.412490e+00   2.069895e+01   8.359289e+00
  1.414490e+00   4.389059e+01   8.271352e+00
  1.416490e+00   4.373101e+01   8.339206e+00
  1.418490e+00   3.578990e+01   8.271749e+00
  1.420490e+00   3.327596e+01   8.344101e+00
  1.422490e+00   5.263380e+01   8.351470e+00
  1.424480e+00   4.013763e+01   8.230669e+00
  1.426480e+00   5.769373e+01   8.421348e+00
  1.428480e+00   4.808432e+01   8.277997e+00
  1.430480e+00   4.069791e+01   8.357321e+00
  1.432480e+00   3.513415e+01   8.381418e+00
  1.434480e+00   2.291568e+01   8.338889e+00
  1.436470e+00   3.438084e+01   8.376721e+00
  1.438470e+00   3.377944e+01   8.301704e+00
  1.440470e+00   3.787422e+01   8.370470e+00
  1.442470e+00   3.321498e+01   8.410216e+00
  1.444470e+00   4.613206e+01   8.270986e+00
  1.446470e+00   3.190801e+01   8.492300e+00
  1.448460e+00   4.684774e+01   8.293652e+00
  1.450460e+00   3.044878e+01   8.340209e+00
  1.452460e+00   3.265749e+01   8.309275e+00
  1.454460e+00   4.094216e+01   8.343244e+00
  1.456460e+00   2.395052e+01   8.366021e+00
  1.458460e+00   3.977631e+01   8.311948e+00
  1.460460e+00   3.391429e+01   8.342714e+00
  1.462450e+00   3.491150e+01   8.313530e+00
  1.464450e+00   2.931951e+01   8.345314e+00
  1.466450e+00   3.516725e+01   8.404568e+00
  1.468450e+00   3.881847e+01   8.376676e+00
  1.470450e+00   4.522439e+01   8.376589e+00
  1.472450e+00   4.190174e+01   8.280373e+00
  1.474440e+00   3.737944e+01   8.365836e+00
  1.476440e+00   3.883763e+01   8.346052e+00
  1.478440e+00   4.607073e+01   8.400868e+00
  1.480440e+00   4.022683e+01   8.379871e+00
  1.482440e+00   3.952265e+01   8.354206e+00
  1.484440e+00   3.733624e+01   8.518906e+00
  1.486440e+00   3.823659e+01   8.607791e+00
  1.488430e+00   3.615819e+01   8.661188e+00
  1.490430e+00   2.142404e+01   8.606017e+00
  1.492430e+00   3.547909e+01   8.802202e+00
  1.494430e+00   2.654042e+01   8.841470e+00
  1.496430e+00   2.234321e+01   8.718373e+00
  1.498430e+00   4.045261e+01   8.809676e+00
  1.500420e+00   2.778850e+01   8.904167e+00
  1.502420e+00   3.628293e+01   8.983798e+00
  1.504420e+00   2.931777e+01   8.839557e+00
  1.506420e+00   3.738188e+01   8.958826e+00
  1.508420e+00   2.565226e+01   9.007892e+00
  1.510420e+00   4.054460e+01   9.046209e+00
  1.512410e+00   3.118188e+01   9.036767e+00
  1.514410e+00   2.990662e+01   9.111307e+00
  1.516410e+00   1.694355e+01   9.000826e+00
  1.518410e+00   2.199895e+01   9.024091e+00
  1.520410e+00   3.104774e+01   8.929634e+00
  1.522410e+00   2.577352e+01   8.803672e+00
  1.524410e+00   4.435226e+01   8.831286e+00
  1.526400e+00   4.329965e+01   8.745425e+00
  1.528400e+00   2.338153e+01   8.737561e+00
  1.530400e+00   3.424077e+01   8.639955e+00
  1.532400e+00   2.412718e+01   8.719028e+00
  1.534400e+00   3.675192e+01   8.708042e+00
  1.536400e+00   2.298153e+01   8.662927e+00
  1.538390e+00   2.432369e+01   8.633261e+00
  1.540390e+00   3.611638e+01   8.528610e+00
  1.542390e+00   2.747700e+01   8.677899e+00
  1.544390e+00   1.861220e+01   8.612641e+00
  1.546390e+00   3.877596e+01   8.625749e+00
  1.548390e+00   3.718990e+01   8.516756e+00
  1.550390e+00   2.427143e+01   8.616223e+00
  1.552380e+00   4.487491e+01   8.675808e+00
  1.554380e+00   3.938815e+01   8.531909e+00
  1.556380e+00   3.252544e+01   8.572993e+00
  1.558380e+00   3.067875e+01   8.584958e+00
  1.560380e+00   1.254321e+01   8.553774e+00
  1.562380e+00   2.424878e+01   8.702669e+00
  1.564370e+00   2.596063e+01   8.457362e+00
  1.566370e+00   2.982613e+01   8.542505e+00
  1.568370e+00   2.612927e+01   8.496557e+00
  1.570370e+00   4.372648e+01   8.574749e+00
  1.572370e+00   4.135645e+01   8.445146e+00
  1.574370e+00   1.859024e+01   8.524355e+00
  1.576360e+00   1.285505e+01   8.662770e+00
  1.578360e+00   2.441463e+01   8.551279e+00
  1.580360e+00   2.028084e+01   8.475547e+00
  1.582360e+00   3.611568e+01   8.496178e+00
  1.584360e+00   3.018467e+01   8.535087e+00
  1.586360e+00   2.348084e+01   8.563746e+00
  1.588360e+00   3.330035e+01   8.466530e+00
  1.590350e+00   3.215157e+01   8.450404e+00
  1.592350e+00   4.060488e+01   8.434056e+00
  1.594350e+00   4.210836e+01   8.480206e+00
  1.596350e+00   1.071812e+01   8.519693e+00
  1.598350e+00   2.170488e+01   8.396160e+00
  1.600350e+00   3.051707e+01   8.536376e+00
  1.602340e+00   4.000662e+01   8.429631e+00
  1.604340e+00   2.076760e+01   8.487997e+00
  1.606340e+00   3.060139e+01   8.402631e+00
  1.608340e+00   2.016585e+01   8.450070e+00
  1.610340e+00   2.442195e+01   8.255937e+00
  1.612340e+00   2.961010e+01   8.327098e+00
  1.614330e+00   2.440174e+01   8.416962e+00
  1.616330e+00   3.243310e+01   8.317272e+00
  1.618330e+00   1.977178e+01   8.432436e+00
  1.620330e+00   3.392822e+01   8.474387e+00
  1.622330e+00   2.523345e+01   8.278059e+00
  1.624330e+00   3.778711e+01   8.409488e+00
  1.626330e+00   1.858258e+01   8.366749e+00
  1.628320e+00   3.184286e+01   8.415498e+00
  1.630320e+00   2.202718e+01   8.403136e+00
  1.632320e+00   1.948571e+01   8.361111e+00
  1.634320e+00   1.609756e+01   8.476178e+00
  1.636320e+00   1.548850e+01   8.406965e+00
  1.638320e+00   4.347143e+01   8.531195e+00
  1.640310e+00   2.451463e+01   8.458498e+00
  1.642310e+00   1.967909e+01   8.492944e+00
  1.644310e+00   1.719826e+01   8.597321e+00
  1.646310e+00   3.188362e+01   8.486624e+00
  1.648310e+00   2.598014e+01   8.480481e+00
  1.650310e+00   2.033066e+01   8.472516e+00
  1.652310e+00   3.092056e+01   8.537021e+00
  1.654300e+00   2.259024e+01   8.648599e+00
  1.656300e+00   2.201185e+01   8.444962e+00
  1.658300e+00   2.484425e+01   8.497188e+00
  1.660300e+00   3.154878e+01   8.506066e+00
  1.662300e+00   2.489303e+01   8.552373e+00
  1.664300e+00   1.527352e+01   8.633707e+00
  1.666290e+00   2.073554e+01   8.577484e+00
  1.668290e+00   2.392892e+01   8.604735e+00
  1.670290e+00   1.821010e+01   8.598958e+00
  1.672290e+00   1.604181e+01   8.585289e+00
  1.674290e+00   2.418780e+01   8.619878e+00
  1.676290e+00   3.696411e+01   8.617484e+00
  1.678280e+00   2.491568e+01   8.669080e+00
  1.680280e+00   1.320871e+01   8.533376e+00
  1.682280e+00   3.003659e+01   8.617819e+00
  1.684280e+00   2.801324e+01   8.562798e+00
  1.686280e+00   1.692125e+01   8.665571e+00
  1.688280e+00   1.240732e+01   8.634749e+00
  1.690280e+00   1.562857e+01   8.594652e+00
  1.692270e+00   1.561324e+01   8.585094e+00
  1.694270e+00   2.475366e+01   8.563338e+00
  1.696270e+00   2.655854e+01   8.664551e+00
  1.698270e+00   1.773728e+01   8.633902e+00
  1.700270e+00   2.292648e+01   8.640704e+00
  1.702270e+00   2.385575e+01   8.709693e+00
  1.704260e+00   1.798676e+01   8.599889e+00
  1.706260e+00   2.527387e+01   8.718303e+00
  1.708260e+00   3.706098e+01   8.560153e+00
  1.710260e+00   2.254390e+01   8.711739e+00
  1.712260e+00   2.052857e+01   8.602220e+00
  1.714260e+00   2.405679e+01   8.644453e+00
  1.716250e+00   2.191603e+01   8.632714e+00
  1.718250e+00   3.013763e+01   8.543986e+00
  1.720250e+00   2.425052e+01   8.691540e+00
  1.722250e+00   1.721951e+01   8.669969e+00
  1.724250e+00   2.256760e+01   8.615164e+00
  1.726250e+00   1.421986e+01   8.748352e+00
  1.728250e+00   3.040139e+01   8.616815e+00
  1.730240e+00   2.049408e+01   8.795429e+00
  1.732240e+00   1.112683e+01   8.515460e+00
  1.734240e+00   1.109338e+01   8.630157e+00
  1.736240e+00   1.329408e+01   8.640760e+00
  1.738240e+00   1.579477e+01   8.540537e+00
  1.740240e+00   1.853624e+01   8.711275e+00
  1.742230e+00   2.073484e+01   8.506338e+00
  1.744230e+00   2.086237e+01   8.666801e+00
  1.746230e+00   1.587840e+01   8.687118e+00
  1.748230e+00   2.576899e+01   8.660958e+00
  1.750230e+00   1.962822e+01   8.608359e+00
  1.752230e+00   2.590418e+01   8.510850e+00
  1.754230e+00   1.742753e+01   8.688707e+00
  1.756220e+00   4.287456e+01   8.652596e+00
  1.758220e+00   2.357875e+01   8.575523e+00
  1.760220e+00   2.192962e+01   8.751045e+00
  1.762220e+00   2.200348e+01   8.563073e+00
  1.764220e+00   1.734808e+01   8.705404e+00
  1.766220e+00   1.359617e+01   8.630362e+00
  1.768210e+00   2.315017e+01   8.596084e+00
  1.770210e+00   2.209024e+01   8.609467e+00
  1.772210e+00   3.011498e+00   8.581202e+00
  1.774210e+00   3.927666e+01   8.684038e+00
  1.776210e+00   3.724669e+01   8.514767e+00
  1.778210e+00   3.520105e+01   8.683484e+00
  1.780200e+00   3.286167e+01   8.606920e+00
  1.782200e+00   1.591951e+01   8.660209e+00
  1.784200e+00   2.334739e+01   8.664098e+00
  1.786200e+00   1.196307e+01   8.550829e+00
  1.788200e+00   2.435854e+01   8.740080e+00
  1.790200e+00   7.852962e+00   8.610355e+00
  1.792200e+00  -3.242857e+00   8.649415e+00
  1.794190e+00   2.289024e+01   8.619885e+00
  1.796190e+00   1.532753e+01   8.640505e+00
  1.798190e+00   1.241498e+01   8.752049e+00
  1.800190e+00   2.390732e+01   8.691882e+00
  1.802190e+00   1.572404e+01   8.665199e+00
  1.804190e+00   2.170488e+01   8.748024e+00
  1.806180e+00   2.991812e+01   8.704909e+00
  1.808180e+00   2.609477e+01   8.756913e+00
  1.810180e+00   2.317143e+01   8.686213e+00
  1.812180e+00   6.902091e+00   8.691704e+00
  1.814180e+00   2.408432e+01   8.670195e+00
  1.816180e+00   2.218641e+01   8.788815e+00
  1.818180e+00   6.065157e+00   8.668132e+00
  1.820170e+00   4.143624e+01   8.660432e+00
  1.822170e+00   2.842091e+01   8.811411e+00
  1.824170e+00   2.784286e+01   8.652498e+00
  1.826170e+00   2.308537e+01   8.723976e+00
  1.828170e+00   9.935540e+00   8.665913e+00
  1.830170e+00  -9.020906e-01   8.729962e+00
  1.832160e+00   1.646829e+01   8.743882e+00
  1.834160e+00   1.316934e+01   8.665878e+00
  1.836160e+00   5.398606e+00   8.640889e+00
  1.838160e+00   5.901742e+00   8.640871e+00
  1.840160e+00   1.586132e+01   8.690192e+00
  1.842160e+00   3.687422e+01   8.875408e+00
  1.844150e+00   2.368990e+01   8.585139e+00
  1.846150e+00   1.487840e+01   8.663495e+00
  1.848150e+00   1.696934e+01   8.724293e+00
  1.850150e+00   2.992021e+01   8.680777e+00
  1.852150e+00   2.202857e+01   8.726003e+00
  1.854150e+00   3.102160e+01   8.717638e+00
  1.856150e+00   2.660453e+01   8.797906e+00
  1.858140e+00   1.200627e+01   8.672425e+00
  1.860140e+00   1.829303e+01   8.706592e+00
  1.862140e+00   2.094634e+01   8.677289e+00
  1.864140e+00   2.901359e+01   8.737077e+00
  1.866140e+00   1.677422e+01   8.811735e+00
  1.868140e+00   1.477631e+01   8.634199e+00
  1.870130e+00   2.478746e+01   8.689610e+00
  1.872130e+00   2.517178e+01   8.702115e+00
  1.874130e+00   1.607317e+01   8.683045e+00
  1.876130e+00   9.672474e+00   8.789648e+00
  1.878130e+00   1.811463e+01   8.718383e+00
  1.880130e+00   9.233449e+00   8.678617e+00
  1.882120e+00   2.054111e+01   8.701592e+00
  1.884120e+00   3.559826e+01   8.807481e+00
  1.886120e+00   1.117526e+01   8.656453e+00
  1.888120e+00   1.824774e+01   8.748129e+00
  1.890120e+00   1.643101e+01   8.783003e+00
  1.892120e+00   1.281324e+01   8.687714e+00
  1.894120e+00   6.010801e+00   8.764606e+00
  1.896110e+00   1.016376e+01   8.739209e+00
  1.898110e+00   2.642997e+01   8.767516e+00
  1.900110e+00   9.512195e+00   8.775791e+00
  1.902110e+00   1.614983e+01   8.718791e+00
  1.904110e+00   1.605679e+01   8.742659e+00
  1.906110e+00   2.898780e+01   8.734321e+00
  1.908100e+00   2.623693e+01   9.049941e+00
  1.910100e+00   1.371150e+01   9.122707e+00
  1.912100e+00   5.920906e+00   9.157415e+00
  1.914100e+00   1.413031e+01   9.302519e+00
  1.916100e+00   1.947805e+01   9.260645e+00
  1.918100e+00   2.279861e+01   9.456857e+00
  1.920100e+00   1.269582e+01   9.414721e+00
  1.922090e+00   1.370976e+01   9.587523e+00
  1.924090e+00   1.035714e+01   9.656533e+00
  1.926090e+00   1.590767e+01   9.603042e+00
  1.928090e+00   1.910453e+00   9.781345e+00
  1.930090e+00   1.779024e+01   9.670767e+00
  1.932090e+00   1.049199e+01   9.728780e+00
  1.934080e+00   1.076411e+01   9.908265e+00
  1.936080e+00   7.202091e+00   9.743456e+00
  1.938080e+00   8.569338e+00   9.869523e+00
  1.940080e+00   1.346272e+01   9.891944e+00
  1.942080e+00   2.935610e+01   9.719739e+00
  1.944080e+00   2.105436e+01   9.490429e+00
  1.946070e+00   1.672195e+01   9.425923e+00
  1.948070e+00   9.184321e+00   9.498739e+00
  1.950070e+00   1.178711e+01   9.371439e+00
  1.952070e+00   1.670836e+01   9.416735e+00
  1.954070e+00   2.878746e+00   9.249115e+00
  1.956070e+00   1.871150e+01   9.281035e+00
  1.958070e+00   2.435157e+01   9.322613e+00
  1.960060e+00   2.473554e+01   9.206115e+00
  1.962060e+00   2.091150e+01   9.232735e+00
  1.964060e+00   8.153310e+00   9.178289e+00
  1.966060e+00   1.850418e+01   9.220105e+00
  1.968060e+00   1.551847e+01   9.186498e+00
  1.970060e+00   1.010314e+01   9.159523e+00
  1.972050e+00   1.381463e+01   9.277578e+00
  1.974050e+00   9.785017e+00   9.107038e+00
  1.976050e+00   1.031707e+01   9.217955e+00
  1.978050e+00   8.363763e+00   9.166003e+00
  1.980050e+00   4.218467e+00   9.065735e+00
  1.982050e+00   1.312509e+01   9.223756e+00
  1.984050e+00   1.143136e+01   9.101470e+00
  1.986040e+00   7.786760e+00   9.160049e+00
  1.988040e+00   1.450209e+01   9.080369e+00
  1.990040e+00   2.038049e+01   9.038767e+00
  1.992040e+00   2.527805e+01   9.094805e+00
  1.994040e+00   2.970244e+01   9.144268e+00
  1.996040e+00   1.116725e+01   9.120247e+00
  1.998030e+00   3.494843e+01   9.071453e+00
  2.000030e+00   1.236690e+01   9.139596e+00
  2.002030e+00   1.930453e+01   9.165718e+00
  2.004030e+00   8.231010e+00   9.063300e+00
  2.006030e+00   2.341533e+01   9.064794e+00
  2.008030e+00   3.439373e+00   8.988488e+00
  2.010020e+00   5.118815e+00   9.105631e+00
  2.012020e+00   1.280279e+01   8.905439e+00
  2.014020e+00   1.007491e+01   9.040268e+00
  2.016020e+00   1.997700e+01   8.976707e+00
  2.018020e+00   1.617909e+01   8.997310e+00
  2.020020e+00   1.181045e+01   9.024265e+00
  2.022020e+00   1.803589e+01   8.908993e+00
  2.024010e+00   1.156307e+01   8.984589e+00
  2.026010e+00   2.813171e+01   8.889321e+00
  2.028010e+00   1.237735e+01   8.986481e+00
  2.030010e+00   2.304181e+00   8.990641e+00
  2.032010e+00   1.067700e+01   8.923537e+00
  2.034010e+00   1.761847e+01   9.018118e+00
  2.036000e+00   1.778780e+01   8.902714e+00
  2.038000e+00   1.194390e+01   8.908812e+00
  2.040000e+00   7.777003e-01   9.018369e+00
  2.042000e+00   3.327282e+01   8.945749e+00
  2.044000e+00   1.744111e+01   9.034328e+00
  2.046000e+00   3.061916e+01   8.878645e+00
  2.047990e+00   1.455610e+01   8.975732e+00
  2.049990e+00   2.982404e+01   8.960969e+00
  2.051990e+00   9.158188e+00   8.888066e+00
  2.053990e+00   2.917387e+01   8.965704e+00
  2.055990e+00   1.362300e+01   8.823098e+00
  2.057990e+00  -9.371777e+00   8.955233e+00
  2.059990e+00   2.892544e+01   9.026857e+00
  2.061980e+00   1.006481e+01   8.948425e+00
  2.063980e+00   1.075436e+01   9.015753e+00
  2.065980e+00   1.255575e+01   8.890181e+00
  2.067980e+00   2.370139e+01   9.040261e+00
  2.069980e+00   2.222300e+01   8.970321e+00
  2.071980e+00   6.766202e+00   8.876185e+00
  2.073970e+00   7.967247e+00   8.968690e+00
  2.075970e+00   8.775610e+00   8.922892e+00
  2.077970e+00   2.494913e+01   8.938770e+00
  2.079970e+00   2.578502e+01   8.902620e+00
  2.081970e+00   1.922474e+01   8.979394e+00
  2.083970e+00   4.683275e+00   8.921456e+00
  2.085970e+00   2.504286e+01   8.991017e+00
  2.087960e+00   1.122683e+01   9.022857e+00
  2.089960e+00   1.511185e+01   8.837359e+00
  2.091960e+00   1.115505e+01   8.966007e+00
  2.093960e+00   4.358188e+00   8.911160e+00
  2.095960e+00   2.120453e+01   8.966105e+00
  2.097960e+00   2.533554e+01   8.893460e+00
  2.099950e+00   2.296864e+01   8.920233e+00
  2.101950e+00   2.864460e+00   8.905784e+00
  2.103950e+00  -5.426481e+00   8.932993e+00
  2.105950e+00   1.538885e+01   8.894007e+00
  2.107950e+00   8.330314e+00   8.887829e+00
  2.109950e+00  -6.735192e-01   9.025638e+00
  2.111940e+00   1.846934e+01   9.020718e+00
  2.113940e+00   1.803206e+01   8.831592e+00
  2.115940e+00   1.603031e+01   8.916648e+00
  2.117940e+00   7.135540e+00   8.977885e+00
  2.119940e+00   1.157666e+01   8.858453e+00
  2.121940e+00   1.388641e+01   8.949798e+00
  2.123940e+00   5.557143e+00   8.865617e+00
  2.125930e+00   1.818397e+01   8.981206e+00
  2.127930e+00   2.605610e+01   8.933094e+00
  2.129930e+00   2.630662e+01   8.874286e+00
  2.131930e+00  -9.360279e+00   8.922077e+00
  2.133930e+00   6.447038e+00   8.874209e+00
  2.135930e+00   1.785157e+01   8.937589e+00
  2.137920e+00   2.553031e+01   8.912049e+00
  2.139920e+00   3.012334e+01   8.855878e+00
  2.141920e+00   9.482578e+00   8.923049e+00
  2.143920e+00   2.174042e+01   8.997899e+00
  2.145920e+00   2.220976e+01   8.892199e+00
  2.147920e+00   3.109408e+00   8.909509e+00
  2.149910e+00   1.200523e+01   8.942662e+00
  2.151910e+00   7.909408e-02   8.956411e+00
  2.153910e+00   1.145889e+01   8.855955e+00
  2.155910e+00  -1.963066e+00   8.945188e+00
  2.157910e+00   2.118746e+01   8.892951e+00
  2.159910e+00   2.266655e+01   9.001265e+00
  2.161910e+00   1.035819e+01   8.981282e+00
  2.163900e+00   2.429686e+01   8.880575e+00
  2.165900e+00  -1.320557e-01   8.963986e+00
  2.167900e+00   2.251254e+01   8.918066e+00
  2.169900e+00   1.075226e+01   8.934160e+00
  2.171900e+00   2.972718e+01   8.838784e+00
  2.173900e+00   1.509024e+01   8.928742e+00
  2.175890e+00   8.710105e+00   8.913641e+00
  2.177890e+00   1.492787e+01   8.835923e+00
  2.179890e+00   5.309408e+00   8.958652e+00
  2.181890e+00   1.235296e+01   8.840369e+00
  2.183890e+00   8.048084e+00   8.996146e+00
  2.185890e+00   2.342578e+01   8.861380e+00
  2.187890e+00   4.715679e+00   8.997251e+00
  2.189880e+00   1.383136e+01   8.953829e+00
  2.191880e+00   1.760697e+01   8.863512e+00
  2.193880e+00   1.520523e+01   8.968098e+00
  2.195880e+00   9.712892e+00   8.937310e+00
  2.197880e+00   2.190453e+01   8.911014e+00
  2.199880e+00   2.698815e+01   8.818167e+00
  2.201870e+00   1.056829e+01   8.925206e+00
  2.203870e+00  -7.606272e-01   8.946101e+00
  2.205870e+00   1.867770e+01   8.899843e+00
  2.207870e+00   1.799164e+01   8.797833e+00
  2.209870e+00   2.720767e+01   8.812293e+00
  2.211870e+00   3.661672e+00   8.832105e+00
  2.213860e+00  -3.540418e+00   8.890606e+00
  2.215860e+00  -6.706272e+00   8.787348e+00
  2.217860e+00   9.295819e+00   8.806979e+00
  2.219860e+00   2.392892e+01   8.845171e+00
  2.221860e+00  -3.886760e+00   8.927397e+00
  2.223860e+00   5.906969e+00   8.739408e+00
  2.225860e+00   1.691568e+01   8.781063e+00
  2.227850e+00   1.759686e+01   8.841415e+00
  2.229850e+00   7.805575e+00   8.795756e+00
  2.231850e+00   7.278746e+00   8.977742e+00
  2.233850e+00   3.130105e+01   8.744645e+00
  2.235850e+00   2.617596e+01   8.866829e+00
  2.237850e+00   1.625436e+00   8.845955e+00
  2.239840e+00   1.315192e+01   8.828021e+00
  2.241840e+00   1.154146e+01   8.870645e+00
  2.243840e+00  -5.336934e+00   8.737892e+00
  2.245840e+00   1.115854e+01   8.881990e+00
  2.247840e+00  -2.261324e+00   8.927244e+00
  2.249840e+00   1.001463e+01   8.800132e+00
  2.251840e+00   2.016585e+01   8.828129e+00
  2.253830e+00   2.045505e+01   8.846659e+00
  2.255830e+00   1.384808e+01   8.830066e+00
  2.257830e+00   1.903206e+01   8.791049e+00
  2.259830e+00   2.129652e+01   8.865362e+00
  2.261830e+00   8.596516e+00   8.963693e+00
  2.263830e+00   1.214216e+01   8.770258e+00
  2.265820e+00   2.080523e+01   8.818035e+00
  2.267820e+00   7.727178e+00   8.850739e+00
  2.269820e+00   1.086620e+01   8.822394e+00
  2.271820e+00   1.466794e+01   8.895875e+00
  2.273820e+00   3.350871e+00   8.912380e+00
  2.275820e+00   1.804530e+01   8.778404e+00
  2.277810e+00   1.354042e+01   8.857000e+00
  2.279810e+00   2.138955e+01   8.951439e+00
  2.281810e+00   6.127875e+00   8.859380e+00
  2.283810e+00   6.536934e+00   8.794268e+00
  2.285810e+00  -2.246341e+00   8.895314e+00
  2.287810e+00   1.051916e+00   8.749958e+00
  2.289810e+00   2.040871e+01   8.843077e+00
  2.291800e+00   1.830174e+01   8.847233e+00
  2.293800e+00   1.353937e+01   8.795216e+00
  2.295800e+00   1.292091e+01   8.783864e+00
  2.297800e+00  -1.259199e+01   8.874422e+00
  2.299800e+00  -1.111150e+00   8.829780e+00
  2.301800e+00   3.133101e+00   8.847422e+00
  2.303790e+00  -6.040767e+00   8.820944e+00
  2.305790e+00   3.074913e+01   8.853491e+00
  2.307790e+00   1.699443e+01   8.847589e+00
  2.309790e+00   2.400209e+01   8.808324e+00
  2.311790e+00   1.734146e+01   8.773014e+00
  2.313790e+00   1.827178e+01   8.851359e+00
  2.315780e+00   1.357840e+01   8.863439e+00
  2.317780e+00   8.618467e+00   8.737070e+00
  2.319780e+00   1.256307e+01   8.860195e+00
  2.321780e+00   8.218815e+00   8.868261e+00
  2.323780e+00   1.264774e+01   8.793279e+00
  2.325780e+00   7.094077e+00   8.837139e+00
  2.327780e+00   1.064739e+01   8.845321e+00
  2.329770e+00   2.561254e+01   8.944164e+00
  2.331770e+00   1.035296e+01   9.166878e+00
  2.333770e+00   2.052230e+01   9.252310e+00
  2.335770e+00   2.999617e+01   9.286401e+00
  2.337770e+00   1.491289e+01   9.479136e+00
  2.339770e+00   2.789303e+01   9.586871e+00
  2.341760e+00   9.140070e+00   9.635275e+00
  2.343760e+00  -6.041812e-01   9.590662e+00
  2.345760e+00   6.643902e+00   9.701850e+00
  2.347760e+00   8.796167e+00   9.790899e+00
  2.349760e+00   1.267631e+01   9.851986e+00
  2.351760e+00   5.777003e-01   9.799129e+00
  2.353760e+00   7.685017e+00   1.002751e+01
  2.355750e+00   6.347735e+00   1.002047e+01
  2.357750e+00   2.187108e+01   1.001055e+01
  2.359750e+00   2.463972e+01   1.000564e+01
  2.361750e+00   2.122753e+01   9.985721e+00
  2.363750e+00   4.964460e+00   1.016138e+01
  2.365750e+00   5.420557e+00   9.862585e+00
  2.367740e+00   1.432369e+01   9.641662e+00
  2.369740e+00   1.073798e+01   9.687582e+00
  2.371740e+00   1.555958e+01   9.567422e+00
  2.373740e+00   7.485366e+00   9.546415e+00
  2.375740e+00   9.603136e+00   9.433101e+00
  2.377740e+00   8.481533e+00   9.362070e+00
  2.379730e+00   2.558537e+00   9.460206e+00
  2.381730e+00   9.453659e+00   9.326397e+00
  2.383730e+00   1.977875e+01   9.403456e+00
  2.385730e+00   6.109059e+00   9.257324e+00
  2.387730e+00   4.815331e-01   9.294564e+00
  2.389730e+00   1.124530e+01   9.297181e+00
  2.391730e+00   1.061150e+01   9.340345e+00
  2.393720e+00   1.906620e+00   9.283892e+00
  2.395720e+00   9.448084e+00   9.267045e+00
  2.397720e+00  -1.470697e+01   9.265237e+00
  2.399720e+00  -9.148780e+00   9.325345e+00
  2.401720e+00   1.038606e+01   9.209760e+00
  2.403720e+00   1.681185e+00   9.307774e+00
  2.405710e+00   1.009965e+01   9.191787e+00
  2.407710e+00   4.320557e-01   9.282697e+00
  2.409710e+00   2.133728e+01   9.088362e+00
  2.411710e+00   1.107038e+01   9.146355e+00
  2.413710e+00   1.465610e+01   9.180456e+00
  2.415710e+00   2.326516e+01   9.166986e+00
  2.417710e+00   1.526411e+01   9.182927e+00
  2.419700e+00  -2.040871e+01   9.207059e+00
  2.421700e+00   1.913624e+01   9.138477e+00
  2.423700e+00   9.339721e+00   9.113341e+00
  2.425700e+00   8.358885e+00   9.169868e+00
  2.427700e+00   1.111254e+01   9.130317e+00
  2.429700e+00   5.923345e+00   9.135213e+00
  2.431690e+00   4.878049e-01   9.166296e+00
  2.433690e+00   4.443902e+00   9.129777e+00
  2.435690e+00   1.037735e+01   8.993397e+00
  2.437690e+00   1.317143e+01   9.117861e+00
  2.439690e+00   1.997038e+01   9.158146e+00
  2.441690e+00   1.664913e+01   9.082861e+00
  2.443680e+00   4.685366e+00   9.071188e+00
  2.445680e+00   1.656167e+01   9.079822e+00
  2.447680e+00   1.612056e+01   9.116913e+00
  2.449680e+00   1.632474e+01   9.127854e+00
  2.451680e+00   1.108885e+01   9.162808e+00
  2.453680e+00   1.001463e+01   9.053669e+00
  2.455680e+00   4.826132e+00   9.177157e+00
  2.457670e+00   1.589895e+00   9.119808e+00
  2.459670e+00   1.746446e+01   9.064585e+00
  2.461670e+00   1.001045e+01   9.023944e+00
  2.463670e+00   1.150279e+01   9.066463e+00
  2.465670e+00   8.870035e+00   9.146666e+00
  2.467670e+00   9.626829e+00   9.109728e+00
  2.469660e+00   1.562892e+01   9.098631e+00
  2.471660e+00   1.205331e+01   9.133321e+00
  2.473660e+00   2.355401e-01   9.079063e+00
  2.475660e+00   9.536934e+00   9.196014e+00
  2.477660e+00   1.426899e+01   8.990415e+00
  2.479660e+00  -3.097909e+00   9.032446e+00
  2.481650e+00   1.378014e+01   9.001753e+00
  2.483650e+00   7.754007e+00   9.119976e+00
  2.485650e+00   2.935679e+01   9.137237e+00
  2.487650e+00   2.162369e+00   8.943725e+00
  2.489650e+00   1.891463e+01   9.072767e+00
  2.491650e+00   4.254355e+00   9.124258e+00
  2.493650e+00  -3.884321e+00   9.154707e+00
  2.495640e+00   5.329965e+00   8.986052e+00
  2.497640e+00  -1.736585e+00   8.946906e+00
  2.499640e+00   4.540070e+00   9.026268e+00
  2.501640e+00   3.213763e+01   9.071443e+00
  2.503640e+00   1.470871e+01   8.996237e+00
  2.505640e+00   1.088467e+01   9.018279e+00
  2.507630e+00   3.554007e+00   8.992941e+00
  2.509630e+00   1.120906e+01   9.024861e+00
  2.511630e+00   2.170035e+00   8.992791e+00
  2.513630e+00   1.406725e+01   8.921916e+00
  2.515630e+00   1.533589e+01   9.052233e+00
  2.517630e+00   1.385505e+01   9.053676e+00
  2.519630e+00   7.359582e+00   8.934516e+00
  2.521620e+00   1.323206e+01   8.870463e+00
  2.523620e+00   8.948084e+00   8.941310e+00
  2.525620e+00   2.501080e+01   9.021202e+00
  2.527620e+00  -6.923345e+00   8.993739e+00
  2.529620e+00   1.478920e+01   8.914251e+00
  2.531620e+00   9.829617e+00   8.912143e+00
  2.533610e+00  -3.438676e+00   8.988962e+00
  2.535610e+00   1.927909e+01   8.936164e+00
  2.537610e+00  -5.306620e-01   8.905080e+00
  2.539610e+00   1.762544e+01   8.914850e+00
  2.541610e+00   8.440070e+00   8.926505e+00
  2.543610e+00  -2.318118e+00   9.015425e+00
  2.545600e+00  -6.589199e+00   8.884707e+00
  2.547600e+00  -2.327875e+00   8.897355e+00
  2.549600e+00  -6.770035e-01   8.978502e+00
  2.551600e+00  -3.448084e+00   8.959146e+00
  2.553600e+00   1.480801e+01   8.939098e+00
  2.555600e+00   7.894774e+00   8.866944e+00
  2.557600e+00  -1.957143e+00   8.884366e+00
  2.559590e+00   1.594042e+01   8.848098e+00
  2.561590e+00  -7.648084e-01   8.966662e+00
  2.563590e+00   2.025296e+01   8.968376e+00
  2.565590e+00   4.982230e+00   8.917624e+00
  2.567590e+00  -6.609059e+00   9.000561e+00
  2.569590e+00   4.947735e-02   8.872498e+00
  2.571580e+00   2.006760e+01   8.839564e+00
  2.573580e+00   3.071429e+00   8.924767e+00
  2.575580e+00   4.355052e+00   8.943303e+00
  2.577580e+00   6.159233e+00   8.885178e+00
  2.579580e+00   8.762369e+00   8.839997e+00
  2.581580e+00   1.832962e+01   8.828418e+00
  2.583570e+00  -2.522997e+00   8.914760e+00
  2.585570e+00   1.658362e+01   8.871136e+00
  2.587570e+00  -9.297213e+00   8.877575e+00
  2.589570e+00   6.783624e+00   8.927373e+00
  2.591570e+00   1.258711e+01   8.943328e+00
  2.593570e+00   1.213310e+01   8.905833e+00
  2.595570e+00   2.575505e+01   8.947760e+00
  2.597560e+00  -4.410453e+00   8.837568e+00
  2.599560e+00   2.004739e+01   8.926753e+00
  2.601560e+00  -4.425087e+00   8.923463e+00
  2.603560e+00   1.365331e+01   8.914819e+00
  2.605560e+00   8.768990e+00   8.875857e+00
  2.607560e+00   1.221010e+01   8.942540e+00
  2.609550e+00   1.109094e+01   8.921066e+00
  2.611550e+00   1.710035e+01   8.960146e+00
  2.613550e+00   6.394774e+00   8.961160e+00
  2.615550e+00   1.170906e+01   8.896105e+00
  2.617550e+00   1.598571e+01   8.918704e+00
  2.619550e+00  -7.696167e+00   8.846833e+00
  2.621550e+00   6.996167e+00   8.907854e+00
  2.623540e+00   7.537631e+00   8.902707e+00
  2.625540e+00   8.767247e+00   8.960091e+00
  2.627540e+00  -1.813589e+00   8.845906e+00
  2.629540e+00   1.162892e+01   8.882334e+00
  2.631540e+00  -5.204530e+00   8.936965e+00
  2.633540e+00   1.842091e+01   8.860864e+00
  2.635530e+00   9.966899e+00   8.909983e+00
  2.637530e+00   7.813589e+00   8.893976e+00
  2.639530e+00   8.388850e+00   9.022049e+00
  2.641530e+00   1.593937e+01   8.906495e+00
  2.643530e+00   1.636272e+01   8.909617e+00
  2.645530e+00   1.640279e+01   8.933171e+00
  2.647520e+00   2.651185e+01   8.956812e+00
  2.649520e+00   1.488990e+01   8.885655e+00
  2.651520e+00   1.930174e+01   8.921216e+00
  2.653520e+00   1.802056e+01   8.866272e+00
  2.655520e+00   6.242857e+00   8.812049e+00
  2.657520e+00   1.731603e+01   8.874261e+00
  2.659520e+00   1.545819e+01   8.868192e+00
  2.661510e+00   6.564808e+00   8.927557e+00
  2.663510e+00  -5.696864e-01   8.826923e+00
  2.665510e+00   1.224599e+01   8.813118e+00
  2.667510e+00   6.197213e+00   8.941125e+00
  2.669510e+00   5.114634e+00   8.894247e+00
  2.671510e+00   8.503833e+00   8.924488e+00
  2.673500e+00   3.183937e+01   8.795756e+00
  2.675500e+00   1.271812e+01   8.933247e+00
  2.677500e+00   8.247735e+00   8.921481e+00
  2.679500e+00   3.231010e+00   8.852669e+00
  2.681500e+00   8.098955e+00   8.847941e+00
  2.683500e+00   1.537317e+01   8.851969e+00
  2.685500e+00   1.006934e+01   8.880213e+00
  2.687490e+00   2.680070e+01   8.915328e+00
  2.689490e+00  -2.196167e+00   8.799986e+00
  2.691490e+00   3.886411e+00   8.905425e+00
  2.693490e+00  -2.832753e-01   8.821477e+00
  2.695490e+00   1.351638e+01   8.857641e+00
  2.697490e+00   7.758188e+00   8.908878e+00
  2.699480e+00  -6.103833e+00   8.761202e+00
  2.701480e+00   2.445993e-01   8.774927e+00
  2.703480e+00   6.143902e+00   8.935443e+00
  2.705480e+00   1.238397e+01   8.776805e+00
  2.707480e+00   1.422439e+01   8.765801e+00
  2.709480e+00  -2.104530e-01   8.761551e+00
  2.711470e+00   2.226829e+00   8.847415e+00
  2.713470e+00  -2.236202e+01   8.836564e+00
  2.715470e+00   6.790592e+00   8.699338e+00
  2.717470e+00  -1.224216e+01   8.763979e+00
  2.719470e+00   1.489895e+01   8.835415e+00
  2.721470e+00  -2.299652e-02   8.739467e+00
  2.723470e+00   3.145296e+00   8.748784e+00
  2.725460e+00   7.942857e+00   8.711077e+00
  2.727460e+00   2.305261e+01   8.752840e+00
  2.729460e+00   5.266899e+00   8.774756e+00
  2.731460e+00   1.660523e+01   8.795157e+00
  2.733460e+00   1.302474e+01   8.761404e+00
  2.735460e+00  -3.398606e+00   8.781791e+00
  2.737450e+00   1.909582e+01   8.731885e+00
  2.739450e+00  -3.652613e+00   8.830798e+00
  2.741450e+00   2.011533e+01   8.686554e+00
  2.743450e+00   1.726829e+00   8.768533e+00
  2.745450e+00   3.582927e+00   8.803512e+00
  2.747450e+00   5.936934e+00   8.811854e+00
  2.749440e+00   5.662369e+00   8.737505e+00
  2.751440e+00   8.351916e-01   8.772599e+00
  2.753440e+00   1.038432e+01   8.856808e+00
  2.755440e+00  -2.535889e+00   9.074383e+00
  2.757440e+00   2.865854e+00   9.229951e+00
  2.759440e+00  -2.267247e+00   9.298613e+00
  2.761440e+00   1.683972e+00   9.504359e+00
  2.763430e+00   6.202787e+00   9.519199e+00
  2.765430e+00   7.259233e+00   9.659052e+00
  2.767430e+00   2.612265e+01   9.602188e+00
  2.769430e+00   1.247631e+01   9.907010e+00
  2.771430e+00   3.636585e+00   9.825941e+00
  2.773430e+00   1.822265e+01   9.945174e+00
  2.775420e+00  -2.379791e+00   9.944568e+00
  2.777420e+00  -2.224146e+01   1.017074e+01
  2.779420e+00   2.312474e+01   1.009908e+01
  2.781420e+00   2.086899e+01   1.022590e+01
  2.783420e+00  -8.506620e+00   1.025327e+01
  2.785420e+00   6.663066e+00   1.022463e+01
  2.787420e+00  -5.090244e+00   1.033723e+01
  2.789410e+00  -8.327875e+00   1.005051e+01
  2.791410e+00   9.749826e+00   9.790551e+00
  2.793410e+00  -9.777003e+00   9.760962e+00
  2.795410e+00  -7.089199e+00   9.715143e+00
  2.797410e+00   2.722997e+00   9.729927e+00
  2.799410e+00   3.259233e+00   9.564986e+00
  2.801400e+00   2.144251e+00   9.523645e+00
  2.803400e+00   5.968641e+00   9.480749e+00
  2.805400e+00   5.922300e+00   9.440582e+00
  2.807400e+00   4.761324e+00   9.511930e+00
  2.809400e+00   8.006969e+00   9.383247e+00
  2.811400e+00   3.916376e-01   9.473780e+00
  2.813390e+00   1.820279e+01   9.391411e+00
  2.815390e+00   7.064111e+00   9.449767e+00
  2.817390e+00   7.574913e-01   9.368279e+00
  2.819390e+00   3.501742e-01   9.248240e+00
  2.821390e+00  -3.495122e+00   9.417655e+00
  2.823390e+00   1.446446e+01   9.417160e+00
  2.825390e+00   6.788153e+00   9.285380e+00
  2.827380e+00  -7.054704e+00   9.303551e+00
  2.829380e+00  -7.133798e+00   9.290624e+00
  2.831380e+00   1.470976e+01   9.292188e+00
  2.833380e+00   8.576307e+00   9.262293e+00
  2.835380e+00   1.839930e+01   9.153749e+00
  2.837380e+00  -4.563415e+00   9.227265e+00
  2.839370e+00  -5.536585e-01   9.246024e+00
  2.841370e+00   4.093380e+00   9.121282e+00
  2.843370e+00   6.236237e+00   9.116530e+00
  2.845370e+00   2.218153e+01   9.236895e+00
  2.847370e+00   5.088850e+00   9.151585e+00
  2.849370e+00  -2.403833e+00   9.091213e+00
  2.851360e+00  -1.526132e-01   9.059317e+00
  2.853360e+00  -3.873171e+00   9.111185e+00
  2.855360e+00   1.711220e+01   9.060003e+00
  2.857360e+00  -5.356098e+00   9.192955e+00
  2.859360e+00   3.226481e-01   9.076868e+00
  2.861360e+00   2.625436e+00   9.019509e+00
  2.863360e+00  -5.790244e+00   9.114334e+00
  2.865350e+00  -1.402334e+01   9.105892e+00
  2.867350e+00   1.789547e+01   9.111620e+00
  2.869350e+00   8.996516e+00   9.060261e+00
  2.871350e+00   9.030662e+00   9.149094e+00
  2.873350e+00   5.771080e+00   9.101760e+00
  2.875350e+00   3.046690e+00   9.120307e+00
  2.877340e+00   1.711777e+01   8.912091e+00
  2.879340e+00   1.988955e+01   9.056007e+00
  2.881340e+00  -9.303484e+00   9.091969e+00
  2.883340e+00  -7.619164e+00   9.025990e+00
  2.885340e+00   2.241115e+00   8.985111e+00
  2.887340e+00   2.276307e+00   9.004742e+00
  2.889340e+00  -3.245296e+00   9.012916e+00
  2.891330e+00  -1.648084e-01   9.034976e+00
  2.893330e+00   1.437282e+00   9.009777e+00
  2.895330e+00   4.416725e+00   9.063021e+00
  2.897330e+00   2.601185e+01   9.007683e+00
  2.899330e+00   3.603484e+00   9.054101e+00
  2.901330e+00   2.883972e+00   8.968021e+00
  2.903320e+00   1.106655e+01   8.961150e+00
  2.905320e+00   2.355192e+01   9.020902e+00
  2.907320e+00   1.160035e+01   9.065429e+00
  2.909320e+00   8.870383e+00   8.943488e+00
  2.911320e+00   7.048780e+00   8.961073e+00
  2.913320e+00   1.429164e+01   8.991324e+00
  2.915310e+00   2.170801e+01   8.956129e+00
  2.917310e+00  -1.003275e+01   9.059411e+00
  2.919310e+00   2.839721e-01   8.914192e+00
  2.921310e+00   1.067247e+00   9.003223e+00
  2.923310e+00   1.510418e+01   8.913028e+00
  2.925310e+00   7.399303e+00   8.955338e+00
  2.927310e+00   2.022753e+01   8.868150e+00
  2.929300e+00   1.843693e+01   8.967805e+00
  2.931300e+00   1.439024e+00   8.986321e+00
  2.933300e+00   4.943902e+00   8.946422e+00
  2.935300e+00   1.163240e+01   8.921854e+00
  2.937300e+00   9.041463e+00   8.959007e+00
  2.939300e+00   1.417317e+01   8.942857e+00
  2.941290e+00   6.956794e+00   8.920711e+00
  2.943290e+00   1.619233e+01   8.878254e+00
  2.945290e+00   1.202056e+01   8.931791e+00
  2.947290e+00   2.787805e+00   8.954902e+00
  2.949290e+00   7.656446e+00   8.858265e+00
  2.951290e+00   2.025714e+01   8.936052e+00
  2.953290e+00  -8.571429e-01   8.902871e+00
  2.955280e+00   5.614634e+00   8.928676e+00
  2.957280e+00   1.894251e+01   8.976261e+00
  2.959280e+00   1.109930e+01   8.998962e+00
  2.961280e+00  -5.864808e+00   8.900819e+00
  2.963280e+00   2.199303e+00   8.901906e+00
  2.965280e+00  -1.455401e+00   8.851599e+00
  2.967270e+00   1.670418e+01   8.970777e+00
  2.969270e+00   6.550523e-01   8.889889e+00
  2.971270e+00   1.360976e+01   8.949895e+00
  2.973270e+00   2.989895e+00   8.850780e+00
  2.975270e+00   1.402056e+01   8.956195e+00
  2.977270e+00   8.443902e+00   8.896617e+00
  2.979260e+00   9.660976e+00   8.936997e+00
  2.981260e+00   1.610453e+00   8.928303e+00
  2.983260e+00   1.907282e+01   8.995268e+00
  2.985260e+00  -9.529965e+00   8.900035e+00
  2.987260e+00   1.026481e+01   8.964620e+00
  2.989260e+00  -5.210801e+00   8.933314e+00
  2.991260e+00   5.828223e+00   8.944446e+00
  2.993250e+00   1.487108e+00   8.949321e+00
  2.995250e+00  -4.780139e+00   8.905923e+00
  2.997250e+00   4.721951e+00   8.903373e+00
  2.999250e+00   1.028362e+01   8.856443e+00
  3.001250e+00   1.370105e+01   8.896530e+00
  3.003250e+00   1.735470e+01   8.887038e+00
  3.005240e+00  -6.564460e-01   8.946477e+00
  3.007240e+00   7.741115e+00   8.891418e+00
  3.009240e+00   6.681185e+00   8.962296e+00
  3.011240e+00   2.536237e+00   8.890976e+00
  3.013240e+00  -6.839373e+00   8.848387e+00
  3.015240e+00   1.756481e+01   8.874105e+00
  3.017230e+00   9.015679e+00   8.969530e+00
  3.019230e+00   1.492334e+00   8.955003e+00
  3.021230e+00   1.201045e+01   8.869509e+00
  3.023230e+00   3.280488e+00   8.912693e+00
  3.025230e+00   1.745854e+01   8.953467e+00
  3.027230e+00   6.184669e+00   8.886484e+00
  3.029230e+00   2.783275e+00   8.842948e+00
  3.031220e+00  -6.056794e+00   8.883512e+00
  3.033220e+00   2.679338e+01   8.942209e+00
  3.035220e+00   8.079443e+00   8.971746e+00
  3.037220e+00   9.192334e+00   8.899902e+00
  3.039220e+00  -6.732753e+00   8.917261e+00
  3.041220e+00   6.118118e+00   8.941913e+00
  3.043210e+00   9.420557e+00   8.782620e+00
  3.045210e+00   4.762369e+00   8.891585e+00
  3.047210e+00   1.066655e+01   8.831777e+00
  3.049210e+00  -2.405226e+00   8.854575e+00
  3.051210e+00  -1.584146e+01   8.901523e+00
  3.053210e+00   1.302439e+01   8.856418e+00
  3.055210e+00   1.521603e+00   8.926122e+00
  3.057200e+00  -3.105226e+00   8.921498e+00
  3.059200e+00   1.824460e+01   8.927725e+00
  3.061200e+00  -5.062369e+00   8.911380e+00
  3.063200e+00   8.182578e+00   8.691983e+00
  3.065200e+00   1.776411e+01   8.764697e+00
  3.067200e+00   5.250871e-01   8.897519e+00
  3.069190e+00   1.112265e+01   8.827341e+00
  3.071190e+00   1.632056e+01   8.862575e+00
  3.073190e+00   1.509791e+01   8.827610e+00
  3.075190e+00   1.560279e+01   8.830819e+00
  3.077190e+00   1.995923e+01   8.831972e+00
  3.079190e+00   2.331010e-01   8.746812e+00
  3.081180e+00  -1.168362e+01   8.789310e+00
  3.083180e+00   2.827875e+00   8.795199e+00
  3.085180e+00   4.586760e+00   8.681787e+00
  3.087180e+00   6.344599e+00   8.740185e+00
  3.089180e+00  -2.078746e+00   8.707066e+00
  3.091180e+00  -8.628920e+00   8.787293e+00
  3.093180e+00   8.123345e+00   8.758812e+00
  3.095170e+00   1.989791e+01   8.744286e+00
  3.097170e+00   3.007666e+00   8.795157e+00
  3.099170e+00  -7.706620e+00   8.663373e+00
  3.101170e+00   9.903484e+00   8.749899e+00
  3.103170e+00   6.653659e+00   8.751401e+00
  3.105170e+00   5.871429e+00   8.757610e+00
  3.107160e+00   5.193031e+00   8.737812e+00
  3.109160e+00   1.747456e+01   8.703171e+00
  3.111160e+00   1.925401e+01   8.784631e+00
  3.113160e+00   1.266551e+01   8.760272e+00
  3.115160e+00  -4.443206e+00   8.734718e+00
  3.117160e+00   1.043554e+00   8.715655e+00
  3.119160e+00  -1.081742e+01   8.686160e+00
  3.121150e+00  -4.774216e+00   8.724568e+00
  3.123150e+00   2.948084e+00   8.668216e+00
  3.125150e+00  -1.592997e+01   8.652449e+00
  3.127150e+00   6.614983e+00   8.694449e+00
  3.129150e+00   1.688467e+01   8.743683e+00
  3.131150e+00   2.084948e+01   8.632310e+00
  3.133140e+00  -6.759582e-01   8.676059e+00
  3.135140e+00   8.089547e+00   8.753899e+00
  3.137140e+00  -7.009408e+00   8.648115e+00
  3.139140e+00   1.976585e+01   8.776244e+00
  3.141140e+00   2.143902e+01   8.693331e+00
  3.143140e+00  -3.638328e+00   8.718237e+00
  3.145130e+00   1.009094e+01   8.623516e+00
  3.147130e+00  -3.895122e+00   8.712143e+00
  3.149130e+00  -2.563066e+00   8.643826e+00
  3.151130e+00   4.489895e+00   8.721474e+00
  3.153130e+00  -2.228571e+00   8.737268e+00
  3.155130e+00   1.695470e+00   8.662341e+00
  3.157130e+00   5.563066e+00   8.715010e+00
  3.159120e+00  -3.273171e+00   8.691209e+00
  3.161120e+00  -7.482230e+00   8.662474e+00
  3.163120e+00   4.977352e+00   8.660547e+00
  3.165120e+00   1.854495e+01   8.760666e+00
  3.167120e+00   1.465645e+01   8.728557e+00
  3.169120e+00   3.910453e+00   8.833889e+00
  3.171110e+00  -3.493031e+00   8.710345e+00
  3.173110e+00   1.406934e+01   8.730233e+00
  3.175110e+00  -1.463066e+00   8.756195e+00
  3.177110e+00   1.356376e+01   8.702568e+00
  3.179110e+00  -2.863415e+00   9.067620e+00
  3.181110e+00   5.465854e+00   9.237366e+00
  3.183100e+00  -1.149756e+01   9.266261e+00
  3.185100e+00  -3.160976e+00   9.412990e+00
  3.187100e+00  -5.395819e+00   9.521519e+00
  3.189100e+00   5.694774e+00   9.663000e+00
  3.191100e+00   4.257840e+00   9.780491e+00
  3.193100e+00  -2.136585e+00   9.837230e+00
  3.195100e+00   7.389895e+00   9.995007e+00
  3.197090e+00  -5.581882e+00   9.882091e+00
  3.199090e+00   1.335958e+01   9.864488e+00
  3.201090e+00   2.903136e+00   1.006799e+01
  3.203090e+00  -5.242857e+00   1.025534e+01
  3.205090e+00   1.139443e+01   1.038460e+01
  3.207090e+00   1.180209e+01   1.036240e+01
  3.209080e+00   4.109268e+01   1.035330e+01
  3.211080e+00   8.250523e+00   1.040143e+01
  3.213080e+00  -6.793380e+00   1.044217e+01
  3.215080e+00   4.631010e+00   1.043200e+01
  3.217080e+00   1.778223e+01   1.064505e+01
  3.219080e+00   2.055749e-02   1.073026e+01
  3.221080e+00  -1.177840e+01   1.084432e+01
  3.223070e+00   3.466899e+00   1.068836e+01
  3.225070e+00   8.696167e+00   1.072890e+01
  3.227070e+00  -8.218815e+00   1.077686e+01
  3.229070e+00  -6.109408e+00   1.093546e+01
  3.231070e+00   2.702787e+00   1.106120e+01
  3.233070e+00   1.701289e+01   1.100946e+01
  3.235060e+00  -2.291289e+00   1.110791e+01
  3.237060e+00  -1.503484e+00   1.114287e+01
  3.239060e+00  -5.097909e+00   1.116740e+01
  3.241060e+00   9.709408e+00   1.120705e+01
  3.243060e+00   2.183066e+01   1.134278e+01
  3.245060e+00  -6.713240e+00   1.129327e+01
  3.247050e+00   1.331812e+01   1.153601e+01
  3.249050e+00  -1.861010e+01   1.134122e+01
  3.251050e+00   1.603624e+01   1.152784e+01
  3.253050e+00   2.491638e+00   1.175865e+01
  3.255050e+00   6.078397e+00   1.166113e+01
  3.257050e+00   1.577352e+00   1.183544e+01
  3.259050e+00   5.722648e+00   1.168627e+01
  3.261040e+00   1.160105e+01   1.192171e+01
  3.263040e+00   6.711498e+00   1.193136e+01
  3.265040e+00  -5.839721e+00   1.216991e+01
  3.267040e+00  -3.784321e+00   1.206463e+01
  3.269040e+00   1.257909e+01   1.211861e+01
  3.271040e+00   1.773136e+01   1.217754e+01
  3.273030e+00   1.024530e+01   1.229629e+01
  3.275030e+00   8.906969e+00   1.213351e+01
  3.277030e+00   5.962718e+00   1.230297e+01
  3.279030e+00   1.296899e+01   1.246784e+01
  3.281030e+00   3.340767e+00   1.256370e+01
  3.283030e+00   6.519861e+00   1.270283e+01
  3.285020e+00   6.011498e+00   1.264617e+01
  3.287020e+00  -1.552509e+01   1.277714e+01
  3.289020e+00  -5.965157e-01   1.296277e+01
  3.291020e+00   4.418467e+00   1.281414e+01
  3.293020e+00   1.738920e+01   1.322794e+01
  3.295020e+00   1.023345e+01   1.315594e+01
  3.297020e+00   2.624739e+00   1.308791e+01
  3.299010e+00   6.482230e+00   1.326730e+01
  3.301010e+00   1.869443e+01   1.318005e+01
  3.303010e+00   8.236237e+00   1.330878e+01
  3.305010e+00   1.561429e+01   1.361770e+01
  3.307010e+00   9.179791e+00   1.354327e+01
  3.309010e+00  -1.638606e+01   1.344194e+01
  3.311000e+00   8.355749e+00   1.364143e+01
  3.313000e+00  -1.100767e+01   1.396895e+01
  3.315000e+00  -6.916376e-01   1.406882e+01
  3.317000e+00   2.410174e+01   1.387673e+01
  3.319000e+00   1.507944e+01   1.420163e+01
  3.321000e+00   1.940976e+01   1.396254e+01
  3.323000e+00   4.359233e+00   1.415578e+01
  3.324990e+00   6.029268e+00   1.432766e+01
  3.326990e+00   8.897909e+00   1.443741e+01
  3.328990e+00   9.706272e+00   1.440233e+01
  3.330990e+00  -1.822997e+00   1.470278e+01
  3.332990e+00   1.942648e+01   1.457451e+01
  3.334990e+00  -6.463066e+00   1.495542e+01
  3.336980e+00   1.815052e+01   1.502544e+01
  3.338980e+00  -1.952613e+00   1.523414e+01
  3.340980e+00   2.944251e+00   1.485161e+01
  3.342980e+00   8.509408e+00   1.531943e+01
  3.344980e+00   3.010836e+01   1.556173e+01
  3.346980e+00   1.111916e+01   1.556412e+01
  3.348970e+00   9.515679e-01   1.537008e+01
  3.350970e+00   3.285714e-01   1.565524e+01
  3.352970e+00  -8.799652e+00   1.593544e+01
  3.354970e+00   4.551150e+01   1.615097e+01
  3.356970e+00  -1.680836e+00   1.616623e+01
  3.358970e+00   7.283972e+00   1.593798e+01
  3.360970e+00   2.594564e+01   1.635086e+01
  3.362960e+00   4.491115e+01   1.650874e+01
  3.364960e+00   2.529895e+01   1.639993e+01
  3.366960e+00  -4.316376e+00   1.686040e+01
  3.368960e+00   2.201742e+00   1.677764e+01
  3.370960e+00   3.833449e+00   1.719347e+01
  3.372960e+00  -4.597561e+00   1.738679e+01
  3.374950e+00   1.394425e+00   1.714730e+01
  3.376950e+00  -2.524425e+01   1.748544e+01
  3.378950e+00   2.562544e+01   1.760113e+01
  3.380950e+00  -4.857143e-01   1.794929e+01
  3.382950e+00  -8.663763e+00   1.821127e+01
  3.384950e+00   2.757875e+01   1.749824e+01
  3.386950e+00   2.697770e+01   1.846408e+01
  3.388940e+00  -2.942056e+01   1.881345e+01
  3.390940e+00  -3.289233e+01   1.863541e+01
  3.392940e+00   2.767317e+01   1.869292e+01
  3.394940e+00  -2.537317e+01   1.939897e+01
  3.396940e+00   7.620557e+00   1.956518e+01
  3.398940e+00   1.732056e+00   2.031394e+01
  3.400930e+00   2.643380e+01   2.007149e+01
  3.402930e+00   2.016725e+01   2.016986e+01
  3.404930e+00  -1.220348e+01   2.093922e+01
  3.406930e+00  -2.811150e+01   2.134348e+01
  3.408930e+00  -1.326899e+01   2.138245e+01
  3.410930e+00   2.654216e+01   2.139361e+01
  3.412920e+00  -1.843136e+01   2.278796e+01
  3.414920e+00  -1.408641e+01   2.350421e+01
  3.416920e+00   9.460279e+00   2.314071e+01
  3.418920e+00  -1.516725e+00   2.320784e+01
  3.420920e+00   2.642857e+00   2.414654e+01
  3.422920e+00   2.590244e+00   2.472909e+01
  3.424920e+00   2.007840e+01   2.495466e+01
  3.426910e+00  -8.928571e+00   2.388927e+01
  3.428910e+00  -1.178188e+01   2.511354e+01
  3.430910e+00   1.595331e+01   2.504491e+01
  3.432910e+00   3.379373e+01   2.565261e+01
  3.434910e+00   3.203833e+00   2.517513e+01
  3.436910e+00  -1.477003e+00   2.560619e+01
  3.438900e+00   1.754390e+01   2.576459e+01
  3.440900e+00  -2.741254e+01   2.654649e+01
  3.442900e+00  -4.554077e+01   2.679341e+01
  3.444900e+00  -3.866969e+01   2.675400e+01
  3.446900e+00   6.116725e+00   2.740181e+01
  3.448900e+00   5.890906e+01   2.903118e+01
  3.450890e+00  -3.987561e+01   2.881035e+01
  3.452890e+00  -3.132683e+01   2.910692e+01
  3.454890e+00  -2.166202e+01   2.989881e+01
  3.456890e+00   2.439408e+01   3.208429e+01
  3.458890e+00   6.391916e+01   3.125844e+01
  3.460890e+00  -6.558188e+00   3.029678e+01
  3.462890e+00  -1.874913e+00   3.249247e+01
  3.464880e+00  -2.031603e+01   3.458172e+01
  3.466880e+00  -1.349826e+01   3.488282e+01
  3.468880e+00   2.302787e+00   3.410023e+01
  3.470880e+00  -5.422997e+00   3.664456e+01
  3.472880e+00  -1.355645e+01   3.715526e+01
  3.474880e+00  -2.702613e+01   4.014143e+01
  3.476870e+00  -3.413136e+01   3.912495e+01
  3.478870e+00   2.411951e+01   4.410449e+01
  3.480870e+00  -1.872091e+01   4.725495e+01
  3.482870e+00  -1.416206e+02   4.879164e+01
  3.484870e+00  -3.996411e+01   4.974721e+01
  3.486870e+00  -7.136934e+00   5.389261e+01
  3.488870e+00  -2.620906e+01   5.951404e+01
  3.490860e+00   5.573171e+01   6.222690e+01
  3.492860e+00   1.902857e+01   7.369056e+01
  3.494860e+00   1.798014e+01   1.054400e+02
parent: processed/subtracted/RN11D56A_0064_sub.dat
creator: datop
creator-version: v0.3 (r3298)
datop-operation: processed/subtracted/RN11D56A_0064_sub.dat DIV 2.87
