Sample description: IComD_ComE
Parent(s): SASDAA7curve.dat
  1.138000e-01   7.107500e-02   7.049760e-04
  1.280200e-01   6.861620e-02   5.872370e-04
  1.422500e-01   6.788130e-02   5.181640e-04
  1.564700e-01   6.631090e-02   4.729220e-04
  1.707000e-01   6.374410e-02   4.355840e-04
  1.849200e-01   6.265960e-02   4.084910e-04
  1.991500e-01   5.973130e-02   3.837270e-04
  2.133700e-01   5.780180e-02   3.639770e-04
  2.276000e-01   5.643480e-02   3.459840e-04
  2.418200e-01   5.465850e-02   3.309960e-04
  2.560500e-01   5.219380e-02   3.158090e-04
  2.702700e-01   5.104590e-02   3.034740e-04
  2.845000e-01   4.910360e-02   2.913260e-04
  2.987200e-01   4.701330e-02   2.804460e-04
  3.129500e-01   4.520880e-02   2.699160e-04
  3.271700e-01   4.350330e-02   2.599520e-04
  3.414000e-01   4.100940e-02   2.505240e-04
  3.556200e-01   3.929330e-02   2.414840e-04
  3.698500e-01   3.783200e-02   2.338210e-04
  3.840700e-01   3.570020e-02   2.258270e-04
  3.982900e-01   3.404400e-02   2.187880e-04
  4.125200e-01   3.248030e-02   2.115790e-04
  4.267400e-01   3.073530e-02   2.046320e-04
  4.409700e-01   2.945970e-02   1.996010e-04
  4.551900e-01   2.809160e-02   1.932300e-04
  4.694200e-01   2.628690e-02   1.874630e-04
  4.836400e-01   2.492080e-02   1.825850e-04
  4.978700e-01   2.358960e-02   1.773560e-04
  5.120900e-01   2.242650e-02   1.725960e-04
  5.263200e-01   2.104070e-02   1.677570e-04
  5.405400e-01   1.996660e-02   1.638990e-04
  5.547700e-01   1.881080e-02   1.596890e-04
  5.689900e-01   1.791900e-02   1.558200e-04
  5.832100e-01   1.701850e-02   1.521140e-04
  5.974400e-01   1.591210e-02   1.486130e-04
  6.116600e-01   1.500950e-02   1.454300e-04
  6.258900e-01   1.405930e-02   1.420060e-04
  6.401100e-01   1.326110e-02   1.390710e-04
  6.543400e-01   1.238800e-02   1.361650e-04
  6.685600e-01   1.186870e-02   1.336790e-04
  6.827900e-01   1.095020e-02   1.307600e-04
  6.970100e-01   1.040670e-02   1.284010e-04
  7.112300e-01   9.735550e-03   1.258560e-04
  7.254600e-01   9.287970e-03   1.238470e-04
  7.396800e-01   8.630750e-03   1.215530e-04
  7.539100e-01   8.091600e-03   1.193100e-04
  7.681300e-01   7.575120e-03   1.174290e-04
  7.823600e-01   7.097940e-03   1.155610e-04
  7.965800e-01   6.708760e-03   1.137900e-04
  8.108000e-01   6.244190e-03   1.120790e-04
  8.250300e-01   5.940230e-03   1.105340e-04
  8.392500e-01   5.537500e-03   7.353420e-05
  8.534800e-01   5.268400e-03   7.269450e-05
  8.677000e-01   4.943930e-03   7.164730e-05
  8.819200e-01   4.612010e-03   7.088790e-05
  8.961500e-01   4.385130e-03   7.008900e-05
  9.103700e-01   4.174800e-03   6.939490e-05
  9.246000e-01   3.981520e-03   6.853630e-05
  9.388200e-01   3.847800e-03   6.780170e-05
  9.530400e-01   3.512440e-03   6.718070e-05
  9.672700e-01   3.392240e-03   6.670820e-05
  9.814900e-01   3.225710e-03   6.583240e-05
  9.957200e-01   3.057940e-03   6.507120e-05
  1.009940e+00   2.836050e-03   6.450160e-05
  1.024160e+00   2.684730e-03   6.399370e-05
  1.038390e+00   2.554780e-03   6.342430e-05
  1.052610e+00   2.510710e-03   6.286540e-05
  1.066830e+00   2.451220e-03   6.239730e-05
  1.081060e+00   2.244100e-03   6.187800e-05
  1.095280e+00   2.215470e-03   6.131740e-05
  1.109500e+00   2.088710e-03   6.109100e-05
  1.123730e+00   2.015340e-03   6.043180e-05
  1.137950e+00   1.927160e-03   6.006740e-05
  1.152180e+00   1.887350e-03   5.938710e-05
  1.166400e+00   1.926140e-03   5.906400e-05
  1.180620e+00   1.756010e-03   5.889930e-05
  1.194850e+00   1.782470e-03   5.833670e-05
  1.209070e+00   1.613510e-03   5.795990e-05
  1.223290e+00   1.586940e-03   5.745890e-05
  1.237520e+00   1.473070e-03   5.712550e-05
  1.251740e+00   1.389280e-03   5.665890e-05
  1.265960e+00   1.458690e-03   5.658490e-05
  1.280180e+00   1.354580e-03   5.620310e-05
  1.294410e+00   1.274970e-03   5.548320e-05
  1.308630e+00   1.275750e-03   5.548840e-05
  1.322850e+00   1.210920e-03   5.520010e-05
  1.337080e+00   1.189980e-03   5.463290e-05
  1.351300e+00   1.196140e-03   5.451640e-05
  1.365520e+00   1.204590e-03   5.404290e-05
  1.379750e+00   1.114930e-03   5.378500e-05
  1.393970e+00   1.031870e-03   5.352230e-05
  1.408190e+00   1.000100e-03   5.326040e-05
  1.422410e+00   9.620300e-04   5.285050e-05
  1.436640e+00   1.034250e-03   5.270160e-05
  1.450860e+00   9.482710e-04   5.241740e-05
  1.465080e+00   9.691840e-04   5.222700e-05
  1.479300e+00   9.538930e-04   5.191720e-05
  1.493530e+00   8.286980e-04   5.144630e-05
  1.507750e+00   7.794990e-04   5.123430e-05
  1.521970e+00   7.416960e-04   5.104870e-05
  1.536190e+00   8.121900e-04   5.084270e-05
  1.550420e+00   7.916800e-04   5.056790e-05
  1.564640e+00   6.544670e-04   5.017980e-05
  1.578860e+00   7.272510e-04   5.004470e-05
  1.593080e+00   6.876320e-04   4.986300e-05
  1.607300e+00   5.759100e-04   4.952250e-05
  1.621530e+00   4.794860e-04   4.917790e-05
  1.635750e+00   7.123580e-04   4.906500e-05
  1.649970e+00   5.520290e-04   4.892480e-05
  1.664190e+00   6.026960e-04   4.869340e-05
  1.678410e+00   5.617620e-04   4.837770e-05
  1.692640e+00   5.870250e-04   4.833300e-05
  1.706860e+00   4.878870e-04   4.788350e-05
  1.721080e+00   5.501460e-04   4.789510e-05
  1.735300e+00   4.866040e-04   4.765030e-05
  1.749520e+00   4.477590e-04   4.724300e-05
  1.763740e+00   4.323130e-04   4.708400e-05
  1.777970e+00   3.956650e-04   4.698650e-05
  1.792190e+00   4.649150e-04   4.686720e-05
  1.806410e+00   3.650640e-04   4.654900e-05
  1.820630e+00   4.268120e-04   4.642070e-05
  1.834850e+00   4.510570e-04   4.617680e-05
  1.849070e+00   3.861020e-04   4.604260e-05
  1.863290e+00   3.301450e-04   4.589730e-05
  1.877520e+00   2.627870e-04   4.561410e-05
  1.891740e+00   2.810270e-04   4.543330e-05
  1.905960e+00   2.606670e-04   4.524100e-05
  1.920180e+00   2.571050e-04   4.514930e-05
  1.934400e+00   2.721420e-04   4.493000e-05
  1.948620e+00   4.072780e-04   4.491850e-05
  1.962840e+00   2.857130e-04   4.456870e-05
  1.977060e+00   2.399470e-04   4.448840e-05
  1.991280e+00   2.492800e-04   4.435270e-05
  2.005500e+00   2.383120e-04   4.418060e-05
  2.019720e+00   2.326440e-04   4.396330e-05
  2.033940e+00   1.719740e-04   4.379050e-05
  2.048160e+00   2.670030e-04   4.371800e-05
  2.062380e+00   2.554320e-04   4.345170e-05
  2.076600e+00   2.152600e-04   4.340070e-05
  2.090820e+00   1.889870e-04   4.328470e-05
  2.105040e+00   1.431130e-04   4.304220e-05
  2.119260e+00   2.750390e-04   4.291710e-05
  2.133480e+00   2.682640e-04   4.280470e-05
  2.147700e+00   2.309890e-04   4.267380e-05
  2.161920e+00   1.606120e-04   4.248810e-05
  2.176140e+00   2.024360e-04   4.241640e-05
  2.190360e+00   1.865580e-04   4.224860e-05
  2.204580e+00   1.266800e-04   4.202700e-05
  2.218800e+00   1.791010e-04   4.194760e-05
  2.233020e+00   1.340220e-04   4.185690e-05
  2.247240e+00   1.629430e-04   4.167410e-05
  2.261460e+00   1.469620e-04   4.156310e-05
  2.275680e+00   2.268820e-04   4.142590e-05
  2.289900e+00   2.140010e-04   4.128850e-05
  2.304120e+00   1.485190e-04   4.117730e-05
  2.318340e+00   2.414370e-04   4.112840e-05
  2.332560e+00   1.828540e-04   4.092860e-05
  2.346780e+00   1.457720e-04   4.075110e-05
  2.361000e+00   1.703880e-04   4.065570e-05
  2.375210e+00   1.874040e-04   4.056360e-05
  2.389430e+00   1.508200e-04   4.037440e-05
  2.403650e+00   8.853590e-05   4.034280e-05
  2.417870e+00   2.046510e-04   4.019690e-05
  2.432090e+00   1.266660e-04   4.006960e-05
  2.446310e+00   1.387800e-04   3.989340e-05
  2.460530e+00   1.666940e-04   3.981680e-05
  2.474740e+00   1.231080e-04   3.968480e-05
  2.488960e+00   1.312220e-04   3.964410e-05
  2.503180e+00   1.924350e-04   3.949500e-05
  2.517400e+00   1.577480e-04   3.941320e-05
  2.531620e+00   2.030600e-04   3.934410e-05
  2.545840e+00   8.417270e-05   3.912630e-05
  2.560050e+00   1.785850e-04   3.910450e-05
  2.574270e+00   1.380970e-04   3.894270e-05
  2.588490e+00   1.872080e-04   3.888120e-05
  2.602710e+00   1.310190e-04   3.870610e-05
  2.616920e+00   8.343040e-05   3.854630e-05
  2.631140e+00   1.481410e-04   3.858870e-05
  2.645360e+00   1.965520e-04   3.848400e-05
  2.659580e+00   1.891620e-04   3.834730e-05
  2.673790e+00   1.529720e-04   3.827810e-05
  2.688010e+00   1.187820e-04   3.809930e-05
  2.702230e+00   1.424920e-04   3.801770e-05
  2.716440e+00   1.494010e-04   3.796780e-05
  2.730660e+00   1.789110e-04   3.788350e-05
  2.744880e+00   1.530200e-04   3.779550e-05
  2.759100e+00   1.400290e-04   3.759770e-05
  2.773310e+00   1.175370e-04   3.754860e-05
  2.787530e+00   1.878460e-04   3.748710e-05
  2.801740e+00   1.385540e-04   3.739960e-05
  2.815960e+00   1.339630e-04   3.728920e-05
  2.830180e+00   9.717070e-05   3.716610e-05
  2.844390e+00   1.713790e-04   3.713430e-05
  2.858610e+00   9.798630e-05   3.700330e-05
  2.872830e+00   1.062940e-04   3.681090e-05
  2.887040e+00   1.680010e-04   3.681680e-05
  2.901260e+00   1.378090e-04   3.674410e-05
  2.915470e+00   9.711580e-05   3.661250e-05
  2.929690e+00   1.705230e-04   3.658350e-05
  2.943900e+00   1.160300e-04   3.647810e-05
  2.958120e+00   1.384360e-04   3.636590e-05
  2.972340e+00   1.368430e-04   3.625720e-05
  2.986550e+00   1.298500e-04   3.624370e-05
  3.000770e+00   1.184560e-04   3.613080e-05
  3.014980e+00   9.936210e-05   3.606720e-05
  3.029200e+00   6.596830e-05   3.592050e-05
  3.043410e+00   8.877430e-05   3.589850e-05
  3.057630e+00   1.620800e-04   3.578850e-05
  3.071840e+00   1.454860e-04   3.564680e-05
  3.086060e+00   1.315920e-04   3.558890e-05
  3.100270e+00   1.508970e-04   3.556760e-05
  3.114490e+00   9.980280e-05   3.545430e-05
  3.128700e+00   1.509080e-04   3.544270e-05
  3.142910e+00   1.896130e-04   3.530630e-05
  3.157130e+00   1.006190e-04   3.515770e-05
  3.171340e+00   1.612240e-04   3.514390e-05
  3.185560e+00   1.766290e-04   3.512500e-05
  3.199770e+00   1.592340e-04   3.501670e-05
  3.213980e+00   1.279390e-04   3.487100e-05
  3.228200e+00   9.474330e-05   3.491300e-05
  3.242410e+00   5.904800e-05   3.481990e-05
  3.256630e+00   1.627530e-04   3.478100e-05
  3.270840e+00   1.080570e-04   3.468030e-05
  3.285050e+00   1.371620e-04   3.460380e-05
  3.299270e+00   8.936590e-05   3.449310e-05
  3.313480e+00   8.347010e-05   3.439230e-05
  3.327690e+00   1.748740e-04   3.437720e-05
  3.341900e+00   1.541780e-04   3.438810e-05
  3.356120e+00   8.868260e-05   3.420040e-05
  3.370330e+00   1.455870e-04   3.422410e-05
  3.384540e+00   1.509900e-04   3.417190e-05
  3.398760e+00   7.389430e-05   3.406400e-05
  3.412970e+00   1.076980e-04   3.399200e-05
  3.427180e+00   1.857020e-04   3.400270e-05
  3.441390e+00   1.656060e-04   3.389070e-05
  3.455600e+00   9.570920e-05   3.385070e-05
  3.469820e+00   7.951270e-05   3.371080e-05
  3.484030e+00   1.631160e-04   3.370180e-05
  3.498240e+00   1.131200e-04   3.365830e-05
  3.512450e+00   1.207230e-04   3.354770e-05
  3.526660e+00   1.313260e-04   3.350880e-05
  3.540870e+00   9.962970e-05   3.338240e-05
  3.555090e+00   1.132330e-04   3.341250e-05
  3.569300e+00   1.769360e-04   3.375650e-05
  3.583510e+00   9.293920e-05   3.388350e-05
  3.597720e+00   1.325420e-04   3.400630e-05
  3.611930e+00   1.351450e-04   3.400270e-05
  3.626140e+00   1.515480e-04   3.410940e-05
  3.640350e+00   1.052510e-04   3.423120e-05
  3.654560e+00   1.173540e-04   3.470750e-05
  3.668770e+00   1.631570e-04   3.494650e-05
  3.682980e+00   1.589600e-04   3.561840e-05
  3.697190e+00   1.512630e-04   3.665240e-05
  3.711400e+00   1.184650e-04   3.733770e-05
  3.725610e+00   1.570680e-04   3.798160e-05
  3.739820e+00   1.849710e-04   3.854420e-05
  3.754030e+00   1.218730e-04   3.902860e-05
  3.768240e+00   1.393760e-04   3.955950e-05
  3.782450e+00   1.359780e-04   4.001630e-05
  3.796660e+00   1.348810e-04   4.043890e-05
  3.810870e+00   1.083830e-04   4.094510e-05
  3.825080e+00   1.902860e-04   4.140330e-05
  3.839290e+00   1.547880e-04   4.181130e-05
  3.853500e+00   1.281900e-04   4.221800e-05
  3.867710e+00   1.096930e-04   4.261680e-05
  3.881920e+00   1.134950e-04   4.309800e-05
  3.896130e+00   7.829710e-05   4.347020e-05
  3.910330e+00   1.322990e-04   4.394450e-05
  3.924540e+00   1.941010e-04   4.440080e-05
  3.938750e+00   1.250040e-04   4.485320e-05
  3.952960e+00   1.708060e-04   4.527620e-05
  3.967170e+00   1.810080e-04   4.570100e-05
  3.981370e+00   1.527100e-04   4.615600e-05
  3.995580e+00   1.581120e-04   4.656340e-05
  4.009790e+00   1.610140e-04   4.698750e-05
parent: SASDAA7curve.dat
creator: datregrid
creator-version: v0.3 (r4456)
datregrid-operation: scale 10
