Sample description: primus/qt temporary file
Sample: primus/qt tempo  c= 0 mg/ml  Code: tmp
Parent(s): /Users/SASDBR3_non_extrap.dat
  1.392800e-01   5.830730e+02   8.172490e+00
  1.443400e-01   5.686010e+02   7.261510e+00
  1.494000e-01   5.694660e+02   6.699910e+00
  1.544600e-01   5.661160e+02   6.412120e+00
  1.595200e-01   5.611870e+02   5.588460e+00
  1.645800e-01   5.563540e+02   5.125530e+00
  1.696400e-01   5.500900e+02   5.400810e+00
  1.747000e-01   5.456980e+02   4.616280e+00
  1.797600e-01   5.307720e+02   4.583740e+00
  1.848200e-01   5.259070e+02   4.184050e+00
  1.898800e-01   5.291460e+02   4.744510e+00
  1.949400e-01   5.187110e+02   4.499420e+00
  2.000000e-01   5.033440e+02   3.363120e+00
  2.050600e-01   5.026730e+02   4.173370e+00
  2.101200e-01   4.979630e+02   3.985150e+00
  2.151800e-01   4.876370e+02   3.904330e+00
  2.202400e-01   4.843560e+02   3.698070e+00
  2.253000e-01   4.775500e+02   3.404920e+00
  2.303600e-01   4.657110e+02   3.271690e+00
  2.354200e-01   4.671060e+02   3.137880e+00
  2.404800e-01   4.574970e+02   2.934920e+00
  2.455400e-01   4.545430e+02   2.774900e+00
  2.506000e-01   4.444270e+02   2.892530e+00
  2.556600e-01   4.362080e+02   2.684160e+00
  2.607200e-01   4.308490e+02   2.702430e+00
  2.657800e-01   4.249520e+02   2.555450e+00
  2.708400e-01   4.163760e+02   2.294390e+00
  2.759000e-01   4.097010e+02   2.523690e+00
  2.809600e-01   4.066270e+02   2.293970e+00
  2.860200e-01   3.970830e+02   2.087140e+00
  2.910800e-01   3.900830e+02   5.619240e+00
  2.961400e-01   3.847350e+02   2.165900e+00
  3.012000e-01   3.807840e+02   2.171160e+00
  3.062600e-01   3.715770e+02   2.063530e+00
  3.113200e-01   3.693250e+02   1.960370e+00
  3.163800e-01   3.621320e+02   1.888740e+00
  3.214400e-01   3.577830e+02   1.814150e+00
  3.265000e-01   3.519180e+02   1.839820e+00
  3.315600e-01   3.446510e+02   1.709630e+00
  3.366200e-01   3.398710e+02   1.727740e+00
  3.416800e-01   3.364880e+02   1.630360e+00
  3.467400e-01   3.270280e+02   1.630360e+00
  3.518000e-01   3.233290e+02   1.645450e+00
  3.568600e-01   3.176980e+02   1.602310e+00
  3.619200e-01   3.103990e+02   1.562800e+00
  3.669800e-01   3.086310e+02   1.568140e+00
  3.720400e-01   3.030990e+02   1.578230e+00
  3.771000e-01   2.984950e+02   1.426250e+00
  3.821600e-01   2.926620e+02   1.472660e+00
  3.872200e-01   2.881760e+02   1.500120e+00
  3.922800e-01   2.815390e+02   1.418620e+00
  3.973400e-01   2.804220e+02   1.384970e+00
  4.024000e-01   2.743270e+02   1.376240e+00
  4.074600e-01   2.668870e+02   1.361370e+00
  4.125200e-01   2.671140e+02   1.411700e+00
  4.175800e-01   2.584400e+02   1.333940e+00
  4.226400e-01   2.551750e+02   1.234280e+00
  4.277000e-01   2.510580e+02   1.265530e+00
  4.327600e-01   2.484130e+02   1.285920e+00
  4.378200e-01   2.418860e+02   1.246020e+00
  4.428800e-01   2.378370e+02   1.269140e+00
  4.479400e-01   2.357160e+02   1.274940e+00
  4.530000e-01   2.309750e+02   1.244940e+00
  4.580600e-01   2.266660e+02   1.147810e+00
  4.631200e-01   2.209840e+02   1.108690e+00
  4.681800e-01   2.206680e+02   1.157850e+00
  4.732400e-01   2.165940e+02   1.173400e+00
  4.783000e-01   2.122030e+02   1.176640e+00
  4.833600e-01   2.082370e+02   1.171350e+00
  4.884200e-01   2.033470e+02   1.129120e+00
  4.934800e-01   2.027820e+02   1.116370e+00
  4.985400e-01   1.985650e+02   1.128650e+00
  5.036000e-01   1.969700e+02   1.095510e+00
  5.086600e-01   1.916200e+02   1.104630e+00
  5.137200e-01   1.895320e+02   1.080500e+00
  5.187800e-01   1.830770e+02   1.041780e+00
  5.238400e-01   1.806020e+02   1.059410e+00
  5.289000e-01   1.795530e+02   1.066460e+00
  5.339600e-01   1.745570e+02   1.015700e+00
  5.390200e-01   1.730760e+02   1.016270e+00
  5.440800e-01   1.702100e+02   9.778530e-01
  5.491400e-01   1.680100e+02   9.663750e-01
  5.542000e-01   1.653710e+02   9.891390e-01
  5.592600e-01   1.607780e+02   1.006260e+00
  5.643200e-01   1.610150e+02   9.495090e-01
  5.693800e-01   1.570040e+02   9.146510e-01
  5.744400e-01   1.534590e+02   9.321470e-01
  5.795000e-01   1.507230e+02   9.492660e-01
  5.845600e-01   1.482190e+02   9.471270e-01
  5.896200e-01   1.467490e+02   9.332480e-01
  5.946800e-01   1.452500e+02   8.936640e-01
  5.997400e-01   1.430500e+02   8.949560e-01
  6.048000e-01   1.393730e+02   9.080450e-01
  6.098600e-01   1.376020e+02   8.648240e-01
  6.149200e-01   1.358780e+02   8.642790e-01
  6.199800e-01   1.342760e+02   8.676340e-01
  6.250400e-01   1.313150e+02   8.427340e-01
  6.301000e-01   1.299620e+02   8.256750e-01
  6.351600e-01   1.275280e+02   8.384510e-01
  6.402200e-01   1.261860e+02   8.585940e-01
  6.452800e-01   1.255220e+02   8.595830e-01
  6.503400e-01   1.218610e+02   8.252800e-01
  6.554000e-01   1.191630e+02   8.194410e-01
  6.604600e-01   1.189960e+02   8.072180e-01
  6.655200e-01   1.171620e+02   7.819190e-01
  6.705800e-01   1.155790e+02   8.052010e-01
  6.756400e-01   1.135660e+02   7.930030e-01
  6.807000e-01   1.099880e+02   7.851680e-01
  6.857600e-01   1.094990e+02   7.898950e-01
  6.908200e-01   1.085920e+02   7.936380e-01
  6.958800e-01   1.070130e+02   7.657380e-01
  7.009400e-01   1.051390e+02   7.558010e-01
  7.060000e-01   1.046330e+02   7.525130e-01
  7.110600e-01   1.018830e+02   7.519310e-01
  7.161200e-01   9.864700e+01   7.828620e-01
  7.211800e-01   9.981720e+01   7.492010e-01
  7.262400e-01   9.696770e+01   7.457640e-01
  7.313000e-01   9.770300e+01   7.197760e-01
  7.363600e-01   9.419330e+01   7.296910e-01
  7.414200e-01   9.381870e+01   7.115710e-01
  7.464800e-01   9.097410e+01   8.006990e-01
  7.515400e-01   8.967560e+01   7.280460e-01
  7.566000e-01   8.983600e+01   7.427520e-01
  7.616600e-01   8.832300e+01   7.403850e-01
  7.667200e-01   8.750900e+01   7.166660e-01
  7.717800e-01   8.646360e+01   7.068950e-01
  7.768400e-01   8.464220e+01   7.296700e-01
  7.819000e-01   8.356450e+01   6.671880e-01
  7.869600e-01   8.153400e+01   7.072860e-01
  7.920200e-01   8.036120e+01   7.000410e-01
  7.970800e-01   7.974970e+01   6.855970e-01
  8.021400e-01   7.882110e+01   6.954670e-01
  8.072000e-01   7.767160e+01   6.803940e-01
  8.122600e-01   7.650310e+01   6.643420e-01
  8.173200e-01   7.460320e+01   6.569720e-01
  8.223800e-01   7.407030e+01   6.667220e-01
  8.274400e-01   7.373600e+01   6.528530e-01
  8.325000e-01   7.280800e+01   6.363600e-01
  8.375600e-01   7.159690e+01   6.422450e-01
  8.426200e-01   6.936800e+01   6.466910e-01
  8.476800e-01   6.947360e+01   6.662960e-01
  8.527400e-01   6.881630e+01   6.523800e-01
  8.578000e-01   6.616600e+01   6.315670e-01
  8.628600e-01   6.629590e+01   6.425240e-01
  8.679200e-01   6.434380e+01   6.449700e-01
  8.729800e-01   6.505850e+01   6.331640e-01
  8.780400e-01   6.393870e+01   6.320840e-01
  8.831000e-01   6.256580e+01   6.325190e-01
  8.881600e-01   6.108550e+01   6.419310e-01
  8.932200e-01   5.972220e+01   6.046410e-01
  8.982800e-01   5.970900e+01   6.190440e-01
  9.033400e-01   5.815060e+01   6.148040e-01
  9.084000e-01   5.806630e+01   6.160680e-01
  9.134600e-01   5.744780e+01   5.998990e-01
  9.185200e-01   5.594770e+01   5.773080e-01
  9.235800e-01   5.424920e+01   6.114650e-01
  9.286400e-01   5.451700e+01   6.005160e-01
  9.337000e-01   5.278490e+01   5.775780e-01
  9.387600e-01   5.399730e+01   5.872010e-01
  9.438200e-01   5.269600e+01   5.776130e-01
  9.488800e-01   5.097370e+01   5.732070e-01
  9.539400e-01   5.050180e+01   5.698620e-01
  9.590000e-01   4.960620e+01   5.583010e-01
  9.640600e-01   4.904870e+01   5.667170e-01
  9.691200e-01   4.873550e+01   5.872240e-01
  9.741800e-01   4.795430e+01   5.742370e-01
  9.792400e-01   4.684840e+01   5.609070e-01
  9.843000e-01   4.614270e+01   5.540330e-01
  9.893600e-01   4.517300e+01   5.654650e-01
  9.944200e-01   4.422760e+01   5.538680e-01
  9.994800e-01   4.490120e+01   5.563320e-01
  1.004540e+00   4.393810e+01   5.543250e-01
  1.009600e+00   4.329300e+01   5.719420e-01
  1.014660e+00   4.256580e+01   5.424170e-01
  1.019720e+00   4.161980e+01   5.376940e-01
  1.024780e+00   4.119420e+01   5.479780e-01
  1.029840e+00   3.993010e+01   5.348180e-01
  1.034900e+00   3.913310e+01   5.457970e-01
  1.039960e+00   3.911060e+01   5.452240e-01
  1.045020e+00   3.779310e+01   5.333920e-01
  1.050080e+00   3.815290e+01   5.321070e-01
  1.055140e+00   3.676430e+01   5.354930e-01
  1.060200e+00   3.612130e+01   5.286170e-01
  1.065260e+00   3.551920e+01   5.290780e-01
  1.070320e+00   3.535780e+01   5.289570e-01
  1.075380e+00   3.477810e+01   5.272700e-01
  1.080440e+00   3.361060e+01   5.265480e-01
  1.085500e+00   3.400020e+01   5.240270e-01
  1.090560e+00   3.417310e+01   5.203750e-01
  1.095620e+00   3.228540e+01   5.300210e-01
  1.100680e+00   3.252810e+01   5.231670e-01
  1.105740e+00   3.182440e+01   5.074200e-01
  1.110800e+00   3.127190e+01   5.306430e-01
  1.115860e+00   3.085040e+01   5.182490e-01
  1.120920e+00   3.027670e+01   5.188130e-01
  1.125980e+00   3.027510e+01   5.113630e-01
  1.131040e+00   2.994940e+01   5.063860e-01
  1.136100e+00   3.001600e+01   5.070450e-01
  1.141160e+00   2.889120e+01   5.065810e-01
  1.146220e+00   2.854170e+01   4.972580e-01
  1.151280e+00   2.906940e+01   4.930130e-01
  1.156340e+00   2.834950e+01   4.887820e-01
  1.161400e+00   2.703240e+01   4.999260e-01
  1.166460e+00   2.751240e+01   4.930710e-01
  1.171520e+00   2.630840e+01   4.912650e-01
  1.176580e+00   2.639700e+01   4.995780e-01
  1.181640e+00   2.603590e+01   4.852670e-01
  1.186700e+00   2.558450e+01   4.895490e-01
  1.191760e+00   2.564320e+01   5.012400e-01
  1.196820e+00   2.478900e+01   5.032900e-01
  1.201880e+00   2.505210e+01   5.178400e-01
  1.206940e+00   2.493810e+01   5.203300e-01
  1.212000e+00   2.415210e+01   5.146830e-01
  1.217060e+00   2.372370e+01   5.282240e-01
  1.222120e+00   2.433780e+01   5.144680e-01
  1.227180e+00   2.354920e+01   5.384770e-01
  1.232240e+00   2.259210e+01   5.394270e-01
  1.237300e+00   2.285020e+01   5.310240e-01
  1.242360e+00   2.272760e+01   5.272760e-01
  1.247420e+00   2.298700e+01   5.261570e-01
  1.252480e+00   2.241350e+01   5.389300e-01
  1.257540e+00   2.164300e+01   5.427220e-01
  1.262600e+00   2.126050e+01   5.390510e-01
  1.267660e+00   2.165380e+01   5.314350e-01
  1.272720e+00   2.139620e+01   5.103960e-01
  1.277780e+00   2.056440e+01   5.135570e-01
  1.282840e+00   1.989540e+01   5.019010e-01
  1.287900e+00   2.133740e+01   5.146240e-01
  1.292960e+00   2.099270e+01   5.028940e-01
  1.298020e+00   2.073080e+01   4.938890e-01
  1.303080e+00   2.044900e+01   5.015700e-01
  1.308140e+00   1.920360e+01   4.960630e-01
  1.313200e+00   1.907170e+01   4.893480e-01
  1.318260e+00   1.894330e+01   4.809890e-01
  1.323320e+00   1.896120e+01   4.842000e-01
  1.328380e+00   1.962000e+01   4.878830e-01
  1.333440e+00   1.937610e+01   4.879410e-01
  1.338500e+00   1.917670e+01   4.852420e-01
  1.343560e+00   1.926630e+01   4.735040e-01
  1.348620e+00   1.845710e+01   4.785400e-01
  1.353680e+00   1.822650e+01   4.838970e-01
  1.358740e+00   1.790140e+01   4.719240e-01
  1.363800e+00   1.803010e+01   4.800640e-01
  1.368860e+00   1.740560e+01   4.783900e-01
  1.373920e+00   1.745700e+01   4.774260e-01
  1.378980e+00   1.699280e+01   4.779590e-01
  1.384040e+00   1.718190e+01   4.613150e-01
  1.389100e+00   1.783210e+01   4.667530e-01
  1.394160e+00   1.659620e+01   4.675100e-01
  1.399220e+00   1.709180e+01   4.669190e-01
  1.404280e+00   1.763140e+01   4.496950e-01
  1.409340e+00   1.706590e+01   4.569530e-01
  1.414400e+00   1.713490e+01   4.656530e-01
  1.419460e+00   1.657710e+01   4.629720e-01
  1.424520e+00   1.604280e+01   4.506580e-01
  1.429580e+00   1.633130e+01   4.445870e-01
  1.434640e+00   1.633070e+01   4.399120e-01
  1.439700e+00   1.568540e+01   4.312820e-01
  1.444760e+00   1.546270e+01   4.469160e-01
  1.449820e+00   1.531120e+01   4.537810e-01
  1.454880e+00   1.527340e+01   4.496750e-01
  1.459940e+00   1.526230e+01   4.408950e-01
  1.465000e+00   1.513610e+01   4.462390e-01
  1.470060e+00   1.555740e+01   4.475840e-01
  1.475120e+00   1.493260e+01   4.429590e-01
  1.480180e+00   1.487570e+01   4.352740e-01
  1.485240e+00   1.459210e+01   4.393520e-01
  1.490300e+00   1.395860e+01   4.368760e-01
  1.495360e+00   1.432230e+01   4.278930e-01
  1.500420e+00   1.382070e+01   4.262940e-01
  1.505480e+00   1.396350e+01   4.357000e-01
  1.510540e+00   1.446580e+01   4.266610e-01
  1.515600e+00   1.413800e+01   4.269980e-01
  1.520660e+00   1.367140e+01   4.326710e-01
  1.525720e+00   1.327050e+01   4.322960e-01
  1.530780e+00   1.285040e+01   4.239860e-01
  1.535840e+00   1.288490e+01   4.275270e-01
  1.540900e+00   1.335190e+01   4.331100e-01
  1.545960e+00   1.331460e+01   4.234460e-01
  1.551020e+00   1.308770e+01   4.189090e-01
  1.556080e+00   1.285250e+01   4.239540e-01
  1.561140e+00   1.284520e+01   4.247430e-01
  1.566200e+00   1.227060e+01   4.226560e-01
  1.571260e+00   1.246760e+01   4.192070e-01
  1.576320e+00   1.247550e+01   4.170000e-01
  1.581380e+00   1.171490e+01   4.173140e-01
  1.586440e+00   1.216000e+01   4.186830e-01
  1.591500e+00   1.229770e+01   4.173710e-01
  1.596560e+00   1.107520e+01   4.150820e-01
  1.601620e+00   1.175600e+01   4.092390e-01
  1.606680e+00   1.226520e+01   4.235920e-01
  1.611740e+00   1.184850e+01   4.235920e-01
  1.616800e+00   1.155030e+01   4.235920e-01
  1.621860e+00   1.093210e+01   4.235920e-01
  1.626920e+00   1.130770e+01   4.235920e-01
  1.631980e+00   1.115790e+01   4.235920e-01
  1.637040e+00   1.061680e+01   4.235920e-01
  1.642100e+00   1.106490e+01   4.235920e-01
  1.647160e+00   1.080380e+01   3.688230e-01
  1.652220e+00   1.018230e+01   4.062780e-01
  1.657280e+00   1.070610e+01   3.941260e-01
  1.662340e+00   1.087770e+01   3.960920e-01
  1.667400e+00   1.086470e+01   3.969790e-01
  1.672460e+00   1.053950e+01   4.008240e-01
  1.677520e+00   9.956190e+00   3.957600e-01
  1.682580e+00   9.930760e+00   3.911640e-01
  1.687640e+00   9.984110e+00   3.977960e-01
  1.692700e+00   9.526090e+00   3.959150e-01
  1.697760e+00   9.654370e+00   3.940370e-01
  1.702820e+00   9.892840e+00   3.968740e-01
  1.707880e+00   9.617980e+00   3.898200e-01
  1.712940e+00   9.394780e+00   3.862920e-01
  1.718000e+00   9.531770e+00   3.877560e-01
  1.723060e+00   9.887040e+00   3.945130e-01
  1.728120e+00   9.525740e+00   3.949020e-01
  1.733180e+00   8.747730e+00   3.875800e-01
  1.738240e+00   9.020870e+00   3.890350e-01
  1.743300e+00   8.914600e+00   3.906330e-01
  1.748360e+00   8.784500e+00   3.853890e-01
  1.753420e+00   9.155040e+00   3.828680e-01
  1.758480e+00   8.256270e+00   3.846150e-01
  1.763540e+00   8.178720e+00   3.822120e-01
  1.768600e+00   8.216870e+00   3.852900e-01
  1.773660e+00   8.254600e+00   3.857170e-01
  1.778720e+00   8.317160e+00   3.814480e-01
  1.783780e+00   8.167180e+00   3.845020e-01
  1.788840e+00   7.947350e+00   3.859890e-01
  1.793900e+00   8.100420e+00   3.820890e-01
  1.798960e+00   8.152090e+00   3.777140e-01
  1.804020e+00   7.852900e+00   3.858340e-01
  1.809080e+00   8.163580e+00   3.581830e-01
  1.814140e+00   8.202380e+00   3.581830e-01
  1.819200e+00   7.788360e+00   3.581830e-01
  1.824260e+00   7.569410e+00   3.581830e-01
  1.829320e+00   8.104410e+00   3.581830e-01
  1.834380e+00   7.641270e+00   3.581830e-01
  1.839440e+00   6.989570e+00   3.581830e-01
  1.844500e+00   7.159160e+00   3.511120e-01
  1.849560e+00   6.906640e+00   3.799060e-01
  1.854620e+00   6.727350e+00   3.733740e-01
  1.859680e+00   7.064780e+00   3.649920e-01
  1.864740e+00   7.284180e+00   3.599690e-01
  1.869800e+00   7.135930e+00   3.634270e-01
  1.874860e+00   7.019510e+00   3.607000e-01
  1.879920e+00   6.898550e+00   3.697580e-01
  1.884980e+00   6.501690e+00   3.752580e-01
  1.890040e+00   6.183280e+00   3.745990e-01
  1.895100e+00   6.370610e+00   3.663800e-01
  1.900160e+00   6.823570e+00   3.597150e-01
  1.905220e+00   7.063280e+00   3.667320e-01
  1.910280e+00   6.770970e+00   3.638130e-01
  1.915340e+00   6.436510e+00   3.583080e-01
  1.920400e+00   6.732560e+00   3.604690e-01
  1.925460e+00   6.582210e+00   3.607850e-01
  1.930520e+00   6.867490e+00   3.589910e-01
  1.935580e+00   6.538480e+00   3.590080e-01
  1.940640e+00   6.094720e+00   3.612700e-01
  1.945700e+00   6.105510e+00   3.615880e-01
  1.950760e+00   6.038760e+00   3.608850e-01
  1.955820e+00   6.627960e+00   3.542510e-01
  1.960880e+00   6.497180e+00   3.521740e-01
  1.965940e+00   6.224880e+00   3.577820e-01
  1.971000e+00   5.954920e+00   3.521840e-01
  1.976060e+00   5.981760e+00   3.539690e-01
  1.981120e+00   5.797200e+00   3.556920e-01
  1.986180e+00   5.803140e+00   3.578000e-01
  1.991240e+00   6.077060e+00   3.561520e-01
  1.996300e+00   5.713780e+00   3.534840e-01
  2.001360e+00   5.622960e+00   3.562420e-01
  2.006420e+00   6.165990e+00   3.467340e-01
  2.011480e+00   5.791060e+00   3.508370e-01
  2.016540e+00   5.855730e+00   3.539170e-01
  2.021600e+00   6.050560e+00   3.509740e-01
  2.026660e+00   5.558890e+00   3.509560e-01
  2.031720e+00   5.636050e+00   3.476290e-01
  2.036780e+00   5.564520e+00   3.491340e-01
  2.041840e+00   5.091050e+00   3.435770e-01
  2.046900e+00   5.400430e+00   3.487670e-01
  2.051960e+00   5.938200e+00   3.525930e-01
  2.057020e+00   5.978580e+00   3.406190e-01
  2.062080e+00   5.665750e+00   3.474640e-01
  2.067140e+00   5.226380e+00   3.571590e-01
  2.072200e+00   5.706710e+00   3.466230e-01
  2.077260e+00   5.748240e+00   3.478050e-01
  2.082320e+00   5.383680e+00   3.513400e-01
  2.087380e+00   5.595490e+00   3.426100e-01
  2.092440e+00   5.632850e+00   3.410020e-01
  2.097500e+00   5.895380e+00   3.433520e-01
  2.102560e+00   5.456880e+00   3.417800e-01
  2.107620e+00   5.395600e+00   3.344980e-01
  2.112680e+00   5.592300e+00   3.438580e-01
  2.117740e+00   5.340110e+00   3.419610e-01
  2.122800e+00   4.918010e+00   3.370910e-01
  2.127860e+00   5.117870e+00   3.446820e-01
  2.132920e+00   5.470560e+00   3.458110e-01
  2.137980e+00   5.263680e+00   3.459130e-01
  2.143040e+00   4.840070e+00   3.415210e-01
  2.148100e+00   4.489680e+00   3.378780e-01
  2.153160e+00   5.093190e+00   3.424320e-01
  2.158220e+00   5.513230e+00   3.418540e-01
  2.163280e+00   5.334510e+00   3.349230e-01
  2.168340e+00   5.111960e+00   3.340660e-01
  2.173400e+00   4.948360e+00   3.430180e-01
  2.178460e+00   4.919200e+00   3.349150e-01
  2.183520e+00   5.015460e+00   3.342820e-01
  2.188580e+00   5.123890e+00   3.451900e-01
  2.193640e+00   5.026520e+00   3.413930e-01
  2.198700e+00   5.157680e+00   3.314500e-01
  2.203760e+00   5.158930e+00   3.358780e-01
  2.208820e+00   4.747370e+00   3.369090e-01
  2.213880e+00   4.615450e+00   3.316480e-01
  2.218940e+00   4.802300e+00   3.284910e-01
  2.224000e+00   4.575100e+00   3.350440e-01
  2.229060e+00   4.702070e+00   3.335790e-01
  2.234120e+00   5.046550e+00   3.323370e-01
  2.239180e+00   5.156050e+00   3.358770e-01
  2.244240e+00   4.660080e+00   3.329360e-01
  2.249300e+00   4.481470e+00   3.310670e-01
  2.254360e+00   4.662710e+00   3.297090e-01
  2.259420e+00   4.616870e+00   3.360090e-01
  2.264480e+00   4.409560e+00   3.274870e-01
  2.269540e+00   4.426450e+00   3.284460e-01
  2.274600e+00   4.559330e+00   3.258480e-01
  2.279660e+00   4.260530e+00   3.273770e-01
  2.284720e+00   4.652750e+00   3.304390e-01
  2.289780e+00   4.697400e+00   3.326270e-01
  2.294840e+00   4.923770e+00   3.271720e-01
  2.299900e+00   4.822540e+00   3.239220e-01
  2.304960e+00   4.481600e+00   3.268680e-01
  2.310020e+00   3.971010e+00   3.235800e-01
  2.315080e+00   3.788420e+00   3.235470e-01
  2.320140e+00   4.460800e+00   3.248380e-01
  2.325200e+00   4.492050e+00   3.264510e-01
  2.330260e+00   4.141180e+00   3.265180e-01
  2.335320e+00   3.965690e+00   3.204190e-01
  2.340380e+00   4.515970e+00   3.187270e-01
  2.345440e+00   4.136760e+00   3.246400e-01
  2.350500e+00   4.071590e+00   3.191350e-01
  2.355560e+00   4.565920e+00   3.151620e-01
  2.360620e+00   3.945510e+00   3.176270e-01
  2.365680e+00   4.214940e+00   3.149010e-01
  2.370740e+00   4.414970e+00   3.199250e-01
  2.375800e+00   4.077380e+00   3.178910e-01
  2.380860e+00   3.816160e+00   3.169240e-01
  2.385920e+00   3.650890e+00   3.179920e-01
  2.390980e+00   3.846790e+00   3.136190e-01
  2.396040e+00   4.265430e+00   3.127050e-01
  2.401100e+00   3.881080e+00   3.187630e-01
  2.406160e+00   3.803750e+00   3.190600e-01
  2.411220e+00   3.630810e+00   3.182300e-01
  2.416280e+00   3.714320e+00   3.153610e-01
  2.421340e+00   3.988840e+00   3.230810e-01
  2.426400e+00   4.608020e+00   3.282420e-01
  2.431460e+00   3.997050e+00   3.125220e-01
  2.436520e+00   3.643740e+00   3.125220e-01
  2.441580e+00   3.421480e+00   3.125220e-01
  2.446640e+00   3.840630e+00   3.125220e-01
  2.451700e+00   4.184030e+00   3.125220e-01
  2.456760e+00   4.032210e+00   3.125220e-01
  2.461820e+00   3.766500e+00   3.125220e-01
  2.466880e+00   3.980020e+00   3.131270e-01
  2.471940e+00   4.152710e+00   3.477540e-01
  2.477000e+00   3.407680e+00   3.366150e-01
  2.482060e+00   3.275220e+00   3.332660e-01
  2.487120e+00   3.575840e+00   3.442570e-01
  2.492180e+00   3.573810e+00   3.383690e-01
  2.497240e+00   3.968380e+00   3.434130e-01
  2.502300e+00   3.612230e+00   3.366200e-01
  2.507360e+00   3.810450e+00   3.404910e-01
  2.512420e+00   3.560540e+00   3.460460e-01
  2.517480e+00   3.456760e+00   3.440630e-01
  2.522540e+00   3.176930e+00   3.356510e-01
  2.527600e+00   3.799280e+00   3.574660e-01
  2.532660e+00   3.696420e+00   2.808010e-01
  2.537720e+00   3.684090e+00   5.942280e-01
  2.542780e+00   3.866850e+00   9.339210e-01
  2.547840e+00   3.403570e+00   2.417490e-01
  2.552900e+00   3.242480e+00   3.641570e-01
  2.557960e+00   3.742110e+00   3.328980e-01
  2.563020e+00   3.611740e+00   3.474170e-01
  2.568080e+00   3.966100e+00   3.349820e-01
  2.573140e+00   3.518730e+00   3.399030e-01
  2.578200e+00   3.351900e+00   3.416130e-01
  2.583260e+00   3.644270e+00   3.395040e-01
  2.588320e+00   3.636930e+00   3.342790e-01
  2.593380e+00   2.899670e+00   3.420930e-01
  2.598440e+00   3.359370e+00   3.419330e-01
  2.603500e+00   3.453120e+00   3.404490e-01
  2.608560e+00   3.534150e+00   3.404460e-01
  2.613620e+00   3.343810e+00   3.420600e-01
  2.618680e+00   3.122870e+00   3.398780e-01
  2.623740e+00   3.136880e+00   3.397840e-01
  2.628800e+00   3.062090e+00   3.457000e-01
  2.633860e+00   2.876100e+00   3.455140e-01
  2.638920e+00   3.579250e+00   3.360370e-01
  2.643980e+00   3.262610e+00   3.431610e-01
  2.649040e+00   3.331550e+00   3.403220e-01
  2.654100e+00   3.128940e+00   3.396220e-01
  2.659160e+00   3.340460e+00   3.355210e-01
  2.664220e+00   3.508560e+00   3.402130e-01
  2.669280e+00   3.438610e+00   3.462720e-01
  2.674340e+00   3.421990e+00   3.439770e-01
  2.679400e+00   3.099760e+00   3.407380e-01
  2.684460e+00   3.127300e+00   3.454990e-01
  2.689520e+00   3.241330e+00   3.410410e-01
  2.694580e+00   2.817980e+00   3.438820e-01
  2.699640e+00   3.136330e+00   3.451600e-01
  2.704700e+00   3.645040e+00   3.479110e-01
  2.709760e+00   2.810590e+00   3.404090e-01
  2.714820e+00   3.206880e+00   3.335140e-01
  2.719880e+00   3.362990e+00   3.729090e-01
  2.724940e+00   2.988040e+00   4.514780e-01
  2.730000e+00   3.302770e+00   3.338870e-01
  2.735060e+00   2.920210e+00   3.371520e-01
  2.740120e+00   2.980050e+00   3.848590e-01
  2.745180e+00   2.578510e+00   3.848590e-01
  2.750240e+00   2.829900e+00   3.848590e-01
  2.755300e+00   3.204350e+00   3.848590e-01
  2.760360e+00   2.886050e+00   3.848590e-01
  2.765420e+00   3.006580e+00   3.848590e-01
  2.770480e+00   3.019200e+00   3.251930e-01
  2.775540e+00   2.946340e+00   3.495550e-01
  2.780600e+00   3.169220e+00   3.302730e-01
  2.785660e+00   3.082280e+00   3.691310e-01
  2.790720e+00   3.101730e+00   3.691310e-01
  2.795780e+00   3.227960e+00   3.691310e-01
  2.800840e+00   2.930400e+00   3.691310e-01
  2.805900e+00   2.940780e+00   3.691310e-01
  2.810960e+00   2.415130e+00   3.980580e-01
  2.816020e+00   2.979800e+00   3.294040e-01
  2.821080e+00   2.823370e+00   3.477770e-01
  2.826140e+00   2.973430e+00   3.428470e-01
  2.831200e+00   3.061950e+00   3.378250e-01
  2.836260e+00   3.402460e+00   3.379350e-01
  2.841320e+00   2.851820e+00   3.402190e-01
  2.846380e+00   2.993400e+00   3.397610e-01
  2.851440e+00   2.617980e+00   3.366540e-01
  2.856500e+00   2.500320e+00   3.513710e-01
  2.861560e+00   2.686130e+00   3.033010e-01
  2.866620e+00   2.903390e+00   4.838030e-01
  2.871680e+00   3.234000e+00   4.838030e-01
  2.876740e+00   2.674490e+00   2.718020e-01
  2.881800e+00   2.748640e+00   3.585380e-01
  2.886860e+00   3.014850e+00   3.300930e-01
  2.891920e+00   2.968960e+00   3.425370e-01
  2.896980e+00   3.160900e+00   3.427700e-01
  2.902040e+00   2.365310e+00   3.372620e-01
  2.907100e+00   2.659580e+00   3.378990e-01
  2.912160e+00   2.739710e+00   3.356210e-01
  2.917220e+00   2.895540e+00   3.419720e-01
  2.922280e+00   3.007520e+00   3.400510e-01
  2.927340e+00   2.592780e+00   3.366520e-01
  2.932400e+00   2.580940e+00   3.432210e-01
  2.937460e+00   2.217260e+00   3.395050e-01
  2.942520e+00   2.721360e+00   3.397130e-01
  2.947580e+00   2.532130e+00   3.422750e-01
  2.952640e+00   3.088270e+00   3.380840e-01
  2.957700e+00   2.783370e+00   3.367450e-01
  2.962760e+00   2.721100e+00   3.392180e-01
  2.967820e+00   2.799490e+00   3.446860e-01
  2.972880e+00   2.633640e+00   3.415280e-01
  2.977940e+00   3.225930e+00   3.383680e-01
  2.983000e+00   2.904330e+00   3.446970e-01
  2.988060e+00   2.802570e+00   3.413380e-01
  2.993120e+00   2.868290e+00   3.428790e-01
  2.998180e+00   2.597690e+00   3.455380e-01
  3.003240e+00   2.954510e+00   3.460070e-01
  3.008300e+00   2.312680e+00   3.416420e-01
  3.013360e+00   2.829350e+00   3.414930e-01
  3.018420e+00   2.408800e+00   3.453820e-01
  3.023480e+00   2.250680e+00   3.443170e-01
  3.028540e+00   2.918600e+00   3.552190e-01
  3.033600e+00   2.467450e+00   3.496150e-01
  3.038660e+00   3.044640e+00   3.524880e-01
  3.043720e+00   2.464190e+00   3.538650e-01
  3.048780e+00   2.771060e+00   3.606600e-01
  3.053840e+00   2.690940e+00   3.502890e-01
  3.058900e+00   2.667170e+00   3.467910e-01
  3.063960e+00   2.362550e+00   3.413910e-01
  3.069020e+00   3.004180e+00   3.510930e-01
  3.074080e+00   3.063790e+00   3.472390e-01
  3.079140e+00   2.947000e+00   3.463190e-01
  3.084200e+00   2.541400e+00   3.462760e-01
  3.089260e+00   2.564360e+00   3.489060e-01
  3.094320e+00   2.577970e+00   3.348070e-01
  3.099380e+00   3.013950e+00   3.926530e-01
  3.104440e+00   2.412240e+00   3.926530e-01
  3.109500e+00   2.964970e+00   3.926530e-01
  3.114560e+00   2.437320e+00   3.926530e-01
  3.119620e+00   3.360550e+00   3.926530e-01
  3.124680e+00   2.496270e+00   3.926530e-01
  3.129740e+00   2.769320e+00   3.220970e-01
  3.134800e+00   2.695720e+00   3.676920e-01
  3.139860e+00   3.030470e+00   3.464750e-01
  3.144920e+00   2.612070e+00   3.737910e-01
  3.149980e+00   3.003360e+00   3.737910e-01
  3.155040e+00   2.501360e+00   3.737910e-01
  3.160100e+00   2.762410e+00   3.737910e-01
  3.165160e+00   2.974810e+00   3.737910e-01
  3.170220e+00   3.003770e+00   3.737910e-01
  3.175280e+00   2.852730e+00   3.737910e-01
  3.180340e+00   2.299860e+00   3.737910e-01
  3.185400e+00   2.684670e+00   3.737910e-01
  3.190460e+00   2.379880e+00   3.737910e-01
  3.195520e+00   2.391770e+00   3.737910e-01
  3.200580e+00   2.960970e+00   3.025930e-01
  3.205640e+00   3.377520e+00   3.667350e-01
  3.210700e+00   3.014930e+00   3.426090e-01
  3.215760e+00   2.343020e+00   3.520770e-01
  3.220820e+00   3.314530e+00   3.436430e-01
  3.225880e+00   2.803230e+00   3.424960e-01
  3.230940e+00   2.708100e+00   3.489480e-01
  3.236000e+00   2.264890e+00   3.560380e-01
  3.241060e+00   2.757520e+00   3.586330e-01
  3.246120e+00   2.166750e+00   3.492620e-01
  3.251180e+00   2.624390e+00   3.470990e-01
  3.256240e+00   2.608990e+00   3.438100e-01
  3.261300e+00   2.709570e+00   3.487910e-01
  3.266360e+00   3.072470e+00   3.491670e-01
  3.271420e+00   3.087370e+00   3.472470e-01
  3.276480e+00   2.641400e+00   3.487570e-01
  3.281540e+00   3.277760e+00   3.471820e-01
  3.286600e+00   3.221800e+00   3.526540e-01
  3.291660e+00   2.698780e+00   3.525080e-01
  3.296720e+00   3.052180e+00   3.540560e-01
  3.301780e+00   2.983330e+00   3.477540e-01
  3.306840e+00   2.935730e+00   3.454390e-01
  3.311900e+00   3.027440e+00   3.427050e-01
  3.316960e+00   2.702270e+00   3.434400e-01
  3.322020e+00   3.134200e+00   3.504180e-01
  3.327080e+00   3.100360e+00   3.503080e-01
  3.332140e+00   2.705390e+00   3.514100e-01
  3.337200e+00   2.462590e+00   3.457650e-01
  3.342260e+00   3.023940e+00   3.473750e-01
  3.347320e+00   2.819250e+00   3.521730e-01
  3.352380e+00   3.209280e+00   3.468830e-01
  3.357440e+00   2.636180e+00   3.474570e-01
  3.362500e+00   3.252110e+00   3.574960e-01
  3.367560e+00   2.553940e+00   3.534200e-01
  3.372620e+00   2.753410e+00   3.544110e-01
  3.377680e+00   3.161000e+00   3.515920e-01
  3.382740e+00   2.367790e+00   3.521610e-01
  3.387800e+00   2.597470e+00   3.406250e-01
  3.392860e+00   2.840030e+00   3.928960e-01
  3.397920e+00   2.965480e+00   3.928960e-01
  3.402980e+00   3.143420e+00   3.928960e-01
  3.408040e+00   2.296420e+00   3.928960e-01
  3.413100e+00   2.813230e+00   3.928960e-01
  3.418160e+00   2.914950e+00   4.547430e-01
  3.423220e+00   2.864980e+00   3.226690e-01
  3.428280e+00   3.158350e+00   3.651210e-01
  3.433340e+00   3.495620e+00   3.500240e-01
  3.438400e+00   3.022620e+00   3.513440e-01
  3.443460e+00   3.393470e+00   3.613130e-01
  3.448520e+00   2.730900e+00   3.532590e-01
  3.453580e+00   3.184290e+00   3.525360e-01
  3.458640e+00   2.385730e+00   3.549990e-01
  3.463700e+00   2.886640e+00   3.557770e-01
  3.468760e+00   3.245650e+00   3.494440e-01
  3.473820e+00   2.364620e+00   3.590790e-01
  3.478880e+00   3.196970e+00   3.548840e-01
  3.483940e+00   2.642030e+00   3.557290e-01
  3.489000e+00   2.653680e+00   3.673110e-01
  3.494060e+00   3.228160e+00   3.588200e-01
  3.499120e+00   3.079720e+00   3.575930e-01
  3.504180e+00   2.849000e+00   3.580510e-01
  3.509240e+00   3.074880e+00   3.638570e-01
  3.514300e+00   2.863140e+00   3.663090e-01
  3.519360e+00   2.650570e+00   3.551690e-01
  3.524420e+00   3.119380e+00   3.591850e-01
  3.529480e+00   2.802600e+00   3.560570e-01
  3.534540e+00   2.580520e+00   3.645110e-01
  3.539600e+00   3.056290e+00   3.686220e-01
  3.544660e+00   2.371510e+00   3.580960e-01
  3.549720e+00   3.155750e+00   3.657800e-01
  3.554780e+00   2.873090e+00   3.682400e-01
  3.559840e+00   3.335180e+00   3.617610e-01
  3.564900e+00   3.333110e+00   3.737810e-01
  3.569960e+00   3.074110e+00   3.693930e-01
  3.575020e+00   2.691760e+00   3.691280e-01
  3.580080e+00   3.285920e+00   3.755950e-01
  3.585140e+00   3.337380e+00   4.487370e-01
  3.590200e+00   2.986640e+00   3.878350e-01
  3.595260e+00   2.806960e+00   3.997640e-01
  3.600320e+00   3.033150e+00   3.997640e-01
  3.605380e+00   2.992580e+00   3.513940e-01
  3.610440e+00   2.527050e+00   3.771720e-01
  3.615500e+00   2.455410e+00   3.821190e-01
  3.620560e+00   2.954840e+00   3.968940e-01
  3.625620e+00   2.453490e+00   3.740080e-01
  3.630680e+00   3.108500e+00   3.797190e-01
  3.635740e+00   2.759000e+00   3.766950e-01
  3.640800e+00   2.795330e+00   3.860810e-01
  3.645860e+00   2.912350e+00   4.175040e-01
  3.650920e+00   2.837880e+00   3.938130e-01
  3.655980e+00   2.989810e+00   3.986780e-01
  3.661040e+00   2.884790e+00   4.082700e-01
  3.666100e+00   2.747340e+00   4.262060e-01
  3.671160e+00   3.360860e+00   4.051210e-01
  3.676220e+00   2.908970e+00   4.135390e-01
  3.681280e+00   2.683150e+00   4.332590e-01
  3.686340e+00   3.187460e+00   4.248600e-01
  3.691400e+00   3.084160e+00   4.301910e-01
  3.696460e+00   2.784390e+00   4.334930e-01
  3.701520e+00   2.743040e+00   4.391190e-01
  3.706580e+00   2.538190e+00   4.440830e-01
  3.711640e+00   3.163790e+00   4.488840e-01
  3.716700e+00   3.121930e+00   4.465030e-01
  3.721760e+00   3.443240e+00   4.476300e-01
  3.726820e+00   2.924490e+00   4.585540e-01
  3.731880e+00   2.739530e+00   4.581540e-01
  3.736940e+00   2.670530e+00   4.661220e-01
  3.742000e+00   2.586590e+00   4.646120e-01
  3.747060e+00   2.331700e+00   4.575160e-01
  3.752120e+00   3.332230e+00   4.585230e-01
  3.757180e+00   3.379710e+00   4.590470e-01
  3.762240e+00   2.680630e+00   4.673330e-01
  3.767300e+00   2.821650e+00   4.673330e-01
  3.772360e+00   3.540720e+00   4.542300e-01
  3.777420e+00   2.336490e+00   4.748050e-01
  3.782480e+00   2.647810e+00   4.643040e-01
  3.787540e+00   2.615610e+00   4.653870e-01
  3.792600e+00   3.324820e+00   4.661320e-01
  3.797660e+00   3.342500e+00   4.720680e-01
  3.802720e+00   3.444810e+00   4.682200e-01
  3.807780e+00   2.639980e+00   4.818380e-01
  3.812840e+00   3.402840e+00   4.850200e-01
  3.817900e+00   3.380670e+00   4.819300e-01
  3.822960e+00   2.804980e+00   4.744490e-01
  3.828020e+00   2.925140e+00   4.756990e-01
  3.833080e+00   2.582520e+00   4.823620e-01
  3.838140e+00   2.360400e+00   5.079730e-01
  3.843200e+00   2.831780e+00   4.746830e-01
  3.848260e+00   3.056020e+00   4.830530e-01
  3.853320e+00   3.424180e+00   4.793890e-01
  3.858380e+00   3.098020e+00   4.838530e-01
  3.863440e+00   3.051950e+00   4.864920e-01
  3.868500e+00   2.701030e+00   4.834740e-01
  3.873560e+00   3.387060e+00   4.883170e-01
  3.878620e+00   3.139950e+00   4.820110e-01
  3.883680e+00   2.941220e+00   4.821370e-01
  3.888740e+00   3.179420e+00   4.774720e-01
  3.893800e+00   3.337120e+00   4.824750e-01
  3.898860e+00   2.317650e+00   4.803530e-01
  3.903920e+00   3.012660e+00   4.859770e-01
  3.908980e+00   3.351480e+00   4.711220e-01
  3.914040e+00   2.965400e+00   4.891190e-01
  3.919100e+00   3.761580e+00   4.804810e-01
  3.924160e+00   3.692200e+00   4.663440e-01
  3.929220e+00   2.813570e+00   4.801560e-01
  3.934280e+00   2.343990e+00   4.808590e-01
  3.939340e+00   3.453440e+00   4.834890e-01
  3.944400e+00   2.591040e+00   4.924730e-01
  3.949460e+00   3.118290e+00   4.705100e-01
  3.954520e+00   3.184790e+00   4.665480e-01
  3.959580e+00   3.592370e+00   4.782650e-01
  3.964640e+00   2.550370e+00   5.095140e-01
  3.969700e+00   3.270970e+00   4.700880e-01
  3.974760e+00   3.582880e+00   4.717540e-01
  3.979820e+00   3.003050e+00   4.745410e-01
  3.984880e+00   3.205110e+00   4.771190e-01
  3.989940e+00   2.452610e+00   4.698690e-01
  3.995000e+00   3.521410e+00   4.709380e-01
  4.000060e+00   2.863660e+00   4.793480e-01
  4.005120e+00   2.802830e+00   4.655300e-01
  4.010180e+00   4.044660e+00   4.707590e-01
  4.015240e+00   2.916210e+00   4.607640e-01
  4.020300e+00   2.991060e+00   4.807640e-01
  4.025360e+00   2.005290e+00   4.725850e-01
  4.030420e+00   3.089190e+00   4.676030e-01
  4.035480e+00   3.183920e+00   4.650210e-01
  4.040540e+00   2.309050e+00   4.771060e-01
  4.045600e+00   2.435730e+00   4.686300e-01
  4.050660e+00   3.302540e+00   4.670420e-01
  4.055720e+00   3.656960e+00   4.641590e-01
  4.060780e+00   3.364290e+00   4.688070e-01
  4.065840e+00   3.087320e+00   4.745990e-01
  4.070900e+00   2.715760e+00   4.666380e-01
  4.075960e+00   2.397840e+00   4.632740e-01
  4.081020e+00   2.383430e+00   4.615020e-01
  4.086080e+00   2.722830e+00   4.501940e-01
  4.091140e+00   2.020190e+00   4.678110e-01
  4.096200e+00   3.079610e+00   4.776220e-01
parent: /Users/SASDBR3_non_extrap.dat
range-from: 1
range-to: 783
