Sample description: K1K2 domains of Kgp gingipain
Sample: primus/qt tempo  c= 2.89 mg/ml  Code: tmp
Parent(s): C:/Users/jeffries/Desktop/K1K2K3 and K1K2 for DARA X/K1K2/K1K2_ds.dat
 9.770000e-002  9.132910e-002  1.231070e-003
 1.075000e-001  8.931010e-002  1.084610e-003
 1.174000e-001  8.939300e-002  1.226220e-003
 1.272000e-001  8.801640e-002  1.222980e-003
 1.371000e-001  8.789050e-002  9.803620e-004
 1.469000e-001  8.752590e-002  1.219330e-003
 1.568000e-001  8.713340e-002  1.216650e-003
 1.666000e-001  8.642970e-002  1.214300e-003
 1.765000e-001  8.508090e-002  1.210390e-003
 1.863000e-001  8.389300e-002  1.207920e-003
 1.962000e-001  8.466760e-002  1.205540e-003
 2.060000e-001  8.424900e-002  1.201380e-003
 2.159000e-001  8.199080e-002  1.197950e-003
 2.257000e-001  8.090360e-002  1.194830e-003
 2.356000e-001  7.983230e-002  1.190500e-003
 2.454000e-001  7.844420e-002  1.186490e-003
 2.553000e-001  7.661800e-002  1.181940e-003
 2.651000e-001  7.500310e-002  1.178850e-003
 2.750000e-001  7.379150e-002  1.173380e-003
 2.848000e-001  7.482430e-002  1.169690e-003
 2.947000e-001  7.292430e-002  1.164500e-003
 3.045000e-001  7.414130e-002  1.160890e-003
 3.144000e-001  7.205290e-002  1.154990e-003
 3.242000e-001  6.823090e-002  1.138510e-003
 3.341000e-001  6.841950e-002  1.144820e-003
 3.439000e-001  6.691370e-002  1.137730e-003
 3.538000e-001  6.617640e-002  1.133730e-003
 3.636000e-001  6.484590e-002  1.103860e-003
 3.735000e-001  6.255170e-002  1.120940e-003
 3.833000e-001  6.072070e-002  1.114540e-003
 3.932000e-001  5.982830e-002  1.108800e-003
 4.030000e-001  5.763010e-002  1.101590e-003
 4.129000e-001  5.698070e-002  8.588480e-004
 4.227000e-001  5.649320e-002  1.088290e-003
 4.325000e-001  5.458050e-002  1.082170e-003
 4.424000e-001  5.267480e-002  1.074560e-003
 4.522000e-001  4.972060e-002  1.067160e-003
 4.621000e-001  5.018620e-002  9.781880e-004
 4.719000e-001  4.943340e-002  1.053320e-003
 4.818000e-001  4.808510e-002  1.046690e-003
 4.916000e-001  4.829440e-002  1.039810e-003
 5.015000e-001  4.729160e-002  1.056540e-003
 5.113000e-001  4.489290e-002  7.440990e-004
 5.212000e-001  4.486590e-002  1.021350e-003
 5.310000e-001  4.371470e-002  9.328420e-004
 5.409000e-001  4.448580e-002  1.002640e-003
 5.507000e-001  4.326670e-002  9.954840e-004
 5.606000e-001  4.091610e-002  9.882920e-004
 5.704000e-001  3.948270e-002  8.184690e-004
 5.803000e-001  3.894720e-002  9.731130e-004
 5.901000e-001  3.719450e-002  9.647260e-004
 6.000000e-001  3.654730e-002  9.575470e-004
 6.098000e-001  3.606460e-002  9.504220e-004
 6.197000e-001  3.471320e-002  9.433980e-004
 6.295000e-001  3.352670e-002  9.362660e-004
 6.394000e-001  3.366990e-002  9.064410e-004
 6.492000e-001  3.159820e-002  9.227540e-004
 6.591000e-001  3.092260e-002  9.157100e-004
 6.689000e-001  3.035450e-002  9.083290e-004
 6.788000e-001  3.002480e-002  9.021520e-004
 6.886000e-001  2.847790e-002  8.952690e-004
 6.985000e-001  2.803010e-002  9.032490e-004
 7.083000e-001  2.854040e-002  8.836480e-004
 7.182000e-001  2.729000e-002  8.780110e-004
 7.280000e-001  2.773040e-002  8.728160e-004
 7.379000e-001  2.671120e-002  8.675640e-004
 7.477000e-001  2.616540e-002  8.462910e-004
 7.576000e-001  2.503630e-002  8.763530e-004
 7.674000e-001  2.478990e-002  8.531530e-004
 7.772000e-001  2.404030e-002  8.488700e-004
 7.871000e-001  2.298980e-002  8.438940e-004
 7.969000e-001  2.255540e-002  8.398370e-004
 8.068000e-001  2.210770e-002  7.853790e-004
 8.166000e-001  2.207720e-002  8.331050e-004
 8.265000e-001  2.219290e-002  8.295170e-004
 8.363000e-001  2.103200e-002  8.267310e-004
 8.462000e-001  2.021530e-002  8.253490e-004
 8.560000e-001  2.040910e-002  8.215040e-004
 8.659000e-001  2.039200e-002  8.184030e-004
 8.757000e-001  2.002580e-002  8.165230e-004
 8.856000e-001  1.994640e-002  7.223410e-004
 8.954000e-001  1.971100e-002  6.798700e-004
 9.053000e-001  1.937430e-002  8.132120e-004
 9.151000e-001  1.854080e-002  8.116740e-004
 9.250000e-001  1.756620e-002  7.892130e-004
 9.348000e-001  1.777300e-002  8.270380e-004
 9.447000e-001  1.779900e-002  8.070340e-004
 9.545000e-001  1.714010e-002  8.063440e-004
 9.644000e-001  1.721730e-002  8.059970e-004
 9.742000e-001  1.811390e-002  8.062180e-004
 9.841000e-001  1.700830e-002  8.054910e-004
 9.939000e-001  1.670090e-002  8.043200e-004
 1.004000e+000  1.607850e-002  8.056580e-004
 1.014000e+000  1.683750e-002  8.056120e-004
 1.023000e+000  1.598840e-002  8.052550e-004
 1.033000e+000  1.569510e-002  8.055840e-004
 1.043000e+000  1.434830e-002  8.059480e-004
 1.053000e+000  1.512000e-002  8.062960e-004
 1.063000e+000  1.454570e-002  8.014340e-004
 1.073000e+000  1.433880e-002  8.074980e-004
 1.083000e+000  1.423380e-002  8.089960e-004
 1.092000e+000  1.367230e-002  8.096290e-004
 1.102000e+000  1.352930e-002  8.094090e-004
 1.112000e+000  1.343560e-002  8.099110e-004
 1.122000e+000  1.376300e-002  8.112310e-004
 1.132000e+000  1.263560e-002  7.034260e-004
 1.142000e+000  1.218410e-002  8.117970e-004
 1.151000e+000  1.229320e-002  8.132780e-004
 1.161000e+000  1.252850e-002  8.133430e-004
 1.171000e+000  1.229440e-002  8.143590e-004
 1.181000e+000  1.145310e-002  8.150880e-004
 1.191000e+000  1.161320e-002  8.162690e-004
 1.201000e+000  1.148600e-002  8.165650e-004
 1.211000e+000  1.098740e-002  8.355450e-004
 1.220000e+000  1.115970e-002  7.220920e-004
 1.230000e+000  1.098620e-002  8.175990e-004
 1.240000e+000  1.077640e-002  8.186170e-004
 1.250000e+000  1.129730e-002  8.184690e-004
 1.260000e+000  1.029680e-002  8.106480e-004
 1.270000e+000  9.529170e-003  8.203180e-004
 1.280000e+000  9.761030e-003  8.196820e-004
 1.289000e+000  9.963630e-003  8.171040e-004
 1.299000e+000  9.562680e-003  7.059970e-004
 1.309000e+000  9.245640e-003  8.201390e-004
 1.319000e+000  8.214070e-003  8.201220e-004
 1.329000e+000  8.517310e-003  8.194420e-004
 1.339000e+000  8.231350e-003  8.200830e-004
 1.348000e+000  8.225320e-003  8.199620e-004
 1.358000e+000  9.206660e-003  8.190120e-004
 1.368000e+000  8.413130e-003  8.188360e-004
 1.378000e+000  8.252640e-003  8.190050e-004
 1.388000e+000  8.643300e-003  7.783310e-004
 1.398000e+000  7.954430e-003  8.231880e-004
 1.408000e+000  6.789680e-003  8.179680e-004
 1.417000e+000  6.931600e-003  8.189410e-004
 1.427000e+000  6.194560e-003  8.180920e-004
 1.437000e+000  6.273570e-003  8.162520e-004
 1.447000e+000  6.543400e-003  8.162840e-004
 1.457000e+000  6.088080e-003  8.157960e-004
 1.467000e+000  5.720770e-003  7.772130e-004
 1.476000e+000  5.997520e-003  8.156500e-004
 1.486000e+000  6.484430e-003  8.151860e-004
 1.496000e+000  5.681650e-003  8.144930e-004
 1.506000e+000  5.557430e-003  8.144620e-004
 1.516000e+000  4.547730e-003  7.289760e-004
 1.526000e+000  5.303620e-003  8.223320e-004
 1.536000e+000  4.903050e-003  8.137210e-004
 1.545000e+000  6.020770e-003  8.132910e-004
 1.555000e+000  4.942310e-003  8.136250e-004
 1.565000e+000  4.638450e-003  8.131230e-004
 1.575000e+000  5.183060e-003  6.883130e-004
 1.585000e+000  4.466160e-003  8.204160e-004
 1.595000e+000  3.971960e-003  8.130400e-004
 1.605000e+000  4.788410e-003  8.129460e-004
 1.614000e+000  4.265160e-003  8.133300e-004
 1.624000e+000  3.625600e-003  8.114140e-004
 1.634000e+000  4.671160e-003  8.142220e-004
 1.644000e+000  4.162520e-003  8.151000e-004
 1.654000e+000  4.567410e-003  8.151070e-004
 1.664000e+000  3.480210e-003  8.162590e-004
 1.673000e+000  3.082010e-003  7.915350e-004
 1.683000e+000  2.716580e-003  8.167360e-004
 1.693000e+000  3.132920e-003  8.176040e-004
 1.703000e+000  2.854650e-003  8.193490e-004
 1.713000e+000  3.074000e-003  8.193060e-004
 1.723000e+000  2.861160e-003  8.213990e-004
 1.733000e+000  1.927050e-003  8.214910e-004
 1.742000e+000  2.119320e-003  8.219610e-004
 1.752000e+000  4.043060e-003  6.843210e-004
 1.762000e+000  2.491510e-003  8.239430e-004
 1.772000e+000  2.160550e-003  8.251150e-004
 1.782000e+000  3.685280e-003  8.259940e-004
 1.792000e+000  4.173360e-003  7.713510e-004
 1.801000e+000  2.662610e-003  8.378390e-004
 1.811000e+000  2.423290e-003  7.292580e-004
 1.821000e+000  2.866430e-003  8.287650e-004
 1.831000e+000  2.568940e-003  8.296270e-004
 1.841000e+000  2.824520e-003  8.268680e-004
 1.851000e+000  1.699990e-003  8.321020e-004
 1.861000e+000  2.591870e-003  8.310920e-004
 1.870000e+000  2.588250e-003  8.312980e-004
 1.880000e+000  2.275990e-003  8.314910e-004
 1.890000e+000  2.316390e-003  8.234960e-004
 1.900000e+000  1.691050e-003  7.258030e-004
 1.910000e+000  1.293250e-003  8.282840e-004
 1.920000e+000  9.986940e-004  8.278180e-004
 1.930000e+000  1.792100e-003  8.261770e-004
 1.939000e+000  1.097610e-003  8.244160e-004
 1.949000e+000  1.869800e-003  8.225840e-004
 1.959000e+000  1.130380e-003  8.196460e-004
 1.969000e+000  2.180820e-003  8.170500e-004
 1.979000e+000  1.040000e-003  8.131650e-004
 1.989000e+000  1.232330e-003  8.087370e-004
 1.998000e+000  7.469900e-004  8.042820e-004
 2.008000e+000  1.524450e-003  6.482850e-004
 2.018000e+000  5.405720e-004  7.936250e-004
 2.028000e+000  9.217160e-004  7.875340e-004
 2.038000e+000  3.733740e-004  7.800390e-004
 2.048000e+000  6.370640e-004  7.107570e-004
 2.058000e+000  9.598260e-004  7.650460e-004
 2.067000e+000  2.772790e-004  7.567810e-004
 2.077000e+000  1.073850e-003  7.452480e-004
 2.087000e+000  9.346190e-004  7.416330e-004
 2.097000e+000 -2.335180e-004  7.283040e-004
 2.107000e+000  9.717520e-004  6.944290e-004
 2.117000e+000  7.248790e-004  7.163250e-004
 2.126000e+000  1.334150e-003  6.940060e-004
 2.136000e+000  1.915020e-004  6.188840e-004
 2.146000e+000  8.432600e-004  6.692430e-004
 2.156000e+000  7.978980e-004  5.478410e-004
 2.166000e+000 -9.617690e-005  6.447010e-004
 2.176000e+000  1.933000e-004  6.305340e-004
 2.186000e+000  7.398690e-004  6.168390e-004
 2.195000e+000  7.485310e-004  6.040190e-004
 2.205000e+000  6.853160e-004  5.908300e-004
 2.215000e+000  6.065450e-004  5.721890e-004
 2.225000e+000  1.475800e-003  5.599190e-004
 2.235000e+000  5.348760e-004  5.578070e-004
 2.245000e+000  5.417140e-004  5.418200e-004
 2.255000e+000  3.566200e-004  5.305230e-004
 2.264000e+000 -1.487310e-004  5.198490e-004
 2.274000e+000  2.887070e-004  5.100680e-004
 2.284000e+000  4.044030e-004  5.007120e-004
 2.294000e+000  1.222850e-004  4.922140e-004
 2.304000e+000  5.916880e-004  4.837650e-004
 2.314000e+000 -4.023270e-005  4.741750e-004
 2.323000e+000  4.972120e-004  4.697780e-004
 2.333000e+000  5.577940e-004  4.638320e-004
 2.343000e+000  3.884690e-004  4.586030e-004
 2.353000e+000  2.570900e-004  4.539640e-004
 2.363000e+000  7.373770e-004  4.499700e-004
 2.373000e+000  5.403390e-004  4.473010e-004
 2.383000e+000  3.353430e-004  4.447530e-004
 2.392000e+000  4.409800e-004  4.432250e-004
 2.402000e+000  5.168610e-004  4.396930e-004
 2.412000e+000 -3.768590e-004  4.398550e-004
 2.422000e+000  2.777900e-004  4.389280e-004
 2.432000e+000  2.948810e-004  4.386810e-004
 2.442000e+000  1.548380e-004  3.613460e-004
 2.452000e+000  7.970030e-004  4.396050e-004
 2.461000e+000  3.855030e-004  4.405260e-004
 2.471000e+000  5.559210e-004  4.416520e-004
 2.481000e+000  1.787470e-004  4.427180e-004
 2.491000e+000  3.725810e-004  4.454490e-004
 2.501000e+000  6.807740e-004  4.462710e-004
 2.511000e+000  6.733070e-004  4.483760e-004
 2.520000e+000  7.988080e-004  4.503730e-004
 2.530000e+000  5.414630e-004  4.528820e-004
 2.540000e+000  3.704100e-004  4.550010e-004
 2.550000e+000 -3.711680e-005  4.551270e-004
 2.560000e+000  2.969650e-004  4.598420e-004
 2.570000e+000  2.870030e-004  4.626500e-004
 2.580000e+000  3.105830e-004  4.645150e-004
 2.589000e+000  1.223240e-003  4.669630e-004
 2.599000e+000  7.602750e-004  4.695600e-004
 2.609000e+000  5.385380e-004  4.724760e-004
 2.619000e+000  2.635170e-004  4.745340e-004
 2.629000e+000  3.474500e-004  4.771970e-004
 2.639000e+000  7.386810e-004  4.796370e-004
 2.648000e+000  7.765660e-004  4.819450e-004
 2.658000e+000  8.550830e-004  4.843270e-004
 2.668000e+000  9.938740e-004  4.863050e-004
 2.678000e+000  7.467810e-004  4.887310e-004
 2.688000e+000  4.895060e-004  4.911340e-004
 2.698000e+000  1.749960e-004  4.939130e-004
 2.708000e+000  9.457250e-004  4.949380e-004
 2.717000e+000  5.846020e-004  4.994390e-004
 2.727000e+000  4.107530e-004  4.994670e-004
 2.737000e+000  1.280680e-004  5.029870e-004
 2.747000e+000  8.377390e-004  5.030950e-004
 2.757000e+000  7.463860e-004  5.049430e-004
 2.767000e+000  1.058250e-003  5.067960e-004
 2.777000e+000  1.115070e-003  4.505860e-004
 2.786000e+000  5.945520e-004  5.030680e-004
 2.796000e+000  5.714430e-004  5.120940e-004
 2.806000e+000 -1.496510e-004  4.161410e-004
 2.816000e+000  8.735040e-004  5.142510e-004
 2.826000e+000  4.390890e-004  5.156400e-004
 2.836000e+000  1.020920e-003  4.778760e-004
 2.845000e+000  1.023500e-003  5.353150e-004
 2.855000e+000  1.767970e-004  5.203550e-004
 2.865000e+000  3.306040e-004  5.210590e-004
 2.875000e+000  5.984870e-004  5.220840e-004
 2.885000e+000  6.624960e-004  5.236250e-004
 2.895000e+000  3.218450e-004  5.250830e-004
 2.905000e+000  2.903020e-004  5.259480e-004
 2.914000e+000  1.734480e-004  5.270230e-004
 2.924000e+000  4.975060e-004  5.287100e-004
 2.934000e+000  7.048020e-004  5.291950e-004
 2.944000e+000  6.553880e-004  5.302030e-004
 2.954000e+000  7.073930e-004  5.313210e-004
 2.964000e+000  3.760030e-004  5.325680e-004
 2.973000e+000  9.177130e-004  5.328990e-004
 2.983000e+000  8.504340e-004  5.336430e-004
 2.993000e+000  6.576580e-004  4.487960e-004
 3.003000e+000  4.723010e-004  5.357000e-004
 3.013000e+000  2.260420e-004  5.372280e-004
 3.023000e+000  7.162440e-004  5.370780e-004
 3.033000e+000  8.695440e-004  5.383240e-004
 3.042000e+000  1.545410e-003  5.481960e-004
 3.052000e+000  7.905250e-004  4.432960e-004
 3.062000e+000  7.362830e-004  5.406500e-004
 3.072000e+000  9.492030e-004  5.401570e-004
 3.082000e+000  7.728590e-004  5.414660e-004
 3.092000e+000  1.013910e-003  5.426900e-004
 3.102000e+000  5.897540e-004  4.277380e-004
 3.111000e+000  2.194730e-004  5.431740e-004
 3.121000e+000  1.924690e-004  5.447450e-004
 3.131000e+000  4.961620e-004  5.443350e-004
 3.141000e+000  9.118910e-004  4.526000e-004
 3.151000e+000  3.993310e-004  5.451220e-004
 3.161000e+000  6.891300e-004  5.431380e-004
 3.170000e+000  9.262660e-004  5.456320e-004
 3.180000e+000  6.473190e-004  5.459060e-004
 3.190000e+000  3.741670e-004  5.296880e-004
 3.200000e+000  4.293640e-005  5.460470e-004
 3.210000e+000  2.647050e-004  5.461270e-004
 3.220000e+000  6.011590e-004  5.463140e-004
 3.230000e+000  3.621040e-004  5.464030e-004
 3.239000e+000  4.770940e-004  5.457520e-004
 3.249000e+000  5.455250e-004  5.456310e-004
 3.259000e+000 -2.948810e-005  5.454020e-004
 3.269000e+000  2.919910e-004  5.454890e-004
 3.279000e+000 -2.306000e-004  4.447290e-004
 3.289000e+000  3.229580e-004  5.448120e-004
 3.298000e+000  6.243660e-004  4.887550e-004
 3.308000e+000  8.157980e-004  5.449610e-004
 3.318000e+000  7.593910e-004  5.431190e-004
 3.328000e+000  7.405940e-004  5.423270e-004
 3.338000e+000  9.224170e-004  5.418460e-004
 3.348000e+000  5.099000e-004  5.409310e-004
 3.358000e+000  7.596730e-004  4.011810e-004
 3.367000e+000  5.469640e-004  5.397010e-004
 3.377000e+000  4.141880e-004  5.394960e-004
 3.387000e+000  8.915860e-004  5.382270e-004
 3.397000e+000  6.605150e-004  3.954490e-004
 3.407000e+000  1.125920e-004  5.366950e-004
 3.417000e+000  5.316310e-004  5.196180e-004
 3.427000e+000 -5.762460e-005  4.298630e-004
 3.436000e+000 -3.716380e-005  4.650680e-004
 3.446000e+000  1.362140e-004  5.323780e-004
 3.456000e+000  6.884380e-004  5.328100e-004
 3.466000e+000  6.957240e-004  5.313540e-004
 3.476000e+000  2.334420e-004  5.309360e-004
 3.486000e+000  5.389790e-004  5.295780e-004
 3.495000e+000  4.570390e-004  5.291540e-004
 3.505000e+000  2.179510e-004  5.232480e-004
 3.515000e+000  1.060670e-003  5.271470e-004
 3.525000e+000  8.860490e-004  5.265950e-004
 3.535000e+000  3.966670e-004  5.260510e-004
 3.545000e+000  4.035530e-004  5.252950e-004
 3.555000e+000  2.460460e-004  5.246380e-004
 3.564000e+000  2.106650e-004  5.248220e-004
 3.574000e+000  8.997950e-004  4.487740e-004
 3.584000e+000  6.979660e-004  5.231170e-004
 3.594000e+000  2.696500e-004  3.830580e-004
 3.604000e+000  1.390520e-004  5.228730e-004
 3.614000e+000  7.683100e-004  5.220190e-004
 3.623000e+000  7.023790e-004  5.222270e-004
 3.633000e+000  1.256170e-003  5.030770e-004
 3.643000e+000  8.237970e-004  5.213850e-004
 3.653000e+000  1.377790e-004  5.217070e-004
 3.663000e+000  1.835800e-006  5.216220e-004
 3.673000e+000  7.382890e-004  5.216360e-004
 3.683000e+000  4.068510e-004  5.217700e-004
 3.692000e+000  4.184660e-004  5.212760e-004
 3.702000e+000 -2.092840e-004  5.223440e-004
 3.712000e+000  3.569430e-004  5.219680e-004
parent: C:/Users/jeffries/Desktop/K1K2K3 and K1K2 for DARA X/K1K2/K1K2_ds.dat
range-from: 1
range-to: 368
