
Parent(s): xs2m_merge_68-64man.dat
 1.983850e-001  1.558790e+001  7.274830e-001
 2.011200e-001  1.524800e+001  7.011170e-001
 2.038550e-001  1.542930e+001  6.851690e-001
 2.065900e-001  1.528880e+001  6.593610e-001
 2.093250e-001  1.528920e+001  6.534050e-001
 2.120610e-001  1.527110e+001  6.283850e-001
 2.147960e-001  1.543400e+001  6.135340e-001
 2.175310e-001  1.569610e+001  5.968570e-001
 2.202660e-001  1.525050e+001  5.858190e-001
 2.230010e-001  1.514140e+001  5.677430e-001
 2.257360e-001  1.554280e+001  5.571440e-001
 2.284710e-001  1.513380e+001  5.515620e-001
 2.312060e-001  1.496670e+001  5.355050e-001
 2.339410e-001  1.518900e+001  5.285090e-001
 2.366760e-001  1.565060e+001  5.122160e-001
 2.394110e-001  1.559440e+001  5.081830e-001
 2.421460e-001  1.565950e+001  5.023210e-001
 2.448820e-001  1.489790e+001  4.878110e-001
 2.476170e-001  1.513190e+001  4.861340e-001
 2.503520e-001  1.514900e+001  4.770940e-001
 2.530870e-001  1.506230e+001  4.752880e-001
 2.558220e-001  1.450900e+001  4.633290e-001
 2.585570e-001  1.511720e+001  4.568910e-001
 2.612920e-001  1.490520e+001  4.563400e-001
 2.640270e-001  1.494920e+001  4.506150e-001
 2.667620e-001  1.434120e+001  4.443160e-001
 2.694970e-001  1.449910e+001  4.359140e-001
 2.722320e-001  1.465740e+001  4.304480e-001
 2.749680e-001  1.461980e+001  4.316650e-001
 2.777030e-001  1.473890e+001  4.294100e-001
 2.804380e-001  1.469560e+001  4.290320e-001
 2.831730e-001  1.471220e+001  4.152240e-001
 2.859080e-001  1.450710e+001  4.176410e-001
 2.886430e-001  1.457900e+001  4.167300e-001
 2.913780e-001  1.452100e+001  4.058300e-001
 2.941130e-001  1.448220e+001  4.070740e-001
 2.968480e-001  1.432040e+001  4.005200e-001
 2.995830e-001  1.409210e+001  4.063100e-001
 3.023180e-001  1.432830e+001  4.040960e-001
 3.050530e-001  1.413850e+001  3.956670e-001
 3.077890e-001  1.391750e+001  3.986810e-001
 3.105240e-001  1.464770e+001  3.941170e-001
 3.132590e-001  1.456300e+001  3.972780e-001
 3.159940e-001  1.396130e+001  3.898340e-001
 3.187290e-001  1.379480e+001  3.856540e-001
 3.214640e-001  1.382420e+001  3.944840e-001
 3.241990e-001  1.359060e+001  3.845180e-001
 3.269340e-001  1.357730e+001  3.879120e-001
 3.296690e-001  1.339330e+001  3.830180e-001
 3.324040e-001  1.344090e+001  3.797050e-001
 3.351390e-001  1.345480e+001  3.853190e-001
 3.378750e-001  1.352650e+001  3.798280e-001
 3.406100e-001  1.339830e+001  3.752680e-001
 3.433450e-001  1.364540e+001  3.746180e-001
 3.460800e-001  1.359370e+001  3.747190e-001
 3.488150e-001  1.356330e+001  3.761490e-001
 3.515500e-001  1.362120e+001  3.716370e-001
 3.542850e-001  1.362470e+001  3.723710e-001
 3.570200e-001  1.324920e+001  3.711600e-001
 3.597550e-001  1.329560e+001  3.693620e-001
 3.624900e-001  1.377690e+001  3.664190e-001
 3.652250e-001  1.356580e+001  3.669010e-001
 3.679600e-001  1.315560e+001  3.702530e-001
 3.706960e-001  1.303430e+001  3.666570e-001
 3.734310e-001  1.279670e+001  3.609620e-001
 3.761660e-001  1.289780e+001  3.554300e-001
 3.789010e-001  1.304800e+001  3.631450e-001
 3.816360e-001  1.293370e+001  3.600250e-001
 3.843710e-001  1.363680e+001  3.614680e-001
 3.871060e-001  1.299480e+001  3.556990e-001
 3.898410e-001  1.265070e+001  3.546950e-001
 3.925760e-001  1.206560e+001  3.571560e-001
 3.953110e-001  1.246710e+001  3.533420e-001
 3.980460e-001  1.287710e+001  3.545710e-001
 4.007810e-001  1.306780e+001  3.542590e-001
 4.035170e-001  1.283520e+001  3.498090e-001
 4.062520e-001  1.255560e+001  3.551210e-001
 4.089870e-001  1.292860e+001  3.457470e-001
 4.117220e-001  1.232540e+001  3.454650e-001
 4.144570e-001  1.204780e+001  3.470500e-001
 4.171920e-001  1.232920e+001  3.451250e-001
 4.199270e-001  1.255750e+001  3.475290e-001
 4.226620e-001  1.281480e+001  3.417560e-001
 4.253970e-001  1.247240e+001  3.427130e-001
 4.281320e-001  1.234310e+001  3.420080e-001
 4.308670e-001  1.198300e+001  3.391520e-001
 4.336030e-001  1.185200e+001  3.386310e-001
 4.363380e-001  1.183240e+001  3.372020e-001
 4.390730e-001  1.190510e+001  2.310180e-001
 4.418080e-001  1.207030e+001  1.775180e-001
 4.445430e-001  1.194720e+001  1.746860e-001
 4.472780e-001  1.205920e+001  1.769860e-001
 4.500130e-001  1.188170e+001  1.741850e-001
 4.527480e-001  1.179220e+001  1.762770e-001
 4.554830e-001  1.167490e+001  1.730640e-001
 4.582180e-001  1.166030e+001  1.726780e-001
 4.609530e-001  1.159480e+001  1.734240e-001
 4.636880e-001  1.150790e+001  1.734450e-001
 4.664240e-001  1.144000e+001  1.716370e-001
 4.691590e-001  1.140240e+001  1.706800e-001
 4.718940e-001  1.153290e+001  1.714640e-001
 4.746290e-001  1.134560e+001  1.708950e-001
 4.773640e-001  1.126280e+001  1.711850e-001
 4.800990e-001  1.127020e+001  1.695560e-001
 4.828340e-001  1.127720e+001  1.689120e-001
 4.855690e-001  1.102990e+001  1.696160e-001
 4.883040e-001  1.107880e+001  1.690820e-001
 4.910390e-001  1.089860e+001  1.666260e-001
 4.937740e-001  1.104570e+001  1.673380e-001
 4.965090e-001  1.112160e+001  1.679400e-001
 4.992450e-001  1.095030e+001  1.673480e-001
 5.019800e-001  1.073390e+001  1.656730e-001
 5.047150e-001  1.082330e+001  1.666350e-001
 5.074500e-001  1.099080e+001  1.657760e-001
 5.101850e-001  1.082760e+001  1.659200e-001
 5.129200e-001  1.061770e+001  1.640540e-001
 5.156550e-001  1.069740e+001  1.633390e-001
 5.183900e-001  1.067090e+001  1.643620e-001
 5.211250e-001  1.052780e+001  1.653360e-001
 5.238600e-001  1.048590e+001  1.643900e-001
 5.265950e-001  1.046630e+001  1.622780e-001
 5.293310e-001  1.024320e+001  1.612890e-001
 5.320660e-001  1.033230e+001  1.613770e-001
 5.348010e-001  1.032690e+001  1.622250e-001
 5.375360e-001  1.024440e+001  1.617600e-001
 5.402710e-001  1.029180e+001  1.604830e-001
 5.430060e-001  1.030000e+001  1.607710e-001
 5.457410e-001  1.013260e+001  1.608880e-001
 5.484760e-001  9.913790e+000  1.588380e-001
 5.512110e-001  1.008110e+001  1.596740e-001
 5.539460e-001  9.884680e+000  1.587670e-001
 5.566810e-001  1.007030e+001  1.600150e-001
 5.594160e-001  9.867720e+000  1.571250e-001
 5.621520e-001  9.983070e+000  1.566090e-001
 5.648870e-001  9.811050e+000  1.585970e-001
 5.676220e-001  9.719520e+000  1.571980e-001
 5.703570e-001  9.641350e+000  1.578110e-001
 5.730920e-001  9.771430e+000  1.556750e-001
 5.758270e-001  9.435430e+000  1.518430e-001
 5.785620e-001  9.500320e+000  1.546750e-001
 5.812970e-001  9.345610e+000  1.525680e-001
 5.840320e-001  9.547480e+000  1.573840e-001
 5.867670e-001  9.439300e+000  1.535360e-001
 5.895020e-001  9.562340e+000  1.548430e-001
 5.922380e-001  9.352170e+000  1.551460e-001
 5.949730e-001  9.418700e+000  1.511960e-001
 5.977080e-001  9.422640e+000  1.534290e-001
 6.004430e-001  9.270580e+000  1.527760e-001
 6.031780e-001  9.554120e+000  1.553230e-001
 6.059130e-001  9.330620e+000  1.542000e-001
 6.086480e-001  9.300870e+000  1.547020e-001
 6.113830e-001  9.085270e+000  1.549680e-001
 6.141180e-001  9.144790e+000  1.533730e-001
 6.168530e-001  8.958260e+000  1.501810e-001
 6.195880e-001  8.890920e+000  1.493990e-001
 6.223230e-001  8.897890e+000  1.533620e-001
 6.250590e-001  8.790530e+000  1.524230e-001
 6.277940e-001  8.403020e+000  1.443970e-001
 6.305290e-001  8.568610e+000  1.482790e-001
 6.332640e-001  8.781200e+000  1.505530e-001
 6.359990e-001  8.761720e+000  1.502120e-001
 6.387340e-001  8.590070e+000  1.507810e-001
 6.414690e-001  8.516670e+000  1.467940e-001
 6.442040e-001  8.341460e+000  1.442310e-001
 6.469390e-001  8.433280e+000  1.465380e-001
 6.496740e-001  8.615230e+000  1.494950e-001
 6.524090e-001  8.317380e+000  1.443850e-001
 6.551440e-001  8.456970e+000  1.471980e-001
 6.578800e-001  8.566830e+000  1.475940e-001
 6.606150e-001  8.425640e+000  1.465310e-001
 6.633500e-001  8.403000e+000  1.459690e-001
 6.660850e-001  8.256980e+000  1.451040e-001
 6.688200e-001  8.139710e+000  1.463290e-001
 6.715550e-001  8.277500e+000  1.480080e-001
 6.742900e-001  8.255050e+000  1.457340e-001
 6.770250e-001  8.203300e+000  1.447410e-001
 6.797600e-001  8.119020e+000  1.440760e-001
 6.824950e-001  7.998600e+000  1.462450e-001
 6.852300e-001  8.121540e+000  1.453210e-001
 6.879660e-001  8.199620e+000  1.464930e-001
 6.907010e-001  7.986370e+000  1.440150e-001
 6.934360e-001  7.702090e+000  1.430770e-001
 6.961710e-001  7.904160e+000  1.451040e-001
 6.989060e-001  7.811250e+000  1.450800e-001
 7.016410e-001  7.821490e+000  1.434430e-001
 7.043760e-001  7.971620e+000  1.455870e-001
 7.071110e-001  7.751660e+000  1.422320e-001
 7.098460e-001  7.867950e+000  1.425050e-001
 7.125810e-001  7.823080e+000  1.421910e-001
 7.153160e-001  7.355750e+000  1.400380e-001
 7.180510e-001  7.133840e+000  1.365070e-001
 7.207870e-001  7.476720e+000  1.416800e-001
 7.235220e-001  7.441130e+000  1.410510e-001
 7.262570e-001  7.243500e+000  1.395330e-001
 7.289920e-001  7.306370e+000  1.378930e-001
 7.317270e-001  7.273910e+000  1.388750e-001
 7.344620e-001  7.326670e+000  1.386720e-001
 7.371970e-001  7.172760e+000  1.395230e-001
 7.399320e-001  7.132890e+000  1.381760e-001
 7.426670e-001  7.241840e+000  1.402540e-001
 7.454020e-001  7.164360e+000  1.391340e-001
 7.481370e-001  7.072050e+000  1.390230e-001
 7.508720e-001  7.082980e+000  1.389960e-001
 7.536080e-001  7.074530e+000  1.380300e-001
 7.563430e-001  7.057050e+000  1.391470e-001
 7.590780e-001  7.178180e+000  1.406650e-001
 7.618130e-001  7.259340e+000  1.415880e-001
 7.645480e-001  6.852260e+000  1.378040e-001
 7.672830e-001  6.631660e+000  1.376350e-001
 7.700180e-001  6.816380e+000  1.369230e-001
 7.727530e-001  6.958590e+000  1.368510e-001
 7.754880e-001  6.849830e+000  1.360720e-001
 7.782230e-001  6.838410e+000  1.365020e-001
 7.809580e-001  6.730150e+000  1.370800e-001
 7.836940e-001  6.568510e+000  1.348390e-001
 7.864290e-001  6.514150e+000  1.322020e-001
 7.891640e-001  6.482960e+000  1.343880e-001
 7.918990e-001  6.551630e+000  1.346080e-001
 7.946340e-001  6.585790e+000  1.371680e-001
 7.973690e-001  6.207740e+000  1.417270e-001
 8.001040e-001  6.456830e+000  7.517450e-002
 8.028390e-001  6.554110e+000  7.554020e-002
 8.055740e-001  6.447500e+000  7.561680e-002
 8.083090e-001  6.477420e+000  7.632960e-002
 8.110440e-001  6.411370e+000  7.726770e-002
 8.137790e-001  6.248480e+000  7.613830e-002
 8.165150e-001  6.283830e+000  7.604170e-002
 8.192500e-001  6.361680e+000  7.705340e-002
 8.219850e-001  6.287930e+000  7.778770e-002
 8.247200e-001  6.202850e+000  7.742550e-002
 8.274550e-001  5.984960e+000  7.490160e-002
 8.301900e-001  5.973520e+000  7.526170e-002
 8.329250e-001  5.972440e+000  7.568570e-002
 8.356600e-001  5.867990e+000  7.514720e-002
 8.383950e-001  5.895360e+000  7.522250e-002
 8.411300e-001  5.846520e+000  7.548370e-002
 8.438650e-001  5.772540e+000  7.473360e-002
 8.466010e-001  5.849940e+000  7.600430e-002
 8.493360e-001  5.930610e+000  7.777310e-002
 8.520710e-001  5.865310e+000  7.637560e-002
 8.548060e-001  5.935680e+000  7.786680e-002
 8.575410e-001  5.804830e+000  7.620870e-002
 8.602760e-001  5.810950e+000  7.675190e-002
 8.630110e-001  5.687640e+000  7.574760e-002
 8.657460e-001  5.660980e+000  7.502020e-002
 8.684810e-001  5.583950e+000  7.615060e-002
 8.712160e-001  5.507070e+000  7.457730e-002
 8.739510e-001  5.417450e+000  7.442910e-002
 8.766860e-001  5.512190e+000  7.566690e-002
 8.794220e-001  5.416030e+000  7.426230e-002
 8.821570e-001  5.450530e+000  7.437020e-002
 8.848920e-001  5.367350e+000  7.340060e-002
 8.876270e-001  5.435540e+000  7.476860e-002
 8.903620e-001  5.300070e+000  7.487820e-002
 8.930970e-001  5.245050e+000  7.386270e-002
 8.958320e-001  5.237530e+000  7.369190e-002
 8.985670e-001  5.394470e+000  7.557630e-002
 9.013020e-001  5.371520e+000  7.633320e-002
 9.040370e-001  5.355230e+000  7.538250e-002
 9.067720e-001  5.162250e+000  7.445600e-002
 9.095070e-001  5.200560e+000  7.482530e-002
 9.122430e-001  5.115360e+000  7.449690e-002
 9.149780e-001  5.051920e+000  7.420750e-002
 9.177130e-001  5.084550e+000  7.461800e-002
 9.204480e-001  5.130540e+000  7.453690e-002
 9.231830e-001  4.949460e+000  7.384480e-002
 9.259180e-001  4.952050e+000  7.448560e-002
 9.286530e-001  4.922950e+000  7.391200e-002
 9.313880e-001  4.834410e+000  7.243170e-002
 9.341230e-001  4.888080e+000  7.382200e-002
 9.368580e-001  4.914850e+000  7.438630e-002
 9.395930e-001  4.897380e+000  7.449700e-002
 9.423290e-001  4.868310e+000  7.322970e-002
 9.450640e-001  4.868670e+000  7.393870e-002
 9.477990e-001  4.835630e+000  7.440580e-002
 9.505340e-001  4.679460e+000  7.293570e-002
 9.532690e-001  4.689320e+000  7.287100e-002
 9.560040e-001  4.691160e+000  7.344520e-002
 9.587390e-001  4.673610e+000  7.452670e-002
 9.614740e-001  4.637240e+000  7.401310e-002
 9.642090e-001  4.600720e+000  7.183510e-002
 9.669440e-001  4.564300e+000  7.295730e-002
 9.696790e-001  4.642890e+000  7.446930e-002
 9.724140e-001  4.594270e+000  7.465130e-002
 9.751500e-001  4.570740e+000  7.465950e-002
 9.778850e-001  4.460080e+000  7.228170e-002
 9.806200e-001  4.443400e+000  7.268470e-002
 9.833550e-001  4.400010e+000  7.169420e-002
 9.860900e-001  4.392930e+000  7.245100e-002
 9.888250e-001  4.270200e+000  7.135790e-002
 9.915600e-001  4.370480e+000  7.261180e-002
 9.942950e-001  4.415570e+000  7.308790e-002
 9.970300e-001  4.321800e+000  7.199780e-002
 9.997650e-001  4.175830e+000  7.051840e-002
 1.002500e+000  4.276430e+000  7.172690e-002
 1.005240e+000  4.267220e+000  7.283650e-002
 1.007970e+000  4.211300e+000  7.250750e-002
 1.010710e+000  4.130450e+000  7.144160e-002
 1.013440e+000  4.095810e+000  7.063270e-002
 1.016180e+000  4.073600e+000  7.175150e-002
 1.018910e+000  4.050850e+000  7.158310e-002
 1.021650e+000  4.158210e+000  7.271890e-002
 1.024380e+000  4.004370e+000  7.004740e-002
 1.027120e+000  4.103250e+000  7.135000e-002
 1.029850e+000  4.015290e+000  7.184170e-002
 1.032590e+000  3.942520e+000  7.080350e-002
 1.035320e+000  3.991280e+000  7.202580e-002
 1.038060e+000  4.023670e+000  7.263910e-002
 1.040790e+000  4.006130e+000  7.177110e-002
 1.043530e+000  3.881410e+000  7.021410e-002
 1.046260e+000  3.816090e+000  7.023630e-002
 1.049000e+000  3.817740e+000  7.072010e-002
 1.051730e+000  3.775010e+000  7.081620e-002
 1.054470e+000  3.698760e+000  7.098700e-002
 1.057200e+000  3.759040e+000  6.998320e-002
 1.059940e+000  3.701300e+000  7.056420e-002
 1.062670e+000  3.739180e+000  7.092910e-002
 1.065410e+000  3.685930e+000  7.112560e-002
 1.068140e+000  3.650170e+000  6.957170e-002
 1.070880e+000  3.578410e+000  7.014050e-002
 1.073610e+000  3.639950e+000  7.064370e-002
 1.076350e+000  3.712790e+000  7.054170e-002
 1.079080e+000  3.729570e+000  7.218530e-002
 1.081820e+000  3.683780e+000  7.001670e-002
 1.084550e+000  3.602120e+000  7.029930e-002
 1.087290e+000  3.543570e+000  6.994640e-002
 1.090020e+000  3.574600e+000  6.912440e-002
 1.092760e+000  3.525990e+000  6.994390e-002
 1.095490e+000  3.535040e+000  7.013870e-002
 1.098230e+000  3.389430e+000  6.929150e-002
 1.100960e+000  3.329320e+000  6.856560e-002
 1.103700e+000  3.306810e+000  6.772170e-002
 1.106430e+000  3.361990e+000  6.838980e-002
 1.109170e+000  3.434950e+000  6.921680e-002
 1.111900e+000  3.399250e+000  6.876160e-002
 1.114640e+000  3.337900e+000  6.931760e-002
 1.117370e+000  3.332240e+000  6.931250e-002
 1.120110e+000  3.333610e+000  6.977330e-002
 1.122840e+000  3.226170e+000  6.749960e-002
 1.125580e+000  3.265050e+000  6.897630e-002
 1.128310e+000  3.272170e+000  6.926870e-002
 1.131050e+000  3.297070e+000  6.933140e-002
 1.133780e+000  3.263060e+000  6.891940e-002
 1.136520e+000  3.267200e+000  6.818170e-002
 1.139250e+000  3.209730e+000  6.848460e-002
 1.141990e+000  3.055080e+000  6.759550e-002
 1.144720e+000  3.125310e+000  6.847660e-002
 1.147460e+000  3.029180e+000  6.830190e-002
 1.150200e+000  3.006350e+000  6.707220e-002
 1.152930e+000  3.023820e+000  6.656990e-002
 1.155670e+000  3.165930e+000  6.904130e-002
 1.158400e+000  3.070350e+000  6.856040e-002
 1.161140e+000  3.020120e+000  6.943090e-002
 1.163870e+000  2.976120e+000  6.792220e-002
 1.166610e+000  2.959760e+000  6.795120e-002
 1.169340e+000  2.993470e+000  6.832580e-002
 1.172080e+000  2.982020e+000  6.743950e-002
 1.174810e+000  2.994840e+000  6.763630e-002
 1.177550e+000  2.945240e+000  6.778360e-002
 1.180280e+000  2.906850e+000  6.728660e-002
 1.183020e+000  2.925860e+000  6.895480e-002
 1.185750e+000  2.810410e+000  6.711380e-002
 1.188490e+000  2.851450e+000  6.782880e-002
 1.191220e+000  2.844540e+000  6.805590e-002
 1.193960e+000  2.827760e+000  6.707450e-002
 1.196690e+000  2.753340e+000  6.678850e-002
 1.199430e+000  2.734280e+000  6.619780e-002
 1.202160e+000  2.766580e+000  6.782700e-002
 1.204900e+000  2.773870e+000  6.768110e-002
 1.207630e+000  2.749840e+000  6.742960e-002
 1.210370e+000  2.676030e+000  6.686510e-002
 1.213100e+000  2.703610e+000  9.415970e-002
 1.215840e+000  2.686970e+000  4.989990e-002
 1.221310e+000  2.620680e+000  7.993280e-002
 1.224040e+000  2.687060e+000  6.916960e-002
 1.226780e+000  2.680810e+000  6.825180e-002
 1.229510e+000  2.606770e+000  6.673950e-002
 1.232250e+000  2.618030e+000  7.046240e-002
 1.234980e+000  2.494940e+000  7.249600e-002
 1.237720e+000  2.562660e+000  7.512530e-002
 1.240450e+000  2.513400e+000  7.505200e-002
 1.243190e+000  2.501350e+000  7.669450e-002
 1.245920e+000  2.426300e+000  7.852690e-002
 1.248660e+000  2.411090e+000  7.838590e-002
 1.251390e+000  2.375770e+000  8.026410e-002
 1.254130e+000  2.404440e+000  8.185610e-002
 1.256860e+000  2.408030e+000  8.012990e-002
 1.259600e+000  2.448300e+000  8.141780e-002
 1.262330e+000  2.387700e+000  8.302980e-002
 1.265070e+000  2.344720e+000  7.925840e-002
 1.267800e+000  2.305070e+000  7.681280e-002
 1.270540e+000  2.339380e+000  7.327160e-002
 1.273270e+000  2.359000e+000  7.217780e-002
 1.276010e+000  2.309890e+000  7.069080e-002
 1.278740e+000  2.319580e+000  7.060740e-002
 1.281480e+000  2.330370e+000  7.008180e-002
 1.284210e+000  2.350650e+000  6.863290e-002
 1.286950e+000  2.351070e+000  6.787860e-002
 1.289680e+000  2.227800e+000  6.803060e-002
 1.292420e+000  2.264060e+000  6.818210e-002
 1.295150e+000  2.277840e+000  6.860040e-002
 1.297890e+000  2.218890e+000  6.637900e-002
 1.300620e+000  2.140410e+000  6.711650e-002
 1.303360e+000  2.219000e+000  6.707560e-002
 1.306090e+000  2.075580e+000  6.609330e-002
 1.308830e+000  2.120760e+000  6.693040e-002
 1.311570e+000  2.168460e+000  6.821590e-002
 1.314300e+000  2.182060e+000  6.703570e-002
 1.317040e+000  2.080680e+000  6.565760e-002
 1.319770e+000  2.157970e+000  6.622330e-002
 1.322510e+000  2.140180e+000  6.700670e-002
 1.325240e+000  2.033360e+000  6.680490e-002
 1.327980e+000  1.990800e+000  6.657850e-002
 1.330710e+000  2.109230e+000  6.688610e-002
 1.333450e+000  2.018510e+000  6.570270e-002
 1.336180e+000  2.026780e+000  6.630950e-002
 1.338920e+000  2.020540e+000  6.688360e-002
 1.341650e+000  2.007060e+000  6.492300e-002
 1.344390e+000  2.003310e+000  6.512920e-002
 1.347120e+000  1.961180e+000  6.593000e-002
 1.349860e+000  1.940130e+000  6.602480e-002
 1.352590e+000  1.897200e+000  6.520000e-002
 1.355330e+000  1.857160e+000  6.525610e-002
 1.358060e+000  1.881910e+000  6.450130e-002
 1.360800e+000  1.898540e+000  6.390370e-002
 1.363530e+000  1.856590e+000  6.459380e-002
 1.366270e+000  1.887200e+000  6.428280e-002
 1.369000e+000  1.919640e+000  6.561310e-002
 1.371740e+000  1.848410e+000  6.596120e-002
 1.374470e+000  1.898150e+000  6.463050e-002
 1.377210e+000  1.873060e+000  6.474280e-002
 1.379940e+000  1.792120e+000  6.342840e-002
 1.382680e+000  1.841380e+000  6.505770e-002
 1.385410e+000  1.732200e+000  6.431450e-002
 1.388150e+000  1.762230e+000  6.427270e-002
 1.390880e+000  1.760320e+000  6.421280e-002
 1.393620e+000  1.834220e+000  6.585410e-002
 1.396350e+000  1.722320e+000  6.474480e-002
 1.399090e+000  1.745650e+000  6.415000e-002
 1.401820e+000  1.651830e+000  6.442950e-002
 1.404560e+000  1.713630e+000  6.421720e-002
 1.407290e+000  1.726230e+000  6.398300e-002
 1.410030e+000  1.642080e+000  6.370360e-002
 1.412760e+000  1.563980e+000  6.339010e-002
 1.415500e+000  1.633550e+000  6.441760e-002
 1.418230e+000  1.710380e+000  6.411210e-002
 1.420970e+000  1.631030e+000  6.338290e-002
 1.423700e+000  1.615050e+000  6.420300e-002
 1.426440e+000  1.749950e+000  6.519130e-002
 1.429170e+000  1.592130e+000  6.328170e-002
 1.431910e+000  1.603880e+000  6.249260e-002
 1.434640e+000  1.527210e+000  6.372900e-002
 1.437380e+000  1.496590e+000  6.303790e-002
 1.440110e+000  1.498170e+000  6.258490e-002
 1.442850e+000  1.492510e+000  6.294910e-002
 1.445580e+000  1.566450e+000  6.451110e-002
 1.448320e+000  1.539960e+000  6.495250e-002
 1.451050e+000  1.537460e+000  6.359520e-002
 1.453790e+000  1.453210e+000  6.325240e-002
 1.456520e+000  1.512980e+000  6.231350e-002
 1.459260e+000  1.549840e+000  6.299870e-002
 1.461990e+000  1.439810e+000  6.278950e-002
 1.464730e+000  1.438700e+000  6.353570e-002
 1.467470e+000  1.471350e+000  6.307520e-002
 1.470200e+000  1.455100e+000  6.296650e-002
 1.472940e+000  1.407120e+000  6.349930e-002
 1.475670e+000  1.438910e+000  6.437850e-002
 1.478410e+000  1.498010e+000  6.285970e-002
 1.481140e+000  1.469110e+000  6.159450e-002
 1.483880e+000  1.415370e+000  6.117960e-002
 1.486610e+000  1.367440e+000  6.185000e-002
 1.489350e+000  1.366400e+000  6.173180e-002
 1.492080e+000  1.338890e+000  6.172000e-002
 1.494820e+000  1.337500e+000  6.128380e-002
 1.497550e+000  1.395560e+000  6.050000e-002
 1.500290e+000  1.366630e+000  6.029890e-002
 1.503020e+000  1.354450e+000  6.091410e-002
 1.505760e+000  1.366800e+000  6.188810e-002
 1.508490e+000  1.361660e+000  6.103690e-002
 1.511230e+000  1.253270e+000  6.074720e-002
 1.513960e+000  1.344420e+000  6.091640e-002
 1.516700e+000  1.311880e+000  6.183330e-002
 1.519430e+000  1.311140e+000  6.262360e-002
 1.522170e+000  1.256530e+000  6.249630e-002
 1.524900e+000  1.243410e+000  6.153100e-002
 1.527640e+000  1.211850e+000  6.217650e-002
 1.530370e+000  1.234840e+000  6.110790e-002
 1.533110e+000  1.230480e+000  6.155170e-002
 1.535840e+000  1.261820e+000  6.096060e-002
 1.538580e+000  1.256550e+000  6.019620e-002
 1.541310e+000  1.274520e+000  6.016580e-002
 1.544050e+000  1.279460e+000  6.194580e-002
 1.546780e+000  1.208060e+000  6.047590e-002
 1.549520e+000  1.156070e+000  6.047030e-002
 1.552250e+000  1.180980e+000  6.136280e-002
 1.554990e+000  1.120670e+000  6.124360e-002
 1.557720e+000  1.104220e+000  6.074270e-002
 1.560460e+000  1.200840e+000  6.091940e-002
 1.563190e+000  1.084390e+000  6.108960e-002
 1.565930e+000  1.137720e+000  6.020400e-002
 1.568660e+000  1.100390e+000  6.033530e-002
 1.571400e+000  1.192300e+000  6.079780e-002
 1.574130e+000  1.132340e+000  6.023550e-002
 1.576870e+000  1.113440e+000  6.096470e-002
 1.579600e+000  1.128960e+000  6.013950e-002
 1.582340e+000  1.088580e+000  6.135540e-002
 1.585070e+000  1.084790e+000  6.094600e-002
 1.587810e+000  1.099800e+000  5.956420e-002
 1.590540e+000  1.088900e+000  6.103620e-002
 1.593280e+000  1.101960e+000  5.986550e-002
 1.596010e+000  1.051550e+000  5.871080e-002
 1.598750e+000  1.018340e+000  5.984980e-002
 1.601480e+000  1.051430e+000  5.998950e-002
 1.604220e+000  1.023080e+000  6.006320e-002
 1.606950e+000  9.890130e-001  5.814540e-002
 1.609690e+000  9.863050e-001  5.884710e-002
 1.612420e+000  9.449010e-001  5.974650e-002
 1.615160e+000  1.079340e+000  6.026530e-002
 1.617890e+000  1.045270e+000  5.819090e-002
 1.620630e+000  1.023350e+000  6.063500e-002
 1.623360e+000  9.953420e-001  5.954070e-002
 1.626100e+000  1.015430e+000  5.943220e-002
 1.628840e+000  9.537060e-001  5.956080e-002
 1.631570e+000  9.250830e-001  5.927980e-002
 1.634310e+000  9.206090e-001  5.983550e-002
 1.637040e+000  9.474940e-001  5.948260e-002
 1.639780e+000  9.366190e-001  6.046460e-002
 1.642510e+000  9.780590e-001  6.001900e-002
 1.645250e+000  9.819940e-001  5.979610e-002
 1.647980e+000  8.903560e-001  5.913890e-002
 1.650720e+000  9.089520e-001  5.899060e-002
 1.653450e+000  9.162380e-001  5.815720e-002
 1.656190e+000  9.546110e-001  5.927070e-002
 1.658920e+000  9.296850e-001  5.933860e-002
 1.661660e+000  9.647400e-001  5.949900e-002
 1.664390e+000  8.918510e-001  5.808670e-002
 1.667130e+000  8.639990e-001  5.906940e-002
 1.669860e+000  9.057110e-001  5.933920e-002
 1.672600e+000  9.104300e-001  5.960570e-002
 1.675330e+000  9.094670e-001  5.907100e-002
 1.678070e+000  8.657270e-001  5.983320e-002
 1.680800e+000  8.610230e-001  5.827030e-002
 1.683540e+000  8.606880e-001  5.991570e-002
 1.686270e+000  8.773210e-001  5.962420e-002
 1.689010e+000  9.077630e-001  5.874990e-002
 1.691740e+000  8.381360e-001  5.885830e-002
 1.694480e+000  7.742570e-001  5.917440e-002
 1.697210e+000  8.138930e-001  5.887680e-002
 1.699950e+000  8.823500e-001  5.904580e-002
 1.702680e+000  8.299460e-001  5.947400e-002
 1.705420e+000  7.598670e-001  5.895290e-002
 1.708150e+000  7.883440e-001  5.912760e-002
 1.710890e+000  8.599330e-001  5.892840e-002
 1.713620e+000  7.865970e-001  5.901000e-002
 1.716360e+000  7.916140e-001  5.845680e-002
 1.719090e+000  7.494130e-001  5.847310e-002
 1.721830e+000  8.197020e-001  5.850340e-002
 1.724560e+000  7.958070e-001  5.826270e-002
 1.727300e+000  7.316830e-001  5.839960e-002
 1.730030e+000  7.864040e-001  5.813630e-002
 1.732770e+000  7.351930e-001  5.775380e-002
 1.735500e+000  7.282810e-001  5.864690e-002
 1.738240e+000  7.137700e-001  5.885580e-002
 1.740970e+000  7.625270e-001  5.803510e-002
 1.743710e+000  7.341310e-001  5.695000e-002
 1.746440e+000  7.078570e-001  5.730570e-002
 1.749180e+000  7.832030e-001  5.912730e-002
 1.751910e+000  7.320750e-001  5.864440e-002
 1.754650e+000  6.589640e-001  5.934710e-002
 1.757380e+000  5.942490e-001  5.820130e-002
 1.760120e+000  6.483560e-001  5.855260e-002
 1.762850e+000  6.862060e-001  5.772210e-002
 1.765590e+000  6.572960e-001  5.922300e-002
 1.768320e+000  6.930870e-001  5.790330e-002
 1.771060e+000  6.996310e-001  5.739560e-002
 1.773790e+000  7.165110e-001  5.745490e-002
 1.776530e+000  7.041520e-001  5.684020e-002
 1.779260e+000  6.188340e-001  5.817530e-002
 1.782000e+000  6.569110e-001  5.725770e-002
 1.784740e+000  6.699070e-001  5.829960e-002
 1.787470e+000  6.572440e-001  5.728500e-002
 1.790210e+000  6.421800e-001  5.719900e-002
 1.792940e+000  6.523520e-001  5.782890e-002
 1.795680e+000  6.221250e-001  5.915600e-002
 1.798410e+000  5.996380e-001  5.808140e-002
 1.801150e+000  5.568200e-001  5.757930e-002
 1.803880e+000  6.276020e-001  5.728530e-002
 1.806620e+000  6.551560e-001  5.794490e-002
 1.809350e+000  6.219140e-001  5.778680e-002
 1.812090e+000  6.265540e-001  5.869730e-002
 1.814820e+000  5.345650e-001  5.832670e-002
 1.817560e+000  5.741490e-001  5.859630e-002
 1.820290e+000  5.473060e-001  5.761120e-002
 1.823030e+000  5.822230e-001  5.744270e-002
 1.825760e+000  5.900460e-001  5.748330e-002
 1.828500e+000  6.300920e-001  5.704020e-002
 1.831230e+000  6.524430e-001  5.666270e-002
 1.833970e+000  6.264060e-001  5.675730e-002
 1.836700e+000  5.875760e-001  5.747430e-002
 1.839440e+000  6.025120e-001  5.826460e-002
 1.842170e+000  5.877250e-001  5.639740e-002
 1.844910e+000  6.056200e-001  5.791490e-002
 1.847640e+000  5.484840e-001  5.717280e-002
 1.850380e+000  5.114990e-001  5.868000e-002
 1.853110e+000  4.890270e-001  5.788530e-002
 1.855850e+000  4.966170e-001  5.753850e-002
 1.858580e+000  5.321840e-001  5.727950e-002
 1.861320e+000  5.300890e-001  5.867730e-002
 1.864050e+000  5.058700e-001  5.778810e-002
 1.866790e+000  4.304590e-001  5.764790e-002
 1.869520e+000  4.390290e-001  5.729510e-002
 1.872260e+000  5.034720e-001  5.782260e-002
 1.874990e+000  5.070030e-001  5.673940e-002
 1.877730e+000  4.713650e-001  5.636530e-002
 1.880460e+000  5.170850e-001  5.627970e-002
 1.883200e+000  4.351510e-001  5.619060e-002
 1.885930e+000  4.853860e-001  5.687930e-002
 1.888670e+000  4.857590e-001  5.708990e-002
 1.891400e+000  4.398290e-001  5.689870e-002
 1.894140e+000  4.005250e-001  5.656720e-002
 1.896870e+000  4.719860e-001  5.657180e-002
 1.899610e+000  4.397580e-001  5.648160e-002
 1.902340e+000  4.491280e-001  5.710170e-002
 1.905080e+000  5.349230e-001  5.697950e-002
 1.907810e+000  4.922350e-001  5.740570e-002
 1.910550e+000  4.838820e-001  5.776370e-002
 1.913280e+000  4.642310e-001  5.638410e-002
 1.916020e+000  4.900300e-001  5.598600e-002
 1.918750e+000  4.306560e-001  5.660890e-002
 1.921490e+000  5.119290e-001  5.790720e-002
 1.924220e+000  4.830220e-001  5.682360e-002
 1.926960e+000  4.306710e-001  5.401370e-002
 1.929690e+000  4.812830e-001  5.651280e-002
 1.932430e+000  4.874990e-001  5.809780e-002
 1.935160e+000  4.730330e-001  5.759260e-002
 1.937900e+000  4.639720e-001  5.739890e-002
 1.940630e+000  4.325070e-001  5.849360e-002
 1.943370e+000  4.212550e-001  5.788230e-002
 1.946110e+000  4.479180e-001  5.693240e-002
 1.948840e+000  4.423580e-001  5.729560e-002
 1.951580e+000  4.586780e-001  5.776960e-002
 1.954310e+000  3.918570e-001  5.706440e-002
 1.957050e+000  3.926170e-001  5.664400e-002
 1.959780e+000  3.681180e-001  5.645560e-002
 1.962520e+000  3.768570e-001  5.650440e-002
 1.965250e+000  3.710360e-001  5.649140e-002
 1.967990e+000  4.076910e-001  5.684300e-002
 1.970720e+000  4.547140e-001  5.764820e-002
 1.973460e+000  4.180960e-001  5.720300e-002
 1.976190e+000  3.754600e-001  5.752210e-002
 1.978930e+000  3.966650e-001  5.673270e-002
 1.981660e+000  3.806910e-001  5.621190e-002
 1.984400e+000  4.156290e-001  5.693010e-002
 1.987130e+000  4.053560e-001  5.720400e-002
 1.989870e+000  3.572860e-001  5.595100e-002
 1.992600e+000  2.996170e-001  5.611890e-002
 1.995340e+000  3.844580e-001  5.574850e-002
 1.998070e+000  3.688800e-001  5.656820e-002
 2.000810e+000  3.546390e-001  5.644940e-002
 2.003540e+000  3.679840e-001  5.720990e-002
 2.006280e+000  3.095590e-001  5.719340e-002
 2.009010e+000  3.295830e-001  5.689580e-002
 2.011750e+000  3.738210e-001  5.647830e-002
 2.014480e+000  3.254770e-001  5.685740e-002
 2.017220e+000  3.914070e-001  5.619060e-002
 2.019950e+000  3.877530e-001  5.728350e-002
 2.022690e+000  3.225870e-001  5.679770e-002
 2.025420e+000  4.039920e-001  5.594210e-002
 2.028160e+000  3.320350e-001  5.670690e-002
 2.030890e+000  3.410400e-001  5.662180e-002
 2.033630e+000  2.829660e-001  5.657350e-002
 2.036360e+000  3.125440e-001  5.578680e-002
 2.039100e+000  4.354670e-001  5.566720e-002
 2.041830e+000  3.728250e-001  5.552500e-002
 2.044570e+000  2.715800e-001  5.677800e-002
 2.047300e+000  2.702090e-001  5.593040e-002
 2.050040e+000  3.364050e-001  5.697190e-002
 2.052770e+000  4.010050e-001  5.669050e-002
 2.055510e+000  3.348190e-001  5.715410e-002
 2.058240e+000  4.041310e-001  5.709190e-002
 2.060980e+000  3.583360e-001  5.600050e-002
 2.063710e+000  3.183050e-001  5.594250e-002
 2.066450e+000  3.996370e-001  5.714860e-002
 2.069180e+000  3.311340e-001  5.771980e-002
 2.071920e+000  3.115240e-001  5.705810e-002
 2.074650e+000  3.846380e-001  5.550250e-002
 2.077390e+000  3.817680e-001  5.562550e-002
 2.080120e+000  3.549960e-001  5.567740e-002
 2.082860e+000  3.244090e-001  5.557510e-002
 2.085590e+000  3.260890e-001  5.518870e-002
 2.088330e+000  3.820900e-001  5.623280e-002
 2.091060e+000  4.012950e-001  5.560890e-002
 2.093800e+000  3.204240e-001  5.602290e-002
 2.096530e+000  2.118210e-001  5.506050e-002
 2.099270e+000  2.947840e-001  5.585850e-002
 2.102000e+000  2.732450e-001  5.592310e-002
 2.104740e+000  2.433390e-001  5.644570e-002
 2.107480e+000  2.657250e-001  5.585460e-002
 2.110210e+000  2.493070e-001  5.582860e-002
 2.112950e+000  3.265370e-001  5.529670e-002
 2.115680e+000  2.949620e-001  5.639080e-002
 2.118420e+000  2.997210e-001  5.658690e-002
 2.121150e+000  2.991730e-001  5.548480e-002
 2.123890e+000  2.411490e-001  5.569700e-002
 2.126620e+000  3.425290e-001  5.539970e-002
 2.129360e+000  3.318030e-001  5.459270e-002
 2.132090e+000  3.395930e-001  5.669560e-002
 2.134830e+000  3.642560e-001  5.717760e-002
 2.137560e+000  2.423830e-001  5.754420e-002
 2.140300e+000  2.767930e-001  5.651830e-002
 2.143030e+000  3.546680e-001  5.609250e-002
 2.145770e+000  3.590020e-001  5.643640e-002
 2.148500e+000  2.437520e-001  5.589180e-002
 2.151240e+000  2.832940e-001  5.519360e-002
 2.153970e+000  2.945580e-001  5.446560e-002
 2.156710e+000  1.856040e-001  5.471410e-002
 2.159440e+000  2.344130e-001  5.479530e-002
 2.162180e+000  2.920750e-001  5.449940e-002
 2.164910e+000  2.960300e-001  5.427330e-002
 2.167650e+000  2.983960e-001  5.649560e-002
 2.170380e+000  2.181770e-001  5.581460e-002
 2.173120e+000  3.540890e-001  5.588040e-002
 2.175850e+000  3.087810e-001  5.569000e-002
 2.178590e+000  2.718690e-001  5.569220e-002
 2.181320e+000  2.116200e-001  5.461300e-002
 2.184060e+000  2.417270e-001  5.433060e-002
 2.186790e+000  2.718680e-001  5.622010e-002
 2.189530e+000  2.448150e-001  5.611130e-002
 2.192260e+000  2.827790e-001  5.518440e-002
 2.195000e+000  2.675920e-001  5.461500e-002
 2.197730e+000  2.330720e-001  5.464280e-002
 2.200470e+000  2.728960e-001  5.536800e-002
 2.203200e+000  2.623990e-001  5.450480e-002
 2.205940e+000  2.326500e-001  5.499960e-002
 2.208670e+000  2.170050e-001  5.488590e-002
 2.211410e+000  2.138610e-001  5.625660e-002
 2.214140e+000  3.062770e-001  5.438580e-002
 2.216880e+000  2.794180e-001  5.543410e-002
 2.219610e+000  2.657760e-001  5.528520e-002
 2.222350e+000  2.646130e-001  5.591150e-002
 2.225080e+000  2.652050e-001  5.454430e-002
 2.227820e+000  2.669460e-001  5.490040e-002
 2.230550e+000  2.163130e-001  5.470110e-002
 2.233290e+000  2.074800e-001  5.651990e-002
 2.236020e+000  2.723140e-001  5.543750e-002
 2.238760e+000  2.465620e-001  5.483970e-002
 2.241490e+000  2.344510e-001  5.448410e-002
 2.244230e+000  2.433930e-001  5.439900e-002
 2.246960e+000  2.151200e-001  5.509860e-002
 2.249700e+000  1.586120e-001  5.498720e-002
 2.252430e+000  2.103300e-001  5.501210e-002
 2.255170e+000  2.342590e-001  5.485450e-002
 2.257900e+000  1.793810e-001  5.500670e-002
 2.260640e+000  2.204150e-001  5.510440e-002
 2.263380e+000  2.111100e-001  5.587020e-002
 2.266110e+000  2.072440e-001  5.452240e-002
 2.268850e+000  1.981090e-001  5.528400e-002
 2.271580e+000  2.271800e-001  5.501510e-002
 2.274320e+000  2.669760e-001  5.455040e-002
 2.277050e+000  2.477160e-001  5.477140e-002
 2.279790e+000  1.850210e-001  5.518560e-002
 2.282520e+000  1.676470e-001  5.478440e-002
 2.285260e+000  1.578420e-001  5.478000e-002
 2.287990e+000  2.140500e-001  5.503340e-002
 2.290730e+000  2.370480e-001  5.512370e-002
 2.293460e+000  2.131260e-001  5.417810e-002
 2.296200e+000  2.108990e-001  5.561320e-002
 2.298930e+000  2.218860e-001  5.340950e-002
 2.301670e+000  2.391140e-001  5.439720e-002
 2.304400e+000  2.805740e-001  5.442230e-002
 2.307140e+000  2.684920e-001  5.532890e-002
 2.309870e+000  1.937280e-001  5.550080e-002
 2.312610e+000  1.819560e-001  5.552560e-002
 2.315340e+000  1.559640e-001  5.451170e-002
 2.318080e+000  1.772100e-001  5.389750e-002
 2.320810e+000  1.569940e-001  5.520640e-002
 2.323550e+000  1.868560e-001  5.571540e-002
 2.326280e+000  2.790640e-001  5.425860e-002
 2.329020e+000  2.476210e-001  5.477910e-002
 2.331750e+000  2.197230e-001  5.431870e-002
 2.334490e+000  1.921690e-001  5.476130e-002
 2.337220e+000  2.079980e-001  5.390990e-002
 2.339960e+000  1.375230e-001  5.602090e-002
 2.342690e+000  2.014450e-001  5.463070e-002
 2.345430e+000  2.257250e-001  5.420490e-002
 2.348160e+000  2.152220e-001  5.459560e-002
 2.350900e+000  1.636770e-001  5.550520e-002
 2.353630e+000  1.878850e-001  5.498750e-002
 2.356370e+000  1.642470e-001  5.490140e-002
 2.359100e+000  1.781570e-001  5.519800e-002
 2.361840e+000  1.990150e-001  5.493900e-002
 2.364570e+000  2.384690e-001  5.543170e-002
 2.367310e+000  1.608190e-001  5.484190e-002
 2.370040e+000  1.378770e-001  5.356330e-002
 2.372780e+000  2.026890e-001  5.477260e-002
 2.375510e+000  1.992130e-001  5.525000e-002
 2.378250e+000  1.938570e-001  5.476330e-002
 2.380980e+000  2.329940e-001  5.529520e-002
 2.383720e+000  2.260910e-001  5.541300e-002
 2.386450e+000  1.992000e-001  5.531840e-002
 2.389190e+000  1.836520e-001  5.495450e-002
 2.391920e+000  2.248980e-001  5.471110e-002
 2.394660e+000  1.960750e-001  5.493050e-002
 2.397390e+000  1.951930e-001  5.348810e-002
 2.400130e+000  2.118660e-001  5.402320e-002
 2.402860e+000  2.127760e-001  5.385520e-002
 2.405600e+000  1.886790e-001  5.400660e-002
 2.408330e+000  1.658290e-001  5.368360e-002
 2.411070e+000  1.538380e-001  5.324900e-002
 2.413800e+000  1.629610e-001  5.321580e-002
 2.416540e+000  1.382520e-001  5.507660e-002
 2.419270e+000  1.426620e-001  5.427910e-002
 2.422010e+000  1.627050e-001  5.464570e-002
 2.424750e+000  2.326970e-001  5.468480e-002
 2.427480e+000  2.318520e-001  5.496730e-002
 2.430220e+000  2.535320e-001  5.559090e-002
 2.432950e+000  1.772030e-001  5.484100e-002
 2.435690e+000  1.910420e-001  5.389160e-002
 2.438420e+000  1.925430e-001  5.422740e-002
 2.441160e+000  1.681430e-001  5.492700e-002
 2.443890e+000  1.876880e-001  5.398560e-002
 2.446630e+000  1.633660e-001  5.404350e-002
 2.449360e+000  1.889770e-001  5.428280e-002
 2.452100e+000  2.004740e-001  5.516400e-002
 2.454830e+000  1.941750e-001  5.507320e-002
 2.457570e+000  1.703940e-001  5.486200e-002
 2.460300e+000  1.157710e-001  5.473410e-002
 2.463040e+000  1.702550e-001  5.525210e-002
 2.465770e+000  1.658090e-001  5.371960e-002
 2.468510e+000  1.360160e-001  5.444350e-002
 2.471240e+000  1.776850e-001  5.468650e-002
 2.473980e+000  1.966210e-001  5.467110e-002
 2.476710e+000  1.778840e-001  5.332550e-002
 2.479450e+000  1.130390e-001  5.419140e-002
 2.482180e+000  1.648560e-001  5.411330e-002
 2.484920e+000  1.803780e-001  5.362040e-002
 2.487650e+000  1.694850e-001  5.296080e-002
 2.490390e+000  1.778820e-001  5.367130e-002
 2.493120e+000  1.637450e-001  5.435370e-002
 2.495860e+000  1.684190e-001  5.445210e-002
 2.498590e+000  2.266310e-001  5.364550e-002
 2.501330e+000  1.218770e-001  5.305580e-002
 2.504060e+000  1.893880e-001  5.312370e-002
 2.506800e+000  1.836170e-001  5.396210e-002
 2.509530e+000  1.823920e-001  5.470740e-002
 2.512270e+000  2.012920e-001  5.371760e-002
 2.515000e+000  1.746680e-001  5.317150e-002
 2.517740e+000  1.330810e-001  5.286750e-002
 2.520470e+000  1.450580e-001  5.387020e-002
 2.523210e+000  1.282800e-001  5.438000e-002
 2.525940e+000  2.393460e-001  5.354150e-002
 2.528680e+000  1.851740e-001  5.316570e-002
 2.531410e+000  1.198840e-001  5.429340e-002
 2.534150e+000  2.117690e-001  5.367990e-002
 2.536880e+000  2.077440e-001  5.358840e-002
 2.539620e+000  1.380160e-001  5.388290e-002
 2.542350e+000  1.528090e-001  5.540250e-002
 2.545090e+000  1.489830e-001  5.541320e-002
 2.547820e+000  1.225350e-001  5.406670e-002
 2.550560e+000  1.235330e-001  5.339900e-002
 2.553290e+000  1.690350e-001  5.338590e-002
 2.556030e+000  1.706590e-001  5.363550e-002
 2.558760e+000  1.707770e-001  5.423330e-002
 2.561500e+000  1.670950e-001  5.363330e-002
 2.564230e+000  1.414340e-001  5.313200e-002
 2.566970e+000  1.654220e-001  5.350160e-002
 2.569700e+000  1.732150e-001  5.334280e-002
 2.572440e+000  1.690290e-001  5.492090e-002
 2.575170e+000  1.702300e-001  5.535740e-002
 2.577910e+000  1.890730e-001  5.618650e-002
 2.580650e+000  1.404430e-001  5.591880e-002
 2.583380e+000  4.178230e-002  6.076640e-002
 2.586120e+000  1.220980e-001  6.392550e-002
 2.588850e+000  1.671100e-001  6.455920e-002
 2.591590e+000  1.660030e-001  6.909870e-002
 2.594320e+000  1.549320e-001  7.252210e-002
 2.597060e+000  2.162650e-001  7.641430e-002
 2.599790e+000  2.253360e-001  7.464120e-002
 2.602530e+000  1.571110e-001  7.575200e-002
 2.605260e+000  1.590670e-001  7.662320e-002
 2.608000e+000  1.741220e-001  8.001250e-002
 2.610730e+000  1.556100e-001  8.114080e-002
 2.613470e+000  5.870270e-002  8.296210e-002
 2.616200e+000  1.490620e-001  7.170600e-002
 2.618940e+000  1.571450e-001  6.575040e-002
 2.621670e+000  1.895800e-001  6.207650e-002
 2.624410e+000  1.768750e-001  6.150100e-002
 2.627140e+000  1.862760e-001  6.049570e-002
 2.629880e+000  1.309250e-001  5.921990e-002
 2.632610e+000  1.691420e-001  5.801120e-002
 2.635350e+000  1.804350e-001  5.818220e-002
 2.638080e+000  1.696930e-001  5.795820e-002
 2.640820e+000  1.394870e-001  5.973920e-002
 2.643550e+000  1.269390e-001  5.907130e-002
 2.646290e+000  1.850230e-001  5.902220e-002
 2.649020e+000  1.779700e-001  5.937760e-002
 2.651760e+000  1.427490e-001  5.879650e-002
 2.654490e+000  1.331230e-001  5.791590e-002
 2.657230e+000  2.044660e-001  5.781320e-002
 2.659960e+000  2.046380e-001  5.791660e-002
 2.662700e+000  1.505290e-001  5.872460e-002
 2.665430e+000  1.752050e-001  5.813880e-002
 2.668170e+000  2.663880e-001  5.765810e-002
 2.670900e+000  2.140660e-001  5.804560e-002
 2.673640e+000  2.229950e-001  5.840190e-002
 2.676370e+000  1.835970e-001  5.803700e-002
 2.679110e+000  1.685080e-001  5.856050e-002
 2.681840e+000  1.905500e-001  5.735600e-002
 2.684580e+000  1.234750e-001  5.844020e-002
 2.687310e+000  1.683110e-001  5.788000e-002
 2.690050e+000  2.089390e-001  5.698150e-002
 2.692780e+000  1.736390e-001  5.816590e-002
 2.695520e+000  2.052920e-001  5.664510e-002
 2.698250e+000  1.570930e-001  5.604290e-002
 2.700990e+000  2.158080e-001  5.676130e-002
 2.703720e+000  1.357660e-001  5.705250e-002
 2.706460e+000  1.680470e-001  5.685050e-002
 2.709190e+000  1.719150e-001  5.593940e-002
 2.711930e+000  2.094760e-001  5.573150e-002
 2.714660e+000  1.307410e-001  5.591450e-002
 2.717400e+000  1.470350e-001  5.615970e-002
 2.720130e+000  1.695540e-001  5.599580e-002
 2.722870e+000  1.972560e-001  5.618360e-002
 2.725600e+000  1.367000e-001  5.538240e-002
 2.728340e+000  1.379770e-001  5.545580e-002
 2.731070e+000  1.467670e-001  5.378280e-002
 2.733810e+000  1.131990e-001  5.501110e-002
 2.736540e+000  1.116640e-001  5.413670e-002
 2.739280e+000  1.047700e-001  5.428760e-002
 2.742020e+000  1.524390e-001  5.321270e-002
 2.744750e+000  1.210780e-001  5.331010e-002
 2.747490e+000  1.376030e-001  5.360640e-002
 2.750220e+000  1.532460e-001  5.367320e-002
 2.752960e+000  1.249480e-001  5.369420e-002
 2.755690e+000  1.183430e-001  5.291740e-002
 2.758430e+000  1.480790e-001  5.355320e-002
 2.761160e+000  1.619980e-001  5.387040e-002
 2.763900e+000  1.184410e-001  5.386710e-002
 2.766630e+000  1.312930e-001  5.430500e-002
 2.769370e+000  1.179020e-001  5.468600e-002
 2.772100e+000  1.223460e-001  5.502130e-002
 2.774840e+000  1.186330e-001  5.510060e-002
 2.777570e+000  1.363120e-001  5.379480e-002
 2.780310e+000  1.532450e-001  5.465140e-002
 2.783040e+000  1.296350e-001  5.421220e-002
 2.785780e+000  2.025970e-001  5.334290e-002
 2.788510e+000  1.615920e-001  5.402150e-002
 2.791250e+000  1.008020e-001  5.482240e-002
 2.793980e+000  1.767590e-001  5.362890e-002
 2.796720e+000  1.894100e-001  5.353470e-002
 2.799450e+000  8.227070e-002  5.344750e-002
 2.802190e+000  1.885910e-001  5.413040e-002
 2.804920e+000  1.921570e-001  5.451910e-002
 2.807660e+000  1.612940e-001  5.540790e-002
 2.810390e+000  1.525860e-001  5.465180e-002
 2.813130e+000  1.560690e-001  5.443700e-002
 2.815860e+000  2.253850e-001  5.357970e-002
 2.818600e+000  2.162660e-001  5.411340e-002
 2.821330e+000  1.120920e-001  5.414860e-002
 2.824070e+000  1.381570e-001  5.398690e-002
 2.826800e+000  1.886180e-001  5.346140e-002
 2.829540e+000  1.870060e-001  5.459600e-002
 2.832270e+000  1.425750e-001  5.384010e-002
 2.835010e+000  1.494650e-001  5.459400e-002
 2.837740e+000  1.121150e-001  5.401460e-002
 2.840480e+000  1.512910e-001  5.467110e-002
 2.843210e+000  2.277100e-001  5.396520e-002
 2.845950e+000  2.198500e-001  5.453260e-002
 2.848680e+000  1.579860e-001  5.416700e-002
 2.851420e+000  1.642050e-001  5.424090e-002
 2.854150e+000  2.316150e-001  5.361510e-002
 2.856890e+000  1.467650e-001  5.394400e-002
 2.859620e+000  1.418050e-001  5.296110e-002
 2.862360e+000  1.153700e-001  5.416320e-002
 2.865090e+000  1.305770e-001  5.410550e-002
 2.867830e+000  2.454340e-001  5.480900e-002
 2.870560e+000  2.032100e-001  5.448640e-002
 2.873300e+000  1.373800e-001  5.316720e-002
 2.876030e+000  1.587940e-001  5.311470e-002
 2.878770e+000  1.873430e-001  5.416920e-002
 2.881500e+000  2.052280e-001  5.369770e-002
 2.884240e+000  1.417130e-001  5.361310e-002
 2.886970e+000  1.019660e-001  5.366160e-002
 2.889710e+000  1.426220e-001  5.437790e-002
 2.892440e+000  1.685780e-001  5.329210e-002
 2.895180e+000  1.553310e-001  5.314440e-002
 2.897920e+000  1.931380e-001  5.478660e-002
 2.900650e+000  2.135530e-001  5.482080e-002
 2.903390e+000  7.390080e-002  5.404840e-002
 2.906120e+000  1.778370e-001  5.327710e-002
 2.908860e+000  1.835930e-001  5.362430e-002
 2.911590e+000  2.213760e-001  5.319700e-002
 2.914330e+000  1.565690e-001  5.399270e-002
 2.917060e+000  2.055380e-001  5.281360e-002
 2.919800e+000  1.604030e-001  5.415780e-002
 2.922530e+000  1.491700e-001  5.408370e-002
 2.925270e+000  1.841230e-001  5.314490e-002
 2.928000e+000  1.441730e-001  5.410650e-002
 2.930740e+000  1.274860e-001  5.358890e-002
 2.933470e+000  1.633810e-001  5.273210e-002
 2.936210e+000  1.831660e-001  5.400740e-002
 2.938940e+000  1.572880e-001  5.500940e-002
 2.941680e+000  1.196740e-001  5.405850e-002
 2.944410e+000  1.612760e-001  5.407180e-002
 2.947150e+000  1.792640e-001  5.397610e-002
 2.949880e+000  1.684880e-001  5.337430e-002
 2.952620e+000  1.804730e-001  5.416990e-002
 2.955350e+000  1.930630e-001  5.465520e-002
 2.958090e+000  1.616480e-001  5.431530e-002
 2.960820e+000  1.929040e-001  5.434270e-002
 2.963560e+000  2.368720e-001  5.567360e-002
 2.966290e+000  1.725850e-001  5.360610e-002
 2.969030e+000  1.386480e-001  5.396700e-002
 2.971760e+000  1.793970e-001  5.339160e-002
 2.974500e+000  2.017490e-001  5.465130e-002
 2.977230e+000  2.195100e-001  5.423700e-002
 2.979970e+000  1.855980e-001  5.512710e-002
 2.982700e+000  1.967110e-001  5.549070e-002
 2.985440e+000  1.685020e-001  5.460880e-002
 2.988170e+000  1.179950e-001  5.318920e-002
 2.990910e+000  1.277160e-001  5.418080e-002
 2.993640e+000  2.311740e-001  5.336300e-002
 2.996380e+000  1.978710e-001  5.361730e-002
 2.999110e+000  1.317410e-001  5.400100e-002
 3.001850e+000  1.232100e-001  5.314310e-002
 3.004580e+000  1.454460e-001  5.301650e-002
 3.007320e+000  1.284680e-001  5.334840e-002
 3.010050e+000  2.083250e-001  5.502850e-002
 3.012790e+000  2.013590e-001  5.402220e-002
 3.015520e+000  2.307690e-001  5.398390e-002
 3.018260e+000  1.576070e-001  5.438110e-002
 3.020990e+000  1.551020e-001  5.425830e-002
 3.023730e+000  1.832170e-001  5.369430e-002
 3.026460e+000  1.843240e-001  5.320970e-002
 3.029200e+000  2.072220e-001  5.430300e-002
 3.031930e+000  1.486720e-001  5.333200e-002
 3.034670e+000  1.569330e-001  5.338950e-002
 3.037400e+000  1.706810e-001  5.353090e-002
 3.040140e+000  1.395560e-001  5.357440e-002
 3.042870e+000  1.511180e-001  5.431020e-002
 3.045610e+000  1.310650e-001  5.310820e-002
 3.048340e+000  1.524470e-001  5.323770e-002
 3.051080e+000  1.675800e-001  5.335580e-002
 3.053810e+000  1.478010e-001  5.335440e-002
 3.056550e+000  1.203810e-001  5.146620e-002
 3.059290e+000  1.917840e-001  5.168560e-002
 3.062020e+000  2.014290e-001  5.264810e-002
 3.064760e+000  1.320600e-001  5.432440e-002
 3.067490e+000  1.256820e-001  5.419640e-002
 3.070230e+000  2.104040e-001  5.500160e-002
 3.072960e+000  2.270860e-001  5.376180e-002
 3.075700e+000  2.333800e-001  5.293530e-002
 3.078430e+000  8.711360e-002  5.336250e-002
 3.081170e+000  1.179210e-001  5.401320e-002
 3.083900e+000  1.603390e-001  5.421790e-002
 3.086640e+000  2.293100e-001  5.330450e-002
 3.089370e+000  2.265880e-001  5.324910e-002
 3.092110e+000  1.347070e-001  5.269250e-002
 3.094840e+000  6.490820e-002  5.246240e-002
 3.097580e+000  1.179980e-001  5.334460e-002
 3.100310e+000  2.454500e-001  5.312650e-002
 3.103050e+000  2.183320e-001  5.346790e-002
 3.105780e+000  1.584060e-001  5.325510e-002
 3.108520e+000  2.001330e-001  5.428680e-002
 3.111250e+000  1.918430e-001  5.333140e-002
 3.113990e+000  2.630010e-001  5.325720e-002
 3.116720e+000  1.533160e-001  5.262420e-002
 3.119460e+000  1.427380e-001  5.317770e-002
 3.122190e+000  1.519230e-001  5.120340e-002
 3.124930e+000  1.155750e-001  5.190820e-002
 3.127660e+000  1.774080e-001  5.362310e-002
 3.130400e+000  1.973600e-001  5.379120e-002
 3.133130e+000  1.361370e-001  5.280260e-002
 3.135870e+000  2.155220e-001  5.312180e-002
 3.138600e+000  1.381810e-001  5.242180e-002
 3.141340e+000  1.566880e-001  5.302700e-002
 3.144070e+000  1.315520e-001  5.229070e-002
 3.146810e+000  1.442020e-001  5.321150e-002
 3.149540e+000  2.001740e-001  5.284700e-002
 3.152280e+000  1.811290e-001  5.293990e-002
 3.155010e+000  1.877720e-001  5.333710e-002
 3.157750e+000  2.207670e-001  5.339930e-002
 3.160480e+000  2.181500e-001  5.388080e-002
 3.163220e+000  1.896540e-001  5.327350e-002
 3.165950e+000  1.570110e-001  5.246950e-002
 3.168690e+000  1.793750e-001  5.234060e-002
 3.171420e+000  1.554530e-001  5.325850e-002
 3.174160e+000  1.929660e-001  5.314390e-002
 3.176890e+000  1.524070e-001  5.322030e-002
 3.179630e+000  1.975330e-001  5.333980e-002
 3.182360e+000  1.940510e-001  5.211550e-002
 3.185100e+000  1.858200e-001  5.270000e-002
 3.187830e+000  1.250020e-001  5.260810e-002
 3.190570e+000  8.436650e-002  5.271280e-002
 3.193300e+000  1.467630e-001  5.324360e-002
 3.196040e+000  8.640660e-002  5.256080e-002
 3.198770e+000  1.317160e-001  5.258630e-002
 3.201510e+000  1.419800e-001  5.391160e-002
 3.204240e+000  1.530550e-001  5.409300e-002
 3.206980e+000  1.435300e-001  5.349650e-002
 3.209710e+000  1.207280e-001  5.235980e-002
 3.212450e+000  2.173120e-001  5.167650e-002
 3.215190e+000  1.692420e-001  5.234300e-002
 3.217920e+000  1.504350e-001  5.261160e-002
 3.220660e+000  1.567760e-001  5.336100e-002
 3.223390e+000  1.131270e-001  5.261320e-002
 3.226130e+000  1.363350e-001  5.254280e-002
 3.228860e+000  1.469640e-001  5.126080e-002
 3.231600e+000  2.095630e-001  5.223590e-002
 3.234330e+000  1.532780e-001  5.234190e-002
 3.237070e+000  1.562600e-001  5.269440e-002
 3.239800e+000  1.151730e-001  5.200220e-002
 3.242540e+000  8.823780e-002  5.256000e-002
 3.245270e+000  1.353700e-001  5.190880e-002
 3.248010e+000  1.445070e-001  5.206720e-002
 3.250740e+000  7.757430e-002  5.271690e-002
 3.253480e+000  1.353000e-001  5.429940e-002
 3.256210e+000  1.362560e-001  5.287920e-002
 3.258950e+000  1.534690e-001  5.244420e-002
 3.261680e+000  9.838720e-002  5.249310e-002
 3.264420e+000  1.276770e-001  5.319010e-002
 3.267150e+000  1.406590e-001  5.379860e-002
 3.269890e+000  1.459070e-001  5.411330e-002
 3.272620e+000  1.601060e-001  5.352970e-002
 3.275360e+000  1.370930e-001  5.270320e-002
 3.278090e+000  1.323650e-001  5.159090e-002
 3.280830e+000  1.504990e-001  5.234550e-002
 3.283560e+000  1.658330e-001  5.302440e-002
 3.286300e+000  1.557010e-001  5.304210e-002
 3.289030e+000  1.085620e-001  5.257170e-002
 3.291770e+000  1.382730e-001  5.273050e-002
 3.294500e+000  1.519880e-001  5.327940e-002
 3.297240e+000  1.426990e-001  5.316830e-002
 3.299970e+000  1.505230e-001  5.162920e-002
 3.302710e+000  1.176840e-001  5.331950e-002
 3.305440e+000  1.166860e-001  5.278380e-002
 3.308180e+000  1.133480e-001  5.308210e-002
 3.310910e+000  1.767120e-001  5.261760e-002
 3.313650e+000  1.282340e-001  5.219060e-002
 3.316380e+000  1.309010e-001  5.328790e-002
 3.319120e+000  2.010420e-001  5.229820e-002
 3.321850e+000  2.013980e-001  5.259420e-002
 3.324590e+000  2.185170e-001  5.258180e-002
 3.327320e+000  1.810370e-001  5.259260e-002
 3.330060e+000  1.657300e-001  5.319010e-002
 3.332790e+000  2.120000e-001  5.273600e-002
 3.335530e+000  1.645380e-001  5.203990e-002
 3.338260e+000  2.139360e-001  5.186420e-002
 3.341000e+000  1.761050e-001  5.196710e-002
 3.343730e+000  1.976220e-001  5.301030e-002
 3.346470e+000  1.870050e-001  5.269560e-002
 3.349200e+000  1.739840e-001  5.228490e-002
 3.351940e+000  1.312640e-001  5.218690e-002
 3.354670e+000  1.621240e-001  5.284970e-002
 3.357410e+000  7.085280e-002  5.284790e-002
 3.360140e+000  1.326650e-001  5.275610e-002
 3.362880e+000  1.507240e-001  5.190450e-002
 3.365610e+000  1.633190e-001  5.187650e-002
 3.368350e+000  1.919930e-001  5.194560e-002
 3.371080e+000  1.651220e-001  5.281850e-002
 3.373820e+000  1.931880e-001  5.206500e-002
 3.376560e+000  2.213230e-001  5.189100e-002
 3.379290e+000  1.863490e-001  5.225730e-002
 3.382030e+000  2.005990e-001  5.343850e-002
 3.384760e+000  1.551350e-001  5.248010e-002
 3.387500e+000  1.504640e-001  5.261670e-002
 3.390230e+000  1.547220e-001  5.222100e-002
 3.392970e+000  1.232660e-001  5.342020e-002
 3.395700e+000  1.481380e-001  5.222690e-002
 3.398440e+000  1.308910e-001  5.301650e-002
 3.401170e+000  1.336460e-001  5.269900e-002
 3.403910e+000  1.915040e-001  5.313700e-002
 3.406640e+000  1.373280e-001  5.268180e-002
 3.409380e+000  1.730700e-001  5.177960e-002
 3.412110e+000  1.944230e-001  5.312720e-002
 3.414850e+000  1.402220e-001  5.269890e-002
 3.417580e+000  8.625770e-002  5.284080e-002
 3.420320e+000  1.305110e-001  5.237610e-002
 3.423050e+000  1.495700e-001  5.210930e-002
 3.425790e+000  1.471790e-001  5.230520e-002
 3.428520e+000  1.004130e-001  5.244260e-002
 3.431260e+000  1.135940e-001  5.314470e-002
 3.433990e+000  1.500960e-001  5.319530e-002
 3.436730e+000  1.584810e-001  5.213470e-002
 3.439460e+000  1.354490e-001  5.076290e-002
 3.442200e+000  1.249690e-001  5.179360e-002
 3.444930e+000  2.003410e-001  5.224550e-002
 3.447670e+000  1.942480e-001  5.254920e-002
 3.450400e+000  1.355220e-001  5.145480e-002
 3.453140e+000  1.079220e-001  5.258170e-002
 3.455870e+000  1.913800e-001  5.327240e-002
 3.458610e+000  2.135650e-001  5.340290e-002
 3.461340e+000  1.203300e-001  5.257740e-002
 3.464080e+000  2.000000e-001  5.402970e-002
 3.466810e+000  1.687930e-001  5.300210e-002
 3.469550e+000  1.934500e-001  5.355460e-002
 3.472280e+000  1.679560e-001  5.261200e-002
 3.475020e+000  2.102790e-001  5.220830e-002
 3.477750e+000  1.600770e-001  5.218200e-002
 3.480490e+000  1.513370e-001  5.254060e-002
 3.483220e+000  8.571840e-002  5.246510e-002
 3.485960e+000  1.496640e-001  5.238710e-002
 3.488690e+000  1.777070e-001  5.198690e-002
 3.491430e+000  1.633650e-001  5.317320e-002
 3.494160e+000  1.531070e-001  5.206280e-002
 3.496900e+000  1.906300e-001  5.149790e-002
 3.499630e+000  1.182510e-001  5.206330e-002
 3.502370e+000  1.494130e-001  5.193690e-002
 3.505100e+000  1.484200e-001  5.211270e-002
 3.507840e+000  1.344950e-001  5.146890e-002
 3.510570e+000  1.663210e-001  5.322650e-002
 3.513310e+000  1.894300e-001  5.307600e-002
 3.516040e+000  1.558200e-001  5.300320e-002
 3.518780e+000  1.439500e-001  5.235300e-002
 3.521510e+000  1.483180e-001  5.198150e-002
 3.524250e+000  1.903310e-001  5.173750e-002
 3.526980e+000  1.802210e-001  5.126640e-002
 3.529720e+000  1.415070e-001  5.226710e-002
 3.532450e+000  1.431770e-001  5.257210e-002
 3.535190e+000  1.976460e-001  5.315950e-002
 3.537930e+000  2.178580e-001  5.190200e-002
 3.540660e+000  2.048660e-001  5.248030e-002
 3.543400e+000  2.014790e-001  5.239140e-002
 3.546130e+000  1.182220e-001  5.229020e-002
 3.548870e+000  9.366450e-002  5.198710e-002
 3.551600e+000  1.278380e-001  5.215480e-002
 3.554340e+000  1.990520e-001  5.309670e-002
 3.557070e+000  2.301480e-001  5.239150e-002
 3.559810e+000  1.910860e-001  5.173100e-002
 3.562540e+000  8.146970e-002  5.131540e-002
 3.565280e+000  1.118710e-001  5.201890e-002
 3.568010e+000  1.052730e-001  5.299800e-002
 3.570750e+000  1.315410e-001  5.318030e-002
 3.573480e+000  1.969580e-001  5.248130e-002
 3.576220e+000  1.562840e-001  5.215990e-002
 3.578950e+000  1.974970e-001  5.196960e-002
 3.581690e+000  1.874380e-001  5.198220e-002
 3.584420e+000  2.457330e-001  5.152380e-002
 3.587160e+000  1.438330e-001  5.240370e-002
 3.589890e+000  1.531600e-001  5.177730e-002
 3.592630e+000  6.360220e-002  5.147310e-002
 3.595360e+000  5.509350e-002  5.128160e-002
 3.598100e+000  1.437620e-001  5.207510e-002
 3.600830e+000  1.745640e-001  5.285850e-002
 3.603570e+000  1.617810e-001  5.332790e-002
 3.606300e+000  1.848870e-001  5.156370e-002
 3.609040e+000  1.826250e-001  5.138430e-002
 3.611770e+000  1.625970e-001  5.169800e-002
 3.614510e+000  1.016550e-001  5.240530e-002
 3.617240e+000  1.328890e-001  5.270680e-002
 3.619980e+000  1.981410e-001  5.241660e-002
 3.622710e+000  2.099470e-001  5.178540e-002
 3.625450e+000  2.166200e-001  5.197760e-002
 3.628180e+000  1.416430e-001  5.051600e-002
 3.630920e+000  1.394640e-001  5.072660e-002
 3.633650e+000  1.692870e-001  5.232120e-002
 3.636390e+000  1.721720e-001  5.167590e-002
 3.639120e+000  2.201370e-001  5.233550e-002
 3.641860e+000  1.923150e-001  5.225620e-002
 3.644590e+000  1.298500e-001  5.139790e-002
 3.647330e+000  1.489890e-001  5.096250e-002
 3.650060e+000  1.863870e-001  5.129130e-002
 3.652800e+000  1.910800e-001  5.201170e-002
 3.655530e+000  1.632860e-001  5.183620e-002
 3.658270e+000  1.626490e-001  5.176880e-002
 3.661000e+000  2.064170e-001  5.275830e-002
 3.663740e+000  1.723720e-001  5.272270e-002
 3.666470e+000  2.042950e-001  5.179490e-002
 3.669210e+000  1.278410e-001  5.145250e-002
 3.671940e+000  1.245400e-001  5.120410e-002
 3.674680e+000  1.208330e-001  5.217840e-002
 3.677410e+000  1.324690e-001  5.176140e-002
 3.680150e+000  1.638900e-001  5.237580e-002
 3.682880e+000  1.401420e-001  5.244990e-002
 3.685620e+000  1.993270e-001  5.183520e-002
 3.688350e+000  1.817190e-001  5.164110e-002
 3.691090e+000  1.280370e-001  5.155790e-002
 3.693830e+000  1.415800e-001  5.194950e-002
 3.696560e+000  1.916800e-001  5.106880e-002
 3.699300e+000  2.092100e-001  5.151760e-002
 3.702030e+000  2.133660e-001  5.187430e-002
 3.704770e+000  1.079580e-001  5.184560e-002
 3.707500e+000  1.764840e-001  5.162940e-002
 3.710240e+000  1.544760e-001  5.273320e-002
 3.712970e+000  1.453120e-001  5.196820e-002
 3.715710e+000  1.674110e-001  5.203540e-002
 3.718440e+000  1.739290e-001  5.149550e-002
 3.721180e+000  1.315070e-001  5.284920e-002
 3.723910e+000  1.448330e-001  5.124790e-002
 3.726650e+000  8.918630e-002  5.139130e-002
 3.729380e+000  1.595210e-001  5.138870e-002
 3.732120e+000  1.786320e-001  5.227820e-002
 3.734850e+000  1.323250e-001  5.159940e-002
 3.737590e+000  1.869650e-001  5.268590e-002
 3.740320e+000  2.376710e-001  5.202080e-002
 3.743060e+000  2.000640e-001  5.312540e-002
 3.745790e+000  1.991590e-001  5.155680e-002
 3.748530e+000  1.626080e-001  5.181040e-002
 3.751260e+000  1.589460e-001  5.159010e-002
 3.754000e+000  1.667320e-001  5.176890e-002
 3.756730e+000  1.525790e-001  5.099730e-002
 3.759470e+000  1.032140e-001  5.220900e-002
 3.762200e+000  1.547020e-001  5.237920e-002
 3.764940e+000  1.738040e-001  5.256100e-002
 3.767670e+000  1.289620e-001  5.106190e-002
 3.770410e+000  1.683060e-001  5.184750e-002
 3.773140e+000  1.604760e-001  5.081110e-002
 3.775880e+000  1.815330e-001  5.156420e-002
 3.778610e+000  1.904450e-001  5.219840e-002
 3.781350e+000  2.134870e-001  5.128060e-002
 3.784080e+000  1.813320e-001  5.105540e-002
 3.786820e+000  1.312480e-001  5.175150e-002
 3.789550e+000  1.481370e-001  5.204430e-002
 3.792290e+000  1.542880e-001  5.113710e-002
 3.795020e+000  1.174410e-001  5.221490e-002
 3.797760e+000  1.957370e-001  5.272180e-002
 3.800490e+000  1.885610e-001  5.140890e-002
 3.803230e+000  1.856190e-001  5.043010e-002
 3.805960e+000  2.069130e-001  5.079330e-002
 3.808700e+000  1.925750e-001  5.250150e-002
 3.811430e+000  2.033570e-001  5.171650e-002
 3.814170e+000  1.491420e-001  5.123350e-002
 3.816900e+000  1.203220e-001  5.127120e-002
 3.819640e+000  1.103670e-001  5.177990e-002
 3.822370e+000  1.396330e-001  5.086910e-002
 3.825110e+000  1.132770e-001  5.067500e-002
 3.827840e+000  1.217350e-001  5.203620e-002
 3.830580e+000  9.912690e-002  5.240930e-002
 3.833310e+000  8.363390e-002  5.129410e-002
 3.836050e+000  1.025060e-001  5.125520e-002
 3.838780e+000  1.006350e-001  5.133820e-002
 3.841520e+000  1.246260e-001  5.177160e-002
 3.844250e+000  1.851790e-001  5.120930e-002
 3.846990e+000  1.553120e-001  5.102780e-002
 3.849720e+000  1.491740e-001  5.034470e-002
 3.852460e+000  1.461070e-001  5.122700e-002
 3.855200e+000  1.262120e-001  5.086190e-002
 3.857930e+000  1.079260e-001  5.173600e-002
 3.860670e+000  1.206390e-001  5.138190e-002
 3.863400e+000  1.474850e-001  5.151120e-002
 3.866140e+000  1.049440e-001  5.069470e-002
 3.868870e+000  1.212710e-001  5.099240e-002
 3.871610e+000  1.383080e-001  5.152480e-002
 3.874340e+000  1.680220e-001  5.046920e-002
 3.877080e+000  1.688130e-001  5.145950e-002
 3.879810e+000  1.466610e-001  5.163790e-002
 3.882550e+000  1.266780e-001  5.152140e-002
 3.885280e+000  1.570820e-001  5.159560e-002
 3.888020e+000  1.633820e-001  5.281460e-002
 3.890750e+000  1.562690e-001  5.104660e-002
 3.893490e+000  1.773630e-001  5.276700e-002
 3.896220e+000  1.524920e-001  5.156850e-002
 3.898960e+000  1.932180e-001  5.227520e-002
 3.901690e+000  1.045470e-001  5.167960e-002
 3.904430e+000  1.759010e-001  5.099260e-002
 3.907160e+000  2.081060e-001  5.162530e-002
 3.909900e+000  1.389200e-001  5.158240e-002
 3.912630e+000  1.669130e-001  5.134020e-002
 3.915370e+000  1.825020e-001  5.143380e-002
 3.918100e+000  1.298440e-001  5.189540e-002
 3.920840e+000  1.903810e-001  5.140680e-002
 3.923570e+000  1.643210e-001  5.224300e-002
 3.926310e+000  1.523260e-001  5.190430e-002
 3.929040e+000  1.674680e-001  5.238280e-002
 3.931780e+000  1.144330e-001  5.272550e-002
 3.934510e+000  1.894790e-001  5.205980e-002
 3.937250e+000  1.949550e-001  5.862410e-002
 3.939980e+000  1.524340e-001  6.359660e-002
 3.942720e+000  1.326110e-001  6.610890e-002
 3.945450e+000  1.626820e-001  7.000960e-002
 3.948190e+000  2.149150e-001  7.563290e-002
 3.950920e+000  2.110780e-001  7.533500e-002
 3.953660e+000  1.714100e-001  7.847810e-002
 3.956390e+000  6.287700e-002  7.885930e-002
 3.959130e+000  1.272660e-001  8.105840e-002
 3.961860e+000  1.590000e-001  8.206530e-002
 3.964600e+000  1.700540e-001  7.143420e-002
 3.967330e+000  1.781590e-001  6.243290e-002
 3.970070e+000  1.320660e-001  5.869670e-002
 3.972800e+000  1.123760e-001  5.622540e-002
 3.975540e+000  9.592200e-002  5.553430e-002
 3.978270e+000  1.673800e-001  5.600760e-002
 3.981010e+000  1.562000e-001  5.606700e-002
 3.983740e+000  1.711740e-001  5.449410e-002
 3.986480e+000  1.751490e-001  5.566450e-002
 3.989210e+000  1.551510e-001  5.590740e-002
 3.991950e+000  2.310750e-001  5.637700e-002
 3.994680e+000  1.832610e-001  5.477700e-002
 3.997420e+000  1.336070e-001  5.530640e-002
 4.000150e+000  1.704440e-001  5.407050e-002
 4.002890e+000  1.762460e-001  5.364020e-002
 4.005620e+000  1.246390e-001  5.382650e-002
 4.008360e+000  9.378560e-002  5.401220e-002
 4.011100e+000  1.278040e-001  5.351740e-002
 4.013830e+000  1.364220e-001  5.347370e-002
 4.016570e+000  1.861420e-001  5.315190e-002
 4.019300e+000  2.220340e-001  5.186130e-002
 4.022040e+000  1.030660e-001  5.349030e-002
 4.024770e+000  9.059770e-002  5.304860e-002
 4.027510e+000  8.551950e-002  5.247100e-002
 4.030240e+000  1.132490e-001  5.271880e-002
 4.032980e+000  1.897490e-001  5.260030e-002
 4.035710e+000  1.328870e-001  5.196120e-002
 4.038450e+000  1.802640e-001  5.169290e-002
 4.041180e+000  1.872030e-001  5.195060e-002
 4.043920e+000  1.595390e-001  5.205860e-002
 4.046650e+000  1.798030e-001  4.995970e-002
 4.049390e+000  1.276500e-001  4.944270e-002
 4.052120e+000  1.603460e-001  4.904900e-002
 4.054860e+000  1.957890e-001  5.084480e-002
 4.057590e+000  1.386430e-001  5.004890e-002
 4.060330e+000  1.665160e-001  5.023190e-002
 4.063060e+000  1.222350e-001  5.084690e-002
 4.065800e+000  1.627710e-001  4.996900e-002
 4.068530e+000  5.861210e-002  5.003920e-002
 4.071270e+000  1.657040e-001  5.038950e-002
 4.074000e+000  1.460430e-001  5.070790e-002
 4.076740e+000  1.688030e-001  4.960040e-002
 4.079470e+000  1.952200e-001  5.004420e-002
 4.082210e+000  1.386200e-001  5.061030e-002
 4.084940e+000  1.411840e-001  4.950960e-002
 4.087680e+000  1.204260e-001  5.034390e-002
 4.090410e+000  1.312810e-001  5.071730e-002
 4.093150e+000  7.916110e-002  5.084050e-002
 4.095880e+000  1.225350e-001  5.106810e-002
 4.098620e+000  1.466700e-001  5.135240e-002
 4.101350e+000  2.007310e-001  5.107470e-002
 4.104090e+000  1.252840e-001  5.026450e-002
 4.106820e+000  1.244290e-001  5.014580e-002
 4.109560e+000  1.666270e-001  4.999670e-002
 4.112290e+000  1.498190e-001  4.969750e-002
 4.115030e+000  1.603980e-001  4.988500e-002
 4.117760e+000  9.820180e-002  5.045900e-002
 4.120500e+000  9.180920e-002  5.052380e-002
 4.123230e+000  1.503550e-001  5.012650e-002
 4.125970e+000  1.623880e-001  5.148710e-002
 4.128700e+000  1.731100e-001  5.110910e-002
 4.131440e+000  1.265360e-001  5.134890e-002
 4.134170e+000  1.615840e-001  5.038150e-002
 4.136910e+000  1.818830e-001  5.047730e-002
 4.139640e+000  1.856760e-001  5.022590e-002
 4.142380e+000  1.779270e-001  5.049090e-002
 4.145110e+000  2.283350e-001  5.090160e-002
 4.147850e+000  1.828250e-001  5.122250e-002
 4.150580e+000  2.098790e-001  5.025810e-002
 4.153320e+000  1.793620e-001  5.071810e-002
 4.156050e+000  1.587140e-001  5.041640e-002
 4.158790e+000  1.167830e-001  5.075310e-002
 4.161520e+000  1.447490e-001  4.945150e-002
 4.164260e+000  2.033340e-001  5.103230e-002
 4.166990e+000  1.622750e-001  5.151970e-002
 4.169730e+000  1.224800e-001  5.135230e-002
 4.172470e+000  1.408410e-001  5.023040e-002
 4.175200e+000  1.867850e-001  4.996040e-002
 4.177940e+000  1.745340e-001  4.967620e-002
 4.180670e+000  1.756330e-001  5.059210e-002
 4.183410e+000  1.462620e-001  4.999910e-002
 4.186140e+000  1.437580e-001  5.021480e-002
 4.188880e+000  1.028490e-001  5.066660e-002
 4.191610e+000  1.148700e-001  5.045530e-002
 4.194350e+000  7.730690e-002  5.068820e-002
 4.197080e+000  1.485970e-001  5.050850e-002
 4.199820e+000  1.608160e-001  5.084560e-002
 4.202550e+000  1.536350e-001  5.005390e-002
 4.205290e+000  1.534700e-001  5.125620e-002
 4.208020e+000  1.296300e-001  5.130400e-002
 4.210760e+000  8.780350e-002  5.141400e-002
 4.213490e+000  1.424500e-001  5.030820e-002
 4.216230e+000  1.257480e-001  5.013100e-002
 4.218960e+000  1.311240e-001  5.017950e-002
 4.221700e+000  1.528850e-001  5.058800e-002
 4.224430e+000  1.086070e-001  5.044700e-002
 4.227170e+000  1.288520e-001  5.101670e-002
 4.229900e+000  6.705230e-002  4.933050e-002
 4.232640e+000  1.331900e-001  5.082880e-002
 4.235370e+000  1.356740e-001  4.995300e-002
 4.238110e+000  1.617240e-001  4.950230e-002
 4.240840e+000  1.236440e-001  5.103370e-002
 4.243580e+000  1.697510e-001  5.197850e-002
 4.246310e+000  1.342390e-001  4.983000e-002
 4.249050e+000  1.167800e-001  4.976860e-002
 4.251780e+000  1.032910e-001  5.036400e-002
 4.254520e+000  1.779360e-001  5.054400e-002
 4.257250e+000  1.176110e-001  4.996730e-002
 4.259990e+000  1.271370e-001  4.942720e-002
 4.262720e+000  2.531210e-001  5.082270e-002
 4.265460e+000  1.877650e-001  5.040600e-002
 4.268190e+000  1.568010e-001  4.948350e-002
 4.270930e+000  1.764900e-001  5.020160e-002
 4.273660e+000  2.466030e-001  5.056210e-002
 4.276400e+000  2.203690e-001  5.023910e-002
 4.279130e+000  9.051550e-002  4.990500e-002
 4.281870e+000  1.100040e-001  5.009770e-002
 4.284600e+000  9.096780e-002  4.992130e-002
 4.287340e+000  8.845100e-002  5.055290e-002
 4.290070e+000  5.655300e-002  4.985520e-002
 4.292810e+000  1.092860e-001  4.989100e-002
 4.295540e+000  1.184910e-001  4.909300e-002
 4.298280e+000  1.274170e-001  5.056600e-002
 4.301010e+000  1.421080e-001  5.008090e-002
 4.303750e+000  7.139320e-002  4.984990e-002
 4.306480e+000  1.358850e-001  5.010900e-002
 4.309220e+000  1.323190e-001  4.981770e-002
 4.311950e+000  1.184310e-001  4.883950e-002
 4.314690e+000  1.075930e-001  5.066880e-002
 4.317420e+000  1.884680e-001  4.887480e-002
 4.320160e+000  2.159650e-001  4.967160e-002
 4.322890e+000  1.479350e-001  5.044350e-002
 4.325630e+000  1.667730e-001  5.018070e-002
 4.328370e+000  1.667940e-001  5.123370e-002
 4.331100e+000  1.309660e-001  5.089430e-002
 4.333840e+000  1.532430e-001  4.978290e-002
 4.336570e+000  1.516230e-001  4.944240e-002
 4.339310e+000  1.747830e-001  4.978220e-002
 4.342040e+000  1.265290e-001  5.003320e-002
 4.344780e+000  1.547550e-001  5.065020e-002
 4.347510e+000  9.356570e-002  5.091590e-002
 4.350250e+000  1.721930e-001  5.016760e-002
 4.352980e+000  1.698740e-001  4.998540e-002
 4.355720e+000  1.203030e-001  4.880230e-002
 4.358450e+000  9.061330e-002  4.996820e-002
 4.361190e+000  9.628120e-002  4.885510e-002
 4.363920e+000  1.419260e-001  4.947870e-002
 4.366660e+000  1.027350e-001  4.996450e-002
 4.369390e+000  1.096620e-001  5.071350e-002
 4.372130e+000  1.959730e-001  5.058290e-002
 4.374860e+000  1.597980e-001  5.006690e-002
 4.377600e+000  8.440330e-002  4.996310e-002
 4.380330e+000  1.138290e-001  4.947780e-002
 4.383070e+000  1.573920e-001  4.962490e-002
 4.385800e+000  1.287830e-001  5.013940e-002
 4.388540e+000  1.536470e-001  5.021770e-002
 4.391270e+000  9.571670e-002  5.042020e-002
 4.394010e+000  1.154340e-001  5.021170e-002
 4.396740e+000  1.275710e-001  4.999150e-002
 4.399480e+000  1.632150e-001  4.967620e-002
 4.402210e+000  8.423290e-002  4.946680e-002
 4.404950e+000  1.134360e-001  5.011470e-002
 4.407680e+000  1.273760e-001  4.981810e-002
 4.410420e+000  1.175010e-001  4.957430e-002
 4.413150e+000  1.738930e-001  5.008180e-002
 4.415890e+000  2.039530e-001  5.013630e-002
 4.418620e+000  1.600320e-001  5.013120e-002
 4.421360e+000  1.037570e-001  4.971870e-002
 4.424090e+000  1.672950e-001  5.003770e-002
 4.426830e+000  1.092650e-001  4.930490e-002
 4.429560e+000  6.104860e-002  5.074810e-002
 4.432300e+000  1.423210e-001  5.091330e-002
 4.435030e+000  9.919680e-002  5.036790e-002
 4.437770e+000  1.589950e-001  5.024370e-002
 4.440500e+000  2.224530e-001  5.026280e-002
 4.443240e+000  1.969830e-001  4.966080e-002
 4.445970e+000  1.336130e-001  4.936010e-002
 4.448710e+000  1.454360e-001  4.955550e-002
 4.451440e+000  1.944010e-001  4.976430e-002
 4.454180e+000  1.356810e-001  4.992460e-002
 4.456910e+000  1.055420e-001  4.885700e-002
 4.459650e+000  1.657940e-001  4.922970e-002
 4.462380e+000  1.584860e-001  4.974020e-002
 4.465120e+000  1.262010e-001  4.931360e-002
 4.467850e+000  1.900900e-001  4.964070e-002
 4.470590e+000  1.254460e-001  5.112410e-002
 4.473320e+000  1.408060e-001  5.025980e-002
 4.476060e+000  1.366390e-001  4.938290e-002
 4.478790e+000  1.073330e-001  4.859020e-002
 4.481530e+000  1.517790e-001  4.912390e-002
 4.484260e+000  1.790220e-001  4.900100e-002
 4.487000e+000  1.401170e-001  4.864400e-002
 4.489740e+000  9.128700e-002  4.991750e-002
 4.492470e+000  1.014630e-001  5.024740e-002
 4.495210e+000  1.711020e-001  4.916590e-002
 4.497940e+000  1.747690e-001  5.040460e-002
 4.500680e+000  2.277360e-001  4.977750e-002
 4.503410e+000  2.016400e-001  4.896520e-002
 4.506150e+000  1.581370e-001  4.887220e-002
 4.508880e+000  9.255450e-002  4.916970e-002
 4.511620e+000  1.264340e-001  5.068200e-002
 4.514350e+000  1.224320e-001  4.922410e-002
 4.517090e+000  1.079930e-001  4.961270e-002
 4.519820e+000  2.036870e-001  4.923150e-002
 4.522560e+000  1.506500e-001  4.960730e-002
 4.525290e+000  1.767260e-001  4.955720e-002
 4.528030e+000  1.650810e-001  4.977230e-002
 4.530760e+000  1.893180e-001  4.962980e-002
 4.533500e+000  1.797840e-001  5.019850e-002
 4.536230e+000  1.784170e-001  4.920910e-002
 4.538970e+000  1.723890e-001  4.978190e-002
 4.541700e+000  1.311680e-001  4.907730e-002
 4.544440e+000  1.103770e-001  5.019180e-002
 4.547170e+000  1.033320e-001  4.937670e-002
 4.549910e+000  1.509650e-001  4.921480e-002
 4.552640e+000  1.858840e-001  4.888720e-002
 4.555380e+000  1.985860e-001  5.005040e-002
 4.558110e+000  1.322510e-001  5.007240e-002
 4.560850e+000  6.993220e-002  4.934900e-002
 4.563580e+000  7.743820e-002  5.033760e-002
 4.566320e+000  8.209860e-002  5.088640e-002
 4.569050e+000  1.732490e-001  4.981940e-002
 4.571790e+000  1.690150e-001  4.921590e-002
 4.574520e+000  1.832330e-001  5.067030e-002
 4.577260e+000  1.366410e-001  4.969330e-002
 4.579990e+000  1.774470e-001  4.885290e-002
 4.582730e+000  1.576920e-001  4.860440e-002
 4.585460e+000  1.383580e-001  4.874930e-002
 4.588200e+000  1.002500e-001  4.907440e-002
 4.590930e+000  1.841930e-001  5.010440e-002
 4.593670e+000  1.656750e-001  5.014430e-002
 4.596400e+000  1.373570e-001  4.993470e-002
 4.599140e+000  7.722470e-002  5.037420e-002
 4.601870e+000  8.237850e-002  4.972480e-002
 4.604610e+000  2.466390e-001  5.014340e-002
 4.607340e+000  1.494160e-001  4.974060e-002
 4.610080e+000  9.910730e-002  4.982060e-002
 4.612810e+000  1.314630e-001  4.983070e-002
 4.615550e+000  1.044450e-001  4.943420e-002
 4.618280e+000  1.591820e-001  4.922170e-002
 4.621020e+000  1.614090e-001  4.864150e-002
 4.623750e+000  1.189410e-001  4.893810e-002
 4.626490e+000  1.061500e-001  4.870580e-002
 4.629220e+000  1.383150e-001  4.963690e-002
 4.631960e+000  9.141420e-002  4.878150e-002
 4.634690e+000  1.069180e-001  4.920670e-002
 4.637430e+000  1.462240e-001  4.921870e-002
 4.640160e+000  1.424600e-001  4.943280e-002
 4.642900e+000  1.452800e-001  4.997420e-002
 4.645640e+000  1.808560e-001  4.932740e-002
 4.648370e+000  1.124550e-001  4.889140e-002
 4.651110e+000  1.556320e-001  4.961770e-002
 4.653840e+000  1.193080e-001  4.847820e-002
 4.656580e+000  1.332350e-001  4.918700e-002
 4.659310e+000  1.792460e-001  4.865830e-002
 4.662050e+000  1.920220e-001  4.953080e-002
 4.664780e+000  1.071790e-001  4.990710e-002
 4.667520e+000  1.976340e-002  4.884060e-002
 4.670250e+000  1.545020e-001  5.029190e-002
 4.672990e+000  1.341240e-001  4.954490e-002
 4.675720e+000  8.332710e-002  4.932610e-002
 4.678460e+000  1.090970e-001  4.974640e-002
 4.681190e+000  8.764430e-002  4.961230e-002
 4.683930e+000  1.384490e-001  4.986280e-002
 4.686660e+000  1.636800e-001  4.893270e-002
 4.689400e+000  1.339270e-001  4.953260e-002
 4.692130e+000  1.631900e-001  4.984030e-002
 4.694870e+000  1.223860e-001  5.025270e-002
 4.697600e+000  9.563170e-002  4.935160e-002
 4.700340e+000  1.644750e-001  4.921980e-002
 4.703070e+000  1.224930e-001  4.906640e-002
 4.705810e+000  1.234810e-001  4.924010e-002
 4.708540e+000  1.844420e-001  5.002910e-002
 4.711280e+000  1.236280e-001  4.953200e-002
 4.714010e+000  6.627710e-002  4.990850e-002
 4.716750e+000  9.799300e-002  5.062940e-002
 4.719480e+000  1.164280e-001  4.917960e-002
 4.722220e+000  1.415480e-001  4.986260e-002
 4.724950e+000  1.299130e-001  4.994610e-002
 4.727690e+000  1.597750e-001  4.974030e-002
 4.730420e+000  1.081620e-001  4.838300e-002
 4.733160e+000  9.976080e-002  4.916900e-002
 4.735890e+000  1.472180e-001  4.958300e-002
 4.738630e+000  1.848260e-001  4.963130e-002
 4.741360e+000  1.412640e-001  5.011870e-002
 4.744100e+000  1.089940e-001  4.904120e-002
 4.746830e+000  1.185930e-001  4.963420e-002
 4.749570e+000  1.280370e-001  4.974440e-002
 4.752300e+000  1.977210e-001  4.905380e-002
 4.755040e+000  1.018680e-001  4.901360e-002
 4.757770e+000  9.077360e-002  4.805000e-002
 4.760510e+000  1.157260e-001  4.861560e-002
 4.763240e+000  1.091240e-001  4.898270e-002
 4.765980e+000  1.624080e-001  4.887970e-002
 4.768710e+000  1.366650e-001  4.918640e-002
 4.771450e+000  1.355440e-001  4.980880e-002
 4.774180e+000  1.113360e-001  4.967500e-002
 4.776920e+000  1.372960e-001  4.936700e-002
 4.779650e+000  1.210320e-001  4.932510e-002
 4.782390e+000  1.302610e-001  4.912140e-002
 4.785120e+000  1.737880e-001  4.873940e-002
 4.787860e+000  1.437330e-001  4.848530e-002
 4.790590e+000  1.171140e-001  4.987460e-002
 4.793330e+000  1.751470e-001  5.035610e-002
 4.796060e+000  1.519480e-001  4.901900e-002
 4.798800e+000  1.690310e-001  4.889930e-002
 4.801530e+000  1.428310e-001  4.964310e-002
 4.804270e+000  1.399190e-001  4.992340e-002
 4.807010e+000  1.959970e-001  4.937080e-002
 4.809740e+000  1.430650e-001  4.968460e-002
 4.812480e+000  6.778560e-002  4.946310e-002
 4.815210e+000  1.123310e-001  4.950590e-002
 4.817950e+000  1.130280e-001  4.852430e-002
 4.820680e+000  1.891990e-001  4.872020e-002
 4.823420e+000  1.664580e-001  4.942680e-002
 4.826150e+000  2.083110e-001  4.894730e-002
 4.828890e+000  1.394700e-001  4.962090e-002
 4.831620e+000  9.443390e-002  4.938270e-002
 4.834360e+000  1.349280e-001  5.028040e-002
 4.837090e+000  1.574020e-001  4.927890e-002
 4.839830e+000  1.292440e-001  4.852590e-002
 4.842560e+000  7.692120e-002  4.853470e-002
 4.845300e+000  2.005740e-001  4.999030e-002
 4.848030e+000  1.735610e-001  4.929710e-002
 4.850770e+000  1.171580e-001  4.859540e-002
 4.853500e+000  1.025170e-001  4.933960e-002
 4.856240e+000  1.036220e-001  5.029090e-002
 4.858970e+000  4.650410e-002  4.969800e-002
 4.861710e+000  8.819780e-002  4.962060e-002
 4.864440e+000  1.615300e-001  4.905390e-002
 4.867180e+000  1.698600e-001  5.040100e-002
 4.869910e+000  1.235040e-001  4.865590e-002
 4.872650e+000  8.797590e-002  4.837160e-002
 4.875380e+000  1.551550e-001  4.896400e-002
 4.878120e+000  1.525710e-001  4.944530e-002
 4.880850e+000  1.182830e-001  5.011560e-002
 4.883590e+000  1.566530e-001  4.979300e-002
 4.886320e+000  1.495970e-001  4.928370e-002
 4.889060e+000  1.399580e-001  4.819110e-002
 4.891790e+000  9.189390e-002  4.849170e-002
 4.894530e+000  1.071760e-001  4.976910e-002
 4.897260e+000  9.041550e-002  4.900570e-002
 4.900000e+000  1.378960e-001  4.830280e-002
 4.902730e+000  1.483630e-001  4.866730e-002
 4.905470e+000  1.815900e-001  4.887530e-002
 4.908200e+000  1.242540e-001  4.840880e-002
 4.910940e+000  1.922330e-001  4.988540e-002
 4.913670e+000  1.543700e-001  4.976070e-002
 4.916410e+000  1.606500e-001  4.961610e-002
 4.919140e+000  1.474140e-001  4.822910e-002
 4.921880e+000  9.632070e-002  4.926000e-002
 4.924610e+000  6.102270e-002  4.893700e-002
 4.927350e+000  4.899590e-002  4.982000e-002
 4.930080e+000  1.083430e-001  4.824910e-002
 4.932820e+000  1.400530e-001  4.942580e-002
 4.935550e+000  1.107320e-001  4.941260e-002
 4.938290e+000  1.354280e-001  4.996640e-002
 4.941020e+000  9.864020e-002  4.891900e-002
 4.943760e+000  1.519090e-001  4.950230e-002
 4.946490e+000  1.558460e-001  4.927650e-002
 4.949230e+000  1.389670e-001  4.961860e-002
 4.951960e+000  1.433200e-001  4.968740e-002
 4.954700e+000  1.873400e-001  5.107770e-002
 4.957430e+000  1.862200e-001  4.820760e-002
 4.960170e+000  1.583460e-001  4.806670e-002
 4.962900e+000  1.630400e-001  4.900740e-002
 4.965640e+000  1.253820e-001  4.962330e-002
 4.968380e+000  1.557740e-001  4.991730e-002
 4.971110e+000  1.857980e-001  4.904260e-002
 4.973850e+000  1.549180e-001  4.953380e-002
 4.976580e+000  1.618080e-001  4.916260e-002
 4.979320e+000  1.381280e-001  5.002520e-002
 4.982050e+000  1.195080e-001  4.940180e-002
 4.984790e+000  7.487890e-002  4.952430e-002
 4.987520e+000  1.223670e-001  4.896590e-002
 4.990260e+000  1.628710e-001  4.867960e-002
 4.992990e+000  1.854190e-001  4.807310e-002
 4.995730e+000  1.719330e-001  4.899590e-002
 4.998460e+000  1.357660e-001  4.913570e-002
 5.001200e+000  1.353560e-001  4.912980e-002
 5.003930e+000  1.295430e-001  4.825640e-002
 5.006670e+000  1.766590e-001  4.954710e-002
 5.009400e+000  1.419350e-001  4.959820e-002
 5.012140e+000  1.387360e-001  4.905810e-002
 5.014870e+000  4.405710e-002  4.958610e-002
 5.017610e+000  6.906060e-002  5.071530e-002
 5.020340e+000  1.116890e-001  5.051510e-002
 5.023080e+000  7.862170e-002  5.060330e-002
 5.025810e+000  1.251560e-001  4.919940e-002
 5.028550e+000  1.570130e-001  4.925300e-002
 5.031280e+000  1.423680e-001  4.911150e-002
 5.034020e+000  1.529950e-001  5.040830e-002
 5.036750e+000  1.276090e-001  4.941620e-002
 5.039490e+000  1.478270e-001  4.952160e-002
 5.042220e+000  1.295110e-001  4.889830e-002
 5.044960e+000  1.238540e-001  4.942570e-002
 5.047690e+000  1.904260e-001  4.934050e-002
 5.050430e+000  1.905090e-001  4.842470e-002
 5.053160e+000  1.642610e-001  4.944980e-002
 5.055900e+000  1.098590e-001  4.868860e-002
 5.058630e+000  9.548950e-002  4.907550e-002
 5.061370e+000  9.609310e-002  4.894120e-002
 5.064100e+000  1.262840e-001  4.948810e-002
 5.066840e+000  1.406850e-001  5.004160e-002
 5.069570e+000  1.260740e-001  4.878970e-002
 5.072310e+000  1.825500e-001  4.893360e-002
 5.075040e+000  1.559150e-001  4.878160e-002
 5.077780e+000  1.028100e-001  4.902070e-002
 5.080510e+000  7.435130e-002  4.864460e-002
 5.083250e+000  9.838430e-002  4.943500e-002
 5.085980e+000  9.375980e-002  4.887670e-002
 5.088720e+000  1.420540e-001  4.839300e-002
 5.091450e+000  2.353220e-001  4.971710e-002
 5.094190e+000  1.682600e-001  5.026810e-002
 5.096920e+000  1.699250e-001  4.941770e-002
 5.099660e+000  1.342280e-001  4.953580e-002
 5.102390e+000  1.455800e-001  4.954570e-002
 5.105130e+000  1.112630e-001  4.952710e-002
 5.107860e+000  1.271210e-001  4.970490e-002
 5.110600e+000  1.246710e-001  4.931370e-002
 5.113330e+000  7.458810e-002  4.930560e-002
 5.116070e+000  8.500440e-002  4.883720e-002
 5.118800e+000  4.309460e-002  4.861880e-002
 5.121540e+000  1.003880e-001  4.958570e-002
 5.124280e+000  1.184670e-001  5.074250e-002
 5.127010e+000  1.145090e-001  4.991940e-002
 5.129750e+000  1.031630e-001  4.887170e-002
 5.132480e+000  7.829610e-002  4.791120e-002
 5.135220e+000  9.788430e-002  4.824650e-002
 5.137950e+000  9.895750e-002  4.888370e-002
 5.140690e+000  1.129930e-001  4.893900e-002
 5.143420e+000  1.303400e-001  4.962550e-002
 5.146160e+000  1.155730e-001  4.959040e-002
 5.148890e+000  1.588170e-001  4.832850e-002
 5.151630e+000  8.152600e-002  4.948890e-002
 5.154360e+000  7.299480e-002  4.971850e-002
 5.157100e+000  1.351920e-001  4.974130e-002
 5.159830e+000  1.529000e-001  4.933540e-002
 5.162570e+000  6.690420e-002  4.973940e-002
 5.165300e+000  1.181430e-001  4.950860e-002
 5.168040e+000  1.275590e-001  5.037830e-002
 5.170770e+000  1.084540e-001  5.008880e-002
 5.173510e+000  1.389510e-001  4.997600e-002
 5.176240e+000  8.807780e-002  4.857640e-002
 5.178980e+000  1.390980e-001  4.935670e-002
 5.181710e+000  1.556890e-001  4.905680e-002
 5.184450e+000  6.245620e-002  4.847460e-002
 5.187180e+000  7.363560e-002  4.861680e-002
 5.189920e+000  1.036160e-001  4.833650e-002
 5.192650e+000  6.686310e-002  4.889680e-002
 5.195390e+000  1.339810e-001  5.001460e-002
 5.198120e+000  1.523500e-001  4.844800e-002
 5.200860e+000  1.213320e-001  4.930320e-002
 5.203590e+000  1.295330e-001  4.858120e-002
 5.206330e+000  1.256780e-001  4.910830e-002
 5.209060e+000  9.517960e-002  4.848880e-002
 5.211800e+000  8.838600e-002  4.791300e-002
 5.214530e+000  5.437800e-002  4.809260e-002
 5.217270e+000  1.315660e-001  4.933050e-002
 5.220000e+000  1.241100e-001  4.879860e-002
 5.222740e+000  1.305740e-001  4.916310e-002
 5.225470e+000  1.366080e-001  4.899350e-002
 5.228210e+000  5.912960e-002  4.988680e-002
 5.230940e+000  5.004070e-002  4.895920e-002
 5.233680e+000  1.085620e-001  4.905560e-002
 5.236410e+000  8.237690e-002  4.965640e-002
 5.239150e+000  1.593290e-001  4.820830e-002
 5.241880e+000  1.564840e-001  4.806250e-002
 5.244620e+000  6.562320e-002  4.895750e-002
 5.247350e+000  7.008410e-002  5.005850e-002
 5.250090e+000  1.204850e-001  4.870780e-002
 5.252820e+000  1.477800e-001  4.925140e-002
 5.255560e+000  1.388680e-001  4.899750e-002
 5.258290e+000  1.463930e-001  4.915980e-002
 5.261030e+000  2.171920e-001  4.836570e-002
 5.263760e+000  2.045330e-001  4.905310e-002
 5.266500e+000  1.431050e-001  4.909920e-002
 5.269230e+000  1.577380e-001  4.755600e-002
 5.271970e+000  1.783180e-001  4.834240e-002
 5.274700e+000  1.730490e-001  4.875080e-002
 5.277440e+000  2.017820e-001  4.976050e-002
 5.280170e+000  1.126930e-001  4.976440e-002
 5.282910e+000  1.311030e-001  5.003570e-002
 5.285650e+000  1.401730e-001  5.030440e-002
 5.288380e+000  8.181420e-002  5.702430e-002
 5.291120e+000  4.697660e-002  6.192250e-002
 5.293850e+000  4.009910e-002  6.651020e-002
 5.296590e+000  1.178540e-001  7.081710e-002
 5.299320e+000  1.885640e-001  7.111280e-002
 5.302060e+000  1.434190e-001  7.176030e-002
 5.304790e+000  1.005130e-001  7.872530e-002
 5.307530e+000  5.982440e-002  8.366480e-002
 5.310260e+000  1.238860e-001  8.279230e-002
 5.313000e+000  1.605740e-001  6.831570e-002
 5.315730e+000  1.752260e-001  5.973210e-002
 5.318470e+000  1.819890e-001  5.645550e-002
 5.321200e+000  1.459390e-001  5.474730e-002
 5.323940e+000  1.435390e-001  5.494210e-002
 5.326670e+000  1.215250e-001  5.434740e-002
 5.329410e+000  1.241780e-001  5.431940e-002
 5.332140e+000  1.372850e-001  5.343060e-002
 5.334880e+000  9.847060e-002  5.324240e-002
 5.337610e+000  1.075260e-001  5.414990e-002
 5.340350e+000  1.234240e-001  5.423140e-002
 5.343080e+000  1.020180e-001  5.317460e-002
 5.345820e+000  1.208850e-001  5.437740e-002
 5.348550e+000  1.221280e-001  5.448050e-002
 5.351290e+000  9.329460e-002  5.329170e-002
 5.354020e+000  2.472340e-002  5.242260e-002
 5.356760e+000  7.220450e-002  5.181050e-002
 5.359490e+000  2.034300e-001  5.208110e-002
 5.362230e+000  1.164590e-001  5.071800e-002
 5.364960e+000  1.391970e-001  5.094800e-002
 5.367700e+000  1.729910e-001  5.022250e-002
 5.370430e+000  1.371970e-001  4.948280e-002
 5.373170e+000  1.505270e-001  4.862710e-002
 5.375900e+000  1.207580e-001  4.858200e-002
 5.378640e+000  1.422790e-001  4.953180e-002
 5.381370e+000  1.350830e-001  4.997450e-002
 5.384110e+000  8.004690e-002  4.938030e-002
 5.386840e+000  8.362040e-003  4.864360e-002
 5.389580e+000  6.067710e-002  4.783340e-002
 5.392310e+000  1.515910e-001  4.867750e-002
 5.395050e+000  1.942140e-001  4.992620e-002
 5.397780e+000  1.103880e-001  4.869590e-002
 5.400520e+000  7.434120e-002  4.855600e-002
 5.403250e+000  1.126390e-001  4.885920e-002
 5.405990e+000  1.274070e-001  4.790150e-002
 5.408720e+000  9.777880e-002  4.763110e-002
 5.411460e+000  1.361510e-001  4.878580e-002
 5.414190e+000  1.300460e-001  5.016600e-002
 5.416930e+000  1.333190e-001  4.919440e-002
 5.419660e+000  1.394630e-001  4.930640e-002
 5.422400e+000  1.578260e-001  4.881090e-002
 5.425130e+000  1.088480e-001  4.864800e-002
 5.427870e+000  1.063670e-001  4.942750e-002
 5.430600e+000  1.037260e-001  4.956700e-002
 5.433340e+000  1.108150e-001  4.898780e-002
 5.436070e+000  2.013960e-001  4.945980e-002
 5.438810e+000  1.383060e-001  4.927840e-002
 5.441550e+000  1.160630e-001  4.883000e-002
 5.444280e+000  1.245070e-001  4.897820e-002
 5.447020e+000  1.158020e-001  4.939160e-002
 5.449750e+000  9.084700e-002  4.871160e-002
 5.452490e+000  7.476530e-002  4.880530e-002
 5.455220e+000  1.426210e-001  4.888710e-002
 5.457960e+000  1.021590e-001  4.958000e-002
 5.460690e+000  1.086400e-001  4.927050e-002
 5.463430e+000  1.280780e-001  4.920690e-002
 5.466160e+000  1.201340e-001  4.831140e-002
 5.468900e+000  1.241440e-001  4.884050e-002
 5.471630e+000  1.502010e-001  4.858150e-002
 5.474370e+000  1.096130e-001  4.926670e-002
 5.477100e+000  1.090340e-001  4.945900e-002
 5.479840e+000  9.209200e-002  4.972720e-002
 5.482570e+000  1.424370e-001  5.017120e-002
 5.485310e+000  1.217340e-001  4.945580e-002
 5.488040e+000  1.187220e-001  4.875350e-002
 5.490780e+000  1.114530e-001  5.036780e-002
 5.493510e+000  7.840000e-002  4.899970e-002
 5.496250e+000  1.096790e-001  5.029790e-002
 5.498980e+000  1.242840e-001  4.902100e-002
 5.501720e+000  5.081560e-002  4.860880e-002
 5.504450e+000  5.070300e-002  4.828850e-002
 5.507190e+000  1.387560e-001  4.955770e-002
 5.509920e+000  1.782840e-001  4.946880e-002
 5.512660e+000  6.686110e-002  5.023290e-002
 5.515390e+000  9.031590e-002  5.059610e-002
 5.518130e+000  1.611820e-001  5.003070e-002
 5.520860e+000  1.056120e-001  4.975380e-002
 5.523600e+000  1.298100e-001  4.940930e-002
 5.526330e+000  9.484260e-002  4.959030e-002
 5.529070e+000  1.515540e-001  5.589900e-002
 5.531800e+000  1.306740e-001  5.991980e-002
 5.534540e+000  1.002910e-001  6.302580e-002
 5.537270e+000  1.472980e-001  5.732860e-002
 5.540010e+000  1.021960e-001  5.317750e-002
 5.542740e+000  9.495620e-002  5.310070e-002
 5.545480e+000  1.053830e-001  5.065440e-002
 5.548210e+000  1.637230e-001  5.035850e-002
 5.550950e+000  8.964380e-002  5.094960e-002
 5.553680e+000  9.611320e-002  5.092740e-002
 5.556420e+000  1.505640e-001  5.076580e-002
 5.559150e+000  1.127180e-001  5.037850e-002
 5.561890e+000  4.040560e-002  5.088490e-002
 5.564620e+000  9.907690e-002  5.015590e-002
 5.567360e+000  1.100220e-001  5.137780e-002
 5.570090e+000  1.444380e-001  5.086530e-002
 5.572830e+000  1.354760e-001  5.078680e-002
 5.575560e+000  1.859670e-001  5.059550e-002
 5.578300e+000  1.382180e-001  4.958640e-002
 5.581030e+000  1.798990e-001  5.087290e-002
 5.583770e+000  1.529060e-001  5.028160e-002
 5.586500e+000  1.478350e-001  4.951550e-002
 5.589240e+000  1.126620e-001  5.017110e-002
 5.591970e+000  1.050870e-001  4.871520e-002
 5.594710e+000  1.222510e-001  4.853730e-002
 5.597440e+000  6.758580e-002  4.858280e-002
 5.600180e+000  1.055580e-001  4.814620e-002
 5.602920e+000  1.127700e-001  4.891240e-002
 5.605650e+000  1.695320e-001  4.973500e-002
 5.608390e+000  1.453510e-001  4.936150e-002
 5.611120e+000  1.335690e-001  4.935940e-002
 5.613860e+000  1.215670e-001  4.951270e-002
 5.616590e+000  1.097930e-001  4.841810e-002
 5.619330e+000  1.224960e-001  4.859750e-002
 5.622060e+000  1.316020e-001  4.829850e-002
 5.624800e+000  9.927180e-002  4.777050e-002
 5.627530e+000  1.047160e-001  4.825660e-002
 5.630270e+000  1.157490e-001  4.817510e-002
 5.633000e+000  1.176230e-001  4.848550e-002
 5.635740e+000  1.576010e-001  4.894170e-002
 5.638470e+000  1.312880e-001  4.942500e-002
 5.641210e+000  7.693810e-002  4.970230e-002
 5.643940e+000  8.505400e-002  4.879770e-002
 5.646680e+000  1.066620e-001  4.905330e-002
 5.649410e+000  1.089820e-001  4.957990e-002
 5.652150e+000  1.184480e-001  4.922670e-002
 5.654880e+000  1.024940e-001  4.838780e-002
 5.657620e+000  1.518030e-001  4.857520e-002
 5.660350e+000  1.213910e-001  4.827310e-002
 5.663090e+000  1.002630e-001  4.968120e-002
 5.665820e+000  1.327020e-001  4.955910e-002
 5.668560e+000  1.473240e-001  4.898900e-002
 5.671290e+000  9.130490e-002  4.793240e-002
 5.674030e+000  8.959620e-002  4.854600e-002
 5.676760e+000  9.032630e-002  4.887900e-002
 5.679500e+000  1.459920e-001  4.901650e-002
 5.682230e+000  1.566620e-001  4.777310e-002
 5.684970e+000  1.213920e-001  4.846460e-002
 5.687700e+000  9.995020e-002  4.822930e-002
 5.690440e+000  9.669820e-002  4.814060e-002
 5.693170e+000  1.061250e-001  4.676450e-002
 5.695910e+000  1.571150e-001  4.884240e-002
 5.698640e+000  1.020280e-001  4.944030e-002
 5.701380e+000  1.086910e-001  4.919270e-002
 5.704110e+000  1.251020e-001  4.910660e-002
 5.706850e+000  8.808050e-002  4.911880e-002
 5.709580e+000  6.185680e-002  4.909260e-002
 5.712320e+000  3.986460e-002  4.933120e-002
 5.715050e+000  7.417080e-002  4.805740e-002
 5.717790e+000  5.803160e-002  4.888720e-002
 5.720520e+000  9.244320e-002  4.860960e-002
 5.723260e+000  9.605810e-002  4.849020e-002
 5.725990e+000  1.175990e-001  4.761950e-002
 5.728730e+000  7.992730e-002  4.847550e-002
 5.731460e+000  9.697820e-002  4.855650e-002
 5.734200e+000  9.810850e-002  4.937490e-002
 5.736930e+000  1.420570e-001  4.886620e-002
 5.739670e+000  1.292070e-001  4.862950e-002
 5.742400e+000  1.171810e-001  4.921640e-002
 5.745140e+000  1.453060e-001  4.922820e-002
 5.747870e+000  1.378850e-001  4.850760e-002
 5.750610e+000  9.745160e-002  4.928690e-002
 5.753340e+000  1.410120e-001  4.930720e-002
 5.756080e+000  1.723580e-001  4.839500e-002
 5.758820e+000  1.268620e-001  4.962220e-002
 5.761550e+000  9.127210e-002  4.948020e-002
 5.764290e+000  9.241890e-002  4.933310e-002
 5.767020e+000  1.280780e-001  4.837100e-002
 5.769760e+000  9.684670e-002  4.872120e-002
 5.772490e+000  1.235430e-001  4.879890e-002
 5.775230e+000  1.435710e-001  4.870350e-002
 5.777960e+000  1.371080e-001  4.890110e-002
 5.780700e+000  1.101500e-001  4.914450e-002
 5.783430e+000  8.160500e-002  4.897630e-002
 5.786170e+000  1.328750e-001  4.998500e-002
 5.788900e+000  1.272110e-001  4.972490e-002
 5.791640e+000  1.656500e-001  4.857400e-002
 5.794370e+000  9.691700e-002  4.820310e-002
 5.797110e+000  1.376430e-001  4.896950e-002
 5.799840e+000  1.313480e-001  4.857880e-002
 5.802580e+000  9.529320e-002  4.827680e-002
 5.805310e+000  1.040110e-001  4.813050e-002
 5.808050e+000  1.387360e-001  4.887540e-002
 5.810780e+000  1.179690e-001  4.875240e-002
 5.813520e+000  1.437350e-001  4.913710e-002
 5.816250e+000  1.708410e-001  4.898770e-002
 5.818990e+000  1.695030e-001  4.886230e-002
 5.821720e+000  1.156610e-001  4.927670e-002
 5.824460e+000  1.234840e-001  4.947610e-002
 5.827190e+000  1.332690e-001  4.894400e-002
 5.829930e+000  6.211040e-002  4.906030e-002
 5.832660e+000  9.273990e-002  4.907820e-002
 5.835400e+000  7.586290e-002  4.970830e-002
 5.838130e+000  1.255700e-001  4.866620e-002
 5.840870e+000  1.293460e-001  4.893590e-002
 5.843600e+000  9.064830e-002  4.884870e-002
 5.846340e+000  6.616240e-002  4.847760e-002
 5.849070e+000  8.898630e-002  4.910740e-002
 5.851810e+000  7.120460e-002  4.913300e-002
 5.854540e+000  9.097140e-002  4.949660e-002
 5.857280e+000  9.972650e-002  4.897760e-002
 5.860010e+000  8.003520e-002  4.908620e-002
 5.862750e+000  1.303290e-001  4.780340e-002
 5.865480e+000  1.965730e-001  4.778160e-002
 5.868220e+000  1.529670e-001  4.902540e-002
 5.870950e+000  1.575490e-001  4.903580e-002
 5.873690e+000  8.759230e-002  4.821770e-002
 5.876420e+000  9.275900e-002  4.872130e-002
 5.879160e+000  8.004610e-002  4.852150e-002
 5.881890e+000  1.095370e-001  4.872040e-002
 5.884630e+000  1.321400e-001  4.858700e-002
 5.887360e+000  1.395740e-001  4.851930e-002
 5.890100e+000  1.486030e-001  4.991540e-002
 5.892830e+000  1.350680e-001  4.962670e-002
 5.895570e+000  1.131850e-001  4.898840e-002
 5.898300e+000  1.710960e-001  4.860270e-002
 5.901040e+000  9.100090e-002  4.959410e-002
 5.903770e+000  1.346840e-001  4.744750e-002
 5.906510e+000  9.848500e-002  4.871890e-002
 5.909240e+000  5.209850e-002  4.773550e-002
 5.911980e+000  1.364000e-001  4.741050e-002
 5.914710e+000  1.228950e-001  4.823890e-002
 5.917450e+000  7.498830e-002  4.871760e-002
 5.920190e+000  7.218750e-002  5.073200e-002
 5.922920e+000  1.174920e-001  4.913580e-002
 5.925660e+000  7.496210e-002  4.852980e-002
 5.928390e+000  8.087730e-002  4.895750e-002
 5.931130e+000  8.608330e-002  5.013030e-002
 5.933860e+000  1.404620e-001  4.890260e-002
 5.936600e+000  1.388160e-001  4.914860e-002
 5.939330e+000  1.109520e-001  4.758300e-002
 5.942070e+000  9.424380e-002  4.888760e-002
 5.944800e+000  1.339100e-001  4.743970e-002
 5.947540e+000  1.450820e-001  4.837990e-002
 5.950270e+000  1.136040e-001  4.993640e-002
 5.953010e+000  8.797650e-002  4.859460e-002
 5.955740e+000  1.550280e-001  4.978230e-002
 5.958480e+000  1.567770e-001  4.975510e-002
 5.961210e+000  1.322050e-001  5.072350e-002
 5.963950e+000  1.707090e-001  5.128730e-002
 5.966680e+000  1.607540e-001  5.201840e-002
 5.969420e+000  1.382290e-001  5.337460e-002
 5.972150e+000  1.000780e-001  5.676270e-002
 5.974890e+000  1.465450e-001  6.331820e-002
 5.977620e+000  5.218100e-002  6.986070e-002
 5.980360e+000  2.499760e-002  7.134280e-002
 5.983090e+000  4.795650e-003  7.361290e-002
 5.985830e+000  9.373610e-002  7.620110e-002
 5.988560e+000  1.049310e-001  8.038700e-002
 5.991300e+000  1.947520e-001  9.140070e-002
 5.994030e+000  3.090340e-001  9.535850e-002
 5.996770e+000  2.035010e-001  9.517430e-002
 5.999500e+000  2.396480e-001  9.898440e-002
 6.002240e+000  1.128680e-001  1.066230e-001
 6.004970e+000  5.371790e-002  1.108080e-001
 6.007710e+000  1.891630e-001  1.189720e-001
 6.010440e+000  4.276230e-002  1.289750e-001
 6.013180e+000  1.875380e-002  1.453570e-001
 6.015910e+000  2.659900e-001  1.652180e-001
 6.018650e+000  4.802190e-001  2.021230e-001
 6.021380e+000  1.897680e-001  2.783380e-001
parent: xs2m_merge_68-64man.dat
creator: datcrop
creator-version: v0.1 (r2314)
datcrop-operation: Skipped points: 48
