Sample description: primus/qt temporary file
Sample: primus/qt tempo  c= 0 mg/ml  Code: tmp
Parent(s): /Users/SASDBT3_non_extrap.dat
  1.596300e-01   5.561990e+02   7.042240e+00
  1.647000e-01   5.477940e+02   6.162500e+00
  1.697700e-01   5.409450e+02   6.803390e+00
  1.748400e-01   5.343730e+02   6.186780e+00
  1.799000e-01   5.346320e+02   5.896480e+00
  1.849700e-01   5.321230e+02   5.001670e+00
  1.900400e-01   5.200230e+02   5.603500e+00
  1.951100e-01   5.184160e+02   5.280590e+00
  2.001800e-01   5.049980e+02   4.464950e+00
  2.052400e-01   4.964060e+02   5.228510e+00
  2.103100e-01   4.913460e+02   4.628830e+00
  2.153800e-01   4.891940e+02   4.276210e+00
  2.204500e-01   4.806910e+02   4.359290e+00
  2.255100e-01   4.783420e+02   4.281470e+00
  2.305800e-01   4.679220e+02   4.014600e+00
  2.356500e-01   4.629320e+02   4.026360e+00
  2.407200e-01   4.577680e+02   3.565890e+00
  2.457900e-01   4.485350e+02   3.660010e+00
  2.508500e-01   4.431450e+02   3.674220e+00
  2.559200e-01   4.368430e+02   3.261000e+00
  2.609900e-01   4.275340e+02   3.070900e+00
  2.660600e-01   4.259170e+02   3.012000e+00
  2.711200e-01   4.156230e+02   2.864550e+00
  2.761900e-01   4.098360e+02   3.038160e+00
  2.812600e-01   4.029000e+02   2.626940e+00
  2.863300e-01   3.966990e+02   2.539350e+00
  2.913900e-01   3.923310e+02   6.122630e+00
  2.964600e-01   3.844650e+02   2.534080e+00
  3.015300e-01   3.792940e+02   2.430800e+00
  3.066000e-01   3.761020e+02   2.322150e+00
  3.116700e-01   3.693700e+02   2.260360e+00
  3.167300e-01   3.584890e+02   2.274440e+00
  3.218000e-01   3.588310e+02   2.284790e+00
  3.268700e-01   3.492220e+02   2.161750e+00
  3.319400e-01   3.438460e+02   2.003420e+00
  3.370000e-01   3.375140e+02   1.993470e+00
  3.420700e-01   3.362470e+02   2.090160e+00
  3.471400e-01   3.273060e+02   3.059920e+00
  3.522100e-01   3.221090e+02   1.858200e+00
  3.572700e-01   3.175640e+02   1.706780e+00
  3.623400e-01   3.102440e+02   1.737630e+00
  3.674100e-01   3.027100e+02   1.802870e+00
  3.724800e-01   2.994810e+02   1.778520e+00
  3.775500e-01   2.951400e+02   1.642400e+00
  3.826100e-01   2.924860e+02   1.698550e+00
  3.876800e-01   2.842920e+02   1.516670e+00
  3.927500e-01   2.809240e+02   1.543750e+00
  3.978200e-01   2.725550e+02   1.524150e+00
  4.028800e-01   2.705170e+02   1.515590e+00
  4.079500e-01   2.657970e+02   1.553040e+00
  4.130200e-01   2.625450e+02   1.556280e+00
  4.180900e-01   2.565810e+02   1.438330e+00
  4.231500e-01   2.522470e+02   1.427960e+00
  4.282200e-01   2.476430e+02   1.397560e+00
  4.332900e-01   2.453190e+02   1.429390e+00
  4.383600e-01   2.388000e+02   1.336200e+00
  4.434300e-01   2.347850e+02   1.369640e+00
  4.484900e-01   2.308730e+02   1.281470e+00
  4.535600e-01   2.258990e+02   1.373570e+00
  4.586300e-01   2.210810e+02   1.287160e+00
  4.637000e-01   2.177750e+02   1.227920e+00
  4.687600e-01   2.120360e+02   1.271940e+00
  4.738300e-01   2.124640e+02   1.274490e+00
  4.789000e-01   2.065680e+02   1.263360e+00
  4.839700e-01   2.053170e+02   1.202700e+00
  4.890300e-01   2.012290e+02   1.136550e+00
  4.941000e-01   1.986410e+02   1.190570e+00
  4.991700e-01   1.927370e+02   1.234430e+00
  5.042400e-01   1.895270e+02   1.175710e+00
  5.093100e-01   1.857940e+02   1.105980e+00
  5.143700e-01   1.841260e+02   1.134270e+00
  5.194400e-01   1.788810e+02   1.123940e+00
  5.245100e-01   1.758570e+02   1.078460e+00
  5.295800e-01   1.735620e+02   1.056720e+00
  5.346400e-01   1.725010e+02   1.056530e+00
  5.397100e-01   1.694920e+02   1.084520e+00
  5.447800e-01   1.646160e+02   1.036410e+00
  5.498500e-01   1.629340e+02   1.072710e+00
  5.549100e-01   1.591570e+02   1.023050e+00
  5.599800e-01   1.584160e+02   1.017920e+00
  5.650500e-01   1.544060e+02   9.776220e-01
  5.701200e-01   1.519990e+02   9.865090e-01
  5.751900e-01   1.484970e+02   1.024270e+00
  5.802500e-01   1.475280e+02   9.645970e-01
  5.853200e-01   1.459480e+02   9.501440e-01
  5.903900e-01   1.421280e+02   9.599630e-01
  5.954600e-01   1.400300e+02   9.342120e-01
  6.005200e-01   1.384840e+02   9.527040e-01
  6.055900e-01   1.351790e+02   9.504340e-01
  6.106600e-01   1.338780e+02   9.042030e-01
  6.157300e-01   1.306470e+02   8.514580e-01
  6.207900e-01   1.302080e+02   8.895750e-01
  6.258600e-01   1.275940e+02   8.580420e-01
  6.309300e-01   1.253050e+02   8.697620e-01
  6.360000e-01   1.239190e+02   8.881050e-01
  6.410600e-01   1.220950e+02   8.614420e-01
  6.461300e-01   1.204550e+02   8.735030e-01
  6.512000e-01   1.179220e+02   8.822330e-01
  6.562700e-01   1.170200e+02   8.715340e-01
  6.613400e-01   1.128230e+02   8.320960e-01
  6.664000e-01   1.122730e+02   8.045740e-01
  6.714700e-01   1.107090e+02   8.413110e-01
  6.765400e-01   1.093000e+02   8.293540e-01
  6.816100e-01   1.086510e+02   8.401860e-01
  6.866700e-01   1.057160e+02   8.647730e-01
  6.917400e-01   1.054710e+02   7.966120e-01
  6.968100e-01   1.022780e+02   7.869040e-01
  7.018800e-01   1.015510e+02   7.844130e-01
  7.069400e-01   1.004370e+02   7.662830e-01
  7.120100e-01   9.838150e+01   7.596490e-01
  7.170800e-01   9.696070e+01   8.137290e-01
  7.221500e-01   9.573670e+01   7.726350e-01
  7.272100e-01   9.436850e+01   7.656710e-01
  7.322800e-01   9.283960e+01   7.568180e-01
  7.373500e-01   9.179610e+01   7.233560e-01
  7.424200e-01   9.029420e+01   7.736430e-01
  7.474800e-01   8.965780e+01   8.605970e-01
  7.525500e-01   8.904330e+01   7.393160e-01
  7.576200e-01   8.680700e+01   7.225290e-01
  7.626900e-01   8.611190e+01   7.222260e-01
  7.677600e-01   8.300470e+01   7.573130e-01
  7.728200e-01   8.307050e+01   7.517980e-01
  7.778900e-01   8.217420e+01   7.218800e-01
  7.829600e-01   8.082520e+01   6.926480e-01
  7.880300e-01   8.025910e+01   7.206960e-01
  7.930900e-01   7.770640e+01   7.080810e-01
  7.981600e-01   7.704600e+01   6.891220e-01
  8.032300e-01   7.555170e+01   7.270410e-01
  8.083000e-01   7.609420e+01   6.760230e-01
  8.133600e-01   7.402090e+01   6.780230e-01
  8.184300e-01   7.232590e+01   6.641320e-01
  8.235000e-01   7.210460e+01   6.740030e-01
  8.285700e-01   7.206590e+01   6.621370e-01
  8.336300e-01   7.084210e+01   6.875500e-01
  8.387000e-01   6.920590e+01   6.421240e-01
  8.437700e-01   6.855720e+01   6.439530e-01
  8.488400e-01   6.651750e+01   6.367790e-01
  8.539000e-01   6.694040e+01   6.522950e-01
  8.589700e-01   6.510000e+01   6.433190e-01
  8.640400e-01   6.464500e+01   6.378740e-01
  8.691100e-01   6.423520e+01   6.277920e-01
  8.741700e-01   6.288570e+01   6.183030e-01
  8.792400e-01   6.185390e+01   6.500080e-01
  8.843100e-01   6.175140e+01   6.370490e-01
  8.893800e-01   6.119200e+01   6.420630e-01
  8.944400e-01   5.914180e+01   5.973460e-01
  8.995100e-01   5.805200e+01   6.254100e-01
  9.045800e-01   5.727560e+01   5.896770e-01
  9.096500e-01   5.716780e+01   6.110160e-01
  9.147100e-01   5.497240e+01   5.846980e-01
  9.197800e-01   5.490840e+01   5.943450e-01
  9.248500e-01   5.379940e+01   5.978880e-01
  9.299200e-01   5.362720e+01   6.035020e-01
  9.349800e-01   5.274670e+01   5.849480e-01
  9.400500e-01   5.166470e+01   5.764070e-01
  9.451200e-01   5.187960e+01   5.822400e-01
  9.501900e-01   5.108930e+01   6.074470e-01
  9.552500e-01   4.913200e+01   5.635000e-01
  9.603200e-01   4.943990e+01   5.752270e-01
  9.653900e-01   4.906560e+01   5.646590e-01
  9.704600e-01   4.771650e+01   5.806560e-01
  9.755200e-01   4.758090e+01   5.616340e-01
  9.805900e-01   4.602800e+01   5.720720e-01
  9.856600e-01   4.489750e+01   5.620160e-01
  9.907300e-01   4.500750e+01   5.803650e-01
  9.957900e-01   4.414970e+01   5.577750e-01
  1.000860e+00   4.361310e+01   5.670890e-01
  1.005930e+00   4.373190e+01   5.664130e-01
  1.011000e+00   4.223360e+01   5.445090e-01
  1.016060e+00   4.263970e+01   5.272450e-01
  1.021130e+00   4.082310e+01   5.393150e-01
  1.026200e+00   4.074470e+01   5.408790e-01
  1.031270e+00   4.055410e+01   5.559660e-01
  1.036330e+00   3.935340e+01   5.489530e-01
  1.041400e+00   3.948180e+01   5.311120e-01
  1.046470e+00   3.827870e+01   5.503420e-01
  1.051540e+00   3.749330e+01   5.412720e-01
  1.056600e+00   3.695550e+01   5.346120e-01
  1.061670e+00   3.655810e+01   5.182820e-01
  1.066740e+00   3.651210e+01   5.378030e-01
  1.071810e+00   3.522970e+01   5.429330e-01
  1.076870e+00   3.423890e+01   5.426300e-01
  1.081940e+00   3.506330e+01   5.035500e-01
  1.087010e+00   3.468750e+01   5.198840e-01
  1.092080e+00   3.422290e+01   5.181380e-01
  1.097140e+00   3.293860e+01   5.200450e-01
  1.102210e+00   3.387390e+01   5.004630e-01
  1.107280e+00   3.210890e+01   4.903970e-01
  1.112350e+00   3.191690e+01   5.023130e-01
  1.117410e+00   3.182210e+01   5.128740e-01
  1.122480e+00   3.152210e+01   4.815240e-01
  1.127550e+00   3.126290e+01   5.094250e-01
  1.132620e+00   3.018280e+01   5.051400e-01
  1.137680e+00   3.014030e+01   4.890280e-01
  1.142750e+00   2.941870e+01   4.719030e-01
  1.147820e+00   3.036090e+01   5.055170e-01
  1.152890e+00   2.955380e+01   5.092100e-01
  1.157950e+00   2.943000e+01   5.006020e-01
  1.163020e+00   2.810580e+01   4.963650e-01
  1.168090e+00   2.847350e+01   5.052390e-01
  1.173160e+00   2.741820e+01   4.806870e-01
  1.178220e+00   2.859650e+01   4.822670e-01
  1.183290e+00   2.633930e+01   4.944200e-01
  1.188360e+00   2.674670e+01   4.958540e-01
  1.193420e+00   2.597580e+01   4.981720e-01
  1.198490e+00   2.665760e+01   5.091540e-01
  1.203560e+00   2.652800e+01   5.249730e-01
  1.208630e+00   2.673860e+01   5.169330e-01
  1.213690e+00   2.569790e+01   4.937570e-01
  1.218760e+00   2.462630e+01   4.969030e-01
  1.223830e+00   2.491470e+01   5.216960e-01
  1.228900e+00   2.529460e+01   5.820080e-01
  1.233960e+00   2.391630e+01   5.165520e-01
  1.239030e+00   2.371320e+01   5.003730e-01
  1.244100e+00   2.362560e+01   5.160780e-01
  1.249170e+00   2.354390e+01   5.325440e-01
  1.254230e+00   2.344950e+01   5.087390e-01
  1.259300e+00   2.390610e+01   5.278070e-01
  1.264370e+00   2.303700e+01   5.044270e-01
  1.269440e+00   2.305920e+01   5.124360e-01
  1.274500e+00   2.219180e+01   5.117680e-01
  1.279570e+00   2.243950e+01   4.961150e-01
  1.284640e+00   2.150990e+01   5.065520e-01
  1.289700e+00   2.164640e+01   5.217760e-01
  1.294770e+00   2.243660e+01   4.963900e-01
  1.299840e+00   2.160870e+01   4.835110e-01
  1.304910e+00   2.167470e+01   4.766430e-01
  1.309970e+00   2.186840e+01   4.832920e-01
  1.315040e+00   2.136110e+01   4.832110e-01
  1.320110e+00   2.114370e+01   4.777880e-01
  1.325180e+00   2.104830e+01   4.817390e-01
  1.330240e+00   2.085400e+01   4.737270e-01
  1.335310e+00   2.104090e+01   4.664990e-01
  1.340380e+00   2.017110e+01   4.735100e-01
  1.345450e+00   1.978080e+01   4.681950e-01
  1.350510e+00   1.931800e+01   4.627780e-01
  1.355580e+00   2.013030e+01   4.763920e-01
  1.360650e+00   2.009330e+01   4.587120e-01
  1.365710e+00   2.032260e+01   4.721680e-01
  1.370780e+00   1.924320e+01   4.762430e-01
  1.375850e+00   1.932560e+01   4.691020e-01
  1.380920e+00   1.855660e+01   4.812950e-01
  1.385980e+00   1.962530e+01   4.537500e-01
  1.391050e+00   1.836720e+01   4.524170e-01
  1.396120e+00   1.855900e+01   4.550910e-01
  1.401190e+00   1.853680e+01   4.645590e-01
  1.406250e+00   1.841870e+01   4.503450e-01
  1.411320e+00   1.814280e+01   4.605480e-01
  1.416390e+00   1.926290e+01   4.348570e-01
  1.421450e+00   1.814820e+01   4.433900e-01
  1.426520e+00   1.858110e+01   4.319050e-01
  1.431590e+00   1.798770e+01   4.361180e-01
  1.436660e+00   1.769980e+01   4.264220e-01
  1.441720e+00   1.768160e+01   4.283440e-01
  1.446790e+00   1.730290e+01   4.431060e-01
  1.451860e+00   1.737860e+01   4.411160e-01
  1.456920e+00   1.724240e+01   4.382890e-01
  1.461990e+00   1.674110e+01   4.343060e-01
  1.467060e+00   1.686480e+01   4.300920e-01
  1.472130e+00   1.640240e+01   4.377630e-01
  1.477190e+00   1.646530e+01   4.245170e-01
  1.482260e+00   1.582120e+01   4.394210e-01
  1.487330e+00   1.619370e+01   4.306040e-01
  1.492400e+00   1.572090e+01   4.221010e-01
  1.497460e+00   1.638220e+01   4.335600e-01
  1.502530e+00   1.630400e+01   4.285150e-01
  1.507600e+00   1.609790e+01   4.237710e-01
  1.512660e+00   1.512960e+01   4.119050e-01
  1.517730e+00   1.638410e+01   4.159330e-01
  1.522800e+00   1.530050e+01   4.137640e-01
  1.527870e+00   1.498350e+01   4.190410e-01
  1.532930e+00   1.486430e+01   4.312520e-01
  1.538000e+00   1.452500e+01   4.193090e-01
  1.543070e+00   1.459550e+01   4.139690e-01
  1.548130e+00   1.444830e+01   4.073060e-01
  1.553200e+00   1.462050e+01   4.093750e-01
  1.558270e+00   1.454350e+01   4.114010e-01
  1.563340e+00   1.360770e+01   4.086570e-01
  1.568400e+00   1.398470e+01   4.120750e-01
  1.573470e+00   1.452500e+01   4.127250e-01
  1.578540e+00   1.359310e+01   3.975590e-01
  1.583600e+00   1.419340e+01   4.058630e-01
  1.588670e+00   1.331440e+01   4.152380e-01
  1.593740e+00   1.336910e+01   4.094190e-01
  1.598810e+00   1.331170e+01   4.105000e-01
  1.603870e+00   1.314560e+01   3.945360e-01
  1.608940e+00   1.324380e+01   3.986930e-01
  1.614010e+00   1.306310e+01   4.047750e-01
  1.619070e+00   1.295220e+01   3.959740e-01
  1.624140e+00   1.234080e+01   4.053290e-01
  1.629210e+00   1.256630e+01   4.053290e-01
  1.634270e+00   1.224600e+01   3.963660e-01
  1.639340e+00   1.226050e+01   3.962560e-01
  1.644410e+00   1.190630e+01   4.023640e-01
  1.649480e+00   1.265060e+01   4.014960e-01
  1.654540e+00   1.156440e+01   3.990410e-01
  1.659610e+00   1.141560e+01   3.968660e-01
  1.664680e+00   1.229600e+01   3.906940e-01
  1.669740e+00   1.113010e+01   3.985610e-01
  1.674810e+00   1.178670e+01   3.941070e-01
  1.679880e+00   1.099530e+01   3.827360e-01
  1.684950e+00   1.100780e+01   3.801660e-01
  1.690010e+00   1.069060e+01   3.893090e-01
  1.695080e+00   1.130730e+01   3.904410e-01
  1.700150e+00   1.155590e+01   3.906800e-01
  1.705210e+00   1.071410e+01   3.860420e-01
  1.710280e+00   1.062820e+01   3.810040e-01
  1.715350e+00   1.064300e+01   3.729640e-01
  1.720410e+00   1.012280e+01   3.751750e-01
  1.725480e+00   1.018350e+01   3.837510e-01
  1.730550e+00   1.011520e+01   3.740970e-01
  1.735620e+00   1.010180e+01   3.765120e-01
  1.740680e+00   9.661620e+00   3.734200e-01
  1.745750e+00   1.014160e+01   3.823190e-01
  1.750820e+00   1.018380e+01   3.773230e-01
  1.755880e+00   9.620450e+00   3.739840e-01
  1.760950e+00   9.217240e+00   3.780290e-01
  1.766020e+00   9.552390e+00   3.720620e-01
  1.771080e+00   9.227180e+00   3.712610e-01
  1.776150e+00   8.947100e+00   3.723860e-01
  1.781220e+00   8.940620e+00   3.709360e-01
  1.786290e+00   9.357590e+00   3.766110e-01
  1.791350e+00   8.880870e+00   3.765800e-01
  1.796420e+00   8.957660e+00   3.700980e-01
  1.801490e+00   9.001600e+00   3.772530e-01
  1.806550e+00   8.597810e+00   3.665190e-01
  1.811620e+00   8.765920e+00   3.851320e-01
  1.816690e+00   8.485270e+00   3.722670e-01
  1.821750e+00   8.729320e+00   3.618380e-01
  1.826820e+00   8.468990e+00   3.618380e-01
  1.831890e+00   8.216190e+00   3.656080e-01
  1.836950e+00   8.287650e+00   3.591590e-01
  1.842020e+00   7.637390e+00   3.579280e-01
  1.847090e+00   8.125770e+00   3.649790e-01
  1.852160e+00   8.249840e+00   3.643820e-01
  1.857220e+00   8.219980e+00   3.514520e-01
  1.862290e+00   8.102930e+00   3.584230e-01
  1.867360e+00   7.775380e+00   3.493710e-01
  1.872420e+00   7.484230e+00   3.703730e-01
  1.877490e+00   7.684190e+00   3.523110e-01
  1.882560e+00   7.072730e+00   3.550840e-01
  1.887620e+00   7.458470e+00   3.659770e-01
  1.892690e+00   7.336660e+00   3.603970e-01
  1.897760e+00   7.458330e+00   3.506840e-01
  1.902820e+00   7.066180e+00   3.489060e-01
  1.907890e+00   7.623740e+00   3.544570e-01
  1.912960e+00   7.130960e+00   3.461840e-01
  1.918020e+00   7.423060e+00   3.417300e-01
  1.923090e+00   7.081730e+00   3.494060e-01
  1.928160e+00   6.743410e+00   3.473870e-01
  1.933230e+00   6.563030e+00   3.459150e-01
  1.938290e+00   6.444030e+00   3.522550e-01
  1.943360e+00   6.661970e+00   3.506600e-01
  1.948430e+00   6.959730e+00   3.536350e-01
  1.953490e+00   6.812680e+00   3.465740e-01
  1.958560e+00   6.771190e+00   3.434490e-01
  1.963630e+00   6.818350e+00   3.479550e-01
  1.968690e+00   6.550580e+00   3.460720e-01
  1.973760e+00   6.477760e+00   3.469530e-01
  1.978830e+00   6.591430e+00   3.402050e-01
  1.983890e+00   6.489600e+00   3.445200e-01
  1.988960e+00   6.558480e+00   3.380760e-01
  1.994030e+00   5.817650e+00   3.369280e-01
  1.999090e+00   6.024030e+00   3.320650e-01
  2.004160e+00   6.699240e+00   3.436470e-01
  2.009230e+00   6.349350e+00   3.358500e-01
  2.014290e+00   6.324540e+00   3.387440e-01
  2.019360e+00   5.932900e+00   3.391680e-01
  2.024430e+00   5.998930e+00   3.368500e-01
  2.029490e+00   6.058270e+00   3.383290e-01
  2.034560e+00   6.079080e+00   3.408330e-01
  2.039630e+00   6.115240e+00   3.396070e-01
  2.044690e+00   5.530970e+00   3.387160e-01
  2.049760e+00   6.160540e+00   3.542520e-01
  2.054830e+00   6.311750e+00   3.470970e-01
  2.059890e+00   5.684300e+00   3.403130e-01
  2.064960e+00   5.660900e+00   3.508010e-01
  2.070030e+00   5.713110e+00   3.212100e-01
  2.075090e+00   5.661890e+00   3.214590e-01
  2.080160e+00   5.832120e+00   3.536010e-01
  2.085230e+00   5.349430e+00   3.373720e-01
  2.090290e+00   5.301320e+00   3.283250e-01
  2.095360e+00   5.420810e+00   3.237640e-01
  2.100430e+00   5.736190e+00   3.289400e-01
  2.105490e+00   5.009720e+00   3.302870e-01
  2.110560e+00   5.213390e+00   3.292660e-01
  2.115630e+00   5.026680e+00   3.395590e-01
  2.120690e+00   5.209420e+00   3.354840e-01
  2.125760e+00   5.451410e+00   3.257190e-01
  2.130830e+00   5.454200e+00   3.306140e-01
  2.135890e+00   5.483550e+00   3.274700e-01
  2.140960e+00   5.019950e+00   3.347920e-01
  2.146030e+00   5.395450e+00   3.286050e-01
  2.151090e+00   5.442700e+00   3.322260e-01
  2.156160e+00   4.642420e+00   3.262490e-01
  2.161230e+00   4.996300e+00   3.315860e-01
  2.166290e+00   5.248420e+00   3.201330e-01
  2.171360e+00   5.287690e+00   3.265640e-01
  2.176430e+00   5.169500e+00   3.402070e-01
  2.181490e+00   4.662170e+00   3.269220e-01
  2.186560e+00   4.907410e+00   3.209530e-01
  2.191630e+00   4.740490e+00   3.370340e-01
  2.196690e+00   4.596990e+00   3.266110e-01
  2.201760e+00   5.444980e+00   3.249370e-01
  2.206830e+00   5.105040e+00   3.206830e-01
  2.211890e+00   4.721020e+00   3.272200e-01
  2.216960e+00   5.612160e+00   3.174670e-01
  2.222030e+00   4.757770e+00   3.171280e-01
  2.227090e+00   4.488210e+00   3.137110e-01
  2.232160e+00   4.624280e+00   3.195840e-01
  2.237220e+00   4.659140e+00   3.248960e-01
  2.242290e+00   4.803760e+00   3.187440e-01
  2.247360e+00   4.763620e+00   3.094430e-01
  2.252420e+00   5.038340e+00   3.191820e-01
  2.257490e+00   4.875890e+00   3.322770e-01
  2.262560e+00   5.075710e+00   3.240550e-01
  2.267620e+00   4.533670e+00   3.186320e-01
  2.272690e+00   4.654540e+00   3.192480e-01
  2.277760e+00   4.187740e+00   3.206330e-01
  2.282820e+00   4.440170e+00   3.158800e-01
  2.287890e+00   4.849960e+00   3.321200e-01
  2.292960e+00   4.372630e+00   3.134280e-01
  2.298020e+00   4.629920e+00   3.101890e-01
  2.303090e+00   4.841120e+00   3.239280e-01
  2.308160e+00   4.634910e+00   3.184410e-01
  2.313220e+00   3.988980e+00   3.121220e-01
  2.318290e+00   4.229540e+00   3.127410e-01
  2.323350e+00   4.500250e+00   3.075580e-01
  2.328420e+00   4.952360e+00   3.160080e-01
  2.333490e+00   4.335200e+00   3.081980e-01
  2.338550e+00   4.212090e+00   3.110040e-01
  2.343620e+00   4.345790e+00   3.153540e-01
  2.348690e+00   3.809550e+00   3.050650e-01
  2.353750e+00   4.127740e+00   3.082720e-01
  2.358820e+00   4.395020e+00   3.149460e-01
  2.363890e+00   4.530310e+00   3.100730e-01
  2.368950e+00   4.184540e+00   3.089220e-01
  2.374020e+00   4.098050e+00   3.056680e-01
  2.379080e+00   4.036360e+00   3.006980e-01
  2.384150e+00   4.372240e+00   3.068710e-01
  2.389220e+00   4.451870e+00   3.039400e-01
  2.394280e+00   4.249140e+00   3.090630e-01
  2.399350e+00   4.538460e+00   3.091180e-01
  2.404420e+00   4.002290e+00   3.070560e-01
  2.409480e+00   3.938860e+00   3.101290e-01
  2.414550e+00   4.374490e+00   3.014670e-01
  2.419620e+00   4.313290e+00   3.107670e-01
  2.424680e+00   3.889580e+00   3.062800e-01
  2.429750e+00   4.057750e+00   3.140800e-01
  2.434810e+00   3.708850e+00   3.166370e-01
  2.439880e+00   3.616280e+00   3.181880e-01
  2.444950e+00   3.322700e+00   3.149390e-01
  2.450010e+00   3.520160e+00   3.149390e-01
  2.455080e+00   4.117820e+00   3.283970e-01
  2.460150e+00   3.622050e+00   3.274990e-01
  2.465210e+00   3.564280e+00   3.227100e-01
  2.470280e+00   3.794010e+00   3.290990e-01
  2.475340e+00   3.688440e+00   3.217540e-01
  2.480410e+00   3.323620e+00   3.228940e-01
  2.485480e+00   3.752400e+00   3.327910e-01
  2.490540e+00   3.193540e+00   3.258870e-01
  2.495610e+00   3.435610e+00   3.179380e-01
  2.500680e+00   3.307600e+00   3.300780e-01
  2.505740e+00   4.100970e+00   3.259090e-01
  2.510810e+00   3.823780e+00   3.434400e-01
  2.515870e+00   4.351810e+00   3.238270e-01
  2.520940e+00   3.703820e+00   3.302580e-01
  2.526010e+00   3.743860e+00   3.233140e-01
  2.531070e+00   3.659070e+00   3.310970e-01
  2.536140e+00   3.721370e+00   3.320620e-01
  2.541200e+00   3.552910e+00   3.320620e-01
  2.546270e+00   3.708300e+00   3.292210e-01
  2.551340e+00   3.561700e+00   3.286760e-01
  2.556400e+00   3.345720e+00   3.250170e-01
  2.561470e+00   4.166790e+00   3.321920e-01
  2.566540e+00   3.451400e+00   3.268860e-01
  2.571600e+00   3.698050e+00   3.334100e-01
  2.576670e+00   3.633220e+00   3.307800e-01
  2.581730e+00   3.585700e+00   3.317040e-01
  2.586800e+00   3.480900e+00   3.241800e-01
  2.591870e+00   3.216970e+00   3.289940e-01
  2.596930e+00   3.345480e+00   3.320570e-01
  2.602000e+00   3.489680e+00   3.285670e-01
  2.607060e+00   3.407390e+00   3.305890e-01
  2.612130e+00   3.632480e+00   3.301460e-01
  2.617200e+00   3.502210e+00   3.288630e-01
  2.622260e+00   3.317230e+00   3.307500e-01
  2.627330e+00   3.390230e+00   3.259900e-01
  2.632390e+00   3.800030e+00   3.279460e-01
  2.637460e+00   3.105800e+00   3.284230e-01
  2.642530e+00   3.597920e+00   3.364500e-01
  2.647590e+00   3.227930e+00   3.308150e-01
  2.652660e+00   3.277440e+00   3.339830e-01
  2.657720e+00   2.873810e+00   3.230990e-01
  2.662790e+00   3.422450e+00   3.225200e-01
  2.667860e+00   3.278780e+00   3.274250e-01
  2.672920e+00   3.611530e+00   3.492560e-01
  2.677990e+00   3.430970e+00   3.345280e-01
  2.683050e+00   3.314270e+00   3.257600e-01
  2.688120e+00   3.719590e+00   3.240540e-01
  2.693190e+00   3.273310e+00   3.237070e-01
  2.698250e+00   2.908060e+00   3.369760e-01
  2.703320e+00   3.412800e+00   3.277290e-01
  2.708380e+00   3.168950e+00   3.363590e-01
  2.713450e+00   2.790920e+00   3.308100e-01
  2.718520e+00   3.346830e+00   3.242650e-01
  2.723580e+00   3.137330e+00   3.793910e-01
  2.728650e+00   2.710740e+00   3.274520e-01
  2.733710e+00   3.420140e+00   3.296730e-01
  2.738780e+00   3.308430e+00   3.326320e-01
  2.743850e+00   3.076480e+00   3.378530e-01
  2.748910e+00   3.210660e+00   3.277790e-01
  2.753980e+00   2.739600e+00   3.277790e-01
  2.759040e+00   2.656600e+00   3.300460e-01
  2.764110e+00   3.790850e+00   3.402160e-01
  2.769170e+00   3.805000e+00   3.361400e-01
  2.774240e+00   3.249320e+00   3.392800e-01
  2.779310e+00   3.602340e+00   3.311020e-01
  2.784370e+00   3.402760e+00   3.311990e-01
  2.789440e+00   3.200180e+00   3.354530e-01
  2.794500e+00   2.815070e+00   3.241870e-01
  2.799570e+00   2.857750e+00   3.241870e-01
  2.804640e+00   2.924500e+00   3.346910e-01
  2.809700e+00   2.922740e+00   3.503470e-01
  2.814770e+00   2.761760e+00   3.329960e-01
  2.819830e+00   2.666970e+00   3.284490e-01
  2.824900e+00   3.409300e+00   3.283870e-01
  2.829960e+00   2.859400e+00   3.304510e-01
  2.835030e+00   2.609740e+00   3.353830e-01
  2.840100e+00   3.086080e+00   3.356050e-01
  2.845160e+00   3.128940e+00   3.260300e-01
  2.850230e+00   2.706210e+00   3.333610e-01
  2.855290e+00   3.062230e+00   3.336120e-01
  2.860360e+00   3.044990e+00   3.262780e-01
  2.865420e+00   2.652320e+00   3.312700e-01
  2.870490e+00   3.161640e+00   3.312700e-01
  2.875560e+00   2.832280e+00   3.413610e-01
  2.880620e+00   3.202300e+00   3.296750e-01
  2.885690e+00   3.087980e+00   3.298350e-01
  2.890750e+00   2.613660e+00   3.335860e-01
  2.895820e+00   2.974900e+00   3.410860e-01
  2.900880e+00   2.687470e+00   3.352960e-01
  2.905950e+00   2.992650e+00   3.250170e-01
  2.911020e+00   2.607000e+00   3.292550e-01
  2.916080e+00   3.111210e+00   3.329070e-01
  2.921150e+00   2.636800e+00   3.310030e-01
  2.926210e+00   2.744270e+00   3.299420e-01
  2.931280e+00   2.597390e+00   3.363540e-01
  2.936340e+00   2.526530e+00   3.299250e-01
  2.941410e+00   2.753360e+00   3.275330e-01
  2.946470e+00   3.215510e+00   3.284110e-01
  2.951540e+00   3.006830e+00   3.351570e-01
  2.956610e+00   3.110430e+00   3.341720e-01
  2.961670e+00   3.271500e+00   3.293570e-01
  2.966740e+00   2.864530e+00   3.320480e-01
  2.971800e+00   2.490710e+00   3.331530e-01
  2.976870e+00   3.005140e+00   3.214070e-01
  2.981930e+00   3.100240e+00   3.269840e-01
  2.987000e+00   2.623360e+00   3.350280e-01
  2.992070e+00   2.973230e+00   3.305390e-01
  2.997130e+00   2.095360e+00   3.311200e-01
  3.002200e+00   2.610660e+00   3.306020e-01
  3.007260e+00   3.483780e+00   3.380250e-01
  3.012330e+00   3.249270e+00   3.372770e-01
  3.017390e+00   2.747230e+00   3.341270e-01
  3.022460e+00   2.703910e+00   3.371920e-01
  3.027520e+00   2.644620e+00   3.362740e-01
  3.032590e+00   3.002360e+00   3.489420e-01
  3.037650e+00   2.519750e+00   3.369240e-01
  3.042720e+00   3.060370e+00   3.537120e-01
  3.047790e+00   3.105270e+00   3.521720e-01
  3.052850e+00   2.688140e+00   3.478470e-01
  3.057920e+00   2.698910e+00   3.437420e-01
  3.062980e+00   2.292840e+00   3.359970e-01
  3.068050e+00   2.691440e+00   3.355390e-01
  3.073110e+00   3.656420e+00   3.453850e-01
  3.078180e+00   2.821240e+00   3.420570e-01
  3.083240e+00   2.972060e+00   3.395010e-01
  3.088310e+00   2.662510e+00   3.360110e-01
  3.093370e+00   2.654740e+00   3.431220e-01
  3.098440e+00   2.591210e+00   3.352110e-01
  3.103500e+00   3.359080e+00   3.367700e-01
  3.108570e+00   3.392840e+00   3.433840e-01
  3.113640e+00   3.147260e+00   3.433840e-01
  3.118700e+00   3.263760e+00   3.432240e-01
  3.123770e+00   2.682770e+00   3.452620e-01
  3.128830e+00   2.935600e+00   3.449810e-01
  3.133900e+00   2.410440e+00   3.469150e-01
  3.138960e+00   3.123500e+00   3.475760e-01
  3.144030e+00   2.687270e+00   3.478270e-01
  3.149090e+00   2.803140e+00   3.505720e-01
  3.154160e+00   3.328210e+00   3.428200e-01
  3.159220e+00   2.863050e+00   3.428200e-01
  3.164290e+00   2.900700e+00   3.472990e-01
  3.169350e+00   3.207850e+00   3.386120e-01
  3.174420e+00   2.672370e+00   3.447210e-01
  3.179480e+00   2.861670e+00   3.522680e-01
  3.184550e+00   3.009710e+00   3.522680e-01
  3.189610e+00   2.936980e+00   3.510860e-01
  3.194680e+00   2.735730e+00   3.449490e-01
  3.199750e+00   2.751170e+00   3.549090e-01
  3.204810e+00   2.622020e+00   3.409260e-01
  3.209880e+00   2.533510e+00   3.502870e-01
  3.214940e+00   2.953150e+00   3.498540e-01
  3.220010e+00   2.917100e+00   3.448550e-01
  3.225070e+00   2.954850e+00   3.432310e-01
  3.230140e+00   3.003140e+00   3.553050e-01
  3.235200e+00   3.005020e+00   3.440160e-01
  3.240270e+00   3.137530e+00   3.434400e-01
  3.245330e+00   3.104140e+00   3.351180e-01
  3.250400e+00   2.863180e+00   3.441310e-01
  3.255460e+00   2.714230e+00   3.421650e-01
  3.260530e+00   3.291400e+00   3.397980e-01
  3.265590e+00   2.609640e+00   3.415450e-01
  3.270660e+00   2.907530e+00   3.449870e-01
  3.275720e+00   2.997630e+00   3.475960e-01
  3.280790e+00   2.563970e+00   3.357970e-01
  3.285850e+00   2.606390e+00   3.440960e-01
  3.290920e+00   2.930990e+00   3.438330e-01
  3.295980e+00   2.816990e+00   3.462660e-01
  3.301050e+00   2.745440e+00   3.383500e-01
  3.306110e+00   3.277270e+00   3.386550e-01
  3.311180e+00   2.643990e+00   3.375510e-01
  3.316240e+00   2.831990e+00   3.393890e-01
  3.321310e+00   2.880280e+00   3.380060e-01
  3.326370e+00   3.056850e+00   3.382400e-01
  3.331440e+00   3.554220e+00   3.432370e-01
  3.336500e+00   2.816490e+00   3.336160e-01
  3.341570e+00   3.018270e+00   3.401770e-01
  3.346630e+00   2.834680e+00   3.438450e-01
  3.351700e+00   2.774390e+00   3.405730e-01
  3.356760e+00   2.674220e+00   3.469310e-01
  3.361830e+00   2.535500e+00   3.505810e-01
  3.366890e+00   3.037360e+00   3.509140e-01
  3.371960e+00   3.061660e+00   3.410980e-01
  3.377020e+00   2.795540e+00   3.396960e-01
  3.382090e+00   2.995370e+00   3.395370e-01
  3.387150e+00   3.026480e+00   3.370540e-01
  3.392220e+00   2.875880e+00   3.458280e-01
  3.397280e+00   3.090000e+00   3.386870e-01
  3.402350e+00   3.232410e+00   3.497220e-01
  3.407410e+00   2.881800e+00   3.497220e-01
  3.412480e+00   2.689890e+00   3.365680e-01
  3.417540e+00   3.183380e+00   3.472280e-01
  3.422610e+00   2.633250e+00   3.510670e-01
  3.427670e+00   2.953450e+00   3.478950e-01
  3.432740e+00   3.281860e+00   3.430820e-01
  3.437800e+00   2.818330e+00   3.355600e-01
  3.442870e+00   2.530350e+00   3.535650e-01
  3.447930e+00   2.662240e+00   3.436410e-01
  3.453000e+00   2.898640e+00   3.465880e-01
  3.458060e+00   2.807830e+00   3.552190e-01
  3.463130e+00   2.507090e+00   3.521610e-01
  3.468190e+00   3.073400e+00   3.422620e-01
  3.473250e+00   3.027200e+00   3.490350e-01
  3.478320e+00   3.223990e+00   3.440340e-01
  3.483380e+00   2.755800e+00   3.569530e-01
  3.488450e+00   2.816190e+00   3.719740e-01
  3.493510e+00   2.846540e+00   3.601060e-01
  3.498580e+00   3.044940e+00   3.536630e-01
  3.503640e+00   2.770860e+00   3.651950e-01
  3.508710e+00   3.169620e+00   3.587350e-01
  3.513770e+00   2.856720e+00   3.709380e-01
  3.518840e+00   3.000570e+00   3.529520e-01
  3.523900e+00   2.265660e+00   3.607880e-01
  3.528970e+00   2.640030e+00   3.638140e-01
  3.534030e+00   2.837340e+00   3.630040e-01
  3.539100e+00   3.180690e+00   3.743190e-01
  3.544160e+00   3.027520e+00   3.620760e-01
  3.549230e+00   2.847110e+00   3.714000e-01
  3.554290e+00   2.820980e+00   3.654730e-01
  3.559350e+00   3.313130e+00   3.650270e-01
  3.564420e+00   3.152530e+00   3.672970e-01
  3.569480e+00   3.382250e+00   3.629070e-01
  3.574550e+00   2.767740e+00   3.620470e-01
  3.579610e+00   3.111070e+00   3.782510e-01
  3.584680e+00   2.947120e+00   4.439120e-01
  3.589740e+00   3.094560e+00   3.991930e-01
  3.594810e+00   2.637340e+00   3.719700e-01
  3.599870e+00   2.713770e+00   3.719700e-01
  3.604940e+00   2.942170e+00   3.721700e-01
  3.610000e+00   3.169320e+00   3.816500e-01
  3.615060e+00   2.944060e+00   3.819350e-01
  3.620130e+00   3.514450e+00   4.008040e-01
  3.625190e+00   3.334150e+00   3.811160e-01
  3.630260e+00   2.697240e+00   3.813790e-01
  3.635320e+00   2.766720e+00   3.812760e-01
  3.640390e+00   2.667500e+00   3.951230e-01
  3.645450e+00   3.275500e+00   4.397450e-01
  3.650520e+00   2.805330e+00   3.874340e-01
  3.655580e+00   3.420530e+00   3.921620e-01
  3.660640e+00   3.281390e+00   4.197550e-01
  3.665710e+00   2.740490e+00   4.532500e-01
  3.670770e+00   2.978990e+00   4.059750e-01
  3.675840e+00   3.261880e+00   4.244180e-01
  3.680900e+00   3.173930e+00   4.485430e-01
  3.685970e+00   2.346870e+00   4.212330e-01
  3.691030e+00   3.492370e+00   4.356380e-01
  3.696100e+00   3.507170e+00   4.369840e-01
  3.701160e+00   3.217840e+00   4.409890e-01
  3.706220e+00   3.527550e+00   4.393170e-01
  3.711290e+00   3.288980e+00   4.638550e-01
  3.716350e+00   3.029290e+00   4.631800e-01
  3.721420e+00   3.492630e+00   4.592520e-01
  3.726480e+00   3.470010e+00   4.639530e-01
  3.731550e+00   2.747410e+00   4.670690e-01
  3.736610e+00   3.433470e+00   4.606230e-01
  3.741670e+00   2.760590e+00   4.796420e-01
  3.746740e+00   3.444570e+00   4.595460e-01
  3.751800e+00   3.552130e+00   4.731850e-01
  3.756870e+00   3.032330e+00   4.545150e-01
  3.761930e+00   2.561420e+00   4.601040e-01
  3.767000e+00   3.520770e+00   6.924980e-01
  3.772060e+00   2.841410e+00   4.786430e-01
  3.777120e+00   2.955720e+00   4.767930e-01
  3.782190e+00   3.242630e+00   4.848480e-01
  3.787250e+00   3.255930e+00   4.674280e-01
  3.792320e+00   3.218170e+00   4.837080e-01
  3.797380e+00   3.523730e+00   4.745770e-01
  3.802450e+00   2.497440e+00   4.994070e-01
  3.807510e+00   2.824810e+00   4.864740e-01
  3.812570e+00   3.440610e+00   4.904600e-01
  3.817640e+00   3.405570e+00   4.987710e-01
  3.822700e+00   3.108700e+00   4.835620e-01
  3.827770e+00   3.435630e+00   4.824570e-01
  3.832830e+00   3.356560e+00   4.985690e-01
  3.837890e+00   3.597260e+00   5.198160e-01
  3.842960e+00   3.175720e+00   4.929150e-01
  3.848020e+00   3.038250e+00   4.846530e-01
  3.853090e+00   3.040010e+00   4.908160e-01
  3.858150e+00   2.817930e+00   4.745920e-01
  3.863210e+00   3.038250e+00   4.864260e-01
  3.868280e+00   3.518300e+00   4.763080e-01
  3.873340e+00   2.721280e+00   4.781070e-01
  3.878410e+00   3.308150e+00   4.805610e-01
  3.883470e+00   3.093450e+00   4.861650e-01
  3.888530e+00   3.459450e+00   4.851190e-01
  3.893600e+00   3.791550e+00   4.879030e-01
  3.898660e+00   3.137900e+00   4.741830e-01
  3.903730e+00   3.396820e+00   4.880030e-01
  3.908790e+00   3.180050e+00   4.872120e-01
  3.913850e+00   3.472910e+00   4.718150e-01
  3.918920e+00   3.287200e+00   4.777650e-01
  3.923980e+00   3.557230e+00   4.792990e-01
  3.929050e+00   3.209460e+00   4.769360e-01
  3.934110e+00   3.176940e+00   4.847000e-01
  3.939170e+00   2.859370e+00   4.758750e-01
  3.944240e+00   3.349680e+00   4.854360e-01
  3.949300e+00   3.638250e+00   4.683470e-01
  3.954370e+00   3.356540e+00   4.597470e-01
  3.959430e+00   2.262210e+00   4.615470e-01
  3.964490e+00   2.619990e+00   5.204210e-01
  3.969560e+00   3.221470e+00   4.616070e-01
  3.974620e+00   3.082170e+00   4.651990e-01
  3.979690e+00   2.799730e+00   4.505840e-01
  3.984750e+00   3.163560e+00   4.759890e-01
  3.989810e+00   3.216720e+00   4.557050e-01
  3.994880e+00   3.496180e+00   4.523560e-01
  3.999940e+00   3.466480e+00   4.684300e-01
  4.005000e+00   3.455790e+00   4.440770e-01
  4.010070e+00   2.449340e+00   4.602400e-01
  4.015130e+00   3.184600e+00   4.396360e-01
  4.020200e+00   3.235720e+00   4.632970e-01
  4.025260e+00   3.285830e+00   4.657830e-01
  4.030320e+00   2.862990e+00   4.620510e-01
  4.035390e+00   2.810900e+00   4.500040e-01
  4.040450e+00   2.550470e+00   4.555150e-01
  4.045510e+00   3.609010e+00   4.527140e-01
  4.050580e+00   3.534220e+00   4.462900e-01
parent: /Users/SASDBT3_non_extrap.dat
range-from: 1
range-to: 769
