 19-May-2006       (cal_031.dat - 1.000 *Avrag07.dat) /  3.9050               
cal_031.dat   Conc = .39E+01  Mult = .10E+01  N1 =    1  N2 = 2135  SCALE =  1
 Avrag07.dat  Conc = .10E+01  Mult = .10E+01  N1 =    1  N2 = 2135  SCALE =  1
  0.970186E-01  0.216784E+04  0.100645E+02
  0.993032E-01  0.212379E+04  0.943257E+01
  0.101588E+00  0.210361E+04  0.888902E+01
  0.103872E+00  0.208955E+04  0.832192E+01
  0.106157E+00  0.205892E+04  0.769885E+01
  0.108441E+00  0.202673E+04  0.741579E+01
  0.110726E+00  0.198676E+04  0.698718E+01
  0.113011E+00  0.195017E+04  0.660849E+01
  0.115295E+00  0.190297E+04  0.617973E+01
  0.117580E+00  0.190446E+04  0.599785E+01
  0.119864E+00  0.187885E+04  0.595217E+01
  0.122149E+00  0.184059E+04  0.532661E+01
  0.124433E+00  0.182274E+04  0.531487E+01
  0.126718E+00  0.179739E+04  0.500172E+01
  0.129002E+00  0.178068E+04  0.482156E+01
  0.131287E+00  0.176385E+04  0.474515E+01
  0.133572E+00  0.174372E+04  0.438772E+01
  0.135856E+00  0.172486E+04  0.442455E+01
  0.138141E+00  0.170246E+04  0.414410E+01
  0.140425E+00  0.167670E+04  0.410146E+01
  0.142710E+00  0.164461E+04  0.391625E+01
  0.144994E+00  0.161924E+04  0.375030E+01
  0.147279E+00  0.160169E+04  0.379246E+01
  0.149564E+00  0.158008E+04  0.350881E+01
  0.151848E+00  0.155838E+04  0.348933E+01
  0.154133E+00  0.153891E+04  0.333361E+01
  0.156417E+00  0.151793E+04  0.324626E+01
  0.158702E+00  0.149785E+04  0.323918E+01
  0.160986E+00  0.147588E+04  0.303946E+01
  0.163271E+00  0.145501E+04  0.303335E+01
  0.165555E+00  0.142923E+04  0.290121E+01
  0.167840E+00  0.140888E+04  0.287074E+01
  0.170125E+00  0.139033E+04  0.279416E+01
  0.172409E+00  0.137528E+04  0.264980E+01
  0.174694E+00  0.135728E+04  0.271122E+01
  0.176978E+00  0.133907E+04  0.257141E+01
  0.179263E+00  0.131775E+04  0.256962E+01
  0.181547E+00  0.130123E+04  0.245615E+01
  0.183832E+00  0.128403E+04  0.240148E+01
  0.186116E+00  0.126595E+04  0.240125E+01
  0.188401E+00  0.124925E+04  0.229775E+01
  0.190686E+00  0.122288E+04  0.229201E+01
  0.192970E+00  0.120761E+04  0.220147E+01
  0.195255E+00  0.118733E+04  0.215887E+01
  0.197539E+00  0.116739E+04  0.214904E+01
  0.199824E+00  0.114939E+04  0.205827E+01
  0.202108E+00  0.113552E+04  0.207730E+01
  0.204393E+00  0.111677E+04  0.197945E+01
  0.206677E+00  0.110117E+04  0.199044E+01
  0.208962E+00  0.108418E+04  0.193851E+01
  0.211247E+00  0.106470E+04  0.187248E+01
  0.213531E+00  0.105154E+04  0.188760E+01
  0.215816E+00  0.103602E+04  0.181497E+01
  0.218100E+00  0.101752E+04  0.179841E+01
  0.220385E+00  0.100112E+04  0.175654E+01
  0.222669E+00  0.980971E+03  0.172253E+01
  0.224954E+00  0.967621E+03  0.170620E+01
  0.227239E+00  0.953137E+03  0.166292E+01
  0.229523E+00  0.942392E+03  0.164884E+01
  0.231808E+00  0.923227E+03  0.160318E+01
  0.234092E+00  0.908095E+03  0.159394E+01
  0.236377E+00  0.889926E+03  0.155875E+01
  0.238661E+00  0.875782E+03  0.150921E+01
  0.240946E+00  0.861096E+03  0.152804E+01
  0.243230E+00  0.846848E+03  0.146475E+01
  0.245515E+00  0.833475E+03  0.146926E+01
  0.247800E+00  0.820953E+03  0.143544E+01
  0.250084E+00  0.804481E+03  0.139499E+01
  0.252369E+00  0.791155E+03  0.140157E+01
  0.254653E+00  0.776471E+03  0.135881E+01
  0.256938E+00  0.762351E+03  0.136784E+01
  0.259222E+00  0.752435E+03  0.131106E+01
  0.261507E+00  0.737841E+03  0.131335E+01
  0.263791E+00  0.723790E+03  0.128827E+01
  0.266076E+00  0.713157E+03  0.124692E+01
  0.268361E+00  0.700284E+03  0.126597E+01
  0.270645E+00  0.689687E+03  0.122280E+01
  0.272930E+00  0.678115E+03  0.121308E+01
  0.275214E+00  0.666086E+03  0.121143E+01
  0.277499E+00  0.653232E+03  0.116705E+01
  0.279783E+00  0.641501E+03  0.117405E+01
  0.282068E+00  0.628310E+03  0.112974E+01
  0.284353E+00  0.616279E+03  0.113815E+01
  0.286637E+00  0.605026E+03  0.109988E+01
  0.288922E+00  0.594673E+03  0.109250E+01
  0.291206E+00  0.582514E+03  0.108729E+01
  0.293491E+00  0.571473E+03  0.106458E+01
  0.295775E+00  0.562301E+03  0.105686E+01
  0.298060E+00  0.550740E+03  0.103167E+01
  0.300344E+00  0.543598E+03  0.102385E+01
  0.302629E+00  0.533729E+03  0.102121E+01
  0.304914E+00  0.520085E+03  0.994698E+00
  0.307198E+00  0.513229E+03  0.982868E+00
  0.309483E+00  0.502210E+03  0.961979E+00
  0.311767E+00  0.492088E+03  0.957857E+00
  0.314052E+00  0.484279E+03  0.950564E+00
  0.316336E+00  0.476552E+03  0.930184E+00
  0.318621E+00  0.466901E+03  0.928408E+00
  0.320905E+00  0.456674E+03  0.898996E+00
  0.323190E+00  0.449462E+03  0.910126E+00
  0.325475E+00  0.442814E+03  0.882358E+00
  0.327759E+00  0.433223E+03  0.872441E+00
  0.330044E+00  0.422012E+03  0.869431E+00
  0.332328E+00  0.415140E+03  0.855481E+00
  0.334613E+00  0.407546E+03  0.846648E+00
  0.336897E+00  0.399719E+03  0.823296E+00
  0.339182E+00  0.391521E+03  0.822517E+00
  0.341467E+00  0.384042E+03  0.818318E+00
  0.343751E+00  0.376396E+03  0.798585E+00
  0.346036E+00  0.369316E+03  0.800875E+00
  0.348320E+00  0.363427E+03  0.780891E+00
  0.350605E+00  0.355600E+03  0.775763E+00
  0.352889E+00  0.346852E+03  0.761307E+00
  0.355174E+00  0.339809E+03  0.754473E+00
  0.357458E+00  0.335481E+03  0.748916E+00
  0.359743E+00  0.327581E+03  0.734775E+00
  0.362028E+00  0.320542E+03  0.736521E+00
  0.364312E+00  0.315036E+03  0.719548E+00
  0.366597E+00  0.310055E+03  0.711139E+00
  0.368881E+00  0.304535E+03  0.709649E+00
  0.371166E+00  0.298119E+03  0.700212E+00
  0.373450E+00  0.292723E+03  0.694034E+00
  0.375735E+00  0.286647E+03  0.676457E+00
  0.378019E+00  0.281598E+03  0.678352E+00
  0.380304E+00  0.273911E+03  0.665841E+00
  0.382589E+00  0.269344E+03  0.663484E+00
  0.384873E+00  0.263283E+03  0.652660E+00
  0.387158E+00  0.258246E+03  0.645392E+00
  0.389442E+00  0.253442E+03  0.644537E+00
  0.391727E+00  0.247486E+03  0.630252E+00
  0.394011E+00  0.242830E+03  0.623746E+00
  0.396296E+00  0.239204E+03  0.621731E+00
  0.398580E+00  0.233853E+03  0.608723E+00
  0.400865E+00  0.229782E+03  0.614766E+00
  0.403150E+00  0.224605E+03  0.595122E+00
  0.405434E+00  0.220392E+03  0.597635E+00
  0.407719E+00  0.216702E+03  0.590313E+00
  0.410003E+00  0.211429E+03  0.583040E+00
  0.412288E+00  0.205530E+03  0.579836E+00
  0.414572E+00  0.200764E+03  0.564214E+00
  0.416857E+00  0.198566E+03  0.572058E+00
  0.419142E+00  0.194926E+03  0.559025E+00
  0.421426E+00  0.191335E+03  0.553940E+00
  0.423711E+00  0.186875E+03  0.551234E+00
  0.425995E+00  0.183869E+03  0.541503E+00
  0.428280E+00  0.180229E+03  0.543962E+00
  0.430564E+00  0.175989E+03  0.534292E+00
  0.432849E+00  0.172480E+03  0.526696E+00
  0.435133E+00  0.168760E+03  0.525994E+00
  0.437418E+00  0.165213E+03  0.515994E+00
  0.439703E+00  0.162101E+03  0.520812E+00
  0.441987E+00  0.158343E+03  0.505412E+00
  0.444272E+00  0.155609E+03  0.507382E+00
  0.446556E+00  0.152687E+03  0.500373E+00
  0.448841E+00  0.150123E+03  0.497921E+00
  0.451125E+00  0.146277E+03  0.491118E+00
  0.453410E+00  0.142262E+03  0.484438E+00
  0.455694E+00  0.139689E+03  0.486685E+00
  0.457979E+00  0.137909E+03  0.479527E+00
  0.460264E+00  0.135089E+03  0.477974E+00
  0.462548E+00  0.132788E+03  0.471560E+00
  0.464833E+00  0.129700E+03  0.465121E+00
  0.467117E+00  0.126603E+03  0.466985E+00
  0.469402E+00  0.124222E+03  0.457291E+00
  0.471686E+00  0.122128E+03  0.459331E+00
  0.473971E+00  0.119268E+03  0.450232E+00
  0.476256E+00  0.116681E+03  0.444617E+00
  0.478540E+00  0.114910E+03  0.450201E+00
  0.480825E+00  0.112682E+03  0.440249E+00
  0.483109E+00  0.110504E+03  0.441324E+00
  0.485394E+00  0.109756E+03  0.434572E+00
  0.487678E+00  0.108308E+03  0.434493E+00
  0.489963E+00  0.104211E+03  0.429190E+00
  0.492247E+00  0.101314E+03  0.420766E+00
  0.494532E+00  0.996686E+02  0.426476E+00
  0.496817E+00  0.976653E+02  0.416400E+00
  0.499101E+00  0.962988E+02  0.417681E+00
  0.501386E+00  0.950003E+02  0.416019E+00
  0.503670E+00  0.926971E+02  0.406983E+00
  0.505955E+00  0.909452E+02  0.411460E+00
  0.508239E+00  0.887319E+02  0.400588E+00
  0.510524E+00  0.873634E+02  0.403247E+00
  0.512808E+00  0.851731E+02  0.400442E+00
  0.515093E+00  0.835777E+02  0.395960E+00
  0.517378E+00  0.820205E+02  0.395702E+00
  0.519662E+00  0.800822E+02  0.387311E+00
  0.521947E+00  0.781214E+02  0.389656E+00
  0.524231E+00  0.774041E+02  0.384252E+00
  0.526516E+00  0.765877E+02  0.385574E+00
  0.528800E+00  0.743959E+02  0.381607E+00
  0.531085E+00  0.727419E+02  0.375083E+00
  0.533369E+00  0.713590E+02  0.377437E+00
  0.535654E+00  0.703885E+02  0.372866E+00
  0.537939E+00  0.701552E+02  0.373208E+00
  0.540223E+00  0.687122E+02  0.369315E+00
  0.542508E+00  0.674294E+02  0.366619E+00
  0.544792E+00  0.667787E+02  0.366611E+00
  0.547077E+00  0.643721E+02  0.361134E+00
  0.549361E+00  0.639782E+02  0.362253E+00
  0.551646E+00  0.624417E+02  0.357679E+00
  0.553931E+00  0.608691E+02  0.357192E+00
  0.556215E+00  0.595583E+02  0.355345E+00
  0.558500E+00  0.586131E+02  0.352505E+00
  0.560784E+00  0.579595E+02  0.350276E+00
  0.563069E+00  0.565414E+02  0.344733E+00
  0.565353E+00  0.562274E+02  0.348317E+00
  0.567638E+00  0.552822E+02  0.344797E+00
  0.569922E+00  0.543283E+02  0.342560E+00
  0.572207E+00  0.526499E+02  0.342153E+00
  0.574492E+00  0.513431E+02  0.337083E+00
  0.576776E+00  0.515895E+02  0.338441E+00
  0.579061E+00  0.508182E+02  0.336116E+00
  0.581345E+00  0.497752E+02  0.334051E+00
  0.583630E+00  0.487078E+02  0.332900E+00
  0.585914E+00  0.485337E+02  0.329297E+00
  0.588199E+00  0.471106E+02  0.329757E+00
  0.590483E+00  0.468359E+02  0.326106E+00
  0.592768E+00  0.455956E+02  0.325749E+00
  0.595053E+00  0.455462E+02  0.325478E+00
  0.597337E+00  0.448535E+02  0.321201E+00
  0.599622E+00  0.436399E+02  0.324051E+00
  0.601906E+00  0.428553E+02  0.317076E+00
  0.604191E+00  0.417629E+02  0.319806E+00
  0.606475E+00  0.412359E+02  0.315378E+00
  0.608760E+00  0.413447E+02  0.315946E+00
  0.611045E+00  0.407734E+02  0.315292E+00
  0.613329E+00  0.399142E+02  0.311338E+00
  0.615614E+00  0.391209E+02  0.312294E+00
  0.617898E+00  0.397447E+02  0.307409E+00
  0.620183E+00  0.382376E+02  0.310053E+00
  0.622467E+00  0.379342E+02  0.308841E+00
  0.624752E+00  0.378909E+02  0.305112E+00
  0.627036E+00  0.367268E+02  0.307626E+00
  0.629321E+00  0.365052E+02  0.300866E+00
  0.631606E+00  0.364059E+02  0.304448E+00
  0.633890E+00  0.352579E+02  0.301297E+00
  0.636175E+00  0.352484E+02  0.298502E+00
  0.638459E+00  0.345616E+02  0.300207E+00
  0.640744E+00  0.344848E+02  0.294539E+00
  0.643028E+00  0.337547E+02  0.298424E+00
  0.645313E+00  0.337624E+02  0.294889E+00
  0.647597E+00  0.337846E+02  0.294354E+00
  0.649882E+00  0.326054E+02  0.293977E+00
  0.652167E+00  0.323060E+02  0.291315E+00
  0.654451E+00  0.315265E+02  0.291461E+00
  0.656736E+00  0.309229E+02  0.288559E+00
  0.659020E+00  0.312451E+02  0.287882E+00
  0.661305E+00  0.306438E+02  0.289598E+00
  0.663589E+00  0.306594E+02  0.285161E+00
  0.665874E+00  0.292837E+02  0.287903E+00
  0.668159E+00  0.288607E+02  0.282835E+00
  0.670443E+00  0.294179E+02  0.284048E+00
  0.672728E+00  0.295885E+02  0.283331E+00
  0.675012E+00  0.291455E+02  0.280705E+00
  0.677297E+00  0.294965E+02  0.282475E+00
  0.679581E+00  0.288730E+02  0.278732E+00
  0.681866E+00  0.287716E+02  0.279829E+00
  0.684150E+00  0.279741E+02  0.277932E+00
  0.686435E+00  0.275808E+02  0.276376E+00
  0.688720E+00  0.276133E+02  0.277728E+00
  0.691004E+00  0.269337E+02  0.275029E+00
  0.693289E+00  0.272307E+02  0.275261E+00
  0.695573E+00  0.257693E+02  0.271910E+00
  0.697858E+00  0.266522E+02  0.273577E+00
  0.700142E+00  0.258446E+02  0.272577E+00
  0.702427E+00  0.257762E+02  0.270396E+00
  0.704711E+00  0.259882E+02  0.269118E+00
  0.706996E+00  0.260246E+02  0.269468E+00
  0.709281E+00  0.256714E+02  0.270036E+00
  0.711565E+00  0.249851E+02  0.266706E+00
  0.713850E+00  0.245186E+02  0.266150E+00
  0.716134E+00  0.237657E+02  0.265538E+00
  0.718419E+00  0.243923E+02  0.264722E+00
  0.720703E+00  0.242187E+02  0.266286E+00
  0.722988E+00  0.240658E+02  0.260981E+00
  0.725272E+00  0.237601E+02  0.264387E+00
  0.727557E+00  0.238794E+02  0.261472E+00
  0.729842E+00  0.241106E+02  0.261559E+00
  0.732126E+00  0.233539E+02  0.261439E+00
  0.734411E+00  0.231035E+02  0.256968E+00
  0.736695E+00  0.229068E+02  0.260531E+00
  0.738980E+00  0.227257E+02  0.258038E+00
  0.741264E+00  0.227291E+02  0.257909E+00
  0.743549E+00  0.226761E+02  0.256801E+00
  0.745834E+00  0.226036E+02  0.253927E+00
  0.748118E+00  0.221519E+02  0.256760E+00
  0.750403E+00  0.222812E+02  0.253787E+00
  0.752687E+00  0.222382E+02  0.253957E+00
  0.754972E+00  0.221647E+02  0.254189E+00
  0.757256E+00  0.225078E+02  0.251474E+00
  0.759541E+00  0.224405E+02  0.253989E+00
  0.761825E+00  0.220763E+02  0.250431E+00
  0.764110E+00  0.219598E+02  0.251832E+00
  0.766395E+00  0.220707E+02  0.250114E+00
  0.768679E+00  0.214942E+02  0.249513E+00
  0.770964E+00  0.215560E+02  0.248960E+00
  0.773248E+00  0.214289E+02  0.246659E+00
  0.775533E+00  0.208894E+02  0.248600E+00
  0.777817E+00  0.207951E+02  0.245612E+00
  0.780102E+00  0.213649E+02  0.246405E+00
  0.782386E+00  0.209926E+02  0.246190E+00
  0.784671E+00  0.201754E+02  0.243745E+00
  0.786956E+00  0.202433E+02  0.245645E+00
  0.789240E+00  0.203601E+02  0.241612E+00
  0.791525E+00  0.205447E+02  0.242971E+00
  0.793809E+00  0.201882E+02  0.242564E+00
  0.796094E+00  0.203631E+02  0.241997E+00
  0.798378E+00  0.208843E+02  0.242522E+00
  0.800663E+00  0.200738E+02  0.239428E+00
  0.802948E+00  0.201170E+02  0.240837E+00
  0.805232E+00  0.198277E+02  0.239017E+00
  0.807517E+00  0.199790E+02  0.239594E+00
  0.809801E+00  0.193736E+02  0.238698E+00
  0.812086E+00  0.193990E+02  0.236414E+00
  0.814370E+00  0.193926E+02  0.237510E+00
  0.816655E+00  0.188804E+02  0.236185E+00
  0.818939E+00  0.191411E+02  0.235453E+00
  0.821224E+00  0.190822E+02  0.235114E+00
  0.823509E+00  0.186507E+02  0.234203E+00
  0.825793E+00  0.184346E+02  0.235797E+00
  0.828078E+00  0.182827E+02  0.231915E+00
  0.830362E+00  0.187124E+02  0.233483E+00
  0.832647E+00  0.183849E+02  0.232580E+00
  0.834931E+00  0.188940E+02  0.231811E+00
  0.837216E+00  0.186125E+02  0.232478E+00
  0.839500E+00  0.185770E+02  0.230293E+00
  0.841785E+00  0.182558E+02  0.230651E+00
  0.844070E+00  0.182020E+02  0.228339E+00
  0.846354E+00  0.186177E+02  0.230088E+00
  0.848639E+00  0.185775E+02  0.229095E+00
  0.850923E+00  0.178261E+02  0.227803E+00
  0.853208E+00  0.178758E+02  0.228368E+00
  0.855492E+00  0.175775E+02  0.226673E+00
  0.857777E+00  0.175337E+02  0.226456E+00
  0.860061E+00  0.171703E+02  0.224856E+00
  0.862346E+00  0.172602E+02  0.225221E+00
  0.864631E+00  0.175739E+02  0.226247E+00
  0.866915E+00  0.176740E+02  0.223571E+00
  0.869200E+00  0.176092E+02  0.225278E+00
  0.871484E+00  0.174845E+02  0.222920E+00
  0.873769E+00  0.173944E+02  0.223530E+00
  0.876053E+00  0.173222E+02  0.223868E+00
  0.878338E+00  0.172899E+02  0.220723E+00
  0.880623E+00  0.165624E+02  0.222758E+00
  0.882907E+00  0.169352E+02  0.219912E+00
  0.885192E+00  0.162461E+02  0.220952E+00
  0.887476E+00  0.162218E+02  0.219432E+00
  0.889761E+00  0.161749E+02  0.218612E+00
  0.892045E+00  0.163306E+02  0.220118E+00
  0.894330E+00  0.166233E+02  0.218090E+00
  0.896614E+00  0.160609E+02  0.217752E+00
  0.898899E+00  0.162686E+02  0.216660E+00
  0.901184E+00  0.162510E+02  0.217071E+00
  0.903468E+00  0.157941E+02  0.218144E+00
  0.905753E+00  0.164010E+02  0.215673E+00
  0.908037E+00  0.152095E+02  0.216268E+00
  0.910322E+00  0.150602E+02  0.215018E+00
  0.912606E+00  0.151196E+02  0.214725E+00
  0.914891E+00  0.153142E+02  0.214931E+00
  0.917175E+00  0.157908E+02  0.213862E+00
  0.919460E+00  0.154474E+02  0.214847E+00
  0.921745E+00  0.151862E+02  0.212206E+00
  0.924029E+00  0.152410E+02  0.214274E+00
  0.926314E+00  0.151867E+02  0.212940E+00
  0.928598E+00  0.149657E+02  0.211733E+00
  0.930883E+00  0.147913E+02  0.212140E+00
  0.933167E+00  0.151887E+02  0.212178E+00
  0.935452E+00  0.151652E+02  0.211436E+00
  0.937737E+00  0.149636E+02  0.211092E+00
  0.940021E+00  0.146909E+02  0.211113E+00
  0.942306E+00  0.148750E+02  0.210938E+00
  0.944590E+00  0.141785E+02  0.208620E+00
  0.946875E+00  0.141457E+02  0.210708E+00
  0.949159E+00  0.144205E+02  0.208181E+00
  0.951444E+00  0.147391E+02  0.209886E+00
  0.953728E+00  0.141255E+02  0.208497E+00
  0.956013E+00  0.140640E+02  0.207216E+00
  0.958298E+00  0.137821E+02  0.209310E+00
  0.960582E+00  0.134955E+02  0.206438E+00
  0.962867E+00  0.137247E+02  0.207919E+00
  0.965151E+00  0.132195E+02  0.205867E+00
  0.967436E+00  0.135385E+02  0.206636E+00
  0.969720E+00  0.134960E+02  0.206191E+00
  0.972005E+00  0.133851E+02  0.205448E+00
  0.974289E+00  0.136512E+02  0.206592E+00
  0.976574E+00  0.139303E+02  0.204550E+00
  0.978859E+00  0.138533E+02  0.205731E+00
  0.981143E+00  0.131636E+02  0.205189E+00
  0.983428E+00  0.131181E+02  0.203395E+00
  0.985712E+00  0.125995E+02  0.204807E+00
  0.987997E+00  0.131931E+02  0.202985E+00
  0.990281E+00  0.128399E+02  0.204162E+00
  0.992566E+00  0.129145E+02  0.202676E+00
  0.994851E+00  0.127047E+02  0.202840E+00
  0.997135E+00  0.127022E+02  0.203149E+00
  0.999420E+00  0.126051E+02  0.201927E+00
  0.100170E+01  0.121736E+02  0.201980E+00
  0.100399E+01  0.124533E+02  0.201032E+00
  0.100627E+01  0.122371E+02  0.200964E+00
  0.100856E+01  0.123055E+02  0.200834E+00
  0.101084E+01  0.119764E+02  0.200201E+00
  0.101313E+01  0.119772E+02  0.200750E+00
  0.101541E+01  0.117780E+02  0.198862E+00
  0.101770E+01  0.116387E+02  0.200184E+00
  0.101998E+01  0.117544E+02  0.199698E+00
  0.102227E+01  0.119009E+02  0.198553E+00
  0.102455E+01  0.120883E+02  0.198844E+00
  0.102683E+01  0.119974E+02  0.197954E+00
  0.102912E+01  0.114448E+02  0.198625E+00
  0.103140E+01  0.113969E+02  0.197026E+00
  0.103369E+01  0.113163E+02  0.197525E+00
  0.103597E+01  0.116594E+02  0.198083E+00
  0.103826E+01  0.119841E+02  0.196565E+00
  0.104054E+01  0.115964E+02  0.198170E+00
  0.104283E+01  0.116563E+02  0.195552E+00
  0.104511E+01  0.111237E+02  0.196643E+00
  0.104740E+01  0.111718E+02  0.195506E+00
  0.104968E+01  0.114666E+02  0.195641E+00
  0.105196E+01  0.110743E+02  0.196289E+00
  0.105425E+01  0.110394E+02  0.194149E+00
  0.105653E+01  0.104794E+02  0.195667E+00
  0.105882E+01  0.997542E+01  0.194177E+00
  0.106110E+01  0.102817E+02  0.193504E+00
  0.106339E+01  0.108694E+02  0.194668E+00
  0.106567E+01  0.103933E+02  0.193326E+00
  0.106796E+01  0.995723E+01  0.194005E+00
  0.107024E+01  0.103698E+02  0.191919E+00
  0.107253E+01  0.102008E+02  0.192766E+00
  0.107481E+01  0.979257E+01  0.192478E+00
  0.107709E+01  0.102300E+02  0.192138E+00
  0.107938E+01  0.101775E+02  0.193107E+00
  0.108166E+01  0.102210E+02  0.190441E+00
  0.108395E+01  0.997439E+01  0.191880E+00
  0.108623E+01  0.950679E+01  0.190980E+00
  0.108852E+01  0.969552E+01  0.190876E+00
  0.109080E+01  0.885147E+01  0.190917E+00
  0.109309E+01  0.948681E+01  0.189482E+00
  0.109537E+01  0.956492E+01  0.190421E+00
  0.109766E+01  0.973700E+01  0.189768E+00
  0.109994E+01  0.994085E+01  0.189503E+00
  0.110222E+01  0.937618E+01  0.189772E+00
  0.110451E+01  0.974187E+01  0.188485E+00
  0.110679E+01  0.941383E+01  0.190300E+00
  0.110908E+01  0.901665E+01  0.187232E+00
  0.111136E+01  0.904917E+01  0.188752E+00
  0.111365E+01  0.913982E+01  0.188099E+00
  0.111593E+01  0.921076E+01  0.187488E+00
  0.111822E+01  0.933419E+01  0.188791E+00
  0.112050E+01  0.906351E+01  0.186689E+00
  0.112279E+01  0.930166E+01  0.187431E+00
  0.112507E+01  0.954802E+01  0.186740E+00
  0.112735E+01  0.931242E+01  0.187008E+00
  0.112964E+01  0.865147E+01  0.186690E+00
  0.113192E+01  0.896953E+01  0.185305E+00
  0.113421E+01  0.922305E+01  0.187173E+00
  0.113649E+01  0.872522E+01  0.185259E+00
  0.113878E+01  0.894802E+01  0.185250E+00
  0.114106E+01  0.894750E+01  0.185844E+00
  0.114335E+01  0.880845E+01  0.184595E+00
  0.114563E+01  0.857618E+01  0.185664E+00
  0.114792E+01  0.818003E+01  0.183897E+00
  0.115020E+01  0.838592E+01  0.184233E+00
  0.115249E+01  0.826991E+01  0.184237E+00
  0.115477E+01  0.854725E+01  0.184277E+00
  0.115705E+01  0.869936E+01  0.184056E+00
  0.115934E+01  0.868937E+01  0.182961E+00
  0.116162E+01  0.849603E+01  0.184084E+00
  0.116391E+01  0.847042E+01  0.182853E+00
  0.116619E+01  0.800666E+01  0.183459E+00
  0.116848E+01  0.790807E+01  0.181784E+00
  0.117076E+01  0.794059E+01  0.182516E+00
  0.117305E+01  0.801921E+01  0.183065E+00
  0.117533E+01  0.839411E+01  0.182005E+00
  0.117762E+01  0.809219E+01  0.182728E+00
  0.117990E+01  0.846889E+01  0.181849E+00
  0.118218E+01  0.820128E+01  0.181311E+00
  0.118447E+01  0.798335E+01  0.182059E+00
  0.118675E+01  0.774571E+01  0.180228E+00
  0.118904E+01  0.799590E+01  0.181646E+00
  0.119132E+01  0.776850E+01  0.179942E+00
  0.119361E+01  0.797209E+01  0.180623E+00
  0.119589E+01  0.761434E+01  0.180307E+00
  0.119818E+01  0.751677E+01  0.178917E+00
  0.120046E+01  0.752061E+01  0.180671E+00
  0.120275E+01  0.736517E+01  0.178813E+00
  0.120503E+01  0.751831E+01  0.180219E+00
  0.120731E+01  0.763175E+01  0.179297E+00
  0.120960E+01  0.735621E+01  0.178265E+00
  0.121188E+01  0.731626E+01  0.179241E+00
  0.121417E+01  0.688553E+01  0.178048E+00
  0.121645E+01  0.716261E+01  0.178974E+00
  0.121874E+01  0.718924E+01  0.178338E+00
  0.122102E+01  0.735570E+01  0.177490E+00
  0.122331E+01  0.726889E+01  0.178411E+00
  0.122559E+01  0.694059E+01  0.176699E+00
  0.122788E+01  0.725403E+01  0.178478E+00
  0.123016E+01  0.691421E+01  0.176344E+00
  0.123244E+01  0.720487E+01  0.177286E+00
  0.123473E+01  0.709910E+01  0.176814E+00
  0.123701E+01  0.693316E+01  0.175857E+00
  0.123930E+01  0.713880E+01  0.177459E+00
  0.124158E+01  0.722868E+01  0.176484E+00
  0.124387E+01  0.686453E+01  0.176689E+00
  0.124615E+01  0.697132E+01  0.175939E+00
  0.124844E+01  0.649808E+01  0.176001E+00
  0.125072E+01  0.668297E+01  0.175843E+00
  0.125301E+01  0.658950E+01  0.174833E+00
  0.125529E+01  0.674110E+01  0.175966E+00
  0.125757E+01  0.677106E+01  0.175098E+00
  0.125986E+01  0.667196E+01  0.175269E+00
  0.126214E+01  0.674033E+01  0.175561E+00
  0.126443E+01  0.633752E+01  0.173737E+00
  0.126671E+01  0.647324E+01  0.174434E+00
  0.126900E+01  0.635416E+01  0.173853E+00
  0.127128E+01  0.617849E+01  0.174483E+00
  0.127357E+01  0.625301E+01  0.174203E+00
  0.127585E+01  0.606607E+01  0.173257E+00
  0.127814E+01  0.624635E+01  0.173578E+00
  0.128042E+01  0.596978E+01  0.172534E+00
  0.128270E+01  0.638771E+01  0.173994E+00
  0.128499E+01  0.635570E+01  0.172483E+00
  0.128727E+01  0.602407E+01  0.172693E+00
  0.128956E+01  0.610935E+01  0.173168E+00
  0.129184E+01  0.606761E+01  0.171810E+00
  0.129413E+01  0.606479E+01  0.172932E+00
  0.129641E+01  0.594853E+01  0.171953E+00
  0.129870E+01  0.610218E+01  0.171883E+00
  0.130098E+01  0.607734E+01  0.172014E+00
  0.130327E+01  0.617798E+01  0.171193E+00
  0.130555E+01  0.632036E+01  0.172173E+00
  0.130784E+01  0.613367E+01  0.170358E+00
  0.131012E+01  0.593854E+01  0.171592E+00
  0.131240E+01  0.568553E+01  0.170766E+00
  0.131469E+01  0.606965E+01  0.170867E+00
  0.131697E+01  0.577516E+01  0.171095E+00
  0.131926E+01  0.565275E+01  0.170021E+00
  0.132154E+01  0.531037E+01  0.170713E+00
  0.132383E+01  0.537157E+01  0.169042E+00
  0.132611E+01  0.532522E+01  0.170521E+00
  0.132840E+01  0.609475E+01  0.170236E+00
  0.133068E+01  0.534289E+01  0.169131E+00
  0.133297E+01  0.550346E+01  0.169866E+00
  0.133525E+01  0.549014E+01  0.168422E+00
  0.133753E+01  0.573470E+01  0.169869E+00
  0.133982E+01  0.553470E+01  0.169275E+00
  0.134210E+01  0.534802E+01  0.168312E+00
  0.134439E+01  0.525787E+01  0.168906E+00
  0.134667E+01  0.540333E+01  0.168056E+00
  0.134896E+01  0.507196E+01  0.169239E+00
  0.135124E+01  0.538771E+01  0.167929E+00
  0.135353E+01  0.581588E+01  0.168402E+00
  0.135581E+01  0.536082E+01  0.168370E+00
  0.135810E+01  0.497951E+01  0.167456E+00
  0.136038E+01  0.511165E+01  0.167991E+00
  0.136266E+01  0.532241E+01  0.166936E+00
  0.136495E+01  0.496338E+01  0.167476E+00
  0.136723E+01  0.525915E+01  0.167602E+00
  0.136952E+01  0.479129E+01  0.166447E+00
  0.137180E+01  0.493239E+01  0.167396E+00
  0.137409E+01  0.461178E+01  0.166407E+00
  0.137637E+01  0.516466E+01  0.167047E+00
  0.137866E+01  0.526197E+01  0.166651E+00
  0.138094E+01  0.488067E+01  0.165939E+00
  0.138323E+01  0.481946E+01  0.166515E+00
  0.138551E+01  0.487734E+01  0.165675E+00
  0.138779E+01  0.463713E+01  0.166579E+00
  0.139008E+01  0.483969E+01  0.165298E+00
  0.139236E+01  0.504609E+01  0.165492E+00
  0.139465E+01  0.464302E+01  0.165208E+00
  0.139693E+01  0.481716E+01  0.165512E+00
  0.139922E+01  0.455647E+01  0.165519E+00
  0.140150E+01  0.469526E+01  0.164378E+00
  0.140379E+01  0.461357E+01  0.165215E+00
  0.140607E+01  0.455058E+01  0.165071E+00
  0.140836E+01  0.457157E+01  0.164436E+00
  0.141064E+01  0.488860E+01  0.164775E+00
  0.141292E+01  0.471421E+01  0.164251E+00
  0.141521E+01  0.448118E+01  0.164902E+00
  0.141749E+01  0.480666E+01  0.163766E+00
  0.141978E+01  0.483611E+01  0.164048E+00
  0.142206E+01  0.477106E+01  0.164288E+00
  0.142435E+01  0.455467E+01  0.163520E+00
  0.142663E+01  0.431370E+01  0.164991E+00
  0.142892E+01  0.414545E+01  0.162306E+00
  0.143120E+01  0.446607E+01  0.164066E+00
  0.143349E+01  0.459718E+01  0.163256E+00
  0.143577E+01  0.450294E+01  0.162845E+00
  0.143806E+01  0.443073E+01  0.163694E+00
  0.144034E+01  0.469014E+01  0.161879E+00
  0.144262E+01  0.453547E+01  0.163510E+00
  0.144491E+01  0.424584E+01  0.162816E+00
  0.144719E+01  0.431857E+01  0.162033E+00
  0.144948E+01  0.447682E+01  0.162778E+00
  0.145176E+01  0.401690E+01  0.161653E+00
  0.145405E+01  0.420487E+01  0.162992E+00
  0.145633E+01  0.427017E+01  0.162100E+00
  0.145862E+01  0.453137E+01  0.162257E+00
  0.146090E+01  0.449117E+01  0.161874E+00
  0.146319E+01  0.436031E+01  0.161246E+00
  0.146547E+01  0.445941E+01  0.163032E+00
  0.146775E+01  0.416364E+01  0.160886E+00
  0.147004E+01  0.426069E+01  0.161826E+00
  0.147232E+01  0.425608E+01  0.161550E+00
  0.147461E+01  0.418822E+01  0.160910E+00
  0.147689E+01  0.419027E+01  0.161351E+00
  0.147918E+01  0.435851E+01  0.160130E+00
  0.148146E+01  0.413931E+01  0.161500E+00
  0.148375E+01  0.385403E+01  0.160253E+00
  0.148603E+01  0.403867E+01  0.160994E+00
  0.148832E+01  0.420948E+01  0.160366E+00
  0.149060E+01  0.433214E+01  0.159822E+00
  0.149288E+01  0.446300E+01  0.160874E+00
  0.149517E+01  0.425557E+01  0.159861E+00
  0.149745E+01  0.437746E+01  0.160256E+00
  0.149974E+01  0.453111E+01  0.160711E+00
  0.150202E+01  0.425096E+01  0.159640E+00
  0.150431E+01  0.400000E+01  0.160913E+00
  0.150659E+01  0.440743E+01  0.158822E+00
  0.150888E+01  0.444481E+01  0.160042E+00
  0.151116E+01  0.439821E+01  0.158731E+00
  0.151345E+01  0.429962E+01  0.159862E+00
  0.151573E+01  0.400896E+01  0.159273E+00
  0.151801E+01  0.387580E+01  0.158352E+00
  0.152030E+01  0.409321E+01  0.159445E+00
  0.152258E+01  0.396594E+01  0.158335E+00
  0.152487E+01  0.422484E+01  0.159051E+00
  0.152715E+01  0.404609E+01  0.158530E+00
  0.152944E+01  0.405480E+01  0.158316E+00
  0.153172E+01  0.382279E+01  0.158532E+00
  0.153401E+01  0.359795E+01  0.157317E+00
  0.153629E+01  0.370320E+01  0.158038E+00
  0.153858E+01  0.396108E+01  0.158279E+00
  0.154086E+01  0.384405E+01  0.157742E+00
  0.154314E+01  0.402177E+01  0.158714E+00
  0.154543E+01  0.407734E+01  0.157099E+00
  0.154771E+01  0.387222E+01  0.158315E+00
  0.155000E+01  0.378489E+01  0.157111E+00
  0.155228E+01  0.410858E+01  0.158353E+00
  0.155457E+01  0.398720E+01  0.157297E+00
  0.155685E+01  0.384686E+01  0.156219E+00
  0.155914E+01  0.367631E+01  0.157614E+00
  0.156142E+01  0.354750E+01  0.156604E+00
  0.156371E+01  0.353752E+01  0.156920E+00
  0.156599E+01  0.356773E+01  0.157050E+00
  0.156827E+01  0.399513E+01  0.156420E+00
  0.157056E+01  0.403560E+01  0.157400E+00
  0.157284E+01  0.369219E+01  0.156246E+00
  0.157513E+01  0.372190E+01  0.156821E+00
  0.157741E+01  0.386607E+01  0.155718E+00
  0.157970E+01  0.402535E+01  0.156418E+00
  0.158198E+01  0.411780E+01  0.156588E+00
  0.158427E+01  0.391601E+01  0.155275E+00
  0.158655E+01  0.377875E+01  0.157001E+00
  0.158884E+01  0.337362E+01  0.154730E+00
  0.159112E+01  0.376338E+01  0.156326E+00
  0.159341E+01  0.425455E+01  0.156406E+00
  0.159569E+01  0.368118E+01  0.154987E+00
  0.159797E+01  0.351037E+01  0.156220E+00
  0.160026E+01  0.373675E+01  0.154618E+00
  0.160254E+01  0.401332E+01  0.155241E+00
  0.160483E+01  0.376901E+01  0.154873E+00
  0.160711E+01  0.373982E+01  0.155152E+00
  0.160940E+01  0.344738E+01  0.155685E+00
  0.161168E+01  0.333009E+01  0.154693E+00
  0.161397E+01  0.340077E+01  0.155194E+00
  0.161625E+01  0.334750E+01  0.154268E+00
  0.161854E+01  0.354673E+01  0.154455E+00
  0.162082E+01  0.347913E+01  0.154875E+00
  0.162310E+01  0.395877E+01  0.154059E+00
  0.162539E+01  0.379001E+01  0.154500E+00
  0.162767E+01  0.376056E+01  0.153999E+00
  0.162996E+01  0.367478E+01  0.154450E+00
  0.163224E+01  0.347606E+01  0.153962E+00
  0.163453E+01  0.363278E+01  0.153843E+00
  0.163681E+01  0.327196E+01  0.153990E+00
  0.163910E+01  0.333624E+01  0.153471E+00
  0.164138E+01  0.364097E+01  0.154117E+00
  0.164367E+01  0.385839E+01  0.153348E+00
  0.164595E+01  0.328502E+01  0.153566E+00
  0.164823E+01  0.318796E+01  0.153665E+00
  0.165052E+01  0.332574E+01  0.152824E+00
  0.165280E+01  0.332804E+01  0.153703E+00
  0.165509E+01  0.317234E+01  0.152233E+00
  0.165737E+01  0.291447E+01  0.153504E+00
  0.165966E+01  0.312318E+01  0.153324E+00
  0.166194E+01  0.324405E+01  0.152124E+00
  0.166423E+01  0.309552E+01  0.153751E+00
  0.166651E+01  0.323355E+01  0.151802E+00
  0.166880E+01  0.326146E+01  0.153503E+00
  0.167108E+01  0.296440E+01  0.151483E+00
  0.167336E+01  0.307350E+01  0.152057E+00
  0.167565E+01  0.325250E+01  0.152782E+00
  0.167793E+01  0.380410E+01  0.152288E+00
  0.168022E+01  0.363713E+01  0.152587E+00
  0.168250E+01  0.336799E+01  0.151228E+00
  0.168479E+01  0.304533E+01  0.152455E+00
  0.168707E+01  0.290781E+01  0.152240E+00
  0.168936E+01  0.280768E+01  0.151300E+00
  0.169164E+01  0.312727E+01  0.152284E+00
  0.169393E+01  0.303073E+01  0.150560E+00
  0.169621E+01  0.326837E+01  0.152188E+00
  0.169849E+01  0.291268E+01  0.151564E+00
  0.170078E+01  0.326530E+01  0.150877E+00
  0.170306E+01  0.354930E+01  0.152174E+00
  0.170535E+01  0.354955E+01  0.150955E+00
  0.170763E+01  0.352907E+01  0.151947E+00
  0.170992E+01  0.329245E+01  0.150590E+00
  0.171220E+01  0.345659E+01  0.150910E+00
  0.171449E+01  0.359898E+01  0.151335E+00
  0.171677E+01  0.357311E+01  0.150807E+00
  0.171906E+01  0.302714E+01  0.150707E+00
  0.172134E+01  0.283380E+01  0.150156E+00
  0.172362E+01  0.278950E+01  0.150840E+00
  0.172591E+01  0.308886E+01  0.151035E+00
  0.172819E+01  0.299616E+01  0.150260E+00
  0.173048E+01  0.301152E+01  0.150223E+00
  0.173276E+01  0.341460E+01  0.149825E+00
  0.173505E+01  0.341946E+01  0.150792E+00
  0.173733E+01  0.319052E+01  0.149773E+00
  0.173962E+01  0.298310E+01  0.150083E+00
  0.174190E+01  0.299360E+01  0.150275E+00
  0.174419E+01  0.316645E+01  0.149086E+00
  0.174647E+01  0.282689E+01  0.150234E+00
  0.174876E+01  0.285583E+01  0.148733E+00
  0.175104E+01  0.276850E+01  0.149749E+00
  0.175332E+01  0.272702E+01  0.149608E+00
  0.175561E+01  0.287426E+01  0.149261E+00
  0.175789E+01  0.291498E+01  0.149978E+00
  0.176018E+01  0.279283E+01  0.148180E+00
  0.176246E+01  0.291908E+01  0.149705E+00
  0.176475E+01  0.272497E+01  0.148743E+00
  0.176703E+01  0.312497E+01  0.148817E+00
  0.176932E+01  0.322612E+01  0.149355E+00
  0.177160E+01  0.297516E+01  0.147933E+00
  0.177389E+01  0.253777E+01  0.149477E+00
  0.177617E+01  0.276056E+01  0.148114E+00
  0.177845E+01  0.306479E+01  0.148678E+00
  0.178074E+01  0.283355E+01  0.149100E+00
  0.178302E+01  0.297746E+01  0.148340E+00
  0.178531E+01  0.288143E+01  0.148789E+00
  0.178759E+01  0.285659E+01  0.147176E+00
  0.178988E+01  0.286095E+01  0.148820E+00
  0.179216E+01  0.266709E+01  0.148172E+00
  0.179445E+01  0.302766E+01  0.148260E+00
  0.179673E+01  0.310653E+01  0.148911E+00
  0.179902E+01  0.274853E+01  0.147203E+00
  0.180130E+01  0.311549E+01  0.148678E+00
  0.180358E+01  0.291344E+01  0.147530E+00
  0.180587E+01  0.281588E+01  0.147731E+00
  0.180815E+01  0.289040E+01  0.147894E+00
  0.181044E+01  0.274802E+01  0.147637E+00
  0.181272E+01  0.318976E+01  0.148016E+00
  0.181501E+01  0.278284E+01  0.146820E+00
  0.181729E+01  0.301152E+01  0.147340E+00
  0.181958E+01  0.281818E+01  0.147814E+00
  0.182186E+01  0.297311E+01  0.147043E+00
  0.182415E+01  0.275262E+01  0.148281E+00
  0.182643E+01  0.293752E+01  0.146119E+00
  0.182871E+01  0.288067E+01  0.147460E+00
  0.183100E+01  0.264200E+01  0.146835E+00
  0.183328E+01  0.252241E+01  0.147210E+00
  0.183557E+01  0.302177E+01  0.147231E+00
  0.183785E+01  0.254238E+01  0.146343E+00
  0.184014E+01  0.260128E+01  0.146823E+00
  0.184242E+01  0.298771E+01  0.146262E+00
  0.184471E+01  0.288784E+01  0.146556E+00
  0.184699E+01  0.259334E+01  0.146973E+00
  0.184928E+01  0.268860E+01  0.145915E+00
  0.185156E+01  0.257900E+01  0.147063E+00
  0.185384E+01  0.262228E+01  0.145735E+00
  0.185613E+01  0.248681E+01  0.146107E+00
  0.185841E+01  0.230679E+01  0.146047E+00
  0.186070E+01  0.285173E+01  0.146128E+00
  0.186298E+01  0.283150E+01  0.146726E+00
  0.186527E+01  0.226095E+01  0.145470E+00
  0.186755E+01  0.254469E+01  0.146737E+00
  0.186984E+01  0.298822E+01  0.145446E+00
  0.187212E+01  0.247298E+01  0.145983E+00
  0.187441E+01  0.255851E+01  0.145494E+00
  0.187669E+01  0.273649E+01  0.145396E+00
  0.187898E+01  0.262049E+01  0.146005E+00
  0.188126E+01  0.261101E+01  0.144981E+00
  0.188354E+01  0.280128E+01  0.145634E+00
  0.188583E+01  0.249347E+01  0.145316E+00
  0.188811E+01  0.254417E+01  0.145450E+00
  0.189040E+01  0.276569E+01  0.146100E+00
  0.189268E+01  0.256543E+01  0.144203E+00
  0.189497E+01  0.264405E+01  0.145761E+00
  0.189725E+01  0.259283E+01  0.144636E+00
  0.189954E+01  0.246914E+01  0.145307E+00
  0.190182E+01  0.244405E+01  0.145270E+00
  0.190411E+01  0.254033E+01  0.144222E+00
  0.190639E+01  0.237670E+01  0.145058E+00
  0.190867E+01  0.249706E+01  0.144129E+00
  0.191096E+01  0.266889E+01  0.145039E+00
  0.191324E+01  0.260871E+01  0.145052E+00
  0.191553E+01  0.236236E+01  0.143637E+00
  0.191781E+01  0.251549E+01  0.145543E+00
  0.192010E+01  0.233163E+01  0.143400E+00
  0.192238E+01  0.234981E+01  0.144662E+00
  0.192467E+01  0.241511E+01  0.144093E+00
  0.192695E+01  0.226914E+01  0.143633E+00
  0.192924E+01  0.223662E+01  0.144783E+00
  0.193152E+01  0.242791E+01  0.143670E+00
  0.193380E+01  0.281485E+01  0.144103E+00
  0.193609E+01  0.246581E+01  0.143652E+00
  0.193837E+01  0.249373E+01  0.143934E+00
  0.194066E+01  0.259257E+01  0.144174E+00
  0.194294E+01  0.260077E+01  0.143350E+00
  0.194523E+01  0.258617E+01  0.144594E+00
  0.194751E+01  0.228271E+01  0.143202E+00
  0.194980E+01  0.236440E+01  0.143749E+00
  0.195208E+01  0.255416E+01  0.143908E+00
  0.195437E+01  0.233239E+01  0.143096E+00
  0.195665E+01  0.251985E+01  0.143629E+00
  0.195893E+01  0.249014E+01  0.143219E+00
  0.196122E+01  0.246889E+01  0.143683E+00
  0.196350E+01  0.259872E+01  0.142854E+00
  0.196579E+01  0.243457E+01  0.143238E+00
  0.196807E+01  0.248835E+01  0.143135E+00
  0.197036E+01  0.269168E+01  0.142634E+00
  0.197264E+01  0.235032E+01  0.143654E+00
  0.197493E+01  0.201050E+01  0.142512E+00
  0.197721E+01  0.215442E+01  0.143349E+00
  0.197950E+01  0.225839E+01  0.142838E+00
  0.198178E+01  0.221895E+01  0.141941E+00
  0.198406E+01  0.223329E+01  0.143758E+00
  0.198635E+01  0.256799E+01  0.142125E+00
  0.198863E+01  0.275698E+01  0.143554E+00
  0.199092E+01  0.245634E+01  0.142332E+00
  0.199320E+01  0.263175E+01  0.142457E+00
  0.199549E+01  0.226504E+01  0.142688E+00
  0.199777E+01  0.220743E+01  0.142095E+00
  0.200006E+01  0.190551E+01  0.142793E+00
  0.200234E+01  0.211012E+01  0.141599E+00
  0.200463E+01  0.228963E+01  0.142229E+00
  0.200691E+01  0.212599E+01  0.142720E+00
  0.200919E+01  0.217823E+01  0.141262E+00
  0.201148E+01  0.232343E+01  0.142514E+00
  0.201376E+01  0.227913E+01  0.141064E+00
  0.201605E+01  0.212907E+01  0.142392E+00
  0.201833E+01  0.205557E+01  0.141531E+00
  0.202062E+01  0.226633E+01  0.141407E+00
  0.202290E+01  0.224686E+01  0.141940E+00
  0.202519E+01  0.204277E+01  0.141150E+00
  0.202747E+01  0.228041E+01  0.142220E+00
  0.202976E+01  0.234750E+01  0.141313E+00
  0.203204E+01  0.224097E+01  0.141512E+00
  0.203433E+01  0.239513E+01  0.141673E+00
  0.203661E+01  0.232522E+01  0.141506E+00
  0.203889E+01  0.190704E+01  0.141601E+00
  0.204118E+01  0.185736E+01  0.140140E+00
  0.204346E+01  0.196697E+01  0.141225E+00
  0.204575E+01  0.194853E+01  0.141293E+00
  0.204803E+01  0.211703E+01  0.140478E+00
  0.205032E+01  0.250320E+01  0.141726E+00
  0.205260E+01  0.236312E+01  0.140597E+00
  0.205489E+01  0.229296E+01  0.141481E+00
  0.205717E+01  0.207426E+01  0.140417E+00
  0.205946E+01  0.224302E+01  0.140730E+00
  0.206174E+01  0.239770E+01  0.141256E+00
  0.206402E+01  0.214161E+01  0.140196E+00
  0.206631E+01  0.215800E+01  0.140876E+00
  0.206859E+01  0.219181E+01  0.140184E+00
  0.207088E+01  0.202177E+01  0.140584E+00
  0.207316E+01  0.190166E+01  0.140444E+00
  0.207545E+01  0.232420E+01  0.140211E+00
  0.207773E+01  0.254955E+01  0.140887E+00
  0.208002E+01  0.236927E+01  0.140067E+00
  0.208230E+01  0.221639E+01  0.140497E+00
  0.208459E+01  0.227145E+01  0.140335E+00
  0.208687E+01  0.224738E+01  0.139819E+00
  0.208915E+01  0.176261E+01  0.139996E+00
  0.209144E+01  0.210038E+01  0.139992E+00
  0.209372E+01  0.190858E+01  0.140737E+00
  0.209601E+01  0.200359E+01  0.139168E+00
  0.209829E+01  0.202330E+01  0.139794E+00
  0.210058E+01  0.197106E+01  0.139871E+00
  0.210286E+01  0.184814E+01  0.139272E+00
  0.210515E+01  0.182894E+01  0.140355E+00
  0.210743E+01  0.183739E+01  0.139046E+00
  0.210972E+01  0.193803E+01  0.140136E+00
  0.211200E+01  0.208041E+01  0.139433E+00
  0.211428E+01  0.198003E+01  0.139359E+00
  0.211657E+01  0.212369E+01  0.139856E+00
  0.211885E+01  0.239565E+01  0.138396E+00
  0.212114E+01  0.201050E+01  0.140346E+00
  0.212342E+01  0.195416E+01  0.138827E+00
  0.212571E+01  0.170064E+01  0.139036E+00
  0.212799E+01  0.199846E+01  0.139605E+00
  0.213028E+01  0.226376E+01  0.138769E+00
  0.213256E+01  0.190627E+01  0.140077E+00
  0.213485E+01  0.221767E+01  0.138079E+00
  0.213713E+01  0.231933E+01  0.139187E+00
  0.213941E+01  0.196440E+01  0.139172E+00
  0.214170E+01  0.176492E+01  0.138562E+00
  0.214398E+01  0.195877E+01  0.139641E+00
  0.214627E+01  0.209040E+01  0.137998E+00
  0.214855E+01  0.195672E+01  0.139666E+00
  0.215084E+01  0.228297E+01  0.138756E+00
  0.215312E+01  0.206863E+01  0.138466E+00
  0.215541E+01  0.211472E+01  0.139040E+00
  0.215769E+01  0.195109E+01  0.137841E+00
  0.215998E+01  0.215442E+01  0.139209E+00
  0.216226E+01  0.222433E+01  0.138864E+00
  0.216454E+01  0.172778E+01  0.137930E+00
  0.216683E+01  0.176312E+01  0.138575E+00
  0.216911E+01  0.171012E+01  0.138080E+00
  0.217140E+01  0.207452E+01  0.139137E+00
  0.217368E+01  0.223175E+01  0.138025E+00
  0.217597E+01  0.203278E+01  0.138216E+00
  0.217825E+01  0.210294E+01  0.138566E+00
  0.218054E+01  0.202100E+01  0.137964E+00
  0.218282E+01  0.202894E+01  0.138335E+00
  0.218511E+01  0.215391E+01  0.137898E+00
  0.218739E+01  0.186863E+01  0.138292E+00
  0.218968E+01  0.195980E+01  0.138033E+00
  0.219196E+01  0.199539E+01  0.137974E+00
  0.219424E+01  0.195928E+01  0.137854E+00
  0.219653E+01  0.210115E+01  0.137297E+00
  0.219881E+01  0.219949E+01  0.138330E+00
  0.220110E+01  0.220615E+01  0.137963E+00
  0.220338E+01  0.202996E+01  0.137883E+00
  0.220567E+01  0.187657E+01  0.137552E+00
  0.220795E+01  0.191933E+01  0.137339E+00
  0.221024E+01  0.211242E+01  0.138232E+00
  0.221252E+01  0.214699E+01  0.136717E+00
  0.221481E+01  0.212778E+01  0.137806E+00
  0.221709E+01  0.185557E+01  0.137029E+00
  0.221937E+01  0.178105E+01  0.137712E+00
  0.222166E+01  0.202689E+01  0.137185E+00
  0.222394E+01  0.194366E+01  0.136929E+00
  0.222623E+01  0.220615E+01  0.137648E+00
  0.222851E+01  0.215006E+01  0.136795E+00
  0.223080E+01  0.192574E+01  0.137301E+00
  0.223308E+01  0.169885E+01  0.137097E+00
  0.223537E+01  0.198028E+01  0.136817E+00
  0.223765E+01  0.172010E+01  0.137498E+00
  0.223994E+01  0.180154E+01  0.136307E+00
  0.224222E+01  0.183841E+01  0.137363E+00
  0.224450E+01  0.206761E+01  0.136701E+00
  0.224679E+01  0.171524E+01  0.136879E+00
  0.224907E+01  0.177644E+01  0.137143E+00
  0.225136E+01  0.193675E+01  0.135662E+00
  0.225364E+01  0.214085E+01  0.137219E+00
  0.225593E+01  0.192727E+01  0.136493E+00
  0.225821E+01  0.173163E+01  0.137234E+00
  0.226050E+01  0.191652E+01  0.136662E+00
  0.226278E+01  0.177977E+01  0.136125E+00
  0.226507E+01  0.212113E+01  0.137130E+00
  0.226735E+01  0.185378E+01  0.135550E+00
  0.226963E+01  0.186658E+01  0.137087E+00
  0.227192E+01  0.196953E+01  0.136291E+00
  0.227420E+01  0.175749E+01  0.136074E+00
  0.227649E+01  0.189117E+01  0.137136E+00
  0.227877E+01  0.158950E+01  0.135736E+00
  0.228106E+01  0.186786E+01  0.136442E+00
  0.228334E+01  0.183457E+01  0.135790E+00
  0.228563E+01  0.193777E+01  0.136301E+00
  0.228791E+01  0.193291E+01  0.136955E+00
  0.229020E+01  0.203560E+01  0.135142E+00
  0.229248E+01  0.194238E+01  0.136290E+00
  0.229476E+01  0.153470E+01  0.135185E+00
  0.229705E+01  0.142484E+01  0.136335E+00
  0.229933E+01  0.157798E+01  0.136040E+00
  0.230162E+01  0.175826E+01  0.135518E+00
  0.230390E+01  0.181946E+01  0.136908E+00
  0.230619E+01  0.168220E+01  0.136195E+00
  0.230847E+01  0.164456E+01  0.137366E+00
  0.231076E+01  0.176594E+01  0.137481E+00
  0.231304E+01  0.197132E+01  0.137285E+00
  0.231533E+01  0.176108E+01  0.137556E+00
  0.231761E+01  0.150371E+01  0.136806E+00
  0.231989E+01  0.166428E+01  0.137549E+00
  0.232218E+01  0.174213E+01  0.136895E+00
  0.232446E+01  0.166248E+01  0.136984E+00
  0.232675E+01  0.187580E+01  0.137989E+00
  0.232903E+01  0.190679E+01  0.136918E+00
  0.233132E+01  0.141383E+01  0.137892E+00
  0.233360E+01  0.150115E+01  0.137017E+00
  0.233589E+01  0.186146E+01  0.137757E+00
  0.233817E+01  0.159437E+01  0.137308E+00
  0.234046E+01  0.153342E+01  0.136760E+00
  0.234274E+01  0.150448E+01  0.137742E+00
  0.234503E+01  0.172138E+01  0.137034E+00
  0.234731E+01  0.180307E+01  0.137528E+00
  0.234959E+01  0.194008E+01  0.137431E+00
  0.235188E+01  0.153496E+01  0.137453E+00
  0.235416E+01  0.196645E+01  0.137830E+00
  0.235645E+01  0.200691E+01  0.137352E+00
  0.235873E+01  0.165992E+01  0.137616E+00
  0.236102E+01  0.177157E+01  0.136928E+00
  0.236330E+01  0.150218E+01  0.137732E+00
  0.236559E+01  0.146837E+01  0.137446E+00
  0.236787E+01  0.186248E+01  0.136726E+00
  0.237016E+01  0.181895E+01  0.137814E+00
  0.237244E+01  0.185890E+01  0.136334E+00
  0.237472E+01  0.168784E+01  0.137862E+00
  0.237701E+01  0.142279E+01  0.136983E+00
  0.237929E+01  0.132702E+01  0.136386E+00
  0.238158E+01  0.153521E+01  0.137236E+00
  0.238386E+01  0.184097E+01  0.136793E+00
  0.238615E+01  0.163713E+01  0.137286E+00
  0.238843E+01  0.168451E+01  0.136401E+00
  0.239072E+01  0.169449E+01  0.137001E+00
  0.239300E+01  0.188220E+01  0.137332E+00
  0.239529E+01  0.193675E+01  0.136690E+00
  0.239757E+01  0.175314E+01  0.137050E+00
  0.239985E+01  0.163124E+01  0.135965E+00
  0.240214E+01  0.156492E+01  0.136913E+00
  0.240442E+01  0.186095E+01  0.136842E+00
  0.240671E+01  0.181767E+01  0.136413E+00
  0.240899E+01  0.176773E+01  0.136704E+00
  0.241128E+01  0.166428E+01  0.136136E+00
  0.241356E+01  0.139129E+01  0.136854E+00
  0.241585E+01  0.150474E+01  0.135696E+00
  0.241813E+01  0.152881E+01  0.136363E+00
  0.242042E+01  0.149782E+01  0.136303E+00
  0.242270E+01  0.163713E+01  0.136115E+00
  0.242498E+01  0.195467E+01  0.136675E+00
  0.242727E+01  0.150755E+01  0.135455E+00
  0.242955E+01  0.161357E+01  0.136688E+00
  0.243184E+01  0.181716E+01  0.136223E+00
  0.243412E+01  0.163099E+01  0.135316E+00
  0.243641E+01  0.163995E+01  0.135655E+00
  0.243869E+01  0.137926E+01  0.135657E+00
  0.244098E+01  0.158003E+01  0.136558E+00
  0.244326E+01  0.171985E+01  0.135706E+00
  0.244555E+01  0.154699E+01  0.135601E+00
  0.244783E+01  0.163508E+01  0.135706E+00
  0.245011E+01  0.126940E+01  0.134954E+00
  0.245240E+01  0.172599E+01  0.136181E+00
  0.245468E+01  0.162766E+01  0.135047E+00
  0.245697E+01  0.155595E+01  0.135460E+00
  0.245925E+01  0.154315E+01  0.135501E+00
  0.246154E+01  0.165019E+01  0.135183E+00
  0.246382E+01  0.138873E+01  0.135601E+00
  0.246611E+01  0.124225E+01  0.134039E+00
  0.246839E+01  0.126658E+01  0.135698E+00
  0.247068E+01  0.133803E+01  0.135150E+00
  0.247296E+01  0.161562E+01  0.134932E+00
  0.247525E+01  0.177004E+01  0.135157E+00
  0.247753E+01  0.191729E+01  0.134100E+00
  0.247981E+01  0.139078E+01  0.135116E+00
  0.248210E+01  0.151421E+01  0.134388E+00
  0.248438E+01  0.148348E+01  0.134516E+00
  0.248667E+01  0.149321E+01  0.134732E+00
  0.248895E+01  0.148015E+01  0.133304E+00
  0.249124E+01  0.131421E+01  0.134463E+00
  0.249352E+01  0.159590E+01  0.133479E+00
  0.249581E+01  0.137029E+01  0.133804E+00
  0.249809E+01  0.122228E+01  0.133782E+00
  0.250038E+01  0.112266E+01  0.133115E+00
  0.250266E+01  0.112266E+01  0.133067E+00
  0.250494E+01  0.118361E+01  0.131956E+00
  0.250723E+01  0.150346E+01  0.132827E+00
  0.250951E+01  0.176901E+01  0.132293E+00
  0.251180E+01  0.163688E+01  0.132760E+00
  0.251408E+01  0.170653E+01  0.132478E+00
  0.251637E+01  0.140307E+01  0.131923E+00
  0.251865E+01  0.149859E+01  0.132877E+00
  0.252094E+01  0.145352E+01  0.131860E+00
  0.252322E+01  0.143816E+01  0.132148E+00
  0.252551E+01  0.168528E+01  0.132877E+00
  0.252779E+01  0.161844E+01  0.131856E+00
  0.253007E+01  0.161485E+01  0.132640E+00
  0.253236E+01  0.164840E+01  0.131454E+00
  0.253464E+01  0.172497E+01  0.132408E+00
  0.253693E+01  0.172599E+01  0.132119E+00
  0.253921E+01  0.167273E+01  0.132439E+00
  0.254150E+01  0.146940E+01  0.131882E+00
  0.254378E+01  0.162305E+01  0.131680E+00
  0.254607E+01  0.138105E+01  0.132122E+00
  0.254835E+01  0.159104E+01  0.131691E+00
  0.255064E+01  0.169808E+01  0.131986E+00
  0.255292E+01  0.103969E+01  0.131802E+00
  0.255520E+01  0.147196E+01  0.131406E+00
  0.255749E+01  0.175339E+01  0.132769E+00
  0.255977E+01  0.162254E+01  0.131446E+00
  0.256206E+01  0.171037E+01  0.131587E+00
  0.256434E+01  0.152522E+01  0.131678E+00
  0.256663E+01  0.165864E+01  0.131502E+00
  0.256891E+01  0.187939E+01  0.132455E+00
  0.257120E+01  0.166300E+01  0.131058E+00
  0.257348E+01  0.145736E+01  0.131666E+00
  0.257577E+01  0.139052E+01  0.131206E+00
  0.257805E+01  0.128246E+01  0.131971E+00
  0.258033E+01  0.137951E+01  0.131917E+00
  0.258262E+01  0.156159E+01  0.130788E+00
  0.258490E+01  0.139821E+01  0.132024E+00
  0.258719E+01  0.139385E+01  0.131041E+00
  0.258947E+01  0.120333E+01  0.131185E+00
  0.259176E+01  0.141639E+01  0.131092E+00
  0.259404E+01  0.109987E+01  0.130926E+00
  0.259633E+01  0.110525E+01  0.131520E+00
  0.259861E+01  0.109245E+01  0.130557E+00
  0.260090E+01  0.105506E+01  0.131229E+00
  0.260318E+01  0.127452E+01  0.130810E+00
  0.260546E+01  0.133086E+01  0.131147E+00
  0.260775E+01  0.143278E+01  0.131587E+00
  0.261003E+01  0.133086E+01  0.130694E+00
  0.261232E+01  0.179923E+01  0.131913E+00
  0.261460E+01  0.168425E+01  0.130855E+00
  0.261689E+01  0.146735E+01  0.131283E+00
  0.261917E+01  0.993854E+00  0.130615E+00
  0.262146E+01  0.127913E+01  0.130546E+00
  0.262374E+01  0.158694E+01  0.131553E+00
  0.262603E+01  0.141613E+01  0.130700E+00
  0.262831E+01  0.126376E+01  0.130805E+00
  0.263060E+01  0.142689E+01  0.130440E+00
  0.263288E+01  0.142689E+01  0.130806E+00
  0.263516E+01  0.134085E+01  0.131391E+00
  0.263745E+01  0.123969E+01  0.130276E+00
  0.263973E+01  0.126556E+01  0.130487E+00
  0.264202E+01  0.127657E+01  0.130339E+00
  0.264430E+01  0.109859E+01  0.130624E+00
  0.264659E+01  0.121178E+01  0.130886E+00
  0.264887E+01  0.135339E+01  0.130318E+00
  0.265116E+01  0.109321E+01  0.130556E+00
  0.265344E+01  0.105147E+01  0.129999E+00
  0.265573E+01  0.127836E+01  0.130970E+00
  0.265801E+01  0.112292E+01  0.130320E+00
  0.266029E+01  0.140717E+01  0.130315E+00
  0.266258E+01  0.106965E+01  0.130441E+00
  0.266486E+01  0.830986E+00  0.129971E+00
  0.266715E+01  0.987452E+00  0.130895E+00
  0.266943E+01  0.131165E+01  0.129853E+00
  0.267172E+01  0.147017E+01  0.130577E+00
  0.267400E+01  0.157388E+01  0.130500E+00
  0.267629E+01  0.127913E+01  0.129816E+00
  0.267857E+01  0.126940E+01  0.130530E+00
  0.268086E+01  0.128758E+01  0.129751E+00
  0.268314E+01  0.156773E+01  0.130866E+00
  0.268542E+01  0.131575E+01  0.130297E+00
  0.268771E+01  0.123150E+01  0.129674E+00
  0.268999E+01  0.122458E+01  0.130555E+00
  0.269228E+01  0.137286E+01  0.129232E+00
  0.269456E+01  0.136876E+01  0.131054E+00
  0.269685E+01  0.135160E+01  0.129761E+00
  0.269913E+01  0.148809E+01  0.130081E+00
  0.270142E+01  0.145634E+01  0.130381E+00
  0.270370E+01  0.128912E+01  0.129243E+00
  0.270599E+01  0.133342E+01  0.130714E+00
  0.270827E+01  0.143022E+01  0.129320E+00
  0.271055E+01  0.122100E+01  0.130234E+00
  0.271284E+01  0.993342E+00  0.130076E+00
  0.271512E+01  0.124020E+01  0.129267E+00
  0.271741E+01  0.111985E+01  0.130194E+00
  0.271969E+01  0.118924E+01  0.129168E+00
  0.272198E+01  0.121895E+01  0.130156E+00
  0.272426E+01  0.122049E+01  0.130248E+00
  0.272655E+01  0.136645E+01  0.129200E+00
  0.272883E+01  0.172548E+01  0.130269E+00
  0.273112E+01  0.129885E+01  0.128995E+00
  0.273340E+01  0.118259E+01  0.129851E+00
  0.273568E+01  0.154878E+01  0.129408E+00
  0.273797E+01  0.122049E+01  0.129047E+00
  0.274025E+01  0.127401E+01  0.130027E+00
  0.274254E+01  0.123841E+01  0.129228E+00
  0.274482E+01  0.137029E+01  0.130059E+00
  0.274711E+01  0.130013E+01  0.128837E+00
  0.274939E+01  0.159206E+01  0.129661E+00
  0.275168E+01  0.143303E+01  0.129744E+00
  0.275396E+01  0.106325E+01  0.129153E+00
  0.275625E+01  0.118054E+01  0.129720E+00
  0.275853E+01  0.126479E+01  0.128634E+00
  0.276081E+01  0.127734E+01  0.129566E+00
  0.276310E+01  0.138335E+01  0.129467E+00
  0.276538E+01  0.113828E+01  0.129134E+00
  0.276767E+01  0.126658E+01  0.129405E+00
  0.276995E+01  0.989757E+00  0.129347E+00
  0.277224E+01  0.118438E+01  0.129429E+00
  0.277452E+01  0.918566E+00  0.128729E+00
  0.277681E+01  0.100487E+01  0.128929E+00
  0.277909E+01  0.106633E+01  0.129428E+00
  0.278138E+01  0.811268E+00  0.129236E+00
  0.278366E+01  0.953905E+00  0.129315E+00
  0.278595E+01  0.134443E+01  0.128493E+00
  0.278823E+01  0.122689E+01  0.129245E+00
  0.279051E+01  0.118822E+01  0.129000E+00
  0.279280E+01  0.127452E+01  0.128848E+00
  0.279508E+01  0.118464E+01  0.129207E+00
  0.279737E+01  0.146684E+01  0.128667E+00
  0.279965E+01  0.145352E+01  0.129507E+00
  0.280194E+01  0.859411E+00  0.128348E+00
  0.280422E+01  0.105967E+01  0.128609E+00
  0.280651E+01  0.119206E+01  0.129058E+00
  0.280879E+01  0.130704E+01  0.128829E+00
  0.281108E+01  0.140743E+01  0.129870E+00
  0.281336E+01  0.142254E+01  0.128057E+00
  0.281564E+01  0.125839E+01  0.129206E+00
  0.281793E+01  0.111421E+01  0.128987E+00
  0.282021E+01  0.973880E+00  0.128858E+00
  0.282250E+01  0.110090E+01  0.129353E+00
  0.282478E+01  0.128860E+01  0.128077E+00
  0.282707E+01  0.155877E+01  0.129341E+00
  0.282935E+01  0.132061E+01  0.128486E+00
  0.283164E+01  0.149449E+01  0.128821E+00
  0.283392E+01  0.131575E+01  0.128641E+00
  0.283621E+01  0.101741E+01  0.128258E+00
  0.283849E+01  0.123201E+01  0.129752E+00
  0.284077E+01  0.959795E+00  0.127767E+00
  0.284306E+01  0.801793E+00  0.128227E+00
  0.284534E+01  0.120026E+01  0.128316E+00
  0.284763E+01  0.142535E+01  0.128462E+00
  0.284991E+01  0.111652E+01  0.129403E+00
  0.285220E+01  0.969782E+00  0.127585E+00
  0.285448E+01  0.125070E+01  0.128707E+00
  0.285677E+01  0.117926E+01  0.128445E+00
  0.285905E+01  0.110730E+01  0.128605E+00
  0.286134E+01  0.118054E+01  0.128584E+00
  0.286362E+01  0.117542E+01  0.128074E+00
  0.286590E+01  0.158387E+01  0.128913E+00
  0.286819E+01  0.134622E+01  0.128303E+00
  0.287047E+01  0.113419E+01  0.128226E+00
  0.287276E+01  0.105941E+01  0.128301E+00
  0.287504E+01  0.123278E+01  0.127786E+00
  0.287733E+01  0.122151E+01  0.128969E+00
  0.287961E+01  0.117209E+01  0.127784E+00
  0.288190E+01  0.123534E+01  0.128207E+00
  0.288418E+01  0.125531E+01  0.128407E+00
  0.288647E+01  0.118873E+01  0.127997E+00
  0.288875E+01  0.157670E+01  0.128744E+00
  0.289103E+01  0.135006E+01  0.127769E+00
  0.289332E+01  0.134392E+01  0.128236E+00
  0.289560E+01  0.132241E+01  0.127933E+00
  0.289789E+01  0.801280E+00  0.128205E+00
  0.290017E+01  0.118515E+01  0.128033E+00
  0.290246E+01  0.118310E+01  0.127564E+00
  0.290474E+01  0.108860E+01  0.128660E+00
  0.290703E+01  0.117362E+01  0.127886E+00
  0.290931E+01  0.125762E+01  0.128453E+00
  0.291160E+01  0.107426E+01  0.128041E+00
  0.291388E+01  0.121306E+01  0.127631E+00
  0.291617E+01  0.122586E+01  0.128601E+00
  0.291845E+01  0.115826E+01  0.127433E+00
  0.292073E+01  0.105096E+01  0.128064E+00
  0.292302E+01  0.127503E+01  0.127645E+00
  0.292530E+01  0.109296E+01  0.128094E+00
  0.292759E+01  0.109936E+01  0.128443E+00
  0.292987E+01  0.119283E+01  0.127349E+00
  0.293216E+01  0.110243E+01  0.128140E+00
  0.293444E+01  0.125198E+01  0.127561E+00
  0.293673E+01  0.129987E+01  0.128500E+00
  0.293901E+01  0.102510E+01  0.127814E+00
  0.294130E+01  0.951344E+00  0.127413E+00
  0.294358E+01  0.883995E+00  0.128465E+00
  0.294586E+01  0.934699E+00  0.126968E+00
  0.294815E+01  0.124891E+01  0.128232E+00
  0.295043E+01  0.130038E+01  0.127483E+00
  0.295272E+01  0.102228E+01  0.127467E+00
  0.295500E+01  0.113752E+01  0.128266E+00
  0.295729E+01  0.104584E+01  0.127126E+00
  0.295957E+01  0.758259E+00  0.127703E+00
  0.296186E+01  0.106453E+01  0.127171E+00
  0.296414E+01  0.140922E+01  0.127968E+00
  0.296643E+01  0.128143E+01  0.128198E+00
  0.296871E+01  0.131268E+01  0.127022E+00
  0.297099E+01  0.109168E+01  0.128191E+00
  0.297328E+01  0.111447E+01  0.126929E+00
  0.297556E+01  0.924456E+00  0.128126E+00
  0.297785E+01  0.879898E+00  0.127749E+00
  0.298013E+01  0.999744E+00  0.127058E+00
  0.298242E+01  0.120026E+01  0.128111E+00
  0.298470E+01  0.106274E+01  0.127184E+00
  0.298699E+01  0.109706E+01  0.127695E+00
  0.298927E+01  0.118924E+01  0.127174E+00
  0.299156E+01  0.121639E+01  0.127422E+00
  0.299384E+01  0.831754E+00  0.127738E+00
  0.299612E+01  0.806658E+00  0.127189E+00
  0.299841E+01  0.102125E+01  0.127460E+00
  0.300069E+01  0.101536E+01  0.127003E+00
  0.300298E+01  0.111268E+01  0.127869E+00
  0.300526E+01  0.936492E+00  0.127675E+00
  0.300755E+01  0.106197E+01  0.126963E+00
  0.300983E+01  0.125147E+01  0.127546E+00
  0.301212E+01  0.153752E+01  0.127260E+00
  0.301440E+01  0.113367E+01  0.127976E+00
  0.301669E+01  0.123227E+01  0.127376E+00
  0.301897E+01  0.123969E+01  0.127317E+00
  0.302125E+01  0.115826E+01  0.127805E+00
  0.302354E+01  0.109014E+01  0.127099E+00
  0.302582E+01  0.952369E+00  0.127750E+00
  0.302811E+01  0.850192E+00  0.126239E+00
  0.303039E+01  0.109910E+01  0.127465E+00
  0.303268E+01  0.113931E+01  0.127556E+00
  0.303496E+01  0.117951E+01  0.126997E+00
  0.303725E+01  0.155365E+01  0.128022E+00
  0.303953E+01  0.133854E+01  0.126599E+00
  0.304182E+01  0.102228E+01  0.127561E+00
  0.304410E+01  0.905250E+00  0.127362E+00
  0.304638E+01  0.105685E+01  0.126713E+00
  0.304867E+01  0.127606E+01  0.127672E+00
  0.305095E+01  0.986428E+00  0.126663E+00
  0.305324E+01  0.132215E+01  0.127856E+00
  0.305552E+01  0.119129E+01  0.126675E+00
  0.305781E+01  0.138950E+01  0.127188E+00
  0.306009E+01  0.124609E+01  0.127479E+00
  0.306238E+01  0.137951E+01  0.126887E+00
  0.306466E+01  0.872471E+00  0.127326E+00
  0.306695E+01  0.977977E+00  0.126499E+00
  0.306923E+01  0.954673E+00  0.127031E+00
  0.307152E+01  0.100102E+01  0.127397E+00
  0.307380E+01  0.856082E+00  0.126626E+00
  0.307608E+01  0.105659E+01  0.127368E+00
  0.307837E+01  0.119027E+01  0.126419E+00
  0.308065E+01  0.136082E+01  0.127714E+00
  0.308294E+01  0.138771E+01  0.126938E+00
  0.308522E+01  0.110115E+01  0.126580E+00
  0.308751E+01  0.120077E+01  0.127088E+00
  0.308979E+01  0.119206E+01  0.126679E+00
  0.309208E+01  0.122996E+01  0.127679E+00
  0.309436E+01  0.137055E+01  0.126549E+00
  0.309665E+01  0.145531E+01  0.127200E+00
  0.309893E+01  0.104609E+01  0.127269E+00
  0.310121E+01  0.119846E+01  0.126737E+00
  0.310350E+01  0.109757E+01  0.127515E+00
  0.310578E+01  0.113163E+01  0.126312E+00
  0.310807E+01  0.123867E+01  0.127174E+00
  0.311035E+01  0.124174E+01  0.127175E+00
  0.311264E+01  0.135851E+01  0.126830E+00
  0.311492E+01  0.140589E+01  0.127264E+00
  0.311721E+01  0.118028E+01  0.126543E+00
  0.311949E+01  0.142356E+01  0.127808E+00
  0.312178E+01  0.105327E+01  0.126381E+00
  0.312406E+01  0.119078E+01  0.126608E+00
  0.312634E+01  0.119360E+01  0.127097E+00
  0.312863E+01  0.990013E+00  0.126605E+00
  0.313091E+01  0.125301E+01  0.127717E+00
  0.313320E+01  0.126479E+01  0.126610E+00
  0.313548E+01  0.987196E+00  0.126920E+00
  0.313777E+01  0.110858E+01  0.126904E+00
  0.314005E+01  0.128067E+01  0.126626E+00
  0.314234E+01  0.133035E+01  0.127414E+00
  0.314462E+01  0.116466E+01  0.126018E+00
  0.314691E+01  0.117055E+01  0.127324E+00
  0.314919E+01  0.133239E+01  0.126858E+00
  0.315147E+01  0.124789E+01  0.126941E+00
  0.315376E+01  0.808195E+00  0.126898E+00
  0.315604E+01  0.936236E+00  0.126169E+00
  0.315833E+01  0.840717E+00  0.127582E+00
  0.316061E+01  0.103047E+01  0.126280E+00
  0.316290E+01  0.971319E+00  0.126894E+00
  0.316518E+01  0.106812E+01  0.126926E+00
  0.316747E+01  0.115083E+01  0.126554E+00
  0.316975E+01  0.131293E+01  0.127432E+00
  0.317204E+01  0.101408E+01  0.125540E+00
  0.317432E+01  0.126761E+01  0.127179E+00
  0.317660E+01  0.115954E+01  0.126914E+00
  0.317889E+01  0.115339E+01  0.126632E+00
  0.318117E+01  0.108681E+01  0.126954E+00
  0.318346E+01  0.970807E+00  0.126054E+00
  0.318574E+01  0.105583E+01  0.127123E+00
  0.318803E+01  0.123995E+01  0.126746E+00
  0.319031E+01  0.127964E+01  0.126853E+00
  0.319260E+01  0.128758E+01  0.126823E+00
  0.319488E+01  0.123508E+01  0.126395E+00
  0.319717E+01  0.130807E+01  0.127406E+00
  0.319945E+01  0.110781E+01  0.126393E+00
  0.320173E+01  0.121921E+01  0.127084E+00
  0.320402E+01  0.112522E+01  0.127162E+00
  0.320630E+01  0.987964E+00  0.126483E+00
  0.320859E+01  0.103688E+01  0.127030E+00
  0.321087E+01  0.924200E+00  0.126166E+00
  0.321316E+01  0.119232E+01  0.126916E+00
  0.321544E+01  0.113700E+01  0.126442E+00
  0.321773E+01  0.131037E+01  0.126941E+00
  0.322001E+01  0.130141E+01  0.126725E+00
  0.322230E+01  0.108784E+01  0.126133E+00
  0.322458E+01  0.944174E+00  0.127108E+00
  0.322687E+01  0.134238E+01  0.126657E+00
  0.322915E+01  0.106837E+01  0.126873E+00
  0.323143E+01  0.102151E+01  0.126331E+00
  0.323372E+01  0.964149E+00  0.126393E+00
  0.323600E+01  0.105583E+01  0.127280E+00
  0.323829E+01  0.973367E+00  0.126072E+00
  0.324057E+01  0.125736E+01  0.126852E+00
  0.324286E+01  0.152420E+01  0.126674E+00
  0.324514E+01  0.125762E+01  0.126866E+00
  0.324743E+01  0.141255E+01  0.127088E+00
  0.324971E+01  0.127119E+01  0.125895E+00
  0.325200E+01  0.106300E+01  0.126877E+00
  0.325428E+01  0.100666E+01  0.126272E+00
  0.325656E+01  0.985403E+00  0.126928E+00
  0.325885E+01  0.107682E+01  0.126765E+00
  0.326113E+01  0.735723E+00  0.126269E+00
  0.326342E+01  0.100666E+01  0.127212E+00
  0.326570E+01  0.112830E+01  0.126232E+00
  0.326799E+01  0.106940E+01  0.126775E+00
  0.327027E+01  0.121383E+01  0.126731E+00
  0.327256E+01  0.113598E+01  0.126310E+00
  0.327484E+01  0.116978E+01  0.127688E+00
  0.327713E+01  0.140128E+01  0.126207E+00
  0.327941E+01  0.138259E+01  0.126603E+00
  0.328169E+01  0.141485E+01  0.126432E+00
  0.328398E+01  0.147939E+01  0.127312E+00
  0.328626E+01  0.124763E+01  0.126990E+00
  0.328855E+01  0.117465E+01  0.125976E+00
  0.329083E+01  0.124789E+01  0.126988E+00
  0.329312E+01  0.106479E+01  0.126080E+00
  0.329540E+01  0.116389E+01  0.127414E+00
  0.329769E+01  0.133496E+01  0.126749E+00
  0.329997E+01  0.132394E+01  0.126272E+00
  0.330226E+01  0.119949E+01  0.127277E+00
  0.330454E+01  0.115851E+01  0.126205E+00
  0.330682E+01  0.135083E+01  0.126650E+00
  0.330911E+01  0.114930E+01  0.126224E+00
  0.331139E+01  0.118566E+01  0.126703E+00
  0.331368E+01  0.110166E+01  0.126908E+00
  0.331596E+01  0.966453E+00  0.126386E+00
  0.331825E+01  0.798207E+00  0.126656E+00
  0.332053E+01  0.843790E+00  0.126022E+00
  0.332282E+01  0.900128E+00  0.126942E+00
  0.332510E+01  0.757234E+00  0.126558E+00
  0.332739E+01  0.105634E+01  0.126129E+00
  0.332967E+01  0.115365E+01  0.127075E+00
  0.333195E+01  0.103355E+01  0.126005E+00
  0.333424E+01  0.117542E+01  0.127135E+00
  0.333652E+01  0.114187E+01  0.126129E+00
  0.333881E+01  0.112625E+01  0.126353E+00
  0.334109E+01  0.923175E+00  0.126960E+00
  0.334338E+01  0.114315E+01  0.126423E+00
  0.334566E+01  0.150986E+01  0.127224E+00
  0.334795E+01  0.135980E+01  0.126069E+00
  0.335023E+01  0.139283E+01  0.126749E+00
  0.335252E+01  0.124533E+01  0.127152E+00
  0.335480E+01  0.720102E+00  0.126027E+00
  0.335708E+01  0.134289E+01  0.127155E+00
  0.335937E+01  0.124353E+01  0.126272E+00
  0.336165E+01  0.125864E+01  0.126864E+00
  0.336394E+01  0.101588E+01  0.126423E+00
  0.336622E+01  0.111063E+01  0.126149E+00
  0.336851E+01  0.110448E+01  0.127203E+00
  0.337079E+01  0.109603E+01  0.126415E+00
  0.337308E+01  0.116517E+01  0.127533E+00
  0.337536E+01  0.121460E+01  0.126240E+00
  0.337765E+01  0.135544E+01  0.126697E+00
  0.337993E+01  0.115928E+01  0.127070E+00
  0.338222E+01  0.104763E+01  0.126480E+00
  0.338450E+01  0.112087E+01  0.126900E+00
  0.338678E+01  0.991549E+00  0.125760E+00
  0.338907E+01  0.984635E+00  0.126881E+00
  0.339135E+01  0.923944E+00  0.127171E+00
  0.339364E+01  0.116825E+01  0.126199E+00
  0.339592E+01  0.121716E+01  0.127245E+00
  0.339821E+01  0.111088E+01  0.126009E+00
  0.340049E+01  0.981050E+00  0.127212E+00
  0.340278E+01  0.104917E+01  0.126286E+00
  0.340506E+01  0.104200E+01  0.126325E+00
  0.340735E+01  0.979513E+00  0.126909E+00
  0.340963E+01  0.874520E+00  0.126348E+00
  0.341191E+01  0.112471E+01  0.127523E+00
  0.341420E+01  0.946991E+00  0.126144E+00
  0.341648E+01  0.139744E+01  0.126985E+00
  0.341877E+01  0.149091E+01  0.127013E+00
  0.342105E+01  0.146914E+01  0.126755E+00
  0.342334E+01  0.132292E+01  0.126989E+00
  0.342562E+01  0.105762E+01  0.126019E+00
  0.342791E+01  0.106044E+01  0.126956E+00
  0.343019E+01  0.974392E+00  0.127332E+00
  0.343248E+01  0.908835E+00  0.125964E+00
  0.343476E+01  0.100973E+01  0.126989E+00
  0.343704E+01  0.707810E+00  0.126273E+00
  0.343933E+01  0.919846E+00  0.127138E+00
  0.344161E+01  0.102228E+01  0.126494E+00
  0.344390E+01  0.112343E+01  0.126663E+00
  0.344618E+01  0.124891E+01  0.126891E+00
  0.344847E+01  0.121024E+01  0.126347E+00
  0.345075E+01  0.124481E+01  0.127197E+00
  0.345304E+01  0.136620E+01  0.126059E+00
  0.345532E+01  0.112881E+01  0.126965E+00
  0.345761E+01  0.118284E+01  0.126929E+00
  0.345989E+01  0.127478E+01  0.126590E+00
  0.346217E+01  0.112753E+01  0.126958E+00
  0.346446E+01  0.135519E+01  0.126177E+00
  0.346674E+01  0.101204E+01  0.127136E+00
  0.346903E+01  0.104789E+01  0.126600E+00
  0.347131E+01  0.114673E+01  0.126762E+00
  0.347360E+01  0.100691E+01  0.126571E+00
  0.347588E+01  0.138182E+01  0.126404E+00
  0.347817E+01  0.138233E+01  0.127513E+00
  0.348045E+01  0.108169E+01  0.126196E+00
  0.348274E+01  0.987452E+00  0.126966E+00
  0.348502E+01  0.858643E+00  0.127007E+00
  0.348730E+01  0.108195E+01  0.126958E+00
  0.348959E+01  0.129501E+01  0.127775E+00
  0.349187E+01  0.110679E+01  0.125724E+00
  0.349416E+01  0.135237E+01  0.127363E+00
  0.349644E+01  0.134981E+01  0.127086E+00
  0.349873E+01  0.101690E+01  0.126983E+00
  0.350101E+01  0.119411E+01  0.127274E+00
  0.350330E+01  0.129449E+01  0.126140E+00
  0.350558E+01  0.144763E+01  0.127652E+00
  0.350787E+01  0.161818E+01  0.126861E+00
  0.351015E+01  0.142689E+01  0.126822E+00
  0.351244E+01  0.116517E+01  0.127234E+00
  0.351472E+01  0.955698E+00  0.126501E+00
  0.351700E+01  0.127196E+01  0.127820E+00
  0.351929E+01  0.124968E+01  0.126067E+00
  0.352157E+01  0.138822E+01  0.127175E+00
  0.352386E+01  0.114213E+01  0.127339E+00
  0.352614E+01  0.110551E+01  0.126564E+00
  0.352843E+01  0.119795E+01  0.127816E+00
  0.353071E+01  0.113624E+01  0.125740E+00
  0.353300E+01  0.131293E+01  0.127439E+00
  0.353528E+01  0.980026E+00  0.126823E+00
  0.353757E+01  0.102407E+01  0.127160E+00
  0.353985E+01  0.107452E+01  0.127402E+00
  0.354213E+01  0.117823E+01  0.126579E+00
  0.354442E+01  0.148246E+01  0.127658E+00
  0.354670E+01  0.129757E+01  0.126903E+00
  0.354899E+01  0.120410E+01  0.127146E+00
  0.355127E+01  0.953393E+00  0.127020E+00
  0.355356E+01  0.131447E+01  0.127197E+00
  0.355584E+01  0.106889E+01  0.128115E+00
  0.355813E+01  0.118233E+01  0.126567E+00
  0.356041E+01  0.114802E+01  0.127160E+00
  0.356270E+01  0.978745E+00  0.127233E+00
  0.356498E+01  0.106914E+01  0.127233E+00
  0.356726E+01  0.129373E+01  0.127627E+00
  0.356955E+01  0.137670E+01  0.126702E+00
  0.357183E+01  0.992830E+00  0.127746E+00
  0.357412E+01  0.112830E+01  0.126912E+00
  0.357640E+01  0.148656E+01  0.127569E+00
  0.357869E+01  0.118796E+01  0.127157E+00
  0.358097E+01  0.906786E+00  0.126823E+00
  0.358326E+01  0.104405E+01  0.127639E+00
  0.358554E+01  0.104430E+01  0.127199E+00
  0.358783E+01  0.969014E+00  0.127058E+00
  0.359011E+01  0.955954E+00  0.127179E+00
  0.359239E+01  0.973624E+00  0.126763E+00
  0.359468E+01  0.815621E+00  0.128164E+00
  0.359696E+01  0.111882E+01  0.126970E+00
  0.359925E+01  0.108732E+01  0.127490E+00
  0.360153E+01  0.987452E+00  0.127011E+00
  0.360382E+01  0.112881E+01  0.127427E+00
  0.360610E+01  0.107298E+01  0.127709E+00
  0.360839E+01  0.129962E+01  0.127158E+00
  0.361067E+01  0.111140E+01  0.128264E+00
  0.361296E+01  0.130320E+01  0.127090E+00
  0.361524E+01  0.135237E+01  0.127904E+00
  0.361752E+01  0.123175E+01  0.127293E+00
  0.361981E+01  0.122305E+01  0.127203E+00
  0.362209E+01  0.144046E+01  0.128554E+00
  0.362438E+01  0.105659E+01  0.127074E+00
  0.362666E+01  0.128169E+01  0.127768E+00
  0.362895E+01  0.132804E+01  0.127194E+00
  0.363123E+01  0.122100E+01  0.127718E+00
  0.363352E+01  0.112855E+01  0.128032E+00
  0.363580E+01  0.956210E+00  0.126995E+00
  0.363809E+01  0.966453E+00  0.127918E+00
  0.364037E+01  0.126658E+01  0.127107E+00
  0.364265E+01  0.131831E+01  0.128216E+00
  0.364494E+01  0.121793E+01  0.127495E+00
  0.364722E+01  0.101127E+01  0.127040E+00
  0.364951E+01  0.873496E+00  0.128346E+00
  0.365179E+01  0.126658E+01  0.127305E+00
  0.365408E+01  0.120768E+01  0.128407E+00
  0.365636E+01  0.130755E+01  0.127212E+00
  0.365865E+01  0.150986E+01  0.127229E+00
  0.366093E+01  0.119052E+01  0.127996E+00
  0.366322E+01  0.110551E+01  0.127379E+00
  0.366550E+01  0.113239E+01  0.127844E+00
  0.366779E+01  0.143611E+01  0.127663E+00
  0.367007E+01  0.120461E+01  0.128065E+00
  0.367235E+01  0.670423E+00  0.128268E+00
  0.367464E+01  0.108630E+01  0.127322E+00
  0.367692E+01  0.939309E+00  0.127664E+00
  0.367921E+01  0.105992E+01  0.127577E+00
  0.368149E+01  0.119718E+01  0.128277E+00
  0.368378E+01  0.123739E+01  0.128441E+00
  0.368606E+01  0.138335E+01  0.127079E+00
  0.368835E+01  0.125378E+01  0.128500E+00
  0.369063E+01  0.104020E+01  0.127624E+00
  0.369292E+01  0.108553E+01  0.128378E+00
  0.369520E+01  0.913444E+00  0.127633E+00
  0.369748E+01  0.115826E+01  0.127646E+00
  0.369977E+01  0.100307E+01  0.128666E+00
  0.370205E+01  0.774392E+00  0.127593E+00
  0.370434E+01  0.929577E+00  0.127975E+00
  0.370662E+01  0.108374E+01  0.128100E+00
  0.370891E+01  0.115698E+01  0.128176E+00
  0.371119E+01  0.106863E+01  0.128665E+00
  0.371348E+01  0.125711E+01  0.127562E+00
  0.371576E+01  0.110576E+01  0.128074E+00
  0.371805E+01  0.984635E+00  0.127912E+00
  0.372033E+01  0.117081E+01  0.128538E+00
  0.372261E+01  0.743918E+00  0.128250E+00
  0.372490E+01  0.885787E+00  0.127621E+00
  0.372718E+01  0.104046E+01  0.128709E+00
  0.372947E+01  0.127964E+01  0.127907E+00
  0.373175E+01  0.115365E+01  0.128603E+00
  0.373404E+01  0.116159E+01  0.128012E+00
  0.373632E+01  0.101536E+01  0.128418E+00
  0.373861E+01  0.114930E+01  0.128992E+00
  0.374089E+01  0.133214E+01  0.128522E+00
  0.374318E+01  0.147529E+01  0.128581E+00
  0.374546E+01  0.120538E+01  0.128142E+00
  0.374774E+01  0.107401E+01  0.128771E+00
  0.375003E+01  0.114904E+01  0.128775E+00
  0.375231E+01  0.125352E+01  0.127889E+00
  0.375460E+01  0.140333E+01  0.128866E+00
  0.375688E+01  0.133777E+01  0.128677E+00
  0.375917E+01  0.908579E+00  0.128706E+00
  0.376145E+01  0.133803E+01  0.128623E+00
  0.376374E+01  0.113828E+01  0.127878E+00
  0.376602E+01  0.124942E+01  0.129006E+00
  0.376831E+01  0.766709E+00  0.128423E+00
  0.377059E+01  0.114341E+01  0.128720E+00
  0.377287E+01  0.117465E+01  0.128456E+00
  0.377516E+01  0.126197E+01  0.128298E+00
  0.377744E+01  0.114878E+01  0.129226E+00
  0.377973E+01  0.924200E+00  0.128851E+00
  0.378201E+01  0.850704E+00  0.128671E+00
  0.378430E+01  0.970294E+00  0.129082E+00
  0.378658E+01  0.818182E+00  0.128710E+00
  0.378887E+01  0.127247E+01  0.129256E+00
  0.379115E+01  0.100102E+01  0.128750E+00
  0.379344E+01  0.985403E+00  0.128766E+00
  0.379572E+01  0.949296E+00  0.129266E+00
  0.379800E+01  0.964405E+00  0.128991E+00
  0.380029E+01  0.122638E+01  0.129046E+00
  0.380257E+01  0.137183E+01  0.128912E+00
  0.380486E+01  0.117106E+01  0.129139E+00
  0.380714E+01  0.105455E+01  0.129248E+00
  0.380943E+01  0.873496E+00  0.129066E+00
  0.381171E+01  0.857106E+00  0.128838E+00
  0.381400E+01  0.828681E+00  0.129127E+00
  0.381628E+01  0.103662E+01  0.129440E+00
  0.381857E+01  0.751601E+00  0.129206E+00
  0.382085E+01  0.101818E+01  0.129011E+00
  0.382314E+01  0.124251E+01  0.129571E+00
  0.382542E+01  0.112548E+01  0.129402E+00
  0.382770E+01  0.105019E+01  0.129406E+00
  0.382999E+01  0.933931E+00  0.129192E+00
  0.383227E+01  0.107247E+01  0.129381E+00
  0.383456E+01  0.117081E+01  0.129671E+00
  0.383684E+01  0.111268E+01  0.129819E+00
  0.383913E+01  0.113752E+01  0.129627E+00
  0.384141E+01  0.110883E+01  0.129216E+00
  0.384370E+01  0.122586E+01  0.129561E+00
  0.384598E+01  0.985659E+00  0.129738E+00
  0.384827E+01  0.796671E+00  0.129841E+00
  0.385055E+01  0.113803E+01  0.129361E+00
  0.385283E+01  0.101562E+01  0.129831E+00
  0.385512E+01  0.779513E+00  0.129722E+00
  0.385740E+01  0.151626E+01  0.129991E+00
  0.385969E+01  0.124507E+01  0.129408E+00
  0.386197E+01  0.912676E+00  0.129984E+00
  0.386426E+01  0.114366E+01  0.129974E+00
  0.386654E+01  0.119667E+01  0.129772E+00
  0.386883E+01  0.106786E+01  0.129685E+00
  0.387111E+01  0.108451E+01  0.129638E+00
  0.387340E+01  0.113086E+01  0.130131E+00
  0.387568E+01  0.112010E+01  0.130389E+00
  0.387796E+01  0.819206E+00  0.129965E+00
  0.388025E+01  0.868630E+00  0.130026E+00
  0.388253E+01  0.112343E+01  0.129865E+00
  0.388482E+01  0.121536E+01  0.130381E+00
  0.388710E+01  0.123278E+01  0.130074E+00
  0.388939E+01  0.127222E+01  0.129760E+00
  0.389167E+01  0.129245E+01  0.130858E+00
  0.389396E+01  0.115980E+01  0.130597E+00
  0.389624E+01  0.114161E+01  0.130310E+00
  0.389853E+01  0.117516E+01  0.130040E+00
  0.390081E+01  0.858131E+00  0.130188E+00
  0.390309E+01  0.117900E+01  0.130610E+00
  0.390538E+01  0.102125E+01  0.130560E+00
  0.390766E+01  0.110935E+01  0.130258E+00
  0.390995E+01  0.116722E+01  0.130710E+00
  0.391223E+01  0.940333E+00  0.130632E+00
  0.391452E+01  0.821767E+00  0.130566E+00
  0.391680E+01  0.962612E+00  0.130015E+00
  0.391909E+01  0.104533E+01  0.130483E+00
  0.392137E+01  0.778233E+00  0.130929E+00
  0.392366E+01  0.891421E+00  0.131003E+00
  0.392594E+01  0.681178E+00  0.130553E+00
  0.392822E+01  0.735980E+00  0.130102E+00
  0.393051E+01  0.107426E+01  0.130890E+00
  0.393279E+01  0.985659E+00  0.131036E+00
  0.393508E+01  0.935467E+00  0.131095E+00
  0.393736E+01  0.117132E+01  0.130551E+00
  0.393965E+01  0.160077E+01  0.131046E+00
  0.394193E+01  0.126965E+01  0.131400E+00
  0.394422E+01  0.136312E+01  0.131345E+00
  0.394650E+01  0.119334E+01  0.131019E+00
  0.394879E+01  0.110653E+01  0.131226E+00
  0.395107E+01  0.122125E+01  0.131533E+00
  0.395336E+01  0.138796E+01  0.131698E+00
  0.395564E+01  0.120615E+01  0.130984E+00
  0.395792E+01  0.916005E+00  0.130885E+00
  0.396021E+01  0.998464E+00  0.131191E+00
  0.396249E+01  0.135621E+01  0.131926E+00
  0.396478E+01  0.142330E+01  0.131835E+00
  0.396706E+01  0.133649E+01  0.130898E+00
  0.396935E+01  0.950832E+00  0.131600E+00
  0.397163E+01  0.868886E+00  0.131810E+00
  0.397392E+01  0.887836E+00  0.131477E+00
  0.397620E+01  0.100768E+01  0.131514E+00
  0.397849E+01  0.103278E+01  0.131603E+00
  0.398077E+01  0.970038E+00  0.131961E+00
  0.398305E+01  0.116210E+01  0.131804E+00
  0.398534E+01  0.117823E+01  0.131623E+00
  0.398762E+01  0.101101E+01  0.132006E+00
  0.398991E+01  0.102151E+01  0.131714E+00
  0.399219E+01  0.127401E+01  0.132449E+00
  0.399448E+01  0.684507E+00  0.131519E+00
  0.399676E+01  0.808451E+00  0.131289E+00
  0.399905E+01  0.115980E+01  0.132187E+00
  0.400133E+01  0.122510E+01  0.132006E+00
  0.400362E+01  0.100307E+01  0.132234E+00
  0.400590E+01  0.129193E+01  0.131923E+00
  0.400818E+01  0.125890E+01  0.132212E+00
  0.401047E+01  0.102945E+01  0.132560E+00
  0.401275E+01  0.129706E+01  0.132075E+00
  0.401504E+01  0.112215E+01  0.132071E+00
  0.401732E+01  0.109449E+01  0.132515E+00
  0.401961E+01  0.107068E+01  0.132472E+00
  0.402189E+01  0.123662E+01  0.132834E+00
  0.402418E+01  0.119872E+01  0.131921E+00
  0.402646E+01  0.103047E+01  0.132104E+00
  0.402875E+01  0.834571E+00  0.132520E+00
  0.403103E+01  0.955186E+00  0.132435E+00
  0.403331E+01  0.804353E+00  0.132681E+00
  0.403560E+01  0.829193E+00  0.132134E+00
  0.403788E+01  0.102996E+01  0.132994E+00
  0.404017E+01  0.134264E+01  0.133085E+00
  0.404245E+01  0.107503E+01  0.132714E+00
  0.404474E+01  0.111191E+01  0.132651E+00
  0.404702E+01  0.904225E+00  0.132679E+00
  0.404931E+01  0.116389E+01  0.133344E+00
  0.405159E+01  0.110551E+01  0.132852E+00
  0.405388E+01  0.128988E+01  0.132367E+00
  0.405616E+01  0.128528E+01  0.133037E+00
  0.405844E+01  0.143303E+01  0.133547E+00
  0.406073E+01  0.105839E+01  0.133114E+00
  0.406301E+01  0.816645E+00  0.133070E+00
  0.406530E+01  0.109859E+01  0.132865E+00
  0.406758E+01  0.127196E+01  0.133303E+00
  0.406987E+01  0.118361E+01  0.133788E+00
  0.407215E+01  0.117286E+01  0.133366E+00
  0.407444E+01  0.785915E+00  0.133213E+00
  0.407672E+01  0.976697E+00  0.133532E+00
  0.407901E+01  0.119923E+01  0.134102E+00
  0.408129E+01  0.108015E+01  0.133215E+00
  0.408357E+01  0.144405E+01  0.133286E+00
  0.408586E+01  0.110781E+01  0.134237E+00
  0.408814E+01  0.108476E+01  0.133785E+00
  0.409043E+01  0.111319E+01  0.133963E+00
  0.409271E+01  0.113675E+01  0.133737E+00
  0.409500E+01  0.913444E+00  0.133789E+00
  0.409728E+01  0.120512E+01  0.134289E+00
  0.409957E+01  0.101178E+01  0.134105E+00
  0.410185E+01  0.113419E+01  0.134356E+00
  0.410414E+01  0.100461E+01  0.134173E+00
  0.410642E+01  0.139257E+01  0.134879E+00
  0.410871E+01  0.132266E+01  0.134254E+00
  0.411099E+01  0.920615E+00  0.133733E+00
  0.411327E+01  0.791293E+00  0.134126E+00
  0.411556E+01  0.638668E+00  0.134553E+00
  0.411784E+01  0.984891E+00  0.135130E+00
  0.412013E+01  0.132394E+01  0.134484E+00
  0.412241E+01  0.158873E+01  0.134307E+00
  0.412470E+01  0.139078E+01  0.134713E+00
  0.412698E+01  0.124866E+01  0.135109E+00
  0.412927E+01  0.132522E+01  0.134730E+00
  0.413155E+01  0.109424E+01  0.134721E+00
  0.413384E+01  0.743150E+00  0.135025E+00
  0.413612E+01  0.938028E+00  0.135181E+00
  0.413840E+01  0.110627E+01  0.134626E+00
  0.414069E+01  0.881946E+00  0.134648E+00
  0.414297E+01  0.114802E+01  0.135109E+00
  0.414526E+01  0.883995E+00  0.134866E+00
  0.414754E+01  0.549040E+00  0.135560E+00
  0.414983E+01  0.673496E+00  0.135019E+00
  0.415211E+01  0.109245E+01  0.135209E+00
  0.415440E+01  0.129526E+01  0.136088E+00
  0.415668E+01  0.114187E+01  0.135581E+00
  0.415897E+01  0.765173E+00  0.135359E+00
  0.416125E+01  0.100640E+01  0.135565E+00
  0.416353E+01  0.107913E+01  0.135592E+00
  0.416582E+01  0.111268E+01  0.135771E+00
  0.416810E+01  0.113752E+01  0.135806E+00
  0.417039E+01  0.107452E+01  0.135825E+00
  0.417267E+01  0.926248E+00  0.136194E+00
  0.417496E+01  0.135954E+01  0.136508E+00
  0.417724E+01  0.920102E+00  0.136045E+00
  0.417953E+01  0.919334E+00  0.135677E+00
  0.418181E+01  0.103841E+01  0.136377E+00
  0.418410E+01  0.901152E+00  0.136381E+00
  0.418638E+01  0.118668E+01  0.136248E+00
  0.418866E+01  0.141485E+01  0.136501E+00
  0.419095E+01  0.128374E+01  0.136240E+00
  0.419323E+01  0.133367E+01  0.137012E+00
  0.419552E+01  0.156697E+01  0.136669E+00
  0.419780E+01  0.867350E+00  0.135626E+00
  0.420009E+01  0.923431E+00  0.136827E+00
  0.420237E+01  0.115800E+01  0.137214E+00
  0.420466E+01  0.119770E+01  0.137380E+00
  0.420694E+01  0.121921E+01  0.137118E+00
  0.420923E+01  0.125301E+01  0.136294E+00
  0.421151E+01  0.151114E+01  0.137636E+00
  0.421379E+01  0.147990E+01  0.137294E+00
  0.421608E+01  0.116620E+01  0.137214E+00
  0.421836E+01  0.113316E+01  0.137281E+00
  0.422065E+01  0.113060E+01  0.137469E+00
  0.422293E+01  0.122996E+01  0.137802E+00
  0.422522E+01  0.107785E+01  0.137770E+00
  0.422750E+01  0.129347E+01  0.137673E+00
  0.422979E+01  0.139718E+01  0.137597E+00
  0.423207E+01  0.136287E+01  0.137969E+00
  0.423436E+01  0.131933E+01  0.138039E+00
  0.423664E+01  0.115416E+01  0.137452E+00
  0.423892E+01  0.115800E+01  0.137902E+00
  0.424121E+01  0.114725E+01  0.138317E+00
  0.424349E+01  0.100999E+01  0.138313E+00
  0.424578E+01  0.115544E+01  0.138079E+00
  0.424806E+01  0.888604E+00  0.137796E+00
  0.425035E+01  0.810755E+00  0.137974E+00
  0.425263E+01  0.869398E+00  0.138423E+00
  0.425492E+01  0.997183E+00  0.138225E+00
  0.425720E+01  0.104353E+01  0.138350E+00
  0.425949E+01  0.958003E+00  0.138899E+00
  0.426177E+01  0.122996E+01  0.139033E+00
  0.426406E+01  0.121101E+01  0.138892E+00
  0.426634E+01  0.110269E+01  0.138354E+00
  0.426862E+01  0.916005E+00  0.139090E+00
  0.427091E+01  0.851216E+00  0.139177E+00
  0.427319E+01  0.114213E+01  0.139187E+00
  0.427548E+01  0.141255E+01  0.139022E+00
  0.427776E+01  0.120768E+01  0.138816E+00
  0.428005E+01  0.719846E+00  0.139241E+00
  0.428233E+01  0.109834E+01  0.139500E+00
  0.428462E+01  0.124635E+01  0.139426E+00
  0.428690E+01  0.104533E+01  0.139621E+00
  0.428919E+01  0.123431E+01  0.140334E+00
  0.429147E+01  0.124328E+01  0.140022E+00
  0.429375E+01  0.761588E+00  0.139550E+00
  0.429604E+01  0.632266E+00  0.139733E+00
  0.429832E+01  0.121613E+01  0.140060E+00
  0.430061E+01  0.118924E+01  0.140607E+00
  0.430289E+01  0.935211E+00  0.140370E+00
  0.430518E+01  0.914213E+00  0.139386E+00
  0.430746E+01  0.970294E+00  0.140243E+00
  0.430975E+01  0.839181E+00  0.140604E+00
  0.431203E+01  0.118515E+01  0.140629E+00
  0.431432E+01  0.111857E+01  0.140449E+00
  0.431660E+01  0.150166E+01  0.140961E+00
  0.431888E+01  0.138899E+01  0.140908E+00
  0.432117E+01  0.122996E+01  0.140948E+00
  0.432345E+01  0.123892E+01  0.140838E+00
  0.432574E+01  0.105198E+01  0.140630E+00
  0.432802E+01  0.113572E+01  0.141320E+00
  0.433031E+01  0.137414E+01  0.141549E+00
  0.433259E+01  0.101152E+01  0.140995E+00
  0.433488E+01  0.137004E+01  0.140729E+00
  0.433716E+01  0.123278E+01  0.141682E+00
  0.433945E+01  0.113547E+01  0.142089E+00
  0.434173E+01  0.936236E+00  0.142002E+00
  0.434401E+01  0.860179E+00  0.141849E+00
  0.434630E+01  0.818694E+00  0.141299E+00
  0.434858E+01  0.892702E+00  0.142297E+00
  0.435087E+01  0.139462E+01  0.141959E+00
  0.435315E+01  0.111216E+01  0.141562E+00
  0.435544E+01  0.100102E+01  0.142334E+00
  0.435772E+01  0.114392E+01  0.142613E+00
  0.436001E+01  0.121178E+01  0.142490E+00
  0.436229E+01  0.983611E+00  0.141971E+00
  0.436458E+01  0.104097E+01  0.142211E+00
  0.436686E+01  0.859411E+00  0.142693E+00
  0.436914E+01  0.528809E+00  0.143063E+00
  0.437143E+01  0.110243E+01  0.142880E+00
  0.437371E+01  0.128835E+01  0.142990E+00
  0.437600E+01  0.126069E+01  0.142752E+00
  0.437828E+01  0.103790E+01  0.143520E+00
  0.438057E+01  0.801024E+00  0.143041E+00
  0.438285E+01  0.111677E+01  0.142923E+00
  0.438514E+01  0.905506E+00  0.143439E+00
  0.438742E+01  0.118464E+01  0.144075E+00
  0.438971E+01  0.137157E+01  0.143874E+00
  0.439199E+01  0.149449E+01  0.143435E+00
  0.439427E+01  0.117798E+01  0.144038E+00
  0.439656E+01  0.950320E+00  0.144433E+00
  0.439884E+01  0.100691E+01  0.144440E+00
  0.440113E+01  0.100538E+01  0.143758E+00
  0.440341E+01  0.106709E+01  0.144229E+00
  0.440570E+01  0.122638E+01  0.144799E+00
  0.440798E+01  0.924712E+00  0.144761E+00
  0.441027E+01  0.140230E+01  0.144638E+00
  0.441255E+01  0.885275E+00  0.144572E+00
  0.441484E+01  0.731114E+00  0.144952E+00
  0.441712E+01  0.955954E+00  0.145159E+00
  0.441941E+01  0.100563E+01  0.144933E+00
  0.442169E+01  0.864789E+00  0.144431E+00
  0.442397E+01  0.615621E+00  0.145295E+00
  0.442626E+01  0.573880E+00  0.145664E+00
  0.442854E+01  0.695519E+00  0.145528E+00
  0.443083E+01  0.130474E+01  0.145789E+00
  0.443311E+01  0.966197E+00  0.145750E+00
  0.443540E+01  0.118515E+01  0.146399E+00
  0.443768E+01  0.112676E+01  0.146427E+00
  0.443997E+01  0.897567E+00  0.145490E+00
  0.444225E+01  0.900384E+00  0.146416E+00
  0.444454E+01  0.139155E+01  0.146636E+00
  0.444682E+01  0.120359E+01  0.146775E+00
  0.444910E+01  0.782586E+00  0.146252E+00
  0.445139E+01  0.100896E+01  0.146112E+00
  0.445367E+01  0.971063E+00  0.146717E+00
  0.445596E+01  0.118233E+01  0.147803E+00
  0.445824E+01  0.104200E+01  0.147000E+00
  0.446053E+01  0.851985E+00  0.146327E+00
  0.446281E+01  0.849680E+00  0.147199E+00
  0.446510E+01  0.122894E+01  0.147898E+00
  0.446738E+01  0.102484E+01  0.147851E+00
  0.446967E+01  0.128399E+01  0.147423E+00
  0.447195E+01  0.130499E+01  0.148273E+00
  0.447423E+01  0.109782E+01  0.148151E+00
  0.447652E+01  0.104277E+01  0.147570E+00
  0.447880E+01  0.113393E+01  0.147976E+00
  0.448109E+01  0.135058E+01  0.148597E+00
  0.448337E+01  0.127657E+01  0.148957E+00
  0.448566E+01  0.167375E+01  0.149531E+00
  0.448794E+01  0.115851E+01  0.148379E+00
  0.449023E+01  0.137542E+01  0.148331E+00
  0.449251E+01  0.135877E+01  0.149317E+00
  0.449480E+01  0.141076E+01  0.149478E+00
  0.449708E+01  0.118335E+01  0.149383E+00
  0.449936E+01  0.133905E+01  0.149090E+00
  0.450165E+01  0.118617E+01  0.149260E+00
  0.450393E+01  0.130551E+01  0.150094E+00
  0.450622E+01  0.113239E+01  0.149731E+00
  0.450850E+01  0.878617E+00  0.149779E+00
  0.451079E+01  0.103150E+01  0.150136E+00
  0.451307E+01  0.133649E+01  0.150622E+00
  0.451536E+01  0.101383E+01  0.150605E+00
  0.451764E+01  0.108630E+01  0.150331E+00
  0.451993E+01  0.120359E+01  0.150621E+00
  0.452221E+01  0.105250E+01  0.150824E+00
  0.452449E+01  0.129680E+01  0.151587E+00
  0.452678E+01  0.100589E+01  0.151146E+00
  0.452906E+01  0.870679E+00  0.150770E+00
  0.453135E+01  0.122894E+01  0.151596E+00
  0.453363E+01  0.140384E+01  0.151829E+00
  0.453592E+01  0.100999E+01  0.151669E+00
  0.453820E+01  0.612548E+00  0.151586E+00
  0.454049E+01  0.919078E+00  0.152040E+00
  0.454277E+01  0.120563E+01  0.152897E+00
  0.454506E+01  0.164942E+01  0.152842E+00
  0.454734E+01  0.152778E+01  0.151909E+00
  0.454963E+01  0.113675E+01  0.152784E+00
  0.455191E+01  0.114264E+01  0.152870E+00
  0.455419E+01  0.976953E+00  0.153118E+00
  0.455648E+01  0.121050E+01  0.153327E+00
  0.455876E+01  0.122330E+01  0.153119E+00
  0.456105E+01  0.153367E+01  0.153779E+00
  0.456333E+01  0.121332E+01  0.153889E+00
  0.456562E+01  0.120948E+01  0.153459E+00
  0.456790E+01  0.956978E+00  0.154061E+00
  0.457019E+01  0.118566E+01  0.154158E+00
  0.457247E+01  0.134392E+01  0.154005E+00
  0.457476E+01  0.949808E+00  0.154004E+00
  0.457704E+01  0.106069E+01  0.154077E+00
  0.457932E+01  0.113521E+01  0.154737E+00
  0.458161E+01  0.115339E+01  0.155260E+00
  0.458389E+01  0.111140E+01  0.155073E+00
  0.458618E+01  0.101434E+01  0.155410E+00
  0.458846E+01  0.927273E+00  0.155447E+00
  0.459075E+01  0.838924E+00  0.155451E+00
  0.459303E+01  0.111063E+01  0.155820E+00
  0.459532E+01  0.835851E+00  0.156591E+00
  0.459760E+01  0.870423E+00  0.156392E+00
  0.459989E+01  0.102458E+01  0.156103E+00
  0.460217E+01  0.116978E+01  0.155930E+00
  0.460445E+01  0.984123E+00  0.156381E+00
  0.460674E+01  0.985915E+00  0.156609E+00
  0.460902E+01  0.128758E+01  0.157538E+00
  0.461131E+01  0.130166E+01  0.157586E+00
  0.461359E+01  0.933163E+00  0.157648E+00
  0.461588E+01  0.895519E+00  0.157604E+00
  0.461816E+01  0.942638E+00  0.157596E+00
  0.462045E+01  0.110679E+01  0.158163E+00
  0.462273E+01  0.122561E+01  0.158504E+00
  0.462502E+01  0.104328E+01  0.158617E+00
  0.462730E+01  0.101793E+01  0.158717E+00
  0.462958E+01  0.116901E+01  0.158721E+00
  0.463187E+01  0.935723E+00  0.158760E+00
  0.463415E+01  0.112266E+01  0.159682E+00
  0.463644E+01  0.114187E+01  0.159673E+00
  0.463872E+01  0.876056E+00  0.159951E+00
  0.464101E+01  0.976184E+00  0.159968E+00
  0.464329E+01  0.890141E+00  0.159982E+00
  0.464558E+01  0.957746E+00  0.160217E+00
  0.464786E+01  0.103303E+01  0.160455E+00
  0.465015E+01  0.955442E+00  0.160995E+00
  0.465243E+01  0.106197E+01  0.161498E+00
  0.465471E+01  0.101383E+01  0.161351E+00
  0.465700E+01  0.894750E+00  0.161208E+00
  0.465928E+01  0.981562E+00  0.161607E+00
  0.466157E+01  0.121255E+01  0.161657E+00
  0.466385E+01  0.114085E+01  0.162607E+00
  0.466614E+01  0.104174E+01  0.162216E+00
  0.466842E+01  0.115083E+01  0.162964E+00
  0.467071E+01  0.643790E+00  0.162786E+00
  0.467299E+01  0.959539E+00  0.162850E+00
  0.467528E+01  0.147939E+01  0.163847E+00
  0.467756E+01  0.145301E+01  0.163721E+00
  0.467984E+01  0.141895E+01  0.163857E+00
  0.468213E+01  0.131088E+01  0.164115E+00
  0.468441E+01  0.957234E+00  0.164149E+00
  0.468670E+01  0.108143E+01  0.164362E+00
  0.468898E+01  0.117849E+01  0.164868E+00
  0.469127E+01  0.128988E+01  0.164784E+00
  0.469355E+01  0.120128E+01  0.165719E+00
  0.469584E+01  0.951344E+00  0.165366E+00
  0.469812E+01  0.803073E+00  0.165845E+00
  0.470041E+01  0.597183E+00  0.165786E+00
  0.470269E+01  0.961332E+00  0.166233E+00
  0.470498E+01  0.138924E+01  0.167375E+00
  0.470726E+01  0.955954E+00  0.166814E+00
  0.470954E+01  0.128451E+01  0.167432E+00
  0.471183E+01  0.118387E+01  0.167761E+00
  0.471411E+01  0.145019E+01  0.167732E+00
  0.471640E+01  0.125992E+01  0.167973E+00
  0.471868E+01  0.128348E+01  0.168012E+00
  0.472097E+01  0.123969E+01  0.168870E+00
  0.472325E+01  0.113624E+01  0.169098E+00
  0.472554E+01  0.146274E+01  0.169694E+00
  0.472782E+01  0.101844E+01  0.169206E+00
  0.473011E+01  0.849680E+00  0.169861E+00
  0.473239E+01  0.792574E+00  0.169662E+00
  0.473467E+01  0.752113E+00  0.170490E+00
  0.473696E+01  0.842766E+00  0.170795E+00
  0.473924E+01  0.102791E+01  0.171786E+00
  0.474153E+01  0.105659E+01  0.171058E+00
  0.474381E+01  0.965685E+00  0.171708E+00
  0.474610E+01  0.563892E+00  0.171822E+00
  0.474838E+01  0.846863E+00  0.172176E+00
  0.475067E+01  0.650960E+00  0.172945E+00
  0.475295E+01  0.613060E+00  0.173431E+00
  0.475524E+01  0.107093E+01  0.173019E+00
  0.475752E+01  0.131959E+01  0.173335E+00
  0.475980E+01  0.117644E+01  0.174343E+00
  0.476209E+01  0.101997E+01  0.174912E+00
  0.476437E+01  0.856082E+00  0.174478E+00
  0.476666E+01  0.975416E+00  0.175349E+00
  0.476894E+01  0.834315E+00  0.175026E+00
  0.477123E+01  0.112241E+01  0.175464E+00
  0.477351E+01  0.938028E+00  0.175820E+00
  0.477580E+01  0.853521E+00  0.176414E+00
  0.477808E+01  0.119078E+01  0.177056E+00
  0.478037E+01  0.143918E+01  0.177631E+00
  0.478265E+01  0.103355E+01  0.178454E+00
  0.478493E+01  0.107631E+01  0.177756E+00
  0.478722E+01  0.152881E+01  0.178541E+00
  0.478950E+01  0.141895E+01  0.178681E+00
  0.479179E+01  0.126197E+01  0.179038E+00
  0.479407E+01  0.115928E+01  0.179359E+00
  0.479636E+01  0.107042E+01  0.180313E+00
  0.479864E+01  0.881946E+00  0.180663E+00
  0.480093E+01  0.733419E+00  0.180587E+00
  0.480321E+01  0.881946E+00  0.181692E+00
  0.480550E+01  0.103534E+01  0.181986E+00
  0.480778E+01  0.991805E+00  0.182721E+00
  0.481006E+01  0.584123E+00  0.182421E+00
  0.481235E+01  0.941101E+00  0.183258E+00
  0.481463E+01  0.100615E+01  0.183528E+00
  0.481692E+01  0.106223E+01  0.185064E+00
  0.481920E+01  0.125992E+01  0.184367E+00
  0.482149E+01  0.102279E+01  0.184867E+00
  0.482377E+01  0.137951E+01  0.185992E+00
  0.482606E+01  0.113521E+01  0.185759E+00
  0.482834E+01  0.112420E+01  0.185646E+00
  0.483063E+01  0.136287E+01  0.187255E+00
  0.483291E+01  0.710627E+00  0.187358E+00
  0.483519E+01  0.802817E+00  0.187790E+00
  0.483748E+01  0.697567E+00  0.188592E+00
  0.483976E+01  0.120410E+01  0.190096E+00
  0.484205E+01  0.114904E+01  0.189852E+00
  0.484433E+01  0.116159E+01  0.190699E+00
  0.484662E+01  0.104097E+01  0.191007E+00
  0.484890E+01  0.911396E+00  0.191155E+00
  0.485119E+01  0.104020E+01  0.192686E+00
  0.485347E+01  0.106607E+01  0.192266E+00
  0.485576E+01  0.665557E+00  0.192743E+00
  0.485804E+01  0.865813E+00  0.193886E+00
  0.486033E+01  0.926761E+00  0.194927E+00
  0.486261E+01  0.113137E+01  0.194702E+00
  0.486489E+01  0.105250E+01  0.195918E+00
  0.486718E+01  0.838412E+00  0.196195E+00
  0.486946E+01  0.110269E+01  0.197088E+00
  0.487175E+01  0.819718E+00  0.197926E+00
  0.487403E+01  0.103560E+01  0.198758E+00
  0.487632E+01  0.150576E+01  0.199403E+00
  0.487860E+01  0.172010E+01  0.200607E+00
  0.488089E+01  0.121639E+01  0.200480E+00
  0.488317E+01  0.884507E+00  0.201599E+00
  0.488546E+01  0.140333E+01  0.202039E+00
  0.488774E+01  0.156159E+01  0.203827E+00
  0.489002E+01  0.105301E+01  0.204216E+00
  0.489231E+01  0.129962E+01  0.205210E+00
  0.489459E+01  0.158848E+01  0.205487E+00
  0.489688E+01  0.132778E+01  0.206693E+00
  0.489916E+01  0.121869E+01  0.207503E+00
  0.490145E+01  0.906530E+00  0.208035E+00
  0.490373E+01  0.947759E+00  0.208393E+00
  0.490602E+01  0.123483E+01  0.209412E+00
  0.490830E+01  0.102228E+01  0.210268E+00
  0.491059E+01  0.666581E+00  0.211223E+00
  0.491287E+01  0.111780E+01  0.212953E+00
  0.491515E+01  0.105224E+01  0.213906E+00
  0.491744E+01  0.493726E+00  0.214526E+00
  0.491972E+01  0.965173E+00  0.215806E+00
  0.492201E+01  0.909091E+00  0.217389E+00
  0.492429E+01  0.828937E+00  0.218347E+00
  0.492658E+01  0.142254E+01  0.219740E+00
  0.492886E+01  0.135851E+01  0.220209E+00
  0.493115E+01  0.101332E+01  0.222544E+00
  0.493343E+01  0.973111E+00  0.223257E+00
  0.493572E+01  0.111677E+01  0.224377E+00
  0.493800E+01  0.137618E+01  0.226355E+00
  0.494028E+01  0.100743E+01  0.227407E+00
  0.494257E+01  0.104917E+01  0.229194E+00
  0.494485E+01  0.107452E+01  0.230012E+00
  0.494714E+01  0.329321E+00  0.231585E+00
  0.494942E+01  0.102766E+01  0.233594E+00
  0.495171E+01  0.102586E+01  0.235296E+00
  0.495399E+01  0.998464E+00  0.236556E+00
  0.495628E+01  0.917029E+00  0.238892E+00
----------D:\Calib_final\cal_031.dat-----------------------------
raw data file E:\data\Users2006\Stratos.0506\cal_031.mar2300                    
Sample:     thyroglobulin     c=3.905  mg/ml Code :                             
X33 MAR345 data take                                                            
Start: Thu May 18 17:58:08 2006End: 18:01:32                                    
Processed by MAR-PRIMUS: Thu May 18 18:01:49 2006                               
 Channels from 1  to         2485                                               
  Angular axis file saxis_20060511.dat                                          
 BeamCenter_X=    2196.400       BeamCenter_Y=    1137.900                      
 Datector response file none Mask file mask_20060511.msk                        
 Calibration channel            3                                               
 Scale factor   1000.00000000000       Offset    1000.00000000000               
----------D:\Calib_final\Avrag07.dat-----------------------------
 Average of: cal_030.da  cal_032.da                                             
cal_030.dat   Conc = .10E+01  Mult = .10E+01  N1 =    1  N2 = 2135  SCALE =  1  
cal_032.dat   Conc = .10E+01  Mult = .10E+01  N1 =    1  N2 = 2135  SCALE =  1  
