Sample description: DAPK2o6768
Sample: DAPK2o6768  c= 2.0000 mg/ml  Code: DAPKB
Parent(s): processed/subtracted/DAPKB_0036_sub.dat
  2.754300e-02  -1.746200e+03   9.862020e+02
  3.017410e-02  -3.456150e+02   5.544935e+02
  3.280520e-02   6.088500e+02   4.158141e+02
  3.543630e-02  -1.884500e+01   3.210226e+02
  3.806740e-02   2.613300e+02   2.756832e+02
  4.069850e-02   5.547400e+02   2.371712e+02
  4.332960e-02   7.211100e+02   1.881270e+02
  4.596080e-02   2.802350e+02   1.697901e+02
  4.859190e-02   7.479500e+02   1.397308e+02
  5.122300e-02   4.551700e+02   1.216090e+02
  5.385410e-02   7.133625e+02   1.105402e+02
  5.648520e-02   6.945035e+02   9.490210e+01
  5.911630e-02   5.977160e+02   8.683010e+01
  6.174740e-02   5.270895e+02   7.767215e+01
  6.437850e-02   6.139285e+02   7.167375e+01
  6.700960e-02   6.087685e+02   6.663880e+01
  6.964070e-02   7.000870e+02   6.084340e+01
  7.227180e-02   5.469485e+02   5.765490e+01
  7.490290e-02   6.137285e+02   5.221395e+01
  7.753400e-02   6.092220e+02   5.129605e+01
  8.016510e-02   6.618955e+02   4.763976e+01
  8.279630e-02   6.519360e+02   4.527274e+01
  8.542740e-02   5.976120e+02   4.433382e+01
  8.805850e-02   5.708380e+02   4.002584e+01
  9.068960e-02   5.958370e+02   4.030282e+01
  9.332070e-02   5.436930e+02   3.788970e+01
  9.595180e-02   6.511120e+02   3.724672e+01
  9.858290e-02   5.671105e+02   3.598528e+01
  1.012140e-01   5.689025e+02   3.391378e+01
  1.038450e-01   6.041405e+02   3.470365e+01
  1.064760e-01   5.735060e+02   3.293294e+01
  1.091070e-01   5.965805e+02   3.157553e+01
  1.117380e-01   5.613170e+02   3.146383e+01
  1.143700e-01   5.817805e+02   3.004052e+01
  1.170010e-01   5.654745e+02   3.046057e+01
  1.196320e-01   6.036960e+02   2.938745e+01
  1.222630e-01   6.142430e+02   2.917244e+01
  1.248940e-01   6.022955e+02   2.839168e+01
  1.275250e-01   5.628185e+02   2.733038e+01
  1.301560e-01   5.658885e+02   2.781699e+01
  1.327870e-01   6.043555e+02   2.674443e+01
  1.354180e-01   6.050450e+02   2.685717e+01
  1.380500e-01   5.742430e+02   2.626596e+01
  1.406810e-01   5.978650e+02   2.538822e+01
  1.433120e-01   5.816015e+02   2.618129e+01
  1.459430e-01   6.619255e+02   2.602633e+01
  1.485740e-01   5.687160e+02   2.612934e+01
  1.512050e-01   5.797055e+02   2.580174e+01
  1.538360e-01   5.916160e+02   2.569915e+01
  1.564670e-01   5.962995e+02   2.610061e+01
  1.590980e-01   5.819865e+02   2.519394e+01
  1.617290e-01   6.228230e+02   2.643401e+01
  1.643610e-01   6.092205e+02   2.553104e+01
  1.669920e-01   5.513035e+02   2.536579e+01
  1.696230e-01   5.946210e+02   2.496085e+01
  1.722540e-01   5.971790e+02   2.543672e+01
  1.748850e-01   5.992725e+02   2.518085e+01
  1.775160e-01   5.673785e+02   2.415330e+01
  1.801470e-01   6.259060e+02   2.507662e+01
  1.827780e-01   5.963620e+02   2.429151e+01
  1.854090e-01   5.837505e+02   2.427137e+01
  1.880410e-01   5.750740e+02   2.451306e+01
  1.906720e-01   5.802635e+02   2.379004e+01
  1.933030e-01   6.196990e+02   2.417917e+01
  1.959340e-01   5.682700e+02   2.351417e+01
  1.985650e-01   5.456920e+02   2.324236e+01
  2.011960e-01   5.719845e+02   2.372051e+01
  2.038270e-01   5.791165e+02   2.307662e+01
  2.064580e-01   5.416875e+02   2.319884e+01
  2.090890e-01   5.529580e+02   2.300460e+01
  2.117210e-01   5.787595e+02   2.319459e+01
  2.143520e-01   5.757460e+02   2.291448e+01
  2.169830e-01   5.461185e+02   2.265741e+01
  2.196140e-01   5.522515e+02   2.264963e+01
  2.222450e-01   5.638005e+02   2.236439e+01
  2.248760e-01   5.960110e+02   2.243115e+01
  2.275070e-01   5.521940e+02   2.268920e+01
  2.301380e-01   6.087380e+02   2.247928e+01
  2.327690e-01   5.627945e+02   2.237820e+01
  2.354000e-01   5.235710e+02   2.162339e+01
  2.380320e-01   5.522160e+02   2.174115e+01
  2.406630e-01   5.405410e+02   2.162949e+01
  2.432940e-01   5.603270e+02   2.162205e+01
  2.459250e-01   5.602305e+02   2.162461e+01
  2.485560e-01   5.647930e+02   2.141034e+01
  2.511870e-01   5.726590e+02   2.162070e+01
  2.538180e-01   6.177790e+02   2.164992e+01
  2.564490e-01   5.521900e+02   2.114806e+01
  2.590800e-01   5.616030e+02   2.080403e+01
  2.617120e-01   5.630450e+02   2.118121e+01
  2.643430e-01   5.337065e+02   2.099461e+01
  2.669740e-01   5.716360e+02   2.082838e+01
  2.696050e-01   5.321640e+02   2.051350e+01
  2.722360e-01   5.456800e+02   2.060702e+01
  2.748670e-01   5.290870e+02   2.044890e+01
  2.774980e-01   5.316705e+02   2.033786e+01
  2.801290e-01   5.470165e+02   2.008397e+01
  2.827600e-01   5.623515e+02   2.046431e+01
  2.853920e-01   5.150440e+02   1.986675e+01
  2.880230e-01   5.031380e+02   1.978412e+01
  2.906540e-01   4.974115e+02   1.961050e+01
  2.932850e-01   5.344595e+02   1.961588e+01
  2.959160e-01   5.282770e+02   2.004610e+01
  2.985470e-01   5.087245e+02   1.960252e+01
  3.011780e-01   5.280045e+02   1.963321e+01
  3.038090e-01   5.184510e+02   1.918838e+01
  3.064400e-01   5.229645e+02   1.950702e+01
  3.090710e-01   5.441175e+02   1.959216e+01
  3.117030e-01   5.334875e+02   1.922183e+01
  3.143340e-01   4.810300e+02   1.871731e+01
  3.169650e-01   5.121725e+02   1.899123e+01
  3.195960e-01   5.020060e+02   1.899309e+01
  3.222270e-01   5.091220e+02   1.877519e+01
  3.248580e-01   5.022860e+02   1.878680e+01
  3.274890e-01   4.993379e+02   1.882349e+01
  3.301200e-01   4.981121e+02   1.861072e+01
  3.327510e-01   4.979391e+02   1.864078e+01
  3.353830e-01   5.159325e+02   1.854727e+01
  3.380140e-01   5.216220e+02   1.822712e+01
  3.406450e-01   4.990923e+02   1.837277e+01
  3.432760e-01   4.916732e+02   1.817278e+01
  3.459070e-01   4.902566e+02   1.830987e+01
  3.485380e-01   4.849393e+02   1.776204e+01
  3.511690e-01   5.301065e+02   1.848723e+01
  3.538000e-01   5.237295e+02   1.823803e+01
  3.564310e-01   4.799201e+02   1.773727e+01
  3.590630e-01   4.623196e+02   1.778674e+01
  3.616940e-01   4.808864e+02   1.759379e+01
  3.643250e-01   4.767051e+02   1.796271e+01
  3.669560e-01   5.133780e+02   1.780935e+01
  3.695870e-01   5.021755e+02   1.767082e+01
  3.722180e-01   4.784349e+02   1.784685e+01
  3.748490e-01   4.555577e+02   1.777898e+01
  3.774800e-01   4.768799e+02   1.868064e+01
  3.801110e-01   4.947815e+02   1.858118e+01
  3.827420e-01   4.916868e+02   1.846742e+01
  3.853740e-01   4.480427e+02   1.864189e+01
  3.880050e-01   4.764410e+02   1.863128e+01
  3.906360e-01   4.395969e+02   1.873822e+01
  3.932670e-01   4.808155e+02   1.854356e+01
  3.958980e-01   4.666404e+02   1.893082e+01
  3.985290e-01   4.942496e+02   1.911029e+01
  4.011600e-01   4.312636e+02   1.849731e+01
  4.037910e-01   4.853496e+02   1.931243e+01
  4.064220e-01   4.607826e+02   1.903894e+01
  4.090540e-01   4.463467e+02   1.922641e+01
  4.116850e-01   4.755056e+02   1.947802e+01
  4.143160e-01   4.443603e+02   1.894480e+01
  4.169470e-01   4.168619e+02   1.897234e+01
  4.195780e-01   4.609221e+02   1.888461e+01
  4.222090e-01   4.160593e+02   1.900903e+01
  4.248400e-01   4.218591e+02   1.887827e+01
  4.274710e-01   4.379200e+02   1.861238e+01
  4.301020e-01   4.505126e+02   1.840020e+01
  4.327340e-01   4.702971e+02   1.807134e+01
  4.353650e-01   4.538449e+02   1.807211e+01
  4.379960e-01   4.280844e+02   1.746662e+01
  4.406270e-01   4.223881e+02   1.736126e+01
  4.432580e-01   4.612230e+02   1.772108e+01
  4.458890e-01   4.272996e+02   1.706865e+01
  4.485200e-01   4.266359e+02   1.711453e+01
  4.511510e-01   4.284988e+02   1.681692e+01
  4.537820e-01   4.123770e+02   1.698484e+01
  4.564130e-01   4.080758e+02   1.657834e+01
  4.590450e-01   4.177843e+02   1.672468e+01
  4.616760e-01   3.835758e+02   1.649805e+01
  4.643070e-01   3.970611e+02   1.640349e+01
  4.669380e-01   4.125612e+02   1.633088e+01
  4.695690e-01   3.751281e+02   1.632843e+01
  4.722000e-01   4.028584e+02   1.614422e+01
  4.748310e-01   4.069418e+02   1.625052e+01
  4.774620e-01   4.161359e+02   1.616127e+01
  4.800930e-01   4.127441e+02   1.610074e+01
  4.827250e-01   4.073686e+02   1.583506e+01
  4.853560e-01   4.123223e+02   1.604482e+01
  4.879870e-01   3.819098e+02   1.573197e+01
  4.906180e-01   4.131773e+02   1.603767e+01
  4.932490e-01   4.110554e+02   1.587327e+01
  4.958800e-01   4.198440e+02   1.582600e+01
  4.985110e-01   4.114642e+02   1.590596e+01
  5.011420e-01   3.852840e+02   1.537010e+01
  5.037730e-01   3.997081e+02   1.558919e+01
  5.064050e-01   3.809561e+02   1.566889e+01
  5.090360e-01   3.848428e+02   1.570573e+01
  5.116670e-01   3.751641e+02   1.584890e+01
  5.142980e-01   3.762181e+02   1.570078e+01
  5.169290e-01   3.712803e+02   1.574714e+01
  5.195600e-01   3.742319e+02   1.587884e+01
  5.221910e-01   3.654667e+02   1.583692e+01
  5.248220e-01   3.446596e+02   1.572996e+01
  5.274530e-01   3.686601e+02   1.592470e+01
  5.300840e-01   3.945455e+02   1.611133e+01
  5.327160e-01   3.615978e+02   1.605715e+01
  5.353470e-01   3.674093e+02   1.598536e+01
  5.379780e-01   3.470924e+02   1.555879e+01
  5.406090e-01   3.207643e+02   1.545837e+01
  5.432400e-01   3.428315e+02   1.532081e+01
  5.458710e-01   3.393868e+02   1.502187e+01
  5.485020e-01   3.628942e+02   1.492574e+01
  5.511330e-01   3.257190e+02   1.467598e+01
  5.537640e-01   3.542853e+02   1.483213e+01
  5.563960e-01   3.310872e+02   1.443009e+01
  5.590270e-01   3.341560e+02   1.453182e+01
  5.616580e-01   3.569787e+02   1.462227e+01
  5.642890e-01   3.608535e+02   1.474677e+01
  5.669200e-01   3.402668e+02   1.434356e+01
  5.695510e-01   3.159692e+02   1.421040e+01
  5.721820e-01   3.124540e+02   1.417627e+01
  5.748130e-01   3.471053e+02   1.440854e+01
  5.774440e-01   3.261604e+02   1.426633e+01
  5.800760e-01   3.335104e+02   1.402046e+01
  5.827070e-01   3.029833e+02   1.380836e+01
  5.853380e-01   3.134296e+02   1.393991e+01
  5.879690e-01   3.341329e+02   1.408127e+01
  5.906000e-01   3.249382e+02   1.390913e+01
  5.932310e-01   3.254107e+02   1.388969e+01
  5.958620e-01   3.086721e+02   1.383210e+01
  5.984930e-01   3.359137e+02   1.389223e+01
  6.011240e-01   3.042982e+02   1.361777e+01
  6.037550e-01   3.263288e+02   1.376795e+01
  6.063870e-01   2.990575e+02   1.346845e+01
  6.090180e-01   2.941137e+02   1.344196e+01
  6.116490e-01   3.132288e+02   1.358803e+01
  6.142800e-01   3.131832e+02   1.348614e+01
  6.169110e-01   3.132093e+02   1.346049e+01
  6.195420e-01   3.002398e+02   1.349768e+01
  6.221730e-01   3.015899e+02   1.328236e+01
  6.248040e-01   2.915980e+02   1.330246e+01
  6.274350e-01   3.052074e+02   1.318929e+01
  6.300670e-01   3.017909e+02   1.315672e+01
  6.326980e-01   2.970754e+02   1.334277e+01
  6.353290e-01   3.005425e+02   1.299928e+01
  6.379600e-01   2.842706e+02   1.293301e+01
  6.405910e-01   2.927708e+02   1.303819e+01
  6.432220e-01   2.867512e+02   1.296767e+01
  6.458530e-01   2.764784e+02   1.283413e+01
  6.484840e-01   3.081732e+02   1.281655e+01
  6.511150e-01   2.813798e+02   1.289361e+01
  6.537470e-01   2.813228e+02   1.279045e+01
  6.563780e-01   2.873376e+02   1.269033e+01
  6.590090e-01   2.823146e+02   1.285769e+01
  6.616400e-01   2.743345e+02   1.252546e+01
  6.642710e-01   2.814260e+02   1.280773e+01
  6.669020e-01   2.603558e+02   1.241665e+01
  6.695330e-01   2.776105e+02   1.260195e+01
  6.721640e-01   2.728649e+02   1.249742e+01
  6.747950e-01   2.812692e+02   1.264762e+01
  6.774270e-01   2.680435e+02   1.268047e+01
  6.800580e-01   2.783537e+02   1.248461e+01
  6.826890e-01   2.687894e+02   1.245409e+01
  6.853200e-01   2.557859e+02   1.238191e+01
  6.879510e-01   2.812679e+02   1.250703e+01
  6.905820e-01   2.815412e+02   1.245955e+01
  6.932130e-01   2.632465e+02   1.216737e+01
  6.958440e-01   2.540363e+02   1.233345e+01
  6.984750e-01   2.558199e+02   1.225838e+01
  7.011060e-01   2.597692e+02   1.237174e+01
  7.037380e-01   2.613225e+02   1.224733e+01
  7.063690e-01   2.623066e+02   1.217093e+01
  7.090000e-01   2.393373e+02   1.202175e+01
  7.116310e-01   2.265437e+02   1.184732e+01
  7.142620e-01   2.398448e+02   1.207578e+01
  7.168930e-01   2.497271e+02   1.202964e+01
  7.195240e-01   2.293877e+02   1.199770e+01
  7.221550e-01   2.601258e+02   1.202573e+01
  7.247860e-01   2.431276e+02   1.189097e+01
  7.274180e-01   2.412933e+02   1.183032e+01
  7.300490e-01   2.282971e+02   1.183358e+01
  7.326800e-01   2.612421e+02   1.195939e+01
  7.353110e-01   2.370952e+02   1.181128e+01
  7.379420e-01   2.250328e+02   1.171360e+01
  7.405730e-01   2.459864e+02   1.171532e+01
  7.432040e-01   2.438562e+02   1.184541e+01
  7.458350e-01   2.256108e+02   1.161719e+01
  7.484660e-01   2.360845e+02   1.162987e+01
  7.510980e-01   2.340728e+02   1.161847e+01
  7.537290e-01   2.081731e+02   1.155799e+01
  7.563600e-01   2.414748e+02   1.157654e+01
  7.589910e-01   2.105434e+02   1.146506e+01
  7.616220e-01   2.097379e+02   1.132489e+01
  7.642530e-01   2.160867e+02   1.136264e+01
  7.668840e-01   2.081942e+02   1.138890e+01
  7.695150e-01   2.147698e+02   1.124375e+01
  7.721460e-01   2.059561e+02   1.132106e+01
  7.747770e-01   2.145648e+02   1.118660e+01
  7.774090e-01   2.214934e+02   1.172519e+01
  7.800400e-01   1.897732e+02   1.146055e+01
  7.826710e-01   2.100782e+02   1.171496e+01
  7.853020e-01   2.212656e+02   1.193994e+01
  7.879330e-01   2.168636e+02   1.186689e+01
  7.905640e-01   1.873604e+02   1.185070e+01
  7.931950e-01   2.127942e+02   1.173078e+01
  7.958260e-01   1.972863e+02   1.177653e+01
  7.984570e-01   2.045935e+02   1.196602e+01
  8.010890e-01   1.962550e+02   1.194896e+01
  8.037200e-01   2.046271e+02   1.206596e+01
  8.063510e-01   1.883260e+02   1.138414e+01
  8.089820e-01   1.953489e+02   1.153635e+01
  8.116130e-01   1.783867e+02   1.133200e+01
  8.142440e-01   1.777374e+02   1.109916e+01
  8.168750e-01   1.798122e+02   1.113519e+01
  8.195060e-01   1.978484e+02   1.093018e+01
  8.221370e-01   1.824472e+02   1.105780e+01
  8.247690e-01   1.788964e+02   1.092699e+01
  8.274000e-01   2.034236e+02   1.089886e+01
  8.300310e-01   1.723855e+02   1.085912e+01
  8.326620e-01   1.769509e+02   1.089467e+01
  8.352930e-01   2.089446e+02   1.104637e+01
  8.379240e-01   1.902862e+02   1.071611e+01
  8.405550e-01   1.694992e+02   1.070124e+01
  8.431860e-01   1.483810e+02   1.064861e+01
  8.458170e-01   1.737085e+02   1.066358e+01
  8.484480e-01   1.985394e+02   1.092536e+01
  8.510800e-01   1.900671e+02   1.060802e+01
  8.537110e-01   1.617477e+02   1.055019e+01
  8.563420e-01   1.650631e+02   1.053458e+01
  8.589730e-01   1.448324e+02   1.055008e+01
  8.616040e-01   1.524863e+02   1.040671e+01
  8.642350e-01   1.628913e+02   1.043592e+01
  8.668660e-01   1.651870e+02   1.058976e+01
  8.694970e-01   1.640482e+02   1.029177e+01
  8.721280e-01   1.772781e+02   1.038834e+01
  8.747600e-01   1.676893e+02   1.028568e+01
  8.773910e-01   1.593433e+02   1.022583e+01
  8.800220e-01   1.365565e+02   1.022495e+01
  8.826530e-01   1.605215e+02   1.018323e+01
  8.852840e-01   1.560957e+02   1.019496e+01
  8.879150e-01   1.553966e+02   1.024279e+01
  8.905460e-01   1.497585e+02   1.009106e+01
  8.931770e-01   1.643522e+02   1.035190e+01
  8.958080e-01   1.597484e+02   1.018224e+01
  8.984400e-01   1.449534e+02   1.027842e+01
  9.010710e-01   1.457108e+02   1.005859e+01
  9.037020e-01   1.598272e+02   1.011101e+01
  9.063330e-01   1.319143e+02   1.009912e+01
  9.089640e-01   1.343981e+02   9.991320e+00
  9.115950e-01   1.405202e+02   1.009398e+01
  9.142260e-01   1.325200e+02   1.004319e+01
  9.168570e-01   1.397571e+02   1.000068e+01
  9.194880e-01   1.446027e+02   9.968165e+00
  9.221190e-01   1.178465e+02   9.888770e+00
  9.247510e-01   1.386476e+02   1.003319e+01
  9.273820e-01   1.374126e+02   9.846850e+00
  9.300130e-01   1.296944e+02   9.998205e+00
  9.326440e-01   1.097181e+02   1.004655e+01
  9.352750e-01   1.312432e+02   1.025697e+01
  9.379060e-01   1.242796e+02   1.035781e+01
  9.405370e-01   1.387952e+02   1.041449e+01
  9.431680e-01   1.294770e+02   1.048100e+01
  9.457990e-01   1.348460e+02   1.040461e+01
  9.484310e-01   1.322819e+02   1.045777e+01
  9.510620e-01   1.256540e+02   1.040249e+01
  9.536930e-01   1.312728e+02   1.040591e+01
  9.563240e-01   1.084047e+02   1.055879e+01
  9.589550e-01   1.208244e+02   1.049844e+01
  9.615860e-01   1.269429e+02   1.066189e+01
  9.642170e-01   1.082541e+02   1.052328e+01
  9.668480e-01   1.340404e+02   1.065181e+01
  9.694790e-01   1.367568e+02   1.067643e+01
  9.721110e-01   1.133833e+02   1.064017e+01
  9.747420e-01   1.065989e+02   1.066337e+01
  9.773730e-01   1.205748e+02   1.073522e+01
  9.800040e-01   1.075512e+02   1.066285e+01
  9.826350e-01   1.059038e+02   1.065493e+01
  9.852660e-01   1.068042e+02   1.042068e+01
  9.878970e-01   1.042306e+02   1.040866e+01
  9.905280e-01   9.701035e+01   1.016253e+01
  9.931590e-01   1.069852e+02   1.017136e+01
  9.957900e-01   8.655575e+01   1.000314e+01
  9.984220e-01   1.059106e+02   1.003410e+01
  1.001050e+00   1.052361e+02   1.001666e+01
  1.003680e+00   9.187330e+01   9.800480e+00
  1.006310e+00   9.411605e+01   9.878480e+00
  1.008950e+00   1.093649e+02   9.890085e+00
  1.011580e+00   1.010712e+02   9.826795e+00
  1.014210e+00   9.816735e+01   9.727180e+00
  1.016840e+00   9.987725e+01   9.668965e+00
  1.019470e+00   9.431525e+01   9.702365e+00
  1.022100e+00   9.632065e+01   9.672575e+00
  1.024730e+00   9.840770e+01   9.704740e+00
  1.027360e+00   1.052921e+02   9.578420e+00
  1.029990e+00   1.061436e+02   9.619225e+00
  1.032630e+00   9.462820e+01   9.638085e+00
  1.035260e+00   8.427960e+01   9.402480e+00
  1.037890e+00   8.439745e+01   9.494190e+00
  1.040520e+00   9.289665e+01   9.453030e+00
  1.043150e+00   7.046985e+01   9.328355e+00
  1.045780e+00   9.473830e+01   9.550560e+00
  1.048410e+00   8.194985e+01   9.321185e+00
  1.051040e+00   8.473625e+01   9.400450e+00
  1.053670e+00   9.023535e+01   9.176665e+00
  1.056310e+00   7.490075e+01   9.333915e+00
  1.058940e+00   9.529960e+01   9.345440e+00
  1.061570e+00   8.105155e+01   9.188875e+00
  1.064200e+00   8.804315e+01   9.335990e+00
  1.066830e+00   8.910670e+01   9.071860e+00
  1.069460e+00   8.800725e+01   9.209480e+00
  1.072090e+00   6.878400e+01   9.065110e+00
  1.074720e+00   8.054150e+01   9.133085e+00
  1.077350e+00   6.035120e+01   9.029125e+00
  1.079990e+00   8.219875e+01   8.978810e+00
  1.082620e+00   8.348465e+01   9.145475e+00
  1.085250e+00   8.593085e+01   9.044830e+00
  1.087880e+00   8.281930e+01   9.015280e+00
  1.090510e+00   8.498040e+01   9.047460e+00
  1.093140e+00   7.058350e+01   8.917610e+00
  1.095770e+00   8.392895e+01   9.012275e+00
  1.098400e+00   6.637995e+01   8.814200e+00
  1.101030e+00   6.752435e+01   8.917985e+00
  1.103670e+00   7.894365e+01   9.004140e+00
  1.106300e+00   7.153245e+01   8.802960e+00
  1.108930e+00   7.080680e+01   8.935790e+00
  1.111560e+00   6.138860e+01   8.825005e+00
  1.114190e+00   7.919810e+01   8.959945e+00
  1.116820e+00   7.228625e+01   8.785285e+00
  1.119450e+00   6.316550e+01   8.730865e+00
  1.122080e+00   5.730640e+01   8.804025e+00
  1.124710e+00   5.783045e+01   8.701395e+00
  1.127350e+00   6.439825e+01   8.801995e+00
  1.129980e+00   6.208990e+01   8.754485e+00
  1.132610e+00   7.311780e+01   8.819320e+00
  1.135240e+00   4.984515e+01   8.692365e+00
  1.137870e+00   6.091430e+01   8.611630e+00
  1.140500e+00   6.044790e+01   8.622355e+00
  1.143130e+00   5.089110e+01   8.586075e+00
  1.145760e+00   6.219925e+01   8.656735e+00
  1.148390e+00   5.750485e+01   8.567420e+00
  1.151030e+00   5.978570e+01   8.569915e+00
  1.153660e+00   5.488240e+01   8.678640e+00
  1.156290e+00   6.609360e+01   8.564695e+00
  1.158920e+00   5.997475e+01   8.657660e+00
  1.161550e+00   6.765865e+01   8.600970e+00
  1.164180e+00   6.138345e+01   8.533515e+00
  1.166810e+00   5.700725e+01   8.522085e+00
  1.169440e+00   6.796685e+01   8.546175e+00
  1.172070e+00   4.490935e+01   8.527950e+00
  1.174710e+00   5.334450e+01   8.503900e+00
  1.177340e+00   4.214250e+01   8.508565e+00
  1.179970e+00   5.484635e+01   8.475655e+00
  1.182600e+00   6.463870e+01   8.481070e+00
  1.185230e+00   5.213140e+01   8.401860e+00
  1.187860e+00   5.532930e+01   8.343155e+00
  1.190490e+00   3.561945e+01   8.371915e+00
  1.193120e+00   4.786345e+01   8.285855e+00
  1.195750e+00   4.427220e+01   8.291975e+00
  1.198390e+00   4.988450e+01   8.377330e+00
  1.201020e+00   5.803055e+01   8.394840e+00
  1.203650e+00   4.138250e+01   8.343375e+00
  1.206280e+00   4.461340e+01   8.301025e+00
  1.208910e+00   5.732760e+01   8.296895e+00
  1.211540e+00   4.083220e+01   8.234335e+00
  1.214170e+00   5.909100e+01   8.268970e+00
  1.216800e+00   5.289050e+01   8.240165e+00
  1.219430e+00   4.490400e+01   8.205200e+00
  1.222070e+00   4.932810e+01   8.220870e+00
  1.224700e+00   5.249910e+01   8.269365e+00
  1.227330e+00   3.313810e+01   8.050195e+00
  1.229960e+00   3.965395e+01   8.134925e+00
  1.232590e+00   5.020665e+01   8.130140e+00
  1.235220e+00   4.662620e+01   8.170565e+00
  1.237850e+00   4.600985e+01   8.168630e+00
  1.240480e+00   4.715920e+01   8.114585e+00
  1.243110e+00   4.576255e+01   8.083890e+00
  1.245750e+00   2.184955e+01   7.995745e+00
  1.248380e+00   4.834005e+01   8.245705e+00
  1.251010e+00   5.376240e+01   8.028310e+00
  1.253640e+00   4.988335e+01   8.128540e+00
  1.256270e+00   5.791215e+01   8.148130e+00
  1.258900e+00   4.754365e+01   8.057755e+00
  1.261530e+00   5.364445e+01   8.134570e+00
  1.264160e+00   2.051505e+01   7.908080e+00
  1.266790e+00   3.609570e+01   8.077920e+00
  1.269430e+00   5.870880e+01   8.070180e+00
  1.272060e+00   4.526740e+01   7.974730e+00
  1.274690e+00   4.156860e+01   7.952585e+00
  1.277320e+00   3.045025e+01   7.944665e+00
  1.279950e+00   3.646900e+01   7.989145e+00
  1.282580e+00   4.321890e+01   7.925410e+00
  1.285210e+00   3.024065e+01   7.995810e+00
  1.287840e+00   3.193760e+01   7.882295e+00
  1.290470e+00   4.025265e+01   7.883925e+00
  1.293110e+00   2.911905e+01   7.846680e+00
  1.295740e+00   2.590140e+01   7.778725e+00
  1.298370e+00   4.097290e+01   7.908355e+00
  1.301000e+00   2.276480e+01   7.817260e+00
  1.303630e+00   3.629380e+01   7.870670e+00
  1.306260e+00   3.398665e+01   7.848165e+00
  1.308890e+00   3.877705e+01   7.889600e+00
  1.311520e+00   3.400385e+01   7.841585e+00
  1.314150e+00   2.691175e+01   7.770975e+00
  1.316790e+00   3.685410e+01   7.813330e+00
  1.319420e+00   2.879060e+01   7.811785e+00
  1.322050e+00   2.842780e+01   7.848400e+00
  1.324680e+00   3.041620e+01   7.821260e+00
  1.327310e+00   2.800745e+01   7.717695e+00
  1.329940e+00   2.459720e+01   7.716740e+00
  1.332570e+00   3.257365e+01   7.728040e+00
  1.335200e+00   3.137005e+01   7.733185e+00
  1.337830e+00   1.962420e+01   7.660085e+00
  1.340470e+00   2.613125e+01   7.725890e+00
  1.343100e+00   2.378740e+01   7.746520e+00
  1.345730e+00   2.632155e+01   7.706565e+00
  1.348360e+00   3.532185e+01   7.666635e+00
  1.350990e+00   2.697375e+01   7.596440e+00
  1.353620e+00   2.914075e+01   7.648295e+00
  1.356250e+00   2.318235e+01   7.661235e+00
  1.358880e+00   2.962430e+01   7.646035e+00
  1.361510e+00   3.875480e+01   7.679735e+00
  1.364150e+00   4.472400e+01   7.644385e+00
  1.366780e+00   2.638655e+01   7.648295e+00
  1.369410e+00   2.049825e+01   7.572290e+00
  1.372040e+00   2.429760e+01   7.605085e+00
  1.374670e+00   1.245175e+01   7.548055e+00
  1.377300e+00   2.253170e+01   7.572230e+00
  1.379930e+00   1.772145e+01   7.466795e+00
  1.382560e+00   2.143425e+01   7.546685e+00
  1.385190e+00   2.381560e+01   7.533365e+00
  1.387830e+00   2.898735e+01   7.581010e+00
  1.390460e+00   1.936920e+01   7.458095e+00
  1.393090e+00   2.116605e+01   7.486065e+00
  1.395720e+00   2.751200e+01   7.529930e+00
  1.398350e+00   2.966670e+01   7.481865e+00
  1.400980e+00   2.566610e+01   7.460285e+00
  1.403610e+00   3.123650e+01   7.438765e+00
  1.406240e+00   2.259800e+01   7.456655e+00
  1.408870e+00   2.704615e+01   7.457735e+00
  1.411510e+00   3.179360e+01   7.473625e+00
  1.414140e+00   2.287160e+01   7.466555e+00
  1.416770e+00   9.953250e+00   7.301945e+00
  1.419400e+00   2.140730e+01   7.468950e+00
  1.422030e+00   1.179395e+01   7.433115e+00
  1.424660e+00   2.707950e+01   7.400090e+00
  1.427290e+00   2.677405e+01   7.492105e+00
  1.429920e+00   3.638390e+01   7.403330e+00
  1.432550e+00   2.178555e+01   7.424630e+00
  1.435190e+00   2.278705e+01   7.329445e+00
  1.437820e+00   1.547830e+01   7.422835e+00
  1.440450e+00   1.624905e+01   7.356770e+00
  1.443080e+00   1.347765e+01   7.335735e+00
  1.445710e+00   2.068040e+01   7.436530e+00
  1.448340e+00   1.743950e+01   7.290955e+00
  1.450970e+00   1.630840e+01   7.317185e+00
  1.453600e+00   2.895540e+01   7.404805e+00
  1.456230e+00   1.850955e+01   7.356805e+00
  1.458870e+00   1.155910e+01   7.320960e+00
  1.461500e+00   1.512455e+01   7.275845e+00
  1.464130e+00   2.466500e+01   7.349295e+00
  1.466760e+00   1.571720e+01   7.318415e+00
  1.469390e+00   2.272400e+01   7.331615e+00
  1.472020e+00   1.209690e+01   7.320770e+00
  1.474650e+00   2.185175e+01   7.254405e+00
  1.477280e+00   1.873675e+01   7.331020e+00
  1.479910e+00   3.577320e+01   7.342560e+00
  1.482550e+00   2.619640e+01   7.325020e+00
  1.485180e+00   1.743095e+01   7.250150e+00
  1.487810e+00   2.384315e+01   7.363565e+00
  1.490440e+00   1.602840e+01   7.471310e+00
  1.493070e+00   8.823500e+00   7.462610e+00
  1.495700e+00   1.816130e+01   7.556200e+00
  1.498330e+00   1.940240e+01   7.593150e+00
  1.500960e+00   1.644650e+01   7.505885e+00
  1.503590e+00   2.075845e+01   7.588680e+00
  1.506230e+00   1.714840e+01   7.662305e+00
  1.508860e+00   1.206010e+01   7.739305e+00
  1.511490e+00   1.291555e+01   7.588745e+00
  1.514120e+00   2.176035e+01   7.695065e+00
  1.516750e+00   1.249080e+01   7.737070e+00
  1.519380e+00   9.572050e+00   7.632905e+00
  1.522010e+00   2.109695e+01   7.829370e+00
  1.524640e+00   2.355970e+01   7.707290e+00
  1.527270e+00   2.408995e+01   7.814830e+00
  1.529910e+00   1.124570e+01   7.772545e+00
  1.532540e+00   1.947610e+01   7.969590e+00
  1.535170e+00   1.592660e+01   7.933115e+00
  1.537800e+00   2.067685e+01   7.778610e+00
  1.540430e+00   3.412550e+00   7.835850e+00
  1.543060e+00   1.892465e+01   7.769000e+00
  1.545690e+00   2.410630e+01   7.754315e+00
  1.548320e+00   1.731260e+01   7.648230e+00
  1.550950e+00   2.306485e+01   7.565415e+00
  1.553590e+00  -2.331500e+00   7.573380e+00
  1.556220e+00   2.010295e+01   7.503390e+00
  1.558850e+00   2.922420e+01   7.619030e+00
  1.561480e+00   2.197290e+01   7.497795e+00
  1.564110e+00   1.663820e+01   7.378660e+00
  1.566740e+00   2.323965e+01   7.487130e+00
  1.569370e+00   6.656050e+00   7.318440e+00
  1.572000e+00   8.236500e+00   7.399420e+00
  1.574630e+00   1.715945e+01   7.315565e+00
  1.577270e+00   1.363130e+01   7.323400e+00
  1.579900e+00  -2.886600e+00   7.240795e+00
  1.582530e+00   1.469710e+01   7.324910e+00
  1.585160e+00   5.052000e+00   7.283910e+00
  1.587790e+00   1.652210e+01   7.174295e+00
  1.590420e+00   5.171600e+00   7.349780e+00
  1.593050e+00   1.894485e+01   7.373535e+00
  1.595680e+00   1.116470e+01   7.243910e+00
  1.598310e+00   4.097150e+00   7.251935e+00
  1.600950e+00   1.750585e+01   7.196950e+00
  1.603580e+00   6.876050e+00   7.272760e+00
  1.606210e+00   6.682450e+00   7.184285e+00
  1.608840e+00   1.527055e+01   7.234410e+00
  1.611470e+00   2.191015e+01   7.250160e+00
  1.614100e+00   4.913600e+00   7.124465e+00
  1.616730e+00   1.566970e+01   7.267810e+00
  1.619360e+00   1.083300e+01   7.214555e+00
  1.621990e+00   2.093605e+01   7.239415e+00
  1.624630e+00   2.773055e+01   7.237580e+00
  1.627260e+00   1.242880e+01   7.157970e+00
  1.629890e+00   1.426615e+01   7.185825e+00
  1.632520e+00   3.462850e+00   7.147185e+00
  1.635150e+00   1.011220e+01   7.167735e+00
  1.637780e+00   7.124350e+00   7.160485e+00
  1.640410e+00   6.880950e+00   7.120930e+00
  1.643040e+00   1.104205e+01   7.161960e+00
  1.645670e+00   3.993000e+00   7.071940e+00
  1.648310e+00   1.095945e+01   7.206465e+00
  1.650940e+00   1.353045e+01   7.100540e+00
  1.653570e+00   2.339155e+01   7.137560e+00
  1.656200e+00   1.951945e+01   7.172875e+00
  1.658830e+00   1.014385e+01   7.102695e+00
  1.661460e+00   1.421500e+00   7.157685e+00
  1.664090e+00   9.229850e+00   7.039100e+00
  1.666720e+00   1.190500e+01   7.088285e+00
  1.669350e+00   1.919120e+01   7.132730e+00
  1.671990e+00   2.566550e+01   7.140850e+00
  1.674620e+00   3.016750e+00   7.076830e+00
  1.677250e+00  -1.122550e+00   7.025550e+00
  1.679880e+00   1.177690e+01   7.059415e+00
  1.682510e+00   1.933640e+01   7.060310e+00
  1.685140e+00   6.390150e+00   7.002500e+00
  1.687770e+00   9.088550e+00   7.032935e+00
  1.690400e+00   1.004075e+01   6.972420e+00
  1.693030e+00   1.539130e+01   7.055830e+00
  1.695670e+00   9.076700e+00   6.960630e+00
  1.698300e+00   1.103665e+01   6.978325e+00
  1.700930e+00   8.761550e+00   7.047405e+00
  1.703560e+00   2.219315e+01   7.014795e+00
  1.706190e+00   1.805630e+01   7.081610e+00
  1.708820e+00   1.337550e+00   6.904570e+00
  1.711450e+00   1.106655e+01   7.028540e+00
  1.714080e+00   8.762850e+00   6.982285e+00
  1.716710e+00   4.328400e+00   6.959865e+00
  1.719340e+00   8.203650e+00   6.913745e+00
  1.721980e+00   1.276430e+01   6.970160e+00
  1.724610e+00   1.057785e+01   6.981160e+00
  1.727240e+00   6.025750e+00   6.911675e+00
  1.729870e+00   4.071200e+00   6.929370e+00
  1.732500e+00   4.487600e+00   6.887600e+00
  1.735130e+00   2.751500e-01   6.950825e+00
  1.737760e+00   8.915350e+00   6.961820e+00
  1.740390e+00   9.790000e-02   6.876430e+00
  1.743020e+00   1.793495e+01   6.937650e+00
  1.745660e+00   1.951805e+01   6.987750e+00
  1.748290e+00   6.604350e+00   6.911150e+00
  1.750920e+00   5.909100e+00   7.004660e+00
  1.753550e+00   5.464650e+00   6.824215e+00
  1.756180e+00   1.948850e+01   6.922370e+00
  1.758810e+00   2.711350e+00   6.918875e+00
  1.761440e+00   4.996000e+00   6.917575e+00
  1.764070e+00   2.472075e+01   6.972425e+00
  1.766700e+00   1.462650e+00   6.846065e+00
  1.769340e+00   1.832735e+01   6.970545e+00
  1.771970e+00   1.205610e+01   6.946445e+00
  1.774600e+00   1.285730e+01   6.894285e+00
  1.777230e+00   2.062250e+00   6.878845e+00
  1.779860e+00   1.539090e+01   6.865655e+00
  1.782490e+00   2.503525e+01   7.037865e+00
  1.785120e+00   6.195850e+00   6.826575e+00
  1.787750e+00   1.878950e+01   6.930880e+00
  1.790380e+00   1.135820e+01   6.920935e+00
  1.793020e+00   1.120475e+01   6.903780e+00
  1.795650e+00   2.128800e+00   6.882260e+00
  1.798280e+00   6.724500e-01   6.779250e+00
  1.800910e+00   1.041045e+01   6.895735e+00
  1.803540e+00   1.615700e+01   6.843025e+00
  1.806170e+00   8.428600e+00   6.844720e+00
  1.808800e+00   6.868200e+00   6.839705e+00
  1.811430e+00   9.468550e+00   6.806615e+00
  1.814060e+00   2.026470e+01   6.885575e+00
  1.816700e+00   6.626650e+00   6.824435e+00
  1.819330e+00   2.579320e+01   6.881355e+00
  1.821960e+00   8.893000e+00   6.857735e+00
  1.824590e+00   2.047320e+01   6.812595e+00
  1.827220e+00   2.509000e+00   6.835790e+00
  1.829850e+00   2.625655e+01   6.847530e+00
  1.832480e+00   8.512250e+00   6.844870e+00
  1.835110e+00   6.295900e+00   6.827255e+00
  1.837740e+00   2.243550e+01   6.919445e+00
  1.840380e+00   1.381950e+01   6.873935e+00
  1.843010e+00   1.228225e+01   6.825250e+00
  1.845640e+00   1.453610e+01   6.906185e+00
  1.848270e+00   5.951350e+00   6.775900e+00
  1.850900e+00   1.222640e+01   6.878775e+00
  1.853530e+00   1.192975e+01   6.812045e+00
  1.856160e+00   1.840340e+01   6.830640e+00
  1.858790e+00   1.415525e+01   6.876460e+00
  1.861420e+00  -3.621250e+00   6.700595e+00
  1.864060e+00   5.467500e-01   6.830235e+00
  1.866690e+00   1.286940e+01   6.809320e+00
  1.869320e+00   6.085200e+00   6.902985e+00
  1.871950e+00   2.306250e+00   6.833450e+00
  1.874580e+00   4.058950e+00   6.815375e+00
  1.877210e+00   1.257310e+01   6.848135e+00
  1.879840e+00   4.646500e+00   6.776870e+00
  1.882470e+00   1.967770e+01   6.861560e+00
  1.885100e+00  -4.122000e-01   6.861440e+00
  1.887740e+00  -2.528800e+00   6.773470e+00
  1.890370e+00   2.252500e-01   6.873480e+00
  1.893000e+00   5.288900e+00   6.847905e+00
  1.895630e+00   1.042635e+01   6.863735e+00
  1.898260e+00   1.178245e+01   6.820910e+00
  1.900890e+00   1.100000e-02   6.865045e+00
  1.903520e+00   1.417200e+01   6.950330e+00
  1.906150e+00   8.388550e+00   6.785815e+00
  1.908780e+00   6.004000e-01   6.855920e+00
  1.911420e+00   1.344175e+01   6.853675e+00
  1.914050e+00   5.586850e+00   6.824295e+00
  1.916680e+00   3.201800e+00   6.845605e+00
  1.919310e+00  -4.756150e+00   6.826705e+00
  1.921940e+00   4.850100e+00   6.848245e+00
  1.924570e+00   1.317055e+01   6.842830e+00
  1.927200e+00  -7.655500e-01   6.896215e+00
  1.929830e+00   1.215785e+01   6.800615e+00
  1.932460e+00   5.341200e+00   6.836340e+00
  1.935100e+00   5.304300e+00   6.818100e+00
  1.937730e+00   7.923500e+00   6.885915e+00
  1.940360e+00   4.695850e+00   6.869330e+00
  1.942990e+00   5.415350e+00   6.803555e+00
  1.945620e+00   1.542970e+01   6.936085e+00
  1.948250e+00  -7.445350e+00   6.804355e+00
  1.950880e+00   1.250680e+01   6.878315e+00
  1.953510e+00  -1.645000e-01   6.834460e+00
  1.956140e+00  -4.563850e+00   6.798240e+00
  1.958780e+00  -4.142650e+00   6.886165e+00
  1.961410e+00  -1.967200e+00   6.838370e+00
  1.964040e+00   1.124235e+01   6.886060e+00
  1.966670e+00   2.632500e+00   6.872540e+00
  1.969300e+00   9.332450e+00   6.834865e+00
  1.971930e+00   1.534465e+01   6.907635e+00
  1.974560e+00   1.845170e+01   6.845955e+00
  1.977190e+00   6.551700e+00   6.862045e+00
  1.979820e+00   9.461750e+00   6.920855e+00
  1.982460e+00   7.596200e+00   6.887560e+00
  1.985090e+00   2.428350e+00   6.861945e+00
  1.987720e+00  -2.085500e+00   6.738900e+00
  1.990350e+00  -2.203500e+00   6.856410e+00
  1.992980e+00   3.269350e+00   6.833150e+00
  1.995610e+00   1.630960e+01   6.868180e+00
  1.998240e+00   5.994350e+00   6.885350e+00
  2.000870e+00   7.046700e+00   6.821890e+00
  2.003500e+00   9.306050e+00   6.889220e+00
  2.006140e+00   7.733300e+00   6.859605e+00
  2.008770e+00   1.522600e+00   6.784625e+00
  2.011400e+00  -1.560000e+00   6.854720e+00
  2.014030e+00  -2.489600e+00   6.828190e+00
  2.016660e+00   4.242300e+00   6.855710e+00
  2.019290e+00   4.968000e-01   6.786690e+00
  2.021920e+00   5.757200e+00   6.879775e+00
  2.024550e+00   3.985000e-01   6.847415e+00
  2.027180e+00   1.258795e+01   6.844630e+00
  2.029820e+00   9.645000e+00   6.871825e+00
  2.032450e+00  -1.656600e+00   6.787105e+00
  2.035080e+00   1.339335e+01   6.896720e+00
  2.037710e+00   2.217460e+01   6.898995e+00
  2.040340e+00   1.321800e+01   6.837060e+00
  2.042970e+00   1.050780e+01   6.902200e+00
  2.045600e+00   6.586650e+00   6.896000e+00
  2.048230e+00   1.225125e+01   7.098975e+00
  2.050860e+00   8.256300e+00   7.048210e+00
  2.053500e+00   9.428550e+00   7.163970e+00
  2.056130e+00   7.973750e+00   7.181990e+00
  2.058760e+00   1.933425e+01   7.258255e+00
  2.061390e+00   1.194385e+01   7.329515e+00
  2.064020e+00   1.285980e+01   7.228490e+00
  2.066650e+00   1.996700e+00   7.308400e+00
  2.069280e+00  -1.021960e+01   7.290040e+00
  2.071910e+00   5.758750e+00   7.328400e+00
  2.074540e+00   7.963400e+00   7.481440e+00
  2.077180e+00   3.082550e+00   7.369460e+00
  2.079810e+00  -4.265000e-02   7.459815e+00
  2.082440e+00   1.602350e+00   7.458065e+00
  2.085070e+00   8.035600e+00   7.503330e+00
  2.087700e+00   7.912000e-01   7.500545e+00
  2.090330e+00   7.568000e+00   7.471225e+00
  2.092960e+00   5.310450e+00   7.608010e+00
  2.095590e+00   2.003740e+01   7.671985e+00
  2.098220e+00   1.937000e+00   7.556000e+00
  2.100860e+00   5.031550e+00   7.456755e+00
  2.103490e+00   7.916050e+00   7.384530e+00
  2.106120e+00   7.028000e+00   7.315485e+00
  2.108750e+00   1.744350e+00   7.230345e+00
  2.111380e+00   4.516450e+00   7.165940e+00
  2.114010e+00   1.296315e+01   7.261595e+00
  2.116640e+00   1.908050e+00   7.154835e+00
  2.119270e+00   8.617950e+00   7.145500e+00
  2.121900e+00   1.800375e+01   7.174375e+00
  2.124540e+00   1.480880e+01   7.203655e+00
  2.127170e+00   6.313300e+00   7.160570e+00
  2.129800e+00   9.952500e+00   7.138350e+00
  2.132430e+00   1.808570e+01   7.184425e+00
  2.135060e+00   2.689350e+00   7.159420e+00
  2.137690e+00   4.077300e+00   7.194235e+00
  2.140320e+00   1.823550e+00   7.221485e+00
  2.142950e+00   3.517700e+00   7.086830e+00
  2.145580e+00   1.040130e+01   7.225470e+00
  2.148220e+00   1.401710e+01   7.219390e+00
  2.150850e+00  -4.640000e-01   7.102400e+00
  2.153480e+00   8.096500e+00   7.165630e+00
  2.156110e+00  -1.630400e+00   7.054155e+00
  2.158740e+00  -6.015000e-01   7.201375e+00
  2.161370e+00   1.423300e+00   7.145225e+00
  2.164000e+00   1.888155e+01   7.218405e+00
  2.166630e+00  -5.486500e-01   7.149585e+00
  2.169260e+00   2.473260e+01   7.250790e+00
  2.171900e+00   1.017650e+00   7.137755e+00
  2.174530e+00   2.270990e+01   7.233495e+00
  2.177160e+00   7.901800e+00   7.164590e+00
  2.179790e+00   1.231815e+01   7.186445e+00
  2.182420e+00   1.625085e+01   7.199430e+00
  2.185050e+00   1.586245e+01   7.150315e+00
  2.187680e+00  -8.839000e-01   7.213160e+00
  2.190310e+00   5.160950e+00   7.196355e+00
  2.192940e+00   1.709015e+01   7.187475e+00
  2.195580e+00  -6.256200e+00   7.104425e+00
  2.198210e+00   1.633585e+01   7.177945e+00
  2.200840e+00   1.220085e+01   7.244070e+00
  2.203470e+00  -5.160800e+00   7.153245e+00
  2.206100e+00   6.036450e+00   7.158910e+00
  2.208730e+00   1.401095e+01   7.232820e+00
  2.211360e+00   7.515900e+00   7.147270e+00
  2.213990e+00   1.079325e+01   7.231195e+00
  2.216620e+00   1.089560e+01   7.130995e+00
  2.219260e+00   6.544750e+00   7.218415e+00
  2.221890e+00   1.560030e+01   7.193535e+00
  2.224520e+00   1.279245e+01   7.201110e+00
  2.227150e+00   8.359400e+00   7.242605e+00
  2.229780e+00   3.932050e+00   7.082310e+00
  2.232410e+00   1.166670e+01   7.241340e+00
  2.235040e+00   3.924850e+00   7.142625e+00
  2.237670e+00   7.165350e+00   7.171930e+00
  2.240300e+00   5.091600e+00   7.218435e+00
  2.242940e+00  -1.257700e+00   7.243775e+00
  2.245570e+00   2.745000e-01   7.341845e+00
  2.248200e+00   1.175925e+01   7.207360e+00
  2.250830e+00   1.723615e+01   7.312015e+00
  2.253460e+00  -4.885650e+00   7.254050e+00
  2.256090e+00   1.490500e-01   7.253620e+00
  2.258720e+00   3.479700e+00   7.322445e+00
  2.261350e+00   1.001850e+01   7.194505e+00
  2.263980e+00   6.682300e+00   7.190115e+00
  2.266620e+00  -3.388600e+00   7.127535e+00
  2.269250e+00   1.261345e+01   7.255160e+00
  2.271880e+00   8.716700e+00   7.253740e+00
  2.274510e+00   7.579600e+00   7.227525e+00
  2.277140e+00   7.433100e+00   7.277995e+00
  2.279770e+00   1.944240e+01   7.243655e+00
  2.282400e+00   8.606050e+00   7.307795e+00
  2.285030e+00   2.417935e+01   7.295445e+00
  2.287660e+00   3.618400e+00   7.225335e+00
  2.290300e+00   4.024950e+00   7.341345e+00
  2.292930e+00   6.141950e+00   7.107015e+00
  2.295560e+00   1.671405e+01   7.276965e+00
  2.298190e+00  -3.761550e+00   7.167590e+00
  2.300820e+00   7.066550e+00   7.228460e+00
  2.303450e+00   2.439345e+01   7.333275e+00
  2.306080e+00  -1.640000e-02   7.136150e+00
  2.308710e+00   1.306135e+01   7.327985e+00
  2.311340e+00   1.164175e+01   7.193285e+00
  2.313980e+00  -6.338050e+00   7.129200e+00
  2.316610e+00  -2.276000e-01   7.176130e+00
  2.319240e+00   1.779150e+01   7.283740e+00
  2.321870e+00   2.755750e+00   7.221425e+00
  2.324500e+00  -1.024265e+01   7.148275e+00
  2.327130e+00   1.502085e+01   7.321835e+00
  2.329760e+00   1.523010e+01   7.294520e+00
  2.332390e+00   1.378700e+01   7.203305e+00
  2.335020e+00  -5.524500e-01   7.271075e+00
  2.337660e+00  -6.705350e+00   7.198410e+00
  2.340290e+00   6.569950e+00   7.277410e+00
  2.342920e+00   3.892000e-01   7.168420e+00
  2.345550e+00   1.205400e+01   7.232045e+00
  2.348180e+00   9.536200e+00   7.283645e+00
  2.350810e+00   1.681015e+01   7.221120e+00
  2.353440e+00   5.835100e+00   7.232470e+00
  2.356070e+00   1.587400e+01   7.274280e+00
  2.358700e+00   1.004525e+01   7.227315e+00
  2.361340e+00   1.018170e+01   7.252845e+00
  2.363970e+00  -1.522100e+00   7.099290e+00
  2.366600e+00  -2.905400e+00   7.259375e+00
  2.369230e+00   7.724500e-01   7.097950e+00
  2.371860e+00  -1.107850e+00   7.183920e+00
  2.374490e+00   6.933350e+00   7.194165e+00
  2.377120e+00   9.819150e+00   7.163075e+00
  2.379750e+00   5.273700e+00   7.231110e+00
  2.382380e+00   7.263200e+00   7.130830e+00
  2.385020e+00  -2.076000e+00   7.198150e+00
  2.387650e+00   1.974695e+01   7.197570e+00
  2.390280e+00   7.002700e+00   7.264745e+00
  2.392910e+00   7.975450e+00   7.174435e+00
  2.395540e+00   1.734800e+00   7.217430e+00
  2.398170e+00   1.201185e+01   7.242850e+00
  2.400800e+00   1.042365e+01   7.151655e+00
  2.403430e+00   1.543750e+00   7.189210e+00
  2.406060e+00   1.225850e+00   7.252630e+00
  2.408700e+00   1.047190e+01   7.171250e+00
  2.411330e+00   1.837450e+00   7.255525e+00
  2.413960e+00   7.702450e+00   7.264130e+00
  2.416590e+00   6.233050e+00   7.288450e+00
  2.419220e+00   1.404185e+01   7.181665e+00
  2.421850e+00   1.580440e+01   7.248660e+00
  2.424480e+00   2.387650e+00   7.227550e+00
  2.427110e+00   1.509665e+01   7.194420e+00
  2.429740e+00  -1.182490e+01   7.217585e+00
  2.432380e+00   1.196815e+01   7.171160e+00
  2.435010e+00   7.615650e+00   7.272700e+00
  2.437640e+00   8.796750e+00   7.238350e+00
  2.440270e+00   5.198500e-01   7.218480e+00
  2.442900e+00   3.876150e+00   7.182110e+00
  2.445530e+00   5.912400e+00   7.115565e+00
  2.448160e+00   6.530000e-02   7.302340e+00
  2.450790e+00  -6.835400e+00   7.144425e+00
  2.453420e+00   6.884250e+00   7.204855e+00
  2.456060e+00   9.350150e+00   7.256040e+00
  2.458690e+00  -4.954500e-01   7.152795e+00
  2.461320e+00   1.476000e+00   7.226535e+00
  2.463950e+00  -6.880500e-01   7.196530e+00
  2.466580e+00   4.000000e+00   7.244490e+00
  2.469210e+00   4.253000e-01   7.226110e+00
  2.471840e+00  -5.513800e+00   7.169580e+00
  2.474470e+00   4.558650e+00   7.294745e+00
  2.477100e+00   1.023120e+01   7.199270e+00
  2.479730e+00   2.516550e+00   7.274615e+00
  2.482370e+00   5.829500e-01   7.245085e+00
  2.485000e+00   3.191950e+00   7.181785e+00
  2.487630e+00   4.370750e+00   7.288735e+00
  2.490260e+00   7.348100e+00   7.215480e+00
  2.492890e+00   1.291680e+01   7.300770e+00
  2.495520e+00  -1.425450e+00   7.181550e+00
  2.498150e+00  -5.543400e+00   7.234895e+00
  2.500780e+00   1.182590e+01   7.236310e+00
  2.503410e+00   1.127005e+01   7.212640e+00
  2.506050e+00   2.426300e+00   7.269675e+00
  2.508680e+00   6.419800e+00   7.192310e+00
  2.511310e+00   5.468950e+00   7.278070e+00
  2.513940e+00  -1.001350e+00   7.208265e+00
  2.516570e+00   8.156400e+00   7.256145e+00
  2.519200e+00   2.107070e+01   7.347955e+00
  2.521830e+00  -6.056200e+00   7.157610e+00
  2.524460e+00   5.983600e+00   7.235510e+00
  2.527090e+00  -4.283850e+00   7.249420e+00
  2.529730e+00   4.697450e+00   7.261665e+00
  2.532360e+00   1.145560e+01   7.263740e+00
  2.534990e+00   4.271850e+00   7.204235e+00
  2.537620e+00   1.203585e+01   7.334660e+00
  2.540250e+00   9.712750e+00   7.237265e+00
  2.542880e+00   8.303750e+00   7.289475e+00
  2.545510e+00   1.673175e+01   7.289775e+00
  2.548140e+00   1.955690e+01   7.320820e+00
  2.550770e+00   9.280100e+00   7.318195e+00
  2.553410e+00   1.380110e+01   7.260970e+00
  2.556040e+00  -1.219870e+01   7.183985e+00
  2.558670e+00   5.205000e-01   7.258010e+00
  2.561300e+00   6.575750e+00   7.273980e+00
  2.563930e+00   4.018750e+00   7.213025e+00
  2.566560e+00   9.105000e-02   7.148970e+00
  2.569190e+00   5.616900e+00   7.268530e+00
  2.571820e+00   1.646800e+00   7.204155e+00
  2.574450e+00   1.240660e+01   7.214005e+00
  2.577090e+00   5.415350e+00   7.229435e+00
  2.579720e+00  -1.876750e+00   7.175825e+00
  2.582350e+00  -1.552100e+00   7.226025e+00
  2.584980e+00   7.798400e+00   7.204290e+00
  2.587610e+00   4.680250e+00   7.236490e+00
  2.590240e+00   7.571500e+00   7.211790e+00
  2.592870e+00   1.914500e+00   7.169550e+00
  2.595500e+00   1.090395e+01   7.284065e+00
  2.598130e+00  -3.969450e+00   7.183735e+00
  2.600770e+00   9.195000e+00   7.257995e+00
  2.603400e+00  -6.232300e+00   7.345890e+00
  2.606030e+00   3.810900e+00   7.447005e+00
  2.608660e+00   9.927550e+00   7.532870e+00
  2.611290e+00   9.554650e+00   7.645250e+00
  2.613920e+00   1.422300e+00   7.699420e+00
  2.616550e+00  -5.438200e+00   7.733210e+00
  2.619180e+00  -5.695850e+00   7.739770e+00
  2.621810e+00   4.961700e+00   7.767935e+00
  2.624450e+00   1.756895e+01   7.920910e+00
  2.627080e+00   2.896500e+00   7.976535e+00
  2.629710e+00   3.839750e+00   7.940410e+00
  2.632340e+00   1.640830e+01   8.031420e+00
  2.634970e+00   4.636800e+00   7.989895e+00
  2.637600e+00   1.091240e+01   8.158310e+00
  2.640230e+00   1.136500e-01   8.163730e+00
  2.642860e+00   1.644010e+01   8.302465e+00
  2.645490e+00   1.031580e+01   8.340545e+00
  2.648130e+00   2.005200e+00   8.291520e+00
  2.650760e+00   1.297430e+01   8.428295e+00
  2.653390e+00   8.289150e+00   8.337695e+00
  2.656020e+00   1.020795e+01   8.300135e+00
  2.658650e+00   1.942500e+00   8.304225e+00
  2.661280e+00  -1.821100e+00   7.988100e+00
  2.663910e+00  -6.425600e+00   7.990780e+00
  2.666540e+00   1.254985e+01   7.916955e+00
  2.669170e+00  -5.487500e+00   7.885380e+00
  2.671810e+00  -1.832300e+00   7.872075e+00
  2.674440e+00   4.558400e+00   7.892190e+00
  2.677070e+00  -1.322480e+01   7.699410e+00
  2.679700e+00   1.715775e+01   7.795555e+00
  2.682330e+00  -7.227650e+00   7.795955e+00
  2.684960e+00  -5.997900e+00   7.758400e+00
  2.687590e+00   5.879400e+00   7.748630e+00
  2.690220e+00   7.465500e-01   7.775645e+00
  2.692850e+00   9.544150e+00   7.689805e+00
  2.695490e+00  -4.334600e+00   7.823180e+00
  2.698120e+00  -6.717750e+00   7.673650e+00
  2.700750e+00   1.202130e+01   7.687960e+00
  2.703380e+00   8.785500e+00   7.665275e+00
  2.706010e+00   1.049865e+01   7.690425e+00
  2.708640e+00   1.371450e+00   7.673340e+00
  2.711270e+00   1.176000e+01   7.662020e+00
  2.713900e+00   3.978550e+00   7.710400e+00
  2.716530e+00   6.429850e+00   7.647715e+00
  2.719170e+00   8.923000e-01   7.650840e+00
  2.721800e+00   1.282410e+01   7.669390e+00
  2.724430e+00   3.620450e+00   7.580590e+00
  2.727060e+00   1.579500e+01   7.704295e+00
  2.729690e+00   2.003000e+00   7.608090e+00
  2.732320e+00  -9.751050e+00   7.520375e+00
  2.734950e+00   7.041200e+00   7.571625e+00
  2.737580e+00   6.676600e+00   7.599845e+00
  2.740210e+00   1.150255e+01   7.676730e+00
  2.742850e+00   8.321500e+00   7.523555e+00
  2.745480e+00   1.864740e+01   7.593135e+00
  2.748110e+00   7.607000e+00   7.637410e+00
  2.750740e+00   1.901800e+00   7.509455e+00
  2.753370e+00   1.738160e+01   7.610350e+00
  2.756000e+00  -3.020100e+00   7.462650e+00
  2.758630e+00   1.824585e+01   7.524890e+00
  2.761260e+00   4.866550e+00   7.588695e+00
  2.763890e+00   6.803700e+00   7.554510e+00
  2.766530e+00   3.942900e+00   7.568200e+00
  2.769160e+00   5.234900e+00   7.464610e+00
  2.771790e+00  -1.476200e+00   7.503105e+00
  2.774420e+00  -1.192000e+00   7.476345e+00
  2.777050e+00   1.216610e+01   7.469570e+00
  2.779680e+00   6.918650e+00   7.427670e+00
  2.782310e+00   1.971450e+00   7.539750e+00
  2.784940e+00  -5.003250e+00   7.478355e+00
  2.787570e+00   7.337400e+00   7.407540e+00
  2.790210e+00   9.483850e+00   7.526015e+00
  2.792840e+00   3.617050e+00   7.416210e+00
  2.795470e+00   1.375625e+01   7.514030e+00
  2.798100e+00   3.760500e+00   7.535250e+00
  2.800730e+00   1.421070e+01   7.453675e+00
  2.803360e+00  -5.566100e+00   7.431200e+00
  2.805990e+00   3.827000e+00   7.489780e+00
  2.808620e+00  -5.678250e+00   7.404865e+00
  2.811250e+00   3.597900e+00   7.520095e+00
  2.813890e+00   1.256105e+01   7.476105e+00
  2.816520e+00   6.738650e+00   7.503045e+00
  2.819150e+00   4.099350e+00   7.533070e+00
  2.821780e+00  -2.478100e+00   7.506380e+00
  2.824410e+00   2.440325e+01   7.550880e+00
  2.827040e+00   9.213300e+00   7.539755e+00
  2.829670e+00  -3.181800e+00   7.455015e+00
  2.832300e+00   6.041500e+00   7.470085e+00
  2.834930e+00   1.562740e+01   7.549100e+00
  2.837570e+00   4.507000e-01   7.418335e+00
  2.840200e+00   7.409850e+00   7.498345e+00
  2.842830e+00  -5.405450e+00   7.525180e+00
  2.845460e+00   1.243725e+01   7.458230e+00
  2.848090e+00   1.092350e+00   7.401205e+00
  2.850720e+00  -1.290015e+01   7.387410e+00
  2.853350e+00   4.575100e+00   7.452555e+00
  2.855980e+00   2.260780e+01   7.523170e+00
  2.858610e+00  -8.789100e+00   7.422065e+00
  2.861250e+00   9.414800e+00   7.563745e+00
  2.863880e+00   1.773390e+01   7.423350e+00
  2.866510e+00   1.531550e+00   7.460515e+00
  2.869140e+00   4.804950e+00   7.454680e+00
  2.871770e+00   1.350815e+01   7.513955e+00
  2.874400e+00  -5.313800e+00   7.483685e+00
  2.877030e+00   4.080500e+00   7.447700e+00
  2.879660e+00   9.128300e+00   7.502570e+00
  2.882290e+00   1.920200e+00   7.465850e+00
  2.884930e+00   7.615900e+00   7.507855e+00
  2.887560e+00  -3.926850e+00   7.471155e+00
  2.890190e+00   1.025450e+01   7.333245e+00
  2.892820e+00   1.325145e+01   7.501760e+00
  2.895450e+00  -8.911700e+00   7.405790e+00
  2.898080e+00   4.052400e+00   7.448375e+00
  2.900710e+00  -2.593000e-01   7.490515e+00
  2.903340e+00   2.420500e-01   7.463460e+00
  2.905970e+00   7.306150e+00   7.470540e+00
  2.908610e+00  -5.507000e+00   7.410630e+00
  2.911240e+00   1.187210e+01   7.482395e+00
  2.913870e+00   1.409000e+00   7.409455e+00
  2.916500e+00   4.844200e+00   7.491435e+00
  2.919130e+00   1.231360e+01   7.424575e+00
  2.921760e+00   2.625550e+00   7.411270e+00
  2.924390e+00  -2.551450e+00   7.406885e+00
  2.927020e+00  -6.375850e+00   7.395320e+00
  2.929650e+00   1.312700e+01   7.456825e+00
  2.932290e+00   1.314790e+01   7.455005e+00
  2.934920e+00  -9.044000e-01   7.423510e+00
  2.937550e+00  -6.571050e+00   7.371095e+00
  2.940180e+00   5.040200e+00   7.397270e+00
  2.942810e+00   1.259915e+01   7.438905e+00
  2.945440e+00   5.288250e+00   7.352945e+00
  2.948070e+00   1.615250e+00   7.401910e+00
  2.950700e+00  -5.950550e+00   7.369075e+00
  2.953330e+00   1.061385e+01   7.474115e+00
  2.955970e+00   3.552100e+00   7.394050e+00
  2.958600e+00   1.413450e+00   7.382725e+00
  2.961230e+00   1.462075e+01   7.400880e+00
  2.963860e+00   5.665300e+00   7.354540e+00
  2.966490e+00  -2.831700e+00   7.383060e+00
  2.969120e+00   1.882250e+00   7.321695e+00
  2.971750e+00   1.501460e+01   7.413970e+00
  2.974380e+00   4.888750e+00   7.394930e+00
  2.977010e+00   3.234350e+00   7.334875e+00
  2.979650e+00   1.012055e+01   7.307440e+00
  2.982280e+00   1.022870e+01   7.412920e+00
  2.984910e+00   3.312450e+00   7.435140e+00
  2.987540e+00   1.232835e+01   7.445905e+00
  2.990170e+00  -2.596950e+00   7.316715e+00
  2.992800e+00  -4.050000e-02   7.324170e+00
  2.995430e+00   9.528700e+00   7.406485e+00
  2.998060e+00   3.374750e+00   7.327085e+00
  3.000690e+00  -3.589000e+00   7.381110e+00
  3.003330e+00   8.741900e+00   7.364275e+00
  3.005960e+00   1.608820e+01   7.438075e+00
  3.008590e+00   1.703490e+01   7.429025e+00
  3.011220e+00   5.425000e-02   7.373100e+00
  3.013850e+00   7.892100e+00   7.369965e+00
  3.016480e+00  -1.568650e+00   7.327015e+00
  3.019110e+00   7.131300e+00   7.385365e+00
  3.021740e+00  -5.926700e+00   7.317185e+00
  3.024370e+00   1.191395e+01   7.338675e+00
  3.027010e+00   2.180005e+01   7.447695e+00
  3.029640e+00   2.820550e+00   7.355885e+00
  3.032270e+00  -1.691640e+01   7.327900e+00
  3.034900e+00  -1.639050e+00   7.334535e+00
  3.037530e+00   1.740875e+01   7.413010e+00
  3.040160e+00  -9.152800e+00   7.350850e+00
  3.042790e+00   1.277750e+00   7.379790e+00
  3.045420e+00   2.981550e+00   7.284125e+00
  3.048050e+00   1.788350e+00   7.397235e+00
  3.050690e+00   1.642015e+01   7.414340e+00
  3.053320e+00   4.055800e+00   7.422165e+00
  3.055950e+00   4.038300e+00   7.349315e+00
  3.058580e+00   3.778600e+00   7.367465e+00
  3.061210e+00   1.189330e+01   7.410500e+00
  3.063840e+00   1.193230e+01   7.350875e+00
  3.066470e+00   1.189255e+01   7.424720e+00
  3.069100e+00   4.781250e+00   7.331655e+00
  3.071730e+00  -2.291850e+00   7.345045e+00
  3.074370e+00   5.147350e+00   7.362625e+00
  3.077000e+00  -3.324750e+00   7.317065e+00
  3.079630e+00   3.481950e+00   7.314350e+00
  3.082260e+00   3.040000e-02   7.388690e+00
  3.084890e+00   8.268900e+00   7.414430e+00
  3.087520e+00  -1.893400e+00   7.355645e+00
  3.090150e+00  -1.212035e+01   7.320410e+00
  3.092780e+00   8.975300e+00   7.433365e+00
  3.095410e+00   7.384050e+00   7.345000e+00
  3.098050e+00   1.365510e+01   7.349850e+00
  3.100680e+00   8.764700e+00   7.350920e+00
  3.103310e+00   3.202850e+00   7.389105e+00
  3.105940e+00   3.781200e+00   7.431635e+00
  3.108570e+00   8.684000e-01   7.379610e+00
  3.111200e+00   1.948750e+01   7.443795e+00
  3.113830e+00   1.509745e+01   7.429910e+00
  3.116460e+00   1.600245e+01   7.413550e+00
  3.119090e+00   1.721285e+01   7.497185e+00
  3.121730e+00   6.150550e+00   7.394625e+00
  3.124360e+00   4.961600e+00   7.376815e+00
  3.126990e+00   1.459085e+01   7.409300e+00
  3.129620e+00   2.089300e+00   7.341545e+00
  3.132250e+00  -6.060000e-01   7.380450e+00
  3.134880e+00  -6.349600e+00   7.372485e+00
  3.137510e+00   2.174620e+01   7.460175e+00
  3.140140e+00   4.626100e+00   7.425260e+00
  3.142770e+00   3.818050e+00   7.318610e+00
  3.145410e+00   5.765450e+00   7.406960e+00
  3.148040e+00   1.445000e+00   7.384760e+00
  3.150670e+00   7.140000e+00   7.376030e+00
  3.153300e+00   1.199285e+01   7.394285e+00
  3.155930e+00   2.581100e+00   7.331130e+00
  3.158560e+00   1.177295e+01   7.374580e+00
  3.161190e+00   2.147550e+00   7.555125e+00
  3.163820e+00  -2.552950e+00   7.625540e+00
  3.166450e+00  -3.381000e-01   7.752665e+00
  3.169090e+00   1.124885e+01   7.795455e+00
  3.171720e+00   5.213100e+00   7.965745e+00
  3.174350e+00   2.329825e+01   8.116970e+00
  3.176980e+00  -2.223600e+00   7.968090e+00
  3.179610e+00   7.214500e+00   8.164690e+00
  3.182240e+00   1.729355e+01   8.237210e+00
  3.184870e+00   6.671750e+00   8.178645e+00
  3.187500e+00   8.670850e+00   8.275020e+00
  3.190130e+00  -1.957450e+00   8.242585e+00
  3.192770e+00   7.733000e+00   8.361850e+00
  3.195400e+00   1.545005e+01   8.417140e+00
  3.198030e+00   3.116500e+00   8.428485e+00
  3.200660e+00   2.001670e+01   8.461430e+00
  3.203290e+00   1.781995e+01   8.474255e+00
  3.205920e+00   2.191925e+01   8.577560e+00
  3.208550e+00   1.396465e+01   8.607005e+00
  3.211180e+00  -1.243630e+01   8.479655e+00
  3.213810e+00   9.326800e+00   8.636815e+00
  3.216450e+00  -1.392240e+01   8.371640e+00
  3.219080e+00  -9.730750e+00   8.283390e+00
  3.221710e+00   2.392750e+00   8.189630e+00
  3.224340e+00   3.107450e+00   7.998945e+00
  3.226970e+00   8.294650e+00   8.092920e+00
  3.229600e+00   3.171300e+00   8.066070e+00
  3.232230e+00   8.626700e+00   8.035505e+00
  3.234860e+00   8.926900e+00   8.050560e+00
  3.237490e+00   1.329795e+01   7.935400e+00
  3.240120e+00   8.577850e+00   7.973110e+00
  3.242760e+00   8.119300e+00   8.008615e+00
  3.245390e+00   8.879500e-01   7.840055e+00
  3.248020e+00   2.181475e+01   7.936725e+00
  3.250650e+00   5.542350e+00   7.867955e+00
  3.253280e+00  -3.065650e+00   7.831755e+00
  3.255910e+00   1.057940e+01   7.782500e+00
  3.258540e+00  -5.553150e+00   7.747455e+00
  3.261170e+00   1.399650e+00   7.743210e+00
  3.263800e+00   9.804900e+00   7.823210e+00
  3.266440e+00   7.056150e+00   7.732045e+00
  3.269070e+00   8.522050e+00   7.686990e+00
  3.271700e+00   7.890150e+00   7.765555e+00
  3.274330e+00   4.707250e+00   7.747935e+00
  3.276960e+00  -4.952000e-01   7.733440e+00
  3.279590e+00   4.038400e+00   7.785490e+00
  3.282220e+00   1.431130e+01   7.797630e+00
  3.284850e+00  -4.652450e+00   7.710915e+00
  3.287480e+00   6.074000e+00   7.740245e+00
  3.290120e+00   1.056985e+01   7.696925e+00
  3.292750e+00  -3.938500e+00   7.627400e+00
  3.295380e+00  -1.250175e+01   7.646730e+00
  3.298010e+00   6.151300e+00   7.712865e+00
  3.300640e+00   1.258615e+01   7.752120e+00
  3.303270e+00  -4.955500e-01   7.597245e+00
  3.305900e+00   8.621000e+00   7.693785e+00
  3.308530e+00   1.603180e+01   7.788670e+00
  3.311160e+00   7.852650e+00   7.695310e+00
  3.313800e+00   3.025000e-02   7.674195e+00
  3.316430e+00   7.592600e+00   7.715785e+00
  3.319060e+00  -6.948950e+00   7.675175e+00
  3.321690e+00  -6.865000e-02   7.654470e+00
  3.324320e+00   1.279815e+01   7.700390e+00
  3.326950e+00   6.818050e+00   7.776885e+00
  3.329580e+00   5.889500e-01   7.671680e+00
  3.332210e+00  -1.224000e+00   7.660480e+00
  3.334840e+00   5.562800e+00   7.700095e+00
  3.337480e+00   1.790265e+01   7.705290e+00
  3.340110e+00   1.411495e+01   7.696920e+00
  3.342740e+00  -4.304150e+00   7.656915e+00
  3.345370e+00   1.965500e+00   7.512410e+00
  3.348000e+00   3.743250e+00   7.537975e+00
  3.350630e+00  -7.565650e+00   7.577815e+00
  3.353260e+00   1.021400e+00   7.623100e+00
  3.355890e+00  -7.808000e-01   7.628565e+00
  3.358520e+00  -3.822650e+00   7.501065e+00
  3.361160e+00   1.556620e+01   7.668215e+00
  3.363790e+00  -9.896050e+00   7.539250e+00
  3.366420e+00   3.530250e+00   7.532875e+00
  3.369050e+00   1.888955e+01   7.533935e+00
  3.371680e+00   3.734050e+00   7.530405e+00
  3.374310e+00   1.133425e+01   7.584900e+00
  3.376940e+00   4.318700e+00   7.593255e+00
  3.379570e+00   1.219575e+01   7.517605e+00
  3.382200e+00   6.891400e+00   7.494590e+00
  3.384840e+00   1.974615e+01   7.654865e+00
  3.387470e+00   5.036650e+00   7.608760e+00
  3.390100e+00   1.639950e+00   7.508520e+00
  3.392730e+00   5.803400e+00   7.523885e+00
  3.395360e+00   1.454435e+01   7.592285e+00
  3.397990e+00   6.371150e+00   7.583895e+00
  3.400620e+00   1.284185e+01   7.604410e+00
  3.403250e+00   1.523465e+01   7.534180e+00
  3.405880e+00   4.655950e+00   7.500595e+00
  3.408520e+00   1.133500e+00   7.608770e+00
  3.411150e+00   8.819550e+00   7.601895e+00
  3.413780e+00   1.707555e+01   7.527585e+00
  3.416410e+00   1.012735e+01   7.519405e+00
  3.419040e+00   1.042165e+01   7.561485e+00
  3.421670e+00  -3.872400e+00   7.476100e+00
  3.424300e+00  -6.661500e+00   7.465580e+00
  3.426930e+00   1.877900e+00   7.505025e+00
  3.429560e+00  -5.699350e+00   7.431190e+00
  3.432200e+00   3.325000e-02   7.513225e+00
  3.434830e+00  -5.847500e-01   7.437590e+00
  3.437460e+00  -6.548000e+00   7.473585e+00
  3.440090e+00   4.505150e+00   7.559900e+00
  3.442720e+00  -7.183000e-01   7.531725e+00
  3.445350e+00  -3.654200e+00   7.449710e+00
  3.447980e+00   6.818550e+00   7.526840e+00
  3.450610e+00   1.440590e+01   7.551440e+00
  3.453240e+00   9.026850e+00   7.544550e+00
  3.455880e+00  -8.748950e+00   7.483150e+00
  3.458510e+00   5.838350e+00   7.527965e+00
  3.461140e+00  -1.872150e+00   7.486595e+00
  3.463770e+00  -2.237000e-01   7.497815e+00
  3.466400e+00   3.783400e+00   7.474745e+00
  3.469030e+00   4.875000e-01   7.503135e+00
  3.471660e+00  -3.579550e+00   7.478910e+00
  3.474290e+00  -8.033500e-01   7.502490e+00
  3.476920e+00  -2.189000e-01   7.457320e+00
  3.479560e+00  -3.994300e+00   7.464910e+00
  3.482190e+00   1.212040e+01   7.537605e+00
  3.484820e+00   9.695800e+00   7.499360e+00
  3.487450e+00   9.253700e+00   7.528780e+00
  3.490080e+00   7.756300e+00   7.544745e+00
  3.492710e+00   1.577440e+01   7.528580e+00
  3.495340e+00   5.815700e+00   7.577820e+00
  3.497970e+00   1.882320e+01   7.534690e+00
  3.500600e+00   5.240900e+00   7.474345e+00
  3.503240e+00   6.561000e-01   7.484300e+00
  3.505870e+00   1.757000e+01   7.567160e+00
  3.508500e+00   3.701750e+00   7.524455e+00
  3.511130e+00   3.114100e+00   7.394365e+00
  3.513760e+00   5.093800e+00   7.406590e+00
  3.516390e+00   4.407600e+00   7.489080e+00
  3.519020e+00   2.405400e+00   7.440235e+00
  3.521650e+00   1.551960e+01   7.496775e+00
  3.524280e+00  -1.023250e+01   7.425025e+00
  3.526920e+00  -2.048100e+00   7.393820e+00
  3.529550e+00   1.397500e-01   7.519835e+00
  3.532180e+00   8.336050e+00   7.507600e+00
  3.534810e+00   7.497700e+00   7.495055e+00
  3.537440e+00   9.952350e+00   7.538620e+00
  3.540070e+00   1.806950e+00   7.478900e+00
  3.542700e+00   9.678400e+00   7.518540e+00
  3.545330e+00   4.858900e+00   7.470720e+00
  3.547960e+00   1.500150e+00   7.515965e+00
  3.550600e+00   4.404600e+00   7.509915e+00
  3.553230e+00  -4.192350e+00   7.453275e+00
  3.555860e+00   5.042200e+00   7.498995e+00
  3.558490e+00   6.702500e-01   7.399025e+00
  3.561120e+00   5.653900e+00   7.478295e+00
  3.563750e+00   1.192600e+01   7.522435e+00
  3.566380e+00   2.231000e-01   7.444180e+00
  3.569010e+00   1.168025e+01   7.497135e+00
  3.571640e+00   6.799550e+00   7.465125e+00
  3.574280e+00   1.361435e+01   7.582560e+00
  3.576910e+00   9.196400e+00   7.599835e+00
  3.579540e+00  -7.203500e+00   7.394785e+00
  3.582170e+00   2.029050e+00   7.463065e+00
  3.584800e+00   1.310600e+01   7.477010e+00
  3.587430e+00   1.201180e+01   7.514000e+00
  3.590060e+00   3.029050e+00   7.506405e+00
  3.592690e+00   1.225850e+00   7.430275e+00
  3.595320e+00   5.132850e+00   7.476950e+00
  3.597960e+00   8.242400e+00   7.489545e+00
  3.600590e+00  -6.098450e+00   7.438235e+00
  3.603220e+00  -6.330600e+00   7.410275e+00
  3.605850e+00  -9.220550e+00   7.380415e+00
  3.608480e+00   2.695250e+00   7.495140e+00
  3.611110e+00   9.228850e+00   7.492645e+00
  3.613740e+00   4.380400e+00   7.446565e+00
  3.616370e+00  -3.253450e+00   7.389650e+00
  3.619000e+00   1.581280e+01   7.575145e+00
  3.621640e+00   3.935100e+00   7.545205e+00
  3.624270e+00   2.991800e+00   7.443050e+00
  3.626900e+00   8.555300e+00   7.412480e+00
  3.629530e+00   7.275500e-01   7.477705e+00
  3.632160e+00   2.638850e+00   7.495445e+00
  3.634790e+00  -5.376500e+00   7.433190e+00
  3.637420e+00   5.222000e+00   7.424600e+00
  3.640050e+00   9.338850e+00   7.479280e+00
  3.642680e+00  -4.010000e-02   7.456970e+00
  3.645320e+00   6.816850e+00   7.497910e+00
  3.647950e+00  -2.918650e+00   7.410945e+00
  3.650580e+00   6.833250e+00   7.531715e+00
  3.653210e+00  -3.216450e+00   7.442995e+00
  3.655840e+00  -1.215705e+01   7.345100e+00
  3.658470e+00  -7.522250e+00   7.342020e+00
  3.661100e+00  -5.209750e+00   7.330910e+00
  3.663730e+00   6.410800e+00   7.404925e+00
  3.666360e+00   8.115400e+00   7.477210e+00
  3.669000e+00   7.802750e+00   7.354040e+00
  3.671630e+00  -2.178500e-01   7.352435e+00
  3.674260e+00   8.392000e+00   7.379625e+00
  3.676890e+00   1.535795e+01   7.455010e+00
  3.679520e+00   1.449020e+01   7.411865e+00
  3.682150e+00   1.162940e+01   7.394665e+00
  3.684780e+00  -3.826850e+00   7.340825e+00
  3.687410e+00   1.496550e+00   7.408535e+00
  3.690040e+00  -8.140800e+00   7.309495e+00
  3.692680e+00   1.951910e+01   7.367375e+00
  3.695310e+00   1.653620e+01   7.411920e+00
  3.697940e+00  -1.538000e-01   7.364045e+00
  3.700570e+00  -1.804050e+00   7.290485e+00
  3.703200e+00   3.747300e+00   7.292565e+00
  3.705830e+00   6.864800e+00   7.414860e+00
  3.708460e+00  -4.159500e-01   7.360100e+00
  3.711090e+00  -4.333200e+00   7.348110e+00
  3.713720e+00   6.109300e+00   7.385055e+00
  3.716360e+00  -1.196150e+00   7.403295e+00
  3.718990e+00   9.575450e+00   7.608440e+00
  3.721620e+00  -8.658000e-01   7.797440e+00
  3.724250e+00   3.446550e+00   7.752370e+00
  3.726880e+00   2.279700e+00   7.954215e+00
  3.729510e+00   6.530100e+00   8.025930e+00
  3.732140e+00  -4.813000e+00   8.128770e+00
  3.734770e+00   1.347250e+01   8.269905e+00
  3.737400e+00   1.627890e+01   8.295255e+00
  3.740040e+00  -5.995100e+00   8.317205e+00
  3.742670e+00   5.946400e+00   8.448030e+00
  3.745300e+00   1.163825e+01   8.582010e+00
  3.747930e+00   3.924850e+00   8.546785e+00
  3.750560e+00   1.269650e+00   8.667030e+00
  3.753190e+00  -7.572850e+00   8.605895e+00
  3.755820e+00  -1.139185e+01   8.683230e+00
  3.758450e+00  -1.528000e+00   8.689505e+00
  3.761080e+00  -6.412500e-01   8.799775e+00
  3.763720e+00  -6.227400e+00   8.770395e+00
  3.766350e+00  -1.058150e+00   8.824635e+00
  3.768980e+00   1.218730e+01   8.921380e+00
  3.771610e+00   1.180990e+01   9.001995e+00
  3.774240e+00   9.135950e+00   8.786225e+00
  3.776870e+00   7.679950e+00   8.667880e+00
  3.779500e+00   6.321200e+00   8.550970e+00
  3.782130e+00  -8.172850e+00   8.353410e+00
  3.784760e+00   1.293080e+01   8.413025e+00
  3.787400e+00  -1.110460e+01   8.296000e+00
  3.790030e+00  -3.538450e+00   8.235520e+00
  3.792660e+00   2.055900e+00   8.196235e+00
  3.795290e+00  -6.014950e+00   8.214405e+00
  3.797920e+00  -3.983050e+00   8.205305e+00
  3.800550e+00   1.707015e+01   8.253040e+00
  3.803180e+00   7.535250e+00   8.097180e+00
  3.805810e+00   3.072550e+00   8.115365e+00
  3.808440e+00   1.003710e+01   8.189395e+00
  3.811080e+00   1.003910e+01   8.279850e+00
  3.813710e+00   1.458380e+01   8.173245e+00
  3.816340e+00  -7.549550e+00   8.137820e+00
  3.818970e+00   7.760650e+00   8.217215e+00
  3.821600e+00   9.797450e+00   8.229780e+00
  3.824230e+00  -1.721300e+00   8.138510e+00
  3.826860e+00  -4.983850e+00   8.098735e+00
  3.829490e+00   6.813050e+00   8.172630e+00
  3.832120e+00   5.566300e+00   8.150560e+00
  3.834760e+00   7.787100e+00   8.212105e+00
  3.837390e+00  -1.483830e+01   8.090325e+00
  3.840020e+00   1.347605e+01   8.157670e+00
  3.842650e+00  -4.062500e-01   8.131665e+00
  3.845280e+00   8.926350e+00   8.200270e+00
  3.847910e+00  -2.588550e+00   8.163135e+00
  3.850540e+00  -4.389500e-01   8.186405e+00
  3.853170e+00   1.374385e+01   8.196395e+00
  3.855800e+00  -7.196350e+00   8.146125e+00
  3.858440e+00   7.701500e+00   8.217415e+00
  3.861070e+00  -4.420800e+00   8.244185e+00
  3.863700e+00   9.625450e+00   8.225775e+00
  3.866330e+00  -7.468000e-01   8.326105e+00
  3.868960e+00  -2.086150e+00   8.168225e+00
  3.871590e+00   2.335470e+01   8.280305e+00
  3.874220e+00   6.678150e+00   8.147500e+00
  3.876850e+00  -4.126650e+00   8.148875e+00
  3.879480e+00  -5.702750e+00   8.235290e+00
  3.882120e+00  -1.027700e+00   8.230240e+00
  3.884750e+00   2.459450e+00   8.235100e+00
  3.887380e+00   1.582860e+01   8.310655e+00
  3.890010e+00   9.280050e+00   8.234130e+00
  3.892640e+00  -7.827250e+00   8.233710e+00
  3.895270e+00   6.524300e+00   8.190230e+00
  3.897900e+00  -2.467480e+01   8.216010e+00
  3.900530e+00  -4.124700e+00   8.214325e+00
  3.903160e+00  -2.460750e+00   8.193690e+00
  3.905800e+00   5.734100e+00   8.285190e+00
  3.908430e+00   1.211300e+00   8.222480e+00
  3.911060e+00   1.039110e+01   8.338150e+00
  3.913690e+00   5.934700e+00   8.354135e+00
  3.916320e+00   2.265175e+01   8.304075e+00
  3.918950e+00   1.382270e+01   8.331920e+00
  3.921580e+00  -7.507550e+00   8.253705e+00
  3.924210e+00   2.700900e+00   8.295815e+00
  3.926840e+00   5.696950e+00   8.261425e+00
  3.929480e+00   2.650750e+00   8.273355e+00
  3.932110e+00   1.014200e+00   8.264640e+00
  3.934740e+00  -6.674700e+00   8.228115e+00
  3.937370e+00   5.684800e+00   8.221685e+00
  3.940000e+00  -2.106850e+00   8.252275e+00
  3.942630e+00  -3.737250e+00   8.359135e+00
  3.945260e+00  -3.550450e+00   8.387940e+00
  3.947890e+00   3.851700e+00   8.385515e+00
  3.950520e+00   1.352300e+01   8.389490e+00
  3.953160e+00   6.479350e+00   8.327655e+00
  3.955790e+00   9.211850e+00   8.374735e+00
  3.958420e+00   2.008500e+00   8.287790e+00
  3.961050e+00   1.061550e+00   8.282725e+00
  3.963680e+00   9.437600e+00   8.396975e+00
  3.966310e+00   1.035425e+01   8.372020e+00
  3.968940e+00  -1.779850e+00   8.324265e+00
  3.971570e+00   9.414050e+00   8.406975e+00
  3.974200e+00   2.431600e+00   8.430985e+00
  3.976840e+00   2.158650e+00   8.429225e+00
  3.979470e+00   4.670750e+00   8.408715e+00
  3.982100e+00  -3.790800e+00   8.287795e+00
  3.984730e+00  -1.824445e+01   8.242540e+00
  3.987360e+00   1.514060e+01   8.443335e+00
  3.989990e+00   1.718450e+00   8.433600e+00
  3.992620e+00   4.113750e+00   8.386280e+00
  3.995250e+00  -1.617260e+01   8.311820e+00
  3.997880e+00  -3.412050e+00   8.377245e+00
  4.000520e+00  -1.950750e+00   8.358200e+00
  4.003150e+00   1.292585e+01   8.333170e+00
  4.005780e+00   1.038715e+01   8.372075e+00
  4.008410e+00   4.383650e+00   8.421430e+00
  4.011040e+00   2.556100e+00   8.352210e+00
  4.013670e+00   4.367700e+00   8.334745e+00
  4.016300e+00   1.677340e+01   8.339420e+00
  4.018930e+00  -7.462850e+00   8.221705e+00
  4.021560e+00  -7.936700e+00   8.283750e+00
  4.024190e+00   1.601300e+00   8.275665e+00
  4.026830e+00   2.716800e+00   8.373450e+00
  4.029460e+00  -1.003170e+01   8.343845e+00
  4.032090e+00   1.326700e+00   8.387750e+00
  4.034720e+00   1.156350e+00   8.431385e+00
  4.037350e+00  -1.418200e+00   8.480750e+00
  4.039980e+00  -6.305350e+00   8.467940e+00
  4.042610e+00  -7.545450e+00   8.440415e+00
  4.045240e+00  -1.397000e+00   8.383365e+00
  4.047870e+00  -7.237050e+00   8.354455e+00
  4.050510e+00   2.841000e-01   8.414760e+00
  4.053140e+00   1.702550e+00   8.499190e+00
  4.055770e+00  -8.187400e+00   8.502230e+00
  4.058400e+00   4.652200e+00   8.567670e+00
  4.061030e+00   2.169655e+01   8.601795e+00
  4.063660e+00  -9.550500e-01   8.547240e+00
  4.066290e+00   6.489350e+00   8.548260e+00
  4.068920e+00   1.203950e+00   8.608195e+00
  4.071550e+00   6.397100e+00   8.645715e+00
  4.074190e+00   1.344000e+01   8.582765e+00
  4.076820e+00   1.558625e+01   8.676830e+00
  4.079450e+00   6.952350e+00   8.749395e+00
  4.082080e+00   4.892750e+00   8.612090e+00
  4.084710e+00   6.739700e+00   8.674830e+00
  4.087340e+00  -7.293400e+00   8.626030e+00
  4.089970e+00   1.734860e+01   8.794600e+00
  4.092600e+00  -6.732150e+00   8.731850e+00
  4.095230e+00   4.400950e+00   8.694060e+00
  4.097870e+00   1.019950e+00   8.735710e+00
  4.100500e+00   2.137235e+01   8.843750e+00
  4.103130e+00   1.107890e+01   8.718125e+00
  4.105760e+00   1.759480e+01   8.846595e+00
  4.108390e+00   3.208250e+00   8.842130e+00
  4.111020e+00  -7.511950e+00   8.850730e+00
  4.113650e+00  -1.275900e+00   8.752290e+00
  4.116280e+00   2.198000e-01   8.822080e+00
  4.118910e+00   2.345180e+01   8.942705e+00
  4.121550e+00  -8.187250e+00   8.853605e+00
  4.124180e+00   5.411550e+00   8.811385e+00
  4.126810e+00   9.685350e+00   8.904295e+00
  4.129440e+00   5.567750e+00   8.870480e+00
  4.132070e+00   1.761125e+01   8.983100e+00
  4.134700e+00   6.745300e+00   8.961050e+00
  4.137330e+00  -4.155250e+00   8.874370e+00
  4.139960e+00   7.093000e-01   8.954995e+00
  4.142590e+00   1.634685e+01   8.986920e+00
  4.145230e+00  -1.334390e+01   8.758645e+00
  4.147860e+00   1.839695e+01   8.955265e+00
  4.150490e+00  -7.702350e+00   8.798750e+00
  4.153120e+00   6.758350e+00   8.978995e+00
  4.155750e+00   7.615850e+00   8.869610e+00
  4.158380e+00   6.688800e+00   8.922730e+00
  4.161010e+00   3.876750e+00   8.910730e+00
  4.163640e+00   2.213720e+01   8.956200e+00
  4.166270e+00   5.808000e-01   8.946225e+00
  4.168910e+00   1.431145e+01   8.981355e+00
  4.171540e+00   5.681900e+00   8.941000e+00
  4.174170e+00   5.290400e+00   8.849145e+00
  4.176800e+00   2.494700e+00   8.896580e+00
  4.179430e+00   2.101250e+00   8.839910e+00
  4.182060e+00   8.277150e+00   8.853395e+00
  4.184690e+00   1.407700e+00   9.039750e+00
  4.187320e+00  -7.158800e+00   8.935695e+00
  4.189950e+00   1.104100e+01   9.044815e+00
  4.192590e+00   1.760080e+01   9.074265e+00
  4.195220e+00   7.957100e+00   9.027905e+00
  4.197850e+00   1.316680e+01   9.032885e+00
  4.200480e+00  -2.859000e-01   8.924765e+00
  4.203110e+00   7.233000e-01   8.930355e+00
  4.205740e+00   3.647750e+00   8.999480e+00
  4.208370e+00   8.619650e+00   8.983540e+00
  4.211000e+00  -1.801950e+00   8.933785e+00
  4.213630e+00   1.171050e+00   8.918365e+00
  4.216270e+00   9.690400e+00   9.031785e+00
  4.218900e+00  -3.937000e+00   9.020960e+00
  4.221530e+00   3.662500e-01   9.067635e+00
  4.224160e+00  -2.278900e+00   9.053375e+00
  4.226790e+00   8.646700e+00   9.230195e+00
  4.229420e+00   2.773000e-01   9.233360e+00
  4.232050e+00  -1.219360e+01   9.193130e+00
  4.234680e+00   5.541900e+00   9.236820e+00
  4.237310e+00  -2.613550e+00   9.342885e+00
  4.239950e+00   1.473735e+01   9.414740e+00
  4.242580e+00   1.256640e+01   9.434750e+00
  4.245210e+00   1.081395e+01   9.408630e+00
  4.247840e+00   6.450300e+00   9.356090e+00
  4.250470e+00  -4.998000e-01   9.452260e+00
  4.253100e+00   1.600155e+01   9.702550e+00
  4.255730e+00   7.244350e+00   9.630015e+00
  4.258360e+00   3.037200e+00   9.629620e+00
  4.260990e+00  -1.096005e+01   9.413530e+00
  4.263630e+00  -4.271550e+00   9.542185e+00
  4.266260e+00   1.464695e+01   9.781615e+00
  4.268890e+00   1.529250e+00   9.770820e+00
  4.271520e+00   4.119950e+00   9.806520e+00
  4.274150e+00   1.250415e+01   9.896935e+00
  4.276780e+00   1.392850e+00   1.039713e+01
  4.279410e+00  -8.904000e-01   1.067236e+01
  4.282040e+00  -5.305000e-01   1.101081e+01
  4.284670e+00   8.966100e+00   1.152315e+01
  4.287310e+00   5.951650e+00   1.177398e+01
  4.289940e+00  -1.095600e+01   1.168603e+01
  4.292570e+00   2.930975e+01   1.223013e+01
  4.295200e+00  -1.755850e+00   1.211174e+01
  4.297830e+00   1.840775e+01   1.246406e+01
  4.300460e+00  -4.996050e+00   1.223935e+01
  4.303090e+00   6.855300e+00   1.244144e+01
  4.305720e+00   4.212050e+00   1.238190e+01
  4.308350e+00   1.456850e+00   1.247390e+01
  4.310990e+00   3.618050e+01   1.286146e+01
  4.313620e+00   1.404300e+00   1.267999e+01
  4.316250e+00  -1.978800e+00   1.278393e+01
  4.318880e+00  -1.502055e+01   1.289963e+01
  4.321510e+00  -1.396155e+01   1.297433e+01
  4.324140e+00   1.086050e+01   1.277220e+01
  4.326770e+00   1.097500e-01   1.340828e+01
  4.329400e+00   1.612325e+01   1.355648e+01
  4.332030e+00   1.346800e+01   1.336427e+01
  4.334670e+00   7.717850e+00   1.369742e+01
  4.337300e+00  -6.412500e-01   1.348556e+01
  4.339930e+00   5.352900e+00   1.378430e+01
  4.342560e+00   1.837140e+01   1.389599e+01
  4.345190e+00   1.912405e+01   1.400436e+01
  4.347820e+00   1.810355e+01   1.402765e+01
  4.350450e+00   3.059830e+01   1.414931e+01
  4.353080e+00  -1.251685e+01   1.420907e+01
  4.355710e+00   2.299325e+01   1.421711e+01
  4.358350e+00  -1.506055e+01   1.420431e+01
  4.360980e+00   7.074600e+00   1.449609e+01
  4.363610e+00  -1.577130e+01   1.421906e+01
  4.366240e+00   8.189350e+00   1.481802e+01
  4.368870e+00   2.575220e+01   1.486927e+01
  4.371500e+00   1.015220e+01   1.485561e+01
  4.374130e+00   2.329950e+00   1.502806e+01
  4.376760e+00   2.174680e+01   1.526378e+01
  4.379390e+00  -1.824350e+00   1.506715e+01
  4.382030e+00   7.561450e+00   1.528087e+01
  4.384660e+00   1.189870e+01   1.537510e+01
  4.387290e+00   1.703610e+01   1.554697e+01
  4.389920e+00  -2.798835e+01   1.517362e+01
  4.392550e+00   5.067350e+00   1.593552e+01
  4.395180e+00   1.146725e+01   1.613563e+01
  4.397810e+00  -1.124090e+01   1.598627e+01
  4.400440e+00   1.364500e+00   1.569089e+01
  4.403070e+00   3.739365e+01   1.663133e+01
  4.405710e+00  -2.528070e+01   1.602113e+01
  4.408340e+00  -2.158315e+01   1.605342e+01
  4.410970e+00   2.863095e+01   1.666672e+01
  4.413600e+00  -3.907080e+01   1.610621e+01
  4.416230e+00  -1.380055e+01   1.683994e+01
  4.418860e+00   1.252245e+01   1.685374e+01
  4.421490e+00   1.506180e+01   1.724761e+01
  4.424120e+00   1.838495e+01   1.721186e+01
  4.426750e+00   3.534600e+00   1.709336e+01
  4.429390e+00   1.577805e+01   1.750736e+01
  4.432020e+00  -2.203100e+00   1.727522e+01
  4.434650e+00  -1.359925e+01   1.748494e+01
  4.437280e+00   2.869900e+00   1.752129e+01
  4.439910e+00  -4.827000e+00   1.784524e+01
  4.442540e+00   4.777600e+00   1.808220e+01
  4.445170e+00  -3.576260e+01   1.837956e+01
  4.447800e+00  -1.505375e+01   2.337446e+01
  4.450430e+00   5.221605e+01   5.442415e+01
parent: processed/subtracted/DAPKB_0036_sub.dat
creator: datop
creator-version: v0.3 (r3402)
datop-operation: processed/subtracted/DAPKB_0036_sub.dat DIV 2.0
