 Merge of: endo_mer.dat Merge02.dat                                                                                                                                                                                                                             
endo_mer.dat  Conc = .10E+01  Mult = .10E+01  N1 =    1  N2 =  200  SCALE =  1
Merge02.dat   Conc = .10E+01  Mult = .79E-02  N1 =    1  N2 =  892  SCALE =  1
 0.157873E+00  0.608157E+02  0.334961E+01
 0.164963E+00  0.633595E+02  0.297742E+01
 0.172053E+00  0.634544E+02  0.280398E+01
 0.179144E+00  0.645904E+02  0.264706E+01
 0.186233E+00  0.615634E+02  0.251424E+01
 0.193323E+00  0.609853E+02  0.240819E+01
 0.200414E+00  0.619739E+02  0.232348E+01
 0.207504E+00  0.598530E+02  0.223945E+01
 0.214593E+00  0.586130E+02  0.215708E+01
 0.221683E+00  0.604533E+02  0.208145E+01
 0.228774E+00  0.588181E+02  0.200378E+01
 0.235864E+00  0.582469E+02  0.193371E+01
 0.242953E+00  0.582237E+02  0.187806E+01
 0.250043E+00  0.579821E+02  0.182870E+01
 0.257132E+00  0.578187E+02  0.178603E+01
 0.264223E+00  0.543692E+02  0.174207E+01
 0.271313E+00  0.553575E+02  0.170325E+01
 0.278402E+00  0.542748E+02  0.167470E+01
 0.285493E+00  0.522558E+02  0.164579E+01
 0.292582E+00  0.519423E+02  0.162417E+01
 0.299673E+00  0.516888E+02  0.159211E+01
 0.306762E+00  0.531340E+02  0.154797E+01
 0.313852E+00  0.491517E+02  0.150830E+01
 0.320943E+00  0.487806E+02  0.149164E+01
 0.328033E+00  0.479272E+02  0.147638E+01
 0.335122E+00  0.481084E+02  0.144160E+01
 0.342213E+00  0.467427E+02  0.142343E+01
 0.349303E+00  0.470769E+02  0.141111E+01
 0.356393E+00  0.451223E+02  0.137671E+01
 0.363482E+00  0.437485E+02  0.135491E+01
 0.370572E+00  0.431586E+02  0.134594E+01
 0.377663E+00  0.423261E+02  0.133376E+01
 0.384752E+00  0.408356E+02  0.132684E+01
 0.391842E+00  0.404501E+02  0.131038E+01
 0.398931E+00  0.383286E+02  0.129531E+01
 0.406022E+00  0.389030E+02  0.127995E+01
 0.413111E+00  0.383603E+02  0.126063E+01
 0.420202E+00  0.358861E+02  0.124206E+01
 0.427291E+00  0.362764E+02  0.122921E+01
 0.434381E+00  0.352931E+02  0.122697E+01
 0.441472E+00  0.333586E+02  0.122615E+01
 0.448562E+00  0.325669E+02  0.121598E+01
 0.455651E+00  0.337964E+02  0.122018E+01
 0.462742E+00  0.331941E+02  0.120784E+01
 0.469832E+00  0.301988E+02  0.113793E+01
 0.476921E+00  0.315546E+02  0.743053E+00
 0.484011E+00  0.303736E+02  0.653228E+00
 0.491101E+00  0.301149E+02  0.649568E+00
 0.498192E+00  0.296387E+02  0.649044E+00
 0.505281E+00  0.286623E+02  0.648775E+00
 0.512371E+00  0.281854E+02  0.646069E+00
 0.519462E+00  0.273492E+02  0.641646E+00
 0.526552E+00  0.267195E+02  0.635125E+00
 0.533640E+00  0.259386E+02  0.631093E+00
 0.540731E+00  0.256458E+02  0.625150E+00
 0.547821E+00  0.245397E+02  0.621717E+00
 0.554911E+00  0.249124E+02  0.314500E+00
 0.562000E+00  0.241010E+02  0.312576E+00
 0.569090E+00  0.240560E+02  0.313007E+00
 0.576180E+00  0.236265E+02  0.310527E+00
 0.583271E+00  0.231050E+02  0.308840E+00
 0.590361E+00  0.226567E+02  0.309963E+00
 0.597450E+00  0.220873E+02  0.307670E+00
 0.604540E+00  0.215662E+02  0.306941E+00
 0.611630E+00  0.210740E+02  0.307959E+00
 0.618721E+00  0.207665E+02  0.307227E+00
 0.625811E+00  0.201427E+02  0.306615E+00
 0.632901E+00  0.195143E+02  0.306364E+00
 0.639990E+00  0.194050E+02  0.304186E+00
 0.647080E+00  0.187065E+02  0.291701E+00
 0.654170E+00  0.182794E+02  0.219071E+00
 0.661261E+00  0.179757E+02  0.203604E+00
 0.668350E+00  0.174689E+02  0.203620E+00
 0.675439E+00  0.172994E+02  0.203144E+00
 0.682530E+00  0.168289E+02  0.201885E+00
 0.689620E+00  0.163774E+02  0.201929E+00
 0.696709E+00  0.160013E+02  0.202088E+00
 0.703799E+00  0.157310E+02  0.200590E+00
 0.710889E+00  0.157437E+02  0.200923E+00
 0.717980E+00  0.153898E+02  0.200894E+00
 0.725070E+00  0.149119E+02  0.200608E+00
 0.732159E+00  0.145959E+02  0.199623E+00
 0.739250E+00  0.142499E+02  0.199289E+00
 0.746339E+00  0.140899E+02  0.198440E+00
 0.753430E+00  0.135769E+02  0.194830E+00
 0.760520E+00  0.134165E+02  0.194928E+00
 0.767609E+00  0.133722E+02  0.194494E+00
 0.774700E+00  0.130648E+02  0.193374E+00
 0.781789E+00  0.128002E+02  0.193854E+00
 0.788880E+00  0.122067E+02  0.194359E+00
 0.795969E+00  0.120980E+02  0.193896E+00
 0.803059E+00  0.119069E+02  0.191638E+00
 0.810148E+00  0.117396E+02  0.190557E+00
 0.817239E+00  0.117973E+02  0.191984E+00
 0.824329E+00  0.112874E+02  0.192332E+00
 0.831418E+00  0.109275E+02  0.191406E+00
 0.838508E+00  0.107583E+02  0.191623E+00
 0.845598E+00  0.107197E+02  0.192146E+00
 0.852689E+00  0.104300E+02  0.190544E+00
 0.859779E+00  0.102179E+02  0.190074E+00
 0.866868E+00  0.993563E+01  0.190948E+00
 0.873959E+00  0.967535E+01  0.189235E+00
 0.881048E+00  0.950979E+01  0.186676E+00
 0.888139E+00  0.936348E+01  0.186259E+00
 0.895228E+00  0.965409E+01  0.188149E+00
 0.902318E+00  0.928885E+01  0.188955E+00
 0.909409E+00  0.886929E+01  0.186551E+00
 0.916498E+00  0.882056E+01  0.187917E+00
 0.923589E+00  0.849981E+01  0.188722E+00
 0.930678E+00  0.856155E+01  0.190537E+00
 0.937768E+00  0.808959E+01  0.189564E+00
 0.944859E+00  0.812496E+01  0.187229E+00
 0.951949E+00  0.806010E+01  0.186150E+00
 0.959038E+00  0.762047E+01  0.183946E+00
 0.966127E+00  0.768213E+01  0.184509E+00
 0.973218E+00  0.742427E+01  0.184491E+00
 0.980307E+00  0.725682E+01  0.183103E+00
 0.987398E+00  0.725834E+01  0.183065E+00
 0.994487E+00  0.686172E+01  0.181760E+00
 0.100158E+01  0.667640E+01  0.182010E+00
 0.100867E+01  0.667889E+01  0.181823E+00
 0.101576E+01  0.638244E+01  0.181240E+00
 0.102285E+01  0.614370E+01  0.181089E+00
 0.102994E+01  0.638957E+01  0.182535E+00
 0.103702E+01  0.624998E+01  0.183066E+00
 0.104412E+01  0.597285E+01  0.179120E+00
 0.105120E+01  0.585514E+01  0.177563E+00
 0.105829E+01  0.579068E+01  0.179270E+00
 0.106539E+01  0.581746E+01  0.178399E+00
 0.107247E+01  0.574062E+01  0.180162E+00
 0.107957E+01  0.555088E+01  0.180133E+00
 0.108665E+01  0.517693E+01  0.179435E+00
 0.109375E+01  0.538258E+01  0.180578E+00
 0.110084E+01  0.524771E+01  0.180193E+00
 0.110792E+01  0.533147E+01  0.178455E+00
 0.111502E+01  0.494766E+01  0.176890E+00
 0.112210E+01  0.467257E+01  0.177453E+00
 0.112920E+01  0.454582E+01  0.176815E+00
 0.113628E+01  0.470927E+01  0.178190E+00
 0.114337E+01  0.500262E+01  0.178950E+00
 0.115047E+01  0.455070E+01  0.176972E+00
 0.115755E+01  0.452109E+01  0.176568E+00
 0.116465E+01  0.436141E+01  0.175942E+00
 0.117173E+01  0.402333E+01  0.174466E+00
 0.117883E+01  0.411758E+01  0.173264E+00
 0.118592E+01  0.403323E+01  0.177846E+00
 0.119300E+01  0.380375E+01  0.178972E+00
 0.120010E+01  0.382004E+01  0.177642E+00
 0.120718E+01  0.401730E+01  0.176215E+00
 0.121427E+01  0.393627E+01  0.174908E+00
 0.122137E+01  0.391306E+01  0.174260E+00
 0.122845E+01  0.400149E+01  0.173653E+00
 0.123555E+01  0.350121E+01  0.174309E+00
 0.124263E+01  0.362815E+01  0.175927E+00
 0.124972E+01  0.349877E+01  0.174137E+00
 0.125682E+01  0.347310E+01  0.175481E+00
 0.126390E+01  0.332934E+01  0.173926E+00
 0.127100E+01  0.318104E+01  0.174357E+00
 0.127808E+01  0.319744E+01  0.172716E+00
 0.128518E+01  0.315672E+01  0.171533E+00
 0.129226E+01  0.311666E+01  0.175454E+00
 0.129935E+01  0.289913E+01  0.176397E+00
 0.130645E+01  0.293446E+01  0.174957E+00
 0.131353E+01  0.299575E+01  0.173828E+00
 0.132063E+01  0.283611E+01  0.175791E+00
 0.132771E+01  0.268040E+01  0.171773E+00
 0.133481E+01  0.268121E+01  0.171603E+00
 0.134190E+01  0.269600E+01  0.178489E+00
 0.134898E+01  0.258070E+01  0.176369E+00
 0.135608E+01  0.258656E+01  0.175071E+00
 0.136316E+01  0.283723E+01  0.175550E+00
 0.137025E+01  0.286703E+01  0.174050E+00
 0.137734E+01  0.246417E+01  0.172705E+00
 0.138444E+01  0.221377E+01  0.173544E+00
 0.139153E+01  0.201626E+01  0.173831E+00
 0.139861E+01  0.195114E+01  0.173787E+00
 0.140571E+01  0.235361E+01  0.173315E+00
 0.141280E+01  0.237268E+01  0.172344E+00
 0.141988E+01  0.235203E+01  0.174846E+00
 0.142698E+01  0.241385E+01  0.176742E+00
 0.143406E+01  0.238992E+01  0.174085E+00
 0.144115E+01  0.227345E+01  0.170569E+00
 0.144825E+01  0.209271E+01  0.173967E+00
 0.145534E+01  0.204352E+01  0.174823E+00
 0.146243E+01  0.194507E+01  0.173306E+00
 0.146951E+01  0.185270E+01  0.173021E+00
 0.147661E+01  0.176539E+01  0.172799E+00
 0.148369E+01  0.180699E+01  0.175522E+00
 0.149078E+01  0.197361E+01  0.176147E+00
 0.149788E+01  0.182362E+01  0.172080E+00
 0.150496E+01  0.193334E+01  0.171072E+00
 0.151205E+01  0.195520E+01  0.171617E+00
 0.151915E+01  0.144884E+01  0.172155E+00
 0.152624E+01  0.155260E+01  0.171130E+00
 0.153333E+01  0.126053E+01  0.172399E+00
 0.154041E+01  0.131806E+01  0.170095E+00
 0.154751E+01  0.156964E+01  0.170069E+00
 0.155459E+01  0.167064E+01  0.171353E+00
 0.156168E+01  0.135599E+01  0.147398E+00
 0.156878E+01  0.126549E+01  0.717109E+00
 0.157051E+01  0.133521E+01  0.252051E+00
 0.157488E+01  0.157788E+01  0.734761E-01
 0.157925E+01  0.155063E+01  0.733377E-01
 0.158362E+01  0.152563E+01  0.730535E-01
 0.158800E+01  0.151974E+01  0.733918E-01
 0.159237E+01  0.150978E+01  0.732903E-01
 0.159674E+01  0.139455E+01  0.731392E-01
 0.160111E+01  0.131317E+01  0.729228E-01
 0.160548E+01  0.122633E+01  0.728857E-01
 0.160985E+01  0.135859E+01  0.728208E-01
 0.161422E+01  0.129421E+01  0.727701E-01
 0.161859E+01  0.135641E+01  0.726459E-01
 0.162296E+01  0.133337E+01  0.726315E-01
 0.162733E+01  0.124496E+01  0.723724E-01
 0.163171E+01  0.118654E+01  0.724984E-01
 0.163608E+01  0.116255E+01  0.723587E-01
 0.164045E+01  0.120461E+01  0.722172E-01
 0.164482E+01  0.129420E+01  0.721684E-01
 0.164919E+01  0.126652E+01  0.721935E-01
 0.165356E+01  0.110740E+01  0.720226E-01
 0.165793E+01  0.104785E+01  0.718771E-01
 0.166230E+01  0.106617E+01  0.718673E-01
 0.166667E+01  0.994961E+00  0.719377E-01
 0.167104E+01  0.102030E+01  0.715263E-01
 0.167542E+01  0.104749E+01  0.717023E-01
 0.167979E+01  0.904662E+00  0.716399E-01
 0.168416E+01  0.961355E+00  0.715020E-01
 0.168853E+01  0.109048E+01  0.714973E-01
 0.169290E+01  0.978487E+00  0.715291E-01
 0.169727E+01  0.873506E+00  0.718067E-01
 0.170164E+01  0.796519E+00  0.720589E-01
 0.170601E+01  0.884959E+00  0.723126E-01
 0.171038E+01  0.773022E+00  0.725154E-01
 0.171475E+01  0.717269E+00  0.724844E-01
 0.171913E+01  0.899691E+00  0.729677E-01
 0.172350E+01  0.905006E+00  0.730656E-01
 0.172787E+01  0.821796E+00  0.731301E-01
 0.173224E+01  0.786328E+00  0.732435E-01
 0.173661E+01  0.869075E+00  0.733239E-01
 0.174098E+01  0.771482E+00  0.732880E-01
 0.174535E+01  0.867766E+00  0.733442E-01
 0.174972E+01  0.931342E+00  0.734869E-01
 0.175409E+01  0.931024E+00  0.733138E-01
 0.175847E+01  0.909433E+00  0.734941E-01
 0.176284E+01  0.797145E+00  0.734076E-01
 0.176721E+01  0.767264E+00  0.734337E-01
 0.177158E+01  0.734147E+00  0.734835E-01
 0.177595E+01  0.697837E+00  0.734586E-01
 0.178032E+01  0.703166E+00  0.735704E-01
 0.178469E+01  0.763733E+00  0.735565E-01
 0.178906E+01  0.744752E+00  0.735200E-01
 0.179343E+01  0.627511E+00  0.735417E-01
 0.179780E+01  0.549216E+00  0.732203E-01
 0.180218E+01  0.637319E+00  0.735795E-01
 0.180655E+01  0.678428E+00  0.736418E-01
 0.181092E+01  0.620059E+00  0.735958E-01
 0.181529E+01  0.718082E+00  0.736881E-01
 0.181966E+01  0.655940E+00  0.737189E-01
 0.182403E+01  0.691508E+00  0.736971E-01
 0.182840E+01  0.727149E+00  0.737046E-01
 0.183277E+01  0.696557E+00  0.737656E-01
 0.183714E+01  0.711488E+00  0.738991E-01
 0.184151E+01  0.640596E+00  0.736545E-01
 0.184589E+01  0.464275E+00  0.738298E-01
 0.185026E+01  0.438171E+00  0.737017E-01
 0.185463E+01  0.453952E+00  0.738140E-01
 0.185900E+01  0.683940E+00  0.738553E-01
 0.186337E+01  0.821065E+00  0.739240E-01
 0.186774E+01  0.642383E+00  0.737794E-01
 0.187211E+01  0.578354E+00  0.737973E-01
 0.187648E+01  0.670230E+00  0.736897E-01
 0.188085E+01  0.632583E+00  0.737651E-01
 0.188522E+01  0.626419E+00  0.734444E-01
 0.188960E+01  0.544998E+00  0.735644E-01
 0.189397E+01  0.599547E+00  0.736930E-01
 0.189834E+01  0.548266E+00  0.736731E-01
 0.190271E+01  0.625475E+00  0.735352E-01
 0.190708E+01  0.629327E+00  0.735410E-01
 0.191145E+01  0.650006E+00  0.736400E-01
 0.191582E+01  0.692627E+00  0.735346E-01
 0.192019E+01  0.467091E+00  0.735032E-01
 0.192456E+01  0.468150E+00  0.732118E-01
 0.192894E+01  0.544418E+00  0.733875E-01
 0.193331E+01  0.524769E+00  0.733455E-01
 0.193768E+01  0.581198E+00  0.733635E-01
 0.194205E+01  0.566509E+00  0.732497E-01
 0.194642E+01  0.590153E+00  0.732709E-01
 0.195079E+01  0.608699E+00  0.732868E-01
 0.195516E+01  0.583380E+00  0.732483E-01
 0.195953E+01  0.492133E+00  0.731314E-01
 0.196390E+01  0.359122E+00  0.730889E-01
 0.196827E+01  0.344878E+00  0.728370E-01
 0.197265E+01  0.467286E+00  0.730312E-01
 0.197702E+01  0.424707E+00  0.729612E-01
 0.198139E+01  0.505841E+00  0.730209E-01
 0.198576E+01  0.540781E+00  0.731629E-01
 0.199013E+01  0.492792E+00  0.733106E-01
 0.199450E+01  0.467513E+00  0.733677E-01
 0.199887E+01  0.478347E+00  0.734833E-01
 0.200324E+01  0.427105E+00  0.735887E-01
 0.200761E+01  0.459133E+00  0.735864E-01
 0.201198E+01  0.443512E+00  0.732717E-01
 0.201636E+01  0.418199E+00  0.735149E-01
 0.202073E+01  0.335188E+00  0.734192E-01
 0.202510E+01  0.307503E+00  0.732039E-01
 0.202947E+01  0.371067E+00  0.732650E-01
 0.203384E+01  0.425929E+00  0.732644E-01
 0.203821E+01  0.506797E+00  0.731871E-01
 0.204258E+01  0.369697E+00  0.730311E-01
 0.204695E+01  0.317338E+00  0.728253E-01
 0.205132E+01  0.379876E+00  0.727758E-01
 0.205569E+01  0.386834E+00  0.723409E-01
 0.206007E+01  0.243735E+00  0.722928E-01
 0.206444E+01  0.147528E+00  0.720823E-01
 0.206881E+01  0.201562E+00  0.720799E-01
 0.207318E+01  0.251732E+00  0.720721E-01
 0.207755E+01  0.261114E+00  0.719551E-01
 0.208192E+01  0.371260E+00  0.719473E-01
 0.208629E+01  0.334149E+00  0.720060E-01
 0.209066E+01  0.400536E+00  0.719488E-01
 0.209503E+01  0.491325E+00  0.720168E-01
 0.209940E+01  0.436793E+00  0.716807E-01
 0.210378E+01  0.322489E+00  0.718635E-01
 0.210815E+01  0.360496E+00  0.718136E-01
 0.211252E+01  0.333868E+00  0.718016E-01
 0.211689E+01  0.278976E+00  0.716985E-01
 0.212126E+01  0.314900E+00  0.715878E-01
 0.212563E+01  0.353307E+00  0.716784E-01
 0.213000E+01  0.421436E+00  0.715866E-01
 0.213437E+01  0.510518E+00  0.716034E-01
 0.213874E+01  0.503716E+00  0.713890E-01
 0.214312E+01  0.390508E+00  0.715349E-01
 0.214749E+01  0.303649E+00  0.713652E-01
 0.215186E+01  0.271202E+00  0.713760E-01
 0.215623E+01  0.276862E+00  0.712810E-01
 0.216060E+01  0.273106E+00  0.711903E-01
 0.216497E+01  0.392652E+00  0.711633E-01
 0.216934E+01  0.522582E+00  0.711578E-01
 0.217371E+01  0.503974E+00  0.711029E-01
 0.217808E+01  0.386945E+00  0.711430E-01
 0.218245E+01  0.165372E+00  0.707628E-01
 0.218683E+01  0.154585E+00  0.709525E-01
 0.219120E+01  0.266764E+00  0.708777E-01
 0.219557E+01  0.338168E+00  0.708482E-01
 0.219994E+01  0.217579E+00  0.707203E-01
 0.220431E+01  0.229406E+00  0.706486E-01
 0.220868E+01  0.480120E+00  0.707029E-01
 0.221305E+01  0.482960E+00  0.706281E-01
 0.221742E+01  0.412420E+00  0.706563E-01
 0.222179E+01  0.384516E+00  0.707251E-01
 0.222616E+01  0.300463E+00  0.703567E-01
 0.223054E+01  0.285319E+00  0.705373E-01
 0.223491E+01  0.365679E+00  0.705243E-01
 0.223928E+01  0.394127E+00  0.704003E-01
 0.224365E+01  0.383565E+00  0.703830E-01
 0.224802E+01  0.380622E+00  0.703966E-01
 0.225239E+01  0.334173E+00  0.703025E-01
 0.225676E+01  0.286826E+00  0.701415E-01
 0.226113E+01  0.268561E+00  0.701950E-01
 0.226550E+01  0.361362E+00  0.701631E-01
 0.226987E+01  0.385192E+00  0.699905E-01
 0.227425E+01  0.322494E+00  0.701346E-01
 0.227862E+01  0.334373E+00  0.700228E-01
 0.228299E+01  0.305551E+00  0.699646E-01
 0.228736E+01  0.232569E+00  0.699959E-01
 0.229173E+01  0.215261E+00  0.699079E-01
 0.229610E+01  0.250875E+00  0.697357E-01
 0.230047E+01  0.211873E+00  0.697888E-01
 0.230484E+01  0.209177E+00  0.697650E-01
 0.230921E+01  0.309231E+00  0.695034E-01
 0.231359E+01  0.365677E+00  0.697237E-01
 0.231796E+01  0.332342E+00  0.696469E-01
 0.232233E+01  0.288563E+00  0.695055E-01
 0.232670E+01  0.306584E+00  0.695174E-01
 0.233107E+01  0.252032E+00  0.694640E-01
 0.233544E+01  0.268066E+00  0.693885E-01
 0.233981E+01  0.230565E+00  0.693660E-01
 0.234418E+01  0.299759E+00  0.694311E-01
 0.234855E+01  0.245084E+00  0.692940E-01
 0.235292E+01  0.194060E+00  0.690331E-01
 0.235730E+01  0.127043E+00  0.692149E-01
 0.236167E+01  0.143155E+00  0.691193E-01
 0.236604E+01  0.904379E-01  0.690331E-01
 0.237041E+01  0.646675E-01  0.689764E-01
 0.237478E+01  0.224193E-01  0.688919E-01
 0.237915E+01  0.206128E+00  0.687234E-01
 0.238352E+01  0.278406E+00  0.686347E-01
 0.238789E+01  0.289767E+00  0.685284E-01
 0.239226E+01  0.160151E+00  0.685441E-01
 0.239663E+01  0.136169E+00  0.681165E-01
 0.240101E+01  0.229625E+00  0.682033E-01
 0.240538E+01  0.333499E+00  0.680490E-01
 0.240975E+01  0.237576E+00  0.679085E-01
 0.241412E+01  0.173639E+00  0.677582E-01
 0.241849E+01  0.206379E+00  0.676013E-01
 0.242286E+01  0.172799E+00  0.674492E-01
 0.242723E+01  0.214643E+00  0.674026E-01
 0.243160E+01  0.286509E+00  0.672343E-01
 0.243597E+01  0.250464E+00  0.670560E-01
 0.244034E+01  0.197982E+00  0.667116E-01
 0.244472E+01  0.315038E+00  0.666861E-01
 0.244909E+01  0.317293E+00  0.663822E-01
 0.245346E+01  0.298064E+00  0.659779E-01
 0.245783E+01  0.319728E+00  0.656808E-01
 0.246220E+01  0.201637E+00  0.653307E-01
 0.246657E+01  0.976360E-01  0.648280E-01
 0.247094E+01  0.220955E+00  0.643208E-01
 0.247531E+01  0.145361E+00  0.641802E-01
 0.247968E+01  0.187515E+00  0.638743E-01
 0.248406E+01  0.374837E+00  0.640342E-01
 0.248843E+01  0.394391E+00  0.639845E-01
 0.249280E+01  0.406971E+00  0.640125E-01
 0.249717E+01  0.300773E+00  0.638902E-01
 0.250154E+01  0.119891E+00  0.638724E-01
 0.250591E+01  0.136824E+00  0.639444E-01
 0.251028E+01  0.213318E+00  0.638208E-01
 0.251465E+01  0.242517E+00  0.638160E-01
 0.251902E+01  0.307228E+00  0.638748E-01
 0.252339E+01  0.249687E+00  0.635700E-01
 0.252777E+01  0.200064E+00  0.637259E-01
 0.253214E+01  0.212606E+00  0.636940E-01
 0.253651E+01  0.259177E+00  0.635733E-01
 0.254088E+01  0.253380E+00  0.636241E-01
 0.254525E+01  0.135133E+00  0.635690E-01
 0.254962E+01  0.151804E+00  0.635371E-01
 0.255399E+01  0.199956E+00  0.635001E-01
 0.255836E+01  0.267228E+00  0.635670E-01
 0.256273E+01  0.232137E+00  0.634810E-01
 0.256710E+01  0.203474E+00  0.633219E-01
 0.257148E+01  0.198854E+00  0.634880E-01
 0.257585E+01  0.324241E+00  0.634687E-01
 0.258022E+01  0.462897E+00  0.634331E-01
 0.258459E+01  0.487624E+00  0.633931E-01
 0.258896E+01  0.350250E+00  0.633158E-01
 0.259333E+01  0.184255E+00  0.632603E-01
 0.259770E+01  0.208628E+00  0.633106E-01
 0.260207E+01  0.289977E+00  0.633432E-01
 0.260644E+01  0.255283E+00  0.633170E-01
 0.261081E+01  0.216240E+00  0.631540E-01
 0.261519E+01  0.273787E+00  0.632730E-01
 0.261956E+01  0.310161E+00  0.632125E-01
 0.262393E+01  0.238616E+00  0.631824E-01
 0.262830E+01  0.204097E+00  0.630780E-01
 0.263267E+01  0.171250E+00  0.631372E-01
 0.263704E+01  0.380982E-01  0.630360E-01
 0.264141E+01  0.121833E+00  0.630763E-01
 0.264578E+01  0.198101E+00  0.630842E-01
 0.265015E+01  0.157695E+00  0.629293E-01
 0.265453E+01  0.281288E+00  0.630890E-01
 0.265890E+01  0.350917E+00  0.630805E-01
 0.266327E+01  0.397461E+00  0.630508E-01
 0.266764E+01  0.328628E+00  0.629452E-01
 0.267201E+01  0.419852E+00  0.630020E-01
 0.267638E+01  0.455224E+00  0.629871E-01
 0.268075E+01  0.343606E+00  0.629476E-01
 0.268512E+01  0.302409E+00  0.629627E-01
 0.268949E+01  0.305083E+00  0.629331E-01
 0.269386E+01  0.250402E+00  0.627518E-01
 0.269824E+01  0.232909E+00  0.629471E-01
 0.270261E+01  0.249896E+00  0.628136E-01
 0.270698E+01  0.382977E+00  0.629265E-01
 0.271135E+01  0.391085E+00  0.628420E-01
 0.271572E+01  0.379257E+00  0.628173E-01
 0.272009E+01  0.360817E+00  0.627851E-01
 0.272446E+01  0.350603E+00  0.627803E-01
 0.272883E+01  0.342802E+00  0.627285E-01
 0.273320E+01  0.223947E+00  0.628084E-01
 0.273757E+01  0.105000E+00  0.624836E-01
 0.274195E+01  0.949092E-01  0.626684E-01
 0.274632E+01  0.791074E-01  0.627161E-01
 0.275069E+01  0.106587E+00  0.626650E-01
 0.275506E+01  0.190997E+00  0.626385E-01
 0.275943E+01  0.191515E+00  0.626286E-01
 0.276380E+01  0.186163E+00  0.626023E-01
 0.276817E+01  0.304353E+00  0.625745E-01
 0.277254E+01  0.334406E+00  0.625985E-01
 0.277691E+01  0.338130E+00  0.626133E-01
 0.278128E+01  0.237489E+00  0.623718E-01
 0.278566E+01  0.130174E+00  0.625019E-01
 0.279003E+01  0.144859E+00  0.624853E-01
 0.279440E+01  0.190336E+00  0.624065E-01
 0.279877E+01  0.136482E+00  0.624692E-01
 0.280314E+01  0.163436E+00  0.623687E-01
 0.280751E+01  0.287456E+00  0.623848E-01
 0.281188E+01  0.306513E+00  0.623811E-01
 0.281625E+01  0.262882E+00  0.624811E-01
 0.282062E+01  0.189945E+00  0.621861E-01
 0.282500E+01  0.183721E+00  0.622952E-01
 0.282937E+01  0.218313E+00  0.622301E-01
 0.283374E+01  0.224302E+00  0.622235E-01
 0.283811E+01  0.102783E+00  0.622268E-01
 0.284248E+01  0.956715E-01  0.621950E-01
 0.284685E+01  0.171398E+00  0.621595E-01
 0.285122E+01  0.288307E+00  0.621965E-01
 0.285559E+01  0.348701E+00  0.621841E-01
 0.285996E+01  0.388741E+00  0.621490E-01
 0.286433E+01  0.373985E+00  0.620346E-01
 0.286871E+01  0.268272E+00  0.621462E-01
 0.287308E+01  0.231294E+00  0.620857E-01
 0.287745E+01  0.239487E+00  0.619981E-01
 0.288182E+01  0.290555E+00  0.620597E-01
 0.288619E+01  0.360474E+00  0.620485E-01
 0.289056E+01  0.241042E+00  0.620414E-01
 0.289493E+01  0.178362E+00  0.619582E-01
 0.289930E+01  0.145065E+00  0.620084E-01
 0.290367E+01  0.606605E-01  0.619329E-01
 0.290804E+01  0.178684E+00  0.618028E-01
 0.291242E+01  0.263792E+00  0.619241E-01
 0.291679E+01  0.127454E+00  0.618102E-01
 0.292116E+01  0.104412E+00  0.618760E-01
 0.292553E+01  0.222241E+00  0.618964E-01
 0.292990E+01  0.312980E+00  0.619218E-01
 0.293427E+01  0.238593E+00  0.618502E-01
 0.293864E+01  0.221059E+00  0.619055E-01
 0.294301E+01  0.285040E+00  0.618265E-01
 0.294738E+01  0.357489E+00  0.618930E-01
 0.295175E+01  0.346778E+00  0.617263E-01
 0.295613E+01  0.285996E+00  0.619182E-01
 0.296050E+01  0.200158E+00  0.618513E-01
 0.296487E+01  0.336820E+00  0.618950E-01
 0.296924E+01  0.433540E+00  0.618470E-01
 0.297361E+01  0.347772E+00  0.618904E-01
 0.297798E+01  0.236577E+00  0.618308E-01
 0.298235E+01  0.238318E+00  0.618417E-01
 0.298672E+01  0.186595E+00  0.618150E-01
 0.299109E+01  0.160528E+00  0.616389E-01
 0.299547E+01  0.119877E+00  0.618376E-01
 0.299984E+01  0.163721E+00  0.618328E-01
 0.300421E+01  0.133744E+00  0.618384E-01
 0.300858E+01  0.111899E+00  0.617596E-01
 0.301295E+01  0.145552E+00  0.618186E-01
 0.301732E+01  0.230640E+00  0.617740E-01
 0.302169E+01  0.174205E+00  0.617606E-01
 0.302606E+01  0.222971E+00  0.617679E-01
 0.303043E+01  0.179283E+00  0.618716E-01
 0.303480E+01  0.191934E+00  0.616105E-01
 0.303918E+01  0.178869E+00  0.618453E-01
 0.304355E+01  0.175361E+00  0.618045E-01
 0.304792E+01  0.288189E+00  0.617543E-01
 0.305229E+01  0.319503E+00  0.617633E-01
 0.305666E+01  0.283796E+00  0.618412E-01
 0.306103E+01  0.158074E+00  0.617765E-01
 0.306540E+01  0.878159E-01  0.617679E-01
 0.306977E+01  0.125697E+00  0.617432E-01
 0.307414E+01  0.256764E+00  0.617506E-01
 0.307851E+01  0.249384E+00  0.616232E-01
 0.308289E+01  0.224357E+00  0.618496E-01
 0.308726E+01  0.348722E+00  0.618019E-01
 0.309163E+01  0.381707E+00  0.617480E-01
 0.309600E+01  0.320243E+00  0.617954E-01
 0.310037E+01  0.214460E+00  0.616991E-01
 0.310474E+01  0.248338E+00  0.617661E-01
 0.310911E+01  0.313440E+00  0.617869E-01
 0.311348E+01  0.282267E+00  0.617697E-01
 0.311785E+01  0.248197E+00  0.617158E-01
 0.312222E+01  0.274742E+00  0.615684E-01
 0.312660E+01  0.231740E+00  0.617519E-01
 0.313097E+01  0.230430E+00  0.617219E-01
 0.313534E+01  0.253075E+00  0.617578E-01
 0.313971E+01  0.216591E+00  0.617763E-01
 0.314408E+01  0.270881E+00  0.617510E-01
 0.314845E+01  0.305044E+00  0.617432E-01
 0.315282E+01  0.289966E+00  0.617603E-01
 0.315719E+01  0.178959E+00  0.617666E-01
 0.316156E+01  0.121407E+00  0.615621E-01
 0.316594E+01  0.169404E+00  0.617741E-01
 0.317031E+01  0.152910E+00  0.617298E-01
 0.317468E+01  0.161138E+00  0.616542E-01
 0.317905E+01  0.182911E+00  0.617317E-01
 0.318342E+01  0.289326E+00  0.616316E-01
 0.318779E+01  0.339861E+00  0.616990E-01
 0.319216E+01  0.303788E+00  0.615841E-01
 0.319653E+01  0.208486E+00  0.615144E-01
 0.320090E+01  0.155476E+00  0.615281E-01
 0.320527E+01  0.162073E+00  0.614277E-01
 0.320965E+01  0.136496E+00  0.615453E-01
 0.321402E+01  0.189124E+00  0.615322E-01
 0.321839E+01  0.278564E+00  0.615991E-01
 0.322276E+01  0.150940E+00  0.615875E-01
 0.322713E+01  0.113354E+00  0.615194E-01
 0.323150E+01  0.163695E+00  0.615661E-01
 0.323587E+01  0.289447E+00  0.615535E-01
 0.324024E+01  0.347840E+00  0.615908E-01
 0.324461E+01  0.261597E+00  0.616771E-01
 0.324898E+01  0.301323E+00  0.614298E-01
 0.325336E+01  0.338948E+00  0.616230E-01
 0.325773E+01  0.307069E+00  0.616027E-01
 0.326210E+01  0.332477E+00  0.615808E-01
 0.326647E+01  0.243400E+00  0.615538E-01
 0.327084E+01  0.217215E+00  0.616546E-01
 0.327521E+01  0.228602E+00  0.615919E-01
 0.327958E+01  0.244957E+00  0.616190E-01
 0.328395E+01  0.261847E+00  0.616294E-01
 0.328832E+01  0.264544E+00  0.616187E-01
 0.329269E+01  0.199182E+00  0.613752E-01
 0.329707E+01  0.201202E+00  0.616789E-01
 0.330144E+01  0.257082E+00  0.616468E-01
 0.330581E+01  0.235244E+00  0.616398E-01
 0.331018E+01  0.176306E+00  0.616150E-01
 0.331455E+01  0.192139E+00  0.616842E-01
 0.331892E+01  0.178083E+00  0.616658E-01
 0.332329E+01  0.275794E+00  0.617095E-01
 0.332766E+01  0.340473E+00  0.617568E-01
 0.333203E+01  0.169286E+00  0.616984E-01
 0.333640E+01  0.127207E+00  0.616294E-01
 0.334078E+01  0.190671E+00  0.617368E-01
 0.334515E+01  0.243109E+00  0.617505E-01
 0.334952E+01  0.298200E+00  0.617545E-01
 0.335389E+01  0.254747E+00  0.617568E-01
 0.335826E+01  0.194222E+00  0.616734E-01
 0.336263E+01  0.229853E+00  0.618194E-01
 0.336700E+01  0.210967E+00  0.618271E-01
 0.337137E+01  0.107047E+00  0.619141E-01
 0.337574E+01  0.119742E+00  0.616735E-01
 0.338012E+01  0.215272E+00  0.618318E-01
 0.338449E+01  0.144482E+00  0.618372E-01
 0.338886E+01  0.241196E+00  0.619069E-01
 0.339323E+01  0.338943E+00  0.618885E-01
 0.339760E+01  0.355282E+00  0.619350E-01
 0.340197E+01  0.187526E+00  0.619204E-01
 0.340634E+01  0.194914E+00  0.619265E-01
 0.341071E+01  0.239074E+00  0.619716E-01
 0.341508E+01  0.259775E+00  0.620472E-01
 0.341945E+01  0.348368E+00  0.619719E-01
 0.342383E+01  0.326118E+00  0.621350E-01
 0.342820E+01  0.281229E+00  0.620792E-01
 0.343257E+01  0.253374E+00  0.620666E-01
 0.343694E+01  0.231885E+00  0.621922E-01
 0.344131E+01  0.190961E+00  0.621696E-01
 0.344568E+01  0.151104E+00  0.621325E-01
 0.345005E+01  0.116489E+00  0.621479E-01
 0.345442E+01  0.484914E-01  0.621761E-01
 0.345879E+01  0.202456E+00  0.623237E-01
 0.346316E+01  0.261491E+00  0.621033E-01
 0.346754E+01  0.312679E+00  0.622681E-01
 0.347191E+01  0.414556E+00  0.623316E-01
 0.347628E+01  0.382059E+00  0.624414E-01
 0.348065E+01  0.219283E+00  0.623183E-01
 0.348502E+01  0.194022E+00  0.624023E-01
 0.348939E+01  0.158823E+00  0.623080E-01
 0.349376E+01  0.181448E+00  0.624193E-01
 0.349813E+01  0.253669E+00  0.625621E-01
 0.350250E+01  0.194571E+00  0.626180E-01
 0.350687E+01  0.198346E+00  0.623057E-01
 0.351125E+01  0.236498E+00  0.625710E-01
 0.351562E+01  0.257121E+00  0.625020E-01
 0.351999E+01  0.301875E+00  0.625941E-01
 0.352436E+01  0.212865E+00  0.626359E-01
 0.352873E+01  0.259444E+00  0.627126E-01
 0.353310E+01  0.339662E+00  0.626920E-01
 0.353747E+01  0.299617E+00  0.626668E-01
 0.354184E+01  0.270227E+00  0.627938E-01
 0.354621E+01  0.222492E+00  0.626098E-01
 0.355059E+01  0.223391E+00  0.628378E-01
 0.355496E+01  0.107699E+00  0.627876E-01
 0.355933E+01  0.238038E+00  0.628757E-01
 0.356370E+01  0.172303E+00  0.628897E-01
 0.356807E+01  0.205426E+00  0.630038E-01
 0.357244E+01  0.186432E+00  0.629239E-01
 0.357681E+01  0.162696E+00  0.629882E-01
 0.358118E+01  0.168798E+00  0.630564E-01
 0.358555E+01  0.205078E+00  0.631705E-01
 0.358992E+01  0.275842E+00  0.629414E-01
 0.359430E+01  0.284257E+00  0.632593E-01
 0.359867E+01  0.253640E+00  0.632251E-01
 0.360304E+01  0.170364E+00  0.632799E-01
 0.360741E+01  0.126628E+00  0.632647E-01
 0.361178E+01  0.101438E+00  0.632186E-01
 0.361615E+01  0.124928E+00  0.632443E-01
 0.362052E+01  0.117668E+00  0.632665E-01
 0.362489E+01  0.637609E-01  0.633196E-01
 0.362926E+01  0.152414E+00  0.634085E-01
 0.363363E+01  0.211399E+00  0.633332E-01
 0.363801E+01  0.278988E+00  0.635773E-01
 0.364238E+01  0.149361E+00  0.634724E-01
 0.364675E+01  0.431986E-02  0.634296E-01
 0.365112E+01  0.137552E-01  0.636088E-01
 0.365549E+01  0.151582E+00  0.636439E-01
 0.365986E+01  0.172363E+00  0.636914E-01
 0.366423E+01  0.215706E+00  0.636632E-01
 0.366860E+01  0.222016E+00  0.637624E-01
 0.367297E+01  0.135348E+00  0.638186E-01
 0.367734E+01  0.295768E-01  0.636983E-01
 0.368172E+01  0.711749E-01  0.638147E-01
 0.368609E+01  0.193907E+00  0.638067E-01
 0.369046E+01  0.182238E+00  0.638562E-01
 0.369483E+01  0.244518E+00  0.638754E-01
 0.369920E+01  0.257661E+00  0.639839E-01
 0.370357E+01  0.279398E+00  0.640786E-01
 0.370794E+01  0.256838E+00  0.640405E-01
 0.371231E+01  0.228405E+00  0.640126E-01
 0.371668E+01  0.339146E+00  0.639678E-01
 0.372106E+01  0.326098E+00  0.641406E-01
 0.372543E+01  0.325722E+00  0.641830E-01
 0.372980E+01  0.285133E+00  0.641103E-01
 0.373417E+01  0.236174E+00  0.641521E-01
 0.373854E+01  0.206107E+00  0.641844E-01
 0.374291E+01  0.193014E+00  0.643276E-01
 0.374728E+01  0.253409E+00  0.642525E-01
 0.375165E+01  0.314759E+00  0.643135E-01
 0.375602E+01  0.319307E+00  0.644093E-01
 0.376039E+01  0.243622E+00  0.642366E-01
 0.376477E+01  0.103872E+00  0.643742E-01
 0.376914E+01  0.169463E+00  0.644610E-01
 0.377351E+01  0.210669E+00  0.644533E-01
 0.377788E+01  0.268770E+00  0.644945E-01
 0.378225E+01  0.218208E+00  0.645557E-01
 0.378662E+01  0.263496E+00  0.645351E-01
 0.379099E+01  0.314432E+00  0.646464E-01
 0.379536E+01  0.303509E+00  0.647237E-01
 0.379973E+01  0.292184E+00  0.648319E-01
 0.380410E+01  0.261623E+00  0.645253E-01
 0.380848E+01  0.207037E+00  0.649252E-01
 0.381285E+01  0.399381E+00  0.649847E-01
 0.381722E+01  0.454794E+00  0.650271E-01
 0.382159E+01  0.311805E+00  0.650600E-01
 0.382596E+01  0.118205E+00  0.651742E-01
 0.383033E+01  0.118064E+00  0.651196E-01
 0.383470E+01  0.216257E+00  0.652730E-01
 0.383907E+01  0.294749E+00  0.652938E-01
 0.384344E+01  0.273560E+00  0.653722E-01
 0.384781E+01  0.277750E+00  0.653102E-01
 0.385219E+01  0.245683E+00  0.655937E-01
 0.385656E+01  0.214961E+00  0.655076E-01
 0.386093E+01  0.134767E+00  0.656024E-01
 0.386530E+01  0.173737E+00  0.657660E-01
 0.386967E+01  0.302108E+00  0.657844E-01
 0.387404E+01  0.351648E+00  0.659466E-01
 0.387841E+01  0.316803E+00  0.659242E-01
 0.388278E+01  0.166416E+00  0.659775E-01
 0.388715E+01  0.228435E+00  0.657759E-01
 0.389153E+01  0.314654E+00  0.661387E-01
 0.389590E+01  0.328623E+00  0.661210E-01
 0.390027E+01  0.279932E+00  0.662443E-01
 0.390464E+01  0.271433E+00  0.662614E-01
 0.390901E+01  0.314871E+00  0.663496E-01
 0.391338E+01  0.232261E+00  0.663658E-01
 0.391775E+01  0.207075E+00  0.665037E-01
 0.392212E+01  0.197955E+00  0.664693E-01
 0.392649E+01  0.177683E+00  0.665672E-01
 0.393086E+01  0.161824E+00  0.664358E-01
 0.393524E+01  0.203495E+00  0.666932E-01
 0.393961E+01  0.248907E+00  0.667045E-01
 0.394398E+01  0.307311E+00  0.668338E-01
 0.394835E+01  0.257002E+00  0.669104E-01
 0.395272E+01  0.242471E+00  0.669177E-01
 0.395709E+01  0.202615E+00  0.670062E-01
 0.396146E+01  0.323828E+00  0.669744E-01
 0.396583E+01  0.386099E+00  0.671267E-01
 0.397020E+01  0.309208E+00  0.672821E-01
 0.397457E+01  0.216274E+00  0.672140E-01
 0.397895E+01  0.684577E-01  0.673219E-01
 0.398332E+01  0.219026E-01  0.674661E-01
 0.398769E+01  0.841795E-01  0.676041E-01
 0.399206E+01  0.241474E+00  0.677097E-01
 0.399643E+01  0.282618E+00  0.677229E-01
 0.400080E+01  0.264851E+00  0.679157E-01
 0.400517E+01  0.232038E+00  0.680379E-01
 0.400954E+01  0.240381E+00  0.681797E-01
 0.401391E+01  0.248168E+00  0.682957E-01
 0.401828E+01  0.292100E+00  0.680894E-01
 0.402266E+01  0.332505E+00  0.685011E-01
 0.402703E+01  0.271528E+00  0.685218E-01
 0.403140E+01  0.156050E+00  0.685800E-01
 0.403577E+01  0.157858E+00  0.685189E-01
 0.404014E+01  0.247652E+00  0.687056E-01
 0.404451E+01  0.184084E+00  0.686858E-01
 0.404888E+01  0.206152E+00  0.689143E-01
 0.405325E+01  0.198901E+00  0.690534E-01
 0.405762E+01  0.188990E+00  0.688894E-01
 0.406200E+01  0.243196E+00  0.691453E-01
 0.406637E+01  0.246239E+00  0.693595E-01
 0.407074E+01  0.293630E+00  0.695083E-01
 0.407511E+01  0.932375E-01  0.696849E-01
 0.407948E+01  0.627623E-01  0.699569E-01
 0.408385E+01  0.360568E-01  0.700790E-01
 0.408822E+01  0.128053E+00  0.702462E-01
 0.409259E+01  0.198440E+00  0.705503E-01
 0.409696E+01  0.702798E-01  0.707788E-01
 0.410133E+01  0.355282E-01  0.706951E-01
 0.410571E+01  0.115077E+00  0.712067E-01
 0.411008E+01  0.125884E+00  0.713614E-01
 0.411445E+01  0.140079E+00  0.714685E-01
 0.411882E+01  0.195117E+00  0.717080E-01
 0.412319E+01  0.254028E+00  0.719099E-01
 0.412756E+01  0.357711E+00  0.721091E-01
 0.413193E+01  0.348742E+00  0.723468E-01
 0.413630E+01  0.265975E+00  0.725479E-01
 0.414067E+01  0.294042E+00  0.726456E-01
 0.414504E+01  0.319438E+00  0.727239E-01
 0.414942E+01  0.100358E+00  0.731514E-01
 0.415379E+01  0.793449E-02  0.731803E-01
 0.415816E+01  0.149069E+00  0.733881E-01
 0.416253E+01  0.185256E+00  0.736571E-01
 0.416690E+01  0.169869E+00  0.738104E-01
 0.417127E+01  0.143490E+00  0.740222E-01
 0.417564E+01  0.119283E+00  0.741554E-01
 0.418001E+01  0.186652E+00  0.743957E-01
 0.418438E+01  0.154318E+00  0.746361E-01
 0.418875E+01  0.228921E+00  0.746993E-01
 0.419313E+01  0.286068E+00  0.749903E-01
 0.419750E+01  0.328609E+00  0.751994E-01
 0.420187E+01  0.188292E+00  0.754847E-01
 0.420624E+01  0.692591E-01  0.756488E-01
 0.421061E+01  0.213335E+00  0.759550E-01
 0.421498E+01  0.289917E+00  0.762983E-01
 0.421935E+01  0.196698E+00  0.765044E-01
 0.422372E+01  0.180704E+00  0.768277E-01
 0.422809E+01  0.221178E+00  0.769583E-01
 0.423247E+01  0.232966E+00  0.774753E-01
 0.423684E+01  0.304526E+00  0.777770E-01
 0.424121E+01  0.312706E+00  0.781220E-01
 0.424558E+01  0.190583E+00  0.782715E-01
 0.424995E+01  0.195371E+00  0.785921E-01
 0.425432E+01  0.347411E+00  0.791101E-01
 0.425869E+01  0.296548E+00  0.794386E-01
 0.426306E+01  0.241707E+00  0.797317E-01
 0.426743E+01  0.264587E+00  0.801212E-01
 0.427180E+01  0.169602E+00  0.801775E-01
 0.427618E+01  0.152934E+00  0.808195E-01
 0.428055E+01  0.275694E+00  0.811702E-01
 0.428492E+01  0.225811E+00  0.814406E-01
 0.428929E+01  0.160390E+00  0.817606E-01
 0.429366E+01  0.255299E+00  0.821972E-01
 0.429803E+01  0.183130E+00  0.824541E-01
 0.430240E+01  0.537549E-01  0.826436E-01
 0.430677E+01  0.763728E-01  0.830731E-01
 0.431114E+01  0.187871E+00  0.836193E-01
 0.431551E+01  0.193776E+00  0.836139E-01
 0.431989E+01  0.180870E+00  0.842053E-01
 0.432426E+01  0.165800E+00  0.844489E-01
 0.432863E+01  0.324673E-01  0.847736E-01
 0.433300E+01 -0.175927E+00  0.849787E-01
 0.433737E+01  0.876350E-01  0.853834E-01
 0.434174E+01  0.141444E+00  0.859228E-01
 0.434611E+01  0.271696E+00  0.863908E-01
 0.435048E+01  0.387398E+00  0.868427E-01
 0.435485E+01  0.311159E+00  0.873476E-01
 0.435922E+01  0.237236E+00  0.876326E-01
 0.436360E+01  0.103678E+00  0.886229E-01
 0.436797E+01  0.976123E-01  0.891610E-01
 0.437234E+01  0.146554E+00  0.897216E-01
 0.437671E+01  0.227570E+00  0.904323E-01
 0.438108E+01  0.397654E+00  0.912004E-01
 0.438545E+01  0.465298E+00  0.919753E-01
 0.438982E+01  0.414722E+00  0.929737E-01
 0.439419E+01  0.297537E+00  0.938258E-01
 0.439856E+01  0.183621E+00  0.944782E-01
 0.440294E+01  0.217667E+00  0.958994E-01
 0.440731E+01  0.295858E+00  0.968333E-01
 0.441168E+01  0.305924E+00  0.976318E-01
 0.441605E+01  0.247904E+00  0.985604E-01
 0.442042E+01  0.375087E+00  0.996410E-01
 0.442479E+01  0.325353E+00  0.100741E+00
 0.442916E+01  0.157903E+00  0.101619E+00
 0.443353E+01  0.293549E+00  0.102694E+00
 0.443790E+01  0.257377E+00  0.103789E+00
 0.444227E+01  0.119045E+00  0.104969E+00
---------D:\Users2004\Whorn.0205\data\endo_mer.dat-------------------
 Merge of: endo_a17.dat endo_a06.dat endo_a46.dat                                                                                                                                                                                                               
endo_a17.dat  Conc = .70E+04  Mult = .10E+01  N1 =   10  N2 =  500  SCALE =  1                                                                                                                                                                                  
endo_a06.dat  Conc = .60E+04  Mult = .16E+01  N1 =  150  N2 =  885  SCALE =  1                                                                                                                                                                                  
endo_a46.dat  Conc = .60E+04  Mult = .90E+00  N1 =  100  N2 =  885  SCALE =  1                                                                                                                                                                                  
---------D:\Users2004\Whorn.0205\data\Merge02.dat-------------------
 Merge of: end_012.dat                                                                                                                                                                                                                                          
end_012.dat   Conc = .10E+01  Mult = .10E+01  N1 =  200  N2 = 1984  SCALE =  1                                                                                                                                                                                  
