Sample description: N11 200mM AMS
Sample: N11 200mM AMS  c= .6000 mg/ml  Code: N11AMS
Parent(s): /tmp/qt_temp.n22813
  5.163230e-02   4.019488e+03   8.022802e+02
  5.362830e-02   3.079492e+03   5.724681e+02
  5.562430e-02   2.786572e+03   5.056465e+02
  5.762040e-02   3.556321e+03   4.401995e+02
  5.961640e-02   3.533945e+03   3.769760e+02
  6.161240e-02   3.927206e+03   3.426607e+02
  6.360840e-02   3.844149e+03   2.864449e+02
  6.560450e-02   3.894160e+03   2.657155e+02
  6.760050e-02   3.677865e+03   2.495792e+02
  6.959650e-02   3.933162e+03   2.383406e+02
  7.159250e-02   3.668577e+03   2.223397e+02
  7.358850e-02   3.161954e+03   2.076257e+02
  7.558460e-02   3.414812e+03   2.014157e+02
  7.758060e-02   3.604034e+03   1.927204e+02
  7.957660e-02   3.725851e+03   1.853774e+02
  8.157260e-02   3.602487e+03   1.745145e+02
  8.356870e-02   3.596938e+03   1.707250e+02
  8.556470e-02   3.432863e+03   1.622546e+02
  8.756070e-02   3.534962e+03   1.575991e+02
  8.955670e-02   3.614379e+03   1.522885e+02
  9.155280e-02   3.509457e+03   1.450494e+02
  9.354880e-02   3.494034e+03   1.433260e+02
  9.554480e-02   3.643574e+03   1.377771e+02
  9.754080e-02   3.567590e+03   1.326875e+02
  9.953680e-02   3.695903e+03   1.304235e+02
  1.015330e-01   3.515299e+03   1.260323e+02
  1.035290e-01   3.430788e+03   1.239388e+02
  1.055250e-01   3.464471e+03   1.199072e+02
  1.075210e-01   3.559019e+03   1.171705e+02
  1.095170e-01   3.487677e+03   1.135851e+02
  1.115130e-01   3.400490e+03   1.114305e+02
  1.135090e-01   3.480013e+03   1.097105e+02
  1.155050e-01   3.328454e+03   1.061415e+02
  1.175010e-01   3.448258e+03   1.051070e+02
  1.194970e-01   3.521190e+03   1.042861e+02
  1.214930e-01   3.284773e+03   1.004042e+02
  1.234890e-01   3.302125e+03   9.880759e+01
  1.254850e-01   3.268946e+03   9.829760e+01
  1.274810e-01   3.303351e+03   9.534048e+01
  1.294770e-01   3.301312e+03   9.550332e+01
  1.314730e-01   3.270963e+03   9.158741e+01
  1.334690e-01   3.276043e+03   9.179740e+01
  1.354650e-01   3.361560e+03   9.010343e+01
  1.374610e-01   3.274393e+03   8.915257e+01
  1.394570e-01   3.183004e+03   8.810967e+01
  1.414530e-01   3.378503e+03   8.653765e+01
  1.434490e-01   3.243873e+03   8.552908e+01
  1.454450e-01   3.241767e+03   8.461867e+01
  1.474410e-01   3.235693e+03   8.417625e+01
  1.494370e-01   3.265505e+03   8.177623e+01
  1.514330e-01   3.146687e+03   8.215552e+01
  1.534290e-01   3.324930e+03   8.095037e+01
  1.554250e-01   3.211078e+03   8.031282e+01
  1.574220e-01   3.211933e+03   7.961484e+01
  1.594180e-01   3.078743e+03   7.726443e+01
  1.614140e-01   3.189081e+03   7.777650e+01
  1.634100e-01   3.139796e+03   7.641686e+01
  1.654060e-01   3.204039e+03   7.560945e+01
  1.674020e-01   3.177425e+03   7.539142e+01
  1.693980e-01   3.031985e+03   7.371686e+01
  1.713940e-01   2.947138e+03   7.334087e+01
  1.733900e-01   3.078437e+03   7.263419e+01
  1.753860e-01   3.056540e+03   7.196775e+01
  1.773820e-01   3.088155e+03   7.137393e+01
  1.793780e-01   3.096278e+03   7.148060e+01
  1.813740e-01   3.105655e+03   7.063427e+01
  1.833700e-01   3.075437e+03   7.027331e+01
  1.853660e-01   3.084485e+03   7.145137e+01
  1.873620e-01   3.021276e+03   7.087454e+01
  1.893580e-01   2.896957e+03   7.159359e+01
  1.913540e-01   2.960429e+03   7.115314e+01
  1.933500e-01   3.065039e+03   7.119612e+01
  1.953460e-01   3.064485e+03   7.029873e+01
  1.973420e-01   2.888722e+03   7.015590e+01
  1.993380e-01   2.963534e+03   7.050137e+01
  2.013340e-01   2.825778e+03   7.013315e+01
  2.033300e-01   3.014287e+03   7.015535e+01
  2.053260e-01   3.033756e+03   7.068139e+01
  2.073220e-01   2.884863e+03   6.932489e+01
  2.093180e-01   2.917557e+03   6.875294e+01
  2.113140e-01   2.800305e+03   6.894327e+01
  2.133100e-01   2.964667e+03   6.853434e+01
  2.153060e-01   2.880716e+03   6.907157e+01
  2.173020e-01   2.721251e+03   6.930028e+01
  2.192980e-01   2.763472e+03   7.060321e+01
  2.212940e-01   2.919390e+03   7.056926e+01
  2.232900e-01   2.782105e+03   7.161839e+01
  2.252860e-01   2.743657e+03   7.100121e+01
  2.272820e-01   2.763161e+03   7.136231e+01
  2.292780e-01   2.871966e+03   7.264374e+01
  2.312740e-01   2.655640e+03   7.172414e+01
  2.332700e-01   2.683988e+03   7.154636e+01
  2.352660e-01   2.748274e+03   7.242836e+01
  2.372620e-01   2.740797e+03   7.201128e+01
  2.392580e-01   2.661883e+03   7.303305e+01
  2.412540e-01   2.723590e+03   7.173336e+01
  2.432500e-01   2.491035e+03   7.278424e+01
  2.452470e-01   2.632893e+03   7.270749e+01
  2.472430e-01   2.575963e+03   7.279873e+01
  2.492390e-01   2.668770e+03   7.296325e+01
  2.512350e-01   2.684011e+03   7.068155e+01
  2.532310e-01   2.620725e+03   7.050286e+01
  2.552270e-01   2.629369e+03   6.892543e+01
  2.572230e-01   2.614108e+03   6.851362e+01
  2.592190e-01   2.605634e+03   6.850055e+01
  2.612150e-01   2.631622e+03   6.748800e+01
  2.632110e-01   2.519150e+03   6.722201e+01
  2.652070e-01   2.454712e+03   6.660688e+01
  2.672030e-01   2.504936e+03   6.663030e+01
  2.691990e-01   2.559391e+03   6.549764e+01
  2.711950e-01   2.465733e+03   6.554824e+01
  2.731910e-01   2.463234e+03   6.563689e+01
  2.751870e-01   2.352336e+03   6.461065e+01
  2.771830e-01   2.438709e+03   6.467213e+01
  2.791790e-01   2.375392e+03   6.427320e+01
  2.811750e-01   2.401274e+03   6.398686e+01
  2.831710e-01   2.381967e+03   6.328727e+01
  2.851670e-01   2.284975e+03   6.346263e+01
  2.871630e-01   2.355180e+03   6.289099e+01
  2.891590e-01   2.334675e+03   6.284066e+01
  2.911550e-01   2.306720e+03   6.342350e+01
  2.931510e-01   2.349928e+03   6.161340e+01
  2.951470e-01   2.330613e+03   6.239261e+01
  2.971430e-01   2.285445e+03   6.141116e+01
  2.991390e-01   2.335172e+03   6.173433e+01
  3.011350e-01   2.371979e+03   6.140738e+01
  3.031310e-01   2.345876e+03   6.086445e+01
  3.051270e-01   2.318900e+03   6.095447e+01
  3.071230e-01   2.338833e+03   6.093830e+01
  3.091190e-01   2.221288e+03   6.021104e+01
  3.111150e-01   2.294436e+03   6.066376e+01
  3.131110e-01   2.235649e+03   5.960686e+01
  3.151070e-01   2.291269e+03   6.024712e+01
  3.171030e-01   2.216702e+03   5.969170e+01
  3.190990e-01   2.284202e+03   5.925767e+01
  3.210950e-01   2.200030e+03   5.918867e+01
  3.230910e-01   2.161538e+03   5.858067e+01
  3.250870e-01   2.189341e+03   5.877350e+01
  3.270830e-01   2.117557e+03   5.787187e+01
  3.290790e-01   2.158965e+03   5.817066e+01
  3.310760e-01   2.097966e+03   5.745085e+01
  3.330720e-01   2.130826e+03   5.836853e+01
  3.350680e-01   2.102831e+03   5.724302e+01
  3.370640e-01   2.005111e+03   5.714632e+01
  3.390600e-01   2.040528e+03   5.724756e+01
  3.410560e-01   1.945577e+03   5.678015e+01
  3.430520e-01   2.043850e+03   5.641522e+01
  3.450480e-01   2.092568e+03   5.705423e+01
  3.470440e-01   1.975668e+03   5.589186e+01
  3.490400e-01   1.991947e+03   5.654361e+01
  3.510360e-01   2.062995e+03   5.599558e+01
  3.530320e-01   1.908864e+03   5.541602e+01
  3.550280e-01   1.956091e+03   5.558845e+01
  3.570240e-01   2.104072e+03   5.575301e+01
  3.590200e-01   1.889307e+03   5.627141e+01
  3.610160e-01   1.878261e+03   5.521161e+01
  3.630120e-01   1.965184e+03   5.719509e+01
  3.650080e-01   1.986825e+03   5.680987e+01
  3.670040e-01   1.948967e+03   5.747742e+01
  3.690000e-01   1.997246e+03   5.790063e+01
  3.709960e-01   1.912527e+03   5.737654e+01
  3.729920e-01   1.913645e+03   5.808061e+01
  3.749880e-01   1.877230e+03   5.677416e+01
  3.769840e-01   1.893275e+03   5.631221e+01
  3.789800e-01   1.817151e+03   5.582290e+01
  3.809760e-01   1.753693e+03   5.455823e+01
  3.829720e-01   1.817651e+03   5.604619e+01
  3.849680e-01   1.752148e+03   5.517630e+01
  3.869640e-01   1.754746e+03   5.426545e+01
  3.889600e-01   1.868918e+03   5.415464e+01
  3.909560e-01   1.699394e+03   5.410995e+01
  3.929520e-01   1.915990e+03   5.488251e+01
  3.949480e-01   1.746309e+03   5.338319e+01
  3.969440e-01   1.748565e+03   5.374686e+01
  3.989400e-01   1.729894e+03   5.314883e+01
  4.009360e-01   1.714119e+03   5.314036e+01
  4.029320e-01   1.736530e+03   5.279015e+01
  4.049280e-01   1.658916e+03   5.208000e+01
  4.069240e-01   1.649303e+03   5.242492e+01
  4.089200e-01   1.747990e+03   5.199259e+01
  4.109160e-01   1.689129e+03   5.173587e+01
  4.129120e-01   1.662521e+03   5.127550e+01
  4.149080e-01   1.661930e+03   5.155154e+01
  4.169040e-01   1.650999e+03   5.139749e+01
  4.189010e-01   1.609080e+03   5.075835e+01
  4.208970e-01   1.627960e+03   5.069494e+01
  4.228930e-01   1.638035e+03   5.038735e+01
  4.248890e-01   1.546682e+03   5.054100e+01
  4.268850e-01   1.558873e+03   4.987379e+01
  4.288810e-01   1.689756e+03   4.979907e+01
  4.308770e-01   1.586158e+03   4.957594e+01
  4.328730e-01   1.511189e+03   4.911188e+01
  4.348690e-01   1.454692e+03   4.960932e+01
  4.368650e-01   1.598122e+03   4.907538e+01
  4.388610e-01   1.582942e+03   4.903342e+01
  4.408570e-01   1.484749e+03   4.928944e+01
  4.428530e-01   1.460860e+03   4.860811e+01
  4.448490e-01   1.453210e+03   4.911567e+01
  4.468450e-01   1.485666e+03   4.861799e+01
  4.488410e-01   1.400616e+03   4.869930e+01
  4.508370e-01   1.411042e+03   4.859862e+01
  4.528330e-01   1.485349e+03   4.825685e+01
  4.548290e-01   1.488329e+03   4.860871e+01
  4.568250e-01   1.521247e+03   4.845674e+01
  4.588210e-01   1.469986e+03   4.824225e+01
  4.608170e-01   1.353814e+03   4.823953e+01
  4.628130e-01   1.355417e+03   4.733174e+01
  4.648090e-01   1.351462e+03   4.814942e+01
  4.668050e-01   1.289657e+03   4.719289e+01
  4.688010e-01   1.359026e+03   4.797493e+01
  4.707970e-01   1.329655e+03   4.727875e+01
  4.727930e-01   1.449162e+03   4.762193e+01
  4.747890e-01   1.428863e+03   4.760538e+01
  4.767850e-01   1.379396e+03   4.697250e+01
  4.787810e-01   1.340845e+03   4.701061e+01
  4.807770e-01   1.345900e+03   4.659708e+01
  4.827730e-01   1.391701e+03   4.713104e+01
  4.847690e-01   1.339275e+03   4.687954e+01
  4.867650e-01   1.333459e+03   4.634243e+01
  4.887610e-01   1.311004e+03   4.654412e+01
  4.907570e-01   1.358698e+03   4.609790e+01
  4.927530e-01   1.301001e+03   4.651485e+01
  4.947490e-01   1.252397e+03   4.593554e+01
  4.967450e-01   1.282763e+03   4.586156e+01
  4.987410e-01   1.289496e+03   4.608771e+01
  5.007370e-01   1.274282e+03   4.590006e+01
  5.027330e-01   1.260068e+03   4.573131e+01
  5.047290e-01   1.217649e+03   4.506920e+01
  5.067260e-01   1.236546e+03   4.522803e+01
  5.087220e-01   1.243491e+03   4.548892e+01
  5.107180e-01   1.136028e+03   4.470583e+01
  5.127140e-01   1.164608e+03   4.522165e+01
  5.147100e-01   1.213968e+03   4.452715e+01
  5.167060e-01   1.161402e+03   4.469274e+01
  5.187020e-01   1.186142e+03   4.521540e+01
  5.206980e-01   1.181296e+03   4.428909e+01
  5.226940e-01   1.205427e+03   4.477669e+01
  5.246900e-01   1.229801e+03   4.439456e+01
  5.266860e-01   1.162356e+03   4.444698e+01
  5.286820e-01   1.192320e+03   4.433725e+01
  5.306780e-01   1.077227e+03   4.385074e+01
  5.326740e-01   1.105870e+03   4.420453e+01
  5.346700e-01   1.111541e+03   4.379828e+01
  5.366660e-01   1.171879e+03   4.427943e+01
  5.386620e-01   1.151724e+03   4.375013e+01
  5.406580e-01   1.110805e+03   4.371150e+01
  5.426540e-01   9.991037e+02   4.348384e+01
  5.446500e-01   1.096132e+03   4.344358e+01
  5.466460e-01   1.162949e+03   4.391451e+01
  5.486420e-01   1.052749e+03   4.300015e+01
  5.506380e-01   1.110912e+03   4.336427e+01
  5.526340e-01   1.065402e+03   4.297772e+01
  5.546300e-01   1.108030e+03   4.290074e+01
  5.566260e-01   1.092809e+03   4.312511e+01
  5.586220e-01   1.037391e+03   4.252844e+01
  5.606180e-01   1.029876e+03   4.308718e+01
  5.626140e-01   1.033670e+03   4.294294e+01
  5.646100e-01   1.053240e+03   4.249968e+01
  5.666060e-01   1.035928e+03   4.250046e+01
  5.686020e-01   1.051885e+03   4.251028e+01
  5.705980e-01   9.856952e+02   4.267226e+01
  5.725940e-01   1.003913e+03   4.208233e+01
  5.745900e-01   9.088411e+02   4.198220e+01
  5.765860e-01   1.035168e+03   4.205114e+01
  5.785820e-01   1.002248e+03   4.200149e+01
  5.805780e-01   1.006769e+03   4.206542e+01
  5.825740e-01   1.052041e+03   4.194681e+01
  5.845700e-01   9.167485e+02   4.153633e+01
  5.865660e-01   9.464836e+02   4.167073e+01
  5.885620e-01   8.405268e+02   4.137451e+01
  5.905580e-01   9.580954e+02   4.143574e+01
  5.925550e-01   9.857763e+02   4.138687e+01
  5.945510e-01   8.224743e+02   4.145373e+01
  5.965470e-01   9.342944e+02   4.129248e+01
  5.985430e-01   9.239219e+02   4.111383e+01
  6.005390e-01   9.009154e+02   4.102580e+01
  6.025350e-01   9.272636e+02   4.104585e+01
  6.045310e-01   8.770945e+02   4.105270e+01
  6.065270e-01   9.066799e+02   4.060907e+01
  6.085230e-01   8.606553e+02   4.098797e+01
  6.105190e-01   8.921367e+02   4.081249e+01
  6.125150e-01   8.775745e+02   4.070753e+01
  6.145110e-01   8.613743e+02   4.040021e+01
  6.165070e-01   8.838639e+02   4.037773e+01
  6.185030e-01   8.994703e+02   4.056849e+01
  6.204990e-01   8.766382e+02   4.032646e+01
  6.224950e-01   8.487525e+02   4.023079e+01
  6.244910e-01   8.934139e+02   4.084578e+01
  6.264870e-01   8.261245e+02   4.119586e+01
  6.284830e-01   8.392712e+02   4.202652e+01
  6.304790e-01   8.425477e+02   4.173248e+01
  6.324750e-01   8.096677e+02   4.200149e+01
  6.344710e-01   7.580596e+02   4.207253e+01
  6.364670e-01   7.042632e+02   4.230725e+01
  6.384630e-01   8.525540e+02   4.259606e+01
  6.404590e-01   8.096951e+02   4.190075e+01
  6.424550e-01   8.891782e+02   4.303827e+01
  6.444510e-01   7.834980e+02   4.268039e+01
  6.464470e-01   9.087505e+02   4.297743e+01
  6.484430e-01   8.054170e+02   4.278101e+01
  6.504390e-01   7.788032e+02   4.257584e+01
  6.524350e-01   7.858316e+02   4.303801e+01
  6.544310e-01   7.870673e+02   4.290455e+01
  6.564270e-01   7.550600e+02   4.270191e+01
  6.584230e-01   7.531274e+02   4.286981e+01
  6.604190e-01   7.058378e+02   4.215878e+01
  6.624150e-01   7.709586e+02   4.335846e+01
  6.644110e-01   7.255079e+02   4.202210e+01
  6.664070e-01   7.804186e+02   4.296350e+01
  6.684030e-01   7.275093e+02   4.266056e+01
  6.703990e-01   6.818270e+02   4.278241e+01
  6.723950e-01   7.173709e+02   4.276241e+01
  6.743910e-01   7.501539e+02   4.194803e+01
  6.763870e-01   7.665544e+02   4.198051e+01
  6.783830e-01   6.847856e+02   4.116891e+01
  6.803800e-01   7.465299e+02   4.130780e+01
  6.823760e-01   6.673044e+02   4.090632e+01
  6.843720e-01   7.117310e+02   4.067103e+01
  6.863680e-01   7.293651e+02   4.092627e+01
  6.883640e-01   6.871695e+02   4.025231e+01
  6.903600e-01   7.225355e+02   4.056077e+01
  6.923560e-01   6.916331e+02   3.983223e+01
  6.943520e-01   6.187021e+02   3.984747e+01
  6.963480e-01   6.434052e+02   4.012026e+01
  6.983440e-01   6.787838e+02   3.966949e+01
  7.003400e-01   6.682868e+02   3.973113e+01
  7.023360e-01   6.671346e+02   3.942306e+01
  7.043320e-01   6.656054e+02   3.935282e+01
  7.063280e-01   6.212163e+02   3.963631e+01
  7.083240e-01   5.867399e+02   3.886586e+01
  7.103200e-01   6.107858e+02   3.946636e+01
  7.123160e-01   6.012245e+02   3.881928e+01
  7.143120e-01   6.699281e+02   3.923354e+01
  7.163080e-01   6.493600e+02   3.874094e+01
  7.183040e-01   5.874842e+02   3.859598e+01
  7.203000e-01   6.400376e+02   3.897256e+01
  7.222960e-01   5.979300e+02   3.848430e+01
  7.242920e-01   6.429227e+02   3.850753e+01
  7.262880e-01   6.675424e+02   3.872254e+01
  7.282840e-01   5.542371e+02   3.825798e+01
  7.302800e-01   5.895308e+02   3.836628e+01
  7.322760e-01   6.633696e+02   3.798778e+01
  7.342720e-01   5.813628e+02   3.788583e+01
  7.362680e-01   5.690855e+02   3.779794e+01
  7.382640e-01   6.343402e+02   3.790810e+01
  7.402600e-01   6.404728e+02   3.788228e+01
  7.422560e-01   5.947615e+02   3.761794e+01
  7.442520e-01   5.648129e+02   3.781720e+01
  7.462480e-01   5.394253e+02   3.713417e+01
  7.482440e-01   5.860353e+02   3.754321e+01
  7.502400e-01   5.294663e+02   3.706352e+01
  7.522360e-01   5.223186e+02   3.717217e+01
  7.542320e-01   5.292214e+02   3.739068e+01
  7.562280e-01   5.403380e+02   3.700577e+01
  7.582240e-01   4.867473e+02   3.720863e+01
  7.602200e-01   5.466759e+02   3.669336e+01
  7.622160e-01   5.280058e+02   3.719689e+01
  7.642120e-01   6.243635e+02   3.719227e+01
  7.662090e-01   6.242838e+02   3.692921e+01
  7.682050e-01   5.552652e+02   3.685015e+01
  7.702010e-01   5.264659e+02   3.667224e+01
  7.721970e-01   4.955215e+02   3.691375e+01
  7.741930e-01   5.475481e+02   3.689556e+01
  7.761890e-01   5.434506e+02   3.656887e+01
  7.781850e-01   5.324503e+02   3.659768e+01
  7.801810e-01   4.359307e+02   3.595026e+01
  7.821770e-01   5.319560e+02   3.676846e+01
  7.841730e-01   5.114887e+02   3.618893e+01
  7.861690e-01   5.174743e+02   3.611541e+01
  7.881650e-01   5.655095e+02   3.636646e+01
  7.901610e-01   5.291635e+02   3.620744e+01
  7.921570e-01   4.884199e+02   3.617129e+01
  7.941530e-01   4.797574e+02   3.590253e+01
  7.961490e-01   5.210907e+02   3.610211e+01
  7.981450e-01   4.919112e+02   3.589156e+01
  8.001410e-01   4.539848e+02   3.567565e+01
  8.021370e-01   4.238836e+02   3.583125e+01
  8.041330e-01   4.671754e+02   3.567999e+01
  8.061290e-01   5.310774e+02   3.593397e+01
  8.081250e-01   5.268220e+02   3.570929e+01
  8.101210e-01   5.115160e+02   3.544802e+01
  8.121170e-01   4.663352e+02   3.549266e+01
  8.141130e-01   5.178462e+02   3.569299e+01
  8.161090e-01   5.128755e+02   3.569805e+01
  8.181050e-01   4.751433e+02   3.510756e+01
  8.201010e-01   4.293731e+02   3.550465e+01
  8.220970e-01   4.541371e+02   3.529248e+01
  8.240930e-01   4.859719e+02   3.535652e+01
  8.260890e-01   4.235809e+02   3.529441e+01
  8.280850e-01   4.383150e+02   3.472818e+01
  8.300810e-01   4.422696e+02   3.511714e+01
  8.320770e-01   4.394781e+02   3.516981e+01
  8.340730e-01   4.261899e+02   3.479673e+01
  8.360690e-01   4.517184e+02   3.500286e+01
  8.380650e-01   4.670177e+02   3.465110e+01
  8.400610e-01   4.188785e+02   3.495015e+01
  8.420570e-01   4.350994e+02   3.468841e+01
  8.440530e-01   3.923696e+02   3.458477e+01
  8.460490e-01   4.540424e+02   3.486062e+01
  8.480450e-01   3.970427e+02   3.407977e+01
  8.500410e-01   4.920967e+02   3.491927e+01
  8.520370e-01   3.627665e+02   3.437256e+01
  8.540340e-01   3.546346e+02   3.436839e+01
  8.560300e-01   3.980140e+02   3.450847e+01
  8.580260e-01   4.005380e+02   3.388622e+01
  8.600220e-01   3.419185e+02   3.433708e+01
  8.620180e-01   3.745730e+02   3.399074e+01
  8.640140e-01   3.515580e+02   3.426832e+01
  8.660100e-01   3.369062e+02   3.410715e+01
  8.680060e-01   3.665166e+02   3.380735e+01
  8.700020e-01   3.621032e+02   3.409929e+01
  8.719980e-01   3.795466e+02   3.372741e+01
  8.739940e-01   3.687612e+02   3.399014e+01
  8.759900e-01   3.653635e+02   3.367619e+01
  8.779860e-01   4.048966e+02   3.383681e+01
  8.799820e-01   4.393028e+02   3.395592e+01
  8.819780e-01   3.664896e+02   3.377327e+01
  8.839740e-01   3.456779e+02   3.391575e+01
  8.859700e-01   3.968741e+02   3.361290e+01
  8.879660e-01   3.434459e+02   3.348165e+01
  8.899620e-01   3.901697e+02   3.368747e+01
  8.919580e-01   3.127409e+02   3.352534e+01
  8.939540e-01   3.230246e+02   3.335505e+01
  8.959500e-01   3.924155e+02   3.343627e+01
  8.979460e-01   4.026195e+02   3.346478e+01
  8.999420e-01   3.812231e+02   3.336099e+01
  9.019380e-01   3.833743e+02   3.338726e+01
  9.039340e-01   3.618156e+02   3.317645e+01
  9.059300e-01   3.128451e+02   3.291994e+01
  9.079260e-01   4.059746e+02   3.322936e+01
  9.099220e-01   3.194768e+02   3.281148e+01
  9.119180e-01   2.938361e+02   3.278577e+01
  9.139140e-01   3.173646e+02   3.294673e+01
  9.159100e-01   2.394581e+02   3.290263e+01
  9.179060e-01   3.442148e+02   3.288026e+01
  9.199020e-01   3.324864e+02   3.294656e+01
  9.218980e-01   3.086204e+02   3.276906e+01
  9.238940e-01   3.036668e+02   3.287325e+01
  9.258900e-01   2.766238e+02   3.279025e+01
  9.278860e-01   3.455571e+02   3.282152e+01
  9.298820e-01   3.756652e+02   3.295361e+01
  9.318780e-01   2.743886e+02   3.266085e+01
  9.338740e-01   2.593633e+02   3.273517e+01
  9.358700e-01   3.388769e+02   3.255509e+01
  9.378660e-01   3.416371e+02   3.278324e+01
  9.398620e-01   3.133046e+02   3.269887e+01
  9.418590e-01   2.890196e+02   3.259894e+01
  9.438550e-01   2.923999e+02   3.252851e+01
  9.458510e-01   3.337669e+02   3.247527e+01
  9.478470e-01   2.919866e+02   3.250757e+01
  9.498430e-01   3.610641e+02   3.255835e+01
  9.518390e-01   3.203334e+02   3.252381e+01
  9.538350e-01   3.313242e+02   3.245282e+01
  9.558310e-01   3.390990e+02   3.239183e+01
  9.578270e-01   3.102886e+02   3.231345e+01
  9.598230e-01   2.617069e+02   3.244296e+01
  9.618190e-01   3.081159e+02   3.218620e+01
  9.638150e-01   2.852141e+02   3.230042e+01
  9.658110e-01   2.653904e+02   3.217423e+01
  9.678070e-01   2.704934e+02   3.210979e+01
  9.698030e-01   3.083830e+02   3.216618e+01
  9.717990e-01   3.099400e+02   3.207823e+01
  9.737950e-01   3.009731e+02   3.197285e+01
  9.757910e-01   2.941439e+02   3.220743e+01
  9.777870e-01   2.842145e+02   3.171889e+01
  9.797830e-01   2.557318e+02   3.201514e+01
  9.817790e-01   1.929230e+02   3.175452e+01
  9.837750e-01   1.995494e+02   3.180848e+01
  9.857710e-01   3.132629e+02   3.193233e+01
  9.877670e-01   2.941472e+02   3.169821e+01
  9.897630e-01   3.052269e+02   3.205083e+01
  9.917590e-01   2.313445e+02   3.164512e+01
  9.937550e-01   2.698346e+02   3.180749e+01
  9.957510e-01   2.175908e+02   3.160797e+01
  9.977470e-01   2.655437e+02   3.161751e+01
  9.997430e-01   3.081933e+02   3.195936e+01
  1.001740e+00   2.204233e+02   3.135358e+01
  1.003740e+00   2.706047e+02   3.155582e+01
  1.005730e+00   2.491076e+02   3.158156e+01
  1.007730e+00   2.433673e+02   3.159426e+01
  1.009720e+00   2.677530e+02   3.161970e+01
  1.011720e+00   2.771911e+02   3.137292e+01
  1.013720e+00   2.572967e+02   3.156532e+01
  1.015710e+00   2.756658e+02   3.126995e+01
  1.017710e+00   2.998100e+02   3.177482e+01
  1.019700e+00   2.088345e+02   3.110336e+01
  1.021700e+00   2.125080e+02   3.097644e+01
  1.023700e+00   2.615908e+02   3.128818e+01
  1.025690e+00   1.847604e+02   3.115131e+01
  1.027690e+00   1.675549e+02   3.132495e+01
  1.029680e+00   2.365576e+02   3.101611e+01
  1.031680e+00   2.115534e+02   3.084444e+01
  1.033680e+00   2.336168e+02   3.123648e+01
  1.035670e+00   1.938590e+02   3.078365e+01
  1.037670e+00   2.243181e+02   3.097423e+01
  1.039660e+00   1.845405e+02   3.069366e+01
  1.041660e+00   2.135917e+02   3.083332e+01
  1.043660e+00   2.499941e+02   3.091695e+01
  1.045650e+00   2.230609e+02   3.063377e+01
  1.047650e+00   2.507538e+02   3.101730e+01
  1.049640e+00   2.306996e+02   3.068487e+01
  1.051640e+00   1.887910e+02   3.085826e+01
  1.053640e+00   2.635022e+02   3.085689e+01
  1.055630e+00   2.444930e+02   3.044527e+01
  1.057630e+00   1.753225e+02   3.083858e+01
  1.059620e+00   2.184502e+02   3.039377e+01
  1.061620e+00   1.904549e+02   3.071689e+01
  1.063620e+00   2.349771e+02   3.105946e+01
  1.065610e+00   2.982574e+02   3.145363e+01
  1.067610e+00   2.209638e+02   3.179671e+01
  1.069600e+00   2.302762e+02   3.138081e+01
  1.071600e+00   1.930358e+02   3.177710e+01
  1.073600e+00   2.747342e+02   3.185387e+01
  1.075590e+00   2.101743e+02   3.207795e+01
  1.077590e+00   1.705917e+02   3.221733e+01
  1.079580e+00   2.451954e+02   3.200266e+01
  1.081580e+00   2.134149e+02   3.231502e+01
  1.083580e+00   2.142961e+02   3.204404e+01
  1.085570e+00   2.150097e+02   3.254347e+01
  1.087570e+00   2.110973e+02   3.252677e+01
  1.089560e+00   1.810471e+02   3.234651e+01
  1.091560e+00   1.971887e+02   3.261432e+01
  1.093560e+00   2.474790e+02   3.284924e+01
  1.095550e+00   1.757816e+02   3.260216e+01
  1.097550e+00   1.744807e+02   3.209371e+01
  1.099540e+00   1.715290e+02   3.188467e+01
  1.101540e+00   1.830317e+02   3.172907e+01
  1.103540e+00   1.819308e+02   3.158011e+01
  1.105530e+00   2.206456e+02   3.137328e+01
  1.107530e+00   2.325748e+02   3.104409e+01
  1.109520e+00   2.186103e+02   3.119237e+01
  1.111520e+00   1.985070e+02   3.109372e+01
  1.113520e+00   1.589973e+02   3.089646e+01
  1.115510e+00   2.799053e+02   3.116728e+01
  1.117510e+00   1.445378e+02   3.060982e+01
  1.119500e+00   2.567142e+02   3.102341e+01
  1.121500e+00   1.363745e+02   3.063613e+01
  1.123500e+00   2.430559e+02   3.079015e+01
  1.125490e+00   2.332541e+02   3.066239e+01
  1.127490e+00   1.915425e+02   3.049615e+01
  1.129480e+00   1.350080e+02   3.055100e+01
  1.131480e+00   1.654219e+02   3.045807e+01
  1.133480e+00   2.424091e+02   3.050193e+01
  1.135470e+00   1.635061e+02   3.043446e+01
  1.137470e+00   2.241315e+02   3.027661e+01
  1.139460e+00   1.547740e+02   3.021577e+01
  1.141460e+00   1.876737e+02   3.018071e+01
  1.143460e+00   1.811713e+02   3.015060e+01
  1.145450e+00   1.980409e+02   3.024573e+01
  1.147450e+00   1.680414e+02   2.999483e+01
  1.149440e+00   1.036741e+02   3.020004e+01
  1.151440e+00   1.172776e+02   2.990951e+01
  1.153440e+00   1.442874e+02   3.018945e+01
  1.155430e+00   1.412928e+02   2.961987e+01
  1.157430e+00   2.097343e+02   2.998005e+01
  1.159430e+00   1.402453e+02   3.004239e+01
  1.161420e+00   1.759547e+02   2.992983e+01
  1.163420e+00   1.565905e+02   3.015036e+01
  1.165410e+00   1.970222e+02   2.970840e+01
  1.167410e+00   1.562514e+02   2.981989e+01
  1.169410e+00   1.582937e+02   2.975887e+01
  1.171400e+00   1.838563e+02   2.966887e+01
  1.173400e+00   1.172510e+02   2.967642e+01
  1.175390e+00   1.327799e+02   2.962101e+01
  1.177390e+00   1.430442e+02   3.001163e+01
  1.179390e+00   2.004540e+02   2.956690e+01
  1.181380e+00   1.383853e+02   2.964372e+01
  1.183380e+00   1.142387e+02   2.970698e+01
  1.185370e+00   1.580223e+02   2.944494e+01
  1.187370e+00   1.610798e+02   2.978962e+01
  1.189370e+00   1.463586e+02   2.942389e+01
  1.191360e+00   8.465873e+01   2.955124e+01
  1.193360e+00   1.208226e+02   2.966103e+01
  1.195350e+00   1.519886e+02   2.941724e+01
  1.197350e+00   1.551025e+02   2.982351e+01
  1.199350e+00   1.672708e+02   2.920674e+01
  1.201340e+00   1.425933e+02   2.951501e+01
  1.203340e+00   8.470061e+01   2.932539e+01
  1.205330e+00   1.499366e+02   2.935592e+01
  1.207330e+00   1.141045e+02   2.938690e+01
  1.209330e+00   1.590602e+02   2.930257e+01
  1.211320e+00   1.438713e+02   2.948286e+01
  1.213320e+00   1.457903e+02   2.926002e+01
  1.215310e+00   1.267889e+02   2.929885e+01
  1.217310e+00   1.435077e+02   2.928127e+01
  1.219310e+00   1.497853e+02   2.911764e+01
  1.221300e+00   1.722178e+02   2.947406e+01
  1.223300e+00   2.215145e+02   2.914470e+01
  1.225290e+00   1.540333e+02   2.937628e+01
  1.227290e+00   1.078910e+02   2.905100e+01
  1.229290e+00   1.408447e+02   2.930395e+01
  1.231280e+00   1.348814e+02   2.913868e+01
  1.233280e+00   1.445865e+02   2.903506e+01
  1.235270e+00   1.190759e+02   2.925099e+01
  1.237270e+00   1.578893e+02   2.898291e+01
  1.239270e+00   1.313723e+02   2.895478e+01
  1.241260e+00   1.611779e+02   2.902244e+01
  1.243260e+00   1.327151e+02   2.888746e+01
  1.245250e+00   1.347252e+02   2.915633e+01
  1.247250e+00   1.075981e+02   2.890946e+01
  1.249250e+00   1.577582e+02   2.899807e+01
  1.251240e+00   8.887801e+01   2.891078e+01
  1.253240e+00   1.568113e+02   2.865374e+01
  1.255230e+00   1.219101e+02   2.889109e+01
  1.257230e+00   7.862009e+01   2.851690e+01
  1.259230e+00   1.135909e+02   2.884886e+01
  1.261220e+00   1.196004e+02   2.874006e+01
  1.263220e+00   1.556155e+02   2.878436e+01
  1.265210e+00   1.824038e+02   2.884368e+01
  1.267210e+00   1.484061e+02   2.869508e+01
  1.269210e+00   1.466655e+02   2.885188e+01
  1.271200e+00   1.084143e+02   2.877091e+01
  1.273200e+00   1.317925e+02   2.878222e+01
  1.275190e+00   1.720245e+02   2.886931e+01
  1.277190e+00   1.144543e+02   2.864266e+01
  1.279190e+00   1.118970e+02   2.877952e+01
  1.281180e+00   1.442853e+02   2.867074e+01
  1.283180e+00   1.865349e+02   2.877574e+01
  1.285170e+00   1.365404e+02   2.871055e+01
  1.287170e+00   1.098157e+02   2.856677e+01
  1.289170e+00   9.092755e+01   2.868449e+01
  1.291160e+00   1.632274e+02   2.846056e+01
  1.293160e+00   1.049109e+02   2.864641e+01
  1.295150e+00   1.339875e+02   2.849671e+01
  1.297150e+00   1.643543e+02   2.884581e+01
  1.299150e+00   1.059032e+02   2.851517e+01
  1.301140e+00   5.628549e+01   2.826660e+01
  1.303140e+00   1.168501e+02   2.857879e+01
  1.305130e+00   9.906298e+01   2.843112e+01
  1.307130e+00   1.282786e+02   2.859673e+01
  1.309130e+00   6.305711e+01   2.844231e+01
  1.311120e+00   1.442676e+02   2.834686e+01
  1.313120e+00   9.097432e+01   2.838652e+01
  1.315110e+00   9.742009e+01   2.832183e+01
  1.317110e+00   8.215923e+01   2.831671e+01
  1.319110e+00   1.007053e+02   2.808718e+01
  1.321100e+00   1.169967e+02   2.852793e+01
  1.323100e+00   1.238911e+02   2.821482e+01
  1.325090e+00   1.295751e+02   2.834049e+01
  1.327090e+00   1.813940e+02   2.847616e+01
  1.329090e+00   9.133294e+01   2.820356e+01
  1.331080e+00   9.468780e+01   2.846833e+01
  1.333080e+00   7.054547e+01   2.805393e+01
  1.335080e+00   1.100402e+02   2.824012e+01
  1.337070e+00   8.706128e+01   2.831968e+01
  1.339070e+00   8.594815e+01   2.805921e+01
  1.341060e+00   8.991360e+01   2.809897e+01
  1.343060e+00   8.229109e+01   2.822032e+01
  1.345060e+00   1.029045e+02   2.819872e+01
  1.347050e+00   1.002062e+02   2.821718e+01
  1.349050e+00   9.111980e+01   2.804525e+01
  1.351040e+00   1.004996e+02   2.815881e+01
  1.353040e+00   8.380714e+01   2.792172e+01
  1.355040e+00   6.213815e+01   2.813325e+01
  1.357030e+00   7.151176e+01   2.830174e+01
  1.359030e+00   1.124336e+02   2.812481e+01
  1.361020e+00   1.129500e+02   2.820774e+01
  1.363020e+00   1.173586e+02   2.799645e+01
  1.365020e+00   7.772673e+01   2.823938e+01
  1.367010e+00   1.362198e+02   2.823499e+01
  1.369010e+00   8.815739e+01   2.820489e+01
  1.371000e+00   1.228559e+02   2.840334e+01
  1.373000e+00   8.009105e+01   2.817353e+01
  1.375000e+00   8.743242e+01   2.841389e+01
  1.376990e+00   9.588589e+01   2.810091e+01
  1.378990e+00   1.058848e+02   2.835975e+01
  1.380980e+00   4.495675e+01   2.852855e+01
  1.382980e+00   6.884215e+01   2.817612e+01
  1.384980e+00   4.837471e+01   2.848951e+01
  1.386970e+00   1.728026e+02   2.825678e+01
  1.388970e+00   7.359750e+01   2.844415e+01
  1.390960e+00   6.574462e+01   2.838295e+01
  1.392960e+00   1.257665e+02   2.831701e+01
  1.394960e+00   1.245757e+02   2.858473e+01
  1.396950e+00   1.102268e+02   2.829712e+01
  1.398950e+00   6.408351e+01   2.849280e+01
  1.400940e+00   1.541933e+02   2.833710e+01
  1.402940e+00   8.015869e+01   2.832064e+01
  1.404940e+00   9.577229e+01   2.855393e+01
  1.406930e+00   1.025402e+02   2.846970e+01
  1.408930e+00   1.076343e+02   2.846349e+01
  1.410920e+00   6.884374e+01   2.815441e+01
  1.412920e+00   1.507234e+02   2.850257e+01
  1.414920e+00   8.501148e+01   2.844823e+01
  1.416910e+00   6.941340e+01   2.834643e+01
  1.418910e+00   9.848752e+01   2.856728e+01
  1.420900e+00   5.691753e+01   2.825526e+01
  1.422900e+00   1.015071e+02   2.848361e+01
  1.424900e+00   2.289326e+01   2.845452e+01
  1.426890e+00   1.100934e+02   2.846938e+01
  1.428890e+00   9.138912e+01   2.857865e+01
  1.430880e+00   5.385437e+01   2.824880e+01
  1.432880e+00   2.622072e+01   2.848143e+01
  1.434880e+00   1.479945e+02   2.840584e+01
  1.436870e+00   4.126371e+01   2.847599e+01
  1.438870e+00   5.958667e+01   2.850325e+01
  1.440860e+00   9.647450e+01   2.836724e+01
  1.442860e+00   9.203610e+01   2.864511e+01
  1.444860e+00   1.261230e+02   2.832344e+01
  1.446850e+00   9.334089e+01   2.856198e+01
  1.448850e+00   8.717615e+01   2.858926e+01
  1.450840e+00   1.359221e+02   2.828367e+01
  1.452840e+00   8.257093e+01   2.866163e+01
  1.454840e+00   4.619004e+01   2.847066e+01
  1.456830e+00   1.059091e+02   2.855321e+01
  1.458830e+00   7.591734e+01   2.834684e+01
  1.460820e+00   1.001132e+02   2.843412e+01
  1.462820e+00   1.221236e+02   2.848771e+01
  1.464820e+00   7.501914e+01   2.843770e+01
  1.466810e+00   8.000965e+01   2.864864e+01
  1.468810e+00   9.102320e+01   2.845311e+01
  1.470800e+00   5.630898e+01   2.847464e+01
  1.472800e+00   9.445230e+01   2.850388e+01
  1.474800e+00   7.755978e+01   2.844005e+01
  1.476790e+00   4.452051e+01   2.847711e+01
  1.478790e+00   9.044274e+01   2.842531e+01
  1.480780e+00   4.612392e+01   2.852417e+01
  1.482780e+00   6.071051e+01   2.852828e+01
  1.484780e+00   1.096212e+02   2.865133e+01
  1.486770e+00   1.401887e+02   2.909526e+01
  1.488770e+00   5.603253e+01   2.930949e+01
  1.490760e+00   1.268440e+02   2.966805e+01
  1.492760e+00   8.621222e+01   2.966061e+01
  1.494760e+00   8.294590e+01   2.967535e+01
  1.496750e+00   4.470645e+01   2.992081e+01
  1.498750e+00   9.716750e+01   3.011604e+01
  1.500740e+00   8.259410e+01   3.025213e+01
  1.502740e+00   4.335216e+01   3.022329e+01
  1.504740e+00   1.025338e+02   3.058257e+01
  1.506730e+00   1.142088e+02   3.050383e+01
  1.508730e+00   4.143959e+01   3.055336e+01
  1.510730e+00   4.646312e+01   3.067062e+01
  1.512720e+00   4.510168e+01   3.089241e+01
  1.514720e+00   9.877980e+01   3.095201e+01
  1.516710e+00   9.042309e+01   3.113637e+01
  1.518710e+00   7.381875e+01   3.104417e+01
  1.520710e+00   8.854975e+01   3.082613e+01
  1.522700e+00   3.799780e+01   3.007861e+01
  1.524700e+00   5.355634e+01   3.017774e+01
  1.526690e+00   8.822643e+01   3.015358e+01
  1.528690e+00   6.233654e+01   2.989731e+01
  1.530690e+00   4.834130e+01   2.985939e+01
  1.532680e+00   5.880146e+01   2.966649e+01
  1.534680e+00   3.232897e+01   2.975472e+01
  1.536670e+00   7.945938e+01   2.956064e+01
  1.538670e+00   3.874869e+01   2.965095e+01
  1.540670e+00   1.015583e+02   2.957392e+01
  1.542660e+00   4.920146e+01   2.952383e+01
  1.544660e+00   8.323271e+01   2.947038e+01
  1.546650e+00   1.008104e+02   2.944962e+01
  1.548650e+00   7.313218e+01   2.928670e+01
  1.550650e+00   5.394284e+01   2.937609e+01
  1.552640e+00   8.788170e+01   2.948974e+01
  1.554640e+00   2.615017e+01   2.931457e+01
  1.556630e+00   7.613205e+01   2.908521e+01
  1.558630e+00   5.612681e+01   2.942562e+01
  1.560630e+00   1.175687e+02   2.916878e+01
  1.562620e+00   1.958665e+00   2.934532e+01
  1.564620e+00   6.769879e+01   2.924990e+01
  1.566610e+00   7.796112e+01   2.922164e+01
  1.568610e+00   5.020808e+01   2.940496e+01
  1.570610e+00   5.435434e+01   2.902146e+01
  1.572600e+00   8.558945e+01   2.942799e+01
  1.574600e+00   2.571026e+01   2.911299e+01
  1.576590e+00   1.029127e+02   2.930016e+01
  1.578590e+00   7.390695e+01   2.923669e+01
  1.580590e+00   3.874446e+01   2.900800e+01
  1.582580e+00   1.315417e+02   2.922059e+01
  1.584580e+00   6.541580e+01   2.902237e+01
  1.586570e+00   6.160363e+01   2.910584e+01
  1.588570e+00   7.997120e+01   2.911732e+01
  1.590570e+00   6.532549e+01   2.895128e+01
  1.592560e+00   2.356943e+01   2.912799e+01
  1.594560e+00   6.033707e+01   2.888122e+01
  1.596550e+00   8.071671e+01   2.908248e+01
  1.598550e+00   5.619755e+01   2.896975e+01
  1.600550e+00   6.265095e+01   2.907969e+01
  1.602540e+00   1.009835e+02   2.916261e+01
  1.604540e+00   8.537882e+01   2.882265e+01
  1.606530e+00   8.643048e+01   2.896085e+01
  1.608530e+00   9.057490e+01   2.898083e+01
  1.610530e+00   1.340109e+02   2.910123e+01
  1.612520e+00   1.245003e+02   2.900220e+01
  1.614520e+00   4.509931e+01   2.878250e+01
  1.616510e+00   5.326510e+01   2.893334e+01
  1.618510e+00   5.943885e+01   2.868161e+01
  1.620510e+00   3.598087e+01   2.878476e+01
  1.622500e+00   8.541406e+01   2.865766e+01
  1.624500e+00   5.882144e+01   2.868651e+01
  1.626490e+00   3.204436e+01   2.879749e+01
  1.628490e+00   4.897230e+01   2.868236e+01
  1.630490e+00   6.641375e+01   2.881989e+01
  1.632480e+00   5.914867e+01   2.861203e+01
  1.634480e+00   1.158342e+02   2.901142e+01
  1.636470e+00   9.442954e+01   2.898647e+01
  1.638470e+00   8.087845e+01   2.877643e+01
  1.640470e+00   7.123770e+01   2.900228e+01
  1.642460e+00   1.119369e+01   2.877139e+01
  1.644460e+00   7.344310e+01   2.910351e+01
  1.646450e+00   3.720562e+01   2.913335e+01
  1.648450e+00   7.842603e+01   2.907272e+01
  1.650450e+00   4.768713e+01   2.911559e+01
  1.652440e+00   8.212161e+01   2.915481e+01
  1.654440e+00   7.500521e+01   2.925134e+01
  1.656430e+00   5.208320e+01   2.913483e+01
  1.658430e+00   7.982850e+01   2.911399e+01
  1.660430e+00   2.930152e+01   2.935690e+01
  1.662420e+00   6.160180e+01   2.926273e+01
  1.664420e+00   1.175570e+02   2.934888e+01
  1.666410e+00   9.294977e+01   2.911827e+01
  1.668410e+00   3.276288e+01   2.948274e+01
  1.670410e+00   5.928764e+01   2.941433e+01
  1.672400e+00   4.497304e+01   2.919567e+01
  1.674400e+00   1.060447e+02   2.957018e+01
  1.676390e+00   5.941322e+01   2.910624e+01
  1.678390e+00   2.396793e+01   2.950237e+01
  1.680390e+00   8.400769e+01   2.932620e+01
  1.682380e+00   3.519985e+00   2.938101e+01
  1.684380e+00   4.044255e+01   2.942470e+01
  1.686380e+00   3.024952e+01   2.933977e+01
  1.688370e+00   6.020870e+01   2.963634e+01
  1.690370e+00   1.730921e+01   2.940148e+01
  1.692360e+00  -7.604259e+00   2.936552e+01
  1.694360e+00   1.012935e+02   2.963077e+01
  1.696360e+00   7.259034e+01   2.954063e+01
  1.698350e+00   9.679930e+01   2.968481e+01
  1.700350e+00   1.179152e+02   2.958093e+01
  1.702340e+00   5.957250e+01   2.968883e+01
  1.704340e+00   6.120994e+01   2.964072e+01
  1.706340e+00   8.684082e+01   2.961682e+01
  1.708330e+00   4.218015e+01   2.975554e+01
  1.710330e+00   8.751822e+01   2.943511e+01
  1.712320e+00   2.841475e+01   2.989578e+01
  1.714320e+00   4.773145e+01   2.953327e+01
  1.716320e+00   3.239615e+00   2.947078e+01
  1.718310e+00   8.376019e+01   2.979425e+01
  1.720310e+00   9.011664e+01   2.956298e+01
  1.722300e+00   1.064303e+02   2.985873e+01
  1.724300e+00   6.815153e+01   2.955315e+01
  1.726300e+00   5.478619e+01   2.953798e+01
  1.728290e+00   5.244312e+01   2.976699e+01
  1.730290e+00   2.635906e+01   2.947041e+01
  1.732280e+00   3.302811e+01   2.952277e+01
  1.734280e+00   9.436136e+00   2.935292e+01
  1.736280e+00   6.304599e+01   2.971802e+01
  1.738270e+00   2.503159e+01   2.933779e+01
  1.740270e+00   1.211761e+02   2.967469e+01
  1.742260e+00   5.696161e+01   2.951691e+01
  1.744260e+00   1.451500e-02   2.927410e+01
  1.746260e+00   5.202343e+01   2.968404e+01
  1.748250e+00   2.798159e+01   2.914750e+01
  1.750250e+00   7.676178e+01   2.952694e+01
  1.752240e+00   7.511033e+01   2.967789e+01
  1.754240e+00   8.580960e+00   2.924707e+01
  1.756240e+00   2.177023e+01   2.969362e+01
  1.758230e+00   4.067259e+01   2.933708e+01
  1.760230e+00   1.375767e+01   2.948919e+01
  1.762220e+00  -5.323130e+00   2.958588e+01
  1.764220e+00   3.583144e+01   2.955502e+01
  1.766220e+00   1.381549e+02   2.973883e+01
  1.768210e+00   9.839058e+01   2.947074e+01
  1.770210e+00   3.584858e+01   2.970766e+01
  1.772200e+00   2.904756e+01   2.951244e+01
  1.774200e+00   1.218838e+01   2.943833e+01
  1.776200e+00  -1.996220e+00   2.963230e+01
  1.778190e+00   8.048430e+01   2.950251e+01
  1.780190e+00   9.916711e+01   2.991777e+01
  1.782180e+00   9.562346e+01   2.947853e+01
  1.784180e+00   8.633763e+01   2.966179e+01
  1.786180e+00   4.106954e+01   2.965218e+01
  1.788170e+00   7.736506e+00   2.960460e+01
  1.790170e+00   7.487606e+00   2.967110e+01
  1.792160e+00   5.895449e+01   2.940514e+01
  1.794160e+00   7.018947e+01   2.974453e+01
  1.796160e+00   3.910775e+01   2.961011e+01
  1.798150e+00   1.002302e+02   2.995264e+01
  1.800150e+00   2.958001e+01   2.974473e+01
  1.802140e+00   4.684768e+01   2.954342e+01
  1.804140e+00   6.430988e+01   2.983557e+01
  1.806140e+00   6.817280e+00   2.950137e+01
  1.808130e+00   2.903359e+01   2.965812e+01
  1.810130e+00   6.074916e+01   2.975283e+01
  1.812120e+00   8.637655e+01   2.975962e+01
  1.814120e+00   5.958387e+01   2.988387e+01
  1.816120e+00   7.889220e+01   2.946407e+01
  1.818110e+00   6.028957e+01   2.986246e+01
  1.820110e+00   1.170206e+02   2.980586e+01
  1.822100e+00   7.544774e+01   2.975943e+01
  1.824100e+00   4.565516e+01   2.989884e+01
  1.826100e+00   6.797544e+01   2.975603e+01
  1.828090e+00   1.773746e+01   2.988389e+01
  1.830090e+00   6.030286e+00   2.954319e+01
  1.832080e+00   1.229396e+01   2.971482e+01
  1.834080e+00   8.220996e+01   3.005812e+01
  1.836080e+00   4.685557e+01   2.974500e+01
  1.838070e+00   2.528459e+01   2.996288e+01
  1.840070e+00   5.751760e+01   2.966634e+01
  1.842060e+00   6.150791e+01   2.969151e+01
  1.844060e+00   6.316007e+01   2.998240e+01
  1.846060e+00   7.429443e+01   2.973784e+01
  1.848050e+00   4.503337e+01   2.994448e+01
  1.850050e+00   3.977846e+01   2.965812e+01
  1.852040e+00   7.841245e+01   3.002477e+01
  1.854040e+00   6.524220e+01   2.976478e+01
  1.856040e+00   7.888895e+01   2.997502e+01
  1.858030e+00  -1.666772e+01   2.976596e+01
  1.860030e+00   2.556079e+01   2.964042e+01
  1.862030e+00   4.589843e+01   3.002148e+01
  1.864020e+00   4.877534e+01   2.978351e+01
  1.866020e+00   1.106133e+02   2.994964e+01
  1.868010e+00  -1.549982e+01   2.964318e+01
  1.870010e+00   3.574635e+01   2.981104e+01
  1.872010e+00   3.870553e+01   3.006188e+01
  1.874000e+00  -2.616441e+01   2.959418e+01
  1.876000e+00   2.214317e+01   2.994768e+01
  1.877990e+00   9.323890e+00   2.972521e+01
  1.879990e+00   6.672747e+01   2.995538e+01
  1.881990e+00   1.153209e+02   2.975494e+01
  1.883980e+00   5.155936e+01   2.982594e+01
  1.885980e+00   8.865156e+01   3.019590e+01
  1.887970e+00   4.098414e+01   2.967853e+01
  1.889970e+00   3.147612e+01   3.008815e+01
  1.891970e+00   3.590721e+01   2.983326e+01
  1.893960e+00   2.140394e+01   2.975820e+01
  1.895960e+00   1.069179e+02   3.011306e+01
  1.897950e+00   6.065613e+01   2.983445e+01
  1.899950e+00   3.738119e+01   2.990581e+01
  1.901950e+00   1.678242e+01   3.000997e+01
  1.903940e+00   8.279505e+01   2.995748e+01
  1.905940e+00   4.503180e+01   3.001479e+01
  1.907930e+00   5.145104e+01   2.981934e+01
  1.909930e+00   3.388934e+01   3.078336e+01
  1.911930e+00   3.325913e+01   3.112502e+01
  1.913920e+00   5.655047e+01   3.153959e+01
  1.915920e+00   4.398906e+01   3.195511e+01
  1.917910e+00   1.855879e+01   3.159115e+01
  1.919910e+00   5.753977e+01   3.219835e+01
  1.921910e+00   9.377015e+00   3.225864e+01
  1.923900e+00   2.003063e+01   3.265193e+01
  1.925900e+00  -4.985454e+01   3.290534e+01
  1.927890e+00   4.681960e+01   3.275897e+01
  1.929890e+00   1.507104e+01   3.317100e+01
  1.931890e+00   4.479237e+01   3.312823e+01
  1.933880e+00   8.773090e+01   3.350925e+01
  1.935880e+00  -7.987360e+00   3.345977e+01
  1.937870e+00   6.344721e+01   3.364926e+01
  1.939870e+00  -2.320907e+01   3.368563e+01
  1.941870e+00   6.539924e+01   3.373148e+01
  1.943860e+00   7.892416e+01   3.310287e+01
  1.945860e+00   1.518680e+00   3.275851e+01
  1.947850e+00   7.069537e+01   3.243105e+01
  1.949850e+00   5.196063e+01   3.231163e+01
  1.951850e+00   8.718802e+01   3.184851e+01
  1.953840e+00  -1.089857e+01   3.201952e+01
  1.955840e+00   3.555972e+01   3.189965e+01
  1.957830e+00  -1.105091e+01   3.173953e+01
  1.959830e+00   7.499763e+01   3.168033e+01
  1.961830e+00   2.352479e+01   3.148085e+01
  1.963820e+00   6.982139e+01   3.185781e+01
  1.965820e+00   5.812578e+01   3.125309e+01
  1.967810e+00   7.543905e+01   3.155486e+01
  1.969810e+00   7.005364e+01   3.134847e+01
  1.971810e+00   3.988056e+01   3.154749e+01
  1.973800e+00   4.193532e+01   3.155273e+01
  1.975800e+00   3.932858e+01   3.114462e+01
  1.977790e+00   8.969236e+01   3.156504e+01
  1.979790e+00   2.580692e+01   3.141360e+01
  1.981790e+00   4.462924e+01   3.141379e+01
  1.983780e+00   6.955051e+01   3.166486e+01
  1.985780e+00   1.340231e+01   3.086917e+01
  1.987770e+00   3.083628e+00   3.134947e+01
  1.989770e+00  -3.312650e-01   3.111179e+01
  1.991770e+00   4.570290e+01   3.130817e+01
  1.993760e+00   9.334312e+00   3.106638e+01
  1.995760e+00   3.636220e+00   3.097811e+01
  1.997750e+00   2.493621e+01   3.130618e+01
  1.999750e+00   4.389507e+01   3.096119e+01
  2.001750e+00   5.326382e+01   3.107337e+01
  2.003740e+00   4.380992e+01   3.087207e+01
  2.005740e+00  -1.268648e+01   3.107077e+01
  2.007730e+00  -1.998821e+01   3.125523e+01
  2.009730e+00  -1.282732e+01   3.054942e+01
  2.011730e+00   4.891232e+01   3.101769e+01
  2.013720e+00  -3.106635e+00   3.078160e+01
  2.015720e+00   1.307325e+00   3.099941e+01
  2.017710e+00  -3.381000e-01   3.075047e+01
  2.019710e+00   2.099628e+01   3.057051e+01
  2.021710e+00   9.184455e+01   3.080667e+01
  2.023700e+00   5.759799e+01   3.058665e+01
  2.025700e+00   6.962291e+01   3.074534e+01
  2.027690e+00   3.019313e+01   3.062930e+01
  2.029690e+00   6.595111e+01   3.069183e+01
  2.031690e+00  -1.093097e+01   3.061976e+01
  2.033680e+00   1.131085e+01   3.070164e+01
  2.035680e+00   8.912175e+00   3.050099e+01
  2.037680e+00   5.011716e+01   3.056774e+01
  2.039670e+00   5.953048e+01   3.058947e+01
  2.041670e+00   6.434482e+01   3.085496e+01
  2.043660e+00   5.702419e+01   3.054215e+01
  2.045660e+00   3.518426e+01   3.088057e+01
  2.047660e+00   1.111004e+01   3.066462e+01
  2.049650e+00   5.756446e+01   3.062420e+01
  2.051650e+00   3.708228e+01   3.062975e+01
  2.053640e+00   3.898883e+00   3.041556e+01
  2.055640e+00   5.551722e+01   3.065862e+01
  2.057640e+00   2.867069e+01   3.059219e+01
  2.059630e+00  -2.220992e+01   3.058248e+01
  2.061630e+00   4.585963e+01   3.059035e+01
  2.063620e+00   1.986523e+01   3.058867e+01
  2.065620e+00   7.967894e+01   3.083248e+01
  2.067620e+00   8.991390e+01   3.064958e+01
  2.069610e+00   4.064440e+01   3.062822e+01
  2.071610e+00   1.145453e+02   3.059276e+01
  2.073600e+00  -1.496130e+00   3.076850e+01
  2.075600e+00   1.528193e+01   3.062000e+01
  2.077600e+00   2.207092e+01   3.045149e+01
  2.079590e+00   5.299882e+01   3.066619e+01
  2.081590e+00   5.744696e+01   3.066341e+01
  2.083580e+00   9.268272e+01   3.071206e+01
  2.085580e+00   1.759861e+01   3.040528e+01
  2.087580e+00  -2.123120e+00   3.059822e+01
  2.089570e+00   8.726991e+01   3.069969e+01
  2.091570e+00   2.369661e+01   3.050766e+01
  2.093560e+00   2.496629e+01   3.075021e+01
  2.095560e+00  -4.592950e-01   3.044176e+01
  2.097560e+00   4.210526e+01   3.072984e+01
  2.099550e+00  -2.829224e+01   3.069453e+01
  2.101550e+00   6.507758e+01   3.060043e+01
  2.103540e+00   2.053871e+01   3.045341e+01
  2.105540e+00   1.057050e+02   3.054809e+01
  2.107540e+00   3.767531e+01   3.066300e+01
  2.109530e+00   2.263666e+01   3.064957e+01
  2.111530e+00  -3.350985e+00   3.038452e+01
  2.113520e+00   2.091928e+01   3.037960e+01
  2.115520e+00  -1.286360e+00   3.042578e+01
  2.117520e+00   4.756165e+00   3.064781e+01
  2.119510e+00   3.436906e+01   3.057237e+01
  2.121510e+00  -3.983301e+01   3.056355e+01
  2.123500e+00   5.981121e+01   3.047269e+01
  2.125500e+00  -9.466180e+00   3.052181e+01
  2.127500e+00   6.989758e+01   3.062000e+01
  2.129490e+00   8.343971e+01   3.049239e+01
  2.131490e+00   3.708243e+01   3.058069e+01
  2.133480e+00   5.413735e+01   3.068924e+01
  2.135480e+00  -6.195815e+00   3.050673e+01
  2.137480e+00   6.585873e+01   3.079570e+01
  2.139470e+00   5.456773e+01   3.039389e+01
  2.141470e+00  -1.610001e+01   3.045242e+01
  2.143460e+00   4.338720e+01   3.055335e+01
  2.145460e+00   3.449659e+01   3.036663e+01
  2.147460e+00   9.511817e+01   3.069940e+01
  2.149450e+00   6.393145e+01   3.044605e+01
  2.151450e+00   1.099531e+01   3.058469e+01
  2.153440e+00   3.403666e+01   3.049831e+01
  2.155440e+00   5.789948e+01   3.059375e+01
  2.157440e+00   8.505902e+01   3.057063e+01
  2.159430e+00   2.305812e+01   3.050440e+01
  2.161430e+00   2.476201e+01   3.055417e+01
  2.163420e+00  -2.057102e+01   3.033968e+01
  2.165420e+00   6.830400e-01   3.057208e+01
  2.167420e+00  -2.208932e+01   3.042121e+01
  2.169410e+00   5.876935e+00   3.055771e+01
  2.171410e+00   3.611979e+01   3.077436e+01
  2.173400e+00  -1.369738e+01   3.037848e+01
  2.175400e+00   5.011384e+01   3.066800e+01
  2.177400e+00   3.953008e+01   3.058024e+01
  2.179390e+00   6.038928e+01   3.057505e+01
  2.181390e+00   1.304059e+02   3.088051e+01
  2.183380e+00   6.289538e+01   3.032094e+01
  2.185380e+00   5.679454e+01   3.076053e+01
  2.187380e+00   4.511550e+01   3.026411e+01
  2.189370e+00   1.248512e+02   3.073519e+01
  2.191370e+00   5.250722e+01   3.058845e+01
  2.193360e+00  -1.031390e+00   3.025373e+01
  2.195360e+00   2.734422e+01   3.067986e+01
  2.197360e+00   1.878997e+01   3.032611e+01
  2.199350e+00   4.434295e+00   3.043469e+01
  2.201350e+00   6.214599e+01   3.043263e+01
  2.203350e+00   4.602551e+01   3.028727e+01
  2.205340e+00   1.554730e+01   3.039991e+01
  2.207340e+00  -8.489290e+00   3.014774e+01
  2.209330e+00   6.674854e+01   3.034638e+01
  2.211330e+00   5.604130e+00   3.021229e+01
  2.213330e+00  -1.279855e+01   3.010257e+01
  2.215320e+00   4.493028e+01   3.035218e+01
  2.217320e+00   1.393219e+02   3.054654e+01
  2.219310e+00   4.376099e+01   3.027543e+01
  2.221310e+00  -5.304790e+00   3.010478e+01
  2.223310e+00   8.351859e+01   3.008219e+01
  2.225300e+00   1.257457e+01   3.017602e+01
  2.227300e+00  -5.789637e+00   3.041799e+01
  2.229290e+00   1.204119e+01   3.031717e+01
  2.231290e+00   3.175084e+01   3.024470e+01
  2.233290e+00   4.600408e+01   3.047536e+01
  2.235280e+00   1.173355e+02   3.048111e+01
  2.237280e+00  -4.826850e-01   3.026084e+01
  2.239270e+00   4.414580e+01   3.015337e+01
  2.241270e+00   3.919363e+01   3.039611e+01
  2.243270e+00   3.103226e+01   3.047244e+01
  2.245260e+00   6.961678e+01   2.999491e+01
  2.247260e+00   3.816295e+00   3.025550e+01
  2.249250e+00   2.115945e+01   3.010809e+01
  2.251250e+00   2.963371e+01   3.047281e+01
  2.253250e+00   5.584440e+01   3.035344e+01
  2.255240e+00  -5.107686e+00   3.006737e+01
  2.257240e+00   4.978856e+01   3.045555e+01
  2.259230e+00   4.514711e+01   3.022816e+01
  2.261230e+00   2.076760e+00   3.028177e+01
  2.263230e+00   1.685498e+01   3.028174e+01
  2.265220e+00   4.458491e+01   3.001639e+01
  2.267220e+00   3.575729e+01   3.017467e+01
  2.269210e+00   2.920747e+00   3.021668e+01
  2.271210e+00   2.400145e+01   3.019188e+01
  2.273210e+00   4.844865e+01   3.024444e+01
  2.275200e+00   7.087584e+01   3.030686e+01
  2.277200e+00   5.407565e+01   3.031930e+01
  2.279190e+00   6.400698e+01   3.033370e+01
  2.281190e+00   2.058443e+01   3.033708e+01
  2.283190e+00   7.809337e+01   3.031859e+01
  2.285180e+00   3.015931e+00   3.028035e+01
  2.287180e+00  -2.145533e+01   3.003557e+01
  2.289170e+00   5.564805e+01   3.025416e+01
  2.291170e+00   6.158947e+01   3.025083e+01
  2.293170e+00   1.110790e+00   3.025682e+01
  2.295160e+00   5.861183e+01   3.032157e+01
  2.297160e+00  -1.248132e+01   3.010063e+01
  2.299150e+00   3.870666e+01   3.014747e+01
  2.301150e+00   2.549718e+01   3.005927e+01
  2.303150e+00   2.990678e+01   3.041235e+01
  2.305140e+00   1.797520e+01   3.027927e+01
  2.307140e+00   3.711200e+01   3.011570e+01
  2.309130e+00   2.476128e+01   3.026506e+01
  2.311130e+00  -5.054840e+00   3.028041e+01
  2.313130e+00  -4.564000e-02   3.028170e+01
  2.315120e+00   9.173304e+01   3.030466e+01
  2.317120e+00   7.148832e+01   3.026687e+01
  2.319110e+00   6.337037e+01   3.028573e+01
  2.321110e+00   3.572207e+01   3.022735e+01
  2.323110e+00   5.307172e+01   3.019691e+01
  2.325100e+00  -1.924723e+01   3.003132e+01
  2.327100e+00   2.982718e+01   3.039518e+01
  2.329090e+00   3.119578e+01   3.026492e+01
  2.331090e+00   1.188841e+02   3.052223e+01
  2.333090e+00  -1.972785e+01   3.107028e+01
  2.335080e+00   7.885129e+01   3.145937e+01
  2.337080e+00   1.954596e+01   3.218397e+01
  2.339070e+00   4.319865e+01   3.206314e+01
  2.341070e+00   2.766747e+01   3.244907e+01
  2.343070e+00   7.966634e+01   3.297148e+01
  2.345060e+00   6.607767e+00   3.301536e+01
  2.347060e+00   7.613190e+01   3.326214e+01
  2.349050e+00   5.617032e+01   3.317116e+01
  2.351050e+00   5.783244e+01   3.354820e+01
  2.353050e+00   6.738967e+01   3.384965e+01
  2.355040e+00   8.491563e+01   3.405544e+01
  2.357040e+00   5.407600e+00   3.391112e+01
  2.359030e+00   1.054769e+02   3.435588e+01
  2.361030e+00   1.093261e+02   3.442806e+01
  2.363030e+00  -9.526140e+00   3.440589e+01
  2.365020e+00   4.287512e+01   3.456115e+01
  2.367020e+00   6.901385e+01   3.385985e+01
  2.369010e+00  -1.252361e+01   3.313606e+01
  2.371010e+00   4.404039e+01   3.294216e+01
  2.373010e+00  -3.446039e+01   3.251890e+01
  2.375000e+00   3.465969e+01   3.239846e+01
  2.377000e+00   9.605560e+01   3.266871e+01
  2.379000e+00   5.382292e+01   3.253198e+01
  2.380990e+00   2.907825e+01   3.230883e+01
  2.382990e+00   6.012233e+01   3.216135e+01
  2.384980e+00   6.246430e+01   3.201194e+01
  2.386980e+00   1.350059e+01   3.201024e+01
  2.388980e+00   6.970670e+01   3.214470e+01
  2.390970e+00   2.004949e+01   3.184773e+01
  2.392970e+00   3.538387e+01   3.186850e+01
  2.394960e+00   2.499041e+01   3.178928e+01
  2.396960e+00   3.289098e+00   3.189875e+01
  2.398960e+00   9.759325e+00   3.167387e+01
  2.400950e+00  -1.831266e+01   3.157138e+01
  2.402950e+00   1.586311e+01   3.177487e+01
  2.404940e+00   7.024249e+01   3.200703e+01
  2.406940e+00   2.529922e+01   3.148640e+01
  2.408940e+00   1.037290e+02   3.171180e+01
  2.410930e+00   1.689292e+01   3.150100e+01
  2.412930e+00   5.885112e+01   3.159293e+01
  2.414920e+00   9.403718e+01   3.159733e+01
  2.416920e+00   3.517751e+01   3.152120e+01
  2.418920e+00   3.535160e+00   3.146026e+01
  2.420910e+00   5.291300e+01   3.132805e+01
  2.422910e+00   1.738735e+00   3.122616e+01
  2.424900e+00   1.581016e+01   3.128068e+01
  2.426900e+00   7.618545e+01   3.132989e+01
  2.428900e+00   5.979409e+01   3.139230e+01
  2.430890e+00  -4.374777e+01   3.123952e+01
  2.432890e+00   9.687136e+01   3.134897e+01
  2.434880e+00   2.708873e+01   3.114928e+01
  2.436880e+00   7.198324e+01   3.123111e+01
  2.438880e+00   4.256139e+01   3.138916e+01
  2.440870e+00   5.101713e+01   3.083524e+01
  2.442870e+00   9.272650e-01   3.107550e+01
  2.444860e+00  -9.228815e+00   3.105556e+01
  2.446860e+00   4.510354e+01   3.117563e+01
  2.448860e+00  -2.378400e+01   3.102008e+01
  2.450850e+00  -2.457045e+01   3.081956e+01
  2.452850e+00   7.273322e+01   3.124514e+01
  2.454840e+00  -1.191071e+01   3.108425e+01
  2.456840e+00   1.994903e+01   3.126856e+01
  2.458840e+00  -2.616555e+00   3.102717e+01
  2.460830e+00   2.952237e+01   3.116307e+01
  2.462830e+00   4.792462e+01   3.124956e+01
  2.464820e+00  -6.445620e+00   3.102692e+01
  2.466820e+00   5.253236e+01   3.099155e+01
  2.468820e+00   3.645426e+01   3.117798e+01
  2.470810e+00   6.562430e+01   3.127712e+01
  2.472810e+00   8.943900e+00   3.115264e+01
  2.474800e+00   5.650009e+01   3.083475e+01
  2.476800e+00   2.317425e+01   3.104093e+01
  2.478800e+00   6.438220e+01   3.120158e+01
  2.480790e+00   3.626350e-01   3.088518e+01
  2.482790e+00   3.287998e+01   3.121661e+01
  2.484780e+00   7.939310e+01   3.085502e+01
  2.486780e+00   3.832991e+01   3.091501e+01
  2.488780e+00   1.112768e+01   3.105617e+01
  2.490770e+00  -2.892892e+01   3.104803e+01
  2.492770e+00   1.284816e+01   3.082429e+01
  2.494760e+00  -4.244620e+00   3.071310e+01
  2.496760e+00   6.803645e+01   3.108313e+01
  2.498760e+00   1.051838e+01   3.088424e+01
  2.500750e+00   9.271889e+01   3.085951e+01
  2.502750e+00   4.726823e+01   3.106757e+01
  2.504740e+00   5.019915e+00   3.063597e+01
  2.506740e+00   4.310943e+01   3.087238e+01
  2.508740e+00   6.184113e+01   3.081140e+01
  2.510730e+00   4.223324e+01   3.068700e+01
  2.512730e+00   6.835619e+01   3.078780e+01
  2.514720e+00   8.503863e+01   3.073125e+01
  2.516720e+00   1.471910e+00   3.063167e+01
  2.518720e+00   3.562696e+00   3.079485e+01
  2.520710e+00   2.946258e+01   3.062688e+01
  2.522710e+00   5.082129e+01   3.084263e+01
  2.524700e+00   8.610135e+01   3.069266e+01
  2.526700e+00   6.530491e+01   3.066552e+01
  2.528700e+00   1.763907e+01   3.070049e+01
  2.530690e+00   9.071307e+01   3.065935e+01
  2.532690e+00   3.464274e+01   3.068941e+01
  2.534680e+00   3.058193e+01   3.044351e+01
  2.536680e+00   5.032103e+01   3.064080e+01
  2.538680e+00   9.390576e+00   3.059676e+01
  2.540670e+00   6.704851e+01   3.069939e+01
  2.542670e+00   5.617010e+01   3.052006e+01
  2.544660e+00   7.344223e+01   3.061198e+01
  2.546660e+00  -1.447734e+01   3.050543e+01
  2.548660e+00   4.377285e+00   3.075883e+01
  2.550650e+00   3.815295e+01   3.042574e+01
  2.552650e+00   7.139412e+01   3.063548e+01
  2.554650e+00   1.027169e+01   3.057256e+01
  2.556640e+00  -1.928065e+01   3.036474e+01
  2.558640e+00   7.416828e+01   3.052943e+01
  2.560630e+00  -4.009000e+01   3.042379e+01
  2.562630e+00   7.370784e+01   3.073204e+01
  2.564630e+00   3.718090e+00   3.065390e+01
  2.566620e+00   7.680746e+01   3.049339e+01
  2.568620e+00   5.773032e+01   3.038546e+01
  2.570610e+00   6.380380e+01   3.055588e+01
  2.572610e+00   2.488723e+01   3.065402e+01
  2.574610e+00  -4.478525e+00   3.062888e+01
  2.576600e+00   1.685958e+01   3.046159e+01
  2.578600e+00   1.486309e+01   3.051958e+01
  2.580590e+00  -9.623430e-01   3.049529e+01
  2.582590e+00   2.040612e+01   3.045082e+01
  2.584590e+00   7.360768e+00   3.039837e+01
  2.586580e+00  -1.943821e+01   3.037325e+01
  2.588580e+00   3.749245e+01   3.057330e+01
  2.590570e+00  -1.849995e+01   3.057499e+01
  2.592570e+00   4.526393e+01   3.040284e+01
  2.594570e+00   2.839960e+01   3.043523e+01
  2.596560e+00   7.671841e+01   3.063742e+01
  2.598560e+00   2.379340e+01   3.060506e+01
  2.600550e+00   4.719606e+00   3.048079e+01
  2.602550e+00   5.125300e+01   3.038790e+01
  2.604550e+00   5.610885e+01   3.045082e+01
  2.606540e+00   1.049616e+01   3.024390e+01
  2.608540e+00  -3.435136e+01   3.033933e+01
  2.610530e+00   5.568940e+01   3.034919e+01
  2.612530e+00   2.947069e+01   3.044762e+01
  2.614530e+00   2.080206e+01   3.042518e+01
  2.616520e+00   5.663030e+01   3.037867e+01
  2.618520e+00   9.820461e+01   3.055291e+01
  2.620510e+00   7.328320e+00   3.030400e+01
  2.622510e+00   7.784418e+01   3.035841e+01
  2.624510e+00   3.828378e+01   3.051123e+01
  2.626500e+00  -2.717154e+01   3.038209e+01
  2.628500e+00   6.357608e+01   3.062275e+01
  2.630490e+00   2.677945e+00   3.009449e+01
  2.632490e+00   3.940879e+01   3.042355e+01
  2.634490e+00   3.484369e+01   3.043950e+01
  2.636480e+00   1.871159e+01   3.039858e+01
  2.638480e+00   2.228884e+01   3.048742e+01
  2.640470e+00  -6.087910e+00   3.040724e+01
  2.642470e+00   5.948240e+01   3.044476e+01
  2.644470e+00   1.378310e+01   3.033580e+01
  2.646460e+00   6.525122e+01   3.063453e+01
  2.648460e+00   2.773140e+01   3.036668e+01
  2.650450e+00   7.496349e+01   3.039243e+01
  2.652450e+00   9.782850e+00   3.019152e+01
  2.654450e+00   5.583747e+01   3.055271e+01
  2.656440e+00   4.095589e+01   3.030136e+01
  2.658440e+00   7.955629e+01   3.052671e+01
  2.660430e+00   2.928110e+01   3.024337e+01
  2.662430e+00   2.673680e+00   3.028194e+01
  2.664430e+00   1.068454e+01   3.035430e+01
  2.666420e+00   6.882165e+01   3.051261e+01
  2.668420e+00   3.475879e+01   3.037372e+01
  2.670410e+00   8.834472e+01   3.029698e+01
  2.672410e+00   5.607718e+01   3.055388e+01
  2.674410e+00   4.131611e+01   3.051834e+01
  2.676400e+00   1.921866e+01   3.041538e+01
  2.678400e+00   7.630585e+00   3.026413e+01
  2.680390e+00   3.566813e+01   3.056483e+01
  2.682390e+00   1.559020e+01   3.046928e+01
  2.684390e+00   4.819631e+01   3.044194e+01
  2.686380e+00   3.745729e+01   3.020824e+01
  2.688380e+00   2.711649e+01   3.021293e+01
  2.690370e+00   3.061116e+01   3.034107e+01
  2.692370e+00   5.761822e+01   3.033274e+01
  2.694370e+00   1.909074e+01   3.022127e+01
  2.696360e+00   2.070771e+01   3.019749e+01
  2.698360e+00  -6.337800e-01   3.033356e+01
  2.700350e+00   5.045645e+01   3.028531e+01
  2.702350e+00   7.811908e+00   3.011918e+01
  2.704350e+00   3.088361e+01   3.000041e+01
  2.706340e+00   1.986083e+01   3.009893e+01
  2.708340e+00   3.645088e+01   3.019474e+01
  2.710330e+00   3.014443e+01   3.008790e+01
  2.712330e+00   2.909771e+01   3.006226e+01
  2.714330e+00   3.369650e+00   3.000409e+01
  2.716320e+00   3.096013e+01   3.002370e+01
  2.718320e+00   2.942901e+01   2.995541e+01
  2.720310e+00   1.929545e+01   2.995840e+01
  2.722310e+00   5.390314e+01   3.001560e+01
  2.724310e+00  -9.251750e+00   3.012123e+01
  2.726300e+00  -1.827203e+01   3.017805e+01
  2.728300e+00   4.783678e+01   2.977724e+01
  2.730300e+00  -2.042735e+01   2.992815e+01
  2.732290e+00  -7.792755e+00   3.000599e+01
  2.734290e+00   2.104314e+01   2.988619e+01
  2.736280e+00   4.818694e+01   3.009946e+01
  2.738280e+00   4.101507e+01   2.989752e+01
  2.740280e+00   4.527676e+01   2.995818e+01
  2.742270e+00  -4.501537e+01   2.979171e+01
  2.744270e+00   4.410630e+00   2.984709e+01
  2.746260e+00   9.982055e+01   2.995527e+01
  2.748260e+00   5.105256e+00   2.992497e+01
  2.750260e+00   7.893768e+00   2.995824e+01
  2.752250e+00   3.983670e+01   2.997123e+01
  2.754250e+00   3.731775e+01   2.996058e+01
  2.756240e+00   3.513753e+01   3.104046e+01
  2.758240e+00   5.946737e+01   3.148808e+01
  2.760240e+00   2.767535e+01   3.198395e+01
  2.762230e+00   9.486029e+01   3.227502e+01
  2.764230e+00   7.458938e+01   3.257373e+01
  2.766220e+00  -2.906160e+00   3.293526e+01
  2.768220e+00   1.609330e+01   3.312395e+01
  2.770220e+00   5.767857e+01   3.328850e+01
  2.772210e+00   3.658646e+01   3.357738e+01
  2.774210e+00   4.337385e+00   3.384091e+01
  2.776200e+00   7.911991e+01   3.435963e+01
  2.778200e+00   9.785897e+00   3.422592e+01
  2.780200e+00   5.040032e+01   3.426997e+01
  2.782190e+00   1.860091e+01   3.492115e+01
  2.784190e+00   1.004036e+02   3.511842e+01
  2.786180e+00  -4.163180e+01   3.516151e+01
  2.788180e+00   9.346795e+01   3.517660e+01
  2.790180e+00   5.621910e+01   3.427140e+01
  2.792170e+00   3.600108e+01   3.383568e+01
  2.794170e+00   3.879212e+01   3.336146e+01
  2.796160e+00   1.030365e+02   3.313625e+01
  2.798160e+00   6.359400e+01   3.335070e+01
  2.800160e+00   1.021177e+02   3.295242e+01
  2.802150e+00  -2.111316e+01   3.274575e+01
  2.804150e+00  -4.421362e+01   3.228011e+01
  2.806140e+00   4.686711e+01   3.219046e+01
  2.808140e+00   1.037483e+02   3.267618e+01
  2.810140e+00  -1.077047e+01   3.219368e+01
  2.812130e+00   1.675205e+01   3.214792e+01
  2.814130e+00   2.466646e+01   3.205286e+01
  2.816120e+00  -3.060015e+00   3.203821e+01
  2.818120e+00  -3.460125e+01   3.207372e+01
  2.820120e+00   4.009179e+01   3.208698e+01
  2.822110e+00   1.295882e+01   3.195409e+01
  2.824110e+00   2.844393e+01   3.183111e+01
  2.826100e+00   5.578810e+01   3.175779e+01
  2.828100e+00   4.652466e+01   3.174012e+01
  2.830100e+00  -1.723274e+01   3.136194e+01
  2.832090e+00   5.549425e+01   3.174669e+01
  2.834090e+00   3.913912e+01   3.167298e+01
  2.836080e+00   8.521708e+01   3.192994e+01
  2.838080e+00  -4.972325e+00   3.126514e+01
  2.840080e+00   1.881402e+01   3.127956e+01
  2.842070e+00   2.603203e+01   3.156497e+01
  2.844070e+00   7.463442e+01   3.149168e+01
  2.846060e+00  -6.354610e+00   3.121669e+01
  2.848060e+00   2.534532e+01   3.128206e+01
  2.850060e+00   4.473879e+01   3.118041e+01
  2.852050e+00  -1.514687e+01   3.102266e+01
  2.854050e+00   8.254474e+00   3.106008e+01
  2.856040e+00   6.493871e+01   3.096976e+01
  2.858040e+00   2.048992e+01   3.108792e+01
  2.860040e+00   5.559182e+01   3.120720e+01
  2.862030e+00   6.109660e+01   3.107149e+01
  2.864030e+00   4.830554e+00   3.087082e+01
  2.866020e+00   2.148606e+01   3.077768e+01
  2.868020e+00   2.038696e+01   3.124173e+01
  2.870020e+00   1.698359e+01   3.108039e+01
  2.872010e+00   4.659982e+01   3.073531e+01
  2.874010e+00   3.629207e+01   3.083573e+01
  2.876000e+00   1.054480e+02   3.104915e+01
  2.878000e+00  -3.945820e+01   3.094686e+01
  2.880000e+00   8.207470e+00   3.089207e+01
  2.881990e+00   1.064117e+02   3.117025e+01
  2.883990e+00  -1.222146e+01   3.085317e+01
  2.885980e+00   6.207378e+01   3.091669e+01
  2.887980e+00   3.493359e+01   3.078096e+01
  2.889980e+00  -3.854075e+01   3.048504e+01
  2.891970e+00  -2.526035e+01   3.080932e+01
  2.893970e+00  -2.557757e+01   3.095253e+01
  2.895960e+00  -5.716000e+00   3.074816e+01
  2.897960e+00   3.235014e+01   3.070736e+01
  2.899960e+00   2.342106e+01   3.085046e+01
  2.901950e+00  -4.247693e+01   3.069507e+01
  2.903950e+00   3.700151e+01   3.086387e+01
  2.905950e+00  -1.200005e+01   3.049967e+01
  2.907940e+00  -1.928484e+01   3.067068e+01
  2.909940e+00   6.124803e+01   3.092986e+01
  2.911930e+00   7.868360e+00   3.099740e+01
  2.913930e+00  -2.145546e+01   3.047214e+01
  2.915930e+00   4.757668e+01   3.060789e+01
  2.917920e+00   3.239962e+01   3.067526e+01
  2.919920e+00   5.851325e+00   3.078686e+01
  2.921910e+00  -6.274233e+00   3.073312e+01
  2.923910e+00   3.333477e+01   3.066219e+01
  2.925910e+00   1.865299e+01   3.065790e+01
  2.927900e+00   8.384407e+01   3.070433e+01
  2.929900e+00   4.197675e+01   3.054949e+01
  2.931890e+00   6.038672e+01   3.062294e+01
  2.933890e+00   5.828025e+01   3.078494e+01
  2.935890e+00   7.065688e+01   3.077596e+01
  2.937880e+00  -1.590477e+01   3.071289e+01
  2.939880e+00   5.040808e+01   3.037871e+01
  2.941870e+00   5.088915e+01   3.075245e+01
  2.943870e+00   2.617750e+01   3.060698e+01
  2.945870e+00   5.575872e+01   3.076417e+01
  2.947860e+00   7.431159e+01   3.049582e+01
  2.949860e+00  -6.139465e+00   3.026857e+01
  2.951850e+00   2.519984e+01   3.056040e+01
  2.953850e+00  -6.394008e+00   3.054189e+01
  2.955850e+00   6.690075e+01   3.062924e+01
  2.957840e+00   3.239118e+01   3.039817e+01
  2.959840e+00  -3.050126e+01   3.064386e+01
  2.961830e+00   2.656009e+01   3.069171e+01
  2.963830e+00   4.871849e+01   3.044605e+01
  2.965830e+00   3.114543e+01   3.040306e+01
  2.967820e+00  -4.967517e+00   3.028767e+01
  2.969820e+00   7.805609e+01   3.052897e+01
  2.971810e+00   3.762145e+01   3.053414e+01
  2.973810e+00   5.953772e+01   3.055796e+01
  2.975810e+00   3.529234e+01   3.041701e+01
  2.977800e+00   2.641704e+01   3.047672e+01
  2.979800e+00  -1.242798e+01   3.068459e+01
  2.981790e+00   5.429268e+01   3.042012e+01
  2.983790e+00   2.864123e+01   3.038516e+01
  2.985790e+00  -8.766750e-01   3.041160e+01
  2.987780e+00   3.574516e+01   3.047830e+01
  2.989780e+00   7.961145e+01   3.046842e+01
  2.991770e+00   6.726225e+01   3.031788e+01
  2.993770e+00   8.182794e+00   3.027124e+01
  2.995770e+00  -3.405417e+01   3.047658e+01
  2.997760e+00   6.660403e+01   3.049048e+01
  2.999760e+00   7.151810e+01   3.029066e+01
  3.001750e+00   5.960348e+01   3.025409e+01
  3.003750e+00   3.636580e+01   3.040579e+01
  3.005750e+00   1.236835e+01   3.040547e+01
  3.007740e+00   6.584972e+01   3.044649e+01
  3.009740e+00  -3.183969e+01   3.027615e+01
  3.011730e+00   1.616321e+01   3.043336e+01
  3.013730e+00   4.109452e+01   3.038941e+01
  3.015730e+00   1.945615e+00   3.029110e+01
  3.017720e+00   4.369351e+01   3.033013e+01
  3.019720e+00  -8.531065e+00   3.058044e+01
  3.021710e+00  -1.296561e+01   3.037780e+01
  3.023710e+00  -5.972783e+01   3.019457e+01
  3.025710e+00   4.794489e+01   3.008770e+01
  3.027700e+00   6.651408e+01   3.033754e+01
  3.029700e+00   3.089055e+01   3.041838e+01
  3.031690e+00   1.705943e+01   3.051916e+01
  3.033690e+00  -8.248400e+00   3.001010e+01
  3.035690e+00   7.894387e+01   3.037208e+01
  3.037680e+00  -1.892505e+00   3.026086e+01
  3.039680e+00  -1.093270e+01   3.037596e+01
  3.041670e+00   5.764599e+01   3.035814e+01
  3.043670e+00   5.023359e+01   3.030607e+01
  3.045670e+00   1.360493e+01   3.028118e+01
  3.047660e+00  -2.605620e+00   3.017910e+01
  3.049660e+00   7.998279e+01   3.019133e+01
  3.051650e+00   2.773992e+01   3.023105e+01
  3.053650e+00   3.244430e+01   3.033844e+01
  3.055650e+00   6.181264e+01   3.051357e+01
  3.057640e+00  -7.356577e+00   3.040403e+01
  3.059640e+00   7.665011e+01   3.016625e+01
  3.061630e+00   8.072040e+01   3.023552e+01
  3.063630e+00   6.058312e+01   3.034314e+01
  3.065630e+00   4.168790e+01   3.027694e+01
  3.067620e+00   1.078108e+02   3.036579e+01
  3.069620e+00   5.849036e+01   3.029186e+01
  3.071610e+00   2.652575e+00   2.992124e+01
  3.073610e+00   9.131628e+00   3.000059e+01
  3.075610e+00   2.451487e+01   2.989468e+01
  3.077600e+00   1.059765e+00   3.005232e+01
  3.079600e+00   8.403325e+01   3.013417e+01
  3.081600e+00  -4.146207e+01   2.985576e+01
  3.083590e+00   4.890424e+01   2.981226e+01
  3.085590e+00   2.686178e+01   2.987960e+01
  3.087580e+00  -2.504868e+01   2.980156e+01
  3.089580e+00   2.101702e+01   2.995916e+01
  3.091580e+00  -1.560525e+01   2.964836e+01
  3.093570e+00   6.437860e+01   2.988341e+01
  3.095570e+00   2.374526e+01   2.977835e+01
  3.097560e+00   6.949582e+01   2.986324e+01
  3.099560e+00   3.515615e+01   2.974741e+01
  3.101560e+00   3.904053e+01   2.978324e+01
  3.103550e+00   2.237261e+01   2.996477e+01
  3.105550e+00   1.727693e+01   2.980442e+01
  3.107540e+00   5.047668e+01   2.982835e+01
  3.109540e+00   1.993850e+01   2.981987e+01
  3.111540e+00   6.329323e+00   2.956389e+01
  3.113530e+00   5.837599e+01   2.977258e+01
  3.115530e+00   6.883634e+01   2.976805e+01
  3.117520e+00   2.220847e+01   2.982598e+01
  3.119520e+00   6.269653e+01   2.980779e+01
  3.121520e+00   4.400534e+00   2.974876e+01
  3.123510e+00   5.853059e+01   2.981711e+01
  3.125510e+00   1.032421e+01   2.967209e+01
  3.127500e+00  -2.482307e+01   2.977547e+01
  3.129500e+00   5.619370e+00   2.962538e+01
  3.131500e+00   2.383814e+01   2.974345e+01
  3.133490e+00   3.240022e+01   2.964732e+01
  3.135490e+00  -1.967433e+01   2.944115e+01
  3.137480e+00   2.448954e+01   2.983775e+01
  3.139480e+00   2.151795e+01   2.977938e+01
  3.141480e+00   4.261174e+01   2.998774e+01
  3.143470e+00  -7.581850e-01   2.971619e+01
  3.145470e+00   6.098342e+01   2.988230e+01
  3.147460e+00  -4.577790e+00   2.965057e+01
  3.149460e+00   9.185232e+00   2.976268e+01
  3.151460e+00   9.879235e+00   2.981665e+01
  3.153450e+00   2.957259e+01   2.965063e+01
  3.155450e+00   8.418048e+00   2.979972e+01
  3.157440e+00   1.972887e+00   2.968960e+01
  3.159440e+00   4.865343e+01   2.959437e+01
  3.161440e+00   9.260931e-01   2.948285e+01
  3.163430e+00   1.312038e+01   2.973830e+01
  3.165430e+00   3.187535e+01   2.962661e+01
  3.167420e+00   3.295741e+01   2.951307e+01
  3.169420e+00  -2.635272e+01   2.943630e+01
  3.171420e+00   5.077759e+01   2.974515e+01
  3.173410e+00   1.486579e+01   2.967440e+01
  3.175410e+00   7.128893e+01   2.976198e+01
  3.177400e+00  -8.072445e+00   2.959989e+01
  3.179400e+00   4.055832e+01   3.052641e+01
  3.181400e+00   1.344461e+01   3.149946e+01
  3.183390e+00   1.608560e+01   3.170159e+01
  3.185390e+00   7.023046e+01   3.193729e+01
  3.187380e+00  -1.078387e+00   3.223038e+01
  3.189380e+00  -3.704443e+01   3.286680e+01
  3.191380e+00   4.791013e+01   3.315387e+01
  3.193370e+00  -2.268547e+01   3.321717e+01
  3.195370e+00   2.398134e+01   3.356337e+01
  3.197360e+00   8.285035e+01   3.376728e+01
  3.199360e+00  -1.108110e+00   3.410571e+01
  3.201360e+00   5.915962e+01   3.427223e+01
  3.203350e+00   5.182247e+01   3.430531e+01
  3.205350e+00  -1.226131e+01   3.442978e+01
  3.207340e+00   2.736754e+01   3.490173e+01
  3.209340e+00   4.211536e+01   3.506319e+01
  3.211340e+00   6.393966e+01   3.499015e+01
  3.213330e+00   8.150492e+01   3.530087e+01
  3.215330e+00   5.239099e+01   3.579075e+01
  3.217320e+00   7.039500e+01   3.588313e+01
  3.219320e+00   7.411262e+01   3.565744e+01
  3.221320e+00   1.258776e+01   3.577489e+01
  3.223310e+00   6.731197e+01   3.664868e+01
  3.225310e+00   4.942468e+01   3.682210e+01
  3.227300e+00   6.415830e+01   3.652910e+01
  3.229300e+00   2.385590e-01   3.696454e+01
  3.231300e+00   6.501656e+01   3.739313e+01
  3.233290e+00   3.310109e+01   3.756383e+01
  3.235290e+00   3.079237e+00   3.789618e+01
  3.237280e+00  -8.039077e+00   3.763647e+01
  3.239280e+00   7.335560e+01   3.831191e+01
  3.241280e+00   3.431134e+01   3.831942e+01
  3.243270e+00   2.950662e+01   3.843979e+01
  3.245270e+00   1.873765e+01   3.821201e+01
  3.247270e+00   3.855472e+01   3.892823e+01
  3.249260e+00   2.831912e+01   3.897161e+01
  3.251260e+00   3.339929e+01   3.950178e+01
  3.253250e+00  -1.423961e+01   3.937473e+01
  3.255250e+00  -3.785575e+01   3.972816e+01
  3.257250e+00   2.195254e+01   3.980586e+01
  3.259240e+00   4.209280e+01   4.028869e+01
  3.261240e+00   5.720375e+01   4.029016e+01
  3.263230e+00   4.871826e+01   4.064219e+01
  3.265230e+00   9.725390e+00   4.102390e+01
  3.267230e+00  -2.018832e+01   4.137648e+01
  3.269220e+00   6.573326e+01   4.154687e+01
  3.271220e+00   4.201265e+01   4.135759e+01
  3.273210e+00   2.814760e+01   4.161396e+01
  3.275210e+00   5.475220e+00   4.198038e+01
  3.277210e+00   4.096726e+01   4.241491e+01
  3.279200e+00   4.884153e+01   4.231562e+01
  3.281200e+00  -8.794400e+00   4.240560e+01
  3.283190e+00   2.451445e+00   4.295916e+01
  3.285190e+00   6.447201e+01   4.362270e+01
  3.287190e+00   1.382993e+01   4.345909e+01
  3.289180e+00   6.829350e+00   4.360217e+01
  3.291180e+00   2.764932e+01   4.428588e+01
  3.293170e+00   8.764675e+01   4.435321e+01
  3.295170e+00  -3.396703e+01   4.426380e+01
  3.297170e+00  -9.538700e-02   4.470935e+01
  3.299160e+00   5.055466e+01   4.536495e+01
  3.301160e+00  -3.300369e+01   4.555340e+01
  3.303150e+00   9.193125e+01   4.622145e+01
  3.305150e+00  -3.562680e+01   4.546332e+01
  3.307150e+00   1.541439e+01   4.589772e+01
  3.309140e+00  -3.466276e+01   4.656330e+01
  3.311140e+00  -2.563360e+01   4.681959e+01
  3.313130e+00  -4.232447e+00   4.652966e+01
  3.315130e+00  -1.059107e+01   4.762135e+01
  3.317130e+00  -3.493129e+01   4.763956e+01
  3.319120e+00   4.851287e+01   4.828260e+01
  3.321120e+00   7.878253e+01   4.825329e+01
  3.323110e+00   4.301810e+01   4.880068e+01
  3.325110e+00  -1.637815e+01   4.903017e+01
  3.327110e+00   6.633205e+01   4.971019e+01
  3.329100e+00  -2.341366e+01   4.922242e+01
  3.331100e+00   1.055712e+02   4.973877e+01
  3.333090e+00  -2.636030e+00   5.027021e+01
  3.335090e+00   3.656370e+01   5.058743e+01
  3.337090e+00   3.893270e+01   5.121970e+01
  3.339080e+00   6.244339e+01   5.162100e+01
  3.341080e+00   3.366981e+01   5.188785e+01
  3.343070e+00  -4.110117e+01   5.268721e+01
  3.345070e+00  -2.754825e+00   5.273522e+01
  3.347070e+00  -9.820835e+00   5.262553e+01
  3.349060e+00  -3.319393e+01   5.304532e+01
  3.351060e+00   1.749174e+02   5.408838e+01
  3.353050e+00   1.569832e+01   5.493623e+01
  3.355050e+00   2.711942e+01   5.419789e+01
  3.357050e+00  -7.214080e+01   5.436585e+01
  3.359040e+00   3.716072e+01   5.549235e+01
  3.361040e+00   1.569548e+01   5.559241e+01
  3.363030e+00   8.558542e+01   5.642869e+01
  3.365030e+00   9.101935e+00   5.684883e+01
  3.367030e+00  -4.242887e+01   5.651662e+01
  3.369020e+00  -2.042940e+01   5.821794e+01
  3.371020e+00   1.300166e+02   5.790774e+01
  3.373010e+00  -6.265350e+01   5.791929e+01
  3.375010e+00   5.044351e+01   5.912927e+01
  3.377010e+00  -1.240829e+01   5.983527e+01
  3.379000e+00   1.760571e+01   6.025410e+01
  3.381000e+00   5.615947e+01   6.019606e+01
  3.382990e+00  -1.216127e+01   6.139469e+01
  3.384990e+00   3.725751e+01   6.136089e+01
  3.386990e+00   9.700645e+01   6.299700e+01
  3.388980e+00  -3.834510e+01   6.173104e+01
  3.390980e+00   6.101147e+01   6.404147e+01
  3.392970e+00   1.250534e+01   6.447886e+01
  3.394970e+00   2.691006e+01   6.612505e+01
  3.396970e+00  -1.093648e+02   6.551308e+01
  3.398960e+00   2.483450e+01   6.663714e+01
  3.400960e+00  -2.903232e+00   6.836928e+01
  3.402950e+00   1.804268e+01   7.031569e+01
  3.404950e+00   9.984345e+01   6.975239e+01
  3.406950e+00   5.441949e+01   7.096745e+01
  3.408940e+00   1.404480e+02   7.309909e+01
  3.410940e+00  -4.737962e+01   7.392915e+01
  3.412930e+00  -2.675215e+00   7.643576e+01
  3.414930e+00  -1.426959e+01   7.564307e+01
  3.416930e+00  -1.109221e+01   7.907726e+01
  3.418920e+00  -1.446089e+02   7.994935e+01
  3.420920e+00   5.286905e+01   8.280987e+01
  3.422920e+00  -1.937960e+01   8.137186e+01
  3.424910e+00  -4.406432e+01   8.326141e+01
  3.426910e+00   1.487402e+02   8.556108e+01
  3.428900e+00   1.135793e+02   8.687778e+01
  3.430900e+00  -2.532247e+01   8.373854e+01
  3.432900e+00  -6.791325e+00   8.675303e+01
  3.434890e+00   1.327746e+02   8.804283e+01
  3.436890e+00  -1.380776e+02   8.847092e+01
  3.438880e+00   9.433133e+01   8.908795e+01
  3.440880e+00   3.517862e+01   8.882846e+01
  3.442880e+00  -2.868621e+01   8.966157e+01
  3.444870e+00   8.191478e+01   9.149219e+01
  3.446870e+00   7.340975e+01   9.436566e+01
  3.448860e+00  -4.514908e+01   9.144658e+01
  3.450860e+00  -2.109929e+01   9.542854e+01
  3.452860e+00  -7.484753e+01   1.009293e+02
  3.454850e+00   4.339840e+01   1.035706e+02
  3.456850e+00   1.698512e+02   9.774343e+01
  3.458840e+00  -2.196596e+01   1.025695e+02
  3.460840e+00  -2.088910e+01   1.081172e+02
  3.462840e+00  -5.946758e+01   1.079616e+02
  3.464830e+00   1.308884e+02   1.054935e+02
  3.466830e+00   9.514957e+01   1.134408e+02
  3.468820e+00   1.001313e+02   1.182181e+02
  3.470820e+00   2.786980e+02   1.204417e+02
  3.472820e+00  -2.010633e+02   1.224081e+02
  3.474810e+00   5.039791e+01   1.278560e+02
  3.476810e+00  -1.320799e+02   1.308678e+02
  3.478800e+00   1.532509e+02   1.410481e+02
  3.480800e+00  -5.296957e+01   1.474899e+02
  3.482800e+00  -1.825111e+02   1.519745e+02
  3.484790e+00  -8.470095e+01   1.594678e+02
  3.486790e+00   1.006815e+02   1.625364e+02
  3.488780e+00   2.275438e+01   1.772712e+02
  3.490780e+00   7.390993e+01   1.930920e+02
  3.492780e+00   3.501899e+01   2.140459e+02
  3.494770e+00   1.479940e+02   2.284947e+02
  3.496770e+00  -3.832533e+02   2.878030e+02
Parent(s): /tmp/qt_temp.S22813 /tmp/qt_temp.n22813
creator: dataver
creator-version: v0.2 (r3664)
parent: /tmp/qt_temp.n22813
