 22-Oct-2005       (fran2_072.dat - 0.970 *fran2_071.dat) /  2.0000           
fran2_072.da  Conc = .20E+01  Mult = .10E+01  N1 =    1  N2 = 2127  SCALE =  1
 an2_071.dat  Conc = .10E+01  Mult = .97E+00  N1 =    1  N2 = 2127  SCALE =  1
  0.729669E-01 -0.927650E+06  0.812353E+06
  0.752166E-01 -0.510685E+06  0.578419E+06
  0.774663E-01 -0.127400E+07  0.435421E+06
  0.797160E-01  0.689700E+05  0.361076E+06
  0.819657E-01  0.607735E+06  0.301148E+06
  0.842154E-01  0.238530E+06  0.281239E+06
  0.864651E-01  0.112964E+07  0.252891E+06
  0.887148E-01  0.113876E+07  0.220098E+06
  0.909645E-01  0.113666E+07  0.198900E+06
  0.932142E-01  0.739965E+06  0.181254E+06
  0.954639E-01  0.903060E+06  0.169082E+06
  0.977136E-01  0.991220E+06  0.156654E+06
  0.999633E-01  0.942135E+06  0.141431E+06
  0.102213E+00  0.106021E+07  0.130921E+06
  0.104463E+00  0.942495E+06  0.126877E+06
  0.106712E+00  0.885355E+06  0.112959E+06
  0.108962E+00  0.103418E+07  0.108004E+06
  0.111212E+00  0.110892E+07  0.100996E+06
  0.113461E+00  0.102763E+07  0.943785E+05
  0.115711E+00  0.110661E+07  0.939771E+05
  0.117961E+00  0.123409E+07  0.829098E+05
  0.120211E+00  0.106974E+07  0.801670E+05
  0.122460E+00  0.105657E+07  0.721475E+05
  0.124710E+00  0.115572E+07  0.686079E+05
  0.126960E+00  0.104074E+07  0.631058E+05
  0.129209E+00  0.101798E+07  0.568026E+05
  0.131459E+00  0.117121E+07  0.559910E+05
  0.133709E+00  0.109562E+07  0.518604E+05
  0.135958E+00  0.966994E+06  0.507816E+05
  0.138208E+00  0.905800E+06  0.482904E+05
  0.140458E+00  0.105583E+07  0.452777E+05
  0.142708E+00  0.109259E+07  0.430809E+05
  0.144957E+00  0.108531E+07  0.398307E+05
  0.147207E+00  0.111089E+07  0.390656E+05
  0.149457E+00  0.114017E+07  0.369261E+05
  0.151706E+00  0.102450E+07  0.362391E+05
  0.153956E+00  0.105188E+07  0.355181E+05
  0.156206E+00  0.102604E+07  0.332221E+05
  0.158455E+00  0.104103E+07  0.328428E+05
  0.160705E+00  0.983346E+06  0.313379E+05
  0.162955E+00  0.895452E+06  0.309573E+05
  0.165205E+00  0.980885E+06  0.297326E+05
  0.167454E+00  0.103036E+07  0.281915E+05
  0.169704E+00  0.102027E+07  0.284601E+05
  0.171954E+00  0.102588E+07  0.270432E+05
  0.174203E+00  0.102003E+07  0.264933E+05
  0.176453E+00  0.104532E+07  0.254784E+05
  0.178703E+00  0.965844E+06  0.246714E+05
  0.180952E+00  0.100896E+07  0.247838E+05
  0.183202E+00  0.949396E+06  0.234011E+05
  0.185452E+00  0.986912E+06  0.232072E+05
  0.187701E+00  0.961886E+06  0.223270E+05
  0.189951E+00  0.943060E+06  0.219640E+05
  0.192201E+00  0.902525E+06  0.218019E+05
  0.194451E+00  0.903231E+06  0.205421E+05
  0.196700E+00  0.929390E+06  0.205810E+05
  0.198950E+00  0.951262E+06  0.199941E+05
  0.201200E+00  0.948317E+06  0.197120E+05
  0.203449E+00  0.999551E+06  0.191475E+05
  0.205699E+00  0.984260E+06  0.183297E+05
  0.207949E+00  0.100590E+07  0.185849E+05
  0.210198E+00  0.959450E+06  0.179792E+05
  0.212448E+00  0.961062E+06  0.177197E+05
  0.214698E+00  0.952520E+06  0.171565E+05
  0.216948E+00  0.930472E+06  0.168554E+05
  0.219197E+00  0.903090E+06  0.168349E+05
  0.221447E+00  0.908656E+06  0.162371E+05
  0.223697E+00  0.960837E+06  0.161088E+05
  0.225946E+00  0.952499E+06  0.155702E+05
  0.228196E+00  0.945100E+06  0.155931E+05
  0.230446E+00  0.936008E+06  0.153851E+05
  0.232695E+00  0.925383E+06  0.147716E+05
  0.234945E+00  0.879730E+06  0.147992E+05
  0.237195E+00  0.913462E+06  0.143367E+05
  0.239445E+00  0.904762E+06  0.144432E+05
  0.241694E+00  0.912827E+06  0.139822E+05
  0.243944E+00  0.902013E+06  0.136434E+05
  0.246194E+00  0.891414E+06  0.138029E+05
  0.248443E+00  0.876668E+06  0.132478E+05
  0.250693E+00  0.908466E+06  0.132910E+05
  0.252943E+00  0.901620E+06  0.128534E+05
  0.255192E+00  0.901050E+06  0.128709E+05
  0.257442E+00  0.887179E+06  0.128400E+05
  0.259692E+00  0.885538E+06  0.123676E+05
  0.261942E+00  0.888055E+06  0.123359E+05
  0.264191E+00  0.898714E+06  0.120869E+05
  0.266441E+00  0.901017E+06  0.121316E+05
  0.268691E+00  0.885593E+06  0.119756E+05
  0.270940E+00  0.882775E+06  0.115824E+05
  0.273190E+00  0.873872E+06  0.115742E+05
  0.275440E+00  0.877751E+06  0.114068E+05
  0.277689E+00  0.890078E+06  0.116405E+05
  0.279939E+00  0.877929E+06  0.113872E+05
  0.282189E+00  0.868113E+06  0.112600E+05
  0.284439E+00  0.851273E+06  0.113735E+05
  0.286688E+00  0.857597E+06  0.111935E+05
  0.288938E+00  0.845982E+06  0.112353E+05
  0.291188E+00  0.849051E+06  0.110192E+05
  0.293437E+00  0.850372E+06  0.111499E+05
  0.295687E+00  0.865894E+06  0.110699E+05
  0.297937E+00  0.829532E+06  0.108393E+05
  0.300186E+00  0.837990E+06  0.109257E+05
  0.302436E+00  0.827471E+06  0.106427E+05
  0.304686E+00  0.801602E+06  0.107796E+05
  0.306935E+00  0.827052E+06  0.106775E+05
  0.309185E+00  0.826470E+06  0.105100E+05
  0.311435E+00  0.825025E+06  0.105398E+05
  0.313685E+00  0.818293E+06  0.103421E+05
  0.315934E+00  0.824246E+06  0.104940E+05
  0.318184E+00  0.824726E+06  0.102667E+05
  0.320434E+00  0.814398E+06  0.102096E+05
  0.322683E+00  0.806660E+06  0.103204E+05
  0.324933E+00  0.804296E+06  0.100605E+05
  0.327183E+00  0.800413E+06  0.101094E+05
  0.329432E+00  0.762555E+06  0.987972E+04
  0.331682E+00  0.786064E+06  0.996584E+04
  0.333932E+00  0.783993E+06  0.100178E+05
  0.336182E+00  0.796580E+06  0.978795E+04
  0.338431E+00  0.773247E+06  0.980415E+04
  0.340681E+00  0.786268E+06  0.960155E+04
  0.342931E+00  0.786471E+06  0.976804E+04
  0.345180E+00  0.783239E+06  0.956458E+04
  0.347430E+00  0.797635E+06  0.957227E+04
  0.349680E+00  0.774356E+06  0.958347E+04
  0.351929E+00  0.751668E+06  0.941999E+04
  0.354179E+00  0.749347E+06  0.951791E+04
  0.356429E+00  0.767854E+06  0.929472E+04
  0.358679E+00  0.771184E+06  0.928513E+04
  0.360928E+00  0.752412E+06  0.934296E+04
  0.363178E+00  0.751513E+06  0.922806E+04
  0.365428E+00  0.750020E+06  0.919067E+04
  0.367677E+00  0.730191E+06  0.903902E+04
  0.369927E+00  0.745205E+06  0.913721E+04
  0.372177E+00  0.748050E+06  0.909381E+04
  0.374426E+00  0.749144E+06  0.908495E+04
  0.376676E+00  0.763098E+06  0.900755E+04
  0.378926E+00  0.759031E+06  0.884903E+04
  0.381176E+00  0.723414E+06  0.894155E+04
  0.383425E+00  0.725261E+06  0.884994E+04
  0.385675E+00  0.729694E+06  0.880121E+04
  0.387925E+00  0.706650E+06  0.874908E+04
  0.390174E+00  0.701258E+06  0.870712E+04
  0.392424E+00  0.713850E+06  0.880402E+04
  0.394674E+00  0.724672E+06  0.859104E+04
  0.396923E+00  0.708610E+06  0.865445E+04
  0.399173E+00  0.711201E+06  0.864543E+04
  0.401423E+00  0.705531E+06  0.856018E+04
  0.403673E+00  0.703674E+06  0.853525E+04
  0.405922E+00  0.695045E+06  0.841011E+04
  0.408172E+00  0.683670E+06  0.847957E+04
  0.410422E+00  0.708663E+06  0.839722E+04
  0.412671E+00  0.729334E+06  0.841147E+04
  0.414921E+00  0.698011E+06  0.837884E+04
  0.417171E+00  0.691977E+06  0.827164E+04
  0.419420E+00  0.685429E+06  0.835569E+04
  0.421670E+00  0.664752E+06  0.824693E+04
  0.423920E+00  0.663453E+06  0.821228E+04
  0.426169E+00  0.671005E+06  0.817933E+04
  0.428419E+00  0.677852E+06  0.814357E+04
  0.430669E+00  0.683479E+06  0.817626E+04
  0.432919E+00  0.685454E+06  0.809969E+04
  0.435168E+00  0.658381E+06  0.804403E+04
  0.437418E+00  0.670770E+06  0.807416E+04
  0.439668E+00  0.667103E+06  0.803456E+04
  0.441917E+00  0.657576E+06  0.797146E+04
  0.444167E+00  0.652517E+06  0.784179E+04
  0.446417E+00  0.635683E+06  0.797948E+04
  0.448666E+00  0.641831E+06  0.792424E+04
  0.450916E+00  0.630209E+06  0.785326E+04
  0.453166E+00  0.641197E+06  0.786073E+04
  0.455416E+00  0.636390E+06  0.777870E+04
  0.457665E+00  0.634174E+06  0.788722E+04
  0.459915E+00  0.628734E+06  0.771213E+04
  0.462165E+00  0.614060E+06  0.774998E+04
  0.464414E+00  0.609136E+06  0.771578E+04
  0.466664E+00  0.619742E+06  0.769939E+04
  0.468914E+00  0.603407E+06  0.775024E+04
  0.471163E+00  0.610492E+06  0.758336E+04
  0.473413E+00  0.610805E+06  0.760040E+04
  0.475663E+00  0.604856E+06  0.756951E+04
  0.477913E+00  0.591328E+06  0.758590E+04
  0.480162E+00  0.593422E+06  0.760592E+04
  0.482412E+00  0.580676E+06  0.746654E+04
  0.484662E+00  0.596501E+06  0.754229E+04
  0.486911E+00  0.580910E+06  0.746074E+04
  0.489161E+00  0.589593E+06  0.746725E+04
  0.491411E+00  0.601125E+06  0.741114E+04
  0.493660E+00  0.607241E+06  0.736891E+04
  0.495910E+00  0.580280E+06  0.745296E+04
  0.498160E+00  0.578228E+06  0.729894E+04
  0.500410E+00  0.575324E+06  0.731424E+04
  0.502659E+00  0.571122E+06  0.732169E+04
  0.504909E+00  0.576475E+06  0.731089E+04
  0.507159E+00  0.578157E+06  0.734481E+04
  0.509408E+00  0.577151E+06  0.725480E+04
  0.511658E+00  0.568838E+06  0.720928E+04
  0.513908E+00  0.563902E+06  0.722570E+04
  0.516157E+00  0.557092E+06  0.724267E+04
  0.518407E+00  0.549497E+06  0.718711E+04
  0.520657E+00  0.544960E+06  0.711430E+04
  0.522907E+00  0.545799E+06  0.713425E+04
  0.525156E+00  0.541385E+06  0.710288E+04
  0.527406E+00  0.541589E+06  0.710472E+04
  0.529656E+00  0.550467E+06  0.705365E+04
  0.531905E+00  0.539515E+06  0.705095E+04
  0.534155E+00  0.535962E+06  0.707352E+04
  0.536405E+00  0.547434E+06  0.700326E+04
  0.538654E+00  0.528728E+06  0.700026E+04
  0.540904E+00  0.526850E+06  0.697324E+04
  0.543154E+00  0.527435E+06  0.700011E+04
  0.545404E+00  0.518622E+06  0.700092E+04
  0.547653E+00  0.507537E+06  0.686195E+04
  0.549903E+00  0.497398E+06  0.691528E+04
  0.552153E+00  0.500569E+06  0.685715E+04
  0.554402E+00  0.495081E+06  0.690323E+04
  0.556652E+00  0.496518E+06  0.685531E+04
  0.558902E+00  0.505752E+06  0.681175E+04
  0.561151E+00  0.509555E+06  0.686430E+04
  0.563401E+00  0.486736E+06  0.675481E+04
  0.565651E+00  0.494270E+06  0.681344E+04
  0.567900E+00  0.495358E+06  0.671301E+04
  0.570150E+00  0.496053E+06  0.675364E+04
  0.572400E+00  0.501044E+06  0.679331E+04
  0.574650E+00  0.488363E+06  0.668695E+04
  0.576899E+00  0.482473E+06  0.673972E+04
  0.579149E+00  0.485719E+06  0.661719E+04
  0.581399E+00  0.482174E+06  0.669369E+04
  0.583648E+00  0.464521E+06  0.668101E+04
  0.585898E+00  0.465586E+06  0.662307E+04
  0.588148E+00  0.459840E+06  0.666723E+04
  0.590397E+00  0.465792E+06  0.657597E+04
  0.592647E+00  0.472611E+06  0.660262E+04
  0.594897E+00  0.460735E+06  0.655660E+04
  0.597147E+00  0.444428E+06  0.653869E+04
  0.599396E+00  0.451167E+06  0.663191E+04
  0.601646E+00  0.457549E+06  0.649525E+04
  0.603896E+00  0.458556E+06  0.656693E+04
  0.606145E+00  0.450675E+06  0.644469E+04
  0.608395E+00  0.442694E+06  0.649018E+04
  0.610645E+00  0.432298E+06  0.652084E+04
  0.612894E+00  0.427941E+06  0.643698E+04
  0.615144E+00  0.442523E+06  0.647688E+04
  0.617394E+00  0.427684E+06  0.640953E+04
  0.619644E+00  0.436108E+06  0.645566E+04
  0.621893E+00  0.432170E+06  0.643769E+04
  0.624143E+00  0.424596E+06  0.634378E+04
  0.626393E+00  0.426164E+06  0.641157E+04
  0.628642E+00  0.433331E+06  0.633598E+04
  0.630892E+00  0.431213E+06  0.638210E+04
  0.633142E+00  0.404504E+06  0.633100E+04
  0.635391E+00  0.402769E+06  0.627308E+04
  0.637641E+00  0.412112E+06  0.636205E+04
  0.639891E+00  0.405909E+06  0.629951E+04
  0.642141E+00  0.393116E+06  0.630187E+04
  0.644390E+00  0.410176E+06  0.624566E+04
  0.646640E+00  0.396968E+06  0.625862E+04
  0.648890E+00  0.397840E+06  0.629040E+04
  0.651139E+00  0.392464E+06  0.619421E+04
  0.653389E+00  0.397468E+06  0.621833E+04
  0.655639E+00  0.391558E+06  0.620261E+04
  0.657888E+00  0.402300E+06  0.621544E+04
  0.660138E+00  0.384226E+06  0.620473E+04
  0.662388E+00  0.385789E+06  0.612840E+04
  0.664638E+00  0.383213E+06  0.614251E+04
  0.666887E+00  0.372682E+06  0.614617E+04
  0.669137E+00  0.372030E+06  0.617134E+04
  0.671387E+00  0.372118E+06  0.613031E+04
  0.673636E+00  0.365706E+06  0.610047E+04
  0.675886E+00  0.358517E+06  0.609662E+04
  0.678136E+00  0.366995E+06  0.606238E+04
  0.680385E+00  0.358892E+06  0.609266E+04
  0.682635E+00  0.350882E+06  0.604435E+04
  0.684885E+00  0.359117E+06  0.604157E+04
  0.687134E+00  0.359184E+06  0.605059E+04
  0.689384E+00  0.350754E+06  0.601952E+04
  0.691634E+00  0.346612E+06  0.600152E+04
  0.693884E+00  0.353531E+06  0.597567E+04
  0.696133E+00  0.336569E+06  0.603866E+04
  0.698383E+00  0.341631E+06  0.594665E+04
  0.700633E+00  0.338092E+06  0.593336E+04
  0.702882E+00  0.328031E+06  0.595004E+04
  0.705132E+00  0.344181E+06  0.594031E+04
  0.707382E+00  0.336855E+06  0.596922E+04
  0.709631E+00  0.341543E+06  0.590221E+04
  0.711881E+00  0.343466E+06  0.593251E+04
  0.714131E+00  0.344526E+06  0.593602E+04
  0.716381E+00  0.338280E+06  0.587255E+04
  0.718630E+00  0.335954E+06  0.591956E+04
  0.720880E+00  0.325942E+06  0.580740E+04
  0.723130E+00  0.312912E+06  0.589099E+04
  0.725379E+00  0.323610E+06  0.587399E+04
  0.727629E+00  0.305764E+06  0.581542E+04
  0.729879E+00  0.297948E+06  0.584495E+04
  0.732128E+00  0.304011E+06  0.578712E+04
  0.734378E+00  0.299028E+06  0.586450E+04
  0.736628E+00  0.294007E+06  0.578193E+04
  0.738878E+00  0.303163E+06  0.579067E+04
  0.741127E+00  0.308304E+06  0.579762E+04
  0.743377E+00  0.306078E+06  0.575894E+04
  0.745627E+00  0.298885E+06  0.578915E+04
  0.747876E+00  0.291345E+06  0.570438E+04
  0.750126E+00  0.293293E+06  0.572748E+04
  0.752376E+00  0.293343E+06  0.573178E+04
  0.754625E+00  0.297591E+06  0.572660E+04
  0.756875E+00  0.292014E+06  0.573336E+04
  0.759125E+00  0.296682E+06  0.565270E+04
  0.761375E+00  0.299428E+06  0.571283E+04
  0.763624E+00  0.275272E+06  0.569148E+04
  0.765874E+00  0.268436E+06  0.568021E+04
  0.768124E+00  0.262452E+06  0.566225E+04
  0.770373E+00  0.276956E+06  0.563131E+04
  0.772623E+00  0.272022E+06  0.566813E+04
  0.774873E+00  0.273354E+06  0.560991E+04
  0.777122E+00  0.277535E+06  0.563499E+04
  0.779372E+00  0.261651E+06  0.564288E+04
  0.781622E+00  0.261894E+06  0.559066E+04
  0.783872E+00  0.261205E+06  0.562512E+04
  0.786121E+00  0.264055E+06  0.554468E+04
  0.788371E+00  0.265723E+06  0.557757E+04
  0.790621E+00  0.280771E+06  0.557945E+04
  0.792870E+00  0.276170E+06  0.557568E+04
  0.795120E+00  0.262970E+06  0.556795E+04
  0.797370E+00  0.258050E+06  0.551794E+04
  0.799619E+00  0.256316E+06  0.556330E+04
  0.801869E+00  0.248154E+06  0.553688E+04
  0.804119E+00  0.249343E+06  0.551964E+04
  0.806368E+00  0.258078E+06  0.553120E+04
  0.808618E+00  0.254434E+06  0.548892E+04
  0.810868E+00  0.257271E+06  0.553383E+04
  0.813118E+00  0.249537E+06  0.545632E+04
  0.815367E+00  0.251423E+06  0.547696E+04
  0.817617E+00  0.242748E+06  0.546871E+04
  0.819867E+00  0.245369E+06  0.546654E+04
  0.822116E+00  0.249918E+06  0.551422E+04
  0.824366E+00  0.225504E+06  0.540342E+04
  0.826616E+00  0.223804E+06  0.546277E+04
  0.828865E+00  0.229995E+06  0.540084E+04
  0.831115E+00  0.228678E+06  0.542967E+04
  0.833365E+00  0.220648E+06  0.542304E+04
  0.835615E+00  0.237521E+06  0.539364E+04
  0.837864E+00  0.232763E+06  0.543993E+04
  0.840114E+00  0.227253E+06  0.537478E+04
  0.842364E+00  0.219809E+06  0.540979E+04
  0.844613E+00  0.231294E+06  0.536192E+04
  0.846863E+00  0.222437E+06  0.535842E+04
  0.849113E+00  0.220396E+06  0.542020E+04
  0.851362E+00  0.212937E+06  0.530668E+04
  0.853612E+00  0.211878E+06  0.536438E+04
  0.855862E+00  0.214900E+06  0.532227E+04
  0.858112E+00  0.202022E+06  0.533452E+04
  0.860361E+00  0.212581E+06  0.535406E+04
  0.862611E+00  0.209091E+06  0.528466E+04
  0.864861E+00  0.223465E+06  0.534897E+04
  0.867110E+00  0.218712E+06  0.529124E+04
  0.869360E+00  0.209727E+06  0.530331E+04
  0.871610E+00  0.197133E+06  0.530226E+04
  0.873859E+00  0.203742E+06  0.523924E+04
  0.876109E+00  0.211000E+06  0.530273E+04
  0.878359E+00  0.213122E+06  0.525505E+04
  0.880609E+00  0.219836E+06  0.525168E+04
  0.882858E+00  0.194497E+06  0.525323E+04
  0.885108E+00  0.185498E+06  0.523531E+04
  0.887358E+00  0.185800E+06  0.528639E+04
  0.889607E+00  0.196009E+06  0.521479E+04
  0.891857E+00  0.201294E+06  0.522325E+04
  0.894107E+00  0.201534E+06  0.522326E+04
  0.896356E+00  0.200197E+06  0.524140E+04
  0.898606E+00  0.195973E+06  0.521724E+04
  0.900856E+00  0.185768E+06  0.516947E+04
  0.903106E+00  0.183012E+06  0.520707E+04
  0.905355E+00  0.182798E+06  0.518514E+04
  0.907605E+00  0.174684E+06  0.520255E+04
  0.909855E+00  0.188068E+06  0.517082E+04
  0.912104E+00  0.194618E+06  0.513345E+04
  0.914354E+00  0.173712E+06  0.517263E+04
  0.916604E+00  0.171102E+06  0.514277E+04
  0.918853E+00  0.172797E+06  0.515895E+04
  0.921103E+00  0.172814E+06  0.510854E+04
  0.923353E+00  0.172600E+06  0.514796E+04
  0.925603E+00  0.179963E+06  0.514413E+04
  0.927852E+00  0.166020E+06  0.510160E+04
  0.930102E+00  0.172829E+06  0.513173E+04
  0.932352E+00  0.173132E+06  0.506735E+04
  0.934601E+00  0.160076E+06  0.513307E+04
  0.936851E+00  0.160824E+06  0.509987E+04
  0.939101E+00  0.163999E+06  0.506911E+04
  0.941350E+00  0.148126E+06  0.510163E+04
  0.943600E+00  0.144561E+06  0.506058E+04
  0.945850E+00  0.141941E+06  0.511226E+04
  0.948099E+00  0.149538E+06  0.504845E+04
  0.950349E+00  0.155299E+06  0.504711E+04
  0.952599E+00  0.158539E+06  0.505963E+04
  0.954849E+00  0.159624E+06  0.503386E+04
  0.957098E+00  0.151721E+06  0.507284E+04
  0.959348E+00  0.140666E+06  0.500207E+04
  0.961598E+00  0.154984E+06  0.504349E+04
  0.963847E+00  0.148133E+06  0.504276E+04
  0.966097E+00  0.143933E+06  0.499245E+04
  0.968347E+00  0.143468E+06  0.502645E+04
  0.970596E+00  0.130704E+06  0.498715E+04
  0.972846E+00  0.140146E+06  0.503209E+04
  0.975096E+00  0.143796E+06  0.498895E+04
  0.977346E+00  0.138336E+06  0.497239E+04
  0.979595E+00  0.129140E+06  0.499432E+04
  0.981845E+00  0.136702E+06  0.496364E+04
  0.984095E+00  0.141343E+06  0.498217E+04
  0.986344E+00  0.149856E+06  0.494997E+04
  0.988594E+00  0.148491E+06  0.496510E+04
  0.990844E+00  0.135017E+06  0.498597E+04
  0.993093E+00  0.128283E+06  0.493445E+04
  0.995343E+00  0.140850E+06  0.494871E+04
  0.997593E+00  0.126088E+06  0.488742E+04
  0.999843E+00  0.122646E+06  0.495049E+04
  0.100209E+01  0.138354E+06  0.495247E+04
  0.100434E+01  0.125010E+06  0.490377E+04
  0.100659E+01  0.124717E+06  0.493862E+04
  0.100884E+01  0.125701E+06  0.488170E+04
  0.101109E+01  0.139938E+06  0.494235E+04
  0.101334E+01  0.129637E+06  0.490097E+04
  0.101559E+01  0.128205E+06  0.489364E+04
  0.101784E+01  0.127799E+06  0.490235E+04
  0.102009E+01  0.131052E+06  0.487332E+04
  0.102234E+01  0.124936E+06  0.490600E+04
  0.102459E+01  0.120055E+06  0.484904E+04
  0.102684E+01  0.108370E+06  0.486817E+04
  0.102909E+01  0.119715E+06  0.490629E+04
  0.103134E+01  0.117399E+06  0.485462E+04
  0.103359E+01  0.127894E+06  0.487835E+04
  0.103584E+01  0.119007E+06  0.480981E+04
  0.103809E+01  0.122818E+06  0.486242E+04
  0.104034E+01  0.121924E+06  0.485953E+04
  0.104259E+01  0.121018E+06  0.483408E+04
  0.104484E+01  0.110252E+06  0.483917E+04
  0.104709E+01  0.116220E+06  0.480154E+04
  0.104934E+01  0.121641E+06  0.486108E+04
  0.105159E+01  0.106618E+06  0.479154E+04
  0.105384E+01  0.105399E+06  0.479899E+04
  0.105608E+01  0.100401E+06  0.481090E+04
  0.105833E+01  0.103267E+06  0.479237E+04
  0.106058E+01  0.986772E+05  0.483242E+04
  0.106283E+01  0.108356E+06  0.475550E+04
  0.106508E+01  0.105495E+06  0.478109E+04
  0.106733E+01  0.952282E+05  0.478663E+04
  0.106958E+01  0.106931E+06  0.478193E+04
  0.107183E+01  0.111826E+06  0.479122E+04
  0.107408E+01  0.115151E+06  0.474296E+04
  0.107633E+01  0.111626E+06  0.477773E+04
  0.107858E+01  0.955488E+05  0.476452E+04
  0.108083E+01  0.959393E+05  0.474402E+04
  0.108308E+01  0.934314E+05  0.475661E+04
  0.108533E+01  0.101264E+06  0.474072E+04
  0.108758E+01  0.108276E+06  0.478405E+04
  0.108983E+01  0.107143E+06  0.472115E+04
  0.109208E+01  0.905881E+05  0.472766E+04
  0.109433E+01  0.101656E+06  0.472916E+04
  0.109658E+01  0.971286E+05  0.471044E+04
  0.109883E+01  0.985699E+05  0.474607E+04
  0.110108E+01  0.108231E+06  0.467387E+04
  0.110333E+01  0.945048E+05  0.471087E+04
  0.110558E+01  0.101464E+06  0.470846E+04
  0.110783E+01  0.947513E+05  0.470472E+04
  0.111008E+01  0.950484E+05  0.470621E+04
  0.111233E+01  0.825605E+05  0.468115E+04
  0.111458E+01  0.891445E+05  0.470572E+04
  0.111683E+01  0.940280E+05  0.469022E+04
  0.111908E+01  0.973699E+05  0.467844E+04
  0.112133E+01  0.840512E+05  0.468420E+04
  0.112358E+01  0.953341E+05  0.466118E+04
  0.112583E+01  0.847976E+05  0.468354E+04
  0.112808E+01  0.853931E+05  0.464615E+04
  0.113033E+01  0.873799E+05  0.465764E+04
  0.113257E+01  0.903817E+05  0.465546E+04
  0.113482E+01  0.759829E+05  0.465195E+04
  0.113707E+01  0.729961E+05  0.465062E+04
  0.113932E+01  0.892806E+05  0.460069E+04
  0.114157E+01  0.843246E+05  0.465950E+04
  0.114382E+01  0.845399E+05  0.462902E+04
  0.114607E+01  0.890952E+05  0.465518E+04
  0.114832E+01  0.859956E+05  0.461473E+04
  0.115057E+01  0.748684E+05  0.460092E+04
  0.115282E+01  0.739373E+05  0.465086E+04
  0.115507E+01  0.799941E+05  0.459719E+04
  0.115732E+01  0.789781E+05  0.462808E+04
  0.115957E+01  0.872009E+05  0.460792E+04
  0.116182E+01  0.716419E+05  0.459553E+04
  0.116407E+01  0.736698E+05  0.463325E+04
  0.116632E+01  0.782051E+05  0.456351E+04
  0.116857E+01  0.787236E+05  0.459377E+04
  0.117082E+01  0.817954E+05  0.459531E+04
  0.117307E+01  0.893097E+05  0.459528E+04
  0.117532E+01  0.813299E+05  0.458559E+04
  0.117757E+01  0.774658E+05  0.452229E+04
  0.117982E+01  0.739412E+05  0.459146E+04
  0.118207E+01  0.800587E+05  0.456810E+04
  0.118432E+01  0.734986E+05  0.459519E+04
  0.118657E+01  0.676374E+05  0.457918E+04
  0.118882E+01  0.673670E+05  0.453468E+04
  0.119107E+01  0.664700E+05  0.457515E+04
  0.119332E+01  0.824258E+05  0.454474E+04
  0.119557E+01  0.841605E+05  0.455716E+04
  0.119782E+01  0.760674E+05  0.453547E+04
  0.120007E+01  0.750889E+05  0.453167E+04
  0.120232E+01  0.784810E+05  0.456373E+04
  0.120457E+01  0.631496E+05  0.450076E+04
  0.120681E+01  0.687779E+05  0.452680E+04
  0.120906E+01  0.559997E+05  0.451884E+04
  0.121131E+01  0.613021E+05  0.452905E+04
  0.121356E+01  0.599555E+05  0.452452E+04
  0.121581E+01  0.668921E+05  0.449383E+04
  0.121806E+01  0.697419E+05  0.451358E+04
  0.122031E+01  0.680136E+05  0.450106E+04
  0.122256E+01  0.646559E+05  0.451570E+04
  0.122481E+01  0.777424E+05  0.450983E+04
  0.122706E+01  0.732286E+05  0.447424E+04
  0.122931E+01  0.600104E+05  0.451171E+04
  0.123156E+01  0.646567E+05  0.447206E+04
  0.123381E+01  0.605532E+05  0.447903E+04
  0.123606E+01  0.625358E+05  0.447125E+04
  0.123831E+01  0.726095E+05  0.448068E+04
  0.124056E+01  0.609180E+05  0.449904E+04
  0.124281E+01  0.609014E+05  0.444622E+04
  0.124506E+01  0.677528E+05  0.446567E+04
  0.124731E+01  0.637393E+05  0.445715E+04
  0.124956E+01  0.553439E+05  0.447930E+04
  0.125181E+01  0.568339E+05  0.447089E+04
  0.125406E+01  0.600537E+05  0.442689E+04
  0.125631E+01  0.711674E+05  0.447477E+04
  0.125856E+01  0.633787E+05  0.443726E+04
  0.126081E+01  0.545074E+05  0.444782E+04
  0.126306E+01  0.664748E+05  0.442859E+04
  0.126531E+01  0.503214E+05  0.443588E+04
  0.126756E+01  0.577663E+05  0.445660E+04
  0.126981E+01  0.617983E+05  0.441302E+04
  0.127206E+01  0.648998E+05  0.443373E+04
  0.127431E+01  0.615766E+05  0.438800E+04
  0.127656E+01  0.556869E+05  0.443786E+04
  0.127881E+01  0.559647E+05  0.443447E+04
  0.128105E+01  0.645902E+05  0.438063E+04
  0.128330E+01  0.543288E+05  0.441079E+04
  0.128555E+01  0.533996E+05  0.437927E+04
  0.128780E+01  0.553242E+05  0.442791E+04
  0.129005E+01  0.562408E+05  0.439335E+04
  0.129230E+01  0.492319E+05  0.437644E+04
  0.129455E+01  0.452616E+05  0.441834E+04
  0.129680E+01  0.483752E+05  0.437183E+04
  0.129905E+01  0.533368E+05  0.439765E+04
  0.130130E+01  0.534231E+05  0.436521E+04
  0.130355E+01  0.547718E+05  0.438563E+04
  0.130580E+01  0.587902E+05  0.440379E+04
  0.130805E+01  0.539559E+05  0.435799E+04
  0.131030E+01  0.460282E+05  0.438918E+04
  0.131255E+01  0.538874E+05  0.436056E+04
  0.131480E+01  0.563681E+05  0.437446E+04
  0.131705E+01  0.577156E+05  0.437438E+04
  0.131930E+01  0.531807E+05  0.434639E+04
  0.132155E+01  0.498543E+05  0.438186E+04
  0.132380E+01  0.495722E+05  0.434572E+04
  0.132605E+01  0.451189E+05  0.435421E+04
  0.132830E+01  0.408481E+05  0.433521E+04
  0.133055E+01  0.474552E+05  0.432634E+04
  0.133280E+01  0.391474E+05  0.435784E+04
  0.133505E+01  0.532568E+05  0.435230E+04
  0.133730E+01  0.548164E+05  0.433569E+04
  0.133955E+01  0.501487E+05  0.431493E+04
  0.134180E+01  0.483537E+05  0.431427E+04
  0.134405E+01  0.446279E+05  0.435038E+04
  0.134630E+01  0.413274E+05  0.431249E+04
  0.134855E+01  0.558844E+05  0.431918E+04
  0.135080E+01  0.514718E+05  0.429967E+04
  0.135305E+01  0.500379E+05  0.432392E+04
  0.135529E+01  0.561036E+05  0.432201E+04
  0.135754E+01  0.599390E+05  0.430393E+04
  0.135979E+01  0.469667E+05  0.429763E+04
  0.136204E+01  0.477489E+05  0.428547E+04
  0.136429E+01  0.528841E+05  0.432025E+04
  0.136654E+01  0.494706E+05  0.427340E+04
  0.136879E+01  0.519902E+05  0.429592E+04
  0.137104E+01  0.543944E+05  0.429487E+04
  0.137329E+01  0.489308E+05  0.428402E+04
  0.137554E+01  0.467244E+05  0.430182E+04
  0.137779E+01  0.465460E+05  0.422989E+04
  0.138004E+01  0.447979E+05  0.429652E+04
  0.138229E+01  0.443288E+05  0.428129E+04
  0.138454E+01  0.438186E+05  0.427362E+04
  0.138679E+01  0.586583E+05  0.427323E+04
  0.138904E+01  0.463356E+05  0.423618E+04
  0.139129E+01  0.485727E+05  0.429444E+04
  0.139354E+01  0.457672E+05  0.426259E+04
  0.139579E+01  0.445413E+05  0.425828E+04
  0.139804E+01  0.454929E+05  0.425954E+04
  0.140029E+01  0.469821E+05  0.423761E+04
  0.140254E+01  0.357176E+05  0.428759E+04
  0.140479E+01  0.355172E+05  0.422430E+04
  0.140704E+01  0.430922E+05  0.424574E+04
  0.140929E+01  0.384248E+05  0.425398E+04
  0.141154E+01  0.302709E+05  0.422963E+04
  0.141379E+01  0.417488E+05  0.424912E+04
  0.141604E+01  0.305294E+05  0.419416E+04
  0.141829E+01  0.369746E+05  0.426552E+04
  0.142054E+01  0.409544E+05  0.422820E+04
  0.142279E+01  0.446594E+05  0.420986E+04
  0.142504E+01  0.370567E+05  0.422746E+04
  0.142729E+01  0.421987E+05  0.419983E+04
  0.142953E+01  0.364702E+05  0.423915E+04
  0.143178E+01  0.321456E+05  0.420986E+04
  0.143403E+01  0.417048E+05  0.419023E+04
  0.143628E+01  0.457156E+05  0.421323E+04
  0.143853E+01  0.436591E+05  0.421004E+04
  0.144078E+01  0.404656E+05  0.423929E+04
  0.144303E+01  0.374554E+05  0.418124E+04
  0.144528E+01  0.505228E+05  0.418609E+04
  0.144753E+01  0.424682E+05  0.420983E+04
  0.144978E+01  0.393463E+05  0.419721E+04
  0.145203E+01  0.432092E+05  0.421087E+04
  0.145428E+01  0.380522E+05  0.415973E+04
  0.145653E+01  0.333118E+05  0.419603E+04
  0.145878E+01  0.341764E+05  0.418626E+04
  0.146103E+01  0.332817E+05  0.418562E+04
  0.146328E+01  0.349441E+05  0.418048E+04
  0.146553E+01  0.327878E+05  0.414607E+04
  0.146778E+01  0.288732E+05  0.418441E+04
  0.147003E+01  0.248495E+05  0.416531E+04
  0.147228E+01  0.315040E+05  0.416176E+04
  0.147453E+01  0.342607E+05  0.417736E+04
  0.147678E+01  0.324741E+05  0.415382E+04
  0.147903E+01  0.367748E+05  0.418732E+04
  0.148128E+01  0.354564E+05  0.413106E+04
  0.148353E+01  0.416204E+05  0.415317E+04
  0.148578E+01  0.352832E+05  0.415024E+04
  0.148803E+01  0.494437E+05  0.417005E+04
  0.149028E+01  0.389017E+05  0.417094E+04
  0.149253E+01  0.370352E+05  0.411829E+04
  0.149478E+01  0.294204E+05  0.415270E+04
  0.149703E+01  0.323569E+05  0.413893E+04
  0.149928E+01  0.276383E+05  0.415115E+04
  0.150153E+01  0.349887E+05  0.414406E+04
  0.150377E+01  0.325814E+05  0.412079E+04
  0.150602E+01  0.310632E+05  0.414778E+04
  0.150827E+01  0.318189E+05  0.412003E+04
  0.151052E+01  0.340134E+05  0.413216E+04
  0.151277E+01  0.304334E+05  0.413101E+04
  0.151502E+01  0.275965E+05  0.412826E+04
  0.151727E+01  0.368078E+05  0.413816E+04
  0.151952E+01  0.452242E+05  0.409274E+04
  0.152177E+01  0.412988E+05  0.412527E+04
  0.152402E+01  0.320929E+05  0.410122E+04
  0.152627E+01  0.356202E+05  0.413000E+04
  0.152852E+01  0.358612E+05  0.412467E+04
  0.153077E+01  0.477007E+05  0.408574E+04
  0.153302E+01  0.396588E+05  0.413721E+04
  0.153527E+01  0.343107E+05  0.409826E+04
  0.153752E+01  0.342357E+05  0.410148E+04
  0.153977E+01  0.340988E+05  0.409058E+04
  0.154202E+01  0.338501E+05  0.409288E+04
  0.154427E+01  0.330479E+05  0.412976E+04
  0.154652E+01  0.347284E+05  0.407396E+04
  0.154877E+01  0.363736E+05  0.408578E+04
  0.155102E+01  0.354247E+05  0.407442E+04
  0.155327E+01  0.291982E+05  0.408709E+04
  0.155552E+01  0.297379E+05  0.409159E+04
  0.155777E+01  0.250276E+05  0.406077E+04
  0.156002E+01  0.271736E+05  0.407253E+04
  0.156227E+01  0.323159E+05  0.406270E+04
  0.156452E+01  0.289309E+05  0.408036E+04
  0.156677E+01  0.274641E+05  0.407079E+04
  0.156902E+01  0.260659E+05  0.405496E+04
  0.157127E+01  0.286054E+05  0.408109E+04
  0.157352E+01  0.323512E+05  0.405964E+04
  0.157577E+01  0.325554E+05  0.405716E+04
  0.157801E+01  0.376468E+05  0.404849E+04
  0.158026E+01  0.397019E+05  0.405095E+04
  0.158251E+01  0.238521E+05  0.407932E+04
  0.158476E+01  0.190540E+05  0.404164E+04
  0.158701E+01  0.250834E+05  0.405875E+04
  0.158926E+01  0.330279E+05  0.403673E+04
  0.159151E+01  0.327396E+05  0.404732E+04
  0.159376E+01  0.270394E+05  0.405322E+04
  0.159601E+01  0.216746E+05  0.403437E+04
  0.159826E+01  0.267903E+05  0.404411E+04
  0.160051E+01  0.377156E+05  0.402416E+04
  0.160276E+01  0.373456E+05  0.404572E+04
  0.160501E+01  0.335482E+05  0.401168E+04
  0.160726E+01  0.293818E+05  0.401839E+04
  0.160951E+01  0.272134E+05  0.405919E+04
  0.161176E+01  0.274294E+05  0.401524E+04
  0.161401E+01  0.379138E+05  0.402470E+04
  0.161626E+01  0.231393E+05  0.399441E+04
  0.161851E+01  0.291564E+05  0.402497E+04
  0.162076E+01  0.290974E+05  0.402978E+04
  0.162301E+01  0.221939E+05  0.399390E+04
  0.162526E+01  0.190806E+05  0.402348E+04
  0.162751E+01  0.249869E+05  0.398915E+04
  0.162976E+01  0.317905E+05  0.402019E+04
  0.163201E+01  0.335331E+05  0.401215E+04
  0.163426E+01  0.244015E+05  0.397638E+04
  0.163651E+01  0.212657E+05  0.402044E+04
  0.163876E+01  0.176941E+05  0.398695E+04
  0.164101E+01  0.233139E+05  0.401947E+04
  0.164326E+01  0.235105E+05  0.398902E+04
  0.164551E+01  0.225851E+05  0.397921E+04
  0.164776E+01  0.260127E+05  0.400274E+04
  0.165001E+01  0.268988E+05  0.398350E+04
  0.165226E+01  0.194988E+05  0.400920E+04
  0.165450E+01  0.165888E+05  0.397741E+04
  0.165675E+01  0.281679E+05  0.398838E+04
  0.165900E+01  0.243759E+05  0.399960E+04
  0.166125E+01  0.296572E+05  0.395596E+04
  0.166350E+01  0.204885E+05  0.398058E+04
  0.166575E+01  0.184099E+05  0.396205E+04
  0.166800E+01  0.211799E+05  0.398568E+04
  0.167025E+01  0.217999E+05  0.396739E+04
  0.167250E+01  0.184448E+05  0.394518E+04
  0.167475E+01  0.201692E+05  0.399431E+04
  0.167700E+01  0.250734E+05  0.395310E+04
  0.167925E+01  0.241909E+05  0.398690E+04
  0.168150E+01  0.179487E+05  0.395565E+04
  0.168375E+01  0.177492E+05  0.394065E+04
  0.168600E+01  0.233137E+05  0.397082E+04
  0.168825E+01  0.323703E+05  0.395006E+04
  0.169050E+01  0.314109E+05  0.396059E+04
  0.169275E+01  0.193544E+05  0.393698E+04
  0.169500E+01  0.213755E+05  0.395896E+04
  0.169725E+01  0.200031E+05  0.396337E+04
  0.169950E+01  0.288059E+05  0.392495E+04
  0.170175E+01  0.211907E+05  0.395046E+04
  0.170400E+01  0.174063E+05  0.392795E+04
  0.170625E+01  0.240001E+05  0.396463E+04
  0.170850E+01  0.170969E+05  0.394000E+04
  0.171075E+01  0.128904E+05  0.391874E+04
  0.171300E+01  0.136587E+05  0.394261E+04
  0.171525E+01  0.143766E+05  0.393071E+04
  0.171750E+01  0.135968E+05  0.394559E+04
  0.171975E+01  0.143729E+05  0.390238E+04
  0.172200E+01  0.225664E+05  0.392244E+04
  0.172425E+01  0.160791E+05  0.395268E+04
  0.172650E+01  0.231709E+05  0.392766E+04
  0.172874E+01  0.197460E+05  0.394081E+04
  0.173099E+01  0.201572E+05  0.388713E+04
  0.173324E+01  0.257982E+05  0.392039E+04
  0.173549E+01  0.241467E+05  0.391815E+04
  0.173774E+01  0.210205E+05  0.391058E+04
  0.173999E+01  0.185295E+05  0.391207E+04
  0.174224E+01  0.163174E+05  0.386948E+04
  0.174449E+01  0.106620E+05  0.391642E+04
  0.174674E+01  0.198417E+05  0.390187E+04
  0.174899E+01  0.195622E+05  0.390931E+04
  0.175124E+01  0.264791E+05  0.390848E+04
  0.175349E+01  0.304039E+05  0.390055E+04
  0.175574E+01  0.180134E+05  0.390855E+04
  0.175799E+01  0.195321E+05  0.386892E+04
  0.176024E+01  0.199244E+05  0.389959E+04
  0.176249E+01  0.194622E+05  0.390290E+04
  0.176474E+01  0.192074E+05  0.390167E+04
  0.176699E+01  0.131262E+05  0.389624E+04
  0.176924E+01  0.167321E+05  0.385281E+04
  0.177149E+01  0.178195E+05  0.390087E+04
  0.177374E+01  0.184799E+05  0.389035E+04
  0.177599E+01  0.114385E+05  0.388233E+04
  0.177824E+01  0.154351E+05  0.387635E+04
  0.178049E+01  0.228190E+05  0.387127E+04
  0.178274E+01  0.180695E+05  0.389679E+04
  0.178499E+01  0.225390E+05  0.385559E+04
  0.178724E+01  0.185107E+05  0.386431E+04
  0.178949E+01  0.150474E+05  0.386980E+04
  0.179174E+01  0.152098E+05  0.386983E+04
  0.179399E+01  0.118204E+05  0.389026E+04
  0.179624E+01  0.144802E+05  0.385202E+04
  0.179849E+01  0.167749E+05  0.386729E+04
  0.180074E+01  0.142096E+05  0.386181E+04
  0.180298E+01  0.126514E+05  0.385682E+04
  0.180523E+01  0.215864E+05  0.385767E+04
  0.180748E+01  0.168678E+05  0.383901E+04
  0.180973E+01  0.156844E+05  0.388468E+04
  0.181198E+01  0.109931E+05  0.385312E+04
  0.181423E+01  0.935840E+04  0.385137E+04
  0.181648E+01  0.139371E+05  0.383015E+04
  0.181873E+01  0.106771E+05  0.382942E+04
  0.182098E+01  0.163433E+05  0.387474E+04
  0.182323E+01  0.197534E+05  0.381735E+04
  0.182548E+01  0.642235E+04  0.384208E+04
  0.182773E+01  0.103945E+05  0.383386E+04
  0.182998E+01  0.162996E+05  0.383529E+04
  0.183223E+01  0.188524E+05  0.386855E+04
  0.183448E+01  0.205526E+05  0.380787E+04
  0.183673E+01  0.145369E+05  0.383898E+04
  0.183898E+01  0.137387E+05  0.382202E+04
  0.184123E+01  0.126599E+05  0.382699E+04
  0.184348E+01  0.952325E+04  0.383624E+04
  0.184573E+01  0.106962E+05  0.378944E+04
  0.184798E+01  0.118767E+05  0.383108E+04
  0.185023E+01  0.178639E+05  0.381391E+04
  0.185248E+01  0.109357E+05  0.381873E+04
  0.185473E+01  0.121334E+05  0.380298E+04
  0.185698E+01  0.109834E+05  0.380397E+04
  0.185923E+01  0.993520E+04  0.384504E+04
  0.186148E+01  0.131674E+05  0.378815E+04
  0.186373E+01  0.147142E+05  0.380531E+04
  0.186598E+01  0.183163E+05  0.380304E+04
  0.186823E+01  0.131774E+05  0.381771E+04
  0.187048E+01  0.107904E+05  0.381148E+04
  0.187273E+01  0.190879E+05  0.377682E+04
  0.187498E+01  0.110944E+05  0.381531E+04
  0.187722E+01  0.155062E+05  0.381112E+04
  0.187947E+01  0.297815E+04  0.380302E+04
  0.188172E+01  0.135951E+05  0.380065E+04
  0.188397E+01  0.134786E+05  0.377741E+04
  0.188622E+01  0.830520E+04  0.381182E+04
  0.188847E+01  0.779875E+04  0.379893E+04
  0.189072E+01  0.185454E+05  0.379771E+04
  0.189297E+01  0.203906E+05  0.379924E+04
  0.189522E+01  0.131227E+05  0.377650E+04
  0.189747E+01  0.192106E+05  0.380400E+04
  0.189972E+01  0.143086E+05  0.377039E+04
  0.190197E+01  0.109916E+05  0.377262E+04
  0.190422E+01  0.203347E+05  0.378620E+04
  0.190647E+01  0.192092E+05  0.378776E+04
  0.190872E+01  0.995625E+04  0.378100E+04
  0.191097E+01  0.595085E+04  0.375376E+04
  0.191322E+01  0.920695E+04  0.377617E+04
  0.191547E+01  0.122984E+05  0.378153E+04
  0.191772E+01  0.655355E+04  0.378411E+04
  0.191997E+01  0.150367E+05  0.376660E+04
  0.192222E+01  0.117933E+05  0.374718E+04
  0.192447E+01  0.747955E+04  0.377570E+04
  0.192672E+01  0.195474E+05  0.375386E+04
  0.192897E+01  0.163823E+05  0.377058E+04
  0.193122E+01  0.696985E+04  0.374680E+04
  0.193347E+01  0.149699E+05  0.376366E+04
  0.193572E+01  0.191362E+05  0.376946E+04
  0.193797E+01  0.147792E+05  0.374007E+04
  0.194022E+01  0.786875E+04  0.376160E+04
  0.194247E+01  0.116047E+05  0.374860E+04
  0.194472E+01  0.139011E+05  0.376606E+04
  0.194697E+01  0.150169E+05  0.375097E+04
  0.194922E+01  0.113794E+05  0.373616E+04
  0.195146E+01  0.484990E+04  0.376711E+04
  0.195371E+01  0.975590E+04  0.373414E+04
  0.195596E+01  0.672775E+04  0.376152E+04
  0.195821E+01  0.754545E+04  0.372695E+04
  0.196046E+01  0.379165E+04  0.374213E+04
  0.196271E+01  0.141728E+05  0.375202E+04
  0.196496E+01  0.158372E+05  0.373088E+04
  0.196721E+01  0.128459E+05  0.374401E+04
  0.196946E+01  0.187543E+05  0.371342E+04
  0.197171E+01  0.940560E+04  0.375257E+04
  0.197396E+01  0.102343E+05  0.374925E+04
  0.197621E+01  0.119130E+05  0.371299E+04
  0.197846E+01  0.149739E+05  0.372142E+04
  0.198071E+01  0.108879E+05  0.370835E+04
  0.198296E+01  0.297255E+04  0.375162E+04
  0.198521E+01  0.596945E+04  0.372960E+04
  0.198746E+01  0.553190E+04  0.370572E+04
  0.198971E+01  0.191155E+04  0.373815E+04
  0.199196E+01  0.663620E+04  0.370574E+04
  0.199421E+01  0.140059E+05  0.371684E+04
  0.199646E+01  0.912490E+04  0.370751E+04
  0.199871E+01  0.121401E+05  0.371027E+04
  0.200096E+01  0.752280E+04  0.372344E+04
  0.200321E+01  0.893850E+04  0.371093E+04
  0.200546E+01  0.110349E+05  0.371154E+04
  0.200771E+01  0.218199E+05  0.368485E+04
  0.200996E+01  0.142226E+05  0.371099E+04
  0.201221E+01  0.180677E+05  0.372924E+04
  0.201446E+01  0.113189E+05  0.368530E+04
  0.201671E+01  0.177904E+05  0.369744E+04
  0.201896E+01  0.123198E+05  0.369083E+04
  0.202121E+01  0.138859E+05  0.371685E+04
  0.202346E+01  0.761995E+04  0.368792E+04
  0.202570E+01  0.969055E+04  0.370031E+04
  0.202795E+01  0.141174E+05  0.370747E+04
  0.203020E+01  0.117249E+05  0.367666E+04
  0.203245E+01  0.136189E+05  0.371035E+04
  0.203470E+01  0.121890E+05  0.366694E+04
  0.203695E+01  0.107173E+05  0.368284E+04
  0.203920E+01  0.120045E+05  0.368402E+04
  0.204145E+01  0.180740E+04  0.367690E+04
  0.204370E+01  0.880960E+04  0.369023E+04
  0.204595E+01  0.785605E+04  0.365926E+04
  0.204820E+01 -0.148265E+04  0.369327E+04
  0.205045E+01  0.279515E+04  0.368549E+04
  0.205270E+01  0.128802E+05  0.366727E+04
  0.205495E+01  0.119444E+05  0.368428E+04
  0.205720E+01  0.624015E+04  0.366823E+04
  0.205945E+01  0.304980E+04  0.369267E+04
  0.206170E+01  0.122472E+05  0.364739E+04
  0.206395E+01  0.886310E+04  0.365812E+04
  0.206620E+01  0.105688E+05  0.368071E+04
  0.206845E+01  0.105328E+05  0.366498E+04
  0.207070E+01  0.199498E+05  0.368814E+04
  0.207295E+01  0.115060E+05  0.364037E+04
  0.207520E+01  0.130857E+05  0.368030E+04
  0.207745E+01  0.167502E+05  0.367399E+04
  0.207970E+01  0.894970E+04  0.365084E+04
  0.208195E+01  0.894480E+04  0.367511E+04
  0.208420E+01  0.150015E+04  0.362442E+04
  0.208645E+01  0.103558E+05  0.367462E+04
  0.208870E+01  0.309695E+04  0.366068E+04
  0.209095E+01  0.536115E+04  0.364525E+04
  0.209320E+01  0.125004E+05  0.365618E+04
  0.209545E+01  0.473360E+04  0.364843E+04
  0.209770E+01  0.128131E+05  0.366985E+04
  0.209994E+01  0.128956E+05  0.363944E+04
  0.210219E+01  0.631520E+04  0.364062E+04
  0.210444E+01  0.857855E+04  0.365800E+04
  0.210669E+01  0.135304E+05  0.364089E+04
  0.210894E+01  0.943660E+04  0.365675E+04
  0.211119E+01  0.135710E+04  0.361661E+04
  0.211344E+01  0.104050E+04  0.365587E+04
  0.211569E+01  0.600445E+04  0.365131E+04
  0.211794E+01  0.521720E+04  0.365571E+04
  0.212019E+01  0.386105E+04  0.364459E+04
  0.212244E+01  0.934730E+04  0.361029E+04
  0.212469E+01  0.935210E+04  0.364432E+04
  0.212694E+01  0.108059E+05  0.364071E+04
  0.212919E+01  0.733805E+04  0.362744E+04
  0.213144E+01  0.617830E+04  0.363829E+04
  0.213369E+01  0.141176E+05  0.362326E+04
  0.213594E+01  0.357790E+04  0.363764E+04
  0.213819E+01  0.866620E+04  0.361152E+04
  0.214044E+01  0.120846E+05  0.361854E+04
  0.214269E+01  0.168044E+05  0.363413E+04
  0.214494E+01  0.118798E+05  0.361291E+04
  0.214719E+01  0.826825E+04  0.362196E+04
  0.214944E+01  0.843440E+04  0.360058E+04
  0.215169E+01  0.121911E+05  0.362567E+04
  0.215394E+01  0.135477E+05  0.362472E+04
  0.215619E+01  0.772665E+04  0.362355E+04
  0.215844E+01  0.925495E+04  0.361021E+04
  0.216069E+01  0.582910E+04  0.359968E+04
  0.216294E+01  0.119245E+05  0.363496E+04
  0.216519E+01  0.118030E+05  0.360870E+04
  0.216744E+01  0.594625E+04  0.361436E+04
  0.216969E+01  0.681895E+04  0.359645E+04
  0.217194E+01  0.880725E+04  0.360337E+04
  0.217419E+01  0.697425E+04  0.362381E+04
  0.217643E+01  0.112121E+05  0.357987E+04
  0.217868E+01  0.158072E+05  0.360876E+04
  0.218093E+01  0.121874E+05  0.358934E+04
  0.218318E+01  0.825265E+04  0.361887E+04
  0.218543E+01  0.345880E+04  0.359866E+04
  0.218768E+01  0.681135E+04  0.356694E+04
  0.218993E+01  0.153998E+05  0.360801E+04
  0.219218E+01  0.100604E+05  0.357497E+04
  0.219443E+01  0.114199E+05  0.361062E+04
  0.219668E+01  0.365455E+04  0.359305E+04
  0.219893E+01  0.734695E+04  0.357455E+04
  0.220118E+01  0.523825E+04  0.360800E+04
  0.220343E+01  0.617650E+04  0.357518E+04
  0.220568E+01  0.388455E+04  0.359432E+04
  0.220793E+01  0.381335E+04  0.358503E+04
  0.221018E+01  0.495890E+04  0.358123E+04
  0.221243E+01  0.898845E+04  0.359909E+04
  0.221468E+01  0.795495E+04  0.354957E+04
  0.221693E+01  0.112838E+05  0.358810E+04
  0.221918E+01  0.191772E+05  0.357328E+04
  0.222143E+01  0.103801E+05  0.358952E+04
  0.222368E+01  0.101807E+05  0.358211E+04
  0.222593E+01  0.155060E+05  0.355396E+04
  0.222818E+01  0.840855E+04  0.358672E+04
  0.223043E+01  0.151205E+05  0.355541E+04
  0.223268E+01  0.133797E+05  0.357440E+04
  0.223493E+01  0.123418E+05  0.356982E+04
  0.223718E+01  0.420805E+04  0.356261E+04
  0.223943E+01  0.787095E+04  0.359736E+04
  0.224168E+01  0.411770E+04  0.355322E+04
  0.224393E+01 -0.188250E+04  0.355767E+04
  0.224618E+01  0.931200E+03  0.355812E+04
  0.224843E+01  0.903750E+03  0.357145E+04
  0.225067E+01  0.511360E+04  0.358088E+04
  0.225292E+01  0.269650E+04  0.354557E+04
  0.225517E+01  0.626780E+04  0.353916E+04
  0.225742E+01 -0.103625E+04  0.355021E+04
  0.225967E+01  0.100341E+05  0.357629E+04
  0.226192E+01  0.103074E+05  0.357264E+04
  0.226417E+01  0.453340E+04  0.354038E+04
  0.226642E+01  0.154487E+05  0.358423E+04
  0.226867E+01  0.143832E+05  0.354764E+04
  0.227092E+01  0.119948E+05  0.357609E+04
  0.227317E+01  0.739450E+04  0.358161E+04
  0.227542E+01  0.391840E+04  0.357767E+04
  0.227767E+01  0.120362E+05  0.360744E+04
  0.227992E+01  0.847685E+04  0.357904E+04
  0.228217E+01  0.211875E+04  0.358807E+04
  0.228442E+01  0.458650E+03  0.356168E+04
  0.228667E+01  0.525840E+04  0.357840E+04
  0.228892E+01  0.638440E+04  0.359006E+04
  0.229117E+01  0.379365E+04  0.355795E+04
  0.229342E+01  0.367730E+04  0.358107E+04
  0.229567E+01  0.517385E+04  0.356236E+04
  0.229792E+01  0.135458E+05  0.357541E+04
  0.230017E+01  0.120526E+05  0.358161E+04
  0.230242E+01  0.133456E+05  0.355335E+04
  0.230467E+01  0.953315E+04  0.358880E+04
  0.230692E+01  0.812955E+04  0.356117E+04
  0.230917E+01  0.629350E+04  0.357498E+04
  0.231142E+01  0.507225E+04  0.353695E+04
  0.231367E+01  0.574915E+04  0.357501E+04
  0.231592E+01  0.899630E+04  0.357513E+04
  0.231817E+01  0.119033E+05  0.355781E+04
  0.232042E+01  0.771490E+04  0.356026E+04
  0.232267E+01  0.137674E+05  0.353257E+04
  0.232491E+01  0.649980E+04  0.356962E+04
  0.232716E+01  0.936270E+04  0.355512E+04
  0.232941E+01  0.114718E+05  0.354000E+04
  0.233166E+01  0.100725E+04  0.356210E+04
  0.233391E+01  0.217610E+04  0.354845E+04
  0.233616E+01  0.350260E+04  0.356096E+04
  0.233841E+01  0.774920E+04  0.353408E+04
  0.234066E+01  0.131218E+05  0.353167E+04
  0.234291E+01  0.917325E+04  0.355696E+04
  0.234516E+01  0.815010E+04  0.354545E+04
  0.234741E+01  0.883935E+04  0.355430E+04
  0.234966E+01  0.137803E+05  0.352469E+04
  0.235191E+01  0.866015E+04  0.353478E+04
  0.235416E+01  0.107381E+05  0.355101E+04
  0.235641E+01  0.102793E+05  0.352404E+04
  0.235866E+01  0.729455E+04  0.354454E+04
  0.236091E+01  0.161753E+05  0.352643E+04
  0.236316E+01  0.673245E+04  0.353982E+04
  0.236541E+01  0.745645E+04  0.354305E+04
  0.236766E+01  0.564545E+04  0.352431E+04
  0.236991E+01  0.997085E+04  0.354193E+04
  0.237216E+01  0.841620E+04  0.351848E+04
  0.237441E+01  0.490595E+04  0.354578E+04
  0.237666E+01  0.754790E+04  0.351556E+04
  0.237891E+01 -0.347650E+03  0.351436E+04
  0.238116E+01  0.740355E+04  0.352554E+04
  0.238341E+01  0.231935E+04  0.351336E+04
  0.238566E+01 -0.233000E+02  0.353539E+04
  0.238791E+01  0.555155E+04  0.349522E+04
  0.239016E+01  0.898555E+04  0.353385E+04
  0.239241E+01 -0.292700E+03  0.352931E+04
  0.239466E+01  0.538375E+04  0.349617E+04
  0.239691E+01  0.100889E+05  0.350599E+04
  0.239915E+01  0.102539E+05  0.345399E+04
  0.240140E+01  0.966265E+04  0.348383E+04
  0.240365E+01  0.514885E+04  0.346994E+04
  0.240590E+01  0.731350E+04  0.347043E+04
  0.240815E+01  0.827850E+04  0.347323E+04
  0.241040E+01  0.111599E+05  0.346463E+04
  0.241265E+01  0.460795E+04  0.348791E+04
  0.241490E+01  0.918440E+04  0.344520E+04
  0.241715E+01  0.101650E+05  0.345782E+04
  0.241940E+01  0.879785E+04  0.346952E+04
  0.242165E+01  0.792685E+04  0.345879E+04
  0.242390E+01  0.717620E+04  0.346823E+04
  0.242615E+01  0.262580E+04  0.343706E+04
  0.242840E+01  0.599415E+04  0.347549E+04
  0.243065E+01  0.724460E+04  0.346378E+04
  0.243290E+01  0.574550E+03  0.345357E+04
  0.243515E+01  0.815300E+04  0.345778E+04
  0.243740E+01  0.536065E+04  0.342978E+04
  0.243965E+01  0.132885E+04  0.347267E+04
  0.244190E+01  0.162980E+04  0.344127E+04
  0.244415E+01  0.598710E+04  0.344710E+04
  0.244640E+01  0.305775E+04  0.345382E+04
  0.244865E+01  0.111979E+05  0.343992E+04
  0.245090E+01  0.140794E+05  0.346349E+04
  0.245315E+01  0.126868E+05  0.341765E+04
  0.245540E+01  0.117057E+05  0.344056E+04
  0.245765E+01  0.364870E+04  0.345749E+04
  0.245990E+01 -0.508030E+04  0.344367E+04
  0.246215E+01  0.483785E+04  0.345587E+04
  0.246440E+01  0.160080E+04  0.340861E+04
  0.246665E+01  0.537220E+04  0.343981E+04
  0.246890E+01  0.769175E+04  0.342751E+04
  0.247115E+01  0.376680E+04  0.343491E+04
  0.247339E+01  0.520300E+04  0.344007E+04
  0.247564E+01  0.122809E+05  0.340943E+04
  0.247789E+01  0.141761E+05  0.343947E+04
  0.248014E+01  0.104398E+05  0.342003E+04
  0.248239E+01  0.132435E+05  0.342357E+04
  0.248464E+01  0.119723E+05  0.343559E+04
  0.248689E+01  0.786725E+04  0.341362E+04
  0.248914E+01  0.151320E+05  0.342865E+04
  0.249139E+01  0.106142E+05  0.339806E+04
  0.249364E+01  0.220435E+04  0.341574E+04
  0.249589E+01  0.299995E+04  0.342377E+04
  0.249814E+01  0.257130E+04  0.341934E+04
  0.250039E+01  0.555480E+04  0.342702E+04
  0.250264E+01  0.913625E+04  0.338717E+04
  0.250489E+01  0.926570E+04  0.342412E+04
  0.250714E+01  0.792260E+04  0.340841E+04
  0.250939E+01  0.413820E+04  0.340564E+04
  0.251164E+01  0.392490E+04  0.340682E+04
  0.251389E+01  0.118200E+04  0.339467E+04
  0.251614E+01  0.141774E+05  0.342706E+04
  0.251839E+01  0.197360E+04  0.339217E+04
  0.252064E+01  0.361290E+04  0.339771E+04
  0.252289E+01 -0.117850E+03  0.339683E+04
  0.252514E+01  0.842890E+04  0.339549E+04
  0.252739E+01 -0.129320E+04  0.343060E+04
  0.252964E+01 -0.164825E+04  0.337500E+04
  0.253189E+01  0.145575E+04  0.339758E+04
  0.253414E+01  0.535860E+04  0.338413E+04
  0.253639E+01  0.388585E+04  0.340762E+04
  0.253864E+01  0.115316E+05  0.340233E+04
  0.254089E+01  0.861835E+04  0.336089E+04
  0.254314E+01  0.945085E+04  0.340171E+04
  0.254539E+01  0.695715E+04  0.339100E+04
  0.254763E+01  0.413135E+04  0.339612E+04
  0.254988E+01  0.145605E+04  0.338812E+04
  0.255213E+01  0.100455E+04  0.337768E+04
  0.255438E+01  0.110615E+04  0.340961E+04
  0.255663E+01  0.961900E+03  0.338590E+04
  0.255888E+01 -0.168785E+04  0.338701E+04
  0.256113E+01  0.846755E+04  0.336734E+04
  0.256338E+01  0.113939E+05  0.337782E+04
  0.256563E+01  0.696950E+03  0.339857E+04
  0.256788E+01  0.236930E+04  0.337031E+04
  0.257013E+01  0.299845E+04  0.337938E+04
  0.257238E+01  0.174940E+04  0.336982E+04
  0.257463E+01  0.760475E+04  0.338990E+04
  0.257688E+01  0.110167E+05  0.338162E+04
  0.257913E+01  0.108911E+05  0.335542E+04
  0.258138E+01  0.112671E+05  0.338775E+04
  0.258363E+01  0.223015E+04  0.335281E+04
  0.258588E+01  0.605280E+04  0.337284E+04
  0.258813E+01  0.211760E+04  0.335540E+04
  0.259038E+01  0.519385E+04  0.336420E+04
  0.259263E+01  0.775460E+04  0.338816E+04
  0.259488E+01 -0.319085E+04  0.335697E+04
  0.259713E+01  0.299795E+04  0.336995E+04
  0.259938E+01  0.237795E+04  0.335269E+04
  0.260163E+01  0.968585E+04  0.336339E+04
  0.260388E+01  0.538215E+04  0.336123E+04
  0.260613E+01  0.818260E+04  0.334348E+04
  0.260838E+01  0.601840E+04  0.336413E+04
  0.261063E+01  0.117862E+05  0.334474E+04
  0.261288E+01  0.717850E+04  0.337548E+04
  0.261513E+01  0.564640E+04  0.335288E+04
  0.261738E+01  0.857270E+04  0.332417E+04
  0.261963E+01  0.574370E+04  0.337164E+04
  0.262187E+01  0.342870E+04  0.333573E+04
  0.262412E+01  0.341510E+04  0.336509E+04
  0.262637E+01  0.861525E+04  0.333166E+04
  0.262862E+01  0.251680E+04  0.335320E+04
  0.263087E+01  0.902885E+04  0.335925E+04
  0.263312E+01  0.478150E+04  0.332786E+04
  0.263537E+01  0.671440E+04  0.335371E+04
  0.263762E+01  0.954375E+04  0.332042E+04
  0.263987E+01  0.427090E+04  0.335636E+04
  0.264212E+01  0.555215E+04  0.335092E+04
  0.264437E+01  0.351430E+04  0.331391E+04
  0.264662E+01  0.693630E+04  0.335332E+04
  0.264887E+01  0.133991E+05  0.331638E+04
  0.265112E+01  0.996335E+04  0.335218E+04
  0.265337E+01  0.109042E+05  0.333413E+04
  0.265562E+01  0.151230E+04  0.331691E+04
  0.265787E+01  0.212345E+04  0.334632E+04
  0.266012E+01 -0.145130E+04  0.331944E+04
  0.266237E+01 -0.530055E+04  0.335167E+04
  0.266462E+01  0.168630E+04  0.332179E+04
  0.266687E+01  0.761625E+04  0.333461E+04
  0.266912E+01  0.756210E+04  0.333983E+04
  0.267137E+01  0.148215E+04  0.330240E+04
  0.267362E+01  0.456670E+04  0.333314E+04
  0.267587E+01  0.236835E+04  0.331319E+04
  0.267812E+01  0.463720E+04  0.332600E+04
  0.268037E+01  0.137065E+04  0.334258E+04
  0.268262E+01 -0.217100E+03  0.330825E+04
  0.268487E+01  0.391895E+04  0.333289E+04
  0.268712E+01 -0.208110E+04  0.330168E+04
  0.268937E+01  0.445060E+04  0.331802E+04
  0.269162E+01  0.598645E+04  0.331778E+04
  0.269387E+01  0.893435E+04  0.330193E+04
  0.269611E+01  0.450725E+04  0.333611E+04
  0.269836E+01  0.655995E+04  0.331221E+04
  0.270061E+01  0.675305E+04  0.331538E+04
  0.270286E+01  0.567735E+04  0.330539E+04
  0.270511E+01  0.104929E+05  0.330466E+04
  0.270736E+01  0.629340E+04  0.331952E+04
  0.270961E+01  0.655340E+04  0.330617E+04
  0.271186E+01  0.136967E+05  0.331469E+04
  0.271411E+01  0.540080E+04  0.329840E+04
  0.271636E+01  0.639830E+04  0.329866E+04
  0.271861E+01  0.876775E+04  0.330671E+04
  0.272086E+01  0.503020E+04  0.329526E+04
  0.272311E+01  0.590020E+04  0.330860E+04
  0.272536E+01  0.296285E+04  0.329241E+04
  0.272761E+01  0.415320E+04  0.331216E+04
  0.272986E+01  0.798685E+04  0.328039E+04
  0.273211E+01  0.794020E+04  0.330388E+04
  0.273436E+01 -0.757600E+03  0.329629E+04
  0.273661E+01 -0.260455E+04  0.329209E+04
  0.273886E+01  0.258175E+04  0.330422E+04
  0.274111E+01  0.165700E+03  0.327664E+04
  0.274336E+01  0.957030E+04  0.330293E+04
  0.274561E+01  0.124356E+05  0.328351E+04
  0.274786E+01  0.184130E+04  0.329523E+04
  0.275011E+01 -0.312440E+04  0.329955E+04
  0.275236E+01  0.118610E+04  0.327482E+04
  0.275461E+01  0.114798E+05  0.330910E+04
  0.275686E+01  0.387400E+04  0.328007E+04
  0.275911E+01  0.217380E+04  0.329162E+04
  0.276136E+01  0.308450E+04  0.328374E+04
  0.276361E+01 -0.138420E+04  0.327157E+04
  0.276586E+01  0.925875E+04  0.330206E+04
  0.276811E+01  0.628345E+04  0.324950E+04
  0.277036E+01  0.592615E+04  0.329688E+04
  0.277260E+01 -0.387660E+04  0.328817E+04
  0.277485E+01  0.580645E+04  0.327597E+04
  0.277710E+01  0.886115E+04  0.328702E+04
  0.277935E+01  0.916495E+04  0.324578E+04
  0.278160E+01  0.322740E+04  0.329291E+04
  0.278385E+01  0.578520E+04  0.327040E+04
  0.278610E+01  0.170475E+04  0.327018E+04
  0.278835E+01  0.928215E+04  0.327071E+04
  0.279060E+01  0.314715E+04  0.326412E+04
  0.279285E+01  0.132305E+04  0.329415E+04
  0.279510E+01 -0.933150E+03  0.325872E+04
  0.279735E+01  0.605895E+04  0.326164E+04
  0.279960E+01  0.285685E+04  0.327599E+04
  0.280185E+01  0.834655E+04  0.326236E+04
  0.280410E+01  0.100136E+05  0.329064E+04
  0.280635E+01  0.640045E+04  0.325201E+04
  0.280860E+01  0.142375E+04  0.326851E+04
  0.281085E+01  0.115370E+04  0.327135E+04
  0.281310E+01  0.388055E+04  0.326112E+04
  0.281535E+01 -0.269480E+04  0.327464E+04
  0.281760E+01 -0.143225E+04  0.325441E+04
  0.281985E+01  0.442120E+04  0.326860E+04
  0.282210E+01 -0.660975E+04  0.325789E+04
  0.282435E+01  0.331290E+04  0.326463E+04
  0.282660E+01  0.420700E+04  0.325764E+04
  0.282885E+01  0.164145E+04  0.324734E+04
  0.283110E+01  0.117052E+05  0.327025E+04
  0.283335E+01  0.104460E+05  0.324439E+04
  0.283560E+01  0.574305E+04  0.325410E+04
  0.283785E+01 -0.103850E+04  0.325713E+04
  0.284010E+01  0.148355E+04  0.323993E+04
  0.284235E+01  0.134671E+05  0.327765E+04
  0.284460E+01  0.164542E+05  0.322732E+04
  0.284684E+01  0.335860E+04  0.325934E+04
  0.284909E+01 -0.191865E+04  0.324328E+04
  0.285134E+01  0.842780E+04  0.325602E+04
  0.285359E+01  0.539175E+04  0.325450E+04
  0.285584E+01  0.151460E+04  0.322955E+04
  0.285809E+01 -0.470995E+04  0.326149E+04
  0.286034E+01  0.205635E+04  0.323601E+04
  0.286259E+01  0.184050E+04  0.325700E+04
  0.286484E+01 -0.237240E+04  0.324921E+04
  0.286709E+01 -0.425850E+03  0.324045E+04
  0.286934E+01  0.183500E+03  0.325867E+04
  0.287159E+01 -0.497695E+04  0.321943E+04
  0.287384E+01  0.411720E+04  0.324900E+04
  0.287609E+01  0.792235E+04  0.324435E+04
  0.287834E+01  0.143703E+05  0.324292E+04
  0.288059E+01  0.597960E+04  0.325269E+04
  0.288284E+01  0.677175E+04  0.321410E+04
  0.288509E+01 -0.157930E+04  0.325463E+04
  0.288734E+01 -0.734535E+04  0.323207E+04
  0.288959E+01  0.503100E+03  0.325039E+04
  0.289184E+01  0.138555E+05  0.323940E+04
  0.289409E+01  0.118911E+05  0.321739E+04
  0.289634E+01  0.465950E+04  0.324874E+04
  0.289859E+01 -0.768650E+03  0.322496E+04
  0.290084E+01  0.354035E+04  0.324091E+04
  0.290309E+01 -0.225130E+04  0.323158E+04
  0.290534E+01 -0.836900E+03  0.321481E+04
  0.290759E+01  0.582555E+04  0.324963E+04
  0.290984E+01  0.288665E+04  0.321222E+04
  0.291209E+01  0.121615E+04  0.323903E+04
  0.291434E+01  0.352065E+04  0.322246E+04
  0.291659E+01  0.478045E+04  0.323393E+04
  0.291884E+01  0.108764E+05  0.324033E+04
  0.292108E+01  0.535905E+04  0.320726E+04
  0.292333E+01  0.741410E+04  0.323276E+04
  0.292558E+01  0.962765E+04  0.321800E+04
  0.292783E+01 -0.395050E+04  0.322419E+04
  0.293008E+01  0.551285E+04  0.322542E+04
  0.293233E+01  0.642490E+04  0.320792E+04
  0.293458E+01  0.881390E+04  0.323344E+04
  0.293683E+01  0.120811E+05  0.321440E+04
  0.293908E+01  0.191575E+04  0.322538E+04
  0.294133E+01 -0.130750E+03  0.321692E+04
  0.294358E+01  0.513225E+04  0.321805E+04
  0.294583E+01  0.337940E+04  0.322857E+04
  0.294808E+01  0.380315E+04  0.321249E+04
  0.295033E+01  0.352690E+04  0.321329E+04
  0.295258E+01  0.377640E+04  0.321927E+04
  0.295483E+01  0.101753E+05  0.321942E+04
  0.295708E+01  0.510045E+04  0.322445E+04
  0.295933E+01  0.513545E+04  0.320976E+04
  0.296158E+01  0.942150E+04  0.321545E+04
  0.296383E+01  0.327215E+04  0.320633E+04
  0.296608E+01  0.989400E+04  0.322581E+04
  0.296833E+01  0.360560E+04  0.319894E+04
  0.297058E+01  0.184015E+04  0.321214E+04
  0.297283E+01 -0.442635E+04  0.322923E+04
  0.297508E+01  0.947220E+04  0.319999E+04
  0.297733E+01  0.302940E+04  0.321379E+04
  0.297958E+01  0.421385E+04  0.319508E+04
  0.298183E+01  0.186515E+04  0.321763E+04
  0.298408E+01  0.487500E+03  0.320527E+04
  0.298633E+01  0.202320E+04  0.320187E+04
  0.298858E+01  0.422745E+04  0.322304E+04
  0.299083E+01 -0.256950E+03  0.317695E+04
  0.299308E+01  0.910535E+04  0.322078E+04
  0.299532E+01  0.439455E+04  0.320441E+04
  0.299757E+01  0.207385E+04  0.319276E+04
  0.299982E+01  0.886630E+04  0.322528E+04
  0.300207E+01  0.820590E+04  0.317625E+04
  0.300432E+01  0.104291E+05  0.322091E+04
  0.300657E+01  0.622145E+04  0.318568E+04
  0.300882E+01 -0.182455E+04  0.320709E+04
  0.301107E+01  0.288485E+04  0.321825E+04
  0.301332E+01  0.112800E+04  0.318912E+04
  0.301557E+01  0.138820E+04  0.321231E+04
  0.301782E+01 -0.161240E+04  0.318030E+04
  0.302007E+01 -0.108835E+04  0.319681E+04
  0.302232E+01  0.972390E+04  0.319939E+04
  0.302457E+01  0.276735E+04  0.318599E+04
  0.302682E+01 -0.331615E+04  0.321193E+04
  0.302907E+01  0.185700E+03  0.318396E+04
  0.303132E+01 -0.436850E+03  0.320758E+04
  0.303357E+01  0.103465E+04  0.318407E+04
  0.303582E+01  0.306200E+04  0.317561E+04
  0.303807E+01  0.104226E+05  0.320724E+04
  0.304032E+01  0.592125E+04  0.317989E+04
  0.304257E+01  0.157060E+04  0.320496E+04
  0.304482E+01 -0.163705E+04  0.317907E+04
  0.304707E+01  0.665065E+04  0.318318E+04
  0.304932E+01  0.641680E+04  0.320435E+04
  0.305157E+01  0.378520E+04  0.317678E+04
  0.305382E+01 -0.237460E+04  0.319678E+04
  0.305607E+01  0.326100E+03  0.316941E+04
  0.305832E+01  0.615600E+04  0.319239E+04
  0.306057E+01 -0.394840E+04  0.319627E+04
  0.306282E+01  0.177560E+04  0.316603E+04
  0.306507E+01  0.848865E+04  0.319530E+04
  0.306732E+01  0.562520E+04  0.316712E+04
  0.306956E+01  0.972300E+03  0.320142E+04
  0.307181E+01  0.113150E+04  0.317636E+04
  0.307406E+01  0.126975E+04  0.316933E+04
  0.307631E+01  0.915440E+04  0.319255E+04
  0.307856E+01  0.762320E+04  0.317075E+04
  0.308081E+01  0.483365E+04  0.318994E+04
  0.308306E+01  0.169450E+04  0.316637E+04
  0.308531E+01  0.440380E+04  0.318100E+04
  0.308756E+01  0.414460E+04  0.318824E+04
  0.308981E+01 -0.139170E+04  0.317393E+04
  0.309206E+01  0.612845E+04  0.319251E+04
  0.309431E+01  0.305920E+04  0.315216E+04
  0.309656E+01 -0.722000E+02  0.318261E+04
  0.309881E+01  0.188725E+04  0.317961E+04
  0.310106E+01  0.694750E+04  0.318167E+04
  0.310331E+01  0.653490E+04  0.318232E+04
  0.310556E+01  0.549855E+04  0.316399E+04
  0.310781E+01  0.299650E+03  0.318639E+04
  0.311006E+01  0.462360E+04  0.317198E+04
  0.311231E+01  0.641540E+04  0.317147E+04
  0.311456E+01  0.665575E+04  0.317418E+04
  0.311681E+01  0.171065E+04  0.316744E+04
  0.311906E+01  0.579540E+04  0.319224E+04
  0.312131E+01  0.150090E+04  0.316260E+04
  0.312356E+01  0.445020E+04  0.318376E+04
  0.312581E+01  0.969410E+04  0.316916E+04
  0.312806E+01  0.977950E+04  0.317091E+04
  0.313031E+01  0.461585E+04  0.317046E+04
  0.313256E+01  0.776920E+04  0.315547E+04
  0.313481E+01  0.895380E+04  0.318701E+04
  0.313706E+01  0.119707E+05  0.317338E+04
  0.313931E+01  0.121845E+05  0.317044E+04
  0.314156E+01  0.764600E+04  0.317154E+04
  0.314380E+01  0.107690E+05  0.314959E+04
  0.314605E+01  0.111912E+05  0.317641E+04
  0.314830E+01  0.507405E+04  0.315452E+04
  0.315055E+01  0.631325E+04  0.316345E+04
  0.315280E+01  0.311465E+04  0.317408E+04
  0.315505E+01  0.454740E+04  0.315391E+04
  0.315730E+01  0.427195E+04  0.318259E+04
  0.315955E+01 -0.128495E+04  0.315935E+04
  0.316180E+01 -0.437665E+04  0.317433E+04
  0.316405E+01  0.388115E+04  0.316321E+04
  0.316630E+01  0.193330E+04  0.316290E+04
  0.316855E+01  0.680595E+04  0.315976E+04
  0.317080E+01  0.361700E+04  0.315326E+04
  0.317305E+01  0.952350E+03  0.317408E+04
  0.317530E+01  0.460335E+04  0.315699E+04
  0.317755E+01  0.117033E+05  0.315709E+04
  0.317980E+01  0.744830E+04  0.315369E+04
  0.318205E+01  0.410075E+04  0.314962E+04
  0.318430E+01 -0.327300E+03  0.318104E+04
  0.318655E+01  0.258145E+04  0.314086E+04
  0.318880E+01  0.207325E+04  0.315993E+04
  0.319105E+01  0.410180E+04  0.315364E+04
  0.319330E+01  0.749605E+04  0.315801E+04
  0.319555E+01  0.112146E+05  0.317030E+04
  0.319780E+01  0.395995E+04  0.313523E+04
  0.320005E+01 -0.201420E+04  0.316695E+04
  0.320230E+01  0.305760E+04  0.314097E+04
  0.320455E+01  0.464360E+04  0.316446E+04
  0.320680E+01  0.463365E+04  0.315842E+04
  0.320905E+01  0.562925E+04  0.313618E+04
  0.321130E+01  0.705125E+04  0.316534E+04
  0.321355E+01  0.626585E+04  0.313216E+04
  0.321580E+01  0.393750E+04  0.315565E+04
  0.321804E+01  0.228950E+03  0.314827E+04
  0.322029E+01  0.763540E+04  0.314469E+04
  0.322254E+01  0.112479E+05  0.317717E+04
  0.322479E+01  0.460925E+04  0.312278E+04
  0.322704E+01 -0.173215E+04  0.315546E+04
  0.322929E+01  0.318690E+04  0.314575E+04
  0.323154E+01 -0.203815E+04  0.316217E+04
  0.323379E+01 -0.114550E+04  0.315700E+04
  0.323604E+01  0.684360E+04  0.312529E+04
  0.323829E+01  0.573530E+04  0.316458E+04
  0.324054E+01  0.268120E+04  0.313430E+04
  0.324279E+01  0.361310E+04  0.315448E+04
  0.324504E+01 -0.285750E+04  0.315100E+04
  0.324729E+01  0.406490E+04  0.312817E+04
  0.324954E+01 -0.119560E+04  0.316027E+04
  0.325179E+01  0.294800E+03  0.313532E+04
  0.325404E+01  0.307795E+04  0.314935E+04
  0.325629E+01 -0.114300E+04  0.314596E+04
  0.325854E+01  0.382550E+04  0.314338E+04
  0.326079E+01 -0.413240E+04  0.315891E+04
  0.326304E+01 -0.227760E+04  0.313469E+04
  0.326529E+01  0.432650E+03  0.314572E+04
  0.326754E+01  0.362695E+04  0.313721E+04
  0.326979E+01  0.506000E+04  0.315031E+04
  0.327204E+01 -0.493900E+03  0.314803E+04
  0.327429E+01 -0.222975E+04  0.312266E+04
  0.327654E+01 -0.235485E+04  0.314925E+04
  0.327879E+01  0.638210E+04  0.313359E+04
  0.328104E+01 -0.187500E+03  0.314805E+04
  0.328329E+01  0.255445E+04  0.313186E+04
  0.328554E+01  0.117217E+05  0.313407E+04
  0.328779E+01  0.110931E+05  0.315825E+04
  0.329004E+01  0.594985E+04  0.312855E+04
  0.329229E+01  0.470495E+04  0.314950E+04
  0.329453E+01  0.777955E+04  0.312229E+04
  0.329678E+01  0.392665E+04  0.314240E+04
  0.329903E+01 -0.972400E+03  0.315382E+04
  0.330128E+01  0.446050E+04  0.311704E+04
  0.330353E+01  0.511265E+04  0.314857E+04
  0.330578E+01  0.609205E+04  0.312550E+04
  0.330803E+01  0.530660E+04  0.314227E+04
  0.331028E+01  0.477500E+04  0.313837E+04
  0.331253E+01  0.894150E+03  0.311129E+04
  0.331478E+01 -0.650495E+04  0.315173E+04
  0.331703E+01  0.532315E+04  0.312308E+04
  0.331928E+01  0.231815E+04  0.314663E+04
  0.332153E+01 -0.545450E+03  0.312235E+04
  0.332378E+01  0.668500E+04  0.312457E+04
  0.332603E+01  0.637915E+04  0.314768E+04
  0.332828E+01  0.615355E+04  0.312872E+04
  0.333053E+01  0.104361E+05  0.313603E+04
  0.333278E+01  0.555135E+04  0.312022E+04
  0.333503E+01  0.852360E+04  0.314791E+04
  0.333728E+01  0.348895E+04  0.314460E+04
  0.333953E+01  0.309005E+04  0.311346E+04
  0.334178E+01  0.138156E+05  0.314493E+04
  0.334403E+01  0.900615E+04  0.311484E+04
  0.334628E+01  0.788645E+04  0.314411E+04
  0.334853E+01  0.108843E+05  0.312510E+04
  0.335078E+01  0.526700E+04  0.311282E+04
  0.335303E+01 -0.281100E+04  0.314501E+04
  0.335528E+01  0.301210E+04  0.311932E+04
  0.335753E+01  0.785925E+04  0.314313E+04
  0.335978E+01  0.100117E+05  0.311865E+04
  0.336203E+01  0.470040E+04  0.312957E+04
  0.336428E+01  0.335130E+04  0.313052E+04
  0.336653E+01  0.106213E+05  0.311524E+04
  0.336877E+01  0.991835E+04  0.313993E+04
  0.337102E+01  0.783350E+04  0.311296E+04
  0.337327E+01  0.187565E+04  0.314047E+04
  0.337552E+01  0.279155E+04  0.314270E+04
  0.337777E+01  0.527740E+04  0.310423E+04
  0.338002E+01  0.450660E+04  0.313234E+04
  0.338227E+01  0.390550E+03  0.311299E+04
  0.338452E+01  0.597800E+03  0.313520E+04
  0.338677E+01 -0.183300E+04  0.312315E+04
  0.338902E+01 -0.502000E+04  0.311695E+04
  0.339127E+01 -0.229350E+03  0.313875E+04
  0.339352E+01  0.261915E+04  0.311224E+04
  0.339577E+01  0.285355E+04  0.313146E+04
  0.339802E+01  0.368105E+04  0.311354E+04
  0.340027E+01  0.164865E+04  0.312835E+04
  0.340252E+01  0.819840E+04  0.313144E+04
  0.340477E+01  0.222875E+04  0.312099E+04
  0.340702E+01  0.608500E+03  0.312424E+04
  0.340927E+01  0.436440E+04  0.311666E+04
  0.341152E+01  0.782490E+04  0.314647E+04
  0.341377E+01  0.495555E+04  0.312772E+04
  0.341602E+01  0.409225E+04  0.311208E+04
  0.341827E+01  0.988950E+04  0.313109E+04
  0.342052E+01  0.951645E+04  0.310766E+04
  0.342277E+01  0.621300E+04  0.313117E+04
  0.342502E+01  0.637095E+04  0.311000E+04
  0.342727E+01  0.907750E+03  0.313193E+04
  0.342952E+01  0.437270E+04  0.312667E+04
  0.343177E+01  0.769930E+04  0.311508E+04
  0.343402E+01  0.759980E+04  0.312754E+04
  0.343627E+01  0.132277E+05  0.309374E+04
  0.343852E+01  0.561770E+04  0.313233E+04
  0.344077E+01  0.266715E+04  0.312581E+04
  0.344301E+01 -0.299300E+04  0.311072E+04
  0.344526E+01 -0.384830E+04  0.312909E+04
  0.344751E+01  0.215555E+04  0.309346E+04
  0.344976E+01  0.624285E+04  0.313986E+04
  0.345201E+01  0.986030E+04  0.311110E+04
  0.345426E+01  0.562050E+04  0.311771E+04
  0.345651E+01  0.104665E+05  0.313071E+04
  0.345876E+01  0.836700E+04  0.311023E+04
  0.346101E+01  0.261025E+04  0.313391E+04
  0.346326E+01  0.619325E+04  0.310033E+04
  0.346551E+01  0.313625E+04  0.311232E+04
  0.346776E+01 -0.117810E+04  0.313022E+04
  0.347001E+01  0.149290E+04  0.311142E+04
  0.347226E+01  0.260575E+04  0.313373E+04
  0.347451E+01  0.254440E+04  0.308542E+04
  0.347676E+01  0.132620E+04  0.311984E+04
  0.347901E+01  0.692550E+04  0.312548E+04
  0.348126E+01  0.160010E+04  0.312281E+04
  0.348351E+01 -0.656600E+03  0.311969E+04
  0.348576E+01  0.323810E+04  0.310835E+04
  0.348801E+01  0.413405E+04  0.313174E+04
  0.349026E+01  0.201255E+04  0.311115E+04
  0.349251E+01  0.357440E+04  0.312152E+04
  0.349476E+01  0.855025E+04  0.312649E+04
  0.349701E+01  0.815325E+04  0.311865E+04
  0.349926E+01  0.103375E+04  0.313385E+04
  0.350151E+01  0.595750E+04  0.310255E+04
  0.350376E+01  0.533670E+04  0.311674E+04
  0.350601E+01  0.864195E+04  0.312672E+04
  0.350826E+01  0.844635E+04  0.311015E+04
  0.351051E+01  0.567500E+04  0.313566E+04
  0.351276E+01  0.528125E+04  0.309952E+04
  0.351501E+01  0.570655E+04  0.312489E+04
  0.351725E+01  0.590060E+04  0.311073E+04
  0.351950E+01  0.215980E+04  0.311991E+04
  0.352175E+01  0.903300E+03  0.312338E+04
  0.352400E+01 -0.293645E+04  0.310618E+04
  0.352625E+01  0.260795E+04  0.313934E+04
  0.352850E+01  0.472015E+04  0.310712E+04
  0.353075E+01  0.867280E+04  0.311192E+04
  0.353300E+01  0.648105E+04  0.311438E+04
  0.353525E+01  0.650080E+04  0.311264E+04
  0.353750E+01 -0.298670E+04  0.313878E+04
  0.353975E+01  0.426255E+04  0.309883E+04
  0.354200E+01  0.511580E+04  0.313199E+04
  0.354425E+01  0.548360E+04  0.310362E+04
  0.354650E+01  0.567390E+04  0.311673E+04
  0.354875E+01  0.113832E+05  0.312113E+04
  0.355100E+01  0.627850E+04  0.309484E+04
  0.355325E+01  0.596840E+04  0.313537E+04
  0.355550E+01  0.718040E+04  0.310175E+04
  0.355775E+01  0.487875E+04  0.312155E+04
  0.356000E+01  0.565915E+04  0.310716E+04
  0.356225E+01 -0.294365E+04  0.310152E+04
  0.356450E+01  0.304350E+04  0.313315E+04
  0.356675E+01  0.153621E+05  0.309708E+04
  0.356900E+01  0.798380E+04  0.311523E+04
  0.357125E+01  0.866570E+04  0.310510E+04
  0.357350E+01 -0.224400E+03  0.311124E+04
  0.357575E+01  0.465390E+04  0.313224E+04
  0.357800E+01  0.422945E+04  0.310240E+04
  0.358025E+01  0.343900E+03  0.312221E+04
  0.358250E+01  0.642400E+04  0.311517E+04
  0.358475E+01  0.700895E+04  0.311630E+04
  0.358700E+01  0.233855E+04  0.311184E+04
  0.358925E+01  0.520600E+03  0.309617E+04
  0.359149E+01  0.566400E+04  0.311953E+04
  0.359374E+01  0.655955E+04  0.311033E+04
  0.359599E+01  0.205860E+04  0.311867E+04
  0.359824E+01  0.280200E+04  0.311877E+04
  0.360049E+01  0.244195E+04  0.309701E+04
  0.360274E+01  0.583855E+04  0.313302E+04
  0.360499E+01  0.733775E+04  0.310228E+04
  0.360724E+01  0.134272E+05  0.311316E+04
  0.360949E+01  0.611780E+04  0.312152E+04
  0.361174E+01  0.264825E+04  0.311295E+04
  0.361399E+01  0.375830E+04  0.312584E+04
  0.361624E+01  0.590060E+04  0.309535E+04
  0.361849E+01  0.838870E+04  0.311100E+04
  0.362074E+01  0.217050E+03  0.311355E+04
  0.362299E+01  0.867180E+04  0.311729E+04
  0.362524E+01 -0.182155E+04  0.312691E+04
  0.362749E+01 -0.367900E+04  0.308754E+04
  0.362974E+01 -0.170125E+04  0.310753E+04
  0.363199E+01  0.572220E+04  0.312117E+04
  0.363424E+01  0.478540E+04  0.311403E+04
  0.363649E+01  0.784700E+03  0.311221E+04
  0.363874E+01  0.297030E+04  0.310759E+04
  0.364099E+01  0.714995E+04  0.311897E+04
  0.364324E+01  0.101358E+05  0.310698E+04
  0.364549E+01  0.696390E+04  0.311220E+04
  0.364774E+01  0.802440E+04  0.310883E+04
  0.364999E+01  0.132086E+05  0.312765E+04
  0.365224E+01  0.937560E+04  0.312687E+04
  0.365449E+01  0.612705E+04  0.309724E+04
  0.365674E+01  0.662095E+04  0.310715E+04
  0.365899E+01  0.425580E+04  0.310363E+04
  0.366124E+01  0.817780E+04  0.313046E+04
  0.366349E+01  0.207100E+03  0.311214E+04
  0.366573E+01  0.724750E+04  0.310764E+04
  0.366798E+01  0.718985E+04  0.311640E+04
  0.367023E+01  0.102387E+05  0.310430E+04
  0.367248E+01  0.153740E+05  0.312640E+04
  0.367473E+01  0.928985E+04  0.310441E+04
  0.367698E+01  0.339060E+04  0.311739E+04
  0.367923E+01  0.620085E+04  0.312816E+04
  0.368148E+01  0.178025E+04  0.310484E+04
  0.368373E+01  0.746015E+04  0.311817E+04
  0.368598E+01  0.466940E+04  0.310549E+04
  0.368823E+01 -0.257040E+04  0.312897E+04
  0.369048E+01 -0.131070E+04  0.312610E+04
  0.369273E+01  0.609845E+04  0.309110E+04
  0.369498E+01  0.492050E+03  0.312729E+04
  0.369723E+01 -0.744100E+03  0.311037E+04
  0.369948E+01  0.754760E+04  0.312633E+04
  0.370173E+01  0.690770E+04  0.311245E+04
  0.370398E+01  0.147550E+04  0.311526E+04
  0.370623E+01  0.203460E+04  0.313152E+04
  0.370848E+01  0.154555E+04  0.311783E+04
  0.371073E+01  0.402000E+03  0.310965E+04
  0.371298E+01  0.611815E+04  0.310644E+04
  0.371523E+01 -0.155080E+04  0.312022E+04
  0.371748E+01  0.128280E+04  0.313692E+04
  0.371973E+01  0.862850E+04  0.311750E+04
  0.372198E+01  0.839270E+04  0.311719E+04
  0.372423E+01  0.100442E+05  0.312576E+04
  0.372648E+01  0.739670E+04  0.311701E+04
  0.372873E+01  0.414505E+04  0.313233E+04
  0.373098E+01  0.364350E+03  0.311124E+04
  0.373323E+01  0.926050E+03  0.311600E+04
  0.373548E+01  0.388065E+04  0.312560E+04
  0.373773E+01  0.558110E+04  0.312950E+04
  0.373997E+01  0.127785E+04  0.311730E+04
  0.374222E+01 -0.310090E+04  0.311308E+04
  0.374447E+01 -0.501360E+04  0.312632E+04
  0.374672E+01 -0.677500E+02  0.312318E+04
  0.374897E+01  0.317365E+04  0.312237E+04
  0.375122E+01  0.404395E+04  0.311873E+04
  0.375347E+01  0.240435E+04  0.312686E+04
  0.375572E+01  0.513480E+04  0.313256E+04
  0.375797E+01  0.921500E+03  0.312505E+04
  0.376022E+01 -0.752840E+04  0.311264E+04
  0.376247E+01 -0.563650E+03  0.312477E+04
  0.376472E+01 -0.535500E+02  0.312341E+04
  0.376697E+01  0.343720E+04  0.311958E+04
  0.376922E+01  0.301410E+04  0.312100E+04
  0.377147E+01 -0.210955E+04  0.312423E+04
  0.377372E+01  0.581015E+04  0.312697E+04
  0.377597E+01  0.291275E+04  0.312430E+04
  0.377822E+01  0.498580E+04  0.311994E+04
  0.378047E+01  0.108966E+05  0.311795E+04
  0.378272E+01  0.859680E+04  0.312008E+04
  0.378497E+01  0.164555E+04  0.313140E+04
  0.378722E+01 -0.447860E+04  0.312223E+04
  0.378947E+01  0.271045E+04  0.312505E+04
  0.379172E+01  0.108556E+05  0.313470E+04
  0.379397E+01  0.212010E+04  0.313380E+04
  0.379622E+01 -0.325950E+03  0.313141E+04
  0.379847E+01  0.182750E+04  0.312548E+04
  0.380072E+01  0.659120E+04  0.312878E+04
  0.380297E+01  0.742215E+04  0.313891E+04
  0.380522E+01  0.901725E+04  0.313036E+04
  0.380747E+01  0.497685E+04  0.313099E+04
  0.380972E+01  0.290130E+04  0.312929E+04
  0.381197E+01  0.738900E+03  0.313626E+04
  0.381422E+01  0.296555E+04  0.314016E+04
  0.381646E+01  0.699280E+04  0.312725E+04
  0.381871E+01  0.503105E+04  0.313148E+04
  0.382096E+01  0.490785E+04  0.312764E+04
  0.382321E+01  0.103648E+05  0.314309E+04
  0.382546E+01  0.486550E+04  0.313007E+04
  0.382771E+01  0.691310E+04  0.312358E+04
  0.382996E+01  0.607815E+04  0.313137E+04
  0.383221E+01  0.726005E+04  0.313845E+04
  0.383446E+01  0.726915E+04  0.313154E+04
  0.383671E+01  0.584400E+03  0.312515E+04
  0.383896E+01 -0.270335E+04  0.313650E+04
  0.384121E+01  0.439875E+04  0.314812E+04
  0.384346E+01  0.576920E+04  0.313828E+04
  0.384571E+01  0.489930E+04  0.314403E+04
  0.384796E+01  0.347455E+04  0.314015E+04
  0.385021E+01  0.692435E+04  0.313821E+04
  0.385246E+01 -0.551050E+03  0.314385E+04
  0.385471E+01  0.235120E+04  0.313335E+04
  0.385696E+01  0.448565E+04  0.314271E+04
  0.385921E+01 -0.772800E+03  0.314728E+04
  0.386146E+01 -0.158790E+04  0.314827E+04
  0.386371E+01 -0.364915E+04  0.313453E+04
  0.386596E+01  0.688345E+04  0.313460E+04
  0.386821E+01 -0.625000E+02  0.315313E+04
  0.387046E+01  0.408905E+04  0.314904E+04
  0.387271E+01  0.293580E+04  0.314181E+04
  0.387496E+01  0.626675E+04  0.313843E+04
  0.387721E+01  0.106185E+04  0.313614E+04
  0.387946E+01  0.151615E+04  0.314639E+04
  0.388171E+01  0.181847E+05  0.313961E+04
  0.388396E+01  0.884380E+04  0.314759E+04
  0.388621E+01  0.141910E+04  0.314634E+04
  0.388846E+01  0.947850E+03  0.315611E+04
  0.389070E+01  0.594515E+04  0.315259E+04
  0.389295E+01  0.556805E+04  0.312751E+04
  0.389520E+01 -0.778850E+03  0.314177E+04
  0.389745E+01  0.136600E+03  0.314551E+04
  0.389970E+01  0.650560E+04  0.315804E+04
  0.390195E+01  0.117122E+05  0.314540E+04
  0.390420E+01  0.157798E+05  0.314799E+04
  0.390645E+01  0.589040E+04  0.315254E+04
  0.390870E+01  0.118266E+05  0.315953E+04
  0.391095E+01  0.615300E+04  0.314291E+04
  0.391320E+01  0.360325E+04  0.314791E+04
  0.391545E+01  0.830410E+04  0.314606E+04
  0.391770E+01  0.973845E+04  0.316121E+04
  0.391995E+01  0.944600E+03  0.315000E+04
  0.392220E+01  0.121885E+04  0.314980E+04
  0.392445E+01  0.314670E+04  0.316195E+04
  0.392670E+01  0.819890E+04  0.315584E+04
  0.392895E+01  0.680060E+04  0.316880E+04
  0.393120E+01  0.119511E+05  0.314356E+04
  0.393345E+01  0.589365E+04  0.315024E+04
  0.393570E+01 -0.792990E+04  0.315862E+04
  0.393795E+01  0.118160E+04  0.315422E+04
  0.394020E+01  0.109572E+05  0.314533E+04
  0.394245E+01  0.795775E+04  0.315647E+04
  0.394470E+01  0.261230E+04  0.315670E+04
  0.394695E+01  0.260865E+04  0.316317E+04
  0.394920E+01  0.649905E+04  0.314585E+04
  0.395145E+01  0.490840E+04  0.315542E+04
  0.395370E+01 -0.120905E+04  0.316523E+04
  0.395595E+01 -0.357705E+04  0.317269E+04
  0.395820E+01 -0.235150E+03  0.317562E+04
  0.396045E+01  0.448670E+04  0.314733E+04
  0.396270E+01  0.292000E+04  0.316985E+04
  0.396494E+01  0.450650E+03  0.316457E+04
  0.396719E+01  0.545030E+04  0.316059E+04
  0.396944E+01  0.108123E+05  0.316678E+04
  0.397169E+01  0.426520E+04  0.316573E+04
  0.397394E+01  0.541830E+04  0.316481E+04
  0.397619E+01  0.470650E+04  0.317364E+04
  0.397844E+01  0.764925E+04  0.315452E+04
  0.398069E+01  0.839665E+04  0.317649E+04
  0.398294E+01  0.118297E+05  0.317462E+04
  0.398519E+01  0.124951E+05  0.318181E+04
  0.398744E+01  0.752730E+04  0.316213E+04
  0.398969E+01  0.712345E+04  0.316403E+04
  0.399194E+01  0.699070E+04  0.318055E+04
  0.399419E+01  0.383090E+04  0.318655E+04
  0.399644E+01  0.175385E+04  0.317829E+04
  0.399869E+01 -0.299800E+03  0.317622E+04
  0.400094E+01  0.448360E+04  0.317587E+04
  0.400319E+01  0.501370E+04  0.318187E+04
  0.400544E+01  0.124286E+05  0.318112E+04
  0.400769E+01  0.553500E+04  0.317033E+04
  0.400994E+01  0.281165E+04  0.317780E+04
  0.401219E+01  0.508110E+04  0.317903E+04
  0.401444E+01  0.512995E+04  0.319255E+04
  0.401669E+01  0.733825E+04  0.317285E+04
  0.401894E+01  0.662540E+04  0.317679E+04
  0.402119E+01  0.134400E+05  0.319465E+04
  0.402344E+01  0.986900E+04  0.318836E+04
  0.402569E+01  0.108528E+05  0.318366E+04
  0.402794E+01  0.832040E+04  0.318244E+04
  0.403019E+01  0.430500E+02  0.318683E+04
  0.403244E+01 -0.299310E+04  0.319293E+04
  0.403469E+01  0.103200E+03  0.318250E+04
  0.403694E+01 -0.825750E+03  0.318422E+04
  0.403918E+01  0.865045E+04  0.319193E+04
  0.404143E+01  0.995965E+04  0.318655E+04
  0.404368E+01  0.959410E+04  0.319585E+04
  0.404593E+01  0.375400E+04  0.318515E+04
  0.404818E+01  0.321760E+04  0.319478E+04
  0.405043E+01  0.367360E+04  0.320759E+04
  0.405268E+01  0.962880E+04  0.319973E+04
  0.405493E+01  0.643815E+04  0.319500E+04
  0.405718E+01  0.621155E+04  0.319703E+04
  0.405943E+01 -0.999500E+02  0.320480E+04
  0.406168E+01  0.752470E+04  0.319566E+04
  0.406393E+01  0.525580E+04  0.318943E+04
  0.406618E+01  0.530385E+04  0.320297E+04
  0.406843E+01  0.490545E+04  0.320955E+04
  0.407068E+01  0.754500E+03  0.321192E+04
  0.407293E+01  0.761300E+03  0.319759E+04
  0.407518E+01  0.430420E+04  0.319833E+04
  0.407743E+01  0.463000E+04  0.320596E+04
  0.407968E+01  0.138093E+05  0.320436E+04
  0.408193E+01  0.685325E+04  0.321156E+04
  0.408418E+01  0.384370E+04  0.319352E+04
  0.408643E+01  0.234300E+03  0.320042E+04
  0.408868E+01  0.178005E+04  0.322100E+04
  0.409093E+01  0.245175E+04  0.321643E+04
  0.409318E+01 -0.184085E+04  0.321087E+04
  0.409543E+01 -0.173315E+04  0.320932E+04
  0.409768E+01 -0.243460E+04  0.322017E+04
  0.409993E+01  0.394450E+03  0.321987E+04
  0.410218E+01  0.352145E+04  0.320817E+04
  0.410443E+01  0.481750E+04  0.322150E+04
  0.410668E+01 -0.181840E+04  0.323401E+04
  0.410893E+01  0.618740E+04  0.322740E+04
  0.411118E+01  0.469980E+04  0.321644E+04
  0.411342E+01  0.866545E+04  0.321021E+04
  0.411567E+01  0.584380E+04  0.321790E+04
  0.411792E+01  0.734600E+04  0.323751E+04
  0.412017E+01  0.382400E+03  0.322291E+04
  0.412242E+01  0.365070E+04  0.322857E+04
  0.412467E+01  0.128225E+05  0.322621E+04
  0.412692E+01  0.151162E+05  0.323173E+04
  0.412917E+01  0.798040E+04  0.324094E+04
  0.413142E+01  0.864690E+04  0.321203E+04
  0.413367E+01  0.319105E+04  0.323720E+04
  0.413592E+01  0.366830E+04  0.323605E+04
  0.413817E+01  0.283540E+04  0.324344E+04
  0.414042E+01  0.726105E+04  0.322909E+04
  0.414267E+01  0.384765E+04  0.323222E+04
  0.414492E+01  0.185245E+04  0.324443E+04
  0.414717E+01  0.868020E+04  0.323898E+04
  0.414942E+01  0.848130E+04  0.323021E+04
  0.415167E+01  0.846925E+04  0.323959E+04
  0.415392E+01  0.981660E+04  0.323698E+04
  0.415617E+01  0.132662E+05  0.325383E+04
  0.415842E+01  0.976905E+04  0.324043E+04
  0.416067E+01  0.234085E+04  0.323248E+04
  0.416292E+01  0.855445E+04  0.326124E+04
  0.416517E+01  0.111170E+04  0.325879E+04
  0.416742E+01  0.461160E+04  0.325112E+04
  0.416967E+01  0.930790E+04  0.323736E+04
  0.417192E+01  0.544650E+03  0.324456E+04
  0.417417E+01 -0.565650E+03  0.326687E+04
  0.417642E+01  0.788950E+04  0.326452E+04
  0.417867E+01 -0.580000E+02  0.324999E+04
  0.418092E+01  0.187145E+04  0.326213E+04
  0.418317E+01  0.369595E+04  0.325209E+04
  0.418542E+01  0.155335E+04  0.327424E+04
  0.418766E+01  0.270245E+04  0.325652E+04
  0.418991E+01  0.532940E+04  0.326343E+04
  0.419216E+01  0.676510E+04  0.326964E+04
  0.419441E+01  0.412185E+04  0.327378E+04
  0.419666E+01  0.818550E+03  0.326664E+04
  0.419891E+01  0.614435E+04  0.325026E+04
  0.420116E+01  0.701200E+04  0.327525E+04
  0.420341E+01  0.621635E+04  0.328011E+04
  0.420566E+01  0.118500E+04  0.326962E+04
  0.420791E+01  0.648290E+04  0.326448E+04
  0.421016E+01  0.905665E+04  0.327099E+04
  0.421241E+01  0.839445E+04  0.328122E+04
  0.421466E+01  0.125242E+05  0.328375E+04
  0.421691E+01  0.167707E+05  0.327078E+04
  0.421916E+01  0.178813E+05  0.328738E+04
  0.422141E+01  0.625230E+04  0.329178E+04
  0.422366E+01  0.223005E+04  0.329118E+04
  0.422591E+01  0.831780E+04  0.328192E+04
  0.422816E+01  0.799940E+04  0.328802E+04
  0.423041E+01  0.716515E+04  0.330698E+04
  0.423266E+01  0.559685E+04  0.330916E+04
  0.423491E+01  0.457495E+04  0.330015E+04
  0.423716E+01  0.879095E+04  0.328901E+04
  0.423941E+01  0.597650E+03  0.329447E+04
  0.424166E+01 -0.153215E+04  0.329593E+04
  0.424391E+01 -0.706050E+03  0.330414E+04
  0.424616E+01  0.678770E+04  0.330080E+04
  0.424841E+01  0.113105E+05  0.331388E+04
  0.425066E+01  0.746395E+04  0.331150E+04
  0.425291E+01  0.862555E+04  0.331644E+04
  0.425516E+01  0.224655E+04  0.329689E+04
  0.425741E+01  0.210910E+04  0.331605E+04
  0.425966E+01  0.394870E+04  0.331138E+04
  0.426190E+01  0.519550E+04  0.332896E+04
  0.426415E+01  0.641320E+04  0.330570E+04
  0.426640E+01 -0.103740E+04  0.330905E+04
  0.426865E+01  0.608395E+04  0.332007E+04
  0.427090E+01  0.504700E+04  0.332852E+04
  0.427315E+01  0.216905E+04  0.333003E+04
  0.427540E+01  0.484030E+04  0.331952E+04
  0.427765E+01  0.935825E+04  0.333083E+04
  0.427990E+01  0.347105E+04  0.333656E+04
  0.428215E+01  0.815485E+04  0.332882E+04
  0.428440E+01  0.997055E+04  0.332779E+04
  0.428665E+01  0.125832E+05  0.334663E+04
  0.428890E+01  0.104485E+05  0.334599E+04
  0.429115E+01  0.789950E+04  0.334762E+04
  0.429340E+01  0.210890E+04  0.331863E+04
  0.429565E+01  0.213030E+04  0.334348E+04
  0.429790E+01 -0.124050E+04  0.333883E+04
  0.430015E+01  0.400960E+04  0.335364E+04
  0.430240E+01  0.824585E+04  0.335327E+04
  0.430465E+01  0.143702E+05  0.335020E+04
  0.430690E+01  0.113235E+05  0.334875E+04
  0.430915E+01  0.956190E+04  0.335811E+04
  0.431140E+01 -0.809000E+02  0.335454E+04
  0.431365E+01  0.367080E+04  0.335005E+04
  0.431590E+01 -0.884000E+03  0.337124E+04
  0.431815E+01  0.560870E+04  0.336368E+04
  0.432040E+01  0.724290E+04  0.336342E+04
  0.432265E+01  0.107188E+05  0.334909E+04
  0.432490E+01  0.110274E+05  0.337390E+04
  0.432715E+01  0.722950E+04  0.337739E+04
  0.432940E+01  0.155085E+04  0.337237E+04
  0.433165E+01  0.706645E+04  0.336453E+04
  0.433390E+01  0.627770E+04  0.336952E+04
  0.433614E+01  0.366150E+04  0.337213E+04
  0.433839E+01  0.782190E+04  0.338980E+04
  0.434064E+01  0.865175E+04  0.338060E+04
  0.434289E+01  0.410755E+04  0.337983E+04
  0.434514E+01  0.348960E+04  0.339338E+04
  0.434739E+01  0.576705E+04  0.339207E+04
  0.434964E+01  0.407920E+04  0.337592E+04
  0.435189E+01  0.106143E+05  0.337664E+04
  0.435414E+01  0.535880E+04  0.339779E+04
  0.435639E+01  0.767900E+03  0.340398E+04
  0.435864E+01  0.357210E+04  0.340005E+04
  0.436089E+01  0.394580E+04  0.339746E+04
  0.436314E+01 -0.245420E+04  0.340809E+04
  0.436539E+01  0.405650E+04  0.341409E+04
  0.436764E+01  0.134344E+05  0.341214E+04
  0.436989E+01  0.130257E+05  0.339606E+04
  0.437214E+01  0.896675E+04  0.342437E+04
  0.437439E+01  0.790585E+04  0.342054E+04
  0.437664E+01  0.105656E+05  0.342138E+04
  0.437889E+01  0.954455E+04  0.340849E+04
  0.438114E+01  0.916695E+04  0.341428E+04
  0.438339E+01  0.840390E+04  0.344023E+04
  0.438564E+01  0.563125E+04  0.343896E+04
  0.438789E+01  0.339500E+03  0.342491E+04
  0.439014E+01 -0.304910E+04  0.342323E+04
  0.439239E+01  0.324830E+04  0.343627E+04
  0.439464E+01  0.102462E+05  0.345290E+04
  0.439689E+01  0.524040E+04  0.344091E+04
  0.439914E+01  0.513830E+04  0.343725E+04
  0.440139E+01  0.230195E+04  0.346325E+04
  0.440364E+01  0.855425E+04  0.345449E+04
  0.440589E+01  0.682990E+04  0.344001E+04
  0.440814E+01  0.274800E+04  0.345282E+04
  0.441039E+01 -0.340250E+03  0.346852E+04
  0.441263E+01  0.335290E+04  0.347863E+04
  0.441488E+01  0.425320E+04  0.347489E+04
  0.441713E+01  0.345805E+04  0.345677E+04
  0.441938E+01 -0.302750E+03  0.346708E+04
  0.442163E+01  0.141025E+04  0.347160E+04
  0.442388E+01 -0.425750E+03  0.347776E+04
  0.442613E+01  0.476320E+04  0.346790E+04
  0.442838E+01  0.302020E+04  0.346963E+04
  0.443063E+01  0.457070E+04  0.348019E+04
  0.443288E+01  0.617360E+04  0.348348E+04
  0.443513E+01  0.341985E+04  0.349457E+04
  0.443738E+01  0.484570E+04  0.349352E+04
  0.443963E+01  0.274660E+04  0.349433E+04
  0.444188E+01  0.360750E+04  0.350653E+04
  0.444413E+01  0.594565E+04  0.350056E+04
  0.444638E+01  0.136405E+04  0.349374E+04
  0.444863E+01  0.358510E+04  0.350357E+04
  0.445088E+01  0.479045E+04  0.351308E+04
  0.445313E+01  0.555865E+04  0.351275E+04
  0.445538E+01  0.116106E+05  0.351420E+04
  0.445763E+01  0.645720E+04  0.351323E+04
  0.445988E+01  0.103730E+04  0.352063E+04
  0.446213E+01  0.309775E+04  0.352356E+04
  0.446438E+01  0.961935E+04  0.352582E+04
  0.446663E+01  0.146350E+05  0.353769E+04
  0.446888E+01  0.616890E+04  0.354257E+04
  0.447113E+01  0.513775E+04  0.355107E+04
  0.447338E+01  0.730830E+04  0.353529E+04
  0.447563E+01  0.594700E+04  0.351795E+04
  0.447788E+01 -0.130080E+04  0.354321E+04
  0.448013E+01  0.701575E+04  0.354370E+04
  0.448238E+01  0.137265E+05  0.355397E+04
  0.448463E+01  0.107547E+05  0.353861E+04
  0.448687E+01  0.928565E+04  0.355656E+04
  0.448912E+01  0.743790E+04  0.356161E+04
  0.449137E+01  0.365085E+04  0.357130E+04
  0.449362E+01  0.573200E+03  0.356561E+04
  0.449587E+01 -0.144950E+03  0.357471E+04
  0.449812E+01  0.724465E+04  0.357613E+04
  0.450037E+01  0.489890E+04  0.358792E+04
  0.450262E+01  0.795785E+04  0.356711E+04
  0.450487E+01  0.105859E+05  0.358564E+04
  0.450712E+01  0.155141E+05  0.359118E+04
  0.450937E+01  0.137335E+05  0.359933E+04
  0.451162E+01  0.101846E+05  0.359158E+04
  0.451387E+01  0.163378E+05  0.359877E+04
  0.451612E+01  0.150931E+05  0.359545E+04
  0.451837E+01  0.232670E+04  0.360867E+04
  0.452062E+01  0.676115E+04  0.362312E+04
  0.452287E+01  0.114108E+05  0.362435E+04
  0.452512E+01  0.115156E+05  0.363364E+04
  0.452737E+01  0.101872E+05  0.363156E+04
  0.452962E+01  0.154520E+04  0.363661E+04
  0.453187E+01 -0.326550E+03  0.363016E+04
  0.453412E+01  0.551570E+04  0.364163E+04
  0.453637E+01  0.144207E+05  0.364870E+04
  0.453862E+01  0.472300E+04  0.366098E+04
  0.454087E+01  0.108338E+05  0.365744E+04
  0.454312E+01  0.970880E+04  0.366793E+04
  0.454537E+01  0.162127E+05  0.367106E+04
  0.454762E+01  0.120606E+05  0.368438E+04
  0.454987E+01  0.113090E+05  0.367434E+04
  0.455212E+01  0.112008E+05  0.366245E+04
  0.455437E+01  0.117060E+05  0.368885E+04
  0.455662E+01  0.919245E+04  0.368076E+04
  0.455887E+01  0.812320E+04  0.369579E+04
  0.456111E+01  0.779910E+04  0.370374E+04
  0.456336E+01  0.869760E+04  0.371184E+04
  0.456561E+01  0.908495E+04  0.372083E+04
  0.456786E+01  0.106292E+05  0.372011E+04
  0.457011E+01  0.149504E+05  0.371959E+04
  0.457236E+01  0.812375E+04  0.372845E+04
  0.457461E+01  0.348795E+04  0.372715E+04
  0.457686E+01  0.292105E+04  0.373962E+04
  0.457911E+01  0.520385E+04  0.375685E+04
  0.458136E+01  0.982690E+04  0.375645E+04
  0.458361E+01  0.418325E+04  0.376751E+04
  0.458586E+01  0.909095E+04  0.374873E+04
  0.458811E+01  0.132823E+05  0.375600E+04
  0.459036E+01  0.556470E+04  0.376753E+04
  0.459261E+01  0.624420E+04  0.377724E+04
  0.459486E+01  0.644185E+04  0.377951E+04
  0.459711E+01  0.929815E+04  0.378251E+04
  0.459936E+01  0.935100E+04  0.378667E+04
  0.460161E+01  0.645895E+04  0.379310E+04
  0.460386E+01  0.109096E+05  0.380990E+04
  0.460611E+01  0.110830E+05  0.380346E+04
  0.460836E+01  0.407900E+03  0.381733E+04
  0.461061E+01  0.525100E+03  0.382577E+04
  0.461286E+01 -0.407680E+04  0.383462E+04
  0.461511E+01 -0.232035E+04  0.382888E+04
  0.461736E+01  0.395245E+04  0.383564E+04
  0.461961E+01  0.496060E+04  0.384494E+04
  0.462186E+01  0.114230E+05  0.385373E+04
  0.462411E+01  0.136432E+05  0.383979E+04
  0.462636E+01  0.474550E+04  0.385762E+04
  0.462861E+01  0.768305E+04  0.385739E+04
  0.463086E+01  0.148352E+05  0.387386E+04
  0.463311E+01  0.116049E+05  0.386805E+04
  0.463535E+01  0.216172E+05  0.389243E+04
  0.463760E+01  0.188178E+05  0.389739E+04
  0.463985E+01  0.200714E+05  0.389149E+04
  0.464210E+01  0.827150E+04  0.389723E+04
  0.464435E+01  0.753450E+04  0.388897E+04
  0.464660E+01  0.705040E+04  0.391609E+04
  0.464885E+01  0.129428E+05  0.392379E+04
  0.465110E+01  0.154881E+05  0.393868E+04
  0.465335E+01  0.134948E+05  0.392667E+04
  0.465560E+01  0.163811E+05  0.393580E+04
  0.465785E+01  0.448260E+04  0.395204E+04
  0.466010E+01  0.284025E+04  0.395302E+04
  0.466235E+01  0.713075E+04  0.396803E+04
  0.466460E+01  0.687205E+04  0.397462E+04
  0.466685E+01  0.644120E+04  0.396981E+04
  0.466910E+01  0.269905E+04  0.398516E+04
  0.467135E+01  0.135047E+05  0.399721E+04
  0.467360E+01  0.141250E+05  0.399559E+04
  0.467585E+01  0.118420E+05  0.400968E+04
  0.467810E+01  0.172936E+05  0.400944E+04
  0.468035E+01  0.991005E+04  0.400651E+04
  0.468260E+01  0.610885E+04  0.402910E+04
  0.468485E+01 -0.981500E+03  0.404848E+04
  0.468710E+01 -0.600940E+04  0.405427E+04
  0.468935E+01 -0.391425E+04  0.406125E+04
  0.469160E+01  0.633800E+04  0.406920E+04
  0.469385E+01  0.130831E+05  0.408089E+04
  0.469610E+01  0.115507E+05  0.409071E+04
  0.469835E+01  0.151113E+05  0.409346E+04
  0.470060E+01  0.948970E+04  0.412254E+04
  0.470285E+01  0.110206E+05  0.413242E+04
  0.470510E+01  0.678640E+04  0.414632E+04
  0.470735E+01  0.682580E+04  0.415515E+04
  0.470959E+01  0.116291E+05  0.414933E+04
  0.471184E+01  0.137213E+05  0.415658E+04
  0.471409E+01  0.171778E+05  0.415645E+04
  0.471634E+01  0.428735E+04  0.417361E+04
  0.471859E+01  0.955605E+04  0.418386E+04
  0.472084E+01  0.142847E+05  0.419855E+04
  0.472309E+01  0.104366E+05  0.420825E+04
  0.472534E+01  0.130270E+04  0.422043E+04
  0.472759E+01  0.356920E+04  0.423321E+04
  0.472984E+01  0.773605E+04  0.422382E+04
  0.473209E+01  0.262090E+04  0.426003E+04
  0.473434E+01 -0.370850E+03  0.426217E+04
  0.473659E+01 -0.620550E+03  0.427176E+04
  0.473884E+01  0.565040E+04  0.427794E+04
  0.474109E+01  0.106633E+05  0.430190E+04
  0.474334E+01  0.138341E+05  0.431118E+04
  0.474559E+01  0.160557E+05  0.432587E+04
  0.474784E+01  0.818760E+04  0.435600E+04
  0.475009E+01  0.400495E+04  0.437846E+04
  0.475234E+01  0.453895E+04  0.437780E+04
  0.475459E+01  0.933530E+04  0.438513E+04
  0.475684E+01  0.702825E+04  0.439831E+04
  0.475909E+01  0.344250E+03  0.441429E+04
  0.476134E+01  0.760970E+04  0.440033E+04
  0.476359E+01  0.853345E+04  0.443188E+04
  0.476584E+01  0.155883E+05  0.444448E+04
  0.476809E+01  0.818830E+04  0.447477E+04
  0.477034E+01 -0.673075E+04  0.448797E+04
  0.477259E+01  0.719620E+04  0.449974E+04
  0.477484E+01  0.116496E+05  0.453584E+04
  0.477709E+01  0.123418E+05  0.453256E+04
  0.477934E+01  0.108442E+05  0.455080E+04
  0.478159E+01  0.717565E+04  0.454467E+04
  0.478383E+01  0.797195E+04  0.457403E+04
  0.478608E+01  0.148771E+05  0.459749E+04
  0.478833E+01  0.100496E+05  0.462374E+04
  0.479058E+01  0.176592E+05  0.462198E+04
  0.479283E+01  0.214651E+05  0.464924E+04
  0.479508E+01  0.122611E+05  0.469618E+04
  0.479733E+01  0.407965E+04  0.471041E+04
  0.479958E+01  0.762550E+04  0.473837E+04
  0.480183E+01  0.922085E+04  0.473563E+04
  0.480408E+01  0.980900E+04  0.476429E+04
  0.480633E+01  0.431690E+04  0.477173E+04
  0.480858E+01  0.708735E+04  0.479622E+04
  0.481083E+01  0.730125E+04  0.483336E+04
  0.481308E+01  0.182540E+04  0.485100E+04
  0.481533E+01  0.122713E+05  0.488189E+04
  0.481758E+01  0.104628E+05  0.491163E+04
  0.481983E+01  0.175056E+05  0.495313E+04
  0.482208E+01  0.148449E+05  0.496738E+04
  0.482433E+01  0.181206E+05  0.500306E+04
  0.482658E+01  0.148302E+05  0.501833E+04
  0.482883E+01  0.154257E+05  0.504667E+04
  0.483108E+01  0.151253E+05  0.507060E+04
  0.483333E+01  0.103261E+05  0.509445E+04
  0.483558E+01 -0.105810E+04  0.512681E+04
  0.483783E+01  0.583275E+04  0.516247E+04
  0.484008E+01  0.255853E+05  0.523126E+04
  0.484233E+01  0.202872E+05  0.525363E+04
  0.484458E+01  0.157064E+05  0.528637E+04
  0.484683E+01  0.171660E+05  0.531266E+04
  0.484908E+01  0.205852E+05  0.535537E+04
  0.485133E+01  0.161487E+05  0.540549E+04
  0.485358E+01  0.791035E+04  0.546252E+04
  0.485583E+01  0.872685E+04  0.550431E+04
----------C:\Users2005\Paoletti.1005\data\fran2_072.dat-----------------------------
raw data file C:\Users2005\Paoletti.1005\fran2_072.mar2300                      
Sample:     Fab      c=4  mg/ml Code :                                          
X33 MAR345 data take started: Sat Oct 22 01:35:11 2005                          
                    finished: Sat Oct 22 01:39:37 2005                          
Processed by MAR-PRIMUS: Sat Oct 22 12:20:40 2005                               
 Channels from            1  to         2476                                    
  Angular axis file saxis1019.dat                                               
 BeamCenter_X=    2182.510       BeamCenter_Y=    1130.420                      
 Datector response file none Mask file mask_20051019.msk                        
 Calibration channel            3                                               
 Scale factor   10000000.0000000       Offset    1000.00000000000               
----------C:\Users2005\Paoletti.1005\data\fran2_071.dat-----------------------------
raw data file C:\Users2005\Paoletti.1005\fran2_071.mar2300                      
Sample:     buffer Fab      c=0  mg/ml Code :                                   
X33 MAR345 data take started: Sat Oct 22 01:28:53 2005                          
                    finished: Sat Oct 22 01:33:20 2005                          
Processed by MAR-PRIMUS: Sat Oct 22 12:20:27 2005                               
 Channels from            1  to         2476                                    
  Angular axis file saxis1019.dat                                               
 BeamCenter_X=    2182.510       BeamCenter_Y=    1130.420                      
 Datector response file none Mask file mask_20051019.msk                        
 Calibration channel            3                                               
 Scale factor   10000000.0000000       Offset    1000.00000000000               
