 Merge of: bars_002.dat bars_029.dat bars_033.dat
bars_002.dat  Conc = .10E+01  Mult = .10E+01  N1 =  350  N2 = 2013  SCALE =  1
bars_029.dat  Conc = .10E+01  Mult = .85E+00  N1 =   37  N2 =  500  SCALE =  1
bars_033.dat  Conc = .10E+01  Mult = .83E+00  N1 =   15  N2 =  500  SCALE =  1
 0.160800E+00  0.801270E+04  0.130082E+03
 0.165100E+00  0.795858E+04  0.117300E+03
 0.169500E+00  0.794431E+04  0.108103E+03
 0.173900E+00  0.770357E+04  0.103188E+03
 0.178200E+00  0.758543E+04  0.938484E+02
 0.182600E+00  0.750097E+04  0.881125E+02
 0.187000E+00  0.745770E+04  0.654899E+02
 0.191300E+00  0.725002E+04  0.524197E+02
 0.195700E+00  0.711533E+04  0.496657E+02
 0.200100E+00  0.693253E+04  0.482936E+02
 0.204400E+00  0.683331E+04  0.449051E+02
 0.208800E+00  0.680113E+04  0.427925E+02
 0.213200E+00  0.657526E+04  0.400671E+02
 0.217500E+00  0.644002E+04  0.347048E+02
 0.221900E+00  0.636974E+04  0.331914E+02
 0.226200E+00  0.630165E+04  0.305085E+02
 0.230600E+00  0.614617E+04  0.291257E+02
 0.235000E+00  0.599329E+04  0.285044E+02
 0.239300E+00  0.588412E+04  0.268835E+02
 0.243700E+00  0.580911E+04  0.260424E+02
 0.248100E+00  0.576070E+04  0.258814E+02
 0.252400E+00  0.566786E+04  0.245732E+02
 0.256800E+00  0.555474E+04  0.238920E+02
 0.261200E+00  0.547385E+04  0.238836E+02
 0.265500E+00  0.537035E+04  0.227389E+02
 0.269900E+00  0.530126E+04  0.221816E+02
 0.274300E+00  0.522934E+04  0.221559E+02
 0.278600E+00  0.514346E+04  0.211714E+02
 0.283000E+00  0.504770E+04  0.207351E+02
 0.287400E+00  0.496470E+04  0.207316E+02
 0.291700E+00  0.482780E+04  0.197589E+02
 0.296100E+00  0.477788E+04  0.198861E+02
 0.300400E+00  0.471777E+04  0.190410E+02
 0.304800E+00  0.464667E+04  0.187579E+02
 0.309200E+00  0.456845E+04  0.187373E+02
 0.313500E+00  0.450983E+04  0.180279E+02
 0.317900E+00  0.441998E+04  0.177195E+02
 0.322300E+00  0.436456E+04  0.177982E+02
 0.326600E+00  0.432661E+04  0.171132E+02
 0.331000E+00  0.422629E+04  0.168213E+02
 0.335400E+00  0.412909E+04  0.169604E+02
 0.339700E+00  0.410291E+04  0.163011E+02
 0.344100E+00  0.406945E+04  0.160174E+02
 0.348500E+00  0.400722E+04  0.162510E+02
 0.352800E+00  0.393315E+04  0.155805E+02
 0.357200E+00  0.387290E+04  0.153363E+02
 0.361600E+00  0.381658E+04  0.155257E+02
 0.365900E+00  0.376371E+04  0.148617E+02
 0.370300E+00  0.370359E+04  0.150785E+02
 0.374600E+00  0.363981E+04  0.145700E+02
 0.379000E+00  0.360500E+04  0.143492E+02
 0.383400E+00  0.356753E+04  0.145022E+02
 0.387700E+00  0.351749E+04  0.140581E+02
 0.392100E+00  0.344314E+04  0.138281E+02
 0.396500E+00  0.339189E+04  0.139920E+02
 0.400800E+00  0.333090E+04  0.135077E+02
 0.405200E+00  0.327478E+04  0.132857E+02
 0.409600E+00  0.322457E+04  0.135033E+02
 0.413900E+00  0.320173E+04  0.130635E+02
 0.418300E+00  0.316480E+04  0.128298E+02
 0.422700E+00  0.314229E+04  0.130291E+02
 0.427000E+00  0.308165E+04  0.126158E+02
 0.431400E+00  0.301181E+04  0.123757E+02
 0.435800E+00  0.296640E+04  0.125837E+02
 0.440100E+00  0.293837E+04  0.121908E+02
 0.444500E+00  0.286749E+04  0.120253E+02
 0.448900E+00  0.282944E+04  0.123633E+02
 0.453200E+00  0.280197E+04  0.120437E+02
 0.457600E+00  0.276466E+04  0.122269E+02
 0.461900E+00  0.271190E+04  0.119690E+02
 0.466300E+00  0.272930E+04  0.120836E+02
 0.470700E+00  0.267639E+04  0.122860E+02
 0.475000E+00  0.264025E+04  0.120025E+02
 0.479400E+00  0.262173E+04  0.119981E+02
 0.483800E+00  0.260070E+04  0.121773E+02
 0.488100E+00  0.254491E+04  0.119513E+02
 0.492500E+00  0.250875E+04  0.118439E+02
 0.496900E+00  0.248362E+04  0.120935E+02
 0.501200E+00  0.244466E+04  0.118078E+02
 0.505600E+00  0.239638E+04  0.117413E+02
 0.510000E+00  0.238906E+04  0.119518E+02
 0.514300E+00  0.238806E+04  0.116907E+02
 0.518700E+00  0.238047E+04  0.116087E+02
 0.523100E+00  0.234731E+04  0.118184E+02
 0.527400E+00  0.229328E+04  0.115071E+02
 0.531800E+00  0.226921E+04  0.117146E+02
 0.536100E+00  0.223941E+04  0.114475E+02
 0.540500E+00  0.220036E+04  0.114071E+02
 0.544900E+00  0.218797E+04  0.115895E+02
 0.549200E+00  0.214804E+04  0.113109E+02
 0.553600E+00  0.213109E+04  0.112828E+02
 0.558000E+00  0.210401E+04  0.114434E+02
 0.562300E+00  0.206258E+04  0.111578E+02
 0.566700E+00  0.204855E+04  0.110856E+02
 0.571100E+00  0.202748E+04  0.113682E+02
 0.575400E+00  0.200004E+04  0.110438E+02
 0.579800E+00  0.199657E+04  0.110180E+02
 0.584200E+00  0.195420E+04  0.112073E+02
 0.588500E+00  0.194535E+04  0.109449E+02
 0.592900E+00  0.193292E+04  0.108927E+02
 0.597300E+00  0.190942E+04  0.111321E+02
 0.601600E+00  0.189426E+04  0.107855E+02
 0.606000E+00  0.187412E+04  0.110360E+02
 0.610300E+00  0.183253E+04  0.107578E+02
 0.614700E+00  0.180599E+04  0.107327E+02
 0.619100E+00  0.177980E+04  0.109185E+02
 0.623400E+00  0.177310E+04  0.106401E+02
 0.627800E+00  0.174028E+04  0.106211E+02
 0.632200E+00  0.171174E+04  0.108075E+02
 0.636500E+00  0.170809E+04  0.105411E+02
 0.640900E+00  0.167373E+04  0.104991E+02
 0.645300E+00  0.165344E+04  0.107135E+02
 0.649600E+00  0.163970E+04  0.104429E+02
 0.654000E+00  0.164147E+04  0.104130E+02
 0.658400E+00  0.163258E+04  0.106091E+02
 0.662700E+00  0.160320E+04  0.103459E+02
 0.667100E+00  0.157244E+04  0.102978E+02
 0.671500E+00  0.157176E+04  0.105182E+02
 0.675800E+00  0.156072E+04  0.102627E+02
 0.680200E+00  0.153507E+04  0.101918E+02
 0.684600E+00  0.149874E+04  0.104302E+02
 0.688900E+00  0.148568E+04  0.100888E+02
 0.693300E+00  0.147747E+04  0.103467E+02
 0.697600E+00  0.145196E+04  0.100747E+02
 0.702000E+00  0.142720E+04  0.100574E+02
 0.706400E+00  0.141263E+04  0.102377E+02
 0.710700E+00  0.141829E+04  0.999648E+01
 0.715100E+00  0.140969E+04  0.997614E+01
 0.719500E+00  0.139730E+04  0.101736E+02
 0.723800E+00  0.137927E+04  0.990179E+01
 0.728200E+00  0.135593E+04  0.987300E+01
 0.732600E+00  0.134069E+04  0.100829E+02
 0.736900E+00  0.131922E+04  0.983767E+01
 0.741300E+00  0.131501E+04  0.977932E+01
 0.745700E+00  0.128386E+04  0.100018E+02
 0.750000E+00  0.129032E+04  0.975939E+01
 0.754400E+00  0.127480E+04  0.969951E+01
 0.758800E+00  0.125996E+04  0.992441E+01
 0.763100E+00  0.124169E+04  0.961125E+01
 0.767500E+00  0.123840E+04  0.986307E+01
 0.771800E+00  0.123885E+04  0.960425E+01
 0.776200E+00  0.122222E+04  0.960836E+01
 0.780600E+00  0.119463E+04  0.977599E+01
 0.784900E+00  0.117612E+04  0.954018E+01
 0.789300E+00  0.116285E+04  0.953365E+01
 0.793700E+00  0.115363E+04  0.970016E+01
 0.798000E+00  0.114470E+04  0.946153E+01
 0.802400E+00  0.115179E+04  0.944376E+01
 0.806800E+00  0.112865E+04  0.963003E+01
 0.811100E+00  0.109750E+04  0.940955E+01
 0.815500E+00  0.109198E+04  0.935828E+01
 0.819900E+00  0.109692E+04  0.957422E+01
 0.824200E+00  0.108217E+04  0.932499E+01
 0.828600E+00  0.105564E+04  0.929088E+01
 0.833000E+00  0.105059E+04  0.949188E+01
 0.837300E+00  0.104644E+04  0.920752E+01
 0.841700E+00  0.102052E+04  0.943671E+01
 0.846000E+00  0.100523E+04  0.921603E+01
 0.850400E+00  0.999589E+03  0.918689E+01
 0.854800E+00  0.988771E+03  0.890182E+01
 0.859100E+00  0.984422E+03  0.652179E+01
 0.863500E+00  0.975838E+03  0.621729E+01
 0.867900E+00  0.969072E+03  0.640913E+01
 0.872200E+00  0.959289E+03  0.617501E+01
 0.876600E+00  0.935697E+03  0.618619E+01
 0.881000E+00  0.921470E+03  0.630681E+01
 0.885300E+00  0.915017E+03  0.616427E+01
 0.889700E+00  0.911551E+03  0.614299E+01
 0.894100E+00  0.893521E+03  0.623895E+01
 0.898400E+00  0.886576E+03  0.613843E+01
 0.902800E+00  0.886835E+03  0.614664E+01
 0.907200E+00  0.880570E+03  0.603723E+01
 0.911600E+00  0.860551E+03  0.624782E+01
 0.915900E+00  0.853316E+03  0.608304E+01
 0.920300E+00  0.834168E+03  0.599887E+01
 0.924700E+00  0.839282E+03  0.620781E+01
 0.929000E+00  0.828511E+03  0.602283E+01
 0.933400E+00  0.820237E+03  0.597678E+01
 0.937800E+00  0.810782E+03  0.613906E+01
 0.942100E+00  0.801051E+03  0.601400E+01
 0.946500E+00  0.785679E+03  0.594164E+01
 0.950900E+00  0.774107E+03  0.609680E+01
 0.955200E+00  0.767462E+03  0.597769E+01
 0.959600E+00  0.754113E+03  0.589894E+01
 0.964000E+00  0.755692E+03  0.605715E+01
 0.968300E+00  0.744681E+03  0.591598E+01
 0.972700E+00  0.729014E+03  0.591757E+01
 0.977100E+00  0.732575E+03  0.587887E+01
 0.981500E+00  0.723662E+03  0.601019E+01
 0.985800E+00  0.704288E+03  0.587551E+01
 0.990200E+00  0.693893E+03  0.583719E+01
 0.994600E+00  0.689267E+03  0.585914E+01
 0.998900E+00  0.694006E+03  0.636480E+01
 0.100300E+01  0.695256E+03  0.539147E+01
 0.100800E+01  0.688340E+03  0.657930E+01
 0.101200E+01  0.675030E+03  0.643800E+01
 0.101600E+01  0.665208E+03  0.537784E+01
 0.102100E+01  0.658879E+03  0.697217E+01
 0.102500E+01  0.649210E+03  0.523905E+01
 0.103000E+01  0.634219E+03  0.670433E+01
 0.103400E+01  0.629928E+03  0.642109E+01
 0.103800E+01  0.630499E+03  0.517328E+01
 0.104300E+01  0.625425E+03  0.667435E+01
 0.104700E+01  0.609938E+03  0.652975E+01
 0.105100E+01  0.603504E+03  0.529184E+01
 0.105600E+01  0.594929E+03  0.635974E+01
 0.106000E+01  0.586534E+03  0.631320E+01
 0.106400E+01  0.580747E+03  0.527990E+01
 0.106900E+01  0.573687E+03  0.685346E+01
 0.107300E+01  0.560908E+03  0.513853E+01
 0.107800E+01  0.559548E+03  0.658358E+01
 0.108200E+01  0.561723E+03  0.629320E+01
 0.108600E+01  0.552781E+03  0.509019E+01
 0.109100E+01  0.556075E+03  0.653905E+01
 0.109500E+01  0.543125E+03  0.642114E+01
 0.109900E+01  0.529738E+03  0.521428E+01
 0.110400E+01  0.528562E+03  0.674401E+01
 0.110800E+01  0.514019E+03  0.503499E+01
 0.111300E+01  0.520656E+03  0.628708E+01
 0.111700E+01  0.515213E+03  0.652683E+01
 0.112100E+01  0.504848E+03  0.504590E+01
 0.112600E+01  0.493801E+03  0.646004E+01
 0.113000E+01  0.489423E+03  0.631858E+01
 0.113400E+01  0.487940E+03  0.501965E+01
 0.113900E+01  0.486324E+03  0.625661E+01
 0.114300E+01  0.491245E+03  0.629631E+01
 0.114700E+01  0.479664E+03  0.511688E+01
 0.115200E+01  0.460662E+03  0.663816E+01
 0.115600E+01  0.455670E+03  0.494413E+01
 0.116100E+01  0.453474E+03  0.620097E+01
 0.116500E+01  0.452840E+03  0.642531E+01
 0.116900E+01  0.456450E+03  0.495964E+01
 0.117400E+01  0.440529E+03  0.636403E+01
 0.117800E+01  0.439240E+03  0.622989E+01
 0.118200E+01  0.431583E+03  0.506296E+01
 0.118700E+01  0.431517E+03  0.656196E+01
 0.119100E+01  0.426611E+03  0.489530E+01
 0.119600E+01  0.420453E+03  0.653099E+01
 0.120000E+01  0.416669E+03  0.531246E+01
 0.120400E+01  0.404439E+03  0.303288E+01
 0.120900E+01  0.401226E+03  0.375625E+01
 0.121300E+01  0.398517E+03  0.367562E+01
 0.121700E+01  0.393785E+03  0.310708E+01
 0.122200E+01  0.392995E+03  0.350186E+01
 0.122600E+01  0.380674E+03  0.364363E+01
 0.123000E+01  0.376793E+03  0.309851E+01
 0.123500E+01  0.379041E+03  0.376124E+01
 0.123900E+01  0.375770E+03  0.299555E+01
 0.124400E+01  0.369622E+03  0.370506E+01
 0.124800E+01  0.361357E+03  0.361695E+01
 0.125200E+01  0.365175E+03  0.306952E+01
 0.125700E+01  0.362283E+03  0.345781E+01
 0.126100E+01  0.351065E+03  0.359091E+01
 0.126500E+01  0.354734E+03  0.304809E+01
 0.127000E+01  0.352835E+03  0.370106E+01
 0.127400E+01  0.339165E+03  0.295076E+01
 0.127900E+01  0.336918E+03  0.364817E+01
 0.128300E+01  0.331788E+03  0.347663E+01
 0.128700E+01  0.322729E+03  0.293476E+01
 0.129200E+01  0.324006E+03  0.363096E+01
 0.129600E+01  0.321950E+03  0.355413E+01
 0.130000E+01  0.324272E+03  0.301213E+01
 0.130500E+01  0.322796E+03  0.339059E+01
 0.130900E+01  0.318245E+03  0.352447E+01
 0.131300E+01  0.311652E+03  0.299525E+01
 0.131800E+01  0.307956E+03  0.363806E+01
 0.132200E+01  0.305165E+03  0.289767E+01
 0.132700E+01  0.306883E+03  0.359340E+01
 0.133100E+01  0.297498E+03  0.350607E+01
 0.133500E+01  0.295900E+03  0.297240E+01
 0.134000E+01  0.289418E+03  0.335164E+01
 0.134400E+01  0.289345E+03  0.347645E+01
 0.134800E+01  0.289251E+03  0.295589E+01
 0.135300E+01  0.280351E+03  0.359196E+01
 0.135700E+01  0.285517E+03  0.286568E+01
 0.136200E+01  0.284586E+03  0.354471E+01
 0.136600E+01  0.276518E+03  0.337699E+01
 0.137000E+01  0.276217E+03  0.285117E+01
 0.137500E+01  0.268069E+03  0.353195E+01
 0.137900E+01  0.255229E+03  0.344569E+01
 0.138300E+01  0.257735E+03  0.292191E+01
 0.138800E+01  0.261849E+03  0.329657E+01
 0.139200E+01  0.255788E+03  0.343044E+01
 0.139600E+01  0.255141E+03  0.291023E+01
 0.140100E+01  0.252470E+03  0.353242E+01
 0.140500E+01  0.249503E+03  0.281802E+01
 0.141000E+01  0.245113E+03  0.348291E+01
 0.141400E+01  0.248286E+03  0.341187E+01
 0.141800E+01  0.245131E+03  0.289294E+01
 0.142300E+01  0.239855E+03  0.325771E+01
 0.142700E+01  0.240141E+03  0.338371E+01
 0.143100E+01  0.237594E+03  0.288348E+01
 0.143600E+01  0.234374E+03  0.349419E+01
 0.144000E+01  0.230282E+03  0.278981E+01
 0.144500E+01  0.231188E+03  0.345737E+01
 0.144900E+01  0.227403E+03  0.328721E+01
 0.145300E+01  0.226517E+03  0.277151E+01
 0.145800E+01  0.222664E+03  0.343712E+01
 0.146200E+01  0.222317E+03  0.336035E+01
 0.146600E+01  0.226096E+03  0.285122E+01
 0.147100E+01  0.224623E+03  0.321358E+01
 0.147500E+01  0.213546E+03  0.333948E+01
 0.147900E+01  0.211972E+03  0.283772E+01
 0.148400E+01  0.211106E+03  0.344665E+01
 0.148800E+01  0.207170E+03  0.275128E+01
 0.149300E+01  0.197848E+03  0.339744E+01
 0.149700E+01  0.203948E+03  0.333317E+01
 0.150100E+01  0.206647E+03  0.281950E+01
 0.150600E+01  0.197071E+03  0.318139E+01
 0.151000E+01  0.199812E+03  0.330571E+01
 0.151400E+01  0.203203E+03  0.281386E+01
 0.151900E+01  0.198145E+03  0.341565E+01
 0.152300E+01  0.198487E+03  0.272962E+01
 0.152800E+01  0.196521E+03  0.337508E+01
 0.153200E+01  0.199602E+03  0.321536E+01
 0.153600E+01  0.195752E+03  0.271269E+01
 0.154100E+01  0.187009E+03  0.335827E+01
 0.154500E+01  0.183294E+03  0.328290E+01
 0.154900E+01  0.184342E+03  0.278115E+01
 0.155400E+01  0.189846E+03  0.338659E+01
 0.155800E+01  0.185737E+03  0.269479E+01
 0.156300E+01  0.183416E+03  0.333205E+01
 0.156700E+01  0.181029E+03  0.318499E+01
 0.157100E+01  0.169319E+03  0.269015E+01
 0.157600E+01  0.177971E+03  0.333394E+01
 0.158000E+01  0.169330E+03  0.326013E+01
 0.158400E+01  0.154311E+03  0.275458E+01
 0.158900E+01  0.160918E+03  0.310522E+01
 0.159300E+01  0.166573E+03  0.323441E+01
 0.159700E+01  0.163590E+03  0.274311E+01
 0.160200E+01  0.162689E+03  0.333526E+01
 0.160600E+01  0.158081E+03  0.266416E+01
 0.161100E+01  0.161097E+03  0.328879E+01
 0.161500E+01  0.160037E+03  0.314297E+01
 0.161900E+01  0.154879E+03  0.265267E+01
 0.162400E+01  0.158105E+03  0.329161E+01
 0.162800E+01  0.160015E+03  0.321800E+01
 0.163200E+01  0.159643E+03  0.273065E+01
 0.163700E+01  0.159104E+03  0.331096E+01
 0.164100E+01  0.149239E+03  0.263987E+01
 0.164600E+01  0.141998E+03  0.326466E+01
 0.165000E+01  0.145918E+03  0.311563E+01
 0.165400E+01  0.149502E+03  0.263271E+01
 0.165900E+01  0.148910E+03  0.325868E+01
 0.166300E+01  0.146173E+03  0.319191E+01
 0.166700E+01  0.149749E+03  0.270188E+01
 0.167200E+01  0.150775E+03  0.304841E+01
 0.167600E+01  0.144889E+03  0.317227E+01
 0.168000E+01  0.133746E+03  0.269070E+01
 0.168500E+01  0.138224E+03  0.327455E+01
 0.168900E+01  0.141441E+03  0.261176E+01
 0.169400E+01  0.132601E+03  0.322549E+01
 0.169800E+01  0.134414E+03  0.308279E+01
 0.170200E+01  0.137964E+03  0.260285E+01
 0.170700E+01  0.134244E+03  0.322255E+01
 0.171100E+01  0.138971E+03  0.315232E+01
 0.171500E+01  0.129131E+03  0.267267E+01
 0.172000E+01  0.122737E+03  0.324397E+01
 0.172400E+01  0.123984E+03  0.259305E+01
 0.172900E+01  0.125180E+03  0.320798E+01
 0.173300E+01  0.124320E+03  0.305622E+01
 0.173700E+01  0.125384E+03  0.258382E+01
 0.174200E+01  0.128862E+03  0.319776E+01
 0.174600E+01  0.126784E+03  0.313282E+01
 0.175000E+01  0.121137E+03  0.264720E+01
 0.175500E+01  0.111199E+03  0.299368E+01
 0.175900E+01  0.113161E+03  0.310669E+01
 0.176300E+01  0.124885E+03  0.264981E+01
 0.176800E+01  0.124733E+03  0.322278E+01
 0.177200E+01  0.122583E+03  0.257069E+01
 0.177700E+01  0.118927E+03  0.317377E+01
 0.178100E+01  0.121347E+03  0.303030E+01
 0.178500E+01  0.124688E+03  0.255894E+01
 0.179000E+01  0.115076E+03  0.316240E+01
 0.179400E+01  0.110271E+03  0.309946E+01
 0.179800E+01  0.110194E+03  0.262754E+01
 0.180300E+01  0.108113E+03  0.319218E+01
 0.180700E+01  0.108978E+03  0.255049E+01
 0.181200E+01  0.107314E+03  0.315367E+01
 0.181600E+01  0.108940E+03  0.300328E+01
 0.182000E+01  0.110584E+03  0.254330E+01
 0.182500E+01  0.114923E+03  0.315069E+01
 0.182900E+01  0.112334E+03  0.308094E+01
 0.183300E+01  0.109680E+03  0.261156E+01
 0.183800E+01  0.109579E+03  0.294599E+01
 0.184200E+01  0.111602E+03  0.306159E+01
 0.184600E+01  0.108210E+03  0.260749E+01
 0.185100E+01  0.111069E+03  0.317060E+01
 0.185500E+01  0.105733E+03  0.252869E+01
 0.186000E+01  0.110801E+03  0.312763E+01
 0.186400E+01  0.109651E+03  0.306795E+01
 0.186800E+01  0.106707E+03  0.259537E+01
 0.187300E+01  0.105340E+03  0.292902E+01
 0.187700E+01  0.103370E+03  0.304705E+01
 0.188100E+01  0.980134E+02  0.258800E+01
 0.188600E+01  0.100557E+03  0.314637E+01
 0.189000E+01  0.944073E+02  0.250859E+01
 0.189500E+01  0.980840E+02  0.310517E+01
 0.189900E+01  0.897755E+02  0.295593E+01
 0.190300E+01  0.922579E+02  0.250808E+01
 0.190800E+01  0.874714E+02  0.309831E+01
 0.191200E+01  0.908799E+02  0.303958E+01
 0.191600E+01  0.960624E+02  0.258970E+01
 0.192100E+01  0.946752E+02  0.292845E+01
 0.192500E+01  0.974841E+02  0.304829E+01
 0.192900E+01  0.917303E+02  0.259316E+01
 0.193400E+01  0.890824E+02  0.315367E+01
 0.193800E+01  0.884184E+02  0.251696E+01
 0.194300E+01  0.862929E+02  0.312024E+01
 0.194700E+01  0.877272E+02  0.305845E+01
 0.195100E+01  0.953724E+02  0.259610E+01
 0.195600E+01  0.953338E+02  0.293422E+01
 0.196000E+01  0.951500E+02  0.305002E+01
 0.196400E+01  0.881686E+02  0.259430E+01
 0.196900E+01  0.802505E+02  0.315162E+01
 0.197300E+01  0.818779E+02  0.251663E+01
 0.197800E+01  0.884566E+02  0.311558E+01
 0.198200E+01  0.842981E+02  0.297283E+01
 0.198600E+01  0.860201E+02  0.251286E+01
 0.199100E+01  0.862585E+02  0.310654E+01
 0.199500E+01  0.838806E+02  0.304664E+01
 0.199900E+01  0.798451E+02  0.258223E+01
 0.200400E+01  0.766589E+02  0.291478E+01
 0.200800E+01  0.772813E+02  0.302472E+01
 0.201200E+01  0.799493E+02  0.257699E+01
 0.201700E+01  0.819848E+02  0.313024E+01
 0.202100E+01  0.864708E+02  0.250184E+01
 0.202600E+01  0.859330E+02  0.310531E+01
 0.203000E+01  0.876081E+02  0.303958E+01
 0.203400E+01  0.870872E+02  0.257458E+01
 0.203900E+01  0.866099E+02  0.291224E+01
 0.204300E+01  0.841642E+02  0.302376E+01
 0.204700E+01  0.812611E+02  0.257392E+01
 0.205200E+01  0.780453E+02  0.313464E+01
 0.205600E+01  0.796081E+02  0.249724E+01
 0.206100E+01  0.803163E+02  0.309451E+01
 0.206500E+01  0.773527E+02  0.295159E+01
 0.206900E+01  0.824897E+02  0.249450E+01
 0.207400E+01  0.745752E+02  0.308928E+01
 0.207800E+01  0.759822E+02  0.302897E+01
 0.208200E+01  0.767740E+02  0.255831E+01
 0.208700E+01  0.783380E+02  0.289617E+01
 0.209100E+01  0.822260E+02  0.300869E+01
 0.209500E+01  0.826423E+02  0.256147E+01
 0.210000E+01  0.819908E+02  0.310555E+01
 0.210400E+01  0.714986E+02  0.248227E+01
 0.210900E+01  0.715366E+02  0.305992E+01
 0.211300E+01  0.746289E+02  0.300766E+01
 0.211700E+01  0.761626E+02  0.255114E+01
 0.212200E+01  0.767559E+02  0.287628E+01
 0.212600E+01  0.720910E+02  0.298725E+01
 0.213000E+01  0.723273E+02  0.253662E+01
 0.213500E+01  0.714871E+02  0.308771E+01
 0.213900E+01  0.698855E+02  0.246064E+01
 0.214400E+01  0.683986E+02  0.304932E+01
 0.214800E+01  0.698140E+02  0.290475E+01
 0.215200E+01  0.711570E+02  0.245867E+01
 0.215700E+01  0.730983E+02  0.304197E+01
 0.216100E+01  0.698504E+02  0.297240E+01
 0.216500E+01  0.644053E+02  0.251058E+01
 0.217000E+01  0.692337E+02  0.305984E+01
 0.217400E+01  0.727531E+02  0.243584E+01
 0.217900E+01  0.754152E+02  0.301324E+01
 0.218300E+01  0.728096E+02  0.287353E+01
 0.218700E+01  0.714223E+02  0.242991E+01
 0.219200E+01  0.733134E+02  0.299861E+01
 0.219600E+01  0.722970E+02  0.293171E+01
 0.220000E+01  0.682888E+02  0.247601E+01
 0.220500E+01  0.716661E+02  0.278545E+01
 0.220900E+01  0.699024E+02  0.289846E+01
 0.221300E+01  0.699183E+02  0.246070E+01
 0.221800E+01  0.733470E+02  0.299235E+01
 0.222200E+01  0.681439E+02  0.238787E+01
 0.222700E+01  0.664831E+02  0.295731E+01
 0.223100E+01  0.700179E+02  0.282340E+01
 0.223500E+01  0.716753E+02  0.238814E+01
 0.224000E+01  0.693283E+02  0.295790E+01
 0.224400E+01  0.715739E+02  0.289999E+01
 0.224800E+01  0.758720E+02  0.245580E+01
 0.225300E+01  0.751546E+02  0.298957E+01
 0.225700E+01  0.758623E+02  0.238387E+01
 0.226200E+01  0.661947E+02  0.294823E+01
 0.226600E+01  0.659350E+02  0.280914E+01
 0.227000E+01  0.657477E+02  0.237444E+01
 0.227500E+01  0.657569E+02  0.293771E+01
 0.227900E+01  0.647703E+02  0.288553E+01
 0.228300E+01  0.632054E+02  0.244243E+01
 0.228800E+01  0.736218E+02  0.275775E+01
 0.229200E+01  0.685167E+02  0.286855E+01
 0.229600E+01  0.597461E+02  0.243788E+01
 0.230100E+01  0.630288E+02  0.296312E+01
 0.230500E+01  0.619732E+02  0.236637E+01
 0.231000E+01  0.631809E+02  0.293260E+01
 0.231400E+01  0.631976E+02  0.279125E+01
 0.231800E+01  0.651301E+02  0.236406E+01
 0.232300E+01  0.623137E+02  0.292051E+01
 0.232700E+01  0.658102E+02  0.286852E+01
 0.233100E+01  0.699876E+02  0.243284E+01
 0.233600E+01  0.688891E+02  0.296062E+01
 0.234000E+01  0.707091E+02  0.235700E+01
 0.234500E+01  0.734922E+02  0.292032E+01
 0.234900E+01  0.761307E+02  0.278543E+01
 0.235300E+01  0.710060E+02  0.235369E+01
 0.235800E+01  0.751839E+02  0.291490E+01
 0.236200E+01  0.792951E+02  0.285892E+01
 0.236600E+01  0.690137E+02  0.242044E+01
 0.237100E+01  0.677830E+02  0.273273E+01
 0.237500E+01  0.672057E+02  0.284187E+01
 0.237900E+01  0.644572E+02  0.241470E+01
 0.238400E+01  0.621589E+02  0.293937E+01
 0.238800E+01  0.633601E+02  0.234852E+01
 0.239300E+01  0.626471E+02  0.290667E+01
 0.239700E+01  0.626572E+02  0.284342E+01
 0.240100E+01  0.620116E+02  0.241693E+01
 0.240600E+01  0.645322E+02  0.271800E+01
 0.241000E+01  0.704788E+02  0.283485E+01
 0.241400E+01  0.687259E+02  0.240967E+01
 0.241900E+01  0.610223E+02  0.293094E+01
 0.242300E+01  0.619912E+02  0.233292E+01
 0.242800E+01  0.631466E+02  0.289060E+01
 0.243200E+01  0.692977E+02  0.275985E+01
 0.243600E+01  0.647527E+02  0.233360E+01
 0.244100E+01  0.636894E+02  0.289244E+01
 0.244500E+01  0.648672E+02  0.283024E+01
 0.244900E+01  0.591744E+02  0.240015E+01
 0.245400E+01  0.671803E+02  0.271026E+01
 0.245800E+01  0.623560E+02  0.281949E+01
 0.246200E+01  0.633256E+02  0.239266E+01
 0.246700E+01  0.642219E+02  0.291744E+01
 0.247100E+01  0.613197E+02  0.232518E+01
 0.247600E+01  0.589848E+02  0.288216E+01
 0.248000E+01  0.637849E+02  0.282098E+01
 0.248400E+01  0.713076E+02  0.239436E+01
 0.248900E+01  0.658614E+02  0.269820E+01
 0.249300E+01  0.633104E+02  0.281149E+01
 0.249700E+01  0.658158E+02  0.239252E+01
 0.250200E+01  0.694525E+02  0.290886E+01
 0.250600E+01  0.682020E+02  0.231996E+01
 0.251100E+01  0.675354E+02  0.287614E+01
 0.251500E+01  0.660725E+02  0.274092E+01
 0.251900E+01  0.621370E+02  0.231641E+01
 0.252400E+01  0.579518E+02  0.286977E+01
 0.252800E+01  0.619822E+02  0.280864E+01
 0.253200E+01  0.654812E+02  0.238367E+01
 0.253700E+01  0.640877E+02  0.268751E+01
 0.254100E+01  0.620628E+02  0.279605E+01
 0.254500E+01  0.688841E+02  0.237984E+01
 0.255000E+01  0.682639E+02  0.289844E+01
 0.255400E+01  0.652655E+02  0.230744E+01
 0.255900E+01  0.676273E+02  0.286510E+01
 0.256300E+01  0.654342E+02  0.280236E+01
 0.256700E+01  0.592579E+02  0.237208E+01
 0.257200E+01  0.576887E+02  0.268196E+01
 0.257600E+01  0.614994E+02  0.280042E+01
 0.258000E+01  0.620522E+02  0.238406E+01
 0.258500E+01  0.694781E+02  0.290171E+01
 0.258900E+01  0.663173E+02  0.231392E+01
 0.259400E+01  0.608003E+02  0.286972E+01
 0.259800E+01  0.661208E+02  0.273868E+01
 0.260200E+01  0.639395E+02  0.231356E+01
 0.260700E+01  0.584188E+02  0.286115E+01
 0.261100E+01  0.543987E+02  0.280764E+01
 0.261500E+01  0.582046E+02  0.237949E+01
 0.262000E+01  0.580715E+02  0.268756E+01
 0.262400E+01  0.656161E+02  0.279874E+01
 0.262800E+01  0.605662E+02  0.238359E+01
 0.263300E+01  0.601814E+02  0.289846E+01
 0.263700E+01  0.646899E+02  0.231031E+01
 0.264200E+01  0.626830E+02  0.286568E+01
 0.264600E+01  0.579746E+02  0.279651E+01
 0.265000E+01  0.598625E+02  0.237792E+01
 0.265500E+01  0.604016E+02  0.267824E+01
 0.265900E+01  0.619146E+02  0.279285E+01
 0.266300E+01  0.587526E+02  0.237036E+01
 0.266800E+01  0.663194E+02  0.288919E+01
 0.267200E+01  0.641412E+02  0.230303E+01
 0.267700E+01  0.661529E+02  0.285136E+01
 0.268100E+01  0.653849E+02  0.271705E+01
 0.268500E+01  0.642113E+02  0.229786E+01
 0.269000E+01  0.586477E+02  0.283546E+01
 0.269400E+01  0.596633E+02  0.277954E+01
 0.269800E+01  0.629476E+02  0.235774E+01
 0.270300E+01  0.623136E+02  0.286446E+01
 0.270700E+01  0.631189E+02  0.228796E+01
 0.271200E+01  0.606535E+02  0.282838E+01
 0.271600E+01  0.609619E+02  0.270054E+01
 0.272000E+01  0.606236E+02  0.228459E+01
 0.272500E+01  0.529186E+02  0.282751E+01
 0.272900E+01  0.513367E+02  0.276722E+01
 0.273300E+01  0.599349E+02  0.235106E+01
 0.273800E+01  0.631333E+02  0.265416E+01
 0.274200E+01  0.666447E+02  0.276357E+01
 0.274600E+01  0.645265E+02  0.234126E+01
 0.275100E+01  0.658875E+02  0.285891E+01
 0.275500E+01  0.630047E+02  0.227634E+01
 0.276000E+01  0.672676E+02  0.282216E+01
 0.276400E+01  0.674129E+02  0.269883E+01
 0.276800E+01  0.617211E+02  0.227902E+01
 0.277300E+01  0.649761E+02  0.282068E+01
 0.277700E+01  0.606266E+02  0.276423E+01
 0.278100E+01  0.590172E+02  0.234547E+01
 0.278600E+01  0.639560E+02  0.284398E+01
 0.279000E+01  0.605267E+02  0.227921E+01
 0.279500E+01  0.611191E+02  0.281270E+01
 0.279900E+01  0.612539E+02  0.268575E+01
 0.280300E+01  0.648917E+02  0.226930E+01
 0.280800E+01  0.607893E+02  0.281243E+01
 0.281200E+01  0.601935E+02  0.275464E+01
 0.281600E+01  0.624308E+02  0.233851E+01
 0.282100E+01  0.638972E+02  0.263951E+01
 0.282500E+01  0.593154E+02  0.274647E+01
 0.282900E+01  0.553798E+02  0.233910E+01
 0.283400E+01  0.579484E+02  0.283997E+01
 0.283800E+01  0.586408E+02  0.226670E+01
 0.284300E+01  0.528208E+02  0.280835E+01
 0.284700E+01  0.555819E+02  0.267945E+01
 0.285100E+01  0.614793E+02  0.226373E+01
 0.285600E+01  0.619334E+02  0.280561E+01
 0.286000E+01  0.599360E+02  0.274628E+01
 0.286400E+01  0.609274E+02  0.233070E+01
 0.286900E+01  0.605519E+02  0.283278E+01
 0.287300E+01  0.580222E+02  0.226521E+01
 0.287800E+01  0.612461E+02  0.280359E+01
 0.288200E+01  0.608507E+02  0.267515E+01
 0.288600E+01  0.566914E+02  0.225826E+01
 0.289100E+01  0.560858E+02  0.280046E+01
 0.289500E+01  0.578759E+02  0.274416E+01
 0.289900E+01  0.608801E+02  0.232502E+01
 0.290400E+01  0.604521E+02  0.262520E+01
 0.290800E+01  0.588084E+02  0.273080E+01
 0.291200E+01  0.592247E+02  0.232721E+01
 0.291700E+01  0.597341E+02  0.283316E+01
 0.292100E+01  0.638036E+02  0.226084E+01
 0.292600E+01  0.643279E+02  0.280117E+01
 0.293000E+01  0.637109E+02  0.266900E+01
 0.293400E+01  0.692223E+02  0.225446E+01
 0.293900E+01  0.646847E+02  0.279878E+01
 0.294300E+01  0.647688E+02  0.273900E+01
 0.294700E+01  0.652481E+02  0.231912E+01
 0.295200E+01  0.645854E+02  0.282601E+01
 0.295600E+01  0.621969E+02  0.225525E+01
 0.296100E+01  0.546662E+02  0.278438E+01
 0.296500E+01  0.526491E+02  0.266299E+01
 0.296900E+01  0.622074E+02  0.225793E+01
 0.297400E+01  0.620201E+02  0.279376E+01
 0.297800E+01  0.616827E+02  0.273648E+01
 0.298200E+01  0.580677E+02  0.232347E+01
 0.298700E+01  0.580287E+02  0.261371E+01
 0.299100E+01  0.543797E+02  0.272265E+01
 0.299500E+01  0.596277E+02  0.231694E+01
 0.300000E+01  0.611989E+02  0.282087E+01
 0.300400E+01  0.622825E+02  0.225115E+01
 0.300900E+01  0.651855E+02  0.279106E+01
 0.301300E+01  0.679932E+02  0.272996E+01
 0.301700E+01  0.590579E+02  0.231471E+01
 0.302200E+01  0.579057E+02  0.261772E+01
 0.302600E+01  0.600745E+02  0.271517E+01
 0.303000E+01  0.589744E+02  0.231555E+01
 0.303500E+01  0.596109E+02  0.281310E+01
 0.303900E+01  0.550528E+02  0.224639E+01
 0.304400E+01  0.546679E+02  0.278108E+01
 0.304800E+01  0.543888E+02  0.265707E+01
 0.305200E+01  0.569483E+02  0.224457E+01
 0.305700E+01  0.618067E+02  0.278733E+01
 0.306100E+01  0.574533E+02  0.272459E+01
 0.306500E+01  0.553796E+02  0.231362E+01
 0.307000E+01  0.534543E+02  0.260758E+01
 0.307400E+01  0.579464E+02  0.271927E+01
 0.307800E+01  0.575492E+02  0.231054E+01
 0.308300E+01  0.573403E+02  0.280616E+01
 0.308700E+01  0.590199E+02  0.224459E+01
 0.309200E+01  0.595388E+02  0.277449E+01
 0.309600E+01  0.563149E+02  0.272274E+01
 0.310000E+01  0.605591E+02  0.230686E+01
 0.310500E+01  0.576226E+02  0.260859E+01
 0.310900E+01  0.588231E+02  0.271263E+01
 0.311300E+01  0.616769E+02  0.231535E+01
 0.311800E+01  0.617361E+02  0.280504E+01
 0.312200E+01  0.581808E+02  0.224249E+01
 0.312700E+01  0.621802E+02  0.277936E+01
 0.313100E+01  0.629122E+02  0.265395E+01
 0.313500E+01  0.601083E+02  0.223782E+01
 0.314000E+01  0.556862E+02  0.277236E+01
 0.314400E+01  0.527212E+02  0.272043E+01
 0.314800E+01  0.580291E+02  0.230455E+01
 0.315300E+01  0.595463E+02  0.260722E+01
 0.315700E+01  0.596699E+02  0.271576E+01
 0.316100E+01  0.626654E+02  0.231321E+01
 0.316600E+01  0.644695E+02  0.280958E+01
 0.317000E+01  0.583310E+02  0.224609E+01
 0.317500E+01  0.606568E+02  0.277276E+01
 0.317900E+01  0.574131E+02  0.272183E+01
 0.318300E+01  0.560624E+02  0.230708E+01
 0.318800E+01  0.598952E+02  0.260749E+01
 0.319200E+01  0.630745E+02  0.270872E+01
 0.319600E+01  0.618932E+02  0.230679E+01
 0.320100E+01  0.604758E+02  0.280479E+01
 0.320500E+01  0.557834E+02  0.223874E+01
 0.321000E+01  0.557357E+02  0.277197E+01
 0.321400E+01  0.573356E+02  0.264725E+01
 0.321800E+01  0.587701E+02  0.223712E+01
 0.322300E+01  0.594134E+02  0.277867E+01
 0.322700E+01  0.570862E+02  0.271566E+01
 0.323100E+01  0.567769E+02  0.230252E+01
 0.323600E+01  0.506504E+02  0.259995E+01
 0.324000E+01  0.539167E+02  0.270565E+01
 0.324400E+01  0.600332E+02  0.230413E+01
 0.324900E+01  0.593532E+02  0.280783E+01
 0.325300E+01  0.511780E+02  0.224247E+01
 0.325800E+01  0.530765E+02  0.277332E+01
 0.326200E+01  0.526925E+02  0.272164E+01
 0.326600E+01  0.528554E+02  0.230629E+01
 0.327100E+01  0.534438E+02  0.260408E+01
 0.327500E+01  0.526352E+02  0.270824E+01
 0.327900E+01  0.552773E+02  0.230245E+01
 0.328400E+01  0.525922E+02  0.280208E+01
 0.328800E+01  0.521894E+02  0.224331E+01
 0.329300E+01  0.528565E+02  0.276828E+01
 0.329700E+01  0.542272E+02  0.264965E+01
 0.330100E+01  0.562895E+02  0.224238E+01
 0.330600E+01  0.574816E+02  0.278073E+01
 0.331000E+01  0.563176E+02  0.272123E+01
 0.331400E+01  0.568815E+02  0.231006E+01
 0.331900E+01  0.559470E+02  0.280724E+01
 0.332300E+01  0.527827E+02  0.224088E+01
 0.332800E+01  0.578337E+02  0.277758E+01
 0.333200E+01  0.552956E+02  0.264805E+01
 0.333600E+01  0.581802E+02  0.224236E+01
 0.334100E+01  0.547155E+02  0.277503E+01
 0.334500E+01  0.515219E+02  0.272442E+01
 0.334900E+01  0.527329E+02  0.230569E+01
 0.335400E+01  0.525441E+02  0.260690E+01
 0.335800E+01  0.461460E+02  0.270705E+01
 0.336200E+01  0.535893E+02  0.230803E+01
 0.336700E+01  0.574500E+02  0.280662E+01
 0.337100E+01  0.550262E+02  0.224118E+01
 0.337600E+01  0.556471E+02  0.277463E+01
 0.338000E+01  0.605031E+02  0.265352E+01
 0.338400E+01  0.562991E+02  0.224416E+01
 0.338900E+01  0.529340E+02  0.277806E+01
 0.339300E+01  0.550238E+02  0.272083E+01
 0.339700E+01  0.541780E+02  0.231342E+01
 0.340200E+01  0.528695E+02  0.281056E+01
 0.340600E+01  0.605735E+02  0.224626E+01
 0.341100E+01  0.582875E+02  0.278923E+01
 0.341500E+01  0.565066E+02  0.264924E+01
 0.341900E+01  0.570470E+02  0.224245E+01
 0.342400E+01  0.530100E+02  0.278157E+01
 0.342800E+01  0.533665E+02  0.273009E+01
 0.343200E+01  0.544775E+02  0.230868E+01
 0.343700E+01  0.516668E+02  0.261519E+01
 0.344100E+01  0.489121E+02  0.271414E+01
 0.344500E+01  0.463608E+02  0.231765E+01
 0.345000E+01  0.473405E+02  0.281368E+01
 0.345400E+01  0.541071E+02  0.225092E+01
 0.345900E+01  0.534763E+02  0.278615E+01
 0.346300E+01  0.537251E+02  0.265765E+01
 0.346700E+01  0.557713E+02  0.225225E+01
 0.347200E+01  0.514962E+02  0.278594E+01
 0.347600E+01  0.560393E+02  0.273412E+01
 0.348000E+01  0.537823E+02  0.231652E+01
 0.348500E+01  0.484181E+02  0.281639E+01
 0.348900E+01  0.478762E+02  0.224746E+01
 0.349400E+01  0.521493E+02  0.279586E+01
 0.349800E+01  0.534226E+02  0.265944E+01
 0.350200E+01  0.530827E+02  0.225497E+01
 0.350700E+01  0.545647E+02  0.279798E+01
 0.351100E+01  0.518682E+02  0.273920E+01
 0.351500E+01  0.452246E+02  0.232024E+01
 0.352000E+01  0.521403E+02  0.262860E+01
 0.352400E+01  0.561460E+02  0.272762E+01
 0.352800E+01  0.555118E+02  0.232730E+01
 0.353300E+01  0.547570E+02  0.283081E+01
 0.353700E+01  0.588179E+02  0.226147E+01
 0.354200E+01  0.572572E+02  0.279942E+01
 0.354600E+01  0.570793E+02  0.267199E+01
 0.355000E+01  0.614539E+02  0.226078E+01
 0.355500E+01  0.526439E+02  0.279976E+01
 0.355900E+01  0.479927E+02  0.274834E+01
 0.356300E+01  0.490471E+02  0.232378E+01
 0.356800E+01  0.506708E+02  0.283442E+01
 0.357200E+01  0.549653E+02  0.226622E+01
 0.357700E+01  0.514722E+02  0.280790E+01
 0.358100E+01  0.498289E+02  0.267469E+01
 0.358500E+01  0.496949E+02  0.226828E+01
 0.359000E+01  0.506803E+02  0.280341E+01
 0.359400E+01  0.528908E+02  0.275304E+01
 0.359800E+01  0.498535E+02  0.233219E+01
 0.360300E+01  0.557723E+02  0.264087E+01
 0.360700E+01  0.544766E+02  0.274386E+01
 0.361100E+01  0.536633E+02  0.234188E+01
 0.361600E+01  0.555493E+02  0.284607E+01
 0.362000E+01  0.534962E+02  0.227181E+01
 0.362500E+01  0.570073E+02  0.282179E+01
 0.362900E+01  0.543166E+02  0.276283E+01
 0.363300E+01  0.542472E+02  0.234196E+01
 0.363800E+01  0.475628E+02  0.264448E+01
 0.364200E+01  0.430110E+02  0.275305E+01
 0.364600E+01  0.448361E+02  0.234399E+01
 0.365100E+01  0.453328E+02  0.285462E+01
 0.365500E+01  0.499590E+02  0.228047E+01
 0.366000E+01  0.475422E+02  0.282637E+01
 0.366400E+01  0.479606E+02  0.269709E+01
 0.366800E+01  0.481617E+02  0.228412E+01
 0.367300E+01  0.577485E+02  0.282898E+01
 0.367700E+01  0.556295E+02  0.278274E+01
 0.368100E+01  0.526481E+02  0.235509E+01
 0.368600E+01  0.480500E+02  0.265988E+01
 0.369000E+01  0.511277E+02  0.276847E+01
 0.369400E+01  0.536769E+02  0.235828E+01
 0.369900E+01  0.527076E+02  0.286779E+01
 0.370300E+01  0.533052E+02  0.229198E+01
 0.370800E+01  0.522306E+02  0.283881E+01
 0.371200E+01  0.511341E+02  0.278553E+01
 0.371600E+01  0.482927E+02  0.236317E+01
 0.372100E+01  0.492390E+02  0.266787E+01
 0.372500E+01  0.492026E+02  0.277421E+01
 0.372900E+01  0.496697E+02  0.236143E+01
 0.373400E+01  0.511240E+02  0.288665E+01
 0.373800E+01  0.510925E+02  0.229914E+01
 0.374300E+01  0.471969E+02  0.285273E+01
 0.374700E+01  0.484209E+02  0.272077E+01
 0.375100E+01  0.462399E+02  0.230398E+01
 0.375600E+01  0.494641E+02  0.285185E+01
 0.376000E+01  0.475253E+02  0.280357E+01
 0.376400E+01  0.506095E+02  0.237616E+01
 0.376900E+01  0.470472E+02  0.268996E+01
 0.377300E+01  0.523911E+02  0.279642E+01
 0.377700E+01  0.489475E+02  0.237861E+01
 0.378200E+01  0.453535E+02  0.289862E+01
 0.378600E+01  0.465628E+02  0.231484E+01
 0.379100E+01  0.568961E+02  0.287291E+01
 0.379500E+01  0.513791E+02  0.281307E+01
 0.379900E+01  0.492129E+02  0.238957E+01
 0.380400E+01  0.487106E+02  0.269723E+01
 0.380800E+01  0.500197E+02  0.280966E+01
 0.381200E+01  0.496323E+02  0.239139E+01
 0.381700E+01  0.464976E+02  0.291482E+01
 0.382100E+01  0.490784E+02  0.232571E+01
 0.382600E+01  0.484780E+02  0.288900E+01
 0.383000E+01  0.510322E+02  0.275513E+01
 0.383400E+01  0.480602E+02  0.232943E+01
 0.383900E+01  0.463257E+02  0.289154E+01
 0.384300E+01  0.493924E+02  0.284172E+01
 0.384700E+01  0.502806E+02  0.240444E+01
 0.385200E+01  0.550862E+02  0.272255E+01
 0.385600E+01  0.557035E+02  0.283533E+01
 0.386000E+01  0.524537E+02  0.241575E+01
 0.386500E+01  0.454382E+02  0.294017E+01
 0.386900E+01  0.402306E+02  0.234721E+01
 0.387400E+01  0.450529E+02  0.291452E+01
 0.387800E+01  0.441376E+02  0.285188E+01
 0.388200E+01  0.472984E+02  0.242193E+01
 0.388700E+01  0.477975E+02  0.273710E+01
 0.389100E+01  0.474280E+02  0.285638E+01
 0.389500E+01  0.471083E+02  0.243175E+01
 0.390000E+01  0.439568E+02  0.295964E+01
 0.390400E+01  0.502110E+02  0.236274E+01
 0.390900E+01  0.519207E+02  0.293615E+01
 0.391300E+01  0.451019E+02  0.279612E+01
 0.391700E+01  0.422488E+02  0.237034E+01
 0.392200E+01  0.474460E+02  0.293945E+01
 0.392600E+01  0.475014E+02  0.288422E+01
 0.393000E+01  0.439087E+02  0.244403E+01
 0.393500E+01  0.501427E+02  0.298149E+01
 0.393900E+01  0.493347E+02  0.238239E+01
 0.394400E+01  0.514071E+02  0.295824E+01
 0.394800E+01  0.456989E+02  0.282365E+01
 0.395200E+01  0.438287E+02  0.238756E+01
 0.395700E+01  0.441790E+02  0.296449E+01
 0.396100E+01  0.505346E+02  0.291089E+01
 0.396500E+01  0.500839E+02  0.247156E+01
 0.397000E+01  0.434611E+02  0.278436E+01
 0.397400E+01  0.452472E+02  0.290509E+01
 0.397800E+01  0.488528E+02  0.247937E+01
 0.398300E+01  0.488374E+02  0.301648E+01
 0.398700E+01  0.487303E+02  0.240930E+01
 0.399200E+01  0.511276E+02  0.299395E+01
 0.399600E+01  0.471172E+02  0.285340E+01
 0.400000E+01  0.448021E+02  0.242236E+01
 0.400500E+01  0.462824E+02  0.299931E+01
 0.400900E+01  0.484112E+02  0.293924E+01
 0.401300E+01  0.494369E+02  0.249946E+01
 0.401800E+01  0.475486E+02  0.304495E+01
 0.402200E+01  0.491656E+02  0.243150E+01
 0.402700E+01  0.521069E+02  0.302158E+01
 0.403100E+01  0.480528E+02  0.288646E+01
 0.403500E+01  0.456829E+02  0.243883E+01
 0.404000E+01  0.466141E+02  0.302795E+01
 0.404400E+01  0.443917E+02  0.296880E+01
 0.404800E+01  0.469946E+02  0.252217E+01
 0.405300E+01  0.420690E+02  0.284970E+01
 0.405700E+01  0.473868E+02  0.297361E+01
 0.406100E+01  0.460283E+02  0.252903E+01
 0.406600E+01  0.410852E+02  0.308641E+01
 0.407000E+01  0.425692E+02  0.246963E+01
 0.407500E+01  0.403204E+02  0.306638E+01
 0.407900E+01  0.430802E+02  0.292021E+01
 0.408300E+01  0.442256E+02  0.247921E+01
 0.408800E+01  0.446639E+02  0.306955E+01
 0.409200E+01  0.441438E+02  0.301733E+01
 0.409600E+01  0.433364E+02  0.256226E+01
 0.410100E+01  0.447547E+02  0.311984E+01
 0.410500E+01  0.434296E+02  0.249599E+01
 0.411000E+01  0.409000E+02  0.310251E+01
 0.411400E+01  0.417311E+02  0.296063E+01
 0.411800E+01  0.434282E+02  0.250364E+01
 0.412300E+01  0.442745E+02  0.311577E+01
 0.412700E+01  0.433605E+02  0.304759E+01
 0.413100E+01  0.465670E+02  0.259403E+01
 0.413600E+01  0.384971E+02  0.293355E+01
 0.414000E+01  0.404778E+02  0.306593E+01
 0.414400E+01  0.433193E+02  0.260627E+01
 0.414900E+01  0.401343E+02  0.318188E+01
 0.415300E+01  0.448460E+02  0.254256E+01
 0.415800E+01  0.456393E+02  0.316177E+01
 0.416200E+01  0.421438E+02  0.301809E+01
 0.416600E+01  0.415683E+02  0.255637E+01
 0.417100E+01  0.482688E+02  0.316550E+01
 0.417500E+01  0.456050E+02  0.311967E+01
 0.417900E+01  0.427596E+02  0.265156E+01
 0.418400E+01  0.431840E+02  0.322716E+01
 0.418800E+01  0.426090E+02  0.258101E+01
 0.419300E+01  0.411570E+02  0.320660E+01
 0.419700E+01  0.382374E+02  0.306197E+01
 0.420100E+01  0.397376E+02  0.259166E+01
 0.420600E+01  0.409330E+02  0.322747E+01
 0.421000E+01  0.412055E+02  0.316743E+01
 0.421400E+01  0.413444E+02  0.269305E+01
 0.421900E+01  0.360707E+02  0.304632E+01
 0.422300E+01  0.404656E+02  0.317451E+01
 0.422700E+01  0.422042E+02  0.270843E+01
 0.423200E+01  0.460856E+02  0.331347E+01
 0.423600E+01  0.438474E+02  0.264632E+01
 0.424100E+01  0.490270E+02  0.328523E+01
 0.424500E+01  0.477362E+02  0.323374E+01
 0.424900E+01  0.376532E+02  0.274140E+01
 0.425400E+01  0.394303E+02  0.310429E+01
 0.425800E+01  0.401368E+02  0.324393E+01
 0.426200E+01  0.412235E+02  0.276857E+01
 0.426700E+01  0.427921E+02  0.337723E+01
 0.427100E+01  0.416786E+02  0.270632E+01
 0.427600E+01  0.470159E+02  0.335322E+01
 0.428000E+01  0.478967E+02  0.320783E+01
 0.428400E+01  0.412704E+02  0.272399E+01
 0.428900E+01  0.471128E+02  0.338602E+01
 0.429300E+01  0.468006E+02  0.332959E+01
 0.429700E+01  0.421283E+02  0.283302E+01
 0.430200E+01  0.444549E+02  0.320905E+01
 0.430600E+01  0.415785E+02  0.334035E+01
 0.431000E+01  0.379744E+02  0.285679E+01
 0.431500E+01  0.417657E+02  0.349716E+01
 0.431900E+01  0.472358E+02  0.279956E+01
 0.432400E+01  0.459704E+02  0.347808E+01
 0.432800E+01  0.424452E+02  0.341917E+01
 0.433200E+01  0.413532E+02  0.290838E+01
 0.433700E+01  0.362271E+02  0.330147E+01
 0.434100E+01  0.379696E+02  0.344871E+01
 0.434500E+01  0.395378E+02  0.294059E+01
 0.435000E+01  0.462341E+02  0.359974E+01
 0.435400E+01  0.371377E+02  0.288632E+01
 0.435900E+01  0.390322E+02  0.358798E+01
 0.436300E+01  0.406959E+02  0.343663E+01
 0.436700E+01  0.430369E+02  0.292182E+01
 0.437200E+01  0.381398E+02  0.363731E+01
 0.437600E+01  0.387352E+02  0.357917E+01
 0.438000E+01  0.470836E+02  0.304989E+01
 0.438500E+01  0.423210E+02  0.346184E+01
 0.438900E+01  0.377200E+02  0.362533E+01
 0.439300E+01  0.421775E+02  0.310058E+01
 0.439800E+01  0.378869E+02  0.377893E+01
 0.440200E+01  0.377629E+02  0.303924E+01
 0.440700E+01  0.387846E+02  0.378774E+01
 0.441100E+01  0.370659E+02  0.372809E+01
 0.441500E+01  0.410996E+02  0.317716E+01
 0.442000E+01  0.430937E+02  0.361650E+01
 0.442400E+01  0.475880E+02  0.379317E+01
 0.442800E+01  0.456803E+02  0.324174E+01
 0.443300E+01  0.437993E+02  0.395554E+01
 0.443700E+01  0.389594E+02  0.317489E+01
 0.444200E+01  0.432125E+02  0.397529E+01
 0.444600E+01  0.416523E+02  0.381336E+01
 0.445000E+01  0.384167E+02  0.324258E+01
 0.445500E+01  0.445167E+02  0.405393E+01
 0.445900E+01  0.421013E+02  0.399028E+01
 0.446300E+01  0.321842E+02  0.340933E+01
 0.446800E+01  0.350611E+02  0.418158E+01
 0.447200E+01  0.377684E+02  0.336526E+01
 0.447700E+01  0.387286E+02  0.420445E+01
 0.448100E+01  0.344312E+02  0.377884E+01
 0.448500E+01  0.419622E+02  0.396989E+01
---------C:\PKONAREV\!!!Saxs-2003!!!\Bolognesi.a03\Bars_180505\N-C\bars_002.dat-------------------
 05-Dec-2004       (trpt_002.da - 1.000 *Avrag00.dat) / 10.0000                                                                                                                                                                                                 
trpt_002.dat  Conc = .10E+02  Mult = .10E+01  N1 =    1  N2 = 2013  SCALE =  1                                                                                                                                                                                  
 Avrag00.dat  Conc = .10E+01  Mult = .10E+01  N1 =    1  N2 = 2013  SCALE =  1                                                                                                                                                                                  
---------C:\PKONAREV\!!!Saxs-2003!!!\Bolognesi.a03\Bars_180505\N-C\bars_029.dat-------------------
 18-Nov-2004       (mrc_029.dat - 1.000 *Avrag11.dat) /  5.0000                                                                                                                                                                                                 
mrc_029.dat   Conc = .50E+01  Mult = .10E+01  N1 =    1  N2 = 2008  SCALE =  1                                                                                                                                                                                  
 Avrag11.dat  Conc = .10E+01  Mult = .10E+01  N1 =    1  N2 = 2008  SCALE =  1                                                                                                                                                                                  
---------C:\PKONAREV\!!!Saxs-2003!!!\Bolognesi.a03\Bars_180505\N-C\bars_033.dat-------------------
 18-Nov-2004       (mrc_033.dat - 1.000 *Avrag12.dat) /  2.0000                                                                                                                                                                                                 
mrc_033.dat   Conc = .20E+01  Mult = .10E+01  N1 =    1  N2 = 2008  SCALE =  1                                                                                                                                                                                  
 Avrag12.dat  Conc = .10E+01  Mult = .10E+01  N1 =    1  N2 = 2008  SCALE =  1                                                                                                                                                                                  
