 18-Jun-2007       (jari_010.dat - 1.0*jari_011.dat) /  7.8000
jari_010.dat  Conc = .78E+01  N1 =    1  N2 = 2154
jari_011.dat  Conc = 0.0d+0   N1 =    1  N2 = 2154
  0.200268E+00  0.900050E+02  0.886861E+00
  0.202585E+00  0.904440E+02  0.895913E+00
  0.204902E+00  0.927142E+02  0.852508E+00
  0.207219E+00  0.918183E+02  0.853290E+00
  0.209536E+00  0.928014E+02  0.844133E+00
  0.211853E+00  0.922997E+02  0.819977E+00
  0.214170E+00  0.915412E+02  0.819208E+00
  0.216487E+00  0.919687E+02  0.781883E+00
  0.218804E+00  0.922796E+02  0.792296E+00
  0.221121E+00  0.921745E+02  0.777841E+00
  0.223438E+00  0.910271E+02  0.766584E+00
  0.225755E+00  0.913782E+02  0.758410E+00
  0.228072E+00  0.898482E+02  0.735699E+00
  0.230389E+00  0.897451E+02  0.747852E+00
  0.232706E+00  0.895537E+02  0.724553E+00
  0.235023E+00  0.910373E+02  0.720306E+00
  0.237341E+00  0.898781E+02  0.710538E+00
  0.239658E+00  0.878267E+02  0.686839E+00
  0.241975E+00  0.911012E+02  0.707906E+00
  0.244292E+00  0.883638E+02  0.675363E+00
  0.246609E+00  0.890338E+02  0.681336E+00
  0.248926E+00  0.888846E+02  0.675743E+00
  0.251243E+00  0.889094E+02  0.656256E+00
  0.253560E+00  0.899038E+02  0.660727E+00
  0.255877E+00  0.893877E+02  0.642717E+00
  0.258194E+00  0.903799E+02  0.643893E+00
  0.260511E+00  0.884912E+02  0.633322E+00
  0.262828E+00  0.892346E+02  0.634613E+00
  0.265145E+00  0.885172E+02  0.620983E+00
  0.267462E+00  0.877205E+02  0.611382E+00
  0.269779E+00  0.878805E+02  0.617540E+00
  0.272096E+00  0.882163E+02  0.611375E+00
  0.274413E+00  0.882812E+02  0.603051E+00
  0.276730E+00  0.884056E+02  0.598355E+00
  0.279047E+00  0.871528E+02  0.587675E+00
  0.281364E+00  0.867087E+02  0.592156E+00
  0.283681E+00  0.866183E+02  0.575047E+00
  0.285998E+00  0.871733E+02  0.581800E+00
  0.288315E+00  0.873251E+02  0.570905E+00
  0.290632E+00  0.879105E+02  0.567638E+00
  0.292949E+00  0.880526E+02  0.563007E+00
  0.295266E+00  0.867068E+02  0.552997E+00
  0.297583E+00  0.878206E+02  0.558016E+00
  0.299900E+00  0.851872E+02  0.545417E+00
  0.302217E+00  0.850655E+02  0.546125E+00
  0.304534E+00  0.874432E+02  0.543702E+00
  0.306851E+00  0.870690E+02  0.536707E+00
  0.309168E+00  0.853345E+02  0.536409E+00
  0.311485E+00  0.853250E+02  0.524381E+00
  0.313802E+00  0.853737E+02  0.526862E+00
  0.316119E+00  0.858792E+02  0.518779E+00
  0.318436E+00  0.860119E+02  0.517712E+00
  0.320753E+00  0.854406E+02  0.520240E+00
  0.323070E+00  0.846926E+02  0.504087E+00
  0.325387E+00  0.855560E+02  0.513781E+00
  0.327704E+00  0.849868E+02  0.499276E+00
  0.330021E+00  0.843942E+02  0.502917E+00
  0.332338E+00  0.838590E+02  0.499961E+00
  0.334655E+00  0.849036E+02  0.492784E+00
  0.336972E+00  0.850114E+02  0.496041E+00
  0.339289E+00  0.843701E+02  0.483873E+00
  0.341606E+00  0.837400E+02  0.486783E+00
  0.343923E+00  0.836768E+02  0.480675E+00
  0.346241E+00  0.828554E+02  0.475414E+00
  0.348558E+00  0.823872E+02  0.482706E+00
  0.350875E+00  0.835274E+02  0.468670E+00
  0.353192E+00  0.832128E+02  0.472712E+00
  0.355509E+00  0.824067E+02  0.463865E+00
  0.357826E+00  0.815250E+02  0.462452E+00
  0.360143E+00  0.817804E+02  0.465837E+00
  0.362460E+00  0.814387E+02  0.456126E+00
  0.364777E+00  0.808567E+02  0.458368E+00
  0.367094E+00  0.814614E+02  0.452279E+00
  0.369411E+00  0.810978E+02  0.448878E+00
  0.371728E+00  0.810365E+02  0.448999E+00
  0.374045E+00  0.816623E+02  0.443131E+00
  0.376362E+00  0.800351E+02  0.449090E+00
  0.378679E+00  0.803704E+02  0.439319E+00
  0.380996E+00  0.799641E+02  0.439869E+00
  0.383313E+00  0.799438E+02  0.436115E+00
  0.385630E+00  0.792571E+02  0.432718E+00
  0.387947E+00  0.785762E+02  0.433206E+00
  0.390264E+00  0.792685E+02  0.427139E+00
  0.392581E+00  0.787491E+02  0.426858E+00
  0.394898E+00  0.783590E+02  0.423192E+00
  0.397215E+00  0.784859E+02  0.422927E+00
  0.399532E+00  0.793317E+02  0.424580E+00
  0.401849E+00  0.784974E+02  0.415789E+00
  0.404166E+00  0.777397E+02  0.421004E+00
  0.406483E+00  0.776641E+02  0.413501E+00
  0.408800E+00  0.778891E+02  0.415001E+00
  0.411117E+00  0.771667E+02  0.410507E+00
  0.413434E+00  0.769487E+02  0.406822E+00
  0.415751E+00  0.761531E+02  0.407057E+00
  0.418068E+00  0.757890E+02  0.404136E+00
  0.420385E+00  0.764494E+02  0.405186E+00
  0.422702E+00  0.758633E+02  0.399333E+00
  0.425019E+00  0.765455E+02  0.398238E+00
  0.427336E+00  0.755077E+02  0.396509E+00
  0.429653E+00  0.759510E+02  0.395467E+00
  0.431970E+00  0.755208E+02  0.392948E+00
  0.434287E+00  0.751779E+02  0.391899E+00
  0.436604E+00  0.751372E+02  0.391811E+00
  0.438921E+00  0.752095E+02  0.389601E+00
  0.441238E+00  0.755504E+02  0.385776E+00
  0.443555E+00  0.747168E+02  0.388813E+00
  0.445872E+00  0.741760E+02  0.378851E+00
  0.448189E+00  0.741803E+02  0.386649E+00
  0.450506E+00  0.735914E+02  0.377336E+00
  0.452823E+00  0.737737E+02  0.378204E+00
  0.455140E+00  0.733147E+02  0.378591E+00
  0.457458E+00  0.728423E+02  0.373857E+00
  0.459775E+00  0.728765E+02  0.375803E+00
  0.462092E+00  0.726169E+02  0.368773E+00
  0.464409E+00  0.721395E+02  0.372662E+00
  0.466726E+00  0.723653E+02  0.371842E+00
  0.469043E+00  0.719622E+02  0.364396E+00
  0.471360E+00  0.718490E+02  0.368482E+00
  0.473677E+00  0.716424E+02  0.361943E+00
  0.475994E+00  0.710695E+02  0.366160E+00
  0.478311E+00  0.709971E+02  0.361550E+00
  0.480628E+00  0.708558E+02  0.355431E+00
  0.482945E+00  0.708132E+02  0.360103E+00
  0.485262E+00  0.698806E+02  0.354024E+00
  0.487579E+00  0.700355E+02  0.358346E+00
  0.489896E+00  0.703696E+02  0.351273E+00
  0.492213E+00  0.689915E+02  0.351631E+00
  0.494530E+00  0.691210E+02  0.350999E+00
  0.496847E+00  0.694345E+02  0.348981E+00
  0.499164E+00  0.690351E+02  0.349931E+00
  0.501481E+00  0.694827E+02  0.345839E+00
  0.503798E+00  0.687377E+02  0.347634E+00
  0.506115E+00  0.681158E+02  0.347142E+00
  0.508432E+00  0.679323E+02  0.342301E+00
  0.510749E+00  0.674664E+02  0.343093E+00
  0.513066E+00  0.676864E+02  0.339306E+00
  0.515383E+00  0.670873E+02  0.340673E+00
  0.517700E+00  0.667415E+02  0.339973E+00
  0.520017E+00  0.670819E+02  0.335773E+00
  0.522334E+00  0.658321E+02  0.335028E+00
  0.524651E+00  0.653985E+02  0.331582E+00
  0.526968E+00  0.655135E+02  0.335584E+00
  0.529285E+00  0.657256E+02  0.331219E+00
  0.531602E+00  0.653659E+02  0.332018E+00
  0.533919E+00  0.658718E+02  0.330986E+00
  0.536236E+00  0.655026E+02  0.329349E+00
  0.538553E+00  0.650951E+02  0.329390E+00
  0.540870E+00  0.648159E+02  0.325025E+00
  0.543187E+00  0.642742E+02  0.328628E+00
  0.545504E+00  0.645128E+02  0.326443E+00
  0.547821E+00  0.650285E+02  0.325211E+00
  0.550138E+00  0.637760E+02  0.325177E+00
  0.552455E+00  0.638365E+02  0.321447E+00
  0.554772E+00  0.635314E+02  0.324944E+00
  0.557089E+00  0.632888E+02  0.319797E+00
  0.559406E+00  0.633506E+02  0.318641E+00
  0.561723E+00  0.628427E+02  0.320840E+00
  0.564040E+00  0.625060E+02  0.317097E+00
  0.566358E+00  0.622503E+02  0.319496E+00
  0.568675E+00  0.618572E+02  0.312939E+00
  0.570992E+00  0.621836E+02  0.316085E+00
  0.573309E+00  0.614618E+02  0.316133E+00
  0.575626E+00  0.611142E+02  0.314450E+00
  0.577943E+00  0.604671E+02  0.314452E+00
  0.580260E+00  0.609221E+02  0.307471E+00
  0.582577E+00  0.611967E+02  0.311855E+00
  0.584894E+00  0.606596E+02  0.309889E+00
  0.587211E+00  0.603605E+02  0.310546E+00
  0.589528E+00  0.605868E+02  0.309062E+00
  0.591845E+00  0.597499E+02  0.305499E+00
  0.594162E+00  0.599937E+02  0.308954E+00
  0.596479E+00  0.592260E+02  0.303453E+00
  0.598796E+00  0.590760E+02  0.305518E+00
  0.601113E+00  0.587442E+02  0.304472E+00
  0.603430E+00  0.587097E+02  0.302091E+00
  0.605747E+00  0.584937E+02  0.306105E+00
  0.608064E+00  0.585627E+02  0.299340E+00
  0.610381E+00  0.574308E+02  0.301173E+00
  0.612698E+00  0.574146E+02  0.299251E+00
  0.615015E+00  0.578436E+02  0.299418E+00
  0.617332E+00  0.580710E+02  0.300070E+00
  0.619649E+00  0.575994E+02  0.296381E+00
  0.621966E+00  0.567737E+02  0.296859E+00
  0.624283E+00  0.565347E+02  0.294720E+00
  0.626600E+00  0.563259E+02  0.295258E+00
  0.628917E+00  0.564474E+02  0.295012E+00
  0.631234E+00  0.564144E+02  0.291888E+00
  0.633551E+00  0.564465E+02  0.294672E+00
  0.635868E+00  0.560268E+02  0.289438E+00
  0.638185E+00  0.545099E+02  0.289611E+00
  0.640502E+00  0.548472E+02  0.291618E+00
  0.642819E+00  0.543510E+02  0.286830E+00
  0.645136E+00  0.540568E+02  0.289593E+00
  0.647453E+00  0.541312E+02  0.286957E+00
  0.649770E+00  0.535335E+02  0.286890E+00
  0.652087E+00  0.537350E+02  0.285165E+00
  0.654404E+00  0.536029E+02  0.287148E+00
  0.656721E+00  0.536504E+02  0.284567E+00
  0.659038E+00  0.534994E+02  0.281918E+00
  0.661355E+00  0.529076E+02  0.283926E+00
  0.663672E+00  0.529058E+02  0.282471E+00
  0.665989E+00  0.522262E+02  0.280618E+00
  0.668306E+00  0.519759E+02  0.280516E+00
  0.670623E+00  0.517479E+02  0.278588E+00
  0.672940E+00  0.512753E+02  0.281250E+00
  0.675258E+00  0.516101E+02  0.276869E+00
  0.677575E+00  0.517787E+02  0.279298E+00
  0.679892E+00  0.512871E+02  0.276469E+00
  0.682209E+00  0.511847E+02  0.276279E+00
  0.684526E+00  0.508326E+02  0.276577E+00
  0.686843E+00  0.505782E+02  0.273899E+00
  0.689160E+00  0.501271E+02  0.274551E+00
  0.691477E+00  0.495012E+02  0.271861E+00
  0.693794E+00  0.493950E+02  0.273737E+00
  0.696111E+00  0.497565E+02  0.272727E+00
  0.698428E+00  0.498873E+02  0.269191E+00
  0.700745E+00  0.495936E+02  0.272587E+00
  0.703062E+00  0.491887E+02  0.268995E+00
  0.705379E+00  0.496219E+02  0.270388E+00
  0.707696E+00  0.492128E+02  0.267917E+00
  0.710013E+00  0.487690E+02  0.267154E+00
  0.712330E+00  0.480878E+02  0.268249E+00
  0.714647E+00  0.483388E+02  0.266464E+00
  0.716964E+00  0.478644E+02  0.266914E+00
  0.719281E+00  0.481872E+02  0.265818E+00
  0.721598E+00  0.479483E+02  0.265087E+00
  0.723915E+00  0.471422E+02  0.265407E+00
  0.726232E+00  0.469000E+02  0.262444E+00
  0.728549E+00  0.465441E+02  0.263263E+00
  0.730866E+00  0.460062E+02  0.259901E+00
  0.733183E+00  0.457017E+02  0.262357E+00
  0.735500E+00  0.459440E+02  0.260292E+00
  0.737817E+00  0.462719E+02  0.259701E+00
  0.740134E+00  0.461163E+02  0.260320E+00
  0.742451E+00  0.459913E+02  0.257639E+00
  0.744768E+00  0.452492E+02  0.257081E+00
  0.747085E+00  0.454888E+02  0.257022E+00
  0.749402E+00  0.449414E+02  0.258077E+00
  0.751719E+00  0.449038E+02  0.256542E+00
  0.754036E+00  0.447342E+02  0.253697E+00
  0.756353E+00  0.437544E+02  0.255682E+00
  0.758670E+00  0.435828E+02  0.253285E+00
  0.760987E+00  0.432258E+02  0.253955E+00
  0.763304E+00  0.434828E+02  0.253835E+00
  0.765621E+00  0.435326E+02  0.250974E+00
  0.767938E+00  0.433905E+02  0.253421E+00
  0.770255E+00  0.433544E+02  0.249486E+00
  0.772572E+00  0.430344E+02  0.253135E+00
  0.774889E+00  0.433482E+02  0.250261E+00
  0.777206E+00  0.429062E+02  0.249496E+00
  0.779523E+00  0.421491E+02  0.248428E+00
  0.781840E+00  0.414706E+02  0.246695E+00
  0.784157E+00  0.420358E+02  0.248757E+00
  0.786475E+00  0.420644E+02  0.246289E+00
  0.788792E+00  0.418854E+02  0.247067E+00
  0.791109E+00  0.414964E+02  0.247973E+00
  0.793426E+00  0.411904E+02  0.243643E+00
  0.795743E+00  0.410469E+02  0.246499E+00
  0.798060E+00  0.407840E+02  0.242272E+00
  0.800377E+00  0.409876E+02  0.244877E+00
  0.802694E+00  0.403406E+02  0.243534E+00
  0.805011E+00  0.404560E+02  0.242051E+00
  0.807328E+00  0.403458E+02  0.243935E+00
  0.809645E+00  0.399545E+02  0.239902E+00
  0.811962E+00  0.397899E+02  0.241945E+00
  0.814279E+00  0.400823E+02  0.239730E+00
  0.816596E+00  0.394218E+02  0.238977E+00
  0.818913E+00  0.395151E+02  0.240689E+00
  0.821230E+00  0.390177E+02  0.237804E+00
  0.823547E+00  0.391723E+02  0.237356E+00
  0.825864E+00  0.387126E+02  0.235488E+00
  0.828181E+00  0.384349E+02  0.236519E+00
  0.830498E+00  0.383282E+02  0.236338E+00
  0.832815E+00  0.381941E+02  0.235042E+00
  0.835132E+00  0.380900E+02  0.236189E+00
  0.837449E+00  0.377496E+02  0.233062E+00
  0.839766E+00  0.375499E+02  0.234236E+00
  0.842083E+00  0.372765E+02  0.232877E+00
  0.844400E+00  0.369626E+02  0.232519E+00
  0.846717E+00  0.368655E+02  0.232983E+00
  0.849034E+00  0.369427E+02  0.231815E+00
  0.851351E+00  0.367001E+02  0.231800E+00
  0.853668E+00  0.363909E+02  0.229539E+00
  0.855985E+00  0.363123E+02  0.230171E+00
  0.858302E+00  0.359208E+02  0.230527E+00
  0.860619E+00  0.351135E+02  0.229196E+00
  0.862936E+00  0.351779E+02  0.228870E+00
  0.865253E+00  0.354660E+02  0.227395E+00
  0.867570E+00  0.352599E+02  0.228199E+00
  0.869887E+00  0.349678E+02  0.227490E+00
  0.872204E+00  0.348199E+02  0.225955E+00
  0.874521E+00  0.345971E+02  0.225943E+00
  0.876838E+00  0.345667E+02  0.224992E+00
  0.879155E+00  0.338688E+02  0.225360E+00
  0.881472E+00  0.337553E+02  0.223879E+00
  0.883789E+00  0.337399E+02  0.223841E+00
  0.886106E+00  0.337403E+02  0.223744E+00
  0.888423E+00  0.335260E+02  0.223477E+00
  0.890740E+00  0.336618E+02  0.224285E+00
  0.893057E+00  0.336140E+02  0.220772E+00
  0.895375E+00  0.335515E+02  0.222275E+00
  0.897692E+00  0.329686E+02  0.220350E+00
  0.900009E+00  0.332626E+02  0.221701E+00
  0.902326E+00  0.329213E+02  0.221454E+00
  0.904643E+00  0.326887E+02  0.219532E+00
  0.906960E+00  0.325490E+02  0.220899E+00
  0.909277E+00  0.325497E+02  0.218311E+00
  0.911594E+00  0.323092E+02  0.218518E+00
  0.913911E+00  0.323441E+02  0.218828E+00
  0.916228E+00  0.319546E+02  0.216066E+00
  0.918545E+00  0.314701E+02  0.218409E+00
  0.920862E+00  0.309636E+02  0.214923E+00
  0.923179E+00  0.310919E+02  0.216049E+00
  0.925496E+00  0.312156E+02  0.216343E+00
  0.927813E+00  0.309278E+02  0.215406E+00
  0.930130E+00  0.308490E+02  0.216671E+00
  0.932447E+00  0.304399E+02  0.212119E+00
  0.934764E+00  0.303103E+02  0.214696E+00
  0.937081E+00  0.304112E+02  0.213781E+00
  0.939398E+00  0.302317E+02  0.213382E+00
  0.941715E+00  0.299218E+02  0.213261E+00
  0.944032E+00  0.301083E+02  0.211094E+00
  0.946349E+00  0.299104E+02  0.213364E+00
  0.948666E+00  0.296147E+02  0.211545E+00
  0.950983E+00  0.301435E+02  0.210889E+00
  0.953300E+00  0.294218E+02  0.210576E+00
  0.955617E+00  0.292838E+02  0.209528E+00
  0.957934E+00  0.288782E+02  0.211630E+00
  0.960251E+00  0.285599E+02  0.207880E+00
  0.962568E+00  0.286323E+02  0.209353E+00
  0.964885E+00  0.285568E+02  0.207805E+00
  0.967202E+00  0.286027E+02  0.206943E+00
  0.969519E+00  0.284438E+02  0.208820E+00
  0.971836E+00  0.284003E+02  0.206284E+00
  0.974153E+00  0.284806E+02  0.206786E+00
  0.976470E+00  0.281405E+02  0.206386E+00
  0.978787E+00  0.281081E+02  0.206747E+00
  0.981104E+00  0.279206E+02  0.205579E+00
  0.983421E+00  0.274024E+02  0.204769E+00
  0.985738E+00  0.273224E+02  0.205223E+00
  0.988055E+00  0.268618E+02  0.203336E+00
  0.990372E+00  0.267245E+02  0.203942E+00
  0.992689E+00  0.268917E+02  0.203798E+00
  0.995006E+00  0.271772E+02  0.203563E+00
  0.997323E+00  0.267673E+02  0.204436E+00
  0.999640E+00  0.266021E+02  0.202085E+00
  0.100196E+01  0.263271E+02  0.202841E+00
  0.100427E+01  0.265576E+02  0.201871E+00
  0.100659E+01  0.266563E+02  0.202371E+00
  0.100891E+01  0.258129E+02  0.200801E+00
  0.101123E+01  0.255426E+02  0.198402E+00
  0.101354E+01  0.257604E+02  0.201025E+00
  0.101586E+01  0.256273E+02  0.198954E+00
  0.101818E+01  0.251923E+02  0.200652E+00
  0.102049E+01  0.252728E+02  0.200323E+00
  0.102281E+01  0.250031E+02  0.198132E+00
  0.102513E+01  0.254535E+02  0.200413E+00
  0.102744E+01  0.251409E+02  0.197487E+00
  0.102976E+01  0.244923E+02  0.198124E+00
  0.103208E+01  0.243550E+02  0.197786E+00
  0.103440E+01  0.248459E+02  0.197040E+00
  0.103671E+01  0.244501E+02  0.197519E+00
  0.103903E+01  0.242422E+02  0.194903E+00
  0.104135E+01  0.240171E+02  0.196923E+00
  0.104366E+01  0.242376E+02  0.195342E+00
  0.104598E+01  0.239153E+02  0.195833E+00
  0.104830E+01  0.238282E+02  0.196029E+00
  0.105061E+01  0.237240E+02  0.193296E+00
  0.105293E+01  0.239488E+02  0.195881E+00
  0.105525E+01  0.236356E+02  0.193784E+00
  0.105757E+01  0.232322E+02  0.194740E+00
  0.105988E+01  0.229492E+02  0.193461E+00
  0.106220E+01  0.233090E+02  0.192834E+00
  0.106452E+01  0.229833E+02  0.193796E+00
  0.106683E+01  0.227853E+02  0.191600E+00
  0.106915E+01  0.225988E+02  0.192913E+00
  0.107147E+01  0.224468E+02  0.191070E+00
  0.107379E+01  0.229886E+02  0.191410E+00
  0.107610E+01  0.226486E+02  0.192494E+00
  0.107842E+01  0.223003E+02  0.190466E+00
  0.108074E+01  0.221086E+02  0.190671E+00
  0.108305E+01  0.221200E+02  0.189742E+00
  0.108537E+01  0.219068E+02  0.189825E+00
  0.108769E+01  0.219506E+02  0.190050E+00
  0.109000E+01  0.217250E+02  0.187983E+00
  0.109232E+01  0.214563E+02  0.189778E+00
  0.109464E+01  0.215272E+02  0.188098E+00
  0.109696E+01  0.216078E+02  0.188948E+00
  0.109927E+01  0.217238E+02  0.188202E+00
  0.110159E+01  0.218195E+02  0.187117E+00
  0.110391E+01  0.215363E+02  0.188079E+00
  0.110622E+01  0.211628E+02  0.186705E+00
  0.110854E+01  0.209646E+02  0.186761E+00
  0.111086E+01  0.209362E+02  0.185765E+00
  0.111317E+01  0.207359E+02  0.185961E+00
  0.111549E+01  0.202088E+02  0.186782E+00
  0.111781E+01  0.202912E+02  0.185622E+00
  0.112013E+01  0.202872E+02  0.186479E+00
  0.112244E+01  0.203845E+02  0.183650E+00
  0.112476E+01  0.203550E+02  0.185492E+00
  0.112708E+01  0.204962E+02  0.183732E+00
  0.112939E+01  0.201608E+02  0.184019E+00
  0.113171E+01  0.199151E+02  0.184301E+00
  0.113403E+01  0.199556E+02  0.183563E+00
  0.113634E+01  0.200035E+02  0.183938E+00
  0.113866E+01  0.197173E+02  0.182086E+00
  0.114098E+01  0.199335E+02  0.183782E+00
  0.114330E+01  0.199840E+02  0.182868E+00
  0.114561E+01  0.198445E+02  0.181908E+00
  0.114793E+01  0.199501E+02  0.182919E+00
  0.115025E+01  0.193719E+02  0.180732E+00
  0.115256E+01  0.193336E+02  0.181922E+00
  0.115488E+01  0.191037E+02  0.181534E+00
  0.115720E+01  0.188191E+02  0.179508E+00
  0.115951E+01  0.186932E+02  0.180539E+00
  0.116183E+01  0.188399E+02  0.179191E+00
  0.116415E+01  0.192688E+02  0.181470E+00
  0.116647E+01  0.189035E+02  0.179090E+00
  0.116878E+01  0.187355E+02  0.178801E+00
  0.117110E+01  0.184985E+02  0.179750E+00
  0.117342E+01  0.185742E+02  0.177642E+00
  0.117573E+01  0.184221E+02  0.179800E+00
  0.117805E+01  0.181614E+02  0.176775E+00
  0.118037E+01  0.180595E+02  0.178091E+00
  0.118269E+01  0.180072E+02  0.178102E+00
  0.118500E+01  0.180187E+02  0.177632E+00
  0.118732E+01  0.180983E+02  0.178737E+00
  0.118964E+01  0.180176E+02  0.176188E+00
  0.119195E+01  0.176503E+02  0.177102E+00
  0.119427E+01  0.176394E+02  0.176739E+00
  0.119659E+01  0.176881E+02  0.174784E+00
  0.119890E+01  0.177265E+02  0.175732E+00
  0.120122E+01  0.178556E+02  0.175485E+00
  0.120354E+01  0.174928E+02  0.176925E+00
  0.120586E+01  0.176454E+02  0.175763E+00
  0.120817E+01  0.175506E+02  0.175932E+00
  0.121049E+01  0.177390E+02  0.177344E+00
  0.121281E+01  0.170996E+02  0.175774E+00
  0.121512E+01  0.172310E+02  0.176259E+00
  0.121744E+01  0.168168E+02  0.175507E+00
  0.121976E+01  0.167205E+02  0.176577E+00
  0.122207E+01  0.166692E+02  0.175997E+00
  0.122439E+01  0.169822E+02  0.175387E+00
  0.122671E+01  0.171118E+02  0.175885E+00
  0.122903E+01  0.167123E+02  0.175043E+00
  0.123134E+01  0.165850E+02  0.176601E+00
  0.123366E+01  0.162710E+02  0.176052E+00
  0.123598E+01  0.165173E+02  0.175122E+00
  0.123829E+01  0.161691E+02  0.174901E+00
  0.124061E+01  0.161279E+02  0.174626E+00
  0.124293E+01  0.159817E+02  0.177200E+00
  0.124524E+01  0.159982E+02  0.174321E+00
  0.124756E+01  0.157615E+02  0.175093E+00
  0.124988E+01  0.158017E+02  0.175725E+00
  0.125220E+01  0.160469E+02  0.175279E+00
  0.125451E+01  0.158854E+02  0.175706E+00
  0.125683E+01  0.156135E+02  0.174140E+00
  0.125915E+01  0.154232E+02  0.175111E+00
  0.126146E+01  0.153167E+02  0.175506E+00
  0.126378E+01  0.153491E+02  0.175301E+00
  0.126610E+01  0.153595E+02  0.174892E+00
  0.126841E+01  0.149755E+02  0.173435E+00
  0.127073E+01  0.148268E+02  0.175648E+00
  0.127305E+01  0.151759E+02  0.173932E+00
  0.127537E+01  0.151495E+02  0.174232E+00
  0.127768E+01  0.146906E+02  0.174773E+00
  0.128000E+01  0.148492E+02  0.173478E+00
  0.128232E+01  0.146082E+02  0.175696E+00
  0.128463E+01  0.148190E+02  0.174079E+00
  0.128695E+01  0.146462E+02  0.174228E+00
  0.128927E+01  0.147121E+02  0.174275E+00
  0.129159E+01  0.142728E+02  0.173312E+00
  0.129390E+01  0.145699E+02  0.174175E+00
  0.129622E+01  0.146351E+02  0.172852E+00
  0.129854E+01  0.141904E+02  0.174902E+00
  0.130085E+01  0.143283E+02  0.172943E+00
  0.130317E+01  0.142458E+02  0.173625E+00
  0.130549E+01  0.142615E+02  0.173715E+00
  0.130780E+01  0.141103E+02  0.173017E+00
  0.131012E+01  0.135951E+02  0.173656E+00
  0.131244E+01  0.138136E+02  0.173271E+00
  0.131476E+01  0.141776E+02  0.173248E+00
  0.131707E+01  0.141395E+02  0.172685E+00
  0.131939E+01  0.140001E+02  0.173019E+00
  0.132171E+01  0.139083E+02  0.174193E+00
  0.132402E+01  0.136315E+02  0.170483E+00
  0.132634E+01  0.136410E+02  0.172539E+00
  0.132866E+01  0.136097E+02  0.172660E+00
  0.133097E+01  0.134621E+02  0.173193E+00
  0.133329E+01  0.132762E+02  0.172237E+00
  0.133561E+01  0.128867E+02  0.171259E+00
  0.133793E+01  0.131818E+02  0.172678E+00
  0.134024E+01  0.131124E+02  0.171707E+00
  0.134256E+01  0.131188E+02  0.172208E+00
  0.134488E+01  0.133376E+02  0.171696E+00
  0.134719E+01  0.129979E+02  0.170988E+00
  0.134951E+01  0.128773E+02  0.172584E+00
  0.135183E+01  0.130453E+02  0.171592E+00
  0.135414E+01  0.129481E+02  0.171704E+00
  0.135646E+01  0.128199E+02  0.170676E+00
  0.135878E+01  0.126758E+02  0.170840E+00
  0.136110E+01  0.126277E+02  0.172588E+00
  0.136341E+01  0.126890E+02  0.170053E+00
  0.136573E+01  0.125503E+02  0.171563E+00
  0.136805E+01  0.125519E+02  0.170012E+00
  0.137036E+01  0.126195E+02  0.171649E+00
  0.137268E+01  0.126114E+02  0.170491E+00
  0.137500E+01  0.124876E+02  0.170154E+00
  0.137731E+01  0.124217E+02  0.171485E+00
  0.137963E+01  0.127083E+02  0.169685E+00
  0.138195E+01  0.124074E+02  0.170279E+00
  0.138427E+01  0.124703E+02  0.169553E+00
  0.138658E+01  0.122817E+02  0.169087E+00
  0.138890E+01  0.121303E+02  0.170502E+00
  0.139122E+01  0.121329E+02  0.169049E+00
  0.139353E+01  0.114803E+02  0.170599E+00
  0.139585E+01  0.117201E+02  0.168597E+00
  0.139817E+01  0.118859E+02  0.169684E+00
  0.140049E+01  0.122044E+02  0.170958E+00
  0.140280E+01  0.119962E+02  0.167834E+00
  0.140512E+01  0.117179E+02  0.169540E+00
  0.140744E+01  0.116600E+02  0.168188E+00
  0.140975E+01  0.116783E+02  0.169686E+00
  0.141207E+01  0.115504E+02  0.169071E+00
  0.141439E+01  0.116133E+02  0.167733E+00
  0.141670E+01  0.115637E+02  0.169903E+00
  0.141902E+01  0.115681E+02  0.167585E+00
  0.142134E+01  0.116674E+02  0.168939E+00
  0.142366E+01  0.111181E+02  0.168240E+00
  0.142597E+01  0.109099E+02  0.167010E+00
  0.142829E+01  0.111940E+02  0.168985E+00
  0.143061E+01  0.111168E+02  0.167910E+00
  0.143292E+01  0.108367E+02  0.168529E+00
  0.143524E+01  0.108410E+02  0.167287E+00
  0.143756E+01  0.106286E+02  0.167379E+00
  0.143987E+01  0.108541E+02  0.168292E+00
  0.144219E+01  0.112759E+02  0.166642E+00
  0.144451E+01  0.111565E+02  0.166849E+00
  0.144683E+01  0.109410E+02  0.166842E+00
  0.144914E+01  0.108750E+02  0.168278E+00
  0.145146E+01  0.107917E+02  0.166837E+00
  0.145378E+01  0.107833E+02  0.166099E+00
  0.145609E+01  0.109704E+02  0.167558E+00
  0.145841E+01  0.108291E+02  0.166291E+00
  0.146073E+01  0.107035E+02  0.166488E+00
  0.146304E+01  0.106646E+02  0.166006E+00
  0.146536E+01  0.106673E+02  0.166412E+00
  0.146768E+01  0.103165E+02  0.166616E+00
  0.147000E+01  0.101878E+02  0.166000E+00
  0.147231E+01  0.104242E+02  0.166220E+00
  0.147463E+01  0.103396E+02  0.165159E+00
  0.147695E+01  0.102150E+02  0.167182E+00
  0.147926E+01  0.102877E+02  0.165816E+00
  0.148158E+01  0.102273E+02  0.164649E+00
  0.148390E+01  0.983885E+01  0.166097E+00
  0.148621E+01  0.101877E+02  0.165362E+00
  0.148853E+01  0.100259E+02  0.166051E+00
  0.149085E+01  0.980269E+01  0.164884E+00
  0.149317E+01  0.993436E+01  0.165199E+00
  0.149548E+01  0.101486E+02  0.165784E+00
  0.149780E+01  0.102183E+02  0.163913E+00
  0.150012E+01  0.102501E+02  0.165746E+00
  0.150243E+01  0.101706E+02  0.164240E+00
  0.150475E+01  0.102117E+02  0.165055E+00
  0.150707E+01  0.950577E+01  0.165042E+00
  0.150939E+01  0.960269E+01  0.163342E+00
  0.151170E+01  0.978308E+01  0.164956E+00
  0.151402E+01  0.938436E+01  0.162929E+00
  0.151634E+01  0.961295E+01  0.164521E+00
  0.151865E+01  0.979769E+01  0.164713E+00
  0.152097E+01  0.984397E+01  0.163147E+00
  0.152329E+01  0.969064E+01  0.165024E+00
  0.152560E+01  0.905885E+01  0.162436E+00
  0.152792E+01  0.928090E+01  0.165331E+00
  0.153024E+01  0.935077E+01  0.162638E+00
  0.153256E+01  0.944949E+01  0.163079E+00
  0.153487E+01  0.927795E+01  0.164023E+00
  0.153719E+01  0.930833E+01  0.162538E+00
  0.153951E+01  0.902410E+01  0.163467E+00
  0.154182E+01  0.919731E+01  0.162129E+00
  0.154414E+01  0.919090E+01  0.163822E+00
  0.154646E+01  0.898282E+01  0.162885E+00
  0.154877E+01  0.886756E+01  0.162356E+00
  0.155109E+01  0.893077E+01  0.162825E+00
  0.155341E+01  0.863500E+01  0.161619E+00
  0.155573E+01  0.867346E+01  0.163197E+00
  0.155804E+01  0.896897E+01  0.162349E+00
  0.156036E+01  0.879051E+01  0.162181E+00
  0.156268E+01  0.903051E+01  0.161585E+00
  0.156499E+01  0.912551E+01  0.162097E+00
  0.156731E+01  0.879808E+01  0.162433E+00
  0.156963E+01  0.893833E+01  0.160322E+00
  0.157194E+01  0.876615E+01  0.161940E+00
  0.157426E+01  0.890397E+01  0.162135E+00
  0.157658E+01  0.870385E+01  0.162032E+00
  0.157890E+01  0.858128E+01  0.162188E+00
  0.158121E+01  0.878705E+01  0.160083E+00
  0.158353E+01  0.886949E+01  0.161951E+00
  0.158585E+01  0.850872E+01  0.161740E+00
  0.158816E+01  0.838410E+01  0.160084E+00
  0.159048E+01  0.823141E+01  0.161258E+00
  0.159280E+01  0.852923E+01  0.160002E+00
  0.159511E+01  0.847872E+01  0.161728E+00
  0.159743E+01  0.803564E+01  0.159421E+00
  0.159975E+01  0.831538E+01  0.160110E+00
  0.160207E+01  0.825244E+01  0.160910E+00
  0.160438E+01  0.827410E+01  0.160216E+00
  0.160670E+01  0.806154E+01  0.161277E+00
  0.160902E+01  0.814218E+01  0.159420E+00
  0.161133E+01  0.841372E+01  0.160535E+00
  0.161365E+01  0.832654E+01  0.161169E+00
  0.161597E+01  0.820769E+01  0.159933E+00
  0.161829E+01  0.803205E+01  0.161223E+00
  0.162060E+01  0.781000E+01  0.158077E+00
  0.162292E+01  0.779013E+01  0.160655E+00
  0.162524E+01  0.775295E+01  0.159777E+00
  0.162755E+01  0.820128E+01  0.159445E+00
  0.162987E+01  0.788500E+01  0.159669E+00
  0.163219E+01  0.777500E+01  0.158164E+00
  0.163450E+01  0.794821E+01  0.160792E+00
  0.163682E+01  0.804282E+01  0.158536E+00
  0.163914E+01  0.768987E+01  0.158735E+00
  0.164146E+01  0.774615E+01  0.159253E+00
  0.164377E+01  0.774667E+01  0.157888E+00
  0.164609E+01  0.745718E+01  0.159393E+00
  0.164841E+01  0.738000E+01  0.157082E+00
  0.165072E+01  0.728269E+01  0.158509E+00
  0.165304E+01  0.726551E+01  0.158738E+00
  0.165536E+01  0.748987E+01  0.158460E+00
  0.165767E+01  0.767397E+01  0.158190E+00
  0.165999E+01  0.771308E+01  0.157105E+00
  0.166231E+01  0.744974E+01  0.158263E+00
  0.166463E+01  0.758718E+01  0.158141E+00
  0.166694E+01  0.778910E+01  0.157032E+00
  0.166926E+01  0.757295E+01  0.157430E+00
  0.167158E+01  0.749000E+01  0.157005E+00
  0.167389E+01  0.765179E+01  0.157885E+00
  0.167621E+01  0.754385E+01  0.157250E+00
  0.167853E+01  0.728000E+01  0.155832E+00
  0.168084E+01  0.714667E+01  0.157377E+00
  0.168316E+01  0.688192E+01  0.156720E+00
  0.168548E+01  0.699962E+01  0.157627E+00
  0.168780E+01  0.710692E+01  0.155806E+00
  0.169011E+01  0.747269E+01  0.156569E+00
  0.169243E+01  0.709936E+01  0.157122E+00
  0.169475E+01  0.690821E+01  0.157030E+00
  0.169706E+01  0.686410E+01  0.156531E+00
  0.169938E+01  0.676936E+01  0.156003E+00
  0.170170E+01  0.696410E+01  0.156287E+00
  0.170401E+01  0.655679E+01  0.156328E+00
  0.170633E+01  0.683795E+01  0.156257E+00
  0.170865E+01  0.696282E+01  0.155569E+00
  0.171097E+01  0.676346E+01  0.155608E+00
  0.171328E+01  0.678154E+01  0.156076E+00
  0.171560E+01  0.645718E+01  0.154752E+00
  0.171792E+01  0.672115E+01  0.155535E+00
  0.172023E+01  0.689705E+01  0.155456E+00
  0.172255E+01  0.656346E+01  0.155463E+00
  0.172487E+01  0.673077E+01  0.155847E+00
  0.172719E+01  0.641038E+01  0.153740E+00
  0.172950E+01  0.668282E+01  0.155376E+00
  0.173182E+01  0.618256E+01  0.154677E+00
  0.173414E+01  0.619321E+01  0.155547E+00
  0.173645E+01  0.651949E+01  0.154950E+00
  0.173877E+01  0.643821E+01  0.153721E+00
  0.174109E+01  0.637051E+01  0.155464E+00
  0.174340E+01  0.619974E+01  0.154522E+00
  0.174572E+01  0.634756E+01  0.154386E+00
  0.174804E+01  0.623821E+01  0.154139E+00
  0.175036E+01  0.626346E+01  0.153646E+00
  0.175267E+01  0.643013E+01  0.155665E+00
  0.175499E+01  0.627667E+01  0.153742E+00
  0.175731E+01  0.645808E+01  0.153960E+00
  0.175962E+01  0.630949E+01  0.153546E+00
  0.176194E+01  0.597577E+01  0.153447E+00
  0.176426E+01  0.616333E+01  0.154627E+00
  0.176657E+01  0.612436E+01  0.152402E+00
  0.176889E+01  0.636423E+01  0.154102E+00
  0.177121E+01  0.625295E+01  0.154005E+00
  0.177353E+01  0.607821E+01  0.154455E+00
  0.177584E+01  0.583167E+01  0.153639E+00
  0.177816E+01  0.589462E+01  0.152317E+00
  0.178048E+01  0.593359E+01  0.154197E+00
  0.178279E+01  0.604821E+01  0.153423E+00
  0.178511E+01  0.590564E+01  0.153187E+00
  0.178743E+01  0.605923E+01  0.152432E+00
  0.178974E+01  0.600282E+01  0.152525E+00
  0.179206E+01  0.590128E+01  0.154084E+00
  0.179438E+01  0.568692E+01  0.151999E+00
  0.179670E+01  0.576013E+01  0.152284E+00
  0.179901E+01  0.594115E+01  0.152410E+00
  0.180133E+01  0.577449E+01  0.152782E+00
  0.180365E+01  0.575436E+01  0.154026E+00
  0.180596E+01  0.545846E+01  0.152174E+00
  0.180828E+01  0.582436E+01  0.152547E+00
  0.181060E+01  0.588321E+01  0.152262E+00
  0.181291E+01  0.571936E+01  0.152751E+00
  0.181523E+01  0.557154E+01  0.152662E+00
  0.181755E+01  0.571731E+01  0.151109E+00
  0.181987E+01  0.520615E+01  0.152747E+00
  0.182218E+01  0.519282E+01  0.151419E+00
  0.182450E+01  0.548513E+01  0.151759E+00
  0.182682E+01  0.547051E+01  0.151185E+00
  0.182913E+01  0.540885E+01  0.151877E+00
  0.183145E+01  0.558731E+01  0.152391E+00
  0.183377E+01  0.536205E+01  0.151121E+00
  0.183609E+01  0.546013E+01  0.152047E+00
  0.183840E+01  0.561128E+01  0.151221E+00
  0.184072E+01  0.546449E+01  0.152038E+00
  0.184304E+01  0.554615E+01  0.152004E+00
  0.184535E+01  0.537410E+01  0.150263E+00
  0.184767E+01  0.553115E+01  0.151812E+00
  0.184999E+01  0.523474E+01  0.150552E+00
  0.185230E+01  0.554000E+01  0.151038E+00
  0.185462E+01  0.520192E+01  0.150431E+00
  0.185694E+01  0.489846E+01  0.150058E+00
  0.185926E+01  0.483474E+01  0.151330E+00
  0.186157E+01  0.504859E+01  0.150017E+00
  0.186389E+01  0.512038E+01  0.150247E+00
  0.186621E+01  0.504821E+01  0.149946E+00
  0.186852E+01  0.464205E+01  0.150486E+00
  0.187084E+01  0.495513E+01  0.151825E+00
  0.187316E+01  0.515026E+01  0.149061E+00
  0.187547E+01  0.482808E+01  0.150495E+00
  0.187779E+01  0.491590E+01  0.150211E+00
  0.188011E+01  0.517244E+01  0.150412E+00
  0.188243E+01  0.504910E+01  0.149705E+00
  0.188474E+01  0.487462E+01  0.149221E+00
  0.188706E+01  0.490282E+01  0.150764E+00
  0.188938E+01  0.464436E+01  0.149858E+00
  0.189169E+01  0.464615E+01  0.150377E+00
  0.189401E+01  0.478385E+01  0.149305E+00
  0.189633E+01  0.481744E+01  0.149217E+00
  0.189864E+01  0.477269E+01  0.149774E+00
  0.190096E+01  0.490256E+01  0.149227E+00
  0.190328E+01  0.496590E+01  0.149522E+00
  0.190560E+01  0.480449E+01  0.148941E+00
  0.190791E+01  0.472962E+01  0.149642E+00
  0.191023E+01  0.473141E+01  0.150289E+00
  0.191255E+01  0.449487E+01  0.147831E+00
  0.191486E+01  0.468615E+01  0.149178E+00
  0.191718E+01  0.502551E+01  0.149628E+00
  0.191950E+01  0.500833E+01  0.148989E+00
  0.192181E+01  0.468910E+01  0.148961E+00
  0.192413E+01  0.426128E+01  0.148344E+00
  0.192645E+01  0.445808E+01  0.149311E+00
  0.192877E+01  0.476141E+01  0.148581E+00
  0.193108E+01  0.445641E+01  0.148731E+00
  0.193340E+01  0.437769E+01  0.148620E+00
  0.193572E+01  0.444885E+01  0.148373E+00
  0.193803E+01  0.410026E+01  0.148652E+00
  0.194035E+01  0.429859E+01  0.148652E+00
  0.194267E+01  0.451128E+01  0.148653E+00
  0.194499E+01  0.431808E+01  0.148343E+00
  0.194730E+01  0.430205E+01  0.149189E+00
  0.194962E+01  0.448923E+01  0.148288E+00
  0.195194E+01  0.422141E+01  0.147057E+00
  0.195425E+01  0.429551E+01  0.148057E+00
  0.195657E+01  0.425808E+01  0.147532E+00
  0.195889E+01  0.477859E+01  0.148736E+00
  0.196120E+01  0.447628E+01  0.147167E+00
  0.196352E+01  0.425449E+01  0.147289E+00
  0.196584E+01  0.430731E+01  0.148680E+00
  0.196816E+01  0.414513E+01  0.147091E+00
  0.197047E+01  0.421436E+01  0.148272E+00
  0.197279E+01  0.451936E+01  0.145799E+00
  0.197511E+01  0.414167E+01  0.146794E+00
  0.197742E+01  0.385679E+01  0.148031E+00
  0.197974E+01  0.397846E+01  0.146473E+00
  0.198206E+01  0.410808E+01  0.147399E+00
  0.198437E+01  0.407462E+01  0.145931E+00
  0.198669E+01  0.380667E+01  0.148004E+00
  0.198901E+01  0.389141E+01  0.147589E+00
  0.199133E+01  0.395641E+01  0.146372E+00
  0.199364E+01  0.356590E+01  0.146980E+00
  0.199596E+01  0.360897E+01  0.146005E+00
  0.199828E+01  0.366192E+01  0.147248E+00
  0.200059E+01  0.389423E+01  0.146017E+00
  0.200291E+01  0.362205E+01  0.146389E+00
  0.200523E+01  0.376372E+01  0.147366E+00
  0.200754E+01  0.381526E+01  0.145903E+00
  0.200986E+01  0.373333E+01  0.146339E+00
  0.201218E+01  0.379641E+01  0.145653E+00
  0.201450E+01  0.360679E+01  0.146022E+00
  0.201681E+01  0.364269E+01  0.147031E+00
  0.201913E+01  0.370038E+01  0.146446E+00
  0.202145E+01  0.364333E+01  0.145674E+00
  0.202376E+01  0.369910E+01  0.145137E+00
  0.202608E+01  0.364000E+01  0.146708E+00
  0.202840E+01  0.367949E+01  0.146526E+00
  0.203071E+01  0.353705E+01  0.145424E+00
  0.203303E+01  0.355987E+01  0.146337E+00
  0.203535E+01  0.347436E+01  0.145529E+00
  0.203767E+01  0.341179E+01  0.145647E+00
  0.203998E+01  0.342385E+01  0.144593E+00
  0.204230E+01  0.356974E+01  0.144635E+00
  0.204462E+01  0.344372E+01  0.145916E+00
  0.204693E+01  0.347987E+01  0.145126E+00
  0.204925E+01  0.355846E+01  0.145435E+00
  0.205157E+01  0.356538E+01  0.144301E+00
  0.205389E+01  0.349885E+01  0.145165E+00
  0.205620E+01  0.344551E+01  0.145926E+00
  0.205852E+01  0.342077E+01  0.145052E+00
  0.206084E+01  0.356436E+01  0.144927E+00
  0.206315E+01  0.338628E+01  0.143557E+00
  0.206547E+01  0.339449E+01  0.145685E+00
  0.206779E+01  0.341551E+01  0.144358E+00
  0.207010E+01  0.360449E+01  0.144062E+00
  0.207242E+01  0.342077E+01  0.145102E+00
  0.207474E+01  0.344885E+01  0.144099E+00
  0.207706E+01  0.314731E+01  0.146028E+00
  0.207937E+01  0.330154E+01  0.143463E+00
  0.208169E+01  0.314154E+01  0.144310E+00
  0.208401E+01  0.333705E+01  0.144318E+00
  0.208632E+01  0.317064E+01  0.144533E+00
  0.208864E+01  0.305256E+01  0.145282E+00
  0.209096E+01  0.308295E+01  0.143289E+00
  0.209327E+01  0.305436E+01  0.144618E+00
  0.209559E+01  0.303987E+01  0.143815E+00
  0.209791E+01  0.308551E+01  0.144340E+00
  0.210023E+01  0.327513E+01  0.144891E+00
  0.210254E+01  0.309051E+01  0.143193E+00
  0.210486E+01  0.311859E+01  0.145913E+00
  0.210718E+01  0.287218E+01  0.143797E+00
  0.210949E+01  0.313179E+01  0.143531E+00
  0.211181E+01  0.295205E+01  0.143758E+00
  0.211413E+01  0.313295E+01  0.143618E+00
  0.211644E+01  0.284782E+01  0.144326E+00
  0.211876E+01  0.308487E+01  0.142634E+00
  0.212108E+01  0.321436E+01  0.143669E+00
  0.212340E+01  0.342962E+01  0.143581E+00
  0.212571E+01  0.310423E+01  0.143541E+00
  0.212803E+01  0.301718E+01  0.143455E+00
  0.213035E+01  0.307346E+01  0.143038E+00
  0.213266E+01  0.303308E+01  0.143766E+00
  0.213498E+01  0.309205E+01  0.143876E+00
  0.213730E+01  0.305692E+01  0.143218E+00
  0.213961E+01  0.320628E+01  0.142978E+00
  0.214193E+01  0.294654E+01  0.141996E+00
  0.214425E+01  0.293577E+01  0.143974E+00
  0.214657E+01  0.287167E+01  0.143203E+00
  0.214888E+01  0.283628E+01  0.143135E+00
  0.215120E+01  0.291244E+01  0.142934E+00
  0.215352E+01  0.293705E+01  0.142722E+00
  0.215583E+01  0.280321E+01  0.143534E+00
  0.215815E+01  0.316564E+01  0.142421E+00
  0.216047E+01  0.329731E+01  0.142891E+00
  0.216279E+01  0.288256E+01  0.142650E+00
  0.216510E+01  0.278103E+01  0.142974E+00
  0.216742E+01  0.270038E+01  0.142955E+00
  0.216974E+01  0.265577E+01  0.141942E+00
  0.217205E+01  0.293962E+01  0.143109E+00
  0.217437E+01  0.282269E+01  0.143259E+00
  0.217669E+01  0.293538E+01  0.142771E+00
  0.217900E+01  0.281256E+01  0.142001E+00
  0.218132E+01  0.295564E+01  0.142103E+00
  0.218364E+01  0.250192E+01  0.143108E+00
  0.218596E+01  0.257833E+01  0.142529E+00
  0.218827E+01  0.246397E+01  0.142775E+00
  0.219059E+01  0.265679E+01  0.142074E+00
  0.219291E+01  0.265885E+01  0.142977E+00
  0.219522E+01  0.257115E+01  0.142867E+00
  0.219754E+01  0.274731E+01  0.141751E+00
  0.219986E+01  0.288154E+01  0.142695E+00
  0.220217E+01  0.265090E+01  0.141761E+00
  0.220449E+01  0.258436E+01  0.142874E+00
  0.220681E+01  0.259321E+01  0.142131E+00
  0.220913E+01  0.271526E+01  0.141280E+00
  0.221144E+01  0.249538E+01  0.142244E+00
  0.221376E+01  0.259449E+01  0.141801E+00
  0.221608E+01  0.254256E+01  0.143008E+00
  0.221839E+01  0.273513E+01  0.142012E+00
  0.222071E+01  0.245179E+01  0.142820E+00
  0.222303E+01  0.259769E+01  0.144700E+00
  0.222534E+01  0.249051E+01  0.143128E+00
  0.222766E+01  0.262859E+01  0.145282E+00
  0.222998E+01  0.245474E+01  0.144913E+00
  0.223230E+01  0.251679E+01  0.145445E+00
  0.223461E+01  0.257769E+01  0.146968E+00
  0.223693E+01  0.254372E+01  0.144795E+00
  0.223925E+01  0.220923E+01  0.147389E+00
  0.224156E+01  0.237064E+01  0.147048E+00
  0.224388E+01  0.215179E+01  0.148149E+00
  0.224620E+01  0.211077E+01  0.148645E+00
  0.224851E+01  0.261154E+01  0.147429E+00
  0.225083E+01  0.268756E+01  0.149278E+00
  0.225315E+01  0.255744E+01  0.148159E+00
  0.225547E+01  0.252769E+01  0.148603E+00
  0.225778E+01  0.229577E+01  0.148737E+00
  0.226010E+01  0.233115E+01  0.149250E+00
  0.226242E+01  0.228962E+01  0.150739E+00
  0.226473E+01  0.243436E+01  0.148617E+00
  0.226705E+01  0.229885E+01  0.149460E+00
  0.226937E+01  0.246808E+01  0.148887E+00
  0.227169E+01  0.200718E+01  0.150071E+00
  0.227400E+01  0.208756E+01  0.150410E+00
  0.227632E+01  0.253500E+01  0.148761E+00
  0.227864E+01  0.245615E+01  0.149948E+00
  0.228095E+01  0.227308E+01  0.149413E+00
  0.228327E+01  0.183987E+01  0.150254E+00
  0.228559E+01  0.185474E+01  0.149526E+00
  0.228790E+01  0.199885E+01  0.149443E+00
  0.229022E+01  0.196756E+01  0.151319E+00
  0.229254E+01  0.235218E+01  0.150496E+00
  0.229486E+01  0.238500E+01  0.151352E+00
  0.229717E+01  0.243756E+01  0.150041E+00
  0.229949E+01  0.203795E+01  0.151220E+00
  0.230181E+01  0.177333E+01  0.151721E+00
  0.230412E+01  0.209744E+01  0.150266E+00
  0.230644E+01  0.227731E+01  0.150666E+00
  0.230876E+01  0.250628E+01  0.150128E+00
  0.231107E+01  0.244551E+01  0.151243E+00
  0.231339E+01  0.209103E+01  0.151308E+00
  0.231571E+01  0.180641E+01  0.149905E+00
  0.231803E+01  0.179628E+01  0.150851E+00
  0.232034E+01  0.230590E+01  0.150178E+00
  0.232266E+01  0.245026E+01  0.151589E+00
  0.232498E+01  0.188654E+01  0.149339E+00
  0.232729E+01  0.188538E+01  0.150690E+00
  0.232961E+01  0.209654E+01  0.151636E+00
  0.233193E+01  0.199628E+01  0.149860E+00
  0.233424E+01  0.228731E+01  0.151430E+00
  0.233656E+01  0.195064E+01  0.149892E+00
  0.233888E+01  0.172000E+01  0.151081E+00
  0.234120E+01  0.185449E+01  0.151157E+00
  0.234351E+01  0.192218E+01  0.149941E+00
  0.234583E+01  0.173205E+01  0.150974E+00
  0.234815E+01  0.187705E+01  0.150023E+00
  0.235046E+01  0.215885E+01  0.150918E+00
  0.235278E+01  0.211731E+01  0.150354E+00
  0.235510E+01  0.181423E+01  0.150592E+00
  0.235741E+01  0.196282E+01  0.150784E+00
  0.235973E+01  0.185282E+01  0.149883E+00
  0.236205E+01  0.196949E+01  0.151897E+00
  0.236437E+01  0.203410E+01  0.149068E+00
  0.236668E+01  0.215731E+01  0.149686E+00
  0.236900E+01  0.210936E+01  0.150772E+00
  0.237132E+01  0.206795E+01  0.150492E+00
  0.237363E+01  0.229167E+01  0.150501E+00
  0.237595E+01  0.194615E+01  0.149196E+00
  0.237827E+01  0.190372E+01  0.149968E+00
  0.238059E+01  0.202923E+01  0.150541E+00
  0.238290E+01  0.186692E+01  0.149702E+00
  0.238522E+01  0.195372E+01  0.149843E+00
  0.238754E+01  0.204179E+01  0.149597E+00
  0.238985E+01  0.175974E+01  0.150105E+00
  0.239217E+01  0.194167E+01  0.149571E+00
  0.239449E+01  0.193910E+01  0.149934E+00
  0.239680E+01  0.165564E+01  0.150259E+00
  0.239912E+01  0.205667E+01  0.148891E+00
  0.240144E+01  0.203244E+01  0.150341E+00
  0.240376E+01  0.186474E+01  0.149282E+00
  0.240607E+01  0.175526E+01  0.149815E+00
  0.240839E+01  0.193333E+01  0.150448E+00
  0.241071E+01  0.180192E+01  0.149809E+00
  0.241302E+01  0.191154E+01  0.149145E+00
  0.241534E+01  0.192192E+01  0.148094E+00
  0.241766E+01  0.183564E+01  0.149356E+00
  0.241997E+01  0.175744E+01  0.149756E+00
  0.242229E+01  0.154769E+01  0.149377E+00
  0.242461E+01  0.153269E+01  0.149135E+00
  0.242693E+01  0.158487E+01  0.148574E+00
  0.242924E+01  0.195244E+01  0.150300E+00
  0.243156E+01  0.197795E+01  0.148848E+00
  0.243388E+01  0.199615E+01  0.149368E+00
  0.243619E+01  0.182346E+01  0.149122E+00
  0.243851E+01  0.172513E+01  0.148801E+00
  0.244083E+01  0.186141E+01  0.150023E+00
  0.244314E+01  0.204744E+01  0.147916E+00
  0.244546E+01  0.199218E+01  0.150052E+00
  0.244778E+01  0.169577E+01  0.149531E+00
  0.245010E+01  0.158397E+01  0.149649E+00
  0.245241E+01  0.195949E+01  0.148739E+00
  0.245473E+01  0.186321E+01  0.147282E+00
  0.245705E+01  0.198231E+01  0.149344E+00
  0.245936E+01  0.159423E+01  0.148339E+00
  0.246168E+01  0.185333E+01  0.149598E+00
  0.246400E+01  0.173179E+01  0.149175E+00
  0.246631E+01  0.161628E+01  0.147361E+00
  0.246863E+01  0.152474E+01  0.149911E+00
  0.247095E+01  0.145308E+01  0.148500E+00
  0.247327E+01  0.140667E+01  0.148514E+00
  0.247558E+01  0.182436E+01  0.148357E+00
  0.247790E+01  0.161218E+01  0.148639E+00
  0.248022E+01  0.170090E+01  0.149740E+00
  0.248253E+01  0.186064E+01  0.147650E+00
  0.248485E+01  0.168077E+01  0.148296E+00
  0.248717E+01  0.188590E+01  0.149201E+00
  0.248949E+01  0.153115E+01  0.148730E+00
  0.249180E+01  0.153179E+01  0.149188E+00
  0.249412E+01  0.165231E+01  0.146689E+00
  0.249644E+01  0.152026E+01  0.148348E+00
  0.249875E+01  0.186321E+01  0.148486E+00
  0.250107E+01  0.161769E+01  0.147647E+00
  0.250339E+01  0.201782E+01  0.148435E+00
  0.250570E+01  0.169590E+01  0.148154E+00
  0.250802E+01  0.164026E+01  0.148470E+00
  0.251034E+01  0.164667E+01  0.148206E+00
  0.251266E+01  0.174744E+01  0.147905E+00
  0.251497E+01  0.166769E+01  0.147786E+00
  0.251729E+01  0.142718E+01  0.148121E+00
  0.251961E+01  0.160500E+01  0.149375E+00
  0.252192E+01  0.127679E+01  0.147529E+00
  0.252424E+01  0.183282E+01  0.147877E+00
  0.252656E+01  0.149923E+01  0.148165E+00
  0.252887E+01  0.146244E+01  0.148945E+00
  0.253119E+01  0.133333E+01  0.149421E+00
  0.253351E+01  0.177410E+01  0.146716E+00
  0.253583E+01  0.190731E+01  0.148055E+00
  0.253814E+01  0.194923E+01  0.147312E+00
  0.254046E+01  0.192269E+01  0.147975E+00
  0.254278E+01  0.169808E+01  0.147538E+00
  0.254509E+01  0.170705E+01  0.147913E+00
  0.254741E+01  0.161808E+01  0.148732E+00
  0.254973E+01  0.175449E+01  0.147303E+00
  0.255204E+01  0.156244E+01  0.148031E+00
  0.255436E+01  0.148885E+01  0.146891E+00
  0.255668E+01  0.176923E+01  0.147943E+00
  0.255900E+01  0.157974E+01  0.148924E+00
  0.256131E+01  0.160692E+01  0.147361E+00
  0.256363E+01  0.165936E+01  0.148107E+00
  0.256595E+01  0.143654E+01  0.147023E+00
  0.256826E+01  0.136577E+01  0.148226E+00
  0.257058E+01  0.122128E+01  0.146888E+00
  0.257290E+01  0.112179E+01  0.147174E+00
  0.257521E+01  0.161167E+01  0.148260E+00
  0.257753E+01  0.166667E+01  0.146821E+00
  0.257985E+01  0.138744E+01  0.147252E+00
  0.258217E+01  0.158615E+01  0.146171E+00
  0.258448E+01  0.149936E+01  0.146694E+00
  0.258680E+01  0.158974E+01  0.147792E+00
  0.258912E+01  0.144333E+01  0.146341E+00
  0.259143E+01  0.148449E+01  0.147376E+00
  0.259375E+01  0.127808E+01  0.146820E+00
  0.259607E+01  0.133577E+01  0.147062E+00
  0.259839E+01  0.139564E+01  0.147441E+00
  0.260070E+01  0.162756E+01  0.146378E+00
  0.260302E+01  0.161231E+01  0.146870E+00
  0.260534E+01  0.173244E+01  0.146343E+00
  0.260765E+01  0.137115E+01  0.146984E+00
  0.260997E+01  0.128385E+01  0.146175E+00
  0.261229E+01  0.151987E+01  0.145089E+00
  0.261460E+01  0.131244E+01  0.147173E+00
  0.261692E+01  0.151333E+01  0.146028E+00
  0.261924E+01  0.125641E+01  0.146917E+00
  0.262156E+01  0.142244E+01  0.146177E+00
  0.262387E+01  0.127013E+01  0.146728E+00
  0.262619E+01  0.124397E+01  0.146964E+00
  0.262851E+01  0.129923E+01  0.145305E+00
  0.263082E+01  0.115449E+01  0.146533E+00
  0.263314E+01  0.130513E+01  0.145625E+00
  0.263546E+01  0.150577E+01  0.146914E+00
  0.263777E+01  0.145269E+01  0.146969E+00
  0.264009E+01  0.137346E+01  0.146111E+00
  0.264241E+01  0.127769E+01  0.146383E+00
  0.264473E+01  0.144141E+01  0.145394E+00
  0.264704E+01  0.158103E+01  0.147114E+00
  0.264936E+01  0.137615E+01  0.145793E+00
  0.265168E+01  0.133026E+01  0.145490E+00
  0.265399E+01  0.126603E+01  0.146404E+00
  0.265631E+01  0.149744E+01  0.145613E+00
  0.265863E+01  0.151590E+01  0.146997E+00
  0.266094E+01  0.116205E+01  0.145727E+00
  0.266326E+01  0.116462E+01  0.145819E+00
  0.266558E+01  0.145641E+01  0.145853E+00
  0.266790E+01  0.149462E+01  0.145106E+00
  0.267021E+01  0.118628E+01  0.146307E+00
  0.267253E+01  0.109859E+01  0.144906E+00
  0.267485E+01  0.136987E+01  0.146403E+00
  0.267716E+01  0.134936E+01  0.145676E+00
  0.267948E+01  0.128667E+01  0.145277E+00
  0.268180E+01  0.124397E+01  0.145525E+00
  0.268411E+01  0.165346E+01  0.144382E+00
  0.268643E+01  0.152590E+01  0.145751E+00
  0.268875E+01  0.155641E+01  0.145049E+00
  0.269107E+01  0.131436E+01  0.145125E+00
  0.269338E+01  0.113846E+01  0.145397E+00
  0.269570E+01  0.132205E+01  0.143985E+00
  0.269802E+01  0.121141E+01  0.146499E+00
  0.270033E+01  0.112718E+01  0.144295E+00
  0.270265E+01  0.133628E+01  0.145553E+00
  0.270497E+01  0.158628E+01  0.145444E+00
  0.270729E+01  0.172795E+01  0.144498E+00
  0.270960E+01  0.148756E+01  0.145750E+00
  0.271192E+01  0.136782E+01  0.143917E+00
  0.271424E+01  0.157090E+01  0.145350E+00
  0.271655E+01  0.153474E+01  0.145078E+00
  0.271887E+01  0.127962E+01  0.144445E+00
  0.272119E+01  0.147295E+01  0.145109E+00
  0.272350E+01  0.125731E+01  0.143488E+00
  0.272582E+01  0.112679E+01  0.144902E+00
  0.272814E+01  0.149564E+01  0.144322E+00
  0.273046E+01  0.149782E+01  0.144753E+00
  0.273277E+01  0.137038E+01  0.144908E+00
  0.273509E+01  0.109718E+01  0.144271E+00
  0.273741E+01  0.135410E+01  0.144509E+00
  0.273972E+01  0.124603E+01  0.143091E+00
  0.274204E+01  0.113500E+01  0.143582E+00
  0.274436E+01  0.116603E+01  0.144293E+00
  0.274667E+01  0.112423E+01  0.144525E+00
  0.274899E+01  0.115282E+01  0.144493E+00
  0.275131E+01  0.161077E+01  0.143496E+00
  0.275363E+01  0.150987E+01  0.143334E+00
  0.275594E+01  0.132859E+01  0.143621E+00
  0.275826E+01  0.109526E+01  0.143142E+00
  0.276058E+01  0.143385E+01  0.144242E+00
  0.276289E+01  0.158923E+01  0.143587E+00
  0.276521E+01  0.153333E+01  0.144253E+00
  0.276753E+01  0.107782E+01  0.142725E+00
  0.276984E+01  0.118436E+01  0.142792E+00
  0.277216E+01  0.122936E+01  0.142885E+00
  0.277448E+01  0.971923E+00  0.143134E+00
  0.277680E+01  0.110000E+01  0.143413E+00
  0.277911E+01  0.125885E+01  0.141385E+00
  0.278143E+01  0.110577E+01  0.142807E+00
  0.278375E+01  0.121103E+01  0.142096E+00
  0.278606E+01  0.119897E+01  0.142651E+00
  0.278838E+01  0.102500E+01  0.142381E+00
  0.279070E+01  0.141564E+01  0.141415E+00
  0.279301E+01  0.142064E+01  0.142546E+00
  0.279533E+01  0.142538E+01  0.140902E+00
  0.279765E+01  0.143987E+01  0.142313E+00
  0.279997E+01  0.126718E+01  0.141519E+00
  0.280228E+01  0.134949E+01  0.141574E+00
  0.280460E+01  0.153641E+01  0.142257E+00
  0.280692E+01  0.126474E+01  0.140780E+00
  0.280923E+01  0.103526E+01  0.141588E+00
  0.281155E+01  0.116821E+01  0.140833E+00
  0.281387E+01  0.132295E+01  0.140703E+00
  0.281619E+01  0.127756E+01  0.141441E+00
  0.281850E+01  0.109705E+01  0.140482E+00
  0.282082E+01  0.119564E+01  0.141773E+00
  0.282314E+01  0.132346E+01  0.140010E+00
  0.282545E+01  0.116590E+01  0.141122E+00
  0.282777E+01  0.137782E+01  0.140752E+00
  0.283009E+01  0.153731E+01  0.139839E+00
  0.283240E+01  0.111526E+01  0.140577E+00
  0.283472E+01  0.129859E+01  0.139061E+00
  0.283704E+01  0.119346E+01  0.139371E+00
  0.283936E+01  0.114936E+01  0.139301E+00
  0.284167E+01  0.138859E+01  0.138983E+00
  0.284399E+01  0.127500E+01  0.140202E+00
  0.284631E+01  0.121077E+01  0.138752E+00
  0.284862E+01  0.130064E+01  0.138997E+00
  0.285094E+01  0.138205E+01  0.138511E+00
  0.285326E+01  0.157090E+01  0.137956E+00
  0.285557E+01  0.129154E+01  0.139271E+00
  0.285789E+01  0.136603E+01  0.136801E+00
  0.286021E+01  0.127795E+01  0.138141E+00
  0.286253E+01  0.109077E+01  0.137958E+00
  0.286484E+01  0.131641E+01  0.137684E+00
  0.286716E+01  0.129577E+01  0.137484E+00
  0.286948E+01  0.126962E+01  0.136477E+00
  0.287179E+01  0.102833E+01  0.137068E+00
  0.287411E+01  0.133064E+01  0.135857E+00
  0.287643E+01  0.139103E+01  0.135931E+00
  0.287874E+01  0.133154E+01  0.135820E+00
  0.288106E+01  0.110910E+01  0.134881E+00
  0.288338E+01  0.124962E+01  0.135245E+00
  0.288570E+01  0.131756E+01  0.133429E+00
  0.288801E+01  0.125154E+01  0.133513E+00
  0.289033E+01  0.122269E+01  0.132977E+00
  0.289265E+01  0.111295E+01  0.132794E+00
  0.289496E+01  0.113769E+01  0.132576E+00
  0.289728E+01  0.992949E+00  0.131725E+00
  0.289960E+01  0.100538E+01  0.132246E+00
  0.290191E+01  0.128500E+01  0.131678E+00
  0.290423E+01  0.149449E+01  0.132660E+00
  0.290655E+01  0.133154E+01  0.131323E+00
  0.290887E+01  0.138051E+01  0.131337E+00
  0.291118E+01  0.116615E+01  0.132657E+00
  0.291350E+01  0.107077E+01  0.131573E+00
  0.291582E+01  0.126910E+01  0.131867E+00
  0.291813E+01  0.100564E+01  0.131057E+00
  0.292045E+01  0.890000E+00  0.131348E+00
  0.292277E+01  0.946667E+00  0.132149E+00
  0.292509E+01  0.974103E+00  0.130193E+00
  0.292740E+01  0.119628E+01  0.132119E+00
  0.292972E+01  0.101295E+01  0.130888E+00
  0.293204E+01  0.135077E+01  0.131962E+00
  0.293435E+01  0.131936E+01  0.131618E+00
  0.293667E+01  0.109577E+01  0.130819E+00
  0.293899E+01  0.103308E+01  0.131859E+00
  0.294130E+01  0.117731E+01  0.131448E+00
  0.294362E+01  0.100974E+01  0.131713E+00
  0.294594E+01  0.101231E+01  0.131565E+00
  0.294826E+01  0.103397E+01  0.131760E+00
  0.295057E+01  0.929744E+00  0.131689E+00
  0.295289E+01  0.940769E+00  0.130922E+00
  0.295521E+01  0.978205E+00  0.131154E+00
  0.295752E+01  0.940256E+00  0.130746E+00
  0.295984E+01  0.126910E+01  0.131012E+00
  0.296216E+01  0.128128E+01  0.131479E+00
  0.296447E+01  0.130436E+01  0.130460E+00
  0.296679E+01  0.128628E+01  0.131409E+00
  0.296911E+01  0.128821E+01  0.130522E+00
  0.297143E+01  0.109064E+01  0.131416E+00
  0.297374E+01  0.975641E+00  0.131493E+00
  0.297606E+01  0.956026E+00  0.130695E+00
  0.297838E+01  0.854615E+00  0.131934E+00
  0.298069E+01  0.990000E+00  0.130347E+00
  0.298301E+01  0.116103E+01  0.131545E+00
  0.298533E+01  0.117462E+01  0.130895E+00
  0.298764E+01  0.125321E+01  0.131083E+00
  0.298996E+01  0.128833E+01  0.131201E+00
  0.299228E+01  0.968718E+00  0.130955E+00
  0.299460E+01  0.119372E+01  0.131169E+00
  0.299691E+01  0.110628E+01  0.130634E+00
  0.299923E+01  0.108744E+01  0.131141E+00
  0.300155E+01  0.123564E+01  0.131259E+00
  0.300386E+01  0.111872E+01  0.131177E+00
  0.300618E+01  0.109872E+01  0.131108E+00
  0.300850E+01  0.112359E+01  0.130586E+00
  0.301081E+01  0.962821E+00  0.130501E+00
  0.301313E+01  0.113397E+01  0.130529E+00
  0.301545E+01  0.112000E+01  0.130921E+00
  0.301777E+01  0.103949E+01  0.131482E+00
  0.302008E+01  0.125218E+01  0.130486E+00
  0.302240E+01  0.138115E+01  0.131455E+00
  0.302472E+01  0.996923E+00  0.130018E+00
  0.302703E+01  0.928077E+00  0.130785E+00
  0.302935E+01  0.122269E+01  0.130745E+00
  0.303167E+01  0.125449E+01  0.131088E+00
  0.303399E+01  0.120359E+01  0.131023E+00
  0.303630E+01  0.123462E+01  0.129652E+00
  0.303862E+01  0.114551E+01  0.131316E+00
  0.304094E+01  0.112231E+01  0.130858E+00
  0.304325E+01  0.121987E+01  0.130655E+00
  0.304557E+01  0.120026E+01  0.131077E+00
  0.304789E+01  0.120064E+01  0.130133E+00
  0.305020E+01  0.125308E+01  0.131101E+00
  0.305252E+01  0.114192E+01  0.129981E+00
  0.305484E+01  0.118308E+01  0.130667E+00
  0.305716E+01  0.955641E+00  0.130964E+00
  0.305947E+01  0.114705E+01  0.130644E+00
  0.306179E+01  0.118064E+01  0.131581E+00
  0.306411E+01  0.126090E+01  0.129931E+00
  0.306642E+01  0.113603E+01  0.131359E+00
  0.306874E+01  0.109949E+01  0.130922E+00
  0.307106E+01  0.120077E+01  0.130897E+00
  0.307337E+01  0.114372E+01  0.131360E+00
  0.307569E+01  0.104885E+01  0.130194E+00
  0.307801E+01  0.105013E+01  0.130733E+00
  0.308033E+01  0.107487E+01  0.130610E+00
  0.308264E+01  0.108346E+01  0.130647E+00
  0.308496E+01  0.109859E+01  0.131545E+00
  0.308728E+01  0.116603E+01  0.130762E+00
  0.308959E+01  0.112064E+01  0.131476E+00
  0.309191E+01  0.120808E+01  0.130827E+00
  0.309423E+01  0.112474E+01  0.130763E+00
  0.309654E+01  0.116359E+01  0.130532E+00
  0.309886E+01  0.113756E+01  0.130722E+00
  0.310118E+01  0.110821E+01  0.131210E+00
  0.310350E+01  0.103462E+01  0.130120E+00
  0.310581E+01  0.110308E+01  0.130979E+00
  0.310813E+01  0.102167E+01  0.130968E+00
  0.311045E+01  0.118397E+01  0.131101E+00
  0.311276E+01  0.104590E+01  0.131555E+00
  0.311508E+01  0.936923E+00  0.130099E+00
  0.311740E+01  0.899872E+00  0.130944E+00
  0.311971E+01  0.103590E+01  0.130905E+00
  0.312203E+01  0.143128E+01  0.130522E+00
  0.312435E+01  0.121654E+01  0.130915E+00
  0.312667E+01  0.118897E+01  0.130621E+00
  0.312898E+01  0.112077E+01  0.131693E+00
  0.313130E+01  0.109679E+01  0.130580E+00
  0.313362E+01  0.110500E+01  0.131446E+00
  0.313593E+01  0.111410E+01  0.130523E+00
  0.313825E+01  0.110205E+01  0.131154E+00
  0.314057E+01  0.118949E+01  0.131852E+00
  0.314288E+01  0.133269E+01  0.130235E+00
  0.314520E+01  0.122667E+01  0.131030E+00
  0.314752E+01  0.121244E+01  0.130940E+00
  0.314984E+01  0.109038E+01  0.131029E+00
  0.315215E+01  0.114115E+01  0.130485E+00
  0.315447E+01  0.113038E+01  0.130414E+00
  0.315679E+01  0.881154E+00  0.131344E+00
  0.315910E+01  0.971795E+00  0.130435E+00
  0.316142E+01  0.111321E+01  0.131340E+00
  0.316374E+01  0.108808E+01  0.130724E+00
  0.316606E+01  0.996795E+00  0.130552E+00
  0.316837E+01  0.104372E+01  0.131668E+00
  0.317069E+01  0.123218E+01  0.130041E+00
  0.317301E+01  0.116603E+01  0.131209E+00
  0.317532E+01  0.107526E+01  0.130719E+00
  0.317764E+01  0.109436E+01  0.131207E+00
  0.317996E+01  0.128436E+01  0.131446E+00
  0.318227E+01  0.109308E+01  0.130026E+00
  0.318459E+01  0.100551E+01  0.131596E+00
  0.318691E+01  0.110282E+01  0.130721E+00
  0.318923E+01  0.122923E+01  0.131682E+00
  0.319154E+01  0.112090E+01  0.131275E+00
  0.319386E+01  0.125359E+01  0.130859E+00
  0.319618E+01  0.132333E+01  0.131797E+00
  0.319849E+01  0.126846E+01  0.130606E+00
  0.320081E+01  0.119872E+01  0.131206E+00
  0.320313E+01  0.921667E+00  0.131117E+00
  0.320544E+01  0.123231E+01  0.130948E+00
  0.320776E+01  0.120333E+01  0.131583E+00
  0.321008E+01  0.128154E+01  0.130044E+00
  0.321240E+01  0.113179E+01  0.131039E+00
  0.321471E+01  0.123705E+01  0.130889E+00
  0.321703E+01  0.128064E+01  0.131293E+00
  0.321935E+01  0.105551E+01  0.131370E+00
  0.322166E+01  0.942051E+00  0.130081E+00
  0.322398E+01  0.118090E+01  0.131267E+00
  0.322630E+01  0.125231E+01  0.130884E+00
  0.322861E+01  0.111077E+01  0.131298E+00
  0.323093E+01  0.108756E+01  0.130577E+00
  0.323325E+01  0.114897E+01  0.130881E+00
  0.323557E+01  0.993590E+00  0.131042E+00
  0.323788E+01  0.948205E+00  0.130316E+00
  0.324020E+01  0.106269E+01  0.130852E+00
  0.324252E+01  0.114410E+01  0.130697E+00
  0.324483E+01  0.991667E+00  0.131102E+00
  0.324715E+01  0.112808E+01  0.132140E+00
  0.324947E+01  0.114577E+01  0.130588E+00
  0.325178E+01  0.942564E+00  0.131176E+00
  0.325410E+01  0.124064E+01  0.130243E+00
  0.325642E+01  0.113859E+01  0.131090E+00
  0.325874E+01  0.132487E+01  0.131202E+00
  0.326105E+01  0.113423E+01  0.130863E+00
  0.326337E+01  0.104141E+01  0.131540E+00
  0.326569E+01  0.105205E+01  0.130742E+00
  0.326800E+01  0.113769E+01  0.131403E+00
  0.327032E+01  0.107026E+01  0.130265E+00
  0.327264E+01  0.872051E+00  0.131132E+00
  0.327496E+01  0.830897E+00  0.131906E+00
  0.327727E+01  0.106308E+01  0.131168E+00
  0.327959E+01  0.126962E+01  0.131507E+00
  0.328191E+01  0.146244E+01  0.130543E+00
  0.328422E+01  0.128744E+01  0.131321E+00
  0.328654E+01  0.123897E+01  0.131650E+00
  0.328886E+01  0.131500E+01  0.130444E+00
  0.329117E+01  0.137051E+01  0.131830E+00
  0.329349E+01  0.132154E+01  0.130345E+00
  0.329581E+01  0.116423E+01  0.131354E+00
  0.329813E+01  0.920641E+00  0.131123E+00
  0.330044E+01  0.999872E+00  0.130820E+00
  0.330276E+01  0.834615E+00  0.131934E+00
  0.330508E+01  0.100731E+01  0.130594E+00
  0.330739E+01  0.102321E+01  0.131497E+00
  0.330971E+01  0.102333E+01  0.130141E+00
  0.331203E+01  0.846667E+00  0.131318E+00
  0.331434E+01  0.109500E+01  0.132546E+00
  0.331666E+01  0.116846E+01  0.130969E+00
  0.331898E+01  0.117808E+01  0.131611E+00
  0.332130E+01  0.118962E+01  0.131140E+00
  0.332361E+01  0.812821E+00  0.130924E+00
  0.332593E+01  0.106564E+01  0.131185E+00
  0.332825E+01  0.100615E+01  0.131000E+00
  0.333056E+01  0.827692E+00  0.131685E+00
  0.333288E+01  0.830513E+00  0.131230E+00
  0.333520E+01  0.886538E+00  0.132093E+00
  0.333751E+01  0.100359E+01  0.131311E+00
  0.333983E+01  0.881667E+00  0.130799E+00
  0.334215E+01  0.970385E+00  0.131469E+00
  0.334447E+01  0.111103E+01  0.130514E+00
  0.334678E+01  0.917821E+00  0.132051E+00
  0.334910E+01  0.716667E+00  0.130688E+00
  0.335142E+01  0.977564E+00  0.131614E+00
  0.335373E+01  0.107782E+01  0.131303E+00
  0.335605E+01  0.107692E+01  0.131452E+00
  0.335837E+01  0.104346E+01  0.131883E+00
  0.336068E+01  0.121628E+01  0.130971E+00
  0.336300E+01  0.104385E+01  0.131510E+00
  0.336532E+01  0.107269E+01  0.131460E+00
  0.336764E+01  0.823333E+00  0.130872E+00
  0.336995E+01  0.102974E+01  0.131631E+00
  0.337227E+01  0.106141E+01  0.131217E+00
  0.337459E+01  0.105423E+01  0.131778E+00
  0.337690E+01  0.952949E+00  0.130729E+00
  0.337922E+01  0.887564E+00  0.131449E+00
  0.338154E+01  0.940769E+00  0.131440E+00
  0.338386E+01  0.121538E+01  0.131353E+00
  0.338617E+01  0.905000E+00  0.131658E+00
  0.338849E+01  0.996282E+00  0.130895E+00
  0.339081E+01  0.108910E+01  0.132132E+00
  0.339312E+01  0.113500E+01  0.131426E+00
  0.339544E+01  0.114628E+01  0.131491E+00
  0.339776E+01  0.814615E+00  0.131622E+00
  0.340007E+01  0.900641E+00  0.131191E+00
  0.340239E+01  0.898846E+00  0.132017E+00
  0.340471E+01  0.976923E+00  0.131256E+00
  0.340703E+01  0.910000E+00  0.131357E+00
  0.340934E+01  0.100436E+01  0.131799E+00
  0.341166E+01  0.102551E+01  0.131189E+00
  0.341398E+01  0.937692E+00  0.132185E+00
  0.341629E+01  0.932179E+00  0.130779E+00
  0.341861E+01  0.106026E+01  0.131891E+00
  0.342093E+01  0.855385E+00  0.131591E+00
  0.342324E+01  0.979359E+00  0.131005E+00
  0.342556E+01  0.114615E+01  0.131621E+00
  0.342788E+01  0.991795E+00  0.130551E+00
  0.343020E+01  0.992821E+00  0.132156E+00
  0.343251E+01  0.101064E+01  0.131269E+00
  0.343483E+01  0.896026E+00  0.131393E+00
  0.343715E+01  0.890385E+00  0.131963E+00
  0.343946E+01  0.101731E+01  0.130881E+00
  0.344178E+01  0.823718E+00  0.132182E+00
  0.344410E+01  0.805256E+00  0.131842E+00
  0.344641E+01  0.100962E+01  0.131520E+00
  0.344873E+01  0.119090E+01  0.132503E+00
  0.345105E+01  0.100769E+01  0.131223E+00
  0.345337E+01  0.981795E+00  0.131689E+00
  0.345568E+01  0.104692E+01  0.130480E+00
  0.345800E+01  0.926795E+00  0.130774E+00
  0.346032E+01  0.843077E+00  0.131574E+00
  0.346263E+01  0.774615E+00  0.131575E+00
  0.346495E+01  0.114577E+01  0.131534E+00
  0.346727E+01  0.115218E+01  0.130082E+00
  0.346958E+01  0.102744E+01  0.132011E+00
  0.347190E+01  0.103910E+01  0.131453E+00
  0.347422E+01  0.971282E+00  0.131999E+00
  0.347654E+01  0.102397E+01  0.131220E+00
  0.347885E+01  0.109077E+01  0.130653E+00
  0.348117E+01  0.897692E+00  0.131944E+00
  0.348349E+01  0.824231E+00  0.131246E+00
  0.348580E+01  0.107103E+01  0.131550E+00
  0.348812E+01  0.117577E+01  0.132321E+00
  0.349044E+01  0.858333E+00  0.131800E+00
  0.349276E+01  0.115744E+01  0.132222E+00
  0.349507E+01  0.120821E+01  0.130934E+00
  0.349739E+01  0.107846E+01  0.131807E+00
  0.349971E+01  0.994744E+00  0.131106E+00
  0.350202E+01  0.103038E+01  0.132094E+00
  0.350434E+01  0.105615E+01  0.132330E+00
  0.350666E+01  0.121192E+01  0.130483E+00
  0.350897E+01  0.101013E+01  0.131789E+00
  0.351129E+01  0.111603E+01  0.131140E+00
  0.351361E+01  0.106949E+01  0.131736E+00
  0.351593E+01  0.797949E+00  0.131052E+00
  0.351824E+01  0.986026E+00  0.131369E+00
  0.352056E+01  0.840000E+00  0.132080E+00
  0.352288E+01  0.991410E+00  0.131366E+00
  0.352519E+01  0.105385E+01  0.131972E+00
  0.352751E+01  0.635385E+00  0.131490E+00
  0.352983E+01  0.973077E+00  0.131890E+00
  0.353214E+01  0.133513E+01  0.132518E+00
  0.353446E+01  0.107385E+01  0.130696E+00
  0.353678E+01  0.895513E+00  0.132354E+00
  0.353910E+01  0.102705E+01  0.131061E+00
  0.354141E+01  0.115244E+01  0.132147E+00
  0.354373E+01  0.977821E+00  0.131691E+00
  0.354605E+01  0.880513E+00  0.131096E+00
  0.354836E+01  0.100769E+01  0.132015E+00
  0.355068E+01  0.108885E+01  0.131073E+00
  0.355300E+01  0.100577E+01  0.131946E+00
  0.355531E+01  0.843846E+00  0.131670E+00
  0.355763E+01  0.964744E+00  0.131510E+00
  0.355995E+01  0.849487E+00  0.132076E+00
  0.356227E+01  0.111564E+01  0.131508E+00
  0.356458E+01  0.103641E+01  0.130832E+00
  0.356690E+01  0.102269E+01  0.130981E+00
  0.356922E+01  0.989744E+00  0.131362E+00
  0.357153E+01  0.973205E+00  0.132320E+00
  0.357385E+01  0.102385E+01  0.130863E+00
  0.357617E+01  0.850513E+00  0.132080E+00
  0.357848E+01  0.821282E+00  0.131700E+00
  0.358080E+01  0.110026E+01  0.132228E+00
  0.358312E+01  0.895897E+00  0.131858E+00
  0.358544E+01  0.909487E+00  0.131098E+00
  0.358775E+01  0.986795E+00  0.132068E+00
  0.359007E+01  0.108962E+01  0.131093E+00
  0.359239E+01  0.135038E+01  0.131273E+00
  0.359470E+01  0.103128E+01  0.131078E+00
  0.359702E+01  0.107641E+01  0.131684E+00
  0.359934E+01  0.969231E+00  0.131627E+00
  0.360166E+01  0.823077E+00  0.131114E+00
  0.360397E+01  0.104859E+01  0.130956E+00
  0.360629E+01  0.102308E+01  0.131063E+00
  0.360861E+01  0.114013E+01  0.131068E+00
  0.361092E+01  0.102205E+01  0.131801E+00
  0.361324E+01  0.944103E+00  0.130676E+00
  0.361556E+01  0.877949E+00  0.131376E+00
  0.361787E+01  0.102462E+01  0.131460E+00
  0.362019E+01  0.984103E+00  0.131779E+00
  0.362251E+01  0.886667E+00  0.131109E+00
  0.362483E+01  0.100500E+01  0.131211E+00
  0.362714E+01  0.118141E+01  0.131528E+00
  0.362946E+01  0.120872E+01  0.132370E+00
  0.363178E+01  0.123987E+01  0.131668E+00
  0.363409E+01  0.109564E+01  0.131228E+00
  0.363641E+01  0.950641E+00  0.132029E+00
  0.363873E+01  0.942051E+00  0.131283E+00
  0.364104E+01  0.953718E+00  0.131687E+00
  0.364336E+01  0.117192E+01  0.131315E+00
  0.364568E+01  0.120462E+01  0.131433E+00
  0.364800E+01  0.122103E+01  0.132093E+00
  0.365031E+01  0.130167E+01  0.131461E+00
  0.365263E+01  0.100256E+01  0.131449E+00
  0.365495E+01  0.101423E+01  0.131656E+00
  0.365726E+01  0.920385E+00  0.131487E+00
  0.365958E+01  0.124231E+01  0.131158E+00
  0.366190E+01  0.960256E+00  0.131217E+00
  0.366421E+01  0.115051E+01  0.131490E+00
  0.366653E+01  0.110603E+01  0.131807E+00
  0.366885E+01  0.999487E+00  0.131622E+00
  0.367117E+01  0.789487E+00  0.131188E+00
  0.367348E+01  0.133910E+01  0.131344E+00
  0.367580E+01  0.112064E+01  0.131797E+00
  0.367812E+01  0.835000E+00  0.131487E+00
  0.368043E+01  0.998333E+00  0.130929E+00
  0.368275E+01  0.118872E+01  0.130592E+00
  0.368507E+01  0.114897E+01  0.131529E+00
  0.368738E+01  0.120923E+01  0.131884E+00
  0.368970E+01  0.136551E+01  0.132074E+00
  0.369202E+01  0.109192E+01  0.131124E+00
  0.369434E+01  0.915897E+00  0.131260E+00
  0.369665E+01  0.894487E+00  0.131271E+00
  0.369897E+01  0.121192E+01  0.131471E+00
  0.370129E+01  0.136205E+01  0.130997E+00
  0.370360E+01  0.115705E+01  0.131876E+00
  0.370592E+01  0.104769E+01  0.131692E+00
  0.370824E+01  0.101436E+01  0.131633E+00
  0.371056E+01  0.107846E+01  0.130976E+00
  0.371287E+01  0.107462E+01  0.131502E+00
  0.371519E+01  0.111462E+01  0.131728E+00
  0.371751E+01  0.100256E+01  0.131390E+00
  0.371982E+01  0.116449E+01  0.131484E+00
  0.372214E+01  0.115462E+01  0.131209E+00
  0.372446E+01  0.115654E+01  0.131097E+00
  0.372677E+01  0.669487E+00  0.132167E+00
  0.372909E+01  0.565513E+00  0.132115E+00
  0.373141E+01  0.767308E+00  0.131491E+00
  0.373373E+01  0.927051E+00  0.131414E+00
  0.373604E+01  0.989487E+00  0.132046E+00
  0.373836E+01  0.108038E+01  0.131525E+00
  0.374068E+01  0.100949E+01  0.131536E+00
  0.374299E+01  0.859359E+00  0.132043E+00
  0.374531E+01  0.100397E+01  0.131823E+00
  0.374763E+01  0.106897E+01  0.131703E+00
  0.374994E+01  0.123667E+01  0.132045E+00
  0.375226E+01  0.119026E+01  0.130960E+00
  0.375458E+01  0.122885E+01  0.131295E+00
  0.375690E+01  0.113487E+01  0.131531E+00
  0.375921E+01  0.124205E+01  0.131975E+00
  0.376153E+01  0.110910E+01  0.132169E+00
  0.376385E+01  0.115859E+01  0.131799E+00
  0.376616E+01  0.127269E+01  0.131787E+00
  0.376848E+01  0.128308E+01  0.131977E+00
  0.377080E+01  0.123679E+01  0.131262E+00
  0.377311E+01  0.126538E+01  0.131596E+00
  0.377543E+01  0.116897E+01  0.132000E+00
  0.377775E+01  0.103244E+01  0.132162E+00
  0.378007E+01  0.121436E+01  0.131188E+00
  0.378238E+01  0.128321E+01  0.131220E+00
  0.378470E+01  0.114269E+01  0.131939E+00
  0.378702E+01  0.144833E+01  0.131952E+00
  0.378933E+01  0.140346E+01  0.130726E+00
  0.379165E+01  0.140962E+01  0.131881E+00
  0.379397E+01  0.140000E+01  0.131515E+00
  0.379628E+01  0.138500E+01  0.131655E+00
  0.379860E+01  0.119962E+01  0.131818E+00
  0.380092E+01  0.118064E+01  0.131663E+00
  0.380324E+01  0.104692E+01  0.131974E+00
  0.380555E+01  0.122090E+01  0.132244E+00
  0.380787E+01  0.110910E+01  0.132193E+00
  0.381019E+01  0.111051E+01  0.130651E+00
  0.381250E+01  0.131782E+01  0.131797E+00
  0.381482E+01  0.126923E+01  0.131808E+00
  0.381714E+01  0.997949E+00  0.131716E+00
  0.381946E+01  0.994231E+00  0.131715E+00
  0.382177E+01  0.939487E+00  0.131860E+00
  0.382409E+01  0.100051E+01  0.131569E+00
  0.382641E+01  0.982179E+00  0.132017E+00
  0.382872E+01  0.979231E+00  0.131497E+00
  0.383104E+01  0.101962E+01  0.131620E+00
  0.383336E+01  0.789231E+00  0.131616E+00
  0.383567E+01  0.961923E+00  0.131784E+00
  0.383799E+01  0.970385E+00  0.131311E+00
  0.384031E+01  0.977564E+00  0.131523E+00
  0.384263E+01  0.113833E+01  0.131818E+00
  0.384494E+01  0.102192E+01  0.131790E+00
  0.384726E+01  0.974487E+00  0.131916E+00
  0.384958E+01  0.110038E+01  0.131311E+00
  0.385189E+01  0.104333E+01  0.131074E+00
  0.385421E+01  0.930385E+00  0.132004E+00
  0.385653E+01  0.109769E+01  0.132151E+00
  0.385884E+01  0.889872E+00  0.132222E+00
  0.386116E+01  0.112821E+01  0.132161E+00
  0.386348E+01  0.118295E+01  0.131855E+00
  0.386580E+01  0.114974E+01  0.131865E+00
  0.386811E+01  0.996667E+00  0.130925E+00
  0.387043E+01  0.102308E+01  0.131325E+00
  0.387275E+01  0.108679E+01  0.132107E+00
  0.387506E+01  0.101731E+01  0.131406E+00
  0.387738E+01  0.870256E+00  0.132129E+00
  0.387970E+01  0.972436E+00  0.131338E+00
  0.388201E+01  0.125256E+01  0.132117E+00
  0.388433E+01  0.120205E+01  0.131637E+00
  0.388665E+01  0.105679E+01  0.131324E+00
  0.388897E+01  0.896410E+00  0.131425E+00
  0.389128E+01  0.105808E+01  0.131866E+00
  0.389360E+01  0.111436E+01  0.132280E+00
  0.389592E+01  0.994744E+00  0.132212E+00
  0.389823E+01  0.102154E+01  0.131100E+00
  0.390055E+01  0.111192E+01  0.131668E+00
  0.390287E+01  0.121244E+01  0.132011E+00
  0.390518E+01  0.999487E+00  0.131758E+00
  0.390750E+01  0.102590E+01  0.131873E+00
  0.390982E+01  0.130154E+01  0.131417E+00
  0.391214E+01  0.114487E+01  0.131664E+00
  0.391445E+01  0.136859E+01  0.131550E+00
  0.391677E+01  0.126256E+01  0.131660E+00
  0.391909E+01  0.127026E+01  0.132141E+00
  0.392140E+01  0.952051E+00  0.131706E+00
  0.392372E+01  0.119000E+01  0.131794E+00
  0.392604E+01  0.116423E+01  0.131377E+00
  0.392836E+01  0.103205E+01  0.131529E+00
  0.393067E+01  0.914744E+00  0.132597E+00
  0.393299E+01  0.982949E+00  0.132026E+00
  0.393531E+01  0.115346E+01  0.133249E+00
  0.393762E+01  0.124487E+01  0.132193E+00
  0.393994E+01  0.108551E+01  0.131911E+00
  0.394226E+01  0.116654E+01  0.132981E+00
  0.394457E+01  0.122051E+01  0.131863E+00
  0.394689E+01  0.122038E+01  0.132282E+00
  0.394921E+01  0.840000E+00  0.132789E+00
  0.395153E+01  0.834744E+00  0.132317E+00
  0.395384E+01  0.907179E+00  0.132573E+00
  0.395616E+01  0.108538E+01  0.132129E+00
  0.395848E+01  0.102872E+01  0.132565E+00
  0.396079E+01  0.139897E+01  0.133092E+00
  0.396311E+01  0.100295E+01  0.132593E+00
  0.396543E+01  0.122077E+01  0.132639E+00
  0.396774E+01  0.126449E+01  0.133049E+00
  0.397006E+01  0.124385E+01  0.132737E+00
  0.397238E+01  0.963462E+00  0.132523E+00
  0.397470E+01  0.123705E+01  0.132597E+00
  0.397701E+01  0.123513E+01  0.132214E+00
  0.397933E+01  0.108192E+01  0.132575E+00
  0.398165E+01  0.100346E+01  0.132167E+00
  0.398396E+01  0.955897E+00  0.132767E+00
  0.398628E+01  0.939872E+00  0.131869E+00
  0.398860E+01  0.845513E+00  0.132473E+00
  0.399091E+01  0.121269E+01  0.132575E+00
  0.399323E+01  0.100962E+01  0.132754E+00
  0.399555E+01  0.609103E+00  0.132267E+00
  0.399787E+01  0.961154E+00  0.132415E+00
  0.400018E+01  0.117321E+01  0.133018E+00
  0.400250E+01  0.105923E+01  0.133377E+00
  0.400482E+01  0.125282E+01  0.132621E+00
  0.400713E+01  0.993846E+00  0.132610E+00
  0.400945E+01  0.103372E+01  0.132934E+00
  0.401177E+01  0.903974E+00  0.132515E+00
  0.401408E+01  0.123987E+01  0.133053E+00
  0.401640E+01  0.102833E+01  0.132588E+00
  0.401872E+01  0.866795E+00  0.133072E+00
  0.402104E+01  0.133205E+01  0.132703E+00
  0.402335E+01  0.109474E+01  0.132179E+00
  0.402567E+01  0.106026E+01  0.132661E+00
  0.402799E+01  0.100628E+01  0.132587E+00
  0.403030E+01  0.875769E+00  0.132828E+00
  0.403262E+01  0.946154E+00  0.133202E+00
  0.403494E+01  0.906667E+00  0.133142E+00
  0.403726E+01  0.893974E+00  0.133356E+00
  0.403957E+01  0.918718E+00  0.133369E+00
  0.404189E+01  0.985385E+00  0.133389E+00
  0.404421E+01  0.107526E+01  0.132892E+00
  0.404652E+01  0.120769E+01  0.133123E+00
  0.404884E+01  0.131551E+01  0.132903E+00
  0.405116E+01  0.114769E+01  0.133062E+00
  0.405347E+01  0.102013E+01  0.132426E+00
  0.405579E+01  0.801410E+00  0.131728E+00
  0.405811E+01  0.876154E+00  0.132850E+00
  0.406043E+01  0.993718E+00  0.132957E+00
  0.406274E+01  0.679231E+00  0.132878E+00
  0.406506E+01  0.908462E+00  0.132292E+00
  0.406738E+01  0.100641E+01  0.131857E+00
  0.406969E+01  0.108000E+01  0.132368E+00
  0.407201E+01  0.908333E+00  0.132523E+00
  0.407433E+01  0.853333E+00  0.131796E+00
  0.407664E+01  0.788718E+00  0.132305E+00
  0.407896E+01  0.108808E+01  0.132402E+00
  0.408128E+01  0.114192E+01  0.132734E+00
  0.408360E+01  0.110795E+01  0.132765E+00
  0.408591E+01  0.110359E+01  0.132733E+00
  0.408823E+01  0.115949E+01  0.132526E+00
  0.409055E+01  0.101410E+01  0.132462E+00
  0.409286E+01  0.104103E+01  0.132591E+00
  0.409518E+01  0.757564E+00  0.131790E+00
  0.409750E+01  0.990256E+00  0.132000E+00
  0.409981E+01  0.113538E+01  0.132749E+00
  0.410213E+01  0.140603E+01  0.132538E+00
  0.410445E+01  0.133141E+01  0.132141E+00
  0.410677E+01  0.940385E+00  0.132950E+00
  0.410908E+01  0.103359E+01  0.132312E+00
  0.411140E+01  0.116154E+01  0.133142E+00
  0.411372E+01  0.896154E+00  0.132124E+00
  0.411603E+01  0.996667E+00  0.132351E+00
  0.411835E+01  0.998333E+00  0.133661E+00
  0.412067E+01  0.914744E+00  0.132998E+00
  0.412298E+01  0.129782E+01  0.132259E+00
  0.412530E+01  0.134359E+01  0.132842E+00
  0.412762E+01  0.127603E+01  0.132274E+00
  0.412994E+01  0.118359E+01  0.133409E+00
  0.413225E+01  0.115936E+01  0.132675E+00
  0.413457E+01  0.118321E+01  0.132802E+00
  0.413689E+01  0.112667E+01  0.133152E+00
  0.413920E+01  0.110385E+01  0.133070E+00
  0.414152E+01  0.769359E+00  0.133357E+00
  0.414384E+01  0.928718E+00  0.132233E+00
  0.414616E+01  0.940256E+00  0.132911E+00
  0.414847E+01  0.908462E+00  0.133546E+00
  0.415079E+01  0.121449E+01  0.132719E+00
  0.415311E+01  0.101551E+01  0.132387E+00
  0.415542E+01  0.121603E+01  0.132909E+00
  0.415774E+01  0.967692E+00  0.133022E+00
  0.416006E+01  0.105346E+01  0.133830E+00
  0.416237E+01  0.107654E+01  0.132835E+00
  0.416469E+01  0.109910E+01  0.133457E+00
  0.416701E+01  0.128987E+01  0.133113E+00
  0.416933E+01  0.120744E+01  0.132715E+00
  0.417164E+01  0.109692E+01  0.132855E+00
  0.417396E+01  0.113526E+01  0.132871E+00
  0.417628E+01  0.919744E+00  0.133305E+00
  0.417859E+01  0.752949E+00  0.133340E+00
  0.418091E+01  0.107615E+01  0.133009E+00
  0.418323E+01  0.115179E+01  0.133342E+00
  0.418554E+01  0.107987E+01  0.133052E+00
  0.418786E+01  0.989103E+00  0.133336E+00
  0.419018E+01  0.100872E+01  0.133362E+00
  0.419250E+01  0.104782E+01  0.132883E+00
  0.419481E+01  0.119205E+01  0.133427E+00
  0.419713E+01  0.113308E+01  0.133301E+00
  0.419945E+01  0.842821E+00  0.134141E+00
  0.420176E+01  0.888333E+00  0.133208E+00
  0.420408E+01  0.947179E+00  0.133514E+00
  0.420640E+01  0.916667E+00  0.133697E+00
  0.420871E+01  0.986410E+00  0.133574E+00
  0.421103E+01  0.100551E+01  0.132471E+00
  0.421335E+01  0.905897E+00  0.133323E+00
  0.421567E+01  0.103526E+01  0.133674E+00
  0.421798E+01  0.891538E+00  0.134473E+00
  0.422030E+01  0.855513E+00  0.134350E+00
  0.422262E+01  0.107372E+01  0.133167E+00
  0.422493E+01  0.111500E+01  0.134064E+00
  0.422725E+01  0.121526E+01  0.133578E+00
  0.422957E+01  0.140282E+01  0.134213E+00
  0.423188E+01  0.109013E+01  0.133566E+00
  0.423420E+01  0.101590E+01  0.133729E+00
  0.423652E+01  0.946154E+00  0.134118E+00
  0.423884E+01  0.115526E+01  0.133591E+00
  0.424115E+01  0.135333E+01  0.132886E+00
  0.424347E+01  0.123038E+01  0.133952E+00
  0.424579E+01  0.121346E+01  0.133843E+00
  0.424810E+01  0.868590E+00  0.134350E+00
  0.425042E+01  0.103474E+01  0.134350E+00
  0.425274E+01  0.129064E+01  0.133813E+00
  0.425506E+01  0.118090E+01  0.134655E+00
  0.425737E+01  0.104128E+01  0.134395E+00
  0.425969E+01  0.116667E+01  0.134370E+00
  0.426201E+01  0.104910E+01  0.134192E+00
  0.426432E+01  0.100782E+01  0.134423E+00
  0.426664E+01  0.846667E+00  0.134411E+00
  0.426896E+01  0.650128E+00  0.134620E+00
  0.427127E+01  0.897179E+00  0.134092E+00
  0.427359E+01  0.920128E+00  0.134581E+00
  0.427591E+01  0.107064E+01  0.134876E+00
  0.427823E+01  0.103667E+01  0.134965E+00
  0.428054E+01  0.101256E+01  0.134496E+00
  0.428286E+01  0.112436E+01  0.135280E+00
  0.428518E+01  0.113090E+01  0.134951E+00
  0.428749E+01  0.772564E+00  0.135424E+00
  0.428981E+01  0.675769E+00  0.135127E+00
  0.429213E+01  0.660641E+00  0.135270E+00
  0.429444E+01  0.935256E+00  0.135446E+00
  0.429676E+01  0.864103E+00  0.135189E+00
  0.429908E+01  0.790769E+00  0.135204E+00
  0.430140E+01  0.828846E+00  0.134835E+00
  0.430371E+01  0.876667E+00  0.135356E+00
  0.430603E+01  0.811923E+00  0.135905E+00
  0.430835E+01  0.896538E+00  0.134986E+00
  0.431066E+01  0.109654E+01  0.134905E+00
  0.431298E+01  0.819872E+00  0.135742E+00
  0.431530E+01  0.727179E+00  0.136345E+00
  0.431761E+01  0.855513E+00  0.135973E+00
  0.431993E+01  0.993462E+00  0.135668E+00
  0.432225E+01  0.968462E+00  0.135017E+00
  0.432457E+01  0.916282E+00  0.135797E+00
  0.432688E+01  0.111205E+01  0.136039E+00
  0.432920E+01  0.101526E+01  0.136170E+00
  0.433152E+01  0.943974E+00  0.136072E+00
  0.433383E+01  0.961667E+00  0.136097E+00
  0.433615E+01  0.103551E+01  0.136748E+00
  0.433847E+01  0.888846E+00  0.135175E+00
  0.434078E+01  0.796667E+00  0.136316E+00
  0.434310E+01  0.808077E+00  0.136004E+00
  0.434542E+01  0.759359E+00  0.136319E+00
  0.434774E+01  0.778333E+00  0.136166E+00
  0.435005E+01  0.787308E+00  0.136400E+00
  0.435237E+01  0.664231E+00  0.136410E+00
  0.435469E+01  0.944872E+00  0.136137E+00
  0.435700E+01  0.121833E+01  0.136629E+00
  0.435932E+01  0.112474E+01  0.136080E+00
  0.436164E+01  0.110487E+01  0.136749E+00
  0.436396E+01  0.118282E+01  0.136970E+00
  0.436627E+01  0.114000E+01  0.136330E+00
  0.436859E+01  0.101218E+01  0.136638E+00
  0.437091E+01  0.113974E+01  0.137438E+00
  0.437322E+01  0.930513E+00  0.137212E+00
  0.437554E+01  0.811410E+00  0.137105E+00
  0.437786E+01  0.773846E+00  0.136791E+00
  0.438017E+01  0.885769E+00  0.136944E+00
  0.438249E+01  0.867436E+00  0.137601E+00
  0.438481E+01  0.959872E+00  0.136812E+00
  0.438713E+01  0.704744E+00  0.137500E+00
  0.438944E+01  0.797308E+00  0.137642E+00
  0.439176E+01  0.825000E+00  0.137423E+00
  0.439408E+01  0.883333E+00  0.137775E+00
  0.439639E+01  0.949359E+00  0.137420E+00
  0.439871E+01  0.105744E+01  0.136980E+00
  0.440103E+01  0.664744E+00  0.137606E+00
  0.440334E+01  0.659359E+00  0.137741E+00
  0.440566E+01  0.103795E+01  0.138164E+00
  0.440798E+01  0.107744E+01  0.137491E+00
  0.441030E+01  0.111936E+01  0.137412E+00
  0.441261E+01  0.109641E+01  0.137701E+00
  0.441493E+01  0.922179E+00  0.137759E+00
  0.441725E+01  0.982949E+00  0.137490E+00
  0.441956E+01  0.844872E+00  0.138514E+00
  0.442188E+01  0.550128E+00  0.138452E+00
  0.442420E+01  0.717564E+00  0.138330E+00
  0.442651E+01  0.816410E+00  0.138766E+00
  0.442883E+01  0.966538E+00  0.137852E+00
  0.443115E+01  0.943077E+00  0.138082E+00
  0.443347E+01  0.817179E+00  0.138633E+00
  0.443578E+01  0.866795E+00  0.138209E+00
  0.443810E+01  0.981282E+00  0.137643E+00
  0.444042E+01  0.102090E+01  0.138653E+00
  0.444273E+01  0.985256E+00  0.138963E+00
  0.444505E+01  0.103769E+01  0.138919E+00
  0.444737E+01  0.979615E+00  0.138793E+00
  0.444968E+01  0.955897E+00  0.138827E+00
  0.445200E+01  0.847564E+00  0.138286E+00
  0.445432E+01  0.734231E+00  0.138398E+00
  0.445664E+01  0.789103E+00  0.138932E+00
  0.445895E+01  0.638462E+00  0.139172E+00
  0.446127E+01  0.926538E+00  0.139777E+00
  0.446359E+01  0.102244E+01  0.139002E+00
  0.446590E+01  0.107282E+01  0.139017E+00
  0.446822E+01  0.945513E+00  0.138629E+00
  0.447054E+01  0.975897E+00  0.138294E+00
  0.447286E+01  0.907692E+00  0.139693E+00
  0.447517E+01  0.911538E+00  0.139210E+00
  0.447749E+01  0.823462E+00  0.138862E+00
  0.447981E+01  0.929487E+00  0.138857E+00
  0.448212E+01  0.879231E+00  0.139724E+00
  0.448444E+01  0.100628E+01  0.139935E+00
  0.448676E+01  0.101628E+01  0.138876E+00
  0.448907E+01  0.103026E+01  0.139374E+00
  0.449139E+01  0.824487E+00  0.140172E+00
  0.449371E+01  0.117397E+01  0.139916E+00
  0.449603E+01  0.107321E+01  0.139734E+00
  0.449834E+01  0.837179E+00  0.139845E+00
  0.450066E+01  0.687051E+00  0.140594E+00
  0.450298E+01  0.587179E+00  0.140493E+00
  0.450529E+01  0.711154E+00  0.140179E+00
  0.450761E+01  0.102859E+01  0.139725E+00
  0.450993E+01  0.891667E+00  0.139653E+00
  0.451224E+01  0.110756E+01  0.139924E+00
  0.451456E+01  0.116872E+01  0.140064E+00
  0.451688E+01  0.944872E+00  0.139724E+00
  0.451920E+01  0.848462E+00  0.140622E+00
  0.452151E+01  0.886410E+00  0.140451E+00
  0.452383E+01  0.804359E+00  0.140375E+00
  0.452615E+01  0.760385E+00  0.140012E+00
  0.452846E+01  0.979231E+00  0.140036E+00
  0.453078E+01  0.856538E+00  0.140826E+00
  0.453310E+01  0.770897E+00  0.140917E+00
  0.453541E+01  0.102141E+01  0.140425E+00
  0.453773E+01  0.922564E+00  0.140111E+00
  0.454005E+01  0.803205E+00  0.140651E+00
  0.454237E+01  0.919872E+00  0.140674E+00
  0.454468E+01  0.921154E+00  0.140432E+00
  0.454700E+01  0.981026E+00  0.140467E+00
  0.454932E+01  0.933333E+00  0.140833E+00
  0.455163E+01  0.116154E+01  0.140396E+00
  0.455395E+01  0.113269E+01  0.140448E+00
  0.455627E+01  0.109615E+01  0.140334E+00
  0.455858E+01  0.989487E+00  0.141461E+00
  0.456090E+01  0.122256E+01  0.140972E+00
  0.456322E+01  0.117500E+01  0.141879E+00
  0.456554E+01  0.924487E+00  0.140768E+00
  0.456785E+01  0.849359E+00  0.141023E+00
  0.457017E+01  0.107667E+01  0.141132E+00
  0.457249E+01  0.132141E+01  0.141410E+00
  0.457480E+01  0.126474E+01  0.141243E+00
  0.457712E+01  0.114744E+01  0.140975E+00
  0.457944E+01  0.125859E+01  0.141315E+00
  0.458176E+01  0.147808E+01  0.141994E+00
  0.458407E+01  0.137269E+01  0.141221E+00
  0.458639E+01  0.115564E+01  0.141033E+00
  0.458871E+01  0.101128E+01  0.141462E+00
  0.459102E+01  0.107346E+01  0.141220E+00
  0.459334E+01  0.963974E+00  0.141958E+00
  0.459566E+01  0.959231E+00  0.141096E+00
  0.459797E+01  0.113795E+01  0.141910E+00
  0.460029E+01  0.938974E+00  0.141404E+00
  0.460261E+01  0.814872E+00  0.141424E+00
  0.460493E+01  0.906410E+00  0.141407E+00
  0.460724E+01  0.103551E+01  0.141190E+00
  0.460956E+01  0.114282E+01  0.141877E+00
  0.461188E+01  0.991923E+00  0.141816E+00
  0.461419E+01  0.128641E+01  0.141758E+00
  0.461651E+01  0.122872E+01  0.142188E+00
  0.461883E+01  0.960385E+00  0.142055E+00
  0.462114E+01  0.907179E+00  0.142418E+00
  0.462346E+01  0.986282E+00  0.142072E+00
  0.462578E+01  0.874359E+00  0.141743E+00
  0.462810E+01  0.109756E+01  0.142282E+00
  0.463041E+01  0.952821E+00  0.142690E+00
  0.463273E+01  0.117205E+01  0.142261E+00
  0.463505E+01  0.829872E+00  0.142754E+00
  0.463736E+01  0.964872E+00  0.142029E+00
  0.463968E+01  0.119474E+01  0.143570E+00
  0.464200E+01  0.116987E+01  0.144143E+00
  0.464431E+01  0.112795E+01  0.144762E+00
  0.464663E+01  0.953718E+00  0.145993E+00
  0.464895E+01  0.113397E+01  0.146186E+00
  0.465127E+01  0.137436E+01  0.146656E+00
  0.465358E+01  0.128897E+01  0.147246E+00
  0.465590E+01  0.128962E+01  0.148465E+00
  0.465822E+01  0.129141E+01  0.149215E+00
  0.466053E+01  0.130962E+01  0.148789E+00
  0.466285E+01  0.986026E+00  0.149363E+00
  0.466517E+01  0.101244E+01  0.149916E+00
  0.466748E+01  0.112103E+01  0.149442E+00
  0.466980E+01  0.103385E+01  0.150345E+00
  0.467212E+01  0.978718E+00  0.151243E+00
  0.467444E+01  0.111923E+01  0.151197E+00
  0.467675E+01  0.958333E+00  0.151141E+00
  0.467907E+01  0.118897E+01  0.151058E+00
  0.468139E+01  0.128321E+01  0.151491E+00
  0.468370E+01  0.127872E+01  0.151993E+00
  0.468602E+01  0.106513E+01  0.151392E+00
  0.468834E+01  0.121564E+01  0.152286E+00
  0.469066E+01  0.132833E+01  0.152791E+00
  0.469297E+01  0.134833E+01  0.152232E+00
  0.469529E+01  0.132513E+01  0.152941E+00
  0.469761E+01  0.105756E+01  0.153513E+00
  0.469992E+01  0.941667E+00  0.153244E+00
  0.470224E+01  0.678846E+00  0.154208E+00
  0.470456E+01  0.105487E+01  0.154429E+00
  0.470687E+01  0.120615E+01  0.154094E+00
  0.470919E+01  0.116385E+01  0.153596E+00
  0.471151E+01  0.116141E+01  0.153648E+00
  0.471383E+01  0.128551E+01  0.153517E+00
  0.471614E+01  0.107385E+01  0.153018E+00
  0.471846E+01  0.113744E+01  0.153119E+00
  0.472078E+01  0.112756E+01  0.154278E+00
  0.472309E+01  0.958974E+00  0.153857E+00
  0.472541E+01  0.110154E+01  0.153439E+00
  0.472773E+01  0.120038E+01  0.152618E+00
  0.473004E+01  0.139731E+01  0.152468E+00
  0.473236E+01  0.118577E+01  0.151444E+00
  0.473468E+01  0.137423E+01  0.151692E+00
  0.473700E+01  0.139179E+01  0.150540E+00
  0.473931E+01  0.142949E+01  0.151131E+00
  0.474163E+01  0.123038E+01  0.151117E+00
  0.474395E+01  0.112910E+01  0.151121E+00
  0.474626E+01  0.121487E+01  0.150793E+00
  0.474858E+01  0.127269E+01  0.150135E+00
  0.475090E+01  0.130692E+01  0.149497E+00
  0.475321E+01  0.122205E+01  0.148996E+00
  0.475553E+01  0.125551E+01  0.149058E+00
  0.475785E+01  0.137782E+01  0.148585E+00
  0.476017E+01  0.122500E+01  0.148716E+00
  0.476248E+01  0.107500E+01  0.148600E+00
  0.476480E+01  0.116756E+01  0.148665E+00
  0.476712E+01  0.106628E+01  0.149185E+00
  0.476943E+01  0.145423E+01  0.149347E+00
  0.477175E+01  0.144795E+01  0.149593E+00
  0.477407E+01  0.143192E+01  0.149721E+00
  0.477638E+01  0.127987E+01  0.149642E+00
  0.477870E+01  0.143718E+01  0.150057E+00
  0.478102E+01  0.128756E+01  0.149800E+00
  0.478334E+01  0.113192E+01  0.150451E+00
  0.478565E+01  0.104179E+01  0.150099E+00
  0.478797E+01  0.122372E+01  0.150002E+00
  0.479029E+01  0.120064E+01  0.149993E+00
  0.479260E+01  0.128333E+01  0.150208E+00
  0.479492E+01  0.132064E+01  0.149840E+00
  0.479724E+01  0.116333E+01  0.151007E+00
  0.479956E+01  0.963333E+00  0.151877E+00
  0.480187E+01  0.121962E+01  0.152340E+00
  0.480419E+01  0.120167E+01  0.152194E+00
  0.480651E+01  0.130269E+01  0.151818E+00
  0.480882E+01  0.144526E+01  0.151614E+00
  0.481114E+01  0.122000E+01  0.151727E+00
  0.481346E+01  0.100487E+01  0.153399E+00
  0.481577E+01  0.100167E+01  0.152573E+00
  0.481809E+01  0.108474E+01  0.152819E+00
  0.482041E+01  0.137731E+01  0.153590E+00
  0.482273E+01  0.114590E+01  0.153160E+00
  0.482504E+01  0.118013E+01  0.153258E+00
  0.482736E+01  0.136628E+01  0.153568E+00
  0.482968E+01  0.112372E+01  0.153862E+00
  0.483199E+01  0.701667E+00  0.154345E+00
  0.483431E+01  0.997308E+00  0.154344E+00
  0.483663E+01  0.127808E+01  0.155362E+00
  0.483894E+01  0.989872E+00  0.154416E+00
  0.484126E+01  0.116667E+01  0.155299E+00
  0.484358E+01  0.131167E+01  0.155284E+00
  0.484590E+01  0.109962E+01  0.155306E+00
  0.484821E+01  0.101474E+01  0.155573E+00
  0.485053E+01  0.110590E+01  0.156020E+00
  0.485285E+01  0.107936E+01  0.155437E+00
  0.485516E+01  0.758205E+00  0.155783E+00
  0.485748E+01  0.615897E+00  0.156447E+00
  0.485980E+01  0.613590E+00  0.157378E+00
  0.486211E+01  0.721923E+00  0.157429E+00
  0.486443E+01  0.117962E+01  0.157908E+00
  0.486675E+01  0.112923E+01  0.157536E+00
  0.486907E+01  0.991154E+00  0.158434E+00
  0.487138E+01  0.777692E+00  0.158851E+00
  0.487370E+01  0.946154E+00  0.158668E+00
  0.487602E+01  0.837051E+00  0.158501E+00
  0.487833E+01  0.920256E+00  0.159159E+00
  0.488065E+01  0.947949E+00  0.159737E+00
  0.488297E+01  0.104487E+01  0.159607E+00
  0.488528E+01  0.105128E+01  0.159340E+00
  0.488760E+01  0.681538E+00  0.159699E+00
  0.488992E+01  0.780385E+00  0.160135E+00
  0.489224E+01  0.913974E+00  0.161034E+00
  0.489455E+01  0.101090E+01  0.161291E+00
  0.489687E+01  0.841410E+00  0.160791E+00
  0.489919E+01  0.863077E+00  0.161055E+00
  0.490150E+01  0.895256E+00  0.161763E+00
  0.490382E+01  0.906154E+00  0.161993E+00
  0.490614E+01  0.104833E+01  0.162031E+00
  0.490846E+01  0.788846E+00  0.162679E+00
  0.491077E+01  0.110679E+01  0.163547E+00
  0.491309E+01  0.100628E+01  0.164211E+00
  0.491541E+01  0.639103E+00  0.164505E+00
  0.491772E+01  0.652051E+00  0.164374E+00
  0.492004E+01  0.102641E+01  0.165081E+00
  0.492236E+01  0.937564E+00  0.166505E+00
  0.492467E+01  0.883590E+00  0.166301E+00
  0.492699E+01  0.904231E+00  0.167146E+00
  0.492931E+01  0.110346E+01  0.167487E+00
  0.493163E+01  0.921795E+00  0.168353E+00
  0.493394E+01  0.890128E+00  0.168878E+00
  0.493626E+01  0.964872E+00  0.170285E+00
  0.493858E+01  0.100782E+01  0.171267E+00
  0.494089E+01  0.106795E+01  0.171296E+00
  0.494321E+01  0.742821E+00  0.172615E+00
  0.494553E+01  0.744615E+00  0.172951E+00
  0.494784E+01  0.111974E+01  0.173581E+00
  0.495016E+01  0.122603E+01  0.174542E+00
  0.495248E+01  0.144141E+01  0.175843E+00
  0.495480E+01  0.101872E+01  0.177368E+00
  0.495711E+01  0.872949E+00  0.182108E+00
  0.495943E+01  0.769103E+00  0.191048E+00
  0.496175E+01  0.910385E+00  0.196801E+00
  0.496406E+01  0.104846E+01  0.199551E+00
  0.496638E+01  0.121795E+01  0.205192E+00
  0.496870E+01  0.876282E+00  0.208984E+00
  0.497101E+01  0.130179E+01  0.214025E+00
  0.497333E+01  0.139962E+01  0.219535E+00
  0.497565E+01  0.127744E+01  0.224558E+00
  0.497797E+01  0.108462E+01  0.229483E+00
  0.498028E+01  0.920256E+00  0.234720E+00
  0.498260E+01  0.937179E+00  0.238505E+00
  0.498492E+01  0.548462E+00  0.245150E+00
  0.498723E+01  0.914359E+00  0.247923E+00
  0.498955E+01  0.529744E+00  0.254008E+00
  0.499187E+01  0.929487E+00  0.254514E+00
  0.499418E+01  0.115026E+01  0.259137E+00
  0.499650E+01  0.111487E+01  0.262434E+00
  0.499882E+01  0.826795E+00  0.270293E+00
  0.500114E+01  0.120974E+01  0.274903E+00
  0.500345E+01  0.132974E+01  0.282658E+00
  0.500577E+01  0.109923E+01  0.285489E+00
  0.500809E+01  0.651667E+00  0.292616E+00
  0.501040E+01  0.124346E+01  0.297549E+00
  0.501272E+01  0.620641E+00  0.303821E+00
  0.501504E+01  0.106654E+01  0.313749E+00
  0.501736E+01  0.112436E+01  0.330513E+00
  0.501967E+01  0.103410E+01  0.366186E+00
  0.502199E+01  0.595641E+00  0.389870E+00
  0.502431E+01  0.115718E+01  0.396355E+00
  0.502662E+01  0.147808E+01  0.400367E+00
  0.502894E+01  0.148833E+01  0.408121E+00
  0.503126E+01  0.144231E+01  0.409227E+00
  0.503357E+01  0.127474E+01  0.422397E+00
  0.503589E+01  0.724615E+00  0.425838E+00
  0.503821E+01  0.124026E+01  0.431468E+00
  0.504053E+01  0.626410E+00  0.438713E+00
  0.504284E+01  0.651795E+00  0.447596E+00
  0.504516E+01  0.701026E+00  0.453621E+00
  0.504748E+01  0.645128E+00  0.459307E+00
  0.504979E+01  0.294359E+00  0.463849E+00
  0.505211E+01  0.977051E+00  0.477902E+00
  0.505443E+01  0.116295E+01  0.486808E+00
 ========================================
raw data file W:\data\Users2007\Ylaenne.0607\jari_010.mar2300                   
Sample:     1819 repeat     c=7.8  mg/ml Code : 1819                            
X33 MAR345 data take                                                            
Start: Mon Jun 18 13:24:44 2007End: 13:28:08                                    
Processed by MAR-PRIMUS: Mon Jun 18 13:28:27 2007                               
 Channels from 1  to         2518                                               
 Angular axis file saxis_20070308.dat                                          
 BeamCenter_X=    2227.900       BeamCenter_Y=    1174.600                      
 Datector response file none Mask file mask_20070614_active.msk                 
 Mask file (shielded)mask_20070308_shield.msk                                   
 MAR noise count:    9.066948                                                   
 Calibration channel            3                                               
 Scale factor   1000.00000000000       Offset    1000.00000000000               
 ==============================================
raw data file W:\data\Users2007\Ylaenne.0607\jari_011.mar2300                   
Sample:     1819 buffer     c=0  mg/ml Code : 1819                              
X33 MAR345 data take                                                            
Start: Mon Jun 18 13:32:33 2007End: 13:35:57                                    
Processed by MAR-PRIMUS: Mon Jun 18 13:36:15 2007                               
 Channels from 1  to         2518                                               
 Angular axis file saxis_20070308.dat                                          
 BeamCenter_X=    2227.900       BeamCenter_Y=    1174.600                      
 Datector response file none Mask file mask_20070614_active.msk                 
 Mask file (shielded)mask_20070308_shield.msk                                   
 MAR noise count:    9.558507                                                   
 Calibration channel            3                                               
 Scale factor   1000.00000000000       Offset    1000.00000000000               
 ==============================================
