Sample description: primus/qt temporary file
Sample: primus/qt tempo  c= 7.8150 mg/ml  Code: tmp
Parent(s): C:/Users/PC-BIO3/AppData/Local/Temp/qt_temp.wL5696 C:/Users/PC-BIO3/A
 3.369230e-002  2.449410e+001  1.689866e+001
 3.843460e-002  2.578956e+001  6.134291e+000
 4.317690e-002  3.291464e+001  4.232337e+000
 4.791920e-002  3.715841e+001  3.187751e+000
 5.266150e-002  3.903842e+001  2.567457e+000
 5.740380e-002  4.046179e+001  2.142866e+000
 6.214610e-002  4.016234e+001  1.832205e+000
 6.688840e-002  4.138106e+001  1.581515e+000
 7.163070e-002  4.326672e+001  1.399674e+000
 7.637300e-002  4.084605e+001  1.253195e+000
 8.111530e-002  4.140181e+001  1.138671e+000
 8.585760e-002  4.064526e+001  1.038194e+000
 9.059990e-002  4.032374e+001  9.580412e-001
 9.534220e-002  4.071941e+001  8.965497e-001
 1.000850e-001  4.164497e+001  8.467650e-001
 1.048270e-001  4.192551e+001  8.021447e-001
 1.095690e-001  4.087754e+001  7.628370e-001
 1.143110e-001  4.040076e+001  7.283661e-001
 1.190540e-001  4.046485e+001  6.982309e-001
 1.237960e-001  4.001130e+001  6.710182e-001
 1.285380e-001  4.033813e+001  6.493630e-001
 1.332810e-001  4.027455e+001  6.290504e-001
 1.380230e-001  3.973971e+001  6.104996e-001
 1.427650e-001  3.977413e+001  5.934030e-001
 1.475080e-001  3.962598e+001  5.785999e-001
 1.522500e-001  3.939696e+001  5.633415e-001
 1.569920e-001  3.964237e+001  5.512654e-001
 1.617340e-001  3.927277e+001  5.385240e-001
 1.664770e-001  3.875783e+001  5.265554e-001
 1.712190e-001  3.836408e+001  5.154025e-001
 1.759610e-001  3.835926e+001  5.052158e-001
 1.807040e-001  3.792373e+001  4.959321e-001
 1.854460e-001  3.807811e+001  4.878835e-001
 1.901880e-001  3.817273e+001  4.793319e-001
 1.949310e-001  3.731026e+001  4.707730e-001
 1.996730e-001  3.674231e+001  4.630486e-001
 2.044150e-001  3.688039e+001  4.562387e-001
 2.091570e-001  3.647456e+001  4.491082e-001
 2.139000e-001  3.624677e+001  4.425472e-001
 2.186420e-001  3.615982e+001  4.358238e-001
 2.233840e-001  3.572059e+001  4.285891e-001
 2.281270e-001  3.483642e+001  4.223000e-001
 2.328690e-001  3.463720e+001  4.173597e-001
 2.376110e-001  3.411282e+001  4.115632e-001
 2.423530e-001  3.462194e+001  4.059883e-001
 2.470960e-001  3.457090e+001  4.009795e-001
 2.518380e-001  3.417369e+001  3.967232e-001
 2.565800e-001  3.377149e+001  3.921436e-001
 2.613230e-001  3.396451e+001  3.878237e-001
 2.660650e-001  3.370824e+001  3.831622e-001
 2.708070e-001  3.282789e+001  3.780869e-001
 2.755500e-001  3.250265e+001  3.740072e-001
 2.802920e-001  3.239694e+001  3.702453e-001
 2.850340e-001  3.232416e+001  3.668645e-001
 2.897760e-001  3.233628e+001  3.641297e-001
 2.945190e-001  3.198233e+001  3.656345e-001
 2.992610e-001  3.155065e+001  3.678559e-001
 3.040030e-001  3.124650e+001  3.686884e-001
 3.087460e-001  3.094923e+001  3.684920e-001
 3.134880e-001  3.062969e+001  3.675103e-001
 3.182300e-001  3.023059e+001  3.660076e-001
 3.229730e-001  3.015726e+001  3.652780e-001
 3.277150e-001  2.972483e+001  3.636865e-001
 3.324570e-001  2.927943e+001  3.621889e-001
 3.371990e-001  2.921544e+001  3.603018e-001
 3.419420e-001  2.905969e+001  3.593388e-001
 3.466840e-001  2.860846e+001  3.577685e-001
 3.514260e-001  2.796591e+001  3.556868e-001
 3.561690e-001  2.768423e+001  3.559752e-001
 3.609110e-001  2.734316e+001  3.620261e-001
 3.656530e-001  2.708429e+001  3.672824e-001
 3.703960e-001  2.745334e+001  3.707290e-001
 3.751380e-001  2.733861e+001  3.724664e-001
 3.798800e-001  2.687835e+001  3.739989e-001
 3.846220e-001  2.673755e+001  3.755141e-001
 3.893650e-001  2.661379e+001  3.767001e-001
 3.941070e-001  2.596267e+001  3.778393e-001
 3.988490e-001  2.527276e+001  3.785873e-001
 4.035920e-001  2.500308e+001  3.790292e-001
 4.083340e-001  2.471527e+001  3.795341e-001
 4.130760e-001  2.492120e+001  3.799590e-001
 4.178190e-001  2.443823e+001  3.797110e-001
 4.225610e-001  2.436299e+001  3.796205e-001
 4.273030e-001  2.418084e+001  3.793018e-001
 4.320460e-001  2.341581e+001  3.781840e-001
 4.367880e-001  2.312062e+001  3.788129e-001
 4.415300e-001  2.305714e+001  3.798868e-001
 4.462720e-001  2.281409e+001  3.817790e-001
 4.510150e-001  2.284326e+001  3.907597e-001
 4.557570e-001  2.257284e+001  4.003736e-001
 4.604990e-001  2.254873e+001  4.077843e-001
 4.652420e-001  2.244912e+001  4.128905e-001
 4.699840e-001  2.203217e+001  4.170392e-001
 4.747260e-001  2.121408e+001  4.202572e-001
 4.794690e-001  2.113771e+001  4.250418e-001
 4.842110e-001  2.105244e+001  4.282574e-001
 4.889530e-001  2.053140e+001  4.306954e-001
 4.936950e-001  2.058964e+001  4.349378e-001
 4.984380e-001  2.018018e+001  4.376354e-001
 5.031800e-001  2.017058e+001  4.418163e-001
 5.079220e-001  2.000939e+001  4.445962e-001
 5.126650e-001  1.949372e+001  4.412445e-001
 5.174070e-001  1.937892e+001  4.263132e-001
 5.221490e-001  1.901397e+001  4.150789e-001
 5.268910e-001  1.884662e+001  4.082121e-001
 5.316340e-001  1.826007e+001  4.024623e-001
 5.363760e-001  1.810351e+001  3.986702e-001
 5.411180e-001  1.797269e+001  3.949730e-001
 5.458610e-001  1.802292e+001  3.914932e-001
 5.506030e-001  1.762110e+001  3.885185e-001
 5.553450e-001  1.714075e+001  3.859960e-001
 5.600880e-001  1.709964e+001  3.833237e-001
 5.648300e-001  1.690778e+001  3.808831e-001
 5.695720e-001  1.647943e+001  3.780273e-001
 5.743140e-001  1.635003e+001  3.756191e-001
 5.790570e-001  1.654946e+001  3.727655e-001
 5.837990e-001  1.640252e+001  3.697675e-001
 5.885410e-001  1.622997e+001  3.668039e-001
 5.932840e-001  1.616752e+001  3.638362e-001
 5.980260e-001  1.612082e+001  3.618232e-001
 6.027680e-001  1.592074e+001  3.585900e-001
 6.075110e-001  1.541269e+001  3.548371e-001
 6.122530e-001  1.531291e+001  3.524387e-001
 6.169950e-001  1.510752e+001  3.498642e-001
 6.217380e-001  1.484917e+001  3.474961e-001
 6.264800e-001  1.430614e+001  3.445247e-001
 6.312220e-001  1.394199e+001  3.430666e-001
 6.359640e-001  1.388929e+001  3.418332e-001
 6.407070e-001  1.395723e+001  3.412208e-001
 6.454490e-001  1.389897e+001  3.398612e-001
 6.501910e-001  1.387116e+001  3.388707e-001
 6.549340e-001  1.354663e+001  3.372211e-001
 6.596760e-001  1.309042e+001  3.356480e-001
 6.644180e-001  1.279896e+001  3.339352e-001
 6.691610e-001  1.257504e+001  3.330861e-001
 6.739030e-001  1.235087e+001  3.311989e-001
 6.786450e-001  1.269771e+001  3.306552e-001
 6.833870e-001  1.249375e+001  3.297607e-001
 6.881300e-001  1.209926e+001  3.286939e-001
 6.928720e-001  1.191599e+001  3.275611e-001
 6.976140e-001  1.182358e+001  3.267874e-001
 7.023570e-001  1.180890e+001  3.261464e-001
 7.070990e-001  1.155152e+001  3.245300e-001
 7.118410e-001  1.114410e+001  3.228866e-001
 7.165840e-001  1.094002e+001  3.220626e-001
 7.213260e-001  1.092315e+001  3.210947e-001
 7.260680e-001  1.117890e+001  3.204588e-001
 7.308100e-001  1.098876e+001  3.192889e-001
 7.355530e-001  1.077277e+001  3.183803e-001
 7.402950e-001  1.063892e+001  3.173651e-001
 7.450370e-001  1.033243e+001  3.169229e-001
 7.497800e-001  1.027748e+001  3.159211e-001
 7.545220e-001  1.046100e+001  3.154127e-001
 7.592640e-001  1.051065e+001  3.144535e-001
 7.640070e-001  1.032381e+001  3.135406e-001
 7.687490e-001  1.001407e+001  3.123524e-001
 7.734910e-001  1.006699e+001  3.112443e-001
 7.782330e-001  9.568032e+000  3.101699e-001
 7.829760e-001  9.227441e+000  3.089630e-001
 7.877180e-001  9.245611e+000  3.083691e-001
 7.924600e-001  9.160986e+000  3.072892e-001
 7.972030e-001  9.074009e+000  3.060095e-001
 8.019450e-001  8.898468e+000  3.052836e-001
 8.066870e-001  8.970057e+000  3.048985e-001
 8.114300e-001  8.911341e+000  3.045017e-001
 8.161720e-001  8.822454e+000  3.031967e-001
 8.209140e-001  8.588490e+000  1.574284e-001
 8.256560e-001  8.556334e+000  1.515853e-001
 8.303990e-001  8.515656e+000  1.511433e-001
 8.351410e-001  8.436952e+000  1.506911e-001
 8.398830e-001  8.280303e+000  1.500341e-001
 8.446260e-001  8.260217e+000  1.499519e-001
 8.493680e-001  7.930295e+000  1.492230e-001
 8.541100e-001  7.925700e+000  1.487361e-001
 8.588530e-001  7.747345e+000  1.486054e-001
 8.635950e-001  7.698106e+000  1.485356e-001
 8.683370e-001  7.571387e+000  1.478628e-001
 8.730790e-001  7.583823e+000  1.472203e-001
 8.778220e-001  7.519062e+000  1.467397e-001
 8.825640e-001  7.325107e+000  1.465582e-001
 8.873060e-001  7.172581e+000  1.461450e-001
 8.920490e-001  7.069930e+000  1.456166e-001
 8.967910e-001  7.029898e+000  1.452487e-001
 9.015330e-001  6.905851e+000  1.447640e-001
 9.062760e-001  6.905585e+000  1.448132e-001
 9.110180e-001  6.792938e+000  1.445752e-001
 9.157600e-001  6.599750e+000  1.439913e-001
 9.205020e-001  6.554446e+000  1.434754e-001
 9.252450e-001  6.598124e+000  1.433580e-001
 9.299870e-001  6.612725e+000  1.430813e-001
 9.347290e-001  6.496816e+000  1.424816e-001
 9.394720e-001  6.164199e+000  1.421266e-001
 9.442140e-001  6.017602e+000  1.417395e-001
 9.489560e-001  5.860739e+000  1.411227e-001
 9.536990e-001  5.860133e+000  1.409161e-001
 9.584410e-001  5.973162e+000  1.408749e-001
 9.631830e-001  5.882037e+000  1.406078e-001
 9.679250e-001  5.785278e+000  1.401558e-001
 9.726680e-001  5.731488e+000  1.398206e-001
 9.774100e-001  5.589452e+000  1.490429e-001
 9.821520e-001  5.525972e+000  3.928854e-001
 9.868950e-001  5.312343e+000  2.461796e-002
 9.916370e-001  5.246187e+000  2.445961e-002
 9.963790e-001  5.146352e+000  2.429497e-002
 1.001120e+000  5.079173e+000  2.418514e-002
 1.005860e+000  5.016318e+000  2.400441e-002
 1.010610e+000  4.978928e+000  2.392169e-002
 1.015350e+000  4.913355e+000  2.379857e-002
 1.020090e+000  4.851008e+000  2.364824e-002
 1.024830e+000  4.805323e+000  2.354503e-002
 1.029570e+000  4.713877e+000  2.331895e-002
 1.034320e+000  4.652945e+000  2.321735e-002
 1.039060e+000  4.567290e+000  2.304411e-002
 1.043800e+000  4.516842e+000  2.293569e-002
 1.048540e+000  4.432893e+000  2.274454e-002
 1.053290e+000  4.367275e+000  2.265549e-002
 1.058030e+000  4.299998e+000  2.251201e-002
 1.062770e+000  4.261158e+000  2.242938e-002
 1.067510e+000  4.187534e+000  2.222315e-002
 1.072260e+000  4.112887e+000  2.211782e-002
 1.077000e+000  4.069177e+000  2.198965e-002
 1.081740e+000  4.016390e+000  2.187906e-002
 1.086480e+000  3.959603e+000  2.175916e-002
 1.091220e+000  3.888925e+000  2.159049e-002
 1.095970e+000  3.835847e+000  2.150979e-002
 1.100710e+000  3.798651e+000  2.142419e-002
 1.105450e+000  3.758804e+000  2.131247e-002
 1.110190e+000  3.699941e+000  2.113710e-002
 1.114940e+000  3.618280e+000  2.101877e-002
 1.119680e+000  3.580036e+000  2.090783e-002
 1.124420e+000  3.548931e+000  2.082665e-002
 1.129160e+000  3.503386e+000  2.070202e-002
 1.133910e+000  3.457178e+000  2.061684e-002
 1.138650e+000  3.393757e+000  2.046307e-002
 1.143390e+000  3.344842e+000  2.036955e-002
 1.148130e+000  3.290319e+000  2.023964e-002
 1.152880e+000  3.234198e+000  2.014982e-002
 1.157620e+000  3.190656e+000  2.004558e-002
 1.162360e+000  3.152046e+000  1.995019e-002
 1.167100e+000  3.115178e+000  1.986943e-002
 1.171840e+000  3.064706e+000  1.973015e-002
 1.176590e+000  3.014358e+000  1.965656e-002
 1.181330e+000  2.986894e+000  1.955260e-002
 1.186070e+000  2.929153e+000  1.944022e-002
 1.190810e+000  2.887847e+000  1.931161e-002
 1.195560e+000  2.852254e+000  1.926842e-002
 1.200300e+000  2.815869e+000  1.917469e-002
 1.205040e+000  2.792868e+000  1.910675e-002
 1.209780e+000  2.749999e+000  1.897146e-002
 1.214530e+000  2.719490e+000  1.892331e-002
 1.219270e+000  2.683626e+000  1.882015e-002
 1.224010e+000  2.646987e+000  1.871185e-002
 1.228750e+000  2.609679e+000  1.864929e-002
 1.233490e+000  2.559304e+000  1.852769e-002
 1.238240e+000  2.515382e+000  1.845053e-002
 1.242980e+000  2.475780e+000  1.835128e-002
 1.247720e+000  2.447384e+000  1.829412e-002
 1.252460e+000  2.437911e+000  1.827069e-002
 1.257210e+000  2.402901e+000  1.863528e-002
 1.261950e+000  2.363803e+000  1.903782e-002
 1.266690e+000  2.333490e+000  1.932456e-002
 1.271430e+000  2.296938e+000  1.947392e-002
 1.276180e+000  2.291217e+000  1.968798e-002
 1.280920e+000  2.257325e+000  1.981056e-002
 1.285660e+000  2.207858e+000  1.993441e-002
 1.290400e+000  2.155065e+000  2.003024e-002
 1.295140e+000  2.105762e+000  2.007556e-002
 1.299890e+000  2.093895e+000  2.023395e-002
 1.304630e+000  2.083056e+000  2.034250e-002
 1.309370e+000  2.034522e+000  2.033420e-002
 1.314110e+000  2.010593e+000  2.027188e-002
 1.318860e+000  1.998746e+000  2.014554e-002
 1.323600e+000  1.961279e+000  1.943034e-002
 1.328340e+000  1.936646e+000  1.892325e-002
 1.333080e+000  1.948355e+000  1.858280e-002
 1.337830e+000  1.911011e+000  1.832506e-002
 1.342570e+000  1.882252e+000  1.806839e-002
 1.347310e+000  1.846208e+000  1.782501e-002
 1.352050e+000  1.828732e+000  1.764241e-002
 1.356790e+000  1.817544e+000  1.744082e-002
 1.361540e+000  1.775444e+000  1.729743e-002
 1.366280e+000  1.764067e+000  1.717493e-002
 1.371020e+000  1.739685e+000  1.708478e-002
 1.375760e+000  1.713524e+000  1.694712e-002
 1.380510e+000  1.694980e+000  1.689137e-002
 1.385250e+000  1.663358e+000  1.678318e-002
 1.389990e+000  1.649724e+000  1.672515e-002
 1.394730e+000  1.620331e+000  1.658740e-002
 1.399480e+000  1.595977e+000  1.656004e-002
 1.404220e+000  1.569959e+000  1.647920e-002
 1.408960e+000  1.534721e+000  1.639880e-002
 1.413700e+000  1.525776e+000  1.635082e-002
 1.418440e+000  1.507303e+000  1.625218e-002
 1.423190e+000  1.499415e+000  1.623177e-002
 1.427930e+000  1.466704e+000  1.615605e-002
 1.432670e+000  1.441860e+000  1.608794e-002
 1.437410e+000  1.445944e+000  1.603145e-002
 1.442160e+000  1.449210e+000  1.600574e-002
 1.446900e+000  1.421589e+000  1.593233e-002
 1.451640e+000  1.392977e+000  1.586573e-002
 1.456380e+000  1.354058e+000  1.574924e-002
 1.461130e+000  1.346295e+000  1.572662e-002
 1.465870e+000  1.330617e+000  1.565010e-002
 1.470610e+000  1.312411e+000  1.559962e-002
 1.475350e+000  1.300654e+000  1.556952e-002
 1.480090e+000  1.277635e+000  1.549207e-002
 1.484840e+000  1.263686e+000  1.549695e-002
 1.489580e+000  1.267409e+000  1.546685e-002
 1.494320e+000  1.256304e+000  1.558499e-002
 1.499060e+000  1.212971e+000  1.592163e-002
 1.503810e+000  1.177531e+000  1.620190e-002
 1.508550e+000  1.166698e+000  1.638445e-002
 1.513290e+000  1.156285e+000  1.657601e-002
 1.518030e+000  1.160095e+000  1.672903e-002
 1.522770e+000  1.151403e+000  1.645357e-002
 1.527520e+000  1.147098e+000  1.606329e-002
 1.532260e+000  1.120156e+000  1.574836e-002
 1.537000e+000  1.093456e+000  1.554511e-002
 1.541740e+000  1.058817e+000  1.531059e-002
 1.546490e+000  1.074425e+000  1.520021e-002
 1.551230e+000  1.065297e+000  1.509822e-002
 1.555970e+000  1.056359e+000  1.504935e-002
 1.560710e+000  1.036357e+000  1.494049e-002
 1.565460e+000  1.036351e+000  1.488348e-002
 1.570200e+000  1.018770e+000  1.476111e-002
 1.574940e+000  1.001516e+000  1.466183e-002
 1.579680e+000  1.003969e+000  1.461362e-002
 1.584420e+000  9.874378e-001  1.451825e-002
 1.589170e+000  9.543523e-001  1.448790e-002
 1.593910e+000  9.475347e-001  1.447869e-002
 1.598650e+000  9.374286e-001  1.448075e-002
 1.603390e+000  9.301507e-001  1.446351e-002
 1.608140e+000  9.142818e-001  1.445720e-002
 1.612880e+000  8.969149e-001  1.440500e-002
 1.617620e+000  9.086331e-001  1.440295e-002
 1.622360e+000  8.864039e-001  1.430767e-002
 1.627110e+000  8.791666e-001  1.428518e-002
 1.631850e+000  8.604931e-001  1.424542e-002
 1.636590e+000  8.473695e-001  1.419062e-002
 1.641330e+000  8.369291e-001  1.415446e-002
 1.646070e+000  8.303194e-001  1.410628e-002
 1.650820e+000  8.238318e-001  1.408739e-002
 1.655560e+000  8.227790e-001  1.403769e-002
 1.660300e+000  8.136149e-001  1.401515e-002
 1.665040e+000  7.901810e-001  1.394131e-002
 1.669790e+000  7.667411e-001  1.392037e-002
 1.674530e+000  7.508832e-001  1.386900e-002
 1.679270e+000  7.709405e-001  1.386021e-002
 1.684010e+000  7.804783e-001  1.381937e-002
 1.688760e+000  7.562872e-001  1.379728e-002
 1.693500e+000  7.278174e-001  1.373211e-002
 1.698240e+000  7.077919e-001  1.368659e-002
 1.702980e+000  7.353761e-001  1.371030e-002
 1.707720e+000  7.208584e-001  1.365358e-002
 1.712470e+000  7.053100e-001  1.362829e-002
 1.717210e+000  7.071513e-001  1.360367e-002
 1.721950e+000  6.987874e-001  1.355456e-002
 1.726690e+000  6.891846e-001  1.348784e-002
 1.731440e+000  6.807914e-001  1.348634e-002
 1.736180e+000  6.684917e-001  1.344329e-002
 1.740920e+000  6.687559e-001  1.342223e-002
 1.745660e+000  6.497104e-001  1.337112e-002
 1.750400e+000  6.366113e-001  1.333164e-002
 1.755150e+000  6.292017e-001  1.331440e-002
 1.759890e+000  6.345007e-001  1.332101e-002
 1.764630e+000  6.231931e-001  1.327940e-002
 1.769370e+000  6.108121e-001  1.321189e-002
 1.774120e+000  6.123546e-001  1.320937e-002
 1.778860e+000  6.061749e-001  1.317895e-002
 1.783600e+000  5.937421e-001  1.315323e-002
 1.788340e+000  5.841751e-001  1.308338e-002
 1.793090e+000  5.793760e-001  1.308091e-002
 1.797830e+000  5.741410e-001  1.307111e-002
 1.802570e+000  5.757590e-001  1.305796e-002
 1.807310e+000  5.655712e-001  1.302314e-002
 1.812050e+000  5.775154e-001  1.297558e-002
 1.816800e+000  5.646323e-001  1.295898e-002
 1.821540e+000  5.498178e-001  1.292710e-002
 1.826280e+000  5.278880e-001  1.289845e-002
 1.831020e+000  5.459291e-001  1.286351e-002
 1.835770e+000  5.519565e-001  1.287128e-002
 1.840510e+000  5.367970e-001  1.281759e-002
 1.845250e+000  5.241993e-001  1.279756e-002
 1.849990e+000  5.282958e-001  1.275665e-002
 1.854740e+000  5.096713e-001  1.274725e-002
 1.859480e+000  5.210213e-001  1.273446e-002
 1.864220e+000  5.232545e-001  1.272250e-002
 1.868960e+000  5.065442e-001  1.269997e-002
 1.873700e+000  5.061761e-001  1.265062e-002
 1.878450e+000  5.027731e-001  1.264340e-002
 1.883190e+000  4.903243e-001  1.261472e-002
 1.887930e+000  4.907016e-001  1.261252e-002
 1.892670e+000  4.873239e-001  1.255384e-002
 1.897420e+000  4.738854e-001  1.254931e-002
 1.902160e+000  4.665511e-001  1.251600e-002
 1.906900e+000  4.624337e-001  1.248784e-002
 1.911640e+000  4.598953e-001  1.244107e-002
 1.916390e+000  4.613378e-001  1.245195e-002
 1.921130e+000  4.480308e-001  1.240643e-002
 1.925870e+000  4.402449e-001  1.239322e-002
 1.930610e+000  4.311564e-001  1.237635e-002
 1.935350e+000  4.354235e-001  1.233909e-002
 1.940100e+000  4.469516e-001  1.234678e-002
 1.944840e+000  4.390039e-001  1.232586e-002
 1.949580e+000  4.242650e-001  1.230416e-002
 1.954320e+000  4.240075e-001  1.224702e-002
 1.959070e+000  4.169835e-001  1.221822e-002
 1.963810e+000  4.083163e-001  1.216993e-002
 1.968550e+000  4.051746e-001  1.214642e-002
 1.973290e+000  3.991849e-001  1.211849e-002
 1.978030e+000  4.064843e-001  1.207883e-002
 1.982780e+000  4.001798e-001  1.208490e-002
 1.987520e+000  4.085774e-001  1.209068e-002
 1.992260e+000  3.986883e-001  1.206518e-002
 1.997000e+000  3.876765e-001  1.201433e-002
 2.001750e+000  3.802308e-001  1.201947e-002
 2.006490e+000  3.799156e-001  1.201534e-002
 2.011230e+000  3.853666e-001  1.202847e-002
 2.015970e+000  3.760994e-001  1.199869e-002
 2.020720e+000  3.707409e-001  1.198906e-002
 2.025460e+000  3.748893e-001  1.197177e-002
 2.030200e+000  3.807757e-001  1.196363e-002
 2.034940e+000  3.722243e-001  1.196086e-002
 2.039680e+000  3.692683e-001  1.190634e-002
 2.044430e+000  3.747428e-001  1.190423e-002
 2.049170e+000  3.670753e-001  1.188879e-002
 2.053910e+000  3.657532e-001  1.189963e-002
 2.058650e+000  3.592736e-001  1.191427e-002
 2.063400e+000  3.560138e-001  1.219220e-002
 2.068140e+000  3.568981e-001  1.242558e-002
 2.072880e+000  3.448681e-001  1.258468e-002
 2.077620e+000  3.582082e-001  1.272562e-002
 2.082370e+000  3.603986e-001  1.287562e-002
 2.087110e+000  3.510692e-001  1.297653e-002
 2.091850e+000  3.421396e-001  1.304381e-002
 2.096590e+000  3.293407e-001  1.305535e-002
 2.101340e+000  3.244021e-001  1.310081e-002
 2.106080e+000  3.279035e-001  1.312151e-002
 2.110820e+000  3.319725e-001  1.317163e-002
 2.115560e+000  3.384158e-001  1.323357e-002
 2.120300e+000  3.265000e-001  1.322177e-002
 2.125050e+000  3.198624e-001  1.312944e-002
 2.129790e+000  3.178676e-001  1.277539e-002
 2.134530e+000  3.274968e-001  1.254718e-002
 2.139270e+000  3.270201e-001  1.235863e-002
 2.144020e+000  3.272449e-001  1.224705e-002
 2.148760e+000  3.031684e-001  1.208776e-002
 2.153500e+000  2.979479e-001  1.197461e-002
 2.158240e+000  2.997016e-001  1.194440e-002
 2.162980e+000  3.023116e-001  1.189365e-002
 2.167730e+000  3.022161e-001  1.187127e-002
 2.172470e+000  2.907904e-001  1.181957e-002
 2.177210e+000  2.998377e-001  1.181745e-002
 2.181950e+000  2.954311e-001  1.176590e-002
 2.186700e+000  2.983112e-001  1.176007e-002
 2.191440e+000  2.949557e-001  1.172441e-002
 2.196180e+000  2.975294e-001  1.172306e-002
 2.200920e+000  2.865403e-001  1.166119e-002
 2.205670e+000  2.834715e-001  1.167123e-002
 2.210410e+000  2.834972e-001  1.165615e-002
 2.215150e+000  2.785365e-001  1.162690e-002
 2.219890e+000  2.818390e-001  1.158522e-002
 2.224640e+000  2.754064e-001  1.158813e-002
 2.229380e+000  2.717800e-001  1.155570e-002
 2.234120e+000  2.887209e-001  1.154140e-002
 2.238860e+000  2.880829e-001  1.152677e-002
 2.243600e+000  2.702693e-001  1.147654e-002
 2.248350e+000  2.769514e-001  1.149080e-002
 2.253090e+000  2.857100e-001  1.146603e-002
 2.257830e+000  2.792920e-001  1.144558e-002
 2.262570e+000  2.699163e-001  1.141382e-002
 2.267320e+000  2.671675e-001  1.142069e-002
 2.272060e+000  2.601829e-001  1.139079e-002
 2.276800e+000  2.721779e-001  1.138717e-002
 2.281540e+000  2.711486e-001  1.137965e-002
 2.286280e+000  2.601148e-001  1.133084e-002
 2.291030e+000  2.568432e-001  1.133500e-002
 2.295770e+000  2.623965e-001  1.131688e-002
 2.300510e+000  2.571053e-001  1.129503e-002
 2.305250e+000  2.631959e-001  1.127384e-002
 2.310000e+000  2.643962e-001  1.127418e-002
 2.314740e+000  2.583050e-001  1.125022e-002
 2.319480e+000  2.636737e-001  1.124192e-002
 2.324220e+000  2.515852e-001  1.119998e-002
 2.328970e+000  2.487527e-001  1.118745e-002
 2.333710e+000  2.437485e-001  1.117744e-002
 2.338450e+000  2.435148e-001  1.117913e-002
 2.343190e+000  2.342143e-001  1.112662e-002
 2.347940e+000  2.460300e-001  1.113438e-002
 2.352680e+000  2.422737e-001  1.111075e-002
 2.357420e+000  2.480688e-001  1.111997e-002
 2.362160e+000  2.444544e-001  1.110570e-002
 2.366900e+000  2.418691e-001  1.106211e-002
 2.371650e+000  2.402292e-001  1.106392e-002
 2.376390e+000  2.392947e-001  1.104623e-002
 2.381130e+000  2.415037e-001  1.103499e-002
 2.385870e+000  2.337730e-001  1.103094e-002
 2.390610e+000  2.376353e-001  1.100222e-002
 2.395360e+000  2.341450e-001  1.100813e-002
 2.400100e+000  2.450670e-001  1.099720e-002
 2.404840e+000  2.328749e-001  1.098142e-002
 2.409580e+000  2.305822e-001  1.093954e-002
 2.414330e+000  2.382956e-001  1.095111e-002
 2.419070e+000  2.269712e-001  1.090779e-002
 2.423810e+000  2.135518e-001  1.088506e-002
 2.428550e+000  2.079747e-001  1.086315e-002
 2.433300e+000  2.225842e-001  1.088669e-002
 2.438040e+000  2.320887e-001  1.089233e-002
 2.442780e+000  2.292616e-001  1.087639e-002
 2.447520e+000  2.257950e-001  1.083741e-002
 2.452270e+000  2.163454e-001  1.082719e-002
 2.457010e+000  2.241848e-001  1.081432e-002
 2.461750e+000  2.190650e-001  1.080017e-002
 2.466490e+000  2.133237e-001  1.080622e-002
 2.471230e+000  2.195383e-001  1.078757e-002
 2.475980e+000  2.137939e-001  1.077964e-002
 2.480720e+000  2.145965e-001  1.076406e-002
 2.485460e+000  2.185127e-001  1.076066e-002
 2.490200e+000  2.166826e-001  1.073312e-002
 2.494950e+000  2.157424e-001  1.073475e-002
 2.499690e+000  2.152031e-001  1.071278e-002
 2.504430e+000  2.199102e-001  1.070955e-002
 2.509170e+000  2.262341e-001  1.070957e-002
 2.513910e+000  2.183979e-001  1.067111e-002
 2.518660e+000  2.139695e-001  1.066508e-002
 2.523400e+000  2.199478e-001  1.064991e-002
 2.528140e+000  2.254022e-001  1.065870e-002
 2.532880e+000  2.187842e-001  1.062994e-002
 2.537630e+000  2.206489e-001  1.063347e-002
 2.542370e+000  2.217499e-001  1.061136e-002
 2.547110e+000  2.243641e-001  1.061229e-002
 2.551850e+000  2.213575e-001  1.056833e-002
 2.556600e+000  2.067629e-001  1.054323e-002
 2.561340e+000  1.946887e-001  1.049905e-002
 2.566080e+000  1.923047e-001  1.049263e-002
 2.570820e+000  1.977097e-001  1.047694e-002
 2.575570e+000  1.977167e-001  1.049096e-002
 2.580310e+000  2.086895e-001  1.047975e-002
 2.585050e+000  2.076575e-001  1.046298e-002
 2.589790e+000  1.931789e-001  1.043638e-002
 2.594530e+000  1.902719e-001  1.040801e-002
 2.599280e+000  1.972982e-001  1.042329e-002
 2.604020e+000  2.037231e-001  1.043374e-002
 2.608760e+000  2.067855e-001  1.044378e-002
 2.613500e+000  2.004866e-001  1.042756e-002
 2.618250e+000  1.971502e-001  1.042689e-002
 2.622990e+000  1.875884e-001  1.040524e-002
 2.627730e+000  1.904350e-001  1.040121e-002
 2.632470e+000  2.027845e-001  1.040017e-002
 2.637210e+000  2.019918e-001  1.036820e-002
 2.641960e+000  1.962356e-001  1.036968e-002
 2.646700e+000  2.022056e-001  1.035820e-002
 2.651440e+000  1.944678e-001  1.034954e-002
 2.656180e+000  1.836366e-001  1.031574e-002
 2.660930e+000  1.853831e-001  1.032235e-002
 2.665670e+000  1.970576e-001  1.032496e-002
 2.670410e+000  2.040549e-001  1.032618e-002
 2.675150e+000  1.998802e-001  1.030427e-002
 2.679900e+000  2.000586e-001  1.030973e-002
 2.684640e+000  1.979772e-001  1.029558e-002
 2.689380e+000  1.913296e-001  1.029001e-002
 2.694120e+000  1.999334e-001  1.026320e-002
 2.698870e+000  2.037071e-001  1.026872e-002
 2.703610e+000  1.980620e-001  1.024584e-002
 2.708350e+000  1.996755e-001  1.023715e-002
 2.713090e+000  1.915771e-001  1.022962e-002
 2.717830e+000  1.800749e-001  1.019040e-002
 2.722580e+000  1.897682e-001  1.021246e-002
 2.727320e+000  1.908313e-001  1.019315e-002
 2.732060e+000  1.928715e-001  1.019265e-002
 2.736800e+000  1.957061e-001  1.017892e-002
 2.741550e+000  1.914000e-001  1.017630e-002
 2.746290e+000  1.949746e-001  1.015801e-002
 2.751030e+000  2.041137e-001  1.015174e-002
 2.755770e+000  1.953105e-001  1.014657e-002
 2.760510e+000  1.939613e-001  1.012763e-002
 2.765260e+000  1.843493e-001  1.011214e-002
 2.770000e+000  1.828285e-001  1.007799e-002
 2.774740e+000  1.829335e-001  1.008392e-002
 2.779480e+000  1.906863e-001  1.007793e-002
 2.784230e+000  1.957767e-001  1.009007e-002
 2.788970e+000  1.931829e-001  1.007102e-002
 2.793710e+000  1.929472e-001  1.007400e-002
 2.798450e+000  1.810734e-001  1.005091e-002
 2.803200e+000  1.789038e-001  1.004666e-002
 2.807940e+000  1.829858e-001  1.003134e-002
 2.812680e+000  1.845722e-001  1.004147e-002
 2.817420e+000  1.844337e-001  1.002442e-002
 2.822170e+000  1.910907e-001  1.003281e-002
 2.826910e+000  2.007392e-001  1.003416e-002
 2.831650e+000  1.919135e-001  1.000786e-002
 2.836390e+000  1.911987e-001  9.989762e-003
 2.841130e+000  1.939038e-001  9.965546e-003
 2.845880e+000  1.891004e-001  9.967959e-003
 2.850620e+000  1.890201e-001  9.957463e-003
 2.855360e+000  1.818919e-001  9.947234e-003
 2.860100e+000  1.853835e-001  9.948677e-003
 2.864840e+000  1.852637e-001  9.990350e-003
 2.869590e+000  1.955631e-001  1.023081e-002
 2.874330e+000  1.853878e-001  1.037973e-002
 2.879070e+000  1.804565e-001  1.050343e-002
 2.883810e+000  1.727743e-001  1.058223e-002
 2.888560e+000  1.732920e-001  1.068803e-002
 2.893300e+000  1.742199e-001  1.072342e-002
 2.898040e+000  1.709980e-001  1.076013e-002
 2.902780e+000  1.844367e-001  1.078952e-002
 2.907530e+000  1.793975e-001  1.083027e-002
 2.912270e+000  1.682491e-001  1.083055e-002
 2.917010e+000  1.694054e-001  1.084810e-002
 2.921750e+000  1.686040e-001  1.085684e-002
 2.926500e+000  1.772260e-001  1.090244e-002
 2.931240e+000  1.922106e-001  1.081534e-002
 2.935980e+000  1.921562e-001  1.057432e-002
 2.940720e+000  1.827762e-001  1.040703e-002
 2.945460e+000  1.688018e-001  1.026149e-002
 2.950210e+000  1.756844e-001  1.019242e-002
 2.954950e+000  1.835220e-001  1.014612e-002
 2.959690e+000  1.815954e-001  1.011956e-002
 2.964430e+000  1.629671e-001  1.004719e-002
 2.969180e+000  1.697623e-001  1.004975e-002
 2.973920e+000  1.705772e-001  1.001436e-002
 2.978660e+000  1.713435e-001  9.996464e-003
 2.983400e+000  1.674476e-001  9.988195e-003
 2.988140e+000  1.700741e-001  9.956929e-003
 2.992890e+000  1.714349e-001  9.965851e-003
 2.997630e+000  1.687881e-001  9.940324e-003
 3.002370e+000  1.774357e-001  9.939097e-003
 3.007110e+000  1.743168e-001  9.898558e-003
 3.011860e+000  1.758358e-001  9.905856e-003
 3.016600e+000  1.739833e-001  9.881962e-003
 3.021340e+000  1.676212e-001  9.861732e-003
 3.026080e+000  1.655916e-001  9.834463e-003
 3.030830e+000  1.728916e-001  9.844395e-003
 3.035570e+000  1.788597e-001  9.833558e-003
 3.040310e+000  1.865160e-001  9.837453e-003
 3.045050e+000  1.805852e-001  9.801063e-003
 3.049800e+000  1.695608e-001  9.786716e-003
 3.054540e+000  1.697371e-001  9.779106e-003
 3.059280e+000  1.698128e-001  9.770914e-003
 3.064020e+000  1.743137e-001  9.775948e-003
 3.068760e+000  1.770354e-001  9.746719e-003
 3.073510e+000  1.790521e-001  9.759251e-003
 3.078250e+000  1.715612e-001  9.738140e-003
 3.082990e+000  1.704645e-001  9.739402e-003
 3.087730e+000  1.718964e-001  9.707973e-003
 3.092480e+000  1.571451e-001  9.691173e-003
 3.097220e+000  1.572479e-001  9.681735e-003
 3.101960e+000  1.683473e-001  9.677365e-003
 3.106700e+000  1.740023e-001  9.679940e-003
 3.111440e+000  1.674201e-001  9.647643e-003
 3.116190e+000  1.658139e-001  9.655690e-003
 3.120930e+000  1.652854e-001  9.640613e-003
 3.125670e+000  1.709200e-001  9.636140e-003
 3.130410e+000  1.749536e-001  9.624207e-003
 3.135160e+000  1.758349e-001  9.630406e-003
 3.139900e+000  1.707643e-001  9.609386e-003
 3.144640e+000  1.677780e-001  9.602655e-003
 3.149380e+000  1.701226e-001  9.581017e-003
 3.154130e+000  1.776025e-001  9.591050e-003
 3.158870e+000  1.638369e-001  9.558062e-003
 3.163610e+000  1.627603e-001  9.546194e-003
 3.168350e+000  1.775649e-001  9.563395e-003
 3.173090e+000  1.713684e-001  9.528208e-003
 3.177840e+000  1.783045e-001  9.543763e-003
 3.182580e+000  1.686529e-001  9.519918e-003
 3.187320e+000  1.681586e-001  9.517728e-003
 3.192060e+000  1.722199e-001  9.503605e-003
 3.196810e+000  1.678535e-001  9.507312e-003
 3.201550e+000  1.646334e-001  9.499002e-003
 3.206290e+000  1.588932e-001  9.473985e-003
 3.211030e+000  1.465496e-001  9.439216e-003
 3.215780e+000  1.622593e-001  9.468855e-003
 3.220520e+000  1.790770e-001  9.479455e-003
 3.225260e+000  1.691312e-001  9.450976e-003
 3.230000e+000  1.614240e-001  9.429709e-003
 3.234750e+000  1.607650e-001  9.428569e-003
 3.239490e+000  1.644128e-001  9.413694e-003
 3.244230e+000  1.650609e-001  9.397019e-003
 3.248970e+000  1.648777e-001  9.395098e-003
 3.253710e+000  1.557347e-001  9.365069e-003
 3.258460e+000  1.650348e-001  9.373787e-003
 3.263200e+000  1.618096e-001  9.352997e-003
 3.267940e+000  1.556539e-001  9.343989e-003
 3.272680e+000  1.586461e-001  9.317132e-003
 3.277430e+000  1.640340e-001  9.337035e-003
 3.282170e+000  1.590945e-001  9.322260e-003
 3.286910e+000  1.634528e-001  9.313556e-003
 3.291650e+000  1.640518e-001  9.317156e-003
 3.296390e+000  1.580597e-001  9.298417e-003
 3.301140e+000  1.634440e-001  9.329934e-003
 3.305880e+000  1.685670e-001  9.340276e-003
 3.310620e+000  1.722431e-001  9.327998e-003
 3.315360e+000  1.697661e-001  9.295631e-003
 3.320110e+000  1.645852e-001  9.294949e-003
 3.324850e+000  1.698840e-001  9.297914e-003
 3.329590e+000  1.564478e-001  9.272151e-003
 3.334330e+000  1.495216e-001  9.257758e-003
 3.339070e+000  1.548617e-001  9.239742e-003
 3.343820e+000  1.627351e-001  9.246511e-003
 3.348560e+000  1.624352e-001  9.249158e-003
 3.353300e+000  1.603990e-001  9.235098e-003
 3.358050e+000  1.539656e-001  9.229712e-003
 3.362790e+000  1.590943e-001  9.218644e-003
 3.367530e+000  1.610363e-001  9.256235e-003
 3.372270e+000  1.661491e-001  9.394170e-003
 3.377010e+000  1.615055e-001  9.542329e-003
 3.381760e+000  1.653602e-001  9.672113e-003
 3.386500e+000  1.646964e-001  9.730999e-003
 3.391240e+000  1.692596e-001  9.780622e-003
 3.395980e+000  1.590609e-001  9.816748e-003
 3.400720e+000  1.616319e-001  9.817564e-003
 3.405470e+000  1.609340e-001  9.829534e-003
 3.410210e+000  1.657244e-001  9.837955e-003
 3.414950e+000  1.517621e-001  9.846224e-003
 3.419690e+000  1.528731e-001  9.849737e-003
 3.424440e+000  1.731055e-001  9.899366e-003
 3.429180e+000  1.649982e-001  9.910788e-003
 3.433920e+000  1.447962e-001  9.916896e-003
 3.438660e+000  1.505485e-001  9.922457e-003
 3.443410e+000  1.526981e-001  9.957878e-003
 3.448150e+000  1.545592e-001  9.981489e-003
 3.452890e+000  1.614623e-001  1.000192e-002
 3.457630e+000  1.626468e-001  9.994248e-003
 3.462380e+000  1.617348e-001  1.002398e-002
 3.467120e+000  1.611053e-001  1.003365e-002
 3.471860e+000  1.640853e-001  1.005505e-002
 3.476600e+000  1.772594e-001  1.008486e-002
 3.481340e+000  1.684771e-001  1.007505e-002
 3.486090e+000  1.723277e-001  1.010784e-002
 3.490830e+000  1.641712e-001  1.010476e-002
 3.495570e+000  1.668706e-001  1.011927e-002
 3.500310e+000  1.603792e-001  1.009892e-002
 3.505060e+000  1.573703e-001  1.012240e-002
 3.509800e+000  1.545794e-001  1.012910e-002
 3.514540e+000  1.527205e-001  1.013347e-002
 3.519280e+000  1.571825e-001  1.015895e-002
 3.524020e+000  1.571120e-001  1.014683e-002
 3.528770e+000  1.615583e-001  1.018645e-002
 3.533510e+000  1.649464e-001  1.019746e-002
 3.538250e+000  1.528886e-001  1.019210e-002
 3.542990e+000  1.524834e-001  1.018644e-002
 3.547740e+000  1.670885e-001  1.021949e-002
 3.552480e+000  1.702054e-001  1.022830e-002
 3.557220e+000  1.718904e-001  1.025799e-002
 3.561960e+000  1.766012e-001  1.025193e-002
 3.566710e+000  1.688507e-001  1.026457e-002
 3.571450e+000  1.588485e-001  1.025263e-002
 3.576190e+000  1.597165e-001  1.026588e-002
 3.580930e+000  1.546913e-001  1.025200e-002
 3.585680e+000  1.574238e-001  1.027407e-002
 3.590420e+000  1.558566e-001  1.027649e-002
 3.595160e+000  1.657331e-001  1.029731e-002
 3.599900e+000  1.680217e-001  1.030862e-002
 3.604640e+000  1.698301e-001  1.027885e-002
 3.609390e+000  1.609551e-001  1.027885e-002
 3.614130e+000  1.563843e-001  1.025530e-002
 3.618870e+000  1.655077e-001  1.027839e-002
 3.623610e+000  1.538610e-001  1.024030e-002
 3.628360e+000  1.485423e-001  1.025226e-002
 3.633100e+000  1.590573e-001  1.025969e-002
 3.637840e+000  1.696058e-001  1.028090e-002
 3.642580e+000  1.690744e-001  1.029541e-002
 3.647320e+000  1.482386e-001  1.025585e-002
 3.652070e+000  1.457623e-001  1.028927e-002
 3.656810e+000  1.600068e-001  1.030556e-002
 3.661550e+000  1.688687e-001  1.033024e-002
 3.666290e+000  1.626137e-001  1.036278e-002
 3.671040e+000  1.530036e-001  1.055431e-002
 3.675780e+000  1.615716e-001  1.086088e-002
 3.680520e+000  1.555709e-001  1.105782e-002
 3.685260e+000  1.517976e-001  1.118016e-002
 3.690010e+000  1.462253e-001  1.132900e-002
 3.694750e+000  1.512268e-001  1.140337e-002
 3.699490e+000  1.512751e-001  1.146698e-002
 3.704230e+000  1.543541e-001  1.152134e-002
 3.708980e+000  1.669176e-001  1.163734e-002
 3.713720e+000  1.599512e-001  1.167464e-002
 3.718460e+000  1.377657e-001  1.170336e-002
 3.723200e+000  1.442122e-001  1.178642e-002
 3.727940e+000  1.649945e-001  1.185413e-002
 3.732690e+000  1.610495e-001  1.192223e-002
 3.737430e+000  1.508529e-001  1.194464e-002
 3.742170e+000  1.452484e-001  1.198054e-002
 3.746910e+000  1.525545e-001  1.204533e-002
 3.751650e+000  1.646788e-001  1.210590e-002
 3.756400e+000  1.528020e-001  1.217317e-002
 3.761140e+000  1.534623e-001  1.220798e-002
 3.765880e+000  1.584273e-001  1.228017e-002
 3.770620e+000  1.623652e-001  1.231088e-002
 3.775370e+000  1.540337e-001  1.236655e-002
 3.780110e+000  1.500123e-001  1.241938e-002
 3.784850e+000  1.712805e-001  1.249901e-002
 3.789590e+000  1.656632e-001  1.250603e-002
 3.794340e+000  1.658882e-001  1.256271e-002
 3.799080e+000  1.666500e-001  1.261698e-002
 3.803820e+000  1.563142e-001  1.264951e-002
 3.808560e+000  1.613322e-001  1.268520e-002
 3.813310e+000  1.555023e-001  1.276270e-002
 3.818050e+000  1.560513e-001  1.282019e-002
 3.822790e+000  1.625343e-001  1.287563e-002
 3.827530e+000  1.660652e-001  1.289979e-002
 3.832280e+000  1.685879e-001  1.295904e-002
 3.837020e+000  1.521647e-001  1.297552e-002
 3.841760e+000  1.480896e-001  1.302614e-002
 3.846500e+000  1.619806e-001  1.310291e-002
 3.851240e+000  1.608662e-001  1.311307e-002
 3.855990e+000  1.596990e-001  1.318160e-002
 3.860730e+000  1.590975e-001  1.322118e-002
 3.865470e+000  1.492427e-001  1.326094e-002
 3.870210e+000  1.472494e-001  1.330244e-002
 3.874950e+000  1.443620e-001  1.333473e-002
 3.879700e+000  1.436444e-001  1.340596e-002
 3.884440e+000  1.588931e-001  1.346798e-002
 3.889180e+000  1.543080e-001  1.352782e-002
 3.893920e+000  1.559672e-001  1.353976e-002
 3.898670e+000  1.465127e-001  1.359177e-002
 3.903410e+000  1.491064e-001  1.365186e-002
 3.908150e+000  1.518461e-001  1.369237e-002
 3.912890e+000  1.454353e-001  1.372084e-002
 3.917640e+000  1.343164e-001  1.379008e-002
 3.922380e+000  1.331907e-001  1.383707e-002
 3.927120e+000  1.377542e-001  1.389368e-002
 3.931860e+000  1.536302e-001  1.393030e-002
 3.936610e+000  1.659618e-001  1.402036e-002
 3.941350e+000  1.642275e-001  1.406268e-002
 3.946090e+000  1.453150e-001  1.406952e-002
 3.950830e+000  1.510202e-001  1.411377e-002
 3.955570e+000  1.431921e-001  1.411625e-002
 3.960320e+000  1.537407e-001  1.417451e-002
 3.965060e+000  1.505826e-001  1.414654e-002
 3.969800e+000  1.560545e-001  1.412332e-002
 3.974540e+000  1.507407e-001  1.409306e-002
 3.979290e+000  1.611745e-001  1.414896e-002
 3.984030e+000  1.603649e-001  1.415433e-002
 3.988770e+000  1.513197e-001  1.419779e-002
 3.993510e+000  1.429143e-001  1.422080e-002
 3.998250e+000  1.500385e-001  1.426575e-002
 4.003000e+000  1.490630e-001  1.434362e-002
 4.007740e+000  1.681281e-001  1.441833e-002
 4.012480e+000  1.739055e-001  1.447660e-002
 4.017220e+000  1.808221e-001  1.452512e-002
 4.021970e+000  1.721454e-001  1.458773e-002
 4.026710e+000  1.567259e-001  1.461064e-002
 4.031450e+000  1.521914e-001  1.465447e-002
 4.036190e+000  1.445097e-001  1.467286e-002
 4.040940e+000  1.368858e-001  1.474514e-002
 4.045680e+000  1.447623e-001  1.477458e-002
 4.050420e+000  1.364858e-001  1.481483e-002
 4.055160e+000  1.404329e-001  1.488928e-002
 4.059900e+000  1.497335e-001  1.492909e-002
 4.064650e+000  1.545585e-001  1.500759e-002
 4.069390e+000  1.622997e-001  1.506044e-002
 4.074130e+000  1.698066e-001  1.513528e-002
 4.078870e+000  1.530779e-001  1.513457e-002
 4.083620e+000  1.266668e-001  1.516051e-002
 4.088360e+000  1.427333e-001  1.523910e-002
 4.093100e+000  1.527426e-001  1.530922e-002
 4.097840e+000  1.535824e-001  1.535168e-002
 4.102590e+000  1.620170e-001  1.544806e-002
 4.107330e+000  1.662982e-001  1.550014e-002
 4.112070e+000  1.649469e-001  1.554352e-002
 4.116810e+000  1.495472e-001  1.559763e-002
 4.121550e+000  1.474467e-001  1.560604e-002
 4.126300e+000  1.442265e-001  1.566304e-002
 4.131040e+000  1.410646e-001  1.572339e-002
 4.135780e+000  1.371983e-001  1.580356e-002
 4.140520e+000  1.379756e-001  1.582168e-002
 4.145270e+000  1.482647e-001  1.590887e-002
 4.150010e+000  1.481947e-001  1.595626e-002
 4.154750e+000  1.618501e-001  1.605151e-002
 4.159490e+000  1.601651e-001  1.609391e-002
 4.164240e+000  1.471555e-001  1.616054e-002
 4.168980e+000  1.467378e-001  1.622036e-002
 4.173720e+000  1.552882e-001  1.628492e-002
 4.178460e+000  1.611548e-001  1.632284e-002
 4.183210e+000  1.640129e-001  1.643180e-002
 4.187950e+000  1.341849e-001  1.644066e-002
 4.192690e+000  1.474648e-001  1.650059e-002
 4.197430e+000  1.574352e-001  1.660057e-002
 4.202170e+000  1.651721e-001  1.665418e-002
 4.206920e+000  1.469519e-001  1.673486e-002
 4.211660e+000  1.456133e-001  1.679220e-002
 4.216400e+000  1.636768e-001  1.686727e-002
 4.221140e+000  1.506077e-001  1.692711e-002
 4.225880e+000  1.527239e-001  1.695692e-002
 4.230630e+000  1.532458e-001  1.703749e-002
 4.235370e+000  1.547157e-001  1.712074e-002
 4.240110e+000  1.527403e-001  1.711055e-002
 4.244860e+000  1.481379e-001  1.721146e-002
 4.249600e+000  1.434496e-001  1.727258e-002
 4.254340e+000  1.525997e-001  1.738043e-002
 4.259080e+000  1.474789e-001  1.747593e-002
 4.263820e+000  1.551214e-001  1.751373e-002
 4.268570e+000  1.582207e-001  1.759042e-002
 4.273310e+000  1.490517e-001  1.765552e-002
 4.278050e+000  1.537913e-001  1.778511e-002
 4.282790e+000  1.621325e-001  1.783433e-002
 4.287540e+000  1.538996e-001  1.790922e-002
 4.292280e+000  1.474410e-001  1.796377e-002
 4.297020e+000  1.548134e-001  1.803882e-002
 4.301760e+000  1.490202e-001  1.809820e-002
 4.306500e+000  1.597499e-001  1.818858e-002
 4.311250e+000  1.594866e-001  1.827643e-002
 4.315990e+000  1.601973e-001  1.835004e-002
 4.320730e+000  1.666082e-001  1.848624e-002
 4.325470e+000  1.628305e-001  1.850270e-002
 4.330220e+000  1.628995e-001  1.860327e-002
 4.334960e+000  1.513870e-001  1.866618e-002
 4.339700e+000  1.393111e-001  1.875405e-002
 4.344440e+000  1.309126e-001  1.879433e-002
 4.349190e+000  1.550129e-001  1.892511e-002
 4.353930e+000  1.577053e-001  1.900571e-002
 4.358670e+000  1.451047e-001  1.903351e-002
 4.363410e+000  1.503652e-001  1.914198e-002
 4.368150e+000  1.502844e-001  1.921929e-002
 4.372900e+000  1.573149e-001  1.937425e-002
 4.377640e+000  1.764827e-001  1.947571e-002
 4.382380e+000  1.600054e-001  1.956631e-002
 4.387120e+000  1.522550e-001  1.956724e-002
 4.391870e+000  1.519536e-001  1.967880e-002
 4.396610e+000  1.625837e-001  1.984109e-002
 4.401350e+000  1.756555e-001  1.996015e-002
 4.406090e+000  1.825297e-001  2.009678e-002
 4.410830e+000  1.467119e-001  2.007459e-002
 4.415580e+000  1.509235e-001  2.021667e-002
 4.420320e+000  1.566769e-001  2.035858e-002
 4.425060e+000  1.548042e-001  2.035762e-002
 4.429800e+000  1.562373e-001  2.034450e-002
 4.434550e+000  1.306357e-001  2.033085e-002
 4.439290e+000  1.417298e-001  2.034309e-002
 4.444030e+000  1.601299e-001  2.040973e-002
 4.448770e+000  1.536990e-001  2.037121e-002
 4.453520e+000  1.394785e-001  2.038149e-002
 4.458260e+000  1.470075e-001  2.037158e-002
 4.463000e+000  1.543457e-001  2.045572e-002
 4.467740e+000  1.403212e-001  2.055849e-002
 4.472480e+000  1.545124e-001  2.065463e-002
 4.477230e+000  1.457778e-001  2.076769e-002
 4.481970e+000  1.682449e-001  2.093410e-002
 4.486710e+000  1.744236e-001  2.101721e-002
 4.491450e+000  1.682058e-001  2.109900e-002
 4.496200e+000  1.695857e-001  2.123046e-002
 4.500940e+000  1.755427e-001  2.140559e-002
 4.505680e+000  1.808802e-001  2.147640e-002
 4.510420e+000  1.883798e-001  2.153168e-002
 4.515170e+000  1.825487e-001  2.167998e-002
 4.519910e+000  1.557300e-001  2.179579e-002
 4.524650e+000  1.409063e-001  2.186179e-002
 4.529390e+000  1.394517e-001  2.190884e-002
 4.534140e+000  1.481102e-001  2.211177e-002
 4.538880e+000  1.638813e-001  2.233053e-002
 4.543620e+000  1.964567e-001  2.261434e-002
 4.548360e+000  2.021850e-001  2.269556e-002
 4.553100e+000  1.733243e-001  2.264747e-002
 4.557850e+000  1.403427e-001  2.273825e-002
 4.562590e+000  1.187227e-001  2.288774e-002
 4.567330e+000  1.304884e-001  2.303028e-002
 4.572070e+000  1.497668e-001  2.321949e-002
 4.576820e+000  1.219764e-001  2.338881e-002
 4.581560e+000  1.193357e-001  2.344506e-002
 4.586300e+000  1.240816e-001  2.362576e-002
 4.591040e+000  1.588681e-001  2.380452e-002
 4.595790e+000  1.676460e-001  2.400802e-002
 4.600530e+000  1.422962e-001  2.414928e-002
 4.605270e+000  1.396316e-001  2.426371e-002
 4.610010e+000  1.486625e-001  2.445796e-002
 4.614750e+000  1.431202e-001  2.457692e-002
 4.619500e+000  1.681306e-001  2.485205e-002
 4.624240e+000  1.716304e-001  2.504486e-002
 4.628980e+000  1.794349e-001  2.523389e-002
 4.633720e+000  1.736268e-001  2.536861e-002
 4.638470e+000  1.577739e-001  2.553473e-002
 4.643210e+000  1.537218e-001  2.570892e-002
 4.647950e+000  1.588768e-001  2.597944e-002
 4.652690e+000  1.482756e-001  2.614805e-002
 4.657440e+000  1.644063e-001  2.638958e-002
 4.662180e+000  1.794798e-001  2.654733e-002
 4.666920e+000  1.837350e-001  2.671464e-002
 4.671660e+000  1.768404e-001  2.698960e-002
 4.676400e+000  1.866923e-001  2.720947e-002
 4.681150e+000  1.879623e-001  2.759110e-002
 4.685890e+000  1.775866e-001  2.776148e-002
 4.690630e+000  1.534703e-001  2.792731e-002
 4.695370e+000  1.465950e-001  2.805211e-002
 4.700120e+000  1.250214e-001  2.830056e-002
 4.704860e+000  1.351339e-001  2.862435e-002
 4.709600e+000  1.556664e-001  2.892235e-002
 4.714340e+000  1.683098e-001  2.924862e-002
 4.719080e+000  1.680236e-001  2.937588e-002
 4.723830e+000  1.380623e-001  2.967361e-002
 4.728570e+000  9.489750e-002  2.986263e-002
 4.733310e+000  1.372331e-001  3.023318e-002
 4.738050e+000  1.801716e-001  3.065226e-002
 4.742800e+000  1.646431e-001  3.100670e-002
 4.747540e+000  1.960713e-001  3.135132e-002
 4.752280e+000  1.760457e-001  3.165144e-002
 4.757020e+000  1.743536e-001  3.212329e-002
 4.761760e+000  1.740967e-001  3.234950e-002
 4.766510e+000  1.453026e-001  3.266036e-002
 4.771250e+000  1.122449e-001  3.292432e-002
 4.775990e+000  1.513282e-001  3.347390e-002
 4.780730e+000  1.502188e-001  3.391999e-002
 4.785480e+000  1.037160e-001  3.425457e-002
 4.790220e+000  1.258470e-001  3.475345e-002
 4.794960e+000  1.706393e-001  3.528939e-002
 4.799700e+000  1.404139e-001  3.552369e-002
 4.804450e+000  1.413100e-001  3.604769e-002
 4.809190e+000  1.805916e-001  3.677693e-002
 4.813930e+000  1.954996e-001  3.751095e-002
 4.818670e+000  1.603437e-001  3.789470e-002
 4.823410e+000  1.524283e-001  3.832402e-002
 4.828160e+000  1.548296e-001  3.892862e-002
 4.832900e+000  1.990446e-001  3.976835e-002
 4.837640e+000  2.145026e-001  4.049174e-002
 4.842380e+000  2.176657e-001  4.120407e-002
 4.847130e+000  2.036842e-001  4.218203e-002
 4.851870e+000  1.978311e-001  4.297490e-002
 4.856610e+000  1.888122e-001  4.366900e-002
 4.861350e+000  1.736848e-001  4.455921e-002
 4.866100e+000  1.786836e-001  4.560947e-002
 4.870840e+000  1.368087e-001  4.625920e-002
 4.875580e+000  9.123826e-002  4.718130e-002
 4.880320e+000  8.405953e-002  4.851519e-002
 4.885060e+000  1.520421e-001  5.005306e-002
 4.889810e+000  1.224657e-001  5.128992e-002
 4.894550e+000  1.749628e-001  5.298198e-002
 4.899290e+000  1.701981e-001  5.418182e-002
 4.904030e+000  1.566163e-001  5.564859e-002
 4.908780e+000  1.163777e-001  5.759827e-002
 4.913520e+000  1.244103e-001  6.002643e-002
 4.918260e+000  1.641173e-001  6.281085e-002
 4.923000e+000  1.369817e-001  6.520190e-002
 4.927750e+000  1.602565e-001  6.788801e-002
 4.932490e+000  1.727200e-001  7.157542e-002
 4.937230e+000  1.824290e-001  7.612589e-002
 4.941970e+000  2.074242e-001  8.119783e-002
 4.946720e+000  2.228548e-001  8.823380e-002
 4.951460e+000  1.920096e-001  9.619017e-002
 4.956200e+000  1.295037e-001  1.061156e-001
 4.960940e+000  2.675186e-001  1.230074e-001
 4.965680e+000  2.767823e-001  1.477279e-001
 4.970430e+000  6.999910e-002  2.035708e-001
 4.975170e+000 -6.483298e-002  3.330128e-001
range-from: 84.5000
range-to: 621.5000
parent: C:/Users/PC-BIO3/AppData/Local/Temp/qt_temp.wL5696
parent: C:/Users/PC-BIO3/AppData/Local/Temp/qt_temp.yH5696
creator: datmerge
creator-version: v0.3 (r4556)
datmerge-scale: 1.0000
datmerge-scale: 1.0003
