
Parent(s): half.dat
  2.222031e-01   1.474494e-01   2.776368e-04
  2.269308e-01   1.463949e-01   2.745116e-04
  2.316584e-01   1.452675e-01   2.610390e-04
  2.363861e-01   1.438996e-01   2.587457e-04
  2.411138e-01   1.425149e-01   2.874579e-04
  2.458414e-01   1.415150e-01   2.276835e-04
  2.505691e-01   1.403901e-01   2.147482e-04
  2.552968e-01   1.390653e-01   2.005977e-04
  2.600244e-01   1.377398e-01   1.907907e-04
  2.647521e-01   1.365064e-01   1.868186e-04
  2.694797e-01   1.353960e-01   1.841102e-04
  2.742074e-01   1.343252e-01   1.817736e-04
  2.789350e-01   1.331562e-01   1.793912e-04
  2.836626e-01   1.320327e-01   1.771346e-04
  2.883903e-01   1.307905e-01   1.748819e-04
  2.931179e-01   1.293601e-01   1.724400e-04
  2.978455e-01   1.279554e-01   1.702578e-04
  3.025731e-01   1.266305e-01   1.681312e-04
  3.073007e-01   1.253323e-01   1.661185e-04
  3.120284e-01   1.239318e-01   1.639777e-04
  3.167560e-01   1.225726e-01   1.619177e-04
  3.214836e-01   1.213314e-01   1.601347e-04
  3.262112e-01   1.201287e-01   1.582294e-04
  3.309388e-01   1.189348e-01   1.564268e-04
  3.356663e-01   1.176280e-01   1.545605e-04
  3.403939e-01   1.162664e-01   1.528377e-04
  3.451215e-01   1.149511e-01   1.512395e-04
  3.498491e-01   1.136860e-01   1.499894e-04
  3.545767e-01   1.124251e-01   1.496885e-04
  3.593042e-01   1.110383e-01   1.492462e-04
  3.640318e-01   1.096385e-01   1.485072e-04
  3.687593e-01   1.082442e-01   1.475053e-04
  3.734869e-01   1.069342e-01   1.464128e-04
  3.782144e-01   1.056589e-01   1.454083e-04
  3.829420e-01   1.043705e-01   1.443900e-04
  3.876695e-01   1.031812e-01   1.436286e-04
  3.923970e-01   1.021488e-01   1.429236e-04
  3.971246e-01   1.010932e-01   1.422478e-04
  4.018521e-01   9.990291e-02   1.415384e-04
  4.065796e-01   9.863012e-02   1.406125e-04
  4.113071e-01   9.736359e-02   1.397978e-04
  4.160346e-01   9.605043e-02   1.388612e-04
  4.207621e-01   9.474674e-02   1.379543e-04
  4.254896e-01   9.351113e-02   1.370516e-04
  4.302171e-01   9.229250e-02   1.360961e-04
  4.349446e-01   9.108046e-02   1.352918e-04
  4.396720e-01   8.988046e-02   1.343841e-04
  4.443995e-01   8.868780e-02   1.335791e-04
  4.491270e-01   8.754648e-02   1.329978e-04
  4.538544e-01   8.641344e-02   1.328146e-04
  4.585819e-01   8.524628e-02   1.325541e-04
  4.633093e-01   8.399613e-02   1.318188e-04
  4.680368e-01   8.280525e-02   1.313089e-04
  4.727642e-01   8.165682e-02   1.308023e-04
  4.774916e-01   8.053878e-02   1.303244e-04
  4.822190e-01   7.949039e-02   1.298840e-04
  4.869464e-01   7.836287e-02   1.292643e-04
  4.916738e-01   7.715902e-02   1.285762e-04
  4.964012e-01   7.608179e-02   1.277218e-04
  5.011286e-01   7.508360e-02   1.269303e-04
  5.058560e-01   7.404787e-02   1.260504e-04
  5.105834e-01   7.292721e-02   1.251131e-04
  5.153108e-01   7.170251e-02   1.242063e-04
  5.200381e-01   7.052746e-02   1.232752e-04
  5.247655e-01   6.945232e-02   1.224347e-04
  5.294928e-01   6.836081e-02   1.215402e-04
  5.342202e-01   6.731819e-02   1.207221e-04
  5.389475e-01   6.628334e-02   1.199089e-04
  5.436748e-01   6.519921e-02   1.190478e-04
  5.484022e-01   6.410637e-02   1.182034e-04
  5.531295e-01   6.303779e-02   1.172813e-04
  5.578568e-01   6.201292e-02   1.164845e-04
  5.625841e-01   6.102240e-02   1.157075e-04
  5.673114e-01   6.009747e-02   1.149257e-04
  5.720387e-01   5.917892e-02   1.141183e-04
  5.767659e-01   5.824099e-02   1.131881e-04
  5.814932e-01   5.733838e-02   1.123151e-04
  5.862205e-01   5.642757e-02   1.113408e-04
  5.909477e-01   5.545888e-02   1.103532e-04
  5.956749e-01   5.444001e-02   1.093983e-04
  6.004022e-01   5.343513e-02   1.084202e-04
  6.051294e-01   5.253544e-02   1.075257e-04
  6.098566e-01   5.166457e-02   1.066063e-04
  6.145838e-01   5.077510e-02   1.057396e-04
  6.193110e-01   4.993198e-02   1.048852e-04
  6.240382e-01   4.914754e-02   1.040324e-04
  6.287654e-01   4.836198e-02   1.032183e-04
  6.334926e-01   4.754644e-02   1.023919e-04
  6.382198e-01   4.666875e-02   1.015982e-04
  6.429469e-01   4.576908e-02   1.008086e-04
  6.476741e-01   4.492463e-02   1.000839e-04
  6.524012e-01   4.414575e-02   9.951726e-05
  6.571283e-01   4.336291e-02   9.891687e-05
  6.618555e-01   4.259552e-02   9.835825e-05
  6.665826e-01   4.188561e-02   9.776170e-05
  6.713097e-01   4.119019e-02   9.716637e-05
  6.760368e-01   4.045412e-02   9.665648e-05
  6.807639e-01   3.969070e-02   9.604300e-05
  6.854909e-01   3.892613e-02   9.544165e-05
  6.902180e-01   3.813952e-02   9.484454e-05
  6.949451e-01   3.736388e-02   9.425214e-05
  6.996721e-01   3.664354e-02   9.369634e-05
  7.043992e-01   3.592378e-02   9.310029e-05
  7.091262e-01   3.521043e-02   9.257873e-05
  7.138532e-01   3.454878e-02   9.205080e-05
  7.185802e-01   3.390859e-02   9.154316e-05
  7.233072e-01   3.327205e-02   9.105539e-05
  7.280342e-01   3.263452e-02   9.052039e-05
  7.327612e-01   3.197008e-02   9.002819e-05
  7.374882e-01   3.132435e-02   8.949890e-05
  7.422151e-01   3.066595e-02   8.898320e-05
  7.469421e-01   2.998423e-02   8.846425e-05
  7.516690e-01   2.932611e-02   8.793324e-05
  7.563960e-01   2.875445e-02   8.748396e-05
  7.611229e-01   2.820885e-02   8.699939e-05
  7.658498e-01   2.764480e-02   8.653845e-05
  7.705767e-01   2.706402e-02   8.605842e-05
  7.753036e-01   2.645386e-02   8.557285e-05
  7.800305e-01   2.584265e-02   8.510051e-05
  7.847573e-01   2.526368e-02   8.460945e-05
  7.894842e-01   2.471251e-02   8.418905e-05
  7.942110e-01   2.418812e-02   8.371281e-05
  7.989379e-01   2.370100e-02   8.329003e-05
  8.036647e-01   2.318583e-02   8.286422e-05
  8.083915e-01   2.267092e-02   8.241098e-05
  8.131183e-01   2.219501e-02   8.201134e-05
  8.178451e-01   2.172204e-02   8.161595e-05
  8.225719e-01   2.124820e-02   8.130320e-05
  8.272987e-01   2.077273e-02   8.097902e-05
  8.320254e-01   2.028742e-02   8.064545e-05
  8.367522e-01   1.983118e-02   8.040822e-05
  8.414789e-01   1.939663e-02   8.014521e-05
  8.462056e-01   1.897320e-02   7.991616e-05
  8.509323e-01   1.858559e-02   7.965993e-05
  8.556590e-01   1.820849e-02   7.942703e-05
  8.603857e-01   1.781715e-02   7.918753e-05
  8.651124e-01   1.734744e-02   7.885340e-05
  8.698391e-01   1.685641e-02   7.855835e-05
  8.745657e-01   1.641261e-02   7.826938e-05
  8.792924e-01   1.605377e-02   7.807832e-05
  8.840190e-01   1.574081e-02   7.789006e-05
  8.887456e-01   1.542206e-02   7.764672e-05
  8.934722e-01   1.510166e-02   7.743440e-05
  8.981988e-01   1.476543e-02   7.720376e-05
  9.029254e-01   1.440974e-02   7.699369e-05
  9.076520e-01   1.405808e-02   7.673959e-05
  9.123785e-01   1.372601e-02   7.650930e-05
  9.171051e-01   1.342862e-02   7.635371e-05
  9.218316e-01   1.314247e-02   7.613881e-05
  9.265581e-01   1.283083e-02   7.589585e-05
  9.312847e-01   1.252418e-02   7.563679e-05
  9.360111e-01   1.223029e-02   7.544657e-05
  9.407376e-01   1.194613e-02   7.525186e-05
  9.454641e-01   1.168169e-02   7.502953e-05
  9.501906e-01   1.141808e-02   7.486069e-05
  9.549170e-01   1.112408e-02   7.465048e-05
  9.596434e-01   1.081216e-02   7.444534e-05
  9.643698e-01   1.052165e-02   7.422300e-05
  9.690963e-01   1.023035e-02   7.402464e-05
  9.738226e-01   9.929703e-03   7.381967e-05
  9.785490e-01   9.677667e-03   7.361822e-05
  9.832754e-01   9.474436e-03   7.346191e-05
  9.880017e-01   9.280371e-03   7.327866e-05
  9.927281e-01   9.090563e-03   7.311928e-05
  9.974544e-01   8.901372e-03   7.296179e-05
  1.002181e+00   8.667777e-03   7.279269e-05
  1.006907e+00   8.429648e-03   7.260263e-05
  1.011633e+00   8.202136e-03   7.237727e-05
  1.016360e+00   8.017222e-03   7.227206e-05
  1.021086e+00   7.860874e-03   7.211677e-05
  1.025812e+00   7.656489e-03   7.194945e-05
  1.030538e+00   7.433978e-03   7.175649e-05
  1.035265e+00   7.232136e-03   7.160092e-05
  1.039991e+00   7.068468e-03   7.144715e-05
  1.044717e+00   6.919360e-03   7.128534e-05
  1.049443e+00   6.758648e-03   7.115472e-05
  1.054169e+00   6.588286e-03   7.100720e-05
  1.058895e+00   6.422761e-03   7.082747e-05
  1.063622e+00   6.264639e-03   7.073700e-05
  1.068348e+00   6.082038e-03   7.057821e-05
  1.073074e+00   5.927144e-03   7.043653e-05
  1.077800e+00   5.829810e-03   7.031690e-05
  1.082526e+00   5.727048e-03   7.021693e-05
  1.087252e+00   5.593759e-03   7.010568e-05
  1.091978e+00   5.453496e-03   6.995191e-05
  1.096704e+00   5.334356e-03   6.982862e-05
  1.101430e+00   5.227443e-03   6.969401e-05
  1.106156e+00   5.094078e-03   6.956668e-05
  1.110882e+00   4.918480e-03   6.942293e-05
  1.115608e+00   4.738813e-03   6.926117e-05
  1.120334e+00   4.602779e-03   6.914757e-05
  1.125060e+00   4.519310e-03   6.903768e-05
  1.129786e+00   4.457089e-03   6.895164e-05
  1.134512e+00   4.381751e-03   6.882828e-05
  1.139238e+00   4.288300e-03   6.873930e-05
  1.143963e+00   4.164439e-03   6.862362e-05
  1.148689e+00   4.056895e-03   6.849973e-05
  1.153415e+00   3.990887e-03   6.840614e-05
  1.158141e+00   3.913664e-03   6.829195e-05
  1.162867e+00   3.808022e-03   6.816339e-05
  1.167593e+00   3.690255e-03   6.806147e-05
  1.172318e+00   3.569748e-03   6.791394e-05
  1.177044e+00   3.494181e-03   6.784744e-05
  1.181770e+00   3.447946e-03   6.776014e-05
  1.186496e+00   3.359339e-03   6.766672e-05
  1.191221e+00   3.274233e-03   6.753941e-05
  1.195947e+00   3.202294e-03   6.744033e-05
  1.200673e+00   3.140841e-03   6.737886e-05
  1.205398e+00   3.095461e-03   6.725652e-05
  1.210124e+00   3.052359e-03   6.719401e-05
  1.214850e+00   2.997689e-03   6.712465e-05
  1.219575e+00   2.912774e-03   6.698691e-05
  1.224301e+00   2.802341e-03   6.690349e-05
  1.229026e+00   2.714395e-03   6.677285e-05
  1.233752e+00   2.694557e-03   6.672395e-05
  1.238478e+00   2.685597e-03   6.668455e-05
  1.243203e+00   2.646466e-03   6.659035e-05
  1.247929e+00   2.597344e-03   6.652075e-05
  1.252654e+00   2.574434e-03   6.640805e-05
  1.257380e+00   2.531672e-03   6.636253e-05
  1.262105e+00   2.451849e-03   6.621698e-05
  1.266831e+00   2.396432e-03   6.616174e-05
  1.271556e+00   2.375663e-03   6.610592e-05
  1.276281e+00   2.346496e-03   6.601146e-05
  1.281007e+00   2.286129e-03   6.595008e-05
  1.285732e+00   2.209398e-03   6.580173e-05
  1.290458e+00   2.167809e-03   6.576043e-05
  1.295183e+00   2.162768e-03   6.570413e-05
  1.299908e+00   2.162946e-03   6.561213e-05
  1.304634e+00   2.140740e-03   6.556154e-05
  1.309359e+00   2.091210e-03   6.546325e-05
  1.314084e+00   2.021601e-03   6.537126e-05
  1.318809e+00   1.957603e-03   6.524462e-05
  1.323535e+00   1.888813e-03   6.520806e-05
  1.328260e+00   1.841983e-03   6.514982e-05
  1.332985e+00   1.846854e-03   6.509669e-05
  1.337710e+00   1.866910e-03   6.504926e-05
  1.342435e+00   1.871513e-03   6.495365e-05
  1.347161e+00   1.855004e-03   6.490993e-05
  1.351886e+00   1.828838e-03   6.483094e-05
  1.356611e+00   1.797320e-03   6.476918e-05
  1.361336e+00   1.759651e-03   6.471395e-05
  1.366061e+00   1.720798e-03   6.463083e-05
  1.370786e+00   1.693639e-03   6.456933e-05
  1.375511e+00   1.698249e-03   6.449955e-05
  1.380236e+00   1.700949e-03   6.445076e-05
  1.384961e+00   1.689003e-03   6.440429e-05
  1.389686e+00   1.661415e-03   6.433334e-05
  1.394411e+00   1.621530e-03   6.425707e-05
  1.399136e+00   1.599766e-03   6.417641e-05
  1.403861e+00   1.587661e-03   6.412548e-05
  1.408586e+00   1.555642e-03   6.403858e-05
  1.413311e+00   1.522358e-03   6.397845e-05
  1.418035e+00   1.545779e-03   6.392318e-05
  1.422760e+00   1.564369e-03   6.387385e-05
  1.427485e+00   1.550151e-03   6.382109e-05
  1.432210e+00   1.541884e-03   6.374726e-05
  1.436935e+00   1.540478e-03   6.369432e-05
  1.441660e+00   1.542312e-03   6.368109e-05
  1.446384e+00   1.543087e-03   6.358660e-05
  1.451109e+00   1.537554e-03   6.350903e-05
  1.455834e+00   1.527604e-03   6.344867e-05
  1.460558e+00   1.507976e-03   6.336462e-05
  1.465283e+00   1.475062e-03   6.328224e-05
  1.470008e+00   1.437025e-03   6.320744e-05
  1.474732e+00   1.404523e-03   6.310910e-05
  1.479457e+00   1.408753e-03   6.304416e-05
  1.484182e+00   1.415799e-03   6.302031e-05
  1.488906e+00   1.413176e-03   6.291647e-05
  1.493631e+00   1.389233e-03   6.285340e-05
  1.498355e+00   1.374443e-03   6.276011e-05
  1.503080e+00   1.374330e-03   6.271908e-05
  1.507804e+00   1.380482e-03   6.263949e-05
  1.512529e+00   1.403913e-03   6.261153e-05
  1.517253e+00   1.438054e-03   6.256897e-05
  1.521978e+00   1.451425e-03   6.253911e-05
  1.526702e+00   1.433859e-03   6.245579e-05
  1.531426e+00   1.408937e-03   6.235153e-05
  1.536151e+00   1.386152e-03   6.228291e-05
  1.540875e+00   1.369822e-03   6.222173e-05
  1.545599e+00   1.370801e-03   6.212581e-05
  1.550324e+00   1.364409e-03   6.207892e-05
  1.555048e+00   1.359332e-03   6.202986e-05
  1.559772e+00   1.366019e-03   6.195264e-05
  1.564497e+00   1.369508e-03   6.193059e-05
  1.569221e+00   1.379563e-03   6.186393e-05
  1.573945e+00   1.389769e-03   6.182666e-05
  1.578669e+00   1.406321e-03   6.179224e-05
  1.583393e+00   1.433348e-03   6.173177e-05
  1.588117e+00   1.435613e-03   6.164129e-05
  1.592842e+00   1.408705e-03   6.156858e-05
  1.597566e+00   1.375856e-03   6.151343e-05
  1.602290e+00   1.343696e-03   6.144266e-05
  1.607014e+00   1.325228e-03   6.136357e-05
  1.611738e+00   1.327483e-03   6.131816e-05
  1.616462e+00   1.329909e-03   6.125321e-05
  1.621186e+00   1.331985e-03   6.119669e-05
  1.625910e+00   1.335215e-03   6.112645e-05
  1.630634e+00   1.353268e-03   6.106915e-05
  1.635358e+00   1.364144e-03   6.103954e-05
  1.640081e+00   1.348242e-03   6.094171e-05
  1.644805e+00   1.343875e-03   6.089525e-05
  1.649529e+00   1.348087e-03   6.083190e-05
  1.654253e+00   1.343630e-03   6.076677e-05
  1.658977e+00   1.310809e-03   6.069397e-05
  1.663701e+00   1.282490e-03   6.065347e-05
  1.668424e+00   1.302745e-03   6.060223e-05
  1.673148e+00   1.321242e-03   6.054369e-05
  1.677872e+00   1.342833e-03   6.052626e-05
  1.682595e+00   1.391361e-03   6.046943e-05
  1.687319e+00   1.411288e-03   6.041508e-05
  1.692043e+00   1.364052e-03   6.035729e-05
  1.696766e+00   1.303254e-03   6.025031e-05
  1.701490e+00   1.271180e-03   6.019938e-05
  1.706214e+00   1.274084e-03   6.017750e-05
  1.710937e+00   1.300492e-03   6.012929e-05
  1.715661e+00   1.312526e-03   6.010537e-05
  1.720384e+00   1.331036e-03   6.002897e-05
  1.725108e+00   1.337127e-03   6.000025e-05
  1.729831e+00   1.308853e-03   5.988266e-05
  1.734555e+00   1.277807e-03   5.982885e-05
  1.739278e+00   1.272863e-03   5.977198e-05
  1.744001e+00   1.285353e-03   5.970222e-05
  1.748725e+00   1.286575e-03   5.966857e-05
  1.753448e+00   1.297651e-03   5.960743e-05
  1.758171e+00   1.309721e-03   5.954742e-05
  1.762895e+00   1.303206e-03   5.950274e-05
  1.767618e+00   1.272934e-03   5.943483e-05
  1.772341e+00   1.251279e-03   5.938655e-05
  1.777064e+00   1.245404e-03   5.930929e-05
  1.781788e+00   1.245129e-03   5.928134e-05
  1.786511e+00   1.247548e-03   5.920774e-05
  1.791234e+00   1.257198e-03   5.916250e-05
  1.795957e+00   1.267788e-03   5.911308e-05
  1.800680e+00   1.254392e-03   5.902196e-05
  1.805403e+00   1.231974e-03   5.890218e-05
  1.810126e+00   1.213424e-03   5.875696e-05
  1.814849e+00   1.226547e-03   5.864626e-05
  1.819572e+00   1.251485e-03   5.853327e-05
  1.824295e+00   1.271349e-03   5.841264e-05
  1.829018e+00   1.286841e-03   5.829094e-05
  1.833741e+00   1.292412e-03   5.816090e-05
  1.838464e+00   1.252109e-03   5.802296e-05
  1.843187e+00   1.195403e-03   5.784934e-05
  1.847910e+00   1.172619e-03   5.771082e-05
  1.852633e+00   1.191860e-03   5.763477e-05
  1.857355e+00   1.235107e-03   5.751982e-05
  1.862078e+00   1.234725e-03   5.740875e-05
  1.866801e+00   1.201614e-03   5.727059e-05
  1.871524e+00   1.185483e-03   5.719593e-05
  1.876246e+00   1.196043e-03   5.716657e-05
  1.880969e+00   1.198142e-03   5.744855e-05
  1.885692e+00   1.189413e-03   5.814189e-05
  1.890414e+00   1.174988e-03   5.874376e-05
  1.895137e+00   1.171545e-03   5.925629e-05
  1.899859e+00   1.174984e-03   5.958915e-05
  1.904582e+00   1.184961e-03   5.992055e-05
  1.909304e+00   1.192174e-03   6.015234e-05
  1.914027e+00   1.199885e-03   6.035052e-05
  1.918749e+00   1.203542e-03   6.042889e-05
  1.923472e+00   1.198582e-03   6.048128e-05
  1.928194e+00   1.176862e-03   6.055366e-05
  1.932917e+00   1.148786e-03   6.095384e-05
  1.937639e+00   1.141926e-03   6.184584e-05
  1.942361e+00   1.134669e-03   6.279097e-05
  1.947084e+00   1.129060e-03   6.356352e-05
  1.951806e+00   1.129106e-03   6.406812e-05
  1.956528e+00   1.122237e-03   6.402552e-05
  1.961251e+00   1.105966e-03   6.346278e-05
  1.965973e+00   1.097363e-03   6.290417e-05
  1.970695e+00   1.101841e-03   6.253674e-05
  1.975417e+00   1.100165e-03   6.231191e-05
  1.980139e+00   1.104623e-03   6.214107e-05
  1.984861e+00   1.126535e-03   6.202131e-05
  1.989583e+00   1.163813e-03   6.191597e-05
  1.994305e+00   1.165824e-03   6.181598e-05
  1.999027e+00   1.112324e-03   6.172423e-05
  2.003749e+00   1.049344e-03   6.162431e-05
  2.008471e+00   1.013065e-03   6.153994e-05
  2.013193e+00   1.013923e-03   6.139499e-05
  2.017915e+00   1.022798e-03   6.122140e-05
  2.022637e+00   1.028023e-03   6.104635e-05
  2.027359e+00   1.040578e-03   6.085564e-05
  2.032081e+00   1.030356e-03   6.067617e-05
  2.036803e+00   1.016013e-03   6.051693e-05
  2.041524e+00   1.023505e-03   6.035104e-05
  2.046246e+00   1.042973e-03   6.020656e-05
  2.050968e+00   1.059907e-03   6.007877e-05
  2.055689e+00   1.050518e-03   5.991965e-05
  2.060411e+00   1.023430e-03   5.976227e-05
  2.065133e+00   9.946921e-04   5.964232e-05
  2.069854e+00   9.610094e-04   5.945518e-05
  2.074576e+00   9.429167e-04   5.933104e-05
  2.079297e+00   9.775198e-04   5.920762e-05
  2.084019e+00   1.033189e-03   5.912447e-05
  2.088740e+00   1.042963e-03   5.899033e-05
  2.093462e+00   1.016575e-03   5.885872e-05
  2.098183e+00   9.938450e-04   5.869685e-05
  2.102905e+00   9.810247e-04   5.860523e-05
  2.107626e+00   9.821609e-04   5.845687e-05
  2.112348e+00   9.726181e-04   5.835546e-05
  2.117069e+00   9.439665e-04   5.821124e-05
  2.121790e+00   9.146223e-04   5.808859e-05
  2.126511e+00   9.045247e-04   5.794792e-05
  2.131233e+00   9.105288e-04   5.784245e-05
  2.135954e+00   9.341608e-04   5.774201e-05
  2.140675e+00   9.575412e-04   5.764164e-05
  2.145396e+00   9.544476e-04   5.754881e-05
  2.150117e+00   9.272876e-04   5.741884e-05
  2.154838e+00   9.137705e-04   5.729836e-05
  2.159559e+00   9.060238e-04   5.719386e-05
  2.164280e+00   8.744544e-04   5.707379e-05
  2.169001e+00   8.475295e-04   5.696955e-05
  2.173722e+00   8.568809e-04   5.686286e-05
  2.178443e+00   8.663493e-04   5.676987e-05
  2.183164e+00   8.703707e-04   5.666798e-05
  2.187885e+00   8.724552e-04   5.655566e-05
  2.192606e+00   8.842345e-04   5.646570e-05
  2.197327e+00   8.842309e-04   5.635272e-05
  2.202048e+00   8.579308e-04   5.626482e-05
  2.206768e+00   8.253588e-04   5.612169e-05
  2.211489e+00   8.201080e-04   5.602678e-05
  2.216210e+00   8.609820e-04   5.595848e-05
  2.220931e+00   9.010801e-04   5.589713e-05
  2.225651e+00   9.067020e-04   5.578289e-05
  2.230372e+00   8.815622e-04   5.568912e-05
  2.235092e+00   8.376384e-04   5.556000e-05
  2.239813e+00   8.179480e-04   5.547804e-05
  2.244533e+00   8.080165e-04   5.534849e-05
  2.249254e+00   7.687222e-04   5.526825e-05
  2.253974e+00   7.431239e-04   5.513681e-05
  2.258695e+00   7.563369e-04   5.508711e-05
  2.263415e+00   7.757416e-04   5.498714e-05
  2.268136e+00   8.058999e-04   5.492625e-05
  2.272856e+00   8.277892e-04   5.485556e-05
  2.277576e+00   8.201942e-04   5.475507e-05
  2.282296e+00   8.193377e-04   5.465522e-05
  2.287017e+00   8.503541e-04   5.460049e-05
  2.291737e+00   8.619454e-04   5.452571e-05
  2.296457e+00   8.356329e-04   5.443469e-05
  2.301177e+00   8.082862e-04   5.433171e-05
  2.305897e+00   7.926246e-04   5.424874e-05
  2.310617e+00   7.753351e-04   5.413758e-05
  2.315338e+00   7.436657e-04   5.406331e-05
  2.320058e+00   7.096278e-04   5.395983e-05
  2.324778e+00   6.818517e-04   5.384796e-05
  2.329498e+00   6.819560e-04   5.378973e-05
  2.334217e+00   7.030567e-04   5.369381e-05
  2.338937e+00   7.262677e-04   5.362869e-05
  2.343657e+00   7.395307e-04   5.354514e-05
  2.348377e+00   7.543850e-04   5.345520e-05
  2.353097e+00   7.701490e-04   5.338520e-05
  2.357817e+00   7.698087e-04   5.332009e-05
  2.362536e+00   7.600101e-04   5.324186e-05
  2.367256e+00   7.326626e-04   5.315308e-05
  2.371976e+00   7.174692e-04   5.309955e-05
  2.376695e+00   7.283690e-04   5.301751e-05
  2.381415e+00   7.180346e-04   5.291574e-05
  2.386135e+00   6.932082e-04   5.285608e-05
  2.390854e+00   6.898445e-04   5.274279e-05
  2.395574e+00   7.223398e-04   5.271063e-05
  2.400293e+00   7.401000e-04   5.262253e-05
  2.405013e+00   7.252574e-04   5.254055e-05
  2.409732e+00   7.001580e-04   5.246365e-05
  2.414451e+00   6.758938e-04   5.234600e-05
  2.419171e+00   6.684355e-04   5.230629e-05
  2.423890e+00   6.800756e-04   5.224553e-05
  2.428609e+00   6.876766e-04   5.215252e-05
  2.433329e+00   6.926960e-04   5.211348e-05
  2.438048e+00   6.730973e-04   5.201411e-05
  2.442767e+00   6.485241e-04   5.194054e-05
  2.447486e+00   6.475944e-04   5.186033e-05
  2.452205e+00   6.467054e-04   5.179686e-05
  2.456924e+00   6.322981e-04   5.173617e-05
  2.461643e+00   6.023759e-04   5.164470e-05
  2.466362e+00   6.009556e-04   5.157912e-05
  2.471081e+00   6.267410e-04   5.149963e-05
  2.475800e+00   6.443329e-04   5.143984e-05
  2.480519e+00   6.400893e-04   5.137004e-05
  2.485238e+00   6.270365e-04   5.130049e-05
  2.489957e+00   6.239257e-04   5.124741e-05
  2.494676e+00   6.382870e-04   5.117441e-05
  2.499395e+00   6.440894e-04   5.113787e-05
  2.504113e+00   6.361081e-04   5.103578e-05
  2.508832e+00   6.259063e-04   5.096291e-05
  2.513551e+00   6.045895e-04   5.091055e-05
  2.518270e+00   5.824569e-04   5.086709e-05
  2.522988e+00   5.549921e-04   5.081679e-05
  2.527707e+00   5.389465e-04   5.078558e-05
  2.532425e+00   5.554638e-04   5.074907e-05
  2.537144e+00   5.814630e-04   5.075421e-05
  2.541862e+00   5.838905e-04   5.069795e-05
  2.546581e+00   5.817730e-04   5.069761e-05
  2.551299e+00   5.858040e-04   5.065906e-05
  2.556017e+00   5.869007e-04   5.062045e-05
  2.560736e+00   5.798585e-04   5.060276e-05
  2.565454e+00   5.727125e-04   5.056878e-05
  2.570172e+00   5.800684e-04   5.053794e-05
  2.574891e+00   5.830969e-04   5.052068e-05
  2.579609e+00   5.552657e-04   5.050038e-05
  2.584327e+00   5.458312e-04   5.046297e-05
  2.589045e+00   5.665871e-04   5.044587e-05
  2.593763e+00   5.729162e-04   5.042837e-05
  2.598481e+00   5.444167e-04   5.037649e-05
  2.603199e+00   5.093066e-04   5.034257e-05
  2.607917e+00   4.964389e-04   5.029361e-05
  2.612635e+00   5.099978e-04   5.028048e-05
  2.617353e+00   5.288143e-04   5.025952e-05
  2.622071e+00   5.384079e-04   5.023863e-05
  2.626789e+00   5.309723e-04   5.021928e-05
  2.631507e+00   5.214859e-04   5.017307e-05
  2.636225e+00   5.227584e-04   5.016064e-05
  2.640942e+00   5.288458e-04   5.010130e-05
  2.645660e+00   5.534152e-04   5.008062e-05
  2.650378e+00   5.847658e-04   5.009767e-05
  2.655095e+00   5.773323e-04   5.004936e-05
  2.659813e+00   5.574113e-04   5.004032e-05
  2.664530e+00   5.391613e-04   4.997341e-05
  2.669248e+00   5.342710e-04   4.996040e-05
  2.673965e+00   5.558018e-04   4.992535e-05
  2.678683e+00   6.025815e-04   4.994494e-05
  2.683400e+00   6.276259e-04   4.991228e-05
  2.688118e+00   6.089309e-04   4.988793e-05
  2.692835e+00   5.709309e-04   4.984297e-05
  2.697552e+00   5.395014e-04   4.977921e-05
  2.702270e+00   5.268726e-04   4.973644e-05
  2.706987e+00   5.314198e-04   4.967297e-05
  2.711704e+00   5.273828e-04   4.960770e-05
  2.716421e+00   5.091557e-04   4.954013e-05
  2.721138e+00   4.886394e-04   4.947593e-05
  2.725855e+00   4.788164e-04   4.941046e-05
  2.730572e+00   4.892078e-04   4.932896e-05
  2.735290e+00   5.119982e-04   4.930325e-05
  2.740006e+00   5.274002e-04   4.923399e-05
  2.744723e+00   5.371105e-04   4.918372e-05
  2.749440e+00   5.484750e-04   4.914648e-05
  2.754157e+00   5.495968e-04   4.910825e-05
  2.758874e+00   5.487046e-04   4.907285e-05
  2.763591e+00   5.463517e-04   4.904370e-05
  2.768308e+00   5.429380e-04   4.902940e-05
  2.773024e+00   5.372004e-04   4.899990e-05
  2.777741e+00   5.339376e-04   4.897332e-05
  2.782458e+00   5.272596e-04   4.899432e-05
  2.787174e+00   5.209943e-04   4.914262e-05
  2.791891e+00   5.124125e-04   4.963700e-05
  2.796607e+00   5.049410e-04   5.022209e-05
  2.801324e+00   4.994364e-04   5.072625e-05
  2.806040e+00   5.012684e-04   5.109050e-05
  2.810757e+00   5.055914e-04   5.144037e-05
  2.815473e+00   5.058022e-04   5.172528e-05
  2.820189e+00   5.085060e-04   5.196916e-05
  2.824906e+00   5.119060e-04   5.219653e-05
  2.829622e+00   5.030415e-04   5.235329e-05
  2.834338e+00   4.902114e-04   5.246366e-05
  2.839054e+00   4.912789e-04   5.256042e-05
  2.843770e+00   4.909402e-04   5.263377e-05
  2.848487e+00   4.806784e-04   5.270804e-05
  2.853203e+00   4.709770e-04   5.278915e-05
  2.857919e+00   4.751210e-04   5.285937e-05
  2.862635e+00   4.724094e-04   5.292659e-05
  2.867351e+00   4.865945e-04   5.300967e-05
  2.872067e+00   4.988243e-04   5.308838e-05
  2.876782e+00   4.936902e-04   5.313058e-05
  2.881498e+00   4.887105e-04   5.317869e-05
  2.886214e+00   5.028602e-04   5.324324e-05
  2.890930e+00   5.133242e-04   5.330389e-05
  2.895646e+00   5.072674e-04   5.336857e-05
  2.900361e+00   4.863655e-04   5.339104e-05
  2.905077e+00   4.686810e-04   5.343856e-05
  2.909792e+00   4.737883e-04   5.347993e-05
  2.914508e+00   4.824231e-04   5.353938e-05
  2.919224e+00   4.703807e-04   5.359103e-05
  2.923939e+00   4.568693e-04   5.362904e-05
  2.928654e+00   4.607849e-04   5.364312e-05
  2.933370e+00   4.822681e-04   5.373053e-05
  2.938085e+00   5.014720e-04   5.375192e-05
  2.942801e+00   5.044840e-04   5.381614e-05
  2.947516e+00   4.999687e-04   5.386185e-05
  2.952231e+00   4.881988e-04   5.389173e-05
  2.956946e+00   4.771143e-04   5.394300e-05
  2.961661e+00   4.772003e-04   5.395332e-05
  2.966377e+00   4.837565e-04   5.400681e-05
  2.971092e+00   5.057112e-04   5.404613e-05
  2.975807e+00   5.120823e-04   5.407689e-05
  2.980522e+00   5.104555e-04   5.410902e-05
  2.985237e+00   5.047197e-04   5.411812e-05
  2.989952e+00   4.980544e-04   5.418445e-05
  2.994666e+00   4.990116e-04   5.421289e-05
  2.999381e+00   5.073470e-04   5.425369e-05
  3.004096e+00   4.998619e-04   5.428970e-05
  3.008811e+00   4.748011e-04   5.429521e-05
  3.013526e+00   4.531236e-04   5.435384e-05
  3.018240e+00   4.529018e-04   5.435653e-05
  3.022955e+00   4.709367e-04   5.441327e-05
  3.027669e+00   5.023608e-04   5.443262e-05
  3.032384e+00   5.232212e-04   5.446825e-05
  3.037099e+00   5.153816e-04   5.452989e-05
  3.041813e+00   5.080453e-04   5.454753e-05
  3.046527e+00   5.047391e-04   5.455606e-05
  3.051242e+00   5.172859e-04   5.460896e-05
  3.055956e+00   5.478349e-04   5.461714e-05
  3.060671e+00   5.790989e-04   5.467359e-05
  3.065385e+00   5.956941e-04   5.468994e-05
  3.070099e+00   5.902564e-04   5.472851e-05
  3.074813e+00   5.714790e-04   5.475206e-05
  3.079527e+00   5.584958e-04   5.479607e-05
  3.084241e+00   5.605509e-04   5.496418e-05
  3.088955e+00   5.780075e-04   5.544404e-05
  3.093670e+00   5.848055e-04   5.644175e-05
  3.098383e+00   5.657543e-04   5.732368e-05
  3.103097e+00   5.164597e-04   5.805282e-05
  3.107811e+00   4.517193e-04   5.859481e-05
  3.112525e+00   4.198916e-04   5.899244e-05
  3.117239e+00   4.339559e-04   5.932513e-05
  3.121953e+00   4.803117e-04   5.962903e-05
  3.126666e+00   5.065749e-04   5.987446e-05
  3.131380e+00   5.028741e-04   6.010288e-05
  3.136094e+00   4.985679e-04   6.036013e-05
  3.140807e+00   4.963912e-04   6.055907e-05
  3.145521e+00   4.921355e-04   6.076752e-05
  3.150234e+00   4.879664e-04   6.096338e-05
  3.154948e+00   4.788994e-04   6.118148e-05
  3.159661e+00   4.850092e-04   6.136182e-05
  3.164375e+00   5.054456e-04   6.157237e-05
  3.169088e+00   5.060957e-04   6.175024e-05
  3.173801e+00   4.845018e-04   6.192606e-05
  3.178515e+00   4.704861e-04   6.211902e-05
  3.183228e+00   4.560217e-04   6.230245e-05
  3.187941e+00   4.432055e-04   6.245273e-05
  3.192654e+00   4.303981e-04   6.261379e-05
  3.197367e+00   4.202580e-04   6.278277e-05
  3.202080e+00   4.309432e-04   6.290919e-05
  3.206793e+00   4.599240e-04   6.302688e-05
  3.211506e+00   4.654195e-04   6.307937e-05
  3.216219e+00   4.607134e-04   6.313580e-05
  3.220932e+00   4.661430e-04   6.318184e-05
  3.225645e+00   4.966343e-04   6.319779e-05
  3.230358e+00   5.094220e-04   6.325833e-05
  3.235070e+00   5.009238e-04   6.325271e-05
  3.239783e+00   4.952875e-04   6.330735e-05
  3.244496e+00   4.976039e-04   6.335622e-05
  3.249208e+00   5.017739e-04   6.333213e-05
  3.253921e+00   5.041548e-04   6.339230e-05
  3.258633e+00   4.998441e-04   6.337902e-05
  3.263346e+00   4.896049e-04   6.342858e-05
  3.268058e+00   4.693494e-04   6.339119e-05
  3.272771e+00   4.768448e-04   6.345579e-05
  3.277483e+00   5.049060e-04   6.352500e-05
  3.282195e+00   5.222908e-04   6.354155e-05
  3.286907e+00   5.328728e-04   6.354712e-05
  3.291620e+00   5.397997e-04   6.359008e-05
  3.296332e+00   5.349252e-04   6.363637e-05
  3.301044e+00   5.364499e-04   6.365992e-05
  3.305756e+00   5.317489e-04   6.365063e-05
  3.310468e+00   5.150649e-04   6.367238e-05
  3.315180e+00   4.980162e-04   6.369140e-05
  3.319892e+00   4.681203e-04   6.373731e-05
  3.324604e+00   4.343514e-04   6.372703e-05
  3.329316e+00   4.320310e-04   6.375523e-05
  3.334027e+00   4.517788e-04   6.377289e-05
  3.338739e+00   4.833757e-04   6.379387e-05
  3.343451e+00   5.005820e-04   6.382866e-05
  3.348163e+00   5.060152e-04   6.386101e-05
  3.352874e+00   5.117959e-04   6.388162e-05
  3.357586e+00   5.093521e-04   6.393150e-05
  3.362297e+00   5.097981e-04   6.388356e-05
  3.367009e+00   5.243070e-04   6.388856e-05
  3.371720e+00   5.296091e-04   6.380771e-05
  3.376432e+00   5.070167e-04   6.379066e-05
  3.381143e+00   4.755269e-04   6.373442e-05
  3.385854e+00   4.448358e-04   6.362730e-05
  3.390566e+00   4.447662e-04   6.360340e-05
  3.395277e+00   4.528383e-04   6.352635e-05
  3.399988e+00   4.540709e-04   6.346802e-05
  3.404699e+00   4.708120e-04   6.341327e-05
  3.409410e+00   4.861970e-04   6.341423e-05
  3.414121e+00   4.836202e-04   6.344452e-05
  3.418832e+00   4.776375e-04   6.345285e-05
  3.423543e+00   4.813430e-04   6.346953e-05
  3.428254e+00   4.941696e-04   6.345365e-05
  3.432965e+00   5.100720e-04   6.348919e-05
  3.437676e+00   4.993378e-04   6.354254e-05
  3.442386e+00   4.818580e-04   6.353390e-05
  3.447097e+00   4.714164e-04   6.355277e-05
  3.451808e+00   4.506062e-04   6.356775e-05
  3.456518e+00   4.378478e-04   6.357874e-05
  3.461229e+00   4.479625e-04   6.362580e-05
  3.465939e+00   4.573771e-04   6.361529e-05
  3.470650e+00   4.639439e-04   6.366446e-05
  3.475360e+00   4.603514e-04   6.364526e-05
  3.480071e+00   4.592585e-04   6.369527e-05
  3.484781e+00   4.565704e-04   6.367852e-05
  3.489491e+00   4.799998e-04   6.371981e-05
  3.494201e+00   4.987413e-04   6.374119e-05
  3.498912e+00   4.850273e-04   6.376949e-05
  3.503622e+00   4.339610e-04   6.375876e-05
  3.508332e+00   3.933220e-04   6.371992e-05
  3.513042e+00   3.950936e-04   6.374879e-05
  3.517752e+00   4.214054e-04   6.378314e-05
  3.522462e+00   4.249777e-04   6.380680e-05
  3.527172e+00   4.070126e-04   6.382118e-05
  3.531882e+00   4.118744e-04   6.385349e-05
  3.536591e+00   4.394722e-04   6.389318e-05
  3.541301e+00   4.840190e-04   6.391737e-05
  3.546011e+00   5.058998e-04   6.395681e-05
  3.550720e+00   4.994314e-04   6.395600e-05
  3.555430e+00   4.919097e-04   6.396268e-05
  3.560140e+00   4.911340e-04   6.401610e-05
  3.564849e+00   4.736093e-04   6.396539e-05
  3.569559e+00   4.424716e-04   6.399899e-05
  3.574268e+00   4.030829e-04   6.400346e-05
  3.578977e+00   3.987861e-04   6.398470e-05
  3.583687e+00   4.085169e-04   6.403078e-05
  3.588396e+00   4.015108e-04   6.401668e-05
  3.593105e+00   4.146284e-04   6.407837e-05
  3.597814e+00   4.299082e-04   6.408939e-05
  3.602524e+00   4.213299e-04   6.411646e-05
  3.607233e+00   4.065189e-04   6.412410e-05
  3.611942e+00   4.046785e-04   6.412040e-05
  3.616651e+00   4.193110e-04   6.415021e-05
  3.621360e+00   4.143502e-04   6.415665e-05
  3.626068e+00   3.743142e-04   6.412845e-05
  3.630777e+00   3.534582e-04   6.414754e-05
  3.635486e+00   3.774225e-04   6.416353e-05
  3.640195e+00   4.154255e-04   6.419432e-05
  3.644904e+00   4.500313e-04   6.421764e-05
  3.649612e+00   4.799962e-04   6.424287e-05
  3.654321e+00   4.825405e-04   6.428658e-05
  3.659029e+00   4.500896e-04   6.424692e-05
  3.663738e+00   4.037075e-04   6.426102e-05
  3.668446e+00   3.880404e-04   6.421495e-05
  3.673155e+00   3.920717e-04   6.427908e-05
  3.677863e+00   4.032183e-04   6.430008e-05
  3.682571e+00   4.142041e-04   6.429490e-05
  3.687280e+00   4.013635e-04   6.432066e-05
  3.691988e+00   3.825096e-04   6.431490e-05
  3.696696e+00   4.019240e-04   6.435473e-05
  3.701404e+00   4.284423e-04   6.435624e-05
  3.706112e+00   4.207765e-04   6.437126e-05
  3.710820e+00   3.983713e-04   6.438034e-05
  3.715528e+00   3.723371e-04   6.437721e-05
  3.720236e+00   3.520237e-04   6.437585e-05
  3.724944e+00   3.469737e-04   6.438078e-05
  3.729651e+00   3.564991e-04   6.439991e-05
  3.734359e+00   3.696176e-04   6.443069e-05
  3.739067e+00   3.655697e-04   6.443935e-05
  3.743775e+00   3.592944e-04   6.446966e-05
  3.748482e+00   3.667658e-04   6.444766e-05
  3.753190e+00   3.843956e-04   6.451862e-05
  3.757897e+00   3.823072e-04   6.448179e-05
  3.762605e+00   3.927961e-04   6.451250e-05
  3.767312e+00   4.028807e-04   6.450750e-05
  3.772019e+00   4.022682e-04   6.448803e-05
  3.776727e+00   4.011837e-04   6.453721e-05
  3.781434e+00   4.128254e-04   6.452158e-05
  3.786141e+00   4.163235e-04   6.453940e-05
  3.790848e+00   4.028604e-04   6.454383e-05
  3.795555e+00   3.822750e-04   6.457163e-05
  3.800262e+00   3.621763e-04   6.458824e-05
  3.804969e+00   3.700732e-04   6.457357e-05
  3.809676e+00   3.816508e-04   6.460390e-05
  3.814383e+00   3.703849e-04   6.459438e-05
  3.819090e+00   3.679002e-04   6.460151e-05
  3.823797e+00   3.636487e-04   6.463667e-05
  3.828503e+00   3.643798e-04   6.461912e-05
  3.833210e+00   3.875818e-04   6.466628e-05
  3.837917e+00   4.045397e-04   6.467272e-05
  3.842623e+00   4.007282e-04   6.465742e-05
  3.847330e+00   3.968913e-04   6.468661e-05
  3.852036e+00   3.918654e-04   6.468084e-05
  3.856743e+00   3.911434e-04   6.473753e-05
  3.861449e+00   4.117805e-04   6.472495e-05
  3.866155e+00   4.148400e-04   6.471819e-05
  3.870862e+00   3.976597e-04   6.473238e-05
  3.875568e+00   3.868569e-04   6.475105e-05
  3.880274e+00   3.776357e-04   6.475392e-05
  3.884980e+00   3.854898e-04   6.473915e-05
  3.889686e+00   4.119832e-04   6.478235e-05
  3.894392e+00   4.170810e-04   6.479119e-05
  3.899098e+00   3.828567e-04   6.481072e-05
  3.903804e+00   3.460469e-04   6.479099e-05
  3.908510e+00   3.445943e-04   6.480402e-05
  3.913215e+00   3.394015e-04   6.478988e-05
  3.917921e+00   3.246202e-04   6.476717e-05
  3.922627e+00   3.401541e-04   6.479900e-05
  3.927332e+00   3.540136e-04   6.478210e-05
  3.932038e+00   3.619351e-04   6.481205e-05
  3.936744e+00   3.772357e-04   6.487224e-05
  3.941449e+00   3.820646e-04   6.488026e-05
  3.946154e+00   3.653700e-04   6.484879e-05
  3.950860e+00   3.769986e-04   6.488074e-05
  3.955565e+00   4.131123e-04   6.492249e-05
  3.960270e+00   4.384389e-04   6.492488e-05
  3.964976e+00   4.336138e-04   6.494463e-05
  3.969681e+00   3.931526e-04   6.493960e-05
  3.974386e+00   3.445295e-04   6.491695e-05
  3.979091e+00   3.444369e-04   6.492376e-05
  3.983796e+00   3.953745e-04   6.494834e-05
  3.988501e+00   4.134256e-04   6.496275e-05
  3.993206e+00   3.906049e-04   6.500746e-05
  3.997910e+00   3.601969e-04   6.497985e-05
  4.002615e+00   3.654853e-04   6.497132e-05
parent: half.dat
creator: datregrid
creator-version: v0.3 (r4547)
datregrid-operation: scale 10
