Sample description: primus/qt temporary file
Sample: primus/qt tempo  c= 6.0000 mg/ml  Code: tmp
Parent(s): C:/Users/PC-BIO3/AppData/Local/Temp/qt_temp.Hp3196 C:/Users/PC-BIO3/A
 3.642830e-002  4.907490e+001  2.832613e+000
 4.110700e-002  4.908659e+001  1.020263e+000
 4.578570e-002  4.905413e+001  6.511207e-001
 5.046430e-002  4.842239e+001  4.961714e-001
 5.514300e-002  4.790753e+001  4.180246e-001
 5.982170e-002  4.841840e+001  3.711181e-001
 6.450040e-002  4.840522e+001  3.405915e-001
 6.917910e-002  4.861958e+001  3.167563e-001
 7.385780e-002  4.805681e+001  2.951858e-001
 7.853650e-002  4.790164e+001  2.770641e-001
 8.321520e-002  4.788797e+001  2.631512e-001
 8.789390e-002  4.785949e+001  2.518409e-001
 9.257260e-002  4.765486e+001  2.416946e-001
 9.725130e-002  4.745683e+001  2.325568e-001
 1.019300e-001  4.734619e+001  2.248354e-001
 1.066090e-001  4.737620e+001  2.184294e-001
 1.112870e-001  4.735883e+001  2.126043e-001
 1.159660e-001  4.707060e+001  2.063415e-001
 1.206450e-001  4.707081e+001  2.013471e-001
 1.253230e-001  4.715857e+001  1.969051e-001
 1.300020e-001  4.708747e+001  1.927226e-001
 1.346810e-001  4.676956e+001  1.883000e-001
 1.393590e-001  4.659185e+001  1.844007e-001
 1.440380e-001  4.650546e+001  1.809279e-001
 1.487170e-001  4.610494e+001  1.772310e-001
 1.533960e-001  4.600868e+001  1.738711e-001
 1.580740e-001  4.601170e+001  1.706923e-001
 1.627530e-001  4.583172e+001  1.676740e-001
 1.674320e-001  4.556173e+001  1.647420e-001
 1.721100e-001  4.533102e+001  1.619944e-001
 1.767890e-001  4.515600e+001  1.592469e-001
 1.814680e-001  4.496295e+001  1.567278e-001
 1.861460e-001  4.477584e+001  1.542611e-001
 1.908250e-001  4.470896e+001  1.521206e-001
 1.955040e-001  4.450489e+001  1.498291e-001
 2.001830e-001  4.415684e+001  1.474519e-001
 2.048610e-001  4.406024e+001  1.456582e-001
 2.095400e-001  4.397488e+001  1.439358e-001
 2.142190e-001  4.348627e+001  1.416715e-001
 2.188970e-001  4.307396e+001  1.393722e-001
 2.235760e-001  4.302975e+001  1.377469e-001
 2.282550e-001  4.284392e+001  1.360444e-001
 2.329330e-001  4.270898e+001  1.343807e-001
 2.376120e-001  4.236277e+001  1.324379e-001
 2.422910e-001  4.207470e+001  1.307099e-001
 2.469690e-001  4.186869e+001  1.291595e-001
 2.516480e-001  4.172993e+001  1.278178e-001
 2.563270e-001  4.159008e+001  1.263238e-001
 2.610060e-001  4.118652e+001  1.335493e-001
 2.656840e-001  4.093483e+001  7.602843e-002
 2.703630e-001  4.072430e+001  7.359004e-002
 2.750410e-001  4.055592e+001  7.278370e-002
 2.797200e-001  4.033122e+001  7.193033e-002
 2.843990e-001  4.002508e+001  7.113640e-002
 2.890780e-001  3.983335e+001  7.047631e-002
 2.937560e-001  3.958086e+001  6.967630e-002
 2.984350e-001  3.939513e+001  6.889719e-002
 3.031140e-001  3.919610e+001  6.866980e-002
 3.077920e-001  3.891477e+001  6.927116e-002
 3.124710e-001  3.870727e+001  6.956562e-002
 3.171500e-001  3.842477e+001  6.950239e-002
 3.218280e-001  3.800711e+001  6.922335e-002
 3.265070e-001  3.772250e+001  6.905278e-002
 3.311860e-001  3.751623e+001  6.886264e-002
 3.358650e-001  3.723761e+001  6.857932e-002
 3.405430e-001  3.699958e+001  6.825222e-002
 3.452220e-001  3.673884e+001  6.792744e-002
 3.499010e-001  3.645545e+001  6.758845e-002
 3.545790e-001  3.614614e+001  6.717875e-002
 3.592580e-001  3.593732e+001  6.686826e-002
 3.639370e-001  3.576317e+001  6.707138e-002
 3.686150e-001  3.549118e+001  6.817588e-002
 3.732940e-001  3.511769e+001  6.880122e-002
 3.779730e-001  3.485975e+001  6.925857e-002
 3.826510e-001  3.464767e+001  6.961545e-002
 3.873300e-001  3.430183e+001  6.977265e-002
 3.920090e-001  3.391876e+001  6.976605e-002
 3.966880e-001  3.365440e+001  6.972253e-002
 4.013660e-001  3.335984e+001  6.965132e-002
 4.060450e-001  3.306224e+001  6.966616e-002
 4.107240e-001  3.277555e+001  6.957385e-002
 4.154020e-001  3.247924e+001  6.943446e-002
 4.200810e-001  3.220394e+001  6.927493e-002
 4.247600e-001  3.203529e+001  6.930009e-002
 4.294380e-001  3.172121e+001  6.931473e-002
 4.341170e-001  3.150357e+001  6.965201e-002
 4.387960e-001  3.124636e+001  7.126093e-002
 4.434740e-001  3.098742e+001  7.304093e-002
 4.481530e-001  3.072701e+001  7.435833e-002
 4.528320e-001  3.051023e+001  7.550824e-002
 4.575100e-001  3.016990e+001  7.634307e-002
 4.621890e-001  2.981367e+001  7.693154e-002
 4.668680e-001  2.953429e+001  7.743537e-002
 4.715470e-001  2.923532e+001  7.794681e-002
 4.762250e-001  2.895018e+001  7.835276e-002
 4.809040e-001  2.871522e+001  7.881550e-002
 4.855830e-001  2.838609e+001  7.915759e-002
 4.902610e-001  2.802612e+001  7.941564e-002
 4.949400e-001  2.785265e+001  7.983436e-002
 4.996190e-001  2.765504e+001  8.376088e-002
 5.042970e-001  2.759816e+001  1.931553e-001
 5.089760e-001  2.715608e+001  8.266466e-002
 5.136550e-001  2.682432e+001  8.097337e-002
 5.183340e-001  2.657270e+001  7.976330e-002
 5.230120e-001  2.636408e+001  7.870855e-002
 5.276910e-001  2.606481e+001  7.777140e-002
 5.323700e-001  2.567267e+001  7.680031e-002
 5.370480e-001  2.538739e+001  7.597312e-002
 5.417270e-001  2.512799e+001  7.517060e-002
 5.464060e-001  2.479371e+001  7.440541e-002
 5.510840e-001  2.454586e+001  7.376096e-002
 5.557630e-001  2.428553e+001  7.308689e-002
 5.604420e-001  2.404902e+001  7.244891e-002
 5.651200e-001  2.373909e+001  7.177256e-002
 5.697990e-001  2.342152e+001  7.101717e-002
 5.744780e-001  2.317866e+001  7.025806e-002
 5.791560e-001  2.286185e+001  6.941471e-002
 5.838350e-001  2.260191e+001  6.870908e-002
 5.885140e-001  2.238353e+001  6.796529e-002
 5.931930e-001  2.216130e+001  6.721667e-002
 5.978710e-001  2.190635e+001  6.644749e-002
 6.025500e-001  2.161011e+001  6.564178e-002
 6.072290e-001  2.141887e+001  6.508650e-002
 6.119070e-001  2.112588e+001  6.434245e-002
 6.165860e-001  2.088246e+001  6.368538e-002
 6.212650e-001  2.064071e+001  6.311869e-002
 6.259430e-001  2.038723e+001  6.265607e-002
 6.306220e-001  2.010265e+001  6.218932e-002
 6.353010e-001  1.986366e+001  6.173115e-002
 6.399790e-001  1.966895e+001  6.130744e-002
 6.446580e-001  1.947145e+001  6.092200e-002
 6.493370e-001  1.920811e+001  6.048587e-002
 6.540150e-001  1.892747e+001  5.998628e-002
 6.586940e-001  1.868348e+001  5.956033e-002
 6.633730e-001  1.850341e+001  5.918319e-002
 6.680520e-001  1.824687e+001  5.878158e-002
 6.727300e-001  1.800148e+001  5.833491e-002
 6.774090e-001  1.778960e+001  5.792510e-002
 6.820880e-001  1.752692e+001  5.749157e-002
 6.867660e-001  1.736548e+001  5.713592e-002
 6.914450e-001  1.711291e+001  5.668336e-002
 6.961240e-001  1.688985e+001  5.632904e-002
 7.008020e-001  1.675688e+001  5.599258e-002
 7.054810e-001  1.656938e+001  5.563192e-002
 7.101600e-001  1.631559e+001  5.523212e-002
 7.148390e-001  1.607015e+001  5.483188e-002
 7.195170e-001  1.587756e+001  5.441356e-002
 7.241960e-001  1.571538e+001  5.404284e-002
 7.288750e-001  1.551063e+001  5.370767e-002
 7.335530e-001  1.528577e+001  5.332998e-002
 7.382320e-001  1.504339e+001  5.290535e-002
 7.429110e-001  1.489217e+001  5.255792e-002
 7.475890e-001  1.473124e+001  5.226582e-002
 7.522680e-001  1.448209e+001  5.187062e-002
 7.569470e-001  1.427345e+001  5.148826e-002
 7.616250e-001  1.407702e+001  5.109888e-002
 7.663040e-001  1.394706e+001  5.081848e-002
 7.709830e-001  1.371836e+001  5.041580e-002
 7.756620e-001  1.351169e+001  5.006309e-002
 7.803400e-001  1.334243e+001  4.973799e-002
 7.850190e-001  1.312052e+001  4.935493e-002
 7.896980e-001  1.298682e+001  4.904798e-002
 7.943760e-001  1.282999e+001  4.872808e-002
 7.990550e-001  1.266165e+001  4.837655e-002
 8.037340e-001  1.250709e+001  4.806878e-002
 8.084120e-001  1.230827e+001  4.775398e-002
 8.130910e-001  1.217287e+001  4.747841e-002
 8.177700e-001  1.197564e+001  4.713638e-002
 8.224480e-001  1.182976e+001  4.682330e-002
 8.271270e-001  1.169654e+001  4.652736e-002
 8.318060e-001  1.149156e+001  4.618783e-002
 8.364840e-001  1.132771e+001  4.585190e-002
 8.411630e-001  1.113877e+001  4.549917e-002
 8.458420e-001  1.099959e+001  4.521542e-002
 8.505210e-001  1.083376e+001  4.495615e-002
 8.551990e-001  1.068534e+001  4.467555e-002
 8.598780e-001  1.054079e+001  4.441800e-002
 8.645570e-001  1.039890e+001  4.408445e-002
 8.692350e-001  1.026252e+001  4.381578e-002
 8.739140e-001  1.009693e+001  4.353062e-002
 8.785930e-001  9.937539e+000  4.323228e-002
 8.832710e-001  9.768502e+000  4.289660e-002
 8.879500e-001  9.708626e+000  4.270443e-002
 8.926290e-001  9.596640e+000  4.247981e-002
 8.973070e-001  9.452529e+000  4.219903e-002
 9.019860e-001  9.344612e+000  4.194477e-002
 9.066650e-001  9.164155e+000  4.164255e-002
 9.113430e-001  9.053451e+000  4.138857e-002
 9.160220e-001  8.963243e+000  4.116178e-002
 9.207010e-001  8.809935e+000  4.090373e-002
 9.253800e-001  8.663733e+000  4.060749e-002
 9.300580e-001  8.512094e+000  4.028470e-002
 9.347370e-001  8.362257e+000  4.003774e-002
 9.394160e-001  8.234150e+000  3.981457e-002
 9.440940e-001  8.153657e+000  3.961343e-002
 9.487730e-001  8.019303e+000  3.933389e-002
 9.534520e-001  7.894369e+000  3.907015e-002
 9.581300e-001  7.836033e+000  3.890257e-002
 9.628090e-001  7.717172e+000  3.863353e-002
 9.674880e-001  7.607148e+000  3.840181e-002
 9.721670e-001  7.485599e+000  3.816099e-002
 9.768450e-001  7.384344e+000  3.794613e-002
 9.815240e-001  7.284583e+000  3.772724e-002
 9.862030e-001  7.158807e+000  3.751061e-002
 9.908810e-001  7.099019e+000  3.735867e-002
 9.955600e-001  6.963873e+000  3.709276e-002
 1.000240e+000  6.863226e+000  3.685659e-002
 1.004920e+000  6.732494e+000  3.658490e-002
 1.009600e+000  6.553257e+000  3.627405e-002
 1.014280e+000  6.463784e+000  3.611438e-002
 1.018950e+000  6.392278e+000  3.588301e-002
 1.023630e+000  6.333322e+000  3.574443e-002
 1.028310e+000  6.261811e+000  3.557784e-002
 1.032990e+000  6.168383e+000  3.536541e-002
 1.037670e+000  6.072760e+000  3.515148e-002
 1.042350e+000  5.937789e+000  3.491660e-002
 1.047030e+000  5.881496e+000  3.481697e-002
 1.051700e+000  5.795005e+000  3.455141e-002
 1.056380e+000  5.679747e+000  3.435592e-002
 1.061060e+000  5.566775e+000  3.417529e-002
 1.065740e+000  5.532933e+000  3.402497e-002
 1.070420e+000  5.482942e+000  3.386041e-002
 1.075100e+000  5.423227e+000  3.367274e-002
 1.079780e+000  5.273709e+000  3.348210e-002
 1.084450e+000  5.180049e+000  3.322421e-002
 1.089130e+000  5.118535e+000  3.305993e-002
 1.093810e+000  5.023000e+000  3.286343e-002
 1.098490e+000  4.972841e+000  3.274969e-002
 1.103170e+000  4.919167e+000  3.260095e-002
 1.107850e+000  4.836473e+000  3.241178e-002
 1.112530e+000  4.720306e+000  3.220755e-002
 1.117210e+000  4.645208e+000  3.198935e-002
 1.121890e+000  4.594781e+000  3.190735e-002
 1.126560e+000  4.535729e+000  3.170828e-002
 1.131240e+000  4.465243e+000  3.156254e-002
 1.135920e+000  4.381495e+000  3.140954e-002
 1.140600e+000  4.322658e+000  3.127593e-002
 1.145280e+000  4.289128e+000  3.115070e-002
 1.149960e+000  4.183606e+000  3.090433e-002
 1.154640e+000  4.129362e+000  3.080285e-002
 1.159310e+000  4.095573e+000  3.066495e-002
 1.163990e+000  4.065988e+000  3.056908e-002
 1.168670e+000  4.014119e+000  3.043880e-002
 1.173350e+000  3.908390e+000  3.023500e-002
 1.178030e+000  3.829721e+000  3.008588e-002
 1.182710e+000  3.756893e+000  2.990954e-002
 1.187390e+000  3.722563e+000  2.982121e-002
 1.192060e+000  3.666395e+000  2.966181e-002
 1.196740e+000  3.599057e+000  2.952837e-002
 1.201420e+000  3.520171e+000  2.936554e-002
 1.206100e+000  3.474795e+000  2.924108e-002
 1.210780e+000  3.428842e+000  2.911926e-002
 1.215460e+000  3.378846e+000  2.900080e-002
 1.220140e+000  3.354857e+000  2.888594e-002
 1.224820e+000  3.306719e+000  2.872798e-002
 1.229500e+000  3.269361e+000  2.867245e-002
 1.234170e+000  3.200361e+000  2.851590e-002
 1.238850e+000  3.185542e+000  2.856034e-002
 1.243530e+000  3.134118e+000  2.912875e-002
 1.248210e+000  3.052021e+000  2.969610e-002
 1.252890e+000  3.022188e+000  3.012918e-002
 1.257570e+000  2.977661e+000  3.041498e-002
 1.262250e+000  2.930873e+000  3.071508e-002
 1.266920e+000  2.898387e+000  3.091044e-002
 1.271600e+000  2.860616e+000  3.112764e-002
 1.276280e+000  2.803995e+000  3.126081e-002
 1.280960e+000  2.725251e+000  3.143394e-002
 1.285640e+000  2.699468e+000  3.161582e-002
 1.290320e+000  2.663494e+000  3.172601e-002
 1.295000e+000  2.639230e+000  3.188438e-002
 1.299670e+000  2.613399e+000  3.190327e-002
 1.304350e+000  2.563978e+000  3.175707e-002
 1.309030e+000  2.530416e+000  3.072825e-002
 1.313710e+000  2.498625e+000  2.983761e-002
 1.318390e+000  2.450014e+000  2.928328e-002
 1.323070e+000  2.388857e+000  2.877748e-002
 1.327750e+000  2.354848e+000  2.833252e-002
 1.332430e+000  2.363042e+000  2.812205e-002
 1.337100e+000  2.301899e+000  2.777671e-002
 1.341780e+000  2.243246e+000  2.748128e-002
 1.346460e+000  2.192983e+000  2.718438e-002
 1.351140e+000  2.183324e+000  2.696616e-002
 1.355820e+000  2.162519e+000  2.679444e-002
 1.360500e+000  2.138688e+000  2.665303e-002
 1.365180e+000  2.111341e+000  2.650790e-002
 1.369860e+000  2.071928e+000  2.643944e-002
 1.374530e+000  2.034587e+000  2.628242e-002
 1.379210e+000  2.015161e+000  2.619600e-002
 1.383890e+000  1.972850e+000  2.604228e-002
 1.388570e+000  1.929205e+000  2.589350e-002
 1.393250e+000  1.918868e+000  2.580870e-002
 1.397930e+000  1.880841e+000  2.567871e-002
 1.402610e+000  1.849520e+000  2.562701e-002
 1.407280e+000  1.810591e+000  2.548836e-002
 1.411960e+000  1.808040e+000  2.543753e-002
 1.416640e+000  1.793651e+000  2.537667e-002
 1.421320e+000  1.763562e+000  2.527624e-002
 1.426000e+000  1.745545e+000  2.521354e-002
 1.430680e+000  1.707238e+000  2.506805e-002
 1.435360e+000  1.677890e+000  2.499060e-002
 1.440040e+000  1.639075e+000  2.492095e-002
 1.444710e+000  1.616956e+000  2.479452e-002
 1.449390e+000  1.609485e+000  2.473866e-002
 1.454070e+000  1.593576e+000  2.467910e-002
 1.458750e+000  1.602663e+000  2.466620e-002
 1.463430e+000  1.571986e+000  2.457392e-002
 1.468110e+000  1.531413e+000  2.444624e-002
 1.472790e+000  1.510198e+000  2.436711e-002
 1.477470e+000  1.480883e+000  2.431282e-002
 1.482140e+000  1.490374e+000  2.438625e-002
 1.486820e+000  1.465303e+000  2.490892e-002
 1.491500e+000  1.451115e+000  2.548677e-002
 1.496180e+000  1.414704e+000  2.580365e-002
 1.500860e+000  1.391970e+000  2.608020e-002
 1.505540e+000  1.398308e+000  2.635358e-002
 1.510220e+000  1.362758e+000  2.632591e-002
 1.514900e+000  1.321216e+000  2.569342e-002
 1.519570e+000  1.321223e+000  2.514527e-002
 1.524250e+000  1.316092e+000  2.479667e-002
 1.528930e+000  1.279835e+000  2.448794e-002
 1.533610e+000  1.253042e+000  2.422176e-002
 1.538290e+000  1.244291e+000  2.405422e-002
 1.542970e+000  1.263680e+000  2.391140e-002
 1.547650e+000  1.235756e+000  2.377711e-002
 1.552320e+000  1.197091e+000  2.359134e-002
 1.557000e+000  1.191730e+000  2.349570e-002
 1.561680e+000  1.185960e+000  2.332685e-002
 1.566360e+000  1.167850e+000  2.318279e-002
 1.571040e+000  1.140453e+000  2.309518e-002
 1.575720e+000  1.110346e+000  2.306363e-002
 1.580400e+000  1.099925e+000  2.303428e-002
 1.585080e+000  1.099881e+000  2.306376e-002
 1.589750e+000  1.084021e+000  2.301204e-002
 1.594430e+000  1.071856e+000  2.298682e-002
 1.599110e+000  1.052565e+000  2.293396e-002
 1.603790e+000  1.039038e+000  2.285911e-002
 1.608470e+000  1.022088e+000  2.284364e-002
 1.613150e+000  1.023584e+000  2.279179e-002
 1.617830e+000  1.016371e+000  2.272408e-002
 1.622510e+000  9.839028e-001  2.267952e-002
 1.627180e+000  9.697046e-001  2.257189e-002
 1.631860e+000  9.861680e-001  2.256862e-002
 1.636540e+000  9.524436e-001  2.250944e-002
 1.641220e+000  9.265071e-001  2.246360e-002
 1.645900e+000  9.476023e-001  2.239072e-002
 1.650580e+000  9.594272e-001  2.238975e-002
 1.655250e+000  9.645741e-001  2.232536e-002
 1.659930e+000  9.286412e-001  2.227190e-002
 1.664610e+000  9.130750e-001  2.219123e-002
 1.669290e+000  9.019389e-001  2.214307e-002
 1.673970e+000  8.887859e-001  2.208940e-002
 1.678650e+000  8.744948e-001  2.204870e-002
 1.683330e+000  8.690418e-001  2.198665e-002
 1.688010e+000  8.795724e-001  2.200284e-002
 1.692680e+000  8.677855e-001  2.190837e-002
 1.697360e+000  8.297194e-001  2.183961e-002
 1.702040e+000  8.136296e-001  2.179765e-002
 1.706720e+000  8.230564e-001  2.176846e-002
 1.711400e+000  8.246700e-001  2.171824e-002
 1.716080e+000  7.987973e-001  2.166715e-002
 1.720760e+000  8.004050e-001  2.164934e-002
 1.725440e+000  8.041610e-001  2.166123e-002
 1.730110e+000  7.975445e-001  2.158047e-002
 1.734790e+000  7.647644e-001  2.150944e-002
 1.739470e+000  7.567613e-001  2.148350e-002
 1.744150e+000  7.645349e-001  2.146833e-002
 1.748830e+000  7.513409e-001  2.140407e-002
 1.753510e+000  7.264266e-001  2.133464e-002
 1.758190e+000  7.126394e-001  2.130805e-002
 1.762860e+000  7.495830e-001  2.125256e-002
 1.767540e+000  7.360188e-001  2.120933e-002
 1.772220e+000  7.411204e-001  2.121333e-002
 1.776900e+000  7.248196e-001  2.116249e-002
 1.781580e+000  7.030419e-001  2.111512e-002
 1.786260e+000  7.074877e-001  2.108765e-002
 1.790940e+000  7.044546e-001  2.104152e-002
 1.795620e+000  6.786876e-001  2.101845e-002
 1.800290e+000  6.697830e-001  2.092863e-002
 1.804970e+000  6.963801e-001  2.094151e-002
 1.809650e+000  6.828515e-001  2.090910e-002
 1.814330e+000  6.655272e-001  2.085066e-002
 1.819010e+000  6.594931e-001  2.080306e-002
 1.823690e+000  6.452737e-001  2.078407e-002
 1.828370e+000  6.460730e-001  2.075916e-002
 1.833050e+000  6.385968e-001  2.072367e-002
 1.837720e+000  6.474114e-001  2.063905e-002
 1.842400e+000  6.468354e-001  2.065473e-002
 1.847080e+000  6.340606e-001  2.063427e-002
 1.851760e+000  6.347213e-001  2.058023e-002
 1.856440e+000  6.084260e-001  2.051462e-002
 1.861120e+000  6.253217e-001  2.051959e-002
 1.865800e+000  6.272560e-001  2.049475e-002
 1.870480e+000  6.111636e-001  2.049027e-002
 1.875150e+000  6.005570e-001  2.040609e-002
 1.879830e+000  5.957678e-001  2.037363e-002
 1.884510e+000  6.015229e-001  2.036809e-002
 1.889190e+000  5.780082e-001  2.033764e-002
 1.893870e+000  5.904783e-001  2.031565e-002
 1.898550e+000  5.942726e-001  2.027997e-002
 1.903230e+000  5.706236e-001  2.025397e-002
 1.907900e+000  5.722172e-001  2.016930e-002
 1.912580e+000  5.839316e-001  2.017566e-002
 1.917260e+000  5.604232e-001  2.013416e-002
 1.921940e+000  5.310640e-001  2.010904e-002
 1.926620e+000  5.508987e-001  2.009539e-002
 1.931300e+000  5.720466e-001  2.007718e-002
 1.935980e+000  5.759378e-001  2.003734e-002
 1.940660e+000  5.739924e-001  2.001732e-002
 1.945330e+000  5.692210e-001  1.993018e-002
 1.950010e+000  5.385015e-001  1.986551e-002
 1.954690e+000  5.268522e-001  1.982082e-002
 1.959370e+000  5.245273e-001  1.976932e-002
 1.964050e+000  5.386107e-001  1.975470e-002
 1.968730e+000  5.366380e-001  1.974173e-002
 1.973410e+000  5.317854e-001  1.968524e-002
 1.978090e+000  5.172780e-001  1.965436e-002
 1.982760e+000  5.106300e-001  1.961141e-002
 1.987440e+000  5.351830e-001  1.964573e-002
 1.992120e+000  5.189603e-001  1.968226e-002
 1.996800e+000  5.061641e-001  1.966848e-002
 2.001480e+000  5.048055e-001  1.962598e-002
 2.006160e+000  4.802178e-001  1.958345e-002
 2.010840e+000  4.886136e-001  1.955714e-002
 2.015520e+000  5.070449e-001  1.957150e-002
 2.020190e+000  5.052007e-001  1.949432e-002
 2.024870e+000  4.945471e-001  1.945491e-002
 2.029550e+000  4.887809e-001  1.944240e-002
 2.034230e+000  4.633153e-001  1.941842e-002
 2.038910e+000  4.664457e-001  1.938516e-002
 2.043590e+000  4.881178e-001  1.950205e-002
 2.048260e+000  4.803828e-001  1.986055e-002
 2.052940e+000  4.800142e-001  2.028676e-002
 2.057620e+000  4.887497e-001  2.058372e-002
 2.062300e+000  4.848723e-001  2.080595e-002
 2.066980e+000  4.614524e-001  2.099438e-002
 2.071660e+000  4.402775e-001  2.114020e-002
 2.076340e+000  4.513684e-001  2.129400e-002
 2.081020e+000  4.763778e-001  2.146155e-002
 2.085690e+000  4.851318e-001  2.152170e-002
 2.090370e+000  4.810236e-001  2.156080e-002
 2.095050e+000  4.504530e-001  2.160987e-002
 2.099730e+000  4.775323e-001  2.166929e-002
 2.104410e+000  4.716296e-001  2.169683e-002
 2.109090e+000  4.550486e-001  2.161686e-002
 2.113770e+000  4.511173e-001  2.107114e-002
 2.118450e+000  4.334231e-001  2.063423e-002
 2.123120e+000  4.246379e-001  2.027983e-002
 2.127800e+000  4.255228e-001  2.003810e-002
 2.132480e+000  4.232954e-001  1.987742e-002
 2.137160e+000  4.107224e-001  1.970868e-002
 2.141840e+000  4.225217e-001  1.959501e-002
 2.146520e+000  4.366818e-001  1.952541e-002
 2.151200e+000  4.116488e-001  1.950320e-002
 2.155870e+000  4.232657e-001  1.946500e-002
 2.160550e+000  4.269008e-001  1.942955e-002
 2.165230e+000  4.291839e-001  1.937973e-002
 2.169910e+000  4.042164e-001  1.929817e-002
 2.174590e+000  4.070217e-001  1.925270e-002
 2.179270e+000  4.123436e-001  1.923064e-002
 2.183950e+000  4.106292e-001  1.918622e-002
 2.188630e+000  4.247093e-001  1.915576e-002
 2.193310e+000  4.012989e-001  1.912446e-002
 2.197980e+000  3.830638e-001  1.903177e-002
 2.202660e+000  3.808749e-001  1.901239e-002
 2.207340e+000  3.762093e-001  1.899856e-002
 2.212020e+000  3.855885e-001  1.898399e-002
 2.216700e+000  4.017638e-001  1.897155e-002
 2.221380e+000  3.917368e-001  1.893572e-002
 2.226060e+000  3.911165e-001  1.892248e-002
 2.230730e+000  3.751310e-001  1.882828e-002
 2.235410e+000  3.653286e-001  1.881877e-002
 2.240090e+000  3.740001e-001  1.879403e-002
 2.244770e+000  3.874396e-001  1.878471e-002
 2.249450e+000  3.930056e-001  1.877660e-002
 2.254130e+000  3.856764e-001  1.873473e-002
 2.258810e+000  3.743042e-001  1.869145e-002
 2.263490e+000  3.614820e-001  1.868432e-002
 2.268160e+000  3.465755e-001  1.859235e-002
 2.272840e+000  3.545382e-001  1.859406e-002
 2.277520e+000  3.677082e-001  1.860888e-002
 2.282200e+000  3.719888e-001  1.855729e-002
 2.286880e+000  3.721827e-001  1.852385e-002
 2.291560e+000  3.774970e-001  1.851735e-002
 2.296240e+000  3.783174e-001  1.853731e-002
 2.300910e+000  3.751878e-001  1.846220e-002
 2.305590e+000  3.482314e-001  1.842422e-002
 2.310270e+000  3.327065e-001  1.838675e-002
 2.314950e+000  3.319804e-001  1.834508e-002
 2.319630e+000  3.453788e-001  1.833926e-002
 2.324310e+000  3.593457e-001  1.835056e-002
 2.328990e+000  3.463089e-001  1.829498e-002
 2.333670e+000  3.262293e-001  1.829073e-002
 2.338340e+000  3.546026e-001  1.826560e-002
 2.343020e+000  3.545591e-001  1.825233e-002
 2.347700e+000  3.492333e-001  1.820993e-002
 2.352380e+000  3.518798e-001  1.817716e-002
 2.357060e+000  3.537387e-001  1.816915e-002
 2.361740e+000  3.528540e-001  1.813652e-002
 2.366420e+000  3.421232e-001  1.815247e-002
 2.371090e+000  3.457337e-001  1.807457e-002
 2.375770e+000  3.520682e-001  1.805207e-002
 2.380450e+000  3.361176e-001  1.803646e-002
 2.385130e+000  3.448800e-001  1.803987e-002
 2.389810e+000  3.252108e-001  1.799577e-002
 2.394490e+000  3.270436e-001  1.797989e-002
 2.399170e+000  3.321107e-001  1.797233e-002
 2.403850e+000  3.126294e-001  1.788785e-002
 2.408530e+000  3.027421e-001  1.790816e-002
 2.413200e+000  3.126113e-001  1.786758e-002
 2.417880e+000  3.470042e-001  1.789611e-002
 2.422560e+000  3.339441e-001  1.788592e-002
 2.427240e+000  2.968419e-001  1.782398e-002
 2.431920e+000  3.072369e-001  1.782513e-002
 2.436600e+000  3.038296e-001  1.777866e-002
 2.441280e+000  3.027466e-001  1.777014e-002
 2.445950e+000  3.190730e-001  1.773529e-002
 2.450630e+000  3.233887e-001  1.773190e-002
 2.455310e+000  3.238199e-001  1.773674e-002
 2.459990e+000  3.412725e-001  1.775295e-002
 2.464670e+000  3.286231e-001  1.770503e-002
 2.469350e+000  3.136281e-001  1.764323e-002
 2.474030e+000  2.943829e-001  1.758701e-002
 2.478710e+000  3.009460e-001  1.761517e-002
 2.483380e+000  3.240404e-001  1.759930e-002
 2.488060e+000  2.983873e-001  1.757095e-002
 2.492740e+000  3.066865e-001  1.755769e-002
 2.497420e+000  3.268252e-001  1.753006e-002
 2.502100e+000  3.131486e-001  1.751444e-002
 2.506780e+000  3.109874e-001  1.748081e-002
 2.511460e+000  3.094412e-001  1.749630e-002
 2.516130e+000  2.849409e-001  1.744024e-002
 2.520810e+000  2.964712e-001  1.743640e-002
 2.525490e+000  2.983839e-001  1.739928e-002
 2.530170e+000  2.999918e-001  1.735863e-002
 2.534850e+000  2.863898e-001  1.732897e-002
 2.539530e+000  2.761325e-001  1.728123e-002
 2.544210e+000  2.744000e-001  1.728059e-002
 2.548880e+000  2.700289e-001  1.722095e-002
 2.553560e+000  2.706538e-001  1.720996e-002
 2.558240e+000  2.758569e-001  1.720524e-002
 2.562920e+000  2.803235e-001  1.719267e-002
 2.567600e+000  2.713750e-001  1.716030e-002
 2.572280e+000  2.756336e-001  1.713686e-002
 2.576960e+000  2.782586e-001  1.709941e-002
 2.581640e+000  2.836826e-001  1.714518e-002
 2.586310e+000  2.691730e-001  1.712899e-002
 2.590990e+000  2.786417e-001  1.714701e-002
 2.595670e+000  2.866741e-001  1.713329e-002
 2.600350e+000  2.819888e-001  1.710612e-002
 2.605030e+000  2.581804e-001  1.708654e-002
 2.609710e+000  2.486315e-001  1.706111e-002
 2.614390e+000  2.565079e-001  1.702826e-002
 2.619070e+000  2.702135e-001  1.705912e-002
 2.623740e+000  2.890894e-001  1.702764e-002
 2.628420e+000  2.899718e-001  1.702271e-002
 2.633100e+000  2.734984e-001  1.698761e-002
 2.637780e+000  2.603882e-001  1.697977e-002
 2.642460e+000  2.595531e-001  1.696520e-002
 2.647140e+000  2.467895e-001  1.691150e-002
 2.651820e+000  2.762155e-001  1.690128e-002
 2.656500e+000  2.658584e-001  1.692980e-002
 2.661170e+000  2.595539e-001  1.687927e-002
 2.665850e+000  2.477307e-001  1.686119e-002
 2.670530e+000  2.503827e-001  1.683748e-002
 2.675210e+000  2.499122e-001  1.683415e-002
 2.679890e+000  2.616374e-001  1.682156e-002
 2.684570e+000  2.619837e-001  1.678762e-002
 2.689250e+000  2.440025e-001  1.677060e-002
 2.693930e+000  2.475196e-001  1.678950e-002
 2.698600e+000  2.358801e-001  1.672883e-002
 2.703280e+000  2.577831e-001  1.673738e-002
 2.707960e+000  2.735046e-001  1.671822e-002
 2.712640e+000  2.724191e-001  1.669072e-002
 2.717320e+000  2.496835e-001  1.668194e-002
 2.722000e+000  2.250134e-001  1.663429e-002
 2.726680e+000  2.299914e-001  1.665379e-002
 2.731350e+000  2.457170e-001  1.663089e-002
 2.736030e+000  2.402988e-001  1.662285e-002
 2.740710e+000  2.447116e-001  1.659247e-002
 2.745390e+000  2.427070e-001  1.657729e-002
 2.750070e+000  2.420996e-001  1.655967e-002
 2.754750e+000  2.613325e-001  1.656006e-002
 2.759430e+000  2.606505e-001  1.658121e-002
 2.764100e+000  2.511018e-001  1.654919e-002
 2.768780e+000  2.487400e-001  1.653423e-002
 2.773460e+000  2.499578e-001  1.650707e-002
 2.778140e+000  2.564168e-001  1.649107e-002
 2.782820e+000  2.549624e-001  1.646878e-002
 2.787500e+000  2.665242e-001  1.646062e-002
 2.792180e+000  2.566678e-001  1.643022e-002
 2.796860e+000  2.494630e-001  1.644004e-002
 2.801530e+000  2.398500e-001  1.642514e-002
 2.806210e+000  2.311495e-001  1.639802e-002
 2.810890e+000  2.544204e-001  1.640889e-002
 2.815570e+000  2.663688e-001  1.641536e-002
 2.820250e+000  2.529075e-001  1.637176e-002
 2.824930e+000  2.325061e-001  1.632995e-002
 2.829610e+000  2.347498e-001  1.632084e-002
 2.834290e+000  2.442167e-001  1.634859e-002
 2.838960e+000  2.442788e-001  1.628747e-002
 2.843640e+000  2.385776e-001  1.629023e-002
 2.848320e+000  2.417899e-001  1.637797e-002
 2.853000e+000  2.424383e-001  1.671242e-002
 2.857680e+000  2.496008e-001  1.700791e-002
 2.862360e+000  2.483055e-001  1.719543e-002
 2.867040e+000  2.508082e-001  1.737505e-002
 2.871720e+000  2.588154e-001  1.754203e-002
 2.876390e+000  2.432196e-001  1.758190e-002
 2.881070e+000  2.437096e-001  1.763215e-002
 2.885750e+000  2.654683e-001  1.769380e-002
 2.890430e+000  2.563636e-001  1.774952e-002
 2.895110e+000  2.588920e-001  1.782918e-002
 2.899790e+000  2.432523e-001  1.784517e-002
 2.904470e+000  2.203349e-001  1.782586e-002
 2.909150e+000  2.370844e-001  1.790033e-002
 2.913820e+000  2.396899e-001  1.775123e-002
 2.918500e+000  2.360631e-001  1.737453e-002
 2.923180e+000  2.525229e-001  1.708859e-002
 2.927860e+000  2.610759e-001  1.688857e-002
 2.932540e+000  2.554581e-001  1.673361e-002
 2.937220e+000  2.467277e-001  1.660009e-002
 2.941900e+000  2.434479e-001  1.658262e-002
 2.946570e+000  2.432593e-001  1.651979e-002
 2.951250e+000  2.432876e-001  1.648549e-002
 2.955930e+000  2.410543e-001  1.645483e-002
 2.960610e+000  2.394485e-001  1.642481e-002
 2.965290e+000  2.500287e-001  1.641198e-002
 2.969970e+000  2.441718e-001  1.638026e-002
 2.974650e+000  2.354194e-001  1.634641e-002
 2.979320e+000  2.336737e-001  1.628492e-002
 2.984000e+000  2.330312e-001  1.626714e-002
 2.988680e+000  2.449281e-001  1.626470e-002
 2.993360e+000  2.404061e-001  1.623958e-002
 2.998040e+000  2.248653e-001  1.620885e-002
 3.002720e+000  2.538770e-001  1.621666e-002
 3.007400e+000  2.407252e-001  1.618193e-002
 3.012080e+000  2.297009e-001  1.617265e-002
 3.016750e+000  2.290236e-001  1.611670e-002
 3.021430e+000  2.395019e-001  1.611266e-002
 3.026110e+000  2.411813e-001  1.609203e-002
 3.030790e+000  2.364066e-001  1.608186e-002
 3.035470e+000  2.371190e-001  1.606168e-002
 3.040150e+000  2.333951e-001  1.600400e-002
 3.044830e+000  2.372379e-001  1.604070e-002
 3.049500e+000  2.225714e-001  1.600680e-002
 3.054180e+000  2.191552e-001  1.596365e-002
 3.058860e+000  2.316692e-001  1.593553e-002
 3.063540e+000  2.288914e-001  1.592631e-002
 3.068220e+000  2.469769e-001  1.593340e-002
 3.072900e+000  2.394527e-001  1.590755e-002
 3.077580e+000  2.320517e-001  1.587829e-002
 3.082260e+000  2.366668e-001  1.588592e-002
 3.086930e+000  2.306641e-001  1.584477e-002
 3.091610e+000  2.337437e-001  1.584904e-002
 3.096290e+000  2.389749e-001  1.582431e-002
 3.100970e+000  2.375991e-001  1.580873e-002
 3.105650e+000  2.429395e-001  1.580999e-002
 3.110330e+000  2.350070e-001  1.579572e-002
 3.115010e+000  2.267342e-001  1.575186e-002
 3.119690e+000  2.206920e-001  1.575053e-002
 3.124360e+000  2.415080e-001  1.573401e-002
 3.129040e+000  2.373334e-001  1.572974e-002
 3.133720e+000  2.165005e-001  1.571300e-002
 3.138400e+000  2.201256e-001  1.567227e-002
 3.143080e+000  2.334058e-001  1.568322e-002
 3.147760e+000  2.389078e-001  1.567043e-002
 3.152440e+000  2.398083e-001  1.564532e-002
 3.157120e+000  2.201128e-001  1.564441e-002
 3.161790e+000  2.342265e-001  1.562081e-002
 3.166470e+000  2.262812e-001  1.560818e-002
 3.171150e+000  2.284077e-001  1.560357e-002
 3.175830e+000  2.271886e-001  1.559174e-002
 3.180510e+000  2.150540e-001  1.556184e-002
 3.185190e+000  2.133915e-001  1.554264e-002
 3.189870e+000  2.103363e-001  1.550051e-002
 3.194550e+000  2.334235e-001  1.553783e-002
 3.199220e+000  2.477496e-001  1.551008e-002
 3.203900e+000  2.452107e-001  1.551734e-002
 3.208580e+000  2.405334e-001  1.549155e-002
 3.213260e+000  2.387686e-001  1.546583e-002
 3.217940e+000  2.336175e-001  1.542670e-002
 3.222620e+000  2.430567e-001  1.539092e-002
 3.227300e+000  2.341179e-001  1.541106e-002
 3.231970e+000  2.353368e-001  1.536329e-002
 3.236650e+000  2.203930e-001  1.533963e-002
 3.241330e+000  2.393945e-001  1.535704e-002
 3.246010e+000  2.493505e-001  1.534857e-002
 3.250690e+000  2.299376e-001  1.532819e-002
 3.255370e+000  2.296749e-001  1.530558e-002
 3.260050e+000  2.225359e-001  1.531934e-002
 3.264720e+000  2.205922e-001  1.528106e-002
 3.269400e+000  2.189558e-001  1.527369e-002
 3.274080e+000  2.368803e-001  1.528266e-002
 3.278760e+000  2.505407e-001  1.529452e-002
 3.283440e+000  2.520492e-001  1.529653e-002
 3.288120e+000  2.358611e-001  1.528014e-002
 3.292800e+000  2.333155e-001  1.526507e-002
 3.297480e+000  2.204836e-001  1.524928e-002
 3.302150e+000  2.129451e-001  1.520068e-002
 3.306830e+000  2.298183e-001  1.520948e-002
 3.311510e+000  2.322577e-001  1.519700e-002
 3.316190e+000  2.336555e-001  1.519557e-002
 3.320870e+000  2.300769e-001  1.518544e-002
 3.325550e+000  2.293292e-001  1.517381e-002
 3.330230e+000  2.347492e-001  1.517504e-002
 3.334910e+000  2.282969e-001  1.518566e-002
 3.339580e+000  2.245834e-001  1.513867e-002
 3.344260e+000  2.383760e-001  1.512712e-002
 3.348940e+000  2.429338e-001  1.511003e-002
 3.353620e+000  2.371338e-001  1.514132e-002
 3.358300e+000  2.335000e-001  1.533498e-002
 3.362980e+000  2.256466e-001  1.562465e-002
 3.367660e+000  2.211332e-001  1.579614e-002
 3.372340e+000  2.230185e-001  1.595433e-002
 3.377010e+000  2.280077e-001  1.600942e-002
 3.381690e+000  2.361410e-001  1.605735e-002
 3.386370e+000  2.426805e-001  1.606763e-002
 3.391050e+000  2.408259e-001  1.606278e-002
 3.395730e+000  2.324720e-001  1.605910e-002
 3.400410e+000  2.253143e-001  1.609754e-002
 3.405090e+000  2.216453e-001  1.612099e-002
 3.409770e+000  2.271675e-001  1.618602e-002
 3.414440e+000  2.200788e-001  1.617213e-002
 3.419120e+000  2.166800e-001  1.620239e-002
 3.423800e+000  2.332032e-001  1.626217e-002
 3.428480e+000  2.415751e-001  1.630168e-002
 3.433160e+000  2.334798e-001  1.629672e-002
 3.437840e+000  2.365158e-001  1.634038e-002
 3.442520e+000  2.366824e-001  1.640497e-002
 3.447190e+000  2.396885e-001  1.639441e-002
 3.451870e+000  2.308022e-001  1.644566e-002
 3.456550e+000  2.186269e-001  1.643197e-002
 3.461230e+000  2.123771e-001  1.643361e-002
 3.465910e+000  2.180591e-001  1.647217e-002
 3.470590e+000  2.187705e-001  1.648645e-002
 3.475270e+000  2.131571e-001  1.651052e-002
 3.479940e+000  2.396726e-001  1.650620e-002
 3.484620e+000  2.372310e-001  1.653604e-002
 3.489300e+000  2.272285e-001  1.655180e-002
 3.493980e+000  2.271522e-001  1.654904e-002
 3.498660e+000  2.216693e-001  1.656283e-002
 3.503340e+000  2.296030e-001  1.659874e-002
 3.508020e+000  2.340877e-001  1.660555e-002
 3.512700e+000  2.424460e-001  1.667328e-002
 3.517370e+000  2.427956e-001  1.666232e-002
 3.522050e+000  2.301182e-001  1.665486e-002
 3.526730e+000  2.335488e-001  1.666374e-002
 3.531410e+000  2.224370e-001  1.666558e-002
 3.536090e+000  2.299316e-001  1.669820e-002
 3.540770e+000  2.241006e-001  1.669827e-002
 3.545450e+000  2.122837e-001  1.671941e-002
 3.550120e+000  1.988042e-001  1.671191e-002
 3.554800e+000  2.226065e-001  1.674933e-002
 3.559480e+000  2.321919e-001  1.674981e-002
 3.564160e+000  2.341076e-001  1.677249e-002
 3.568840e+000  2.183417e-001  1.676764e-002
 3.573520e+000  2.305605e-001  1.679753e-002
 3.578200e+000  2.290562e-001  1.681653e-002
 3.582880e+000  2.352952e-001  1.682313e-002
 3.587560e+000  2.220936e-001  1.681804e-002
 3.592230e+000  2.279899e-001  1.679109e-002
 3.596910e+000  2.189598e-001  1.675239e-002
 3.601590e+000  2.304436e-001  1.675787e-002
 3.606270e+000  2.322686e-001  1.675940e-002
 3.610950e+000  2.240664e-001  1.676421e-002
 3.615630e+000  2.207393e-001  1.674822e-002
 3.620310e+000  2.385781e-001  1.679369e-002
 3.624980e+000  2.328079e-001  1.677846e-002
 3.629660e+000  2.615389e-001  1.680817e-002
 3.634340e+000  2.610137e-001  1.682686e-002
 3.639020e+000  2.344961e-001  1.681385e-002
 3.643700e+000  2.272853e-001  1.680831e-002
 3.648380e+000  2.195737e-001  1.687161e-002
 3.653060e+000  2.285440e-001  1.716922e-002
 3.657740e+000  2.277925e-001  1.770634e-002
 3.662410e+000  2.146513e-001  1.799653e-002
 3.667090e+000  2.065783e-001  1.826557e-002
 3.671770e+000  2.086731e-001  1.848214e-002
 3.676450e+000  2.300468e-001  1.862775e-002
 3.681130e+000  2.079214e-001  1.871560e-002
 3.685810e+000  1.965443e-001  1.878905e-002
 3.690490e+000  2.010099e-001  1.891178e-002
 3.695160e+000  2.155361e-001  1.902943e-002
 3.699840e+000  2.147564e-001  1.915127e-002
 3.704520e+000  2.284671e-001  1.926171e-002
 3.709200e+000  2.323380e-001  1.935396e-002
 3.713880e+000  2.280278e-001  1.941134e-002
 3.718560e+000  2.327008e-001  1.949831e-002
 3.723240e+000  2.259887e-001  1.957259e-002
 3.727920e+000  2.223963e-001  1.968841e-002
 3.732590e+000  2.255480e-001  1.976777e-002
 3.737270e+000  2.239755e-001  1.984279e-002
 3.741950e+000  2.002261e-001  1.992447e-002
 3.746630e+000  2.132870e-001  2.000919e-002
 3.751310e+000  2.265957e-001  2.010849e-002
 3.755990e+000  2.316600e-001  2.019446e-002
 3.760670e+000  2.259802e-001  2.030916e-002
 3.765340e+000  2.257467e-001  2.034066e-002
 3.770020e+000  2.247613e-001  2.043187e-002
 3.774700e+000  2.278771e-001  2.051354e-002
 3.779380e+000  2.103305e-001  2.057470e-002
 3.784060e+000  1.958680e-001  2.062309e-002
 3.788740e+000  2.110931e-001  2.070794e-002
 3.793420e+000  2.212588e-001  2.078338e-002
 3.798100e+000  2.344886e-001  2.084366e-002
 3.802780e+000  2.279620e-001  2.097553e-002
 3.807450e+000  2.252057e-001  2.103450e-002
 3.812130e+000  2.295428e-001  2.108356e-002
 3.816810e+000  2.189099e-001  2.116914e-002
 3.821490e+000  2.091456e-001  2.122795e-002
 3.826170e+000  2.262165e-001  2.133401e-002
 3.830850e+000  2.459632e-001  2.141227e-002
 3.835530e+000  2.374712e-001  2.153193e-002
 3.840200e+000  2.101210e-001  2.154123e-002
 3.844880e+000  2.092206e-001  2.162539e-002
 3.849560e+000  2.078258e-001  2.170938e-002
 3.854240e+000  1.955915e-001  2.177057e-002
 3.858920e+000  2.107253e-001  2.186009e-002
 3.863600e+000  2.044651e-001  2.190186e-002
 3.868280e+000  2.095903e-001  2.196132e-002
 3.872960e+000  1.792068e-001  2.205120e-002
 3.877630e+000  1.809445e-001  2.211662e-002
 3.882310e+000  1.973181e-001  2.221480e-002
 3.886990e+000  2.061691e-001  2.231218e-002
 3.891670e+000  2.042223e-001  2.239341e-002
 3.896350e+000  1.964210e-001  2.244511e-002
 3.901030e+000  2.025462e-001  2.251782e-002
 3.905710e+000  2.151548e-001  2.259479e-002
 3.910390e+000  2.197325e-001  2.272024e-002
 3.915060e+000  2.074839e-001  2.272638e-002
 3.919740e+000  2.093338e-001  2.286149e-002
 3.924420e+000  2.237859e-001  2.296297e-002
 3.929100e+000  2.065988e-001  2.300232e-002
 3.933780e+000  2.133268e-001  2.304744e-002
 3.938460e+000  2.080641e-001  2.309334e-002
 3.943130e+000  2.085906e-001  2.304352e-002
 3.947810e+000  2.134409e-001  2.299329e-002
 3.952490e+000  2.307603e-001  2.299828e-002
 3.957170e+000  2.431019e-001  2.300965e-002
 3.961850e+000  2.139484e-001  2.303267e-002
 3.966530e+000  2.076404e-001  2.313642e-002
 3.971210e+000  2.231676e-001  2.318415e-002
 3.975890e+000  2.267995e-001  2.330709e-002
 3.980560e+000  2.266319e-001  2.332324e-002
 3.985240e+000  2.299753e-001  2.341944e-002
 3.989920e+000  2.303170e-001  2.351572e-002
 3.994600e+000  2.231772e-001  2.356826e-002
 3.999280e+000  1.852008e-001  2.356391e-002
 4.003960e+000  2.042170e-001  2.370326e-002
 4.008640e+000  2.217739e-001  2.380548e-002
 4.013320e+000  2.344945e-001  2.393373e-002
 4.017990e+000  2.188986e-001  2.391271e-002
 4.022670e+000  2.043188e-001  2.399808e-002
 4.027350e+000  1.970211e-001  2.411461e-002
 4.032030e+000  2.021576e-001  2.416726e-002
 4.036710e+000  2.094789e-001  2.428067e-002
 4.041390e+000  2.064365e-001  2.435301e-002
 4.046070e+000  2.274146e-001  2.446227e-002
 4.050750e+000  2.370335e-001  2.462077e-002
 4.055420e+000  2.432993e-001  2.465455e-002
 4.060100e+000  2.394076e-001  2.473138e-002
 4.064780e+000  2.044177e-001  2.477395e-002
 4.069460e+000  2.050670e-001  2.486065e-002
 4.074140e+000  2.031679e-001  2.494033e-002
 4.078820e+000  2.059536e-001  2.501489e-002
 4.083500e+000  1.809827e-001  2.511971e-002
 4.088170e+000  1.827233e-001  2.519467e-002
 4.092850e+000  1.817619e-001  2.524410e-002
 4.097530e+000  2.002855e-001  2.534501e-002
 4.102210e+000  2.118526e-001  2.548591e-002
 4.106890e+000  2.074728e-001  2.557214e-002
 4.111570e+000  1.775254e-001  2.561246e-002
 4.116250e+000  1.806110e-001  2.567806e-002
 4.120930e+000  2.093309e-001  2.585401e-002
 4.125600e+000  2.164518e-001  2.595503e-002
 4.130280e+000  2.136097e-001  2.604895e-002
 4.134960e+000  2.133724e-001  2.614197e-002
 4.139640e+000  2.193697e-001  2.622188e-002
 4.144320e+000  1.951669e-001  2.630035e-002
 4.149000e+000  1.849777e-001  2.637524e-002
 4.153680e+000  2.121743e-001  2.649898e-002
 4.158360e+000  2.278682e-001  2.664232e-002
 4.163030e+000  2.116203e-001  2.666972e-002
 4.167710e+000  2.212720e-001  2.683065e-002
 4.172390e+000  2.102433e-001  2.698290e-002
 4.177070e+000  2.148253e-001  2.706328e-002
 4.181750e+000  2.154886e-001  2.712146e-002
 4.186430e+000  1.898828e-001  2.716632e-002
 4.191110e+000  2.119458e-001  2.735849e-002
 4.195780e+000  2.040853e-001  2.745337e-002
 4.200460e+000  2.153965e-001  2.756932e-002
 4.205140e+000  2.211187e-001  2.765346e-002
 4.209820e+000  2.301829e-001  2.770356e-002
 4.214500e+000  2.121685e-001  2.777140e-002
 4.219180e+000  2.319275e-001  2.795473e-002
 4.223860e+000  2.210277e-001  2.800548e-002
 4.228540e+000  2.209309e-001  2.824230e-002
 4.233210e+000  2.005793e-001  2.822337e-002
 4.237890e+000  2.213382e-001  2.839748e-002
 4.242570e+000  2.135898e-001  2.849797e-002
 4.247250e+000  2.019097e-001  2.857372e-002
 4.251930e+000  2.059574e-001  2.871963e-002
 4.256610e+000  2.051193e-001  2.881100e-002
 4.261290e+000  1.790161e-001  2.896922e-002
 4.265960e+000  1.703864e-001  2.899268e-002
 4.270640e+000  1.687367e-001  2.912214e-002
 4.275320e+000  1.682024e-001  2.926936e-002
 4.280000e+000  1.874111e-001  2.945292e-002
 4.284680e+000  1.922995e-001  2.951966e-002
 4.289360e+000  1.855033e-001  2.963372e-002
 4.294040e+000  2.413331e-001  2.990687e-002
 4.298720e+000  2.304941e-001  2.993889e-002
 4.303400e+000  2.219144e-001  3.011910e-002
 4.308070e+000  2.193251e-001  3.023470e-002
 4.312750e+000  2.210044e-001  3.031623e-002
 4.317430e+000  2.264655e-001  3.044886e-002
 4.322110e+000  2.479683e-001  3.067470e-002
 4.326790e+000  2.488016e-001  3.081933e-002
 4.331470e+000  2.272917e-001  3.085022e-002
 4.336150e+000  2.237474e-001  3.101714e-002
 4.340820e+000  2.013554e-001  3.108478e-002
 4.345500e+000  1.883553e-001  3.124249e-002
 4.350180e+000  2.103482e-001  3.140775e-002
 4.354860e+000  1.739965e-001  3.141703e-002
 4.359540e+000  1.644155e-001  3.158220e-002
 4.364220e+000  2.036424e-001  3.177336e-002
 4.368900e+000  2.069611e-001  3.192804e-002
 4.373570e+000  2.182808e-001  3.213684e-002
 4.378250e+000  1.959968e-001  3.229985e-002
 4.382930e+000  1.536557e-001  3.239680e-002
 4.387610e+000  1.907074e-001  3.256964e-002
 4.392290e+000  2.203286e-001  3.281923e-002
 4.396970e+000  2.382044e-001  3.307647e-002
 4.401650e+000  2.431681e-001  3.312072e-002
 4.406330e+000  2.171076e-001  3.309679e-002
 4.411000e+000  2.351863e-001  3.304803e-002
 4.415680e+000  2.124185e-001  3.308943e-002
 4.420360e+000  2.037836e-001  3.311728e-002
 4.425040e+000  2.363763e-001  3.322763e-002
 4.429720e+000  2.326929e-001  3.323457e-002
 4.434400e+000  2.372439e-001  3.323882e-002
 4.439080e+000  1.824483e-001  3.317105e-002
 4.443760e+000  2.164633e-001  3.336281e-002
 4.448430e+000  2.404135e-001  3.347353e-002
 4.453110e+000  2.354972e-001  3.362934e-002
 4.457790e+000  1.908256e-001  3.373508e-002
 4.462470e+000  1.717227e-001  3.383912e-002
 4.467150e+000  1.808220e-001  3.412234e-002
 4.471830e+000  2.180292e-001  3.438405e-002
 4.476510e+000  2.138985e-001  3.456028e-002
 4.481180e+000  2.234850e-001  3.468949e-002
 4.485860e+000  2.292336e-001  3.487261e-002
 4.490540e+000  2.471696e-001  3.512742e-002
 4.495220e+000  2.293533e-001  3.520700e-002
 4.499900e+000  1.883483e-001  3.540323e-002
 4.504580e+000  2.053807e-001  3.573538e-002
 4.509260e+000  1.896780e-001  3.593794e-002
 4.513940e+000  2.392875e-001  3.626274e-002
 4.518610e+000  2.331351e-001  3.636675e-002
 4.523290e+000  1.816731e-001  3.644670e-002
 4.527970e+000  2.234407e-001  3.670448e-002
 4.532650e+000  2.513261e-001  3.694163e-002
 4.537330e+000  2.200884e-001  3.719734e-002
 4.542010e+000  1.895244e-001  3.731627e-002
 4.546690e+000  1.864326e-001  3.749787e-002
 4.551360e+000  2.051523e-001  3.772300e-002
 4.556040e+000  1.894748e-001  3.797991e-002
 4.560720e+000  1.959395e-001  3.821275e-002
 4.565400e+000  2.061484e-001  3.844200e-002
 4.570080e+000  2.101529e-001  3.868864e-002
 4.574760e+000  2.136481e-001  3.882710e-002
 4.579440e+000  2.203354e-001  3.917421e-002
 4.584120e+000  1.934148e-001  3.945005e-002
 4.588800e+000  2.069033e-001  3.987460e-002
 4.593470e+000  2.881401e-001  4.029061e-002
 4.598150e+000  2.521305e-001  4.042254e-002
 4.602830e+000  1.930984e-001  4.060195e-002
 4.607510e+000  1.627798e-001  4.096641e-002
 4.612190e+000  1.972512e-001  4.134566e-002
 4.616870e+000  1.956479e-001  4.147756e-002
 4.621550e+000  2.248704e-001  4.193400e-002
 4.626220e+000  2.716692e-001  4.231153e-002
 4.630900e+000  2.517213e-001  4.257574e-002
 4.635580e+000  2.254791e-001  4.288756e-002
 4.640260e+000  2.175398e-001  4.311238e-002
 4.644940e+000  2.144156e-001  4.339981e-002
 4.649620e+000  2.676176e-001  4.388509e-002
 4.654300e+000  2.544425e-001  4.411404e-002
 4.658970e+000  2.189801e-001  4.432471e-002
 4.663650e+000  1.904865e-001  4.464610e-002
 4.668330e+000  2.146398e-001  4.521000e-002
 4.673010e+000  2.329104e-001  4.567855e-002
 4.677690e+000  2.976357e-001  4.619458e-002
 4.682370e+000  2.834261e-001  4.663629e-002
 4.687050e+000  2.434292e-001  4.689381e-002
 4.691730e+000  2.082594e-001  4.724373e-002
 4.696410e+000  1.916017e-001  4.771387e-002
 4.701080e+000  2.310688e-001  4.821081e-002
 4.705760e+000  2.354805e-001  4.874294e-002
 4.710440e+000  2.107938e-001  4.916712e-002
 4.715120e+000  1.436652e-001  4.954252e-002
 4.719800e+000  1.521621e-001  5.007820e-002
 4.724480e+000  2.449945e-001  5.067731e-002
 4.729160e+000  2.808892e-001  5.133933e-002
 4.733830e+000  2.411062e-001  5.174450e-002
 4.738510e+000  2.275790e-001  5.218808e-002
 4.743190e+000  2.236525e-001  5.271062e-002
 4.747870e+000  2.043688e-001  5.350276e-002
 4.752550e+000  2.631974e-001  5.441470e-002
 4.757230e+000  2.654939e-001  5.500079e-002
 4.761910e+000  2.260123e-001  5.547161e-002
 4.766590e+000  2.017163e-001  5.625338e-002
 4.771260e+000  2.017978e-001  5.676084e-002
 4.775940e+000  2.366244e-001  5.773095e-002
 4.780620e+000  2.410748e-001  5.846819e-002
 4.785300e+000  2.485483e-001  5.908177e-002
 4.789980e+000  2.573570e-001  6.006864e-002
 4.794660e+000  2.169814e-001  6.111226e-002
 4.799340e+000  1.231928e-001  6.214395e-002
 4.804010e+000  2.061753e-001  6.307156e-002
 4.808690e+000  2.199019e-001  6.408936e-002
 4.813370e+000  1.973422e-001  6.480295e-002
 4.818050e+000  2.334601e-001  6.628986e-002
 4.822730e+000  2.460143e-001  6.744549e-002
 4.827410e+000  2.083597e-001  6.817140e-002
 4.832090e+000  2.507599e-001  6.988779e-002
 4.836760e+000  2.304064e-001  7.131230e-002
 4.841440e+000  2.405543e-001  7.287978e-002
 4.846120e+000  2.053408e-001  7.401987e-002
 4.850800e+000  2.277171e-001  7.598947e-002
 4.855480e+000  2.953849e-001  7.770223e-002
 4.860160e+000  2.970918e-001  7.976391e-002
 4.864840e+000  2.789998e-001  8.226055e-002
 4.869520e+000  2.258051e-001  8.377976e-002
 4.874200e+000  2.572241e-001  8.663622e-002
 4.878870e+000  2.623207e-001  8.901643e-002
 4.883550e+000  2.904278e-001  9.173677e-002
 4.888230e+000  2.806767e-001  9.509762e-002
 4.892910e+000  3.127086e-001  9.837780e-002
 4.897590e+000  3.383345e-001  1.019090e-001
 4.902270e+000  3.844499e-001  1.141586e-001
 4.906950e+000  2.367971e-001  1.962240e-001
 4.911620e+000 -1.048701e-001  3.987514e-001
range-from: 25.5000
range-to: 571.5000
parent: C:/Users/PC-BIO3/AppData/Local/Temp/qt_temp.Hp3196
parent: C:/Users/PC-BIO3/AppData/Local/Temp/qt_temp.gq3196
creator: datmerge
creator-version: v0.3 (r4556)
datmerge-scale: 1.0000
datmerge-scale: 1.0221
