 22-Oct-2005       (fran2_080.d - 1.000 *Avrag05.dat) /  5.5000
fran2_080.da  Conc = .55E+01  Mult = .10E+01  N1 =    1  N2 = 2127  SCALE =  1
 Avrag05.dat  Conc = .10E+01  Mult = .10E+01  N1 =    1  N2 = 2127  SCALE =  1
  0.113461E+00  0.111055E+07  0.290698E+05
  0.115711E+00  0.110345E+07  0.289618E+05
  0.117961E+00  0.109291E+07  0.256061E+05
  0.120211E+00  0.110005E+07  0.247807E+05
  0.122460E+00  0.109653E+07  0.223683E+05
  0.124710E+00  0.107973E+07  0.212278E+05
  0.126960E+00  0.107493E+07  0.195863E+05
  0.129209E+00  0.107258E+07  0.176461E+05
  0.131459E+00  0.110942E+07  0.174194E+05
  0.133709E+00  0.111833E+07  0.161543E+05
  0.135958E+00  0.110695E+07  0.158419E+05
  0.138208E+00  0.110100E+07  0.150686E+05
  0.140458E+00  0.108002E+07  0.141184E+05
  0.142708E+00  0.107096E+07  0.134493E+05
  0.144957E+00  0.105131E+07  0.124536E+05
  0.147207E+00  0.103229E+07  0.122274E+05
  0.149457E+00  0.106364E+07  0.115799E+05
  0.151706E+00  0.107731E+07  0.113816E+05
  0.153956E+00  0.110180E+07  0.111772E+05
  0.156206E+00  0.105171E+07  0.104713E+05
  0.158455E+00  0.105556E+07  0.103763E+05
  0.160705E+00  0.106767E+07  0.991575E+04
  0.162955E+00  0.106238E+07  0.980911E+04
  0.165205E+00  0.103689E+07  0.942628E+04
  0.167454E+00  0.106469E+07  0.896944E+04
  0.169704E+00  0.106622E+07  0.907619E+04
  0.171954E+00  0.106131E+07  0.863153E+04
  0.174203E+00  0.105333E+07  0.847349E+04
  0.176453E+00  0.102575E+07  0.816579E+04
  0.178703E+00  0.103742E+07  0.790570E+04
  0.180952E+00  0.103804E+07  0.796151E+04
  0.183202E+00  0.105424E+07  0.754658E+04
  0.185452E+00  0.103844E+07  0.749464E+04
  0.187701E+00  0.104367E+07  0.722608E+04
  0.189951E+00  0.104956E+07  0.712429E+04
  0.192201E+00  0.103727E+07  0.708663E+04
  0.194451E+00  0.103073E+07  0.669069E+04
  0.196700E+00  0.101856E+07  0.671195E+04
  0.198950E+00  0.101175E+07  0.652963E+04
  0.201200E+00  0.101980E+07  0.645835E+04
  0.203449E+00  0.102578E+07  0.628794E+04
  0.205699E+00  0.101738E+07  0.603568E+04
  0.207949E+00  0.100004E+07  0.611859E+04
  0.210198E+00  0.998800E+06  0.592163E+04
  0.212448E+00  0.100065E+07  0.584583E+04
  0.214698E+00  0.100136E+07  0.567742E+04
  0.216948E+00  0.100435E+07  0.559330E+04
  0.219197E+00  0.990200E+06  0.558964E+04
  0.221447E+00  0.100367E+07  0.539791E+04
  0.223697E+00  0.987091E+06  0.536452E+04
  0.225946E+00  0.987400E+06  0.520158E+04
  0.228196E+00  0.976564E+06  0.521670E+04
  0.230446E+00  0.985982E+06  0.516244E+04
  0.232695E+00  0.982073E+06  0.495489E+04
  0.234945E+00  0.963564E+06  0.496990E+04
  0.237195E+00  0.956982E+06  0.482218E+04
  0.239445E+00  0.957909E+06  0.487047E+04
  0.241694E+00  0.950073E+06  0.472104E+04
  0.243944E+00  0.955265E+06  0.462255E+04
  0.246194E+00  0.939969E+06  0.467383E+04
  0.248443E+00  0.945469E+06  0.449615E+04
  0.250693E+00  0.944804E+06  0.453134E+04
  0.252943E+00  0.940345E+06  0.437991E+04
  0.255192E+00  0.939393E+06  0.439114E+04
  0.257442E+00  0.934065E+06  0.437810E+04
  0.259692E+00  0.936076E+06  0.422738E+04
  0.261942E+00  0.940978E+06  0.422284E+04
  0.264191E+00  0.932775E+06  0.413461E+04
  0.266441E+00  0.924389E+06  0.415096E+04
  0.268691E+00  0.920131E+06  0.410968E+04
  0.270940E+00  0.912991E+06  0.398465E+04
  0.273190E+00  0.908533E+06  0.399351E+04
  0.275440E+00  0.910836E+06  0.393414E+04
  0.277689E+00  0.907658E+06  0.401381E+04
  0.279939E+00  0.908007E+06  0.394763E+04
  0.282189E+00  0.905771E+06  0.390778E+04
  0.284439E+00  0.900125E+06  0.395494E+04
  0.286688E+00  0.899549E+06  0.389122E+04
  0.288938E+00  0.889815E+06  0.390853E+04
  0.291188E+00  0.887640E+06  0.382498E+04
  0.293437E+00  0.882491E+06  0.387121E+04
  0.295687E+00  0.884233E+06  0.385208E+04
  0.297937E+00  0.868325E+06  0.376992E+04
  0.300186E+00  0.874811E+06  0.380079E+04
  0.302436E+00  0.868993E+06  0.371683E+04
  0.304686E+00  0.860985E+06  0.376102E+04
  0.306935E+00  0.859589E+06  0.372725E+04
  0.309185E+00  0.853171E+06  0.367108E+04
  0.311435E+00  0.846875E+06  0.368716E+04
  0.313685E+00  0.847127E+06  0.361575E+04
  0.315934E+00  0.846887E+06  0.368003E+04
  0.318184E+00  0.848195E+06  0.359982E+04
  0.320434E+00  0.844756E+06  0.358532E+04
  0.322683E+00  0.839805E+06  0.362732E+04
  0.324933E+00  0.837369E+06  0.354503E+04
  0.327183E+00  0.841647E+06  0.356926E+04
  0.329432E+00  0.837036E+06  0.349208E+04
  0.331682E+00  0.819715E+06  0.351352E+04
  0.333932E+00  0.815644E+06  0.352438E+04
  0.336182E+00  0.820616E+06  0.345566E+04
  0.338431E+00  0.823515E+06  0.347325E+04
  0.340681E+00  0.813835E+06  0.339392E+04
  0.342931E+00  0.810549E+06  0.345877E+04
  0.345180E+00  0.811915E+06  0.339039E+04
  0.347430E+00  0.803964E+06  0.338984E+04
  0.349680E+00  0.797604E+06  0.339125E+04
  0.351929E+00  0.802704E+06  0.333534E+04
  0.354179E+00  0.795960E+06  0.337683E+04
  0.356429E+00  0.790567E+06  0.329708E+04
  0.358679E+00  0.777427E+06  0.329197E+04
  0.360928E+00  0.768000E+06  0.330490E+04
  0.363178E+00  0.767867E+06  0.326856E+04
  0.365428E+00  0.769875E+06  0.326299E+04
  0.367677E+00  0.768640E+06  0.320639E+04
  0.369927E+00  0.759116E+06  0.323932E+04
  0.372177E+00  0.756956E+06  0.321884E+04
  0.374426E+00  0.753065E+06  0.321040E+04
  0.376676E+00  0.747660E+06  0.319031E+04
  0.378926E+00  0.747153E+06  0.314169E+04
  0.381176E+00  0.747305E+06  0.318141E+04
  0.383425E+00  0.734956E+06  0.314236E+04
  0.385675E+00  0.729771E+06  0.312264E+04
  0.387925E+00  0.730713E+06  0.310625E+04
  0.390174E+00  0.731513E+06  0.309464E+04
  0.392424E+00  0.723131E+06  0.312550E+04
  0.394674E+00  0.718527E+06  0.304883E+04
  0.396923E+00  0.722304E+06  0.307040E+04
  0.399173E+00  0.717649E+06  0.306493E+04
  0.401423E+00  0.712265E+06  0.304101E+04
  0.403673E+00  0.704707E+06  0.302573E+04
  0.405922E+00  0.711445E+06  0.298480E+04
  0.408172E+00  0.700480E+06  0.300928E+04
  0.410422E+00  0.700224E+06  0.298539E+04
  0.412671E+00  0.692891E+06  0.297825E+04
  0.414921E+00  0.691660E+06  0.296537E+04
  0.417171E+00  0.687878E+06  0.293156E+04
  0.419420E+00  0.684467E+06  0.295995E+04
  0.421670E+00  0.683567E+06  0.292884E+04
  0.423920E+00  0.681427E+06  0.291590E+04
  0.426169E+00  0.672444E+06  0.290142E+04
  0.428419E+00  0.666667E+06  0.288852E+04
  0.430669E+00  0.667060E+06  0.289214E+04
  0.432919E+00  0.661747E+06  0.286678E+04
  0.435168E+00  0.659356E+06  0.284888E+04
  0.437418E+00  0.655156E+06  0.286425E+04
  0.439668E+00  0.657169E+06  0.285450E+04
  0.441917E+00  0.652073E+06  0.283135E+04
  0.444167E+00  0.646487E+06  0.278749E+04
  0.446417E+00  0.639838E+06  0.283167E+04
  0.448666E+00  0.640300E+06  0.280701E+04
  0.450916E+00  0.636458E+06  0.278021E+04
  0.453166E+00  0.635835E+06  0.277914E+04
  0.455416E+00  0.633931E+06  0.275723E+04
  0.457665E+00  0.626640E+06  0.278847E+04
  0.459915E+00  0.625318E+06  0.273489E+04
  0.462165E+00  0.616029E+06  0.273395E+04
  0.464414E+00  0.618678E+06  0.272480E+04
  0.466664E+00  0.612987E+06  0.271883E+04
  0.468914E+00  0.607818E+06  0.273853E+04
  0.471163E+00  0.604122E+06  0.267666E+04
  0.473413E+00  0.601038E+06  0.268280E+04
  0.475663E+00  0.594400E+06  0.267369E+04
  0.477913E+00  0.598576E+06  0.267647E+04
  0.480162E+00  0.587642E+06  0.267914E+04
  0.482412E+00  0.589371E+06  0.262914E+04
  0.484662E+00  0.587262E+06  0.265732E+04
  0.486911E+00  0.583920E+06  0.263222E+04
  0.489161E+00  0.583567E+06  0.263802E+04
  0.491411E+00  0.579971E+06  0.261501E+04
  0.493660E+00  0.577042E+06  0.260217E+04
  0.495910E+00  0.577215E+06  0.263245E+04
  0.498160E+00  0.573204E+06  0.257551E+04
  0.500410E+00  0.563736E+06  0.257616E+04
  0.502659E+00  0.561073E+06  0.257822E+04
  0.504909E+00  0.560309E+06  0.256949E+04
  0.507159E+00  0.557353E+06  0.258081E+04
  0.509408E+00  0.554804E+06  0.254663E+04
  0.511658E+00  0.553102E+06  0.252998E+04
  0.513908E+00  0.553578E+06  0.254325E+04
  0.516157E+00  0.544702E+06  0.254452E+04
  0.518407E+00  0.542700E+06  0.252390E+04
  0.520657E+00  0.543165E+06  0.249874E+04
  0.522907E+00  0.538009E+06  0.250064E+04
  0.525156E+00  0.533431E+06  0.248965E+04
  0.527406E+00  0.524251E+06  0.249158E+04
  0.529656E+00  0.526862E+06  0.247368E+04
  0.531905E+00  0.518925E+06  0.247004E+04
  0.534155E+00  0.517733E+06  0.247614E+04
  0.536405E+00  0.518084E+06  0.245058E+04
  0.538654E+00  0.515627E+06  0.245194E+04
  0.540904E+00  0.517722E+06  0.244081E+04
  0.543154E+00  0.508729E+06  0.244923E+04
  0.545404E+00  0.501922E+06  0.244316E+04
  0.547653E+00  0.507871E+06  0.240951E+04
  0.549903E+00  0.499689E+06  0.242229E+04
  0.552153E+00  0.499409E+06  0.239512E+04
  0.554402E+00  0.498969E+06  0.241503E+04
  0.556652E+00  0.494622E+06  0.239539E+04
  0.558902E+00  0.494307E+06  0.238190E+04
  0.561151E+00  0.492745E+06  0.240032E+04
  0.563401E+00  0.485318E+06  0.235966E+04
  0.565651E+00  0.481144E+06  0.237659E+04
  0.567900E+00  0.472767E+06  0.234016E+04
  0.570150E+00  0.472642E+06  0.235200E+04
  0.572400E+00  0.468418E+06  0.236370E+04
  0.574650E+00  0.469671E+06  0.233275E+04
  0.576899E+00  0.471055E+06  0.235455E+04
  0.579149E+00  0.466291E+06  0.230695E+04
  0.581399E+00  0.462098E+06  0.232670E+04
  0.583648E+00  0.458595E+06  0.232537E+04
  0.585898E+00  0.458556E+06  0.229744E+04
  0.588148E+00  0.455813E+06  0.231149E+04
  0.590397E+00  0.448285E+06  0.228444E+04
  0.592647E+00  0.447062E+06  0.229565E+04
  0.594897E+00  0.447536E+06  0.227828E+04
  0.597147E+00  0.442673E+06  0.226425E+04
  0.599396E+00  0.442625E+06  0.229816E+04
  0.601646E+00  0.434047E+06  0.224891E+04
  0.603896E+00  0.436493E+06  0.226954E+04
  0.606145E+00  0.433444E+06  0.222835E+04
  0.608395E+00  0.428960E+06  0.224381E+04
  0.610645E+00  0.423998E+06  0.225412E+04
  0.612894E+00  0.419644E+06  0.221913E+04
  0.615144E+00  0.419293E+06  0.223464E+04
  0.617394E+00  0.420516E+06  0.221121E+04
  0.619644E+00  0.416953E+06  0.222592E+04
  0.621893E+00  0.414695E+06  0.221724E+04
  0.624143E+00  0.413036E+06  0.219033E+04
  0.626393E+00  0.409807E+06  0.221172E+04
  0.628642E+00  0.406198E+06  0.218003E+04
  0.630892E+00  0.400962E+06  0.219760E+04
  0.633142E+00  0.406211E+06  0.218492E+04
  0.635391E+00  0.401025E+06  0.215915E+04
  0.637641E+00  0.402585E+06  0.219008E+04
  0.639891E+00  0.396122E+06  0.216319E+04
  0.642141E+00  0.395264E+06  0.216728E+04
  0.644390E+00  0.391478E+06  0.214300E+04
  0.646640E+00  0.386293E+06  0.215296E+04
  0.648890E+00  0.384680E+06  0.216148E+04
  0.651139E+00  0.386402E+06  0.212993E+04
  0.653389E+00  0.385762E+06  0.213994E+04
  0.655639E+00  0.380407E+06  0.212827E+04
  0.657888E+00  0.379604E+06  0.213064E+04
  0.660138E+00  0.376509E+06  0.212981E+04
  0.662388E+00  0.372009E+06  0.209928E+04
  0.664638E+00  0.372973E+06  0.210672E+04
  0.666887E+00  0.369295E+06  0.210479E+04
  0.669137E+00  0.364116E+06  0.211134E+04
  0.671387E+00  0.362855E+06  0.209495E+04
  0.673636E+00  0.360485E+06  0.208441E+04
  0.675886E+00  0.359320E+06  0.208558E+04
  0.678136E+00  0.356460E+06  0.207479E+04
  0.680385E+00  0.349311E+06  0.207614E+04
  0.682635E+00  0.351640E+06  0.206104E+04
  0.684885E+00  0.345615E+06  0.206163E+04
  0.687134E+00  0.349149E+06  0.206646E+04
  0.689384E+00  0.346893E+06  0.205644E+04
  0.691634E+00  0.343571E+06  0.204325E+04
  0.693884E+00  0.339591E+06  0.203195E+04
  0.696133E+00  0.341549E+06  0.205905E+04
  0.698383E+00  0.342269E+06  0.203053E+04
  0.700633E+00  0.339855E+06  0.202614E+04
  0.702882E+00  0.333009E+06  0.202970E+04
  0.705132E+00  0.328480E+06  0.201857E+04
  0.707382E+00  0.329749E+06  0.202509E+04
  0.709631E+00  0.325245E+06  0.199782E+04
  0.711881E+00  0.319895E+06  0.200860E+04
  0.714131E+00  0.324447E+06  0.201106E+04
  0.716381E+00  0.319853E+06  0.198844E+04
  0.718630E+00  0.318531E+06  0.200792E+04
  0.720880E+00  0.315618E+06  0.196886E+04
  0.723130E+00  0.313855E+06  0.199538E+04
  0.725379E+00  0.312467E+06  0.198717E+04
  0.727629E+00  0.310696E+06  0.196689E+04
  0.729879E+00  0.311191E+06  0.197834E+04
  0.732128E+00  0.309065E+06  0.195911E+04
  0.734378E+00  0.300764E+06  0.197761E+04
  0.736628E+00  0.298702E+06  0.194829E+04
  0.738878E+00  0.302165E+06  0.195401E+04
  0.741127E+00  0.299996E+06  0.195870E+04
  0.743377E+00  0.297844E+06  0.194580E+04
  0.745627E+00  0.295940E+06  0.195291E+04
  0.747876E+00  0.293535E+06  0.192350E+04
  0.750126E+00  0.290302E+06  0.193189E+04
  0.752376E+00  0.286360E+06  0.193189E+04
  0.754625E+00  0.288360E+06  0.193011E+04
  0.756875E+00  0.289873E+06  0.193365E+04
  0.759125E+00  0.287560E+06  0.190420E+04
  0.761375E+00  0.289116E+06  0.192592E+04
  0.763624E+00  0.283364E+06  0.191477E+04
  0.765874E+00  0.285578E+06  0.191096E+04
  0.768124E+00  0.281469E+06  0.190681E+04
  0.770373E+00  0.278745E+06  0.189450E+04
  0.772623E+00  0.273975E+06  0.190042E+04
  0.774873E+00  0.272442E+06  0.188308E+04
  0.777122E+00  0.272393E+06  0.189094E+04
  0.779372E+00  0.270240E+06  0.189193E+04
  0.781622E+00  0.265684E+06  0.187819E+04
  0.783872E+00  0.266267E+06  0.188865E+04
  0.786121E+00  0.261780E+06  0.185768E+04
  0.788371E+00  0.261824E+06  0.187057E+04
  0.790621E+00  0.260991E+06  0.186918E+04
  0.792870E+00  0.259080E+06  0.187029E+04
  0.795120E+00  0.255371E+06  0.186052E+04
  0.797370E+00  0.257684E+06  0.184254E+04
  0.799619E+00  0.254100E+06  0.185747E+04
  0.801869E+00  0.252484E+06  0.184758E+04
  0.804119E+00  0.253433E+06  0.184545E+04
  0.806368E+00  0.250329E+06  0.184376E+04
  0.808618E+00  0.250500E+06  0.183326E+04
  0.810868E+00  0.248033E+06  0.184806E+04
  0.813118E+00  0.247011E+06  0.182197E+04
  0.815367E+00  0.240696E+06  0.182298E+04
  0.817617E+00  0.241436E+06  0.182025E+04
  0.819867E+00  0.238155E+06  0.181758E+04
  0.822116E+00  0.237013E+06  0.182987E+04
  0.824366E+00  0.236860E+06  0.180064E+04
  0.826616E+00  0.241862E+06  0.182279E+04
  0.828865E+00  0.239480E+06  0.180082E+04
  0.831115E+00  0.234544E+06  0.180789E+04
  0.833365E+00  0.230973E+06  0.180494E+04
  0.835615E+00  0.230536E+06  0.179193E+04
  0.837864E+00  0.232391E+06  0.180769E+04
  0.840114E+00  0.229125E+06  0.178517E+04
  0.842364E+00  0.226016E+06  0.179195E+04
  0.844613E+00  0.224109E+06  0.177708E+04
  0.846863E+00  0.227291E+06  0.178165E+04
  0.849113E+00  0.222545E+06  0.180031E+04
  0.851362E+00  0.215835E+06  0.175697E+04
  0.853612E+00  0.215011E+06  0.177426E+04
  0.855862E+00  0.215398E+06  0.176045E+04
  0.858112E+00  0.211713E+06  0.176328E+04
  0.860361E+00  0.211260E+06  0.177070E+04
  0.862611E+00  0.209929E+06  0.174790E+04
  0.864861E+00  0.210996E+06  0.176568E+04
  0.867110E+00  0.209127E+06  0.174916E+04
  0.869360E+00  0.208325E+06  0.175275E+04
  0.871610E+00  0.207109E+06  0.175258E+04
  0.873859E+00  0.205551E+06  0.173253E+04
  0.876109E+00  0.203480E+06  0.175525E+04
  0.878359E+00  0.201809E+06  0.173422E+04
  0.880609E+00  0.199818E+06  0.173037E+04
  0.882858E+00  0.196764E+06  0.172867E+04
  0.885108E+00  0.198365E+06  0.172210E+04
  0.887358E+00  0.196805E+06  0.174018E+04
  0.889607E+00  0.194060E+06  0.171731E+04
  0.891857E+00  0.196096E+06  0.172008E+04
  0.894107E+00  0.197098E+06  0.171917E+04
  0.896356E+00  0.194913E+06  0.172312E+04
  0.898606E+00  0.194665E+06  0.171673E+04
  0.900856E+00  0.193109E+06  0.169841E+04
  0.903106E+00  0.191898E+06  0.171361E+04
  0.905355E+00  0.188907E+06  0.170492E+04
  0.907605E+00  0.185200E+06  0.170705E+04
  0.909855E+00  0.184733E+06  0.169567E+04
  0.912104E+00  0.185953E+06  0.168729E+04
  0.914354E+00  0.179196E+06  0.169846E+04
  0.916604E+00  0.179193E+06  0.168704E+04
  0.918853E+00  0.178691E+06  0.169500E+04
  0.921103E+00  0.176871E+06  0.167357E+04
  0.923353E+00  0.176838E+06  0.168567E+04
  0.925603E+00  0.176440E+06  0.168367E+04
  0.927852E+00  0.180038E+06  0.167354E+04
  0.930102E+00  0.174955E+06  0.168226E+04
  0.932352E+00  0.175618E+06  0.166293E+04
  0.934601E+00  0.169196E+06  0.167732E+04
  0.936851E+00  0.171420E+06  0.166567E+04
  0.939101E+00  0.170064E+06  0.165397E+04
  0.941350E+00  0.169976E+06  0.166849E+04
  0.943600E+00  0.169467E+06  0.165321E+04
  0.945850E+00  0.168393E+06  0.166961E+04
  0.948099E+00  0.167575E+06  0.164750E+04
  0.950349E+00  0.163713E+06  0.164569E+04
  0.952599E+00  0.160565E+06  0.165039E+04
  0.954849E+00  0.161482E+06  0.164073E+04
  0.957098E+00  0.158111E+06  0.165009E+04
  0.959348E+00  0.157747E+06  0.163197E+04
  0.961598E+00  0.157378E+06  0.164794E+04
  0.963847E+00  0.155493E+06  0.164174E+04
  0.966097E+00  0.153462E+06  0.162515E+04
  0.968347E+00  0.150780E+06  0.163405E+04
  0.970596E+00  0.148727E+06  0.162059E+04
  0.972846E+00  0.149900E+06  0.163222E+04
  0.975096E+00  0.153242E+06  0.162290E+04
  0.977346E+00  0.152356E+06  0.162139E+04
  0.979595E+00  0.152611E+06  0.162801E+04
  0.981845E+00  0.145936E+06  0.160995E+04
  0.984095E+00  0.145273E+06  0.161851E+04
  0.986344E+00  0.142580E+06  0.160594E+04
  0.988594E+00  0.147085E+06  0.160943E+04
  0.990844E+00  0.148055E+06  0.161623E+04
  0.993093E+00  0.145524E+06  0.160254E+04
  0.995343E+00  0.141636E+06  0.160722E+04
  0.997593E+00  0.140518E+06  0.158934E+04
  0.999843E+00  0.138464E+06  0.160896E+04
  0.100209E+01  0.137993E+06  0.160547E+04
  0.100434E+01  0.135807E+06  0.158516E+04
  0.100659E+01  0.133002E+06  0.159416E+04
  0.100884E+01  0.133962E+06  0.157675E+04
  0.101109E+01  0.132311E+06  0.159879E+04
  0.101334E+01  0.132180E+06  0.158172E+04
  0.101559E+01  0.132493E+06  0.158190E+04
  0.101784E+01  0.132405E+06  0.158519E+04
  0.102009E+01  0.133996E+06  0.157919E+04
  0.102234E+01  0.132207E+06  0.159212E+04
  0.102459E+01  0.126542E+06  0.156602E+04
  0.102684E+01  0.127356E+06  0.157219E+04
  0.102909E+01  0.128487E+06  0.157873E+04
  0.103134E+01  0.132764E+06  0.156746E+04
  0.103359E+01  0.130896E+06  0.157497E+04
  0.103584E+01  0.125975E+06  0.155237E+04
  0.103809E+01  0.121193E+06  0.156732E+04
  0.104034E+01  0.122118E+06  0.156576E+04
  0.104259E+01  0.128416E+06  0.155975E+04
  0.104484E+01  0.123916E+06  0.156042E+04
  0.104709E+01  0.122227E+06  0.155041E+04
  0.104934E+01  0.122244E+06  0.156781E+04
  0.105159E+01  0.124011E+06  0.154705E+04
  0.105384E+01  0.119724E+06  0.155010E+04
  0.105608E+01  0.118355E+06  0.155386E+04
  0.105833E+01  0.116302E+06  0.154323E+04
  0.106058E+01  0.121927E+06  0.155863E+04
  0.106283E+01  0.120336E+06  0.153385E+04
  0.106508E+01  0.119055E+06  0.154261E+04
  0.106733E+01  0.117811E+06  0.153888E+04
  0.106958E+01  0.118582E+06  0.153662E+04
  0.107183E+01  0.116898E+06  0.154031E+04
  0.107408E+01  0.114175E+06  0.152479E+04
  0.107633E+01  0.112347E+06  0.153359E+04
  0.107858E+01  0.114549E+06  0.153116E+04
  0.108083E+01  0.112578E+06  0.152365E+04
  0.108308E+01  0.110958E+06  0.152770E+04
  0.108533E+01  0.109587E+06  0.152012E+04
  0.108758E+01  0.110100E+06  0.153466E+04
  0.108983E+01  0.109469E+06  0.151241E+04
  0.109208E+01  0.105775E+06  0.151129E+04
  0.109433E+01  0.105209E+06  0.151801E+04
  0.109658E+01  0.106571E+06  0.151341E+04
  0.109883E+01  0.106993E+06  0.152193E+04
  0.110108E+01  0.106007E+06  0.149992E+04
  0.110333E+01  0.104547E+06  0.150880E+04
  0.110558E+01  0.104011E+06  0.150756E+04
  0.110783E+01  0.105331E+06  0.150947E+04
  0.111008E+01  0.102215E+06  0.150375E+04
  0.111233E+01  0.999182E+05  0.149736E+04
  0.111458E+01  0.101456E+06  0.150832E+04
  0.111683E+01  0.100944E+06  0.149812E+04
  0.111908E+01  0.989182E+05  0.149521E+04
  0.112133E+01  0.989636E+05  0.149595E+04
  0.112358E+01  0.999527E+05  0.148981E+04
  0.112583E+01  0.992727E+05  0.150019E+04
  0.112808E+01  0.979218E+05  0.148481E+04
  0.113033E+01  0.996436E+05  0.149095E+04
  0.113257E+01  0.963091E+05  0.148827E+04
  0.113482E+01  0.937509E+05  0.148411E+04
  0.113707E+01  0.909418E+05  0.148466E+04
  0.113932E+01  0.941000E+05  0.147156E+04
  0.114157E+01  0.937127E+05  0.148765E+04
  0.114382E+01  0.925000E+05  0.147789E+04
  0.114607E+01  0.906145E+05  0.148302E+04
  0.114832E+01  0.916909E+05  0.147186E+04
  0.115057E+01  0.911818E+05  0.146790E+04
  0.115282E+01  0.900109E+05  0.148452E+04
  0.115507E+01  0.901782E+05  0.146453E+04
  0.115732E+01  0.903073E+05  0.147303E+04
  0.115957E+01  0.887073E+05  0.146593E+04
  0.116182E+01  0.845655E+05  0.146004E+04
  0.116407E+01  0.857018E+05  0.147534E+04
  0.116632E+01  0.874964E+05  0.145126E+04
  0.116857E+01  0.913582E+05  0.146354E+04
  0.117082E+01  0.874709E+05  0.146152E+04
  0.117307E+01  0.885727E+05  0.146223E+04
  0.117532E+01  0.858109E+05  0.146174E+04
  0.117757E+01  0.859927E+05  0.144123E+04
  0.117982E+01  0.849964E+05  0.146414E+04
  0.118207E+01  0.817800E+05  0.145044E+04
  0.118432E+01  0.825709E+05  0.145574E+04
  0.118657E+01  0.809327E+05  0.145079E+04
  0.118882E+01  0.815382E+05  0.144145E+04
  0.119107E+01  0.801582E+05  0.145338E+04
  0.119332E+01  0.777745E+05  0.144261E+04
  0.119557E+01  0.787236E+05  0.144789E+04
  0.119782E+01  0.788836E+05  0.144133E+04
  0.120007E+01  0.765836E+05  0.143735E+04
  0.120232E+01  0.784436E+05  0.144817E+04
  0.120457E+01  0.766855E+05  0.142745E+04
  0.120681E+01  0.738182E+05  0.143692E+04
  0.120906E+01  0.745327E+05  0.143267E+04
  0.121131E+01  0.758600E+05  0.143554E+04
  0.121356E+01  0.759073E+05  0.143541E+04
  0.121581E+01  0.749764E+05  0.142202E+04
  0.121806E+01  0.753000E+05  0.143118E+04
  0.122031E+01  0.727127E+05  0.142771E+04
  0.122256E+01  0.752073E+05  0.143166E+04
  0.122481E+01  0.749164E+05  0.143068E+04
  0.122706E+01  0.730964E+05  0.142059E+04
  0.122931E+01  0.702582E+05  0.142789E+04
  0.123156E+01  0.674545E+05  0.141358E+04
  0.123381E+01  0.676273E+05  0.141980E+04
  0.123606E+01  0.698018E+05  0.141664E+04
  0.123831E+01  0.722273E+05  0.142046E+04
  0.124056E+01  0.727455E+05  0.142389E+04
  0.124281E+01  0.706036E+05  0.140466E+04
  0.124506E+01  0.713091E+05  0.141162E+04
  0.124731E+01  0.679036E+05  0.140755E+04
  0.124956E+01  0.700055E+05  0.141503E+04
  0.125181E+01  0.691345E+05  0.141397E+04
  0.125406E+01  0.688164E+05  0.139972E+04
  0.125631E+01  0.713200E+05  0.141574E+04
  0.125856E+01  0.682582E+05  0.140304E+04
  0.126081E+01  0.673545E+05  0.140147E+04
  0.126306E+01  0.674400E+05  0.139940E+04
  0.126531E+01  0.663109E+05  0.140155E+04
  0.126756E+01  0.652873E+05  0.140902E+04
  0.126981E+01  0.632364E+05  0.139395E+04
  0.127206E+01  0.648473E+05  0.140201E+04
  0.127431E+01  0.683218E+05  0.138661E+04
  0.127656E+01  0.657945E+05  0.140250E+04
  0.127881E+01  0.637073E+05  0.140022E+04
  0.128105E+01  0.626345E+05  0.138427E+04
  0.128330E+01  0.620818E+05  0.139506E+04
  0.128555E+01  0.639073E+05  0.138191E+04
  0.128780E+01  0.642527E+05  0.139925E+04
  0.129005E+01  0.618109E+05  0.138710E+04
  0.129230E+01  0.638636E+05  0.138259E+04
  0.129455E+01  0.650200E+05  0.139693E+04
  0.129680E+01  0.609764E+05  0.138199E+04
  0.129905E+01  0.626727E+05  0.138850E+04
  0.130130E+01  0.587618E+05  0.137778E+04
  0.130355E+01  0.606982E+05  0.138306E+04
  0.130580E+01  0.584818E+05  0.138602E+04
  0.130805E+01  0.597564E+05  0.137587E+04
  0.131030E+01  0.596345E+05  0.138203E+04
  0.131255E+01  0.605600E+05  0.136975E+04
  0.131480E+01  0.565091E+05  0.137511E+04
  0.131705E+01  0.581800E+05  0.138055E+04
  0.131930E+01  0.595455E+05  0.137072E+04
  0.132155E+01  0.586218E+05  0.137869E+04
  0.132380E+01  0.550673E+05  0.136750E+04
  0.132605E+01  0.551055E+05  0.137265E+04
  0.132830E+01  0.570982E+05  0.136482E+04
  0.133055E+01  0.546473E+05  0.136173E+04
  0.133280E+01  0.572127E+05  0.137332E+04
  0.133505E+01  0.540509E+05  0.136943E+04
  0.133730E+01  0.512836E+05  0.136320E+04
  0.133955E+01  0.529836E+05  0.135642E+04
  0.134180E+01  0.530036E+05  0.135563E+04
  0.134405E+01  0.543291E+05  0.136973E+04
  0.134630E+01  0.554818E+05  0.136059E+04
  0.134855E+01  0.524600E+05  0.135856E+04
  0.135080E+01  0.503382E+05  0.135070E+04
  0.135305E+01  0.491218E+05  0.135746E+04
  0.135529E+01  0.480491E+05  0.135805E+04
  0.135754E+01  0.497927E+05  0.134933E+04
  0.135979E+01  0.502418E+05  0.135324E+04
  0.136204E+01  0.509491E+05  0.134738E+04
  0.136429E+01  0.501545E+05  0.135725E+04
  0.136654E+01  0.515982E+05  0.134369E+04
  0.136879E+01  0.512345E+05  0.134896E+04
  0.137104E+01  0.521636E+05  0.134978E+04
  0.137329E+01  0.494309E+05  0.134715E+04
  0.137554E+01  0.516236E+05  0.135214E+04
  0.137779E+01  0.532255E+05  0.133334E+04
  0.138004E+01  0.526382E+05  0.135119E+04
  0.138229E+01  0.512582E+05  0.134504E+04
  0.138454E+01  0.474600E+05  0.133777E+04
  0.138679E+01  0.475855E+05  0.133939E+04
  0.138904E+01  0.509709E+05  0.133034E+04
  0.139129E+01  0.500927E+05  0.134687E+04
  0.139354E+01  0.489709E+05  0.133614E+04
  0.139579E+01  0.468891E+05  0.133260E+04
  0.139804E+01  0.465982E+05  0.133409E+04
  0.140029E+01  0.441800E+05  0.132562E+04
  0.140254E+01  0.445982E+05  0.134266E+04
  0.140479E+01  0.450673E+05  0.132334E+04
  0.140704E+01  0.438745E+05  0.133189E+04
  0.140929E+01  0.447855E+05  0.133138E+04
  0.141154E+01  0.452073E+05  0.132496E+04
  0.141379E+01  0.424473E+05  0.133091E+04
  0.141604E+01  0.449673E+05  0.131546E+04
  0.141829E+01  0.442945E+05  0.133509E+04
  0.142054E+01  0.471527E+05  0.132660E+04
  0.142279E+01  0.442218E+05  0.132064E+04
  0.142504E+01  0.444709E+05  0.132385E+04
  0.142729E+01  0.466164E+05  0.131537E+04
  0.142953E+01  0.456182E+05  0.132868E+04
  0.143178E+01  0.452291E+05  0.132176E+04
  0.143403E+01  0.424945E+05  0.131391E+04
  0.143628E+01  0.424600E+05  0.132151E+04
  0.143853E+01  0.434164E+05  0.131450E+04
  0.144078E+01  0.403200E+05  0.132594E+04
  0.144303E+01  0.399709E+05  0.131012E+04
  0.144528E+01  0.392636E+05  0.130922E+04
  0.144753E+01  0.402782E+05  0.131730E+04
  0.144978E+01  0.390273E+05  0.131106E+04
  0.145203E+01  0.384745E+05  0.131141E+04
  0.145428E+01  0.407818E+05  0.130101E+04
  0.145653E+01  0.391218E+05  0.131230E+04
  0.145878E+01  0.397473E+05  0.130681E+04
  0.146103E+01  0.412691E+05  0.130811E+04
  0.146328E+01  0.386691E+05  0.130669E+04
  0.146553E+01  0.403418E+05  0.129926E+04
  0.146778E+01  0.406127E+05  0.131211E+04
  0.147003E+01  0.378673E+05  0.130219E+04
  0.147228E+01  0.381218E+05  0.130050E+04
  0.147453E+01  0.393036E+05  0.130551E+04
  0.147678E+01  0.385291E+05  0.129826E+04
  0.147903E+01  0.395618E+05  0.130884E+04
  0.148128E+01  0.397909E+05  0.129160E+04
  0.148353E+01  0.393073E+05  0.129945E+04
  0.148578E+01  0.357709E+05  0.129697E+04
  0.148803E+01  0.346218E+05  0.129935E+04
  0.149028E+01  0.369600E+05  0.129926E+04
  0.149253E+01  0.402964E+05  0.128671E+04
  0.149478E+01  0.396055E+05  0.129793E+04
  0.149703E+01  0.370818E+05  0.129204E+04
  0.149928E+01  0.379309E+05  0.129630E+04
  0.150153E+01  0.405382E+05  0.129612E+04
  0.150377E+01  0.377800E+05  0.128830E+04
  0.150602E+01  0.377473E+05  0.129689E+04
  0.150827E+01  0.369255E+05  0.128570E+04
  0.151052E+01  0.360236E+05  0.128674E+04
  0.151277E+01  0.348545E+05  0.128843E+04
  0.151502E+01  0.353764E+05  0.128948E+04
  0.151727E+01  0.339982E+05  0.129021E+04
  0.151952E+01  0.348964E+05  0.127778E+04
  0.152177E+01  0.353945E+05  0.128871E+04
  0.152402E+01  0.376382E+05  0.128263E+04
  0.152627E+01  0.378873E+05  0.128861E+04
  0.152852E+01  0.349200E+05  0.128564E+04
  0.153077E+01  0.333582E+05  0.127215E+04
  0.153302E+01  0.351164E+05  0.128999E+04
  0.153527E+01  0.315073E+05  0.127641E+04
  0.153752E+01  0.316473E+05  0.127848E+04
  0.153977E+01  0.303745E+05  0.127692E+04
  0.154202E+01  0.360473E+05  0.127717E+04
  0.154427E+01  0.355309E+05  0.128530E+04
  0.154652E+01  0.326364E+05  0.126893E+04
  0.154877E+01  0.300927E+05  0.127031E+04
  0.155102E+01  0.291709E+05  0.126967E+04
  0.155327E+01  0.299327E+05  0.127528E+04
  0.155552E+01  0.315709E+05  0.127938E+04
  0.155777E+01  0.323273E+05  0.126904E+04
  0.156002E+01  0.300145E+05  0.127267E+04
  0.156227E+01  0.323855E+05  0.126726E+04
  0.156452E+01  0.314218E+05  0.126885E+04
  0.156677E+01  0.311655E+05  0.126757E+04
  0.156902E+01  0.303400E+05  0.126118E+04
  0.157127E+01  0.302309E+05  0.127465E+04
  0.157352E+01  0.298327E+05  0.126536E+04
  0.157577E+01  0.307564E+05  0.126456E+04
  0.157801E+01  0.299382E+05  0.125883E+04
  0.158026E+01  0.318455E+05  0.126231E+04
  0.158251E+01  0.286982E+05  0.127085E+04
  0.158476E+01  0.311655E+05  0.125923E+04
  0.158701E+01  0.324055E+05  0.126530E+04
  0.158926E+01  0.286945E+05  0.125490E+04
  0.159151E+01  0.299200E+05  0.125925E+04
  0.159376E+01  0.286600E+05  0.125988E+04
  0.159601E+01  0.306618E+05  0.125613E+04
  0.159826E+01  0.284273E+05  0.125802E+04
  0.160051E+01  0.303055E+05  0.125385E+04
  0.160276E+01  0.288800E+05  0.125958E+04
  0.160501E+01  0.320855E+05  0.125174E+04
  0.160726E+01  0.299818E+05  0.125235E+04
  0.160951E+01  0.293836E+05  0.126187E+04
  0.161176E+01  0.275073E+05  0.124943E+04
  0.161401E+01  0.282891E+05  0.125558E+04
  0.161626E+01  0.282582E+05  0.124383E+04
  0.161851E+01  0.305273E+05  0.125376E+04
  0.162076E+01  0.271800E+05  0.125519E+04
  0.162301E+01  0.279091E+05  0.124235E+04
  0.162526E+01  0.289164E+05  0.125306E+04
  0.162751E+01  0.280164E+05  0.123962E+04
  0.162976E+01  0.258691E+05  0.124926E+04
  0.163201E+01  0.264145E+05  0.124588E+04
  0.163426E+01  0.309036E+05  0.123532E+04
  0.163651E+01  0.301945E+05  0.125049E+04
  0.163876E+01  0.280527E+05  0.123971E+04
  0.164101E+01  0.275945E+05  0.124840E+04
  0.164326E+01  0.232364E+05  0.124083E+04
  0.164551E+01  0.241727E+05  0.123764E+04
  0.164776E+01  0.233764E+05  0.124305E+04
  0.165001E+01  0.229473E+05  0.123484E+04
  0.165226E+01  0.262927E+05  0.124313E+04
  0.165450E+01  0.254309E+05  0.123243E+04
  0.165675E+01  0.276945E+05  0.123722E+04
  0.165900E+01  0.267855E+05  0.124190E+04
  0.166125E+01  0.255909E+05  0.123011E+04
  0.166350E+01  0.262800E+05  0.123764E+04
  0.166575E+01  0.280109E+05  0.123434E+04
  0.166800E+01  0.244891E+05  0.123863E+04
  0.167025E+01  0.275964E+05  0.123559E+04
  0.167250E+01  0.248636E+05  0.122643E+04
  0.167475E+01  0.246600E+05  0.123837E+04
  0.167700E+01  0.265927E+05  0.122766E+04
  0.167925E+01  0.255073E+05  0.123663E+04
  0.168150E+01  0.234236E+05  0.122603E+04
  0.168375E+01  0.232818E+05  0.122525E+04
  0.168600E+01  0.220164E+05  0.123476E+04
  0.168825E+01  0.220000E+05  0.122730E+04
  0.169050E+01  0.226200E+05  0.122876E+04
  0.169275E+01  0.208927E+05  0.121874E+04
  0.169500E+01  0.231382E+05  0.122737E+04
  0.169725E+01  0.251545E+05  0.123312E+04
  0.169950E+01  0.260800E+05  0.122075E+04
  0.170175E+01  0.256709E+05  0.122618E+04
  0.170400E+01  0.279727E+05  0.122122E+04
  0.170625E+01  0.254691E+05  0.123106E+04
  0.170850E+01  0.240218E+05  0.122306E+04
  0.171075E+01  0.209800E+05  0.121748E+04
  0.171300E+01  0.229527E+05  0.122304E+04
  0.171525E+01  0.241491E+05  0.122156E+04
  0.171750E+01  0.266927E+05  0.122596E+04
  0.171975E+01  0.236255E+05  0.121313E+04
  0.172200E+01  0.206418E+05  0.121539E+04
  0.172425E+01  0.186909E+05  0.122088E+04
  0.172650E+01  0.215255E+05  0.121405E+04
  0.172874E+01  0.217691E+05  0.121936E+04
  0.173099E+01  0.218909E+05  0.120459E+04
  0.173324E+01  0.227291E+05  0.121788E+04
  0.173549E+01  0.213073E+05  0.121585E+04
  0.173774E+01  0.187855E+05  0.121400E+04
  0.173999E+01  0.230727E+05  0.121599E+04
  0.174224E+01  0.229218E+05  0.120464E+04
  0.174449E+01  0.210527E+05  0.121586E+04
  0.174674E+01  0.223945E+05  0.120991E+04
  0.174899E+01  0.208673E+05  0.121194E+04
  0.175124E+01  0.187364E+05  0.121088E+04
  0.175349E+01  0.200091E+05  0.120899E+04
  0.175574E+01  0.198364E+05  0.121303E+04
  0.175799E+01  0.190600E+05  0.119815E+04
  0.176024E+01  0.205109E+05  0.120771E+04
  0.176249E+01  0.210709E+05  0.120746E+04
  0.176474E+01  0.179618E+05  0.120403E+04
  0.176699E+01  0.183236E+05  0.120624E+04
  0.176924E+01  0.216527E+05  0.119742E+04
  0.177149E+01  0.214091E+05  0.121075E+04
  0.177374E+01  0.225782E+05  0.120549E+04
  0.177599E+01  0.202127E+05  0.120156E+04
  0.177824E+01  0.208855E+05  0.120211E+04
  0.178049E+01  0.158309E+05  0.119806E+04
  0.178274E+01  0.160927E+05  0.120646E+04
  0.178499E+01  0.206545E+05  0.119688E+04
  0.178724E+01  0.203036E+05  0.119888E+04
  0.178949E+01  0.197000E+05  0.120026E+04
  0.179174E+01  0.206618E+05  0.119814E+04
  0.179399E+01  0.174091E+05  0.120303E+04
  0.179624E+01  0.183255E+05  0.118923E+04
  0.179849E+01  0.206836E+05  0.119854E+04
  0.180074E+01  0.203018E+05  0.119599E+04
  0.180298E+01  0.196509E+05  0.119572E+04
  0.180523E+01  0.171564E+05  0.119612E+04
  0.180748E+01  0.161891E+05  0.118651E+04
  0.180973E+01  0.153382E+05  0.120179E+04
  0.181198E+01  0.145564E+05  0.119042E+04
  0.181423E+01  0.190691E+05  0.119158E+04
  0.181648E+01  0.197673E+05  0.118875E+04
  0.181873E+01  0.156382E+05  0.118902E+04
  0.182098E+01  0.160455E+05  0.120188E+04
  0.182323E+01  0.176600E+05  0.118249E+04
  0.182548E+01  0.167036E+05  0.119040E+04
  0.182773E+01  0.169836E+05  0.118635E+04
  0.182998E+01  0.206345E+05  0.118777E+04
  0.183223E+01  0.160436E+05  0.119626E+04
  0.183448E+01  0.172145E+05  0.117820E+04
  0.183673E+01  0.149836E+05  0.118993E+04
  0.183898E+01  0.169091E+05  0.118409E+04
  0.184123E+01  0.151036E+05  0.118387E+04
  0.184348E+01  0.199200E+05  0.118868E+04
  0.184573E+01  0.182200E+05  0.117652E+04
  0.184798E+01  0.144200E+05  0.118608E+04
  0.185023E+01  0.156255E+05  0.118128E+04
  0.185248E+01  0.169855E+05  0.118343E+04
  0.185473E+01  0.186273E+05  0.117922E+04
  0.185698E+01  0.166945E+05  0.117787E+04
  0.185923E+01  0.171564E+05  0.119111E+04
  0.186148E+01  0.162873E+05  0.117259E+04
  0.186373E+01  0.159745E+05  0.117955E+04
  0.186598E+01  0.155836E+05  0.117876E+04
  0.186823E+01  0.129527E+05  0.117966E+04
  0.187048E+01  0.139600E+05  0.117912E+04
  0.187273E+01  0.165909E+05  0.117178E+04
  0.187498E+01  0.163364E+05  0.118104E+04
  0.187722E+01  0.148436E+05  0.117839E+04
  0.187947E+01  0.189436E+05  0.117944E+04
  0.188172E+01  0.148036E+05  0.117864E+04
  0.188397E+01  0.142182E+05  0.116814E+04
  0.188622E+01  0.168800E+05  0.117742E+04
  0.188847E+01  0.153727E+05  0.117187E+04
  0.189072E+01  0.150709E+05  0.117178E+04
  0.189297E+01  0.144727E+05  0.117070E+04
  0.189522E+01  0.128473E+05  0.116593E+04
  0.189747E+01  0.129327E+05  0.117697E+04
  0.189972E+01  0.139200E+05  0.116622E+04
  0.190197E+01  0.168000E+05  0.116794E+04
  0.190422E+01  0.161600E+05  0.117041E+04
  0.190647E+01  0.154782E+05  0.117185E+04
  0.190872E+01  0.169382E+05  0.117153E+04
  0.191097E+01  0.160509E+05  0.116039E+04
  0.191322E+01  0.137036E+05  0.116734E+04
  0.191547E+01  0.146218E+05  0.116814E+04
  0.191772E+01  0.132509E+05  0.116988E+04
  0.191997E+01  0.108473E+05  0.116431E+04
  0.192222E+01  0.138836E+05  0.116130E+04
  0.192447E+01  0.136964E+05  0.116867E+04
  0.192672E+01  0.118255E+05  0.116161E+04
  0.192897E+01  0.137418E+05  0.116698E+04
  0.193122E+01  0.134073E+05  0.115955E+04
  0.193347E+01  0.112909E+05  0.116114E+04
  0.193572E+01  0.119145E+05  0.116223E+04
  0.193797E+01  0.105982E+05  0.115387E+04
  0.194022E+01  0.124400E+05  0.116079E+04
  0.194247E+01  0.118218E+05  0.115706E+04
  0.194472E+01  0.113109E+05  0.116219E+04
  0.194697E+01  0.131236E+05  0.115993E+04
  0.194922E+01  0.123945E+05  0.115392E+04
  0.195146E+01  0.107291E+05  0.116402E+04
  0.195371E+01  0.130364E+05  0.115463E+04
  0.195596E+01  0.136455E+05  0.116301E+04
  0.195821E+01  0.145327E+05  0.115299E+04
  0.196046E+01  0.122364E+05  0.115782E+04
  0.196271E+01  0.124364E+05  0.115934E+04
  0.196496E+01  0.123036E+05  0.115343E+04
  0.196721E+01  0.125436E+05  0.115692E+04
  0.196946E+01  0.109145E+05  0.114539E+04
  0.197171E+01  0.100109E+05  0.115768E+04
  0.197396E+01  0.107745E+05  0.115711E+04
  0.197621E+01  0.129109E+05  0.114691E+04
  0.197846E+01  0.113636E+05  0.115171E+04
  0.198071E+01  0.995273E+04  0.114634E+04
  0.198296E+01  0.104636E+05  0.115908E+04
  0.198521E+01  0.117964E+05  0.115265E+04
  0.198746E+01  0.101491E+05  0.114299E+04
  0.198971E+01  0.125291E+05  0.115364E+04
  0.199196E+01  0.111273E+05  0.114295E+04
  0.199421E+01  0.108800E+05  0.114849E+04
  0.199646E+01  0.128909E+05  0.114582E+04
  0.199871E+01  0.110073E+05  0.114660E+04
  0.200096E+01  0.112709E+05  0.114995E+04
  0.200321E+01  0.127527E+05  0.114821E+04
  0.200546E+01  0.116673E+05  0.114590E+04
  0.200771E+01  0.113800E+05  0.113705E+04
  0.200996E+01  0.964727E+04  0.114445E+04
  0.201221E+01  0.111509E+05  0.114979E+04
  0.201446E+01  0.102273E+05  0.113969E+04
  0.201671E+01  0.122636E+05  0.114447E+04
  0.201896E+01  0.937091E+04  0.113820E+04
  0.202121E+01  0.105145E+05  0.114606E+04
  0.202346E+01  0.112855E+05  0.113804E+04
  0.202570E+01  0.131909E+05  0.113977E+04
  0.202795E+01  0.106545E+05  0.114448E+04
  0.203020E+01  0.117800E+05  0.113714E+04
  0.203245E+01  0.102945E+05  0.114463E+04
  0.203470E+01  0.660182E+04  0.113088E+04
  0.203695E+01  0.102564E+05  0.113804E+04
  0.203920E+01  0.963455E+04  0.113920E+04
  0.204145E+01  0.624182E+04  0.113419E+04
  0.204370E+01  0.794545E+04  0.113965E+04
  0.204595E+01  0.104473E+05  0.112898E+04
  0.204820E+01  0.110691E+05  0.113982E+04
  0.205045E+01  0.826545E+04  0.113565E+04
  0.205270E+01  0.709455E+04  0.113086E+04
  0.205495E+01  0.980182E+04  0.113660E+04
  0.205720E+01  0.669455E+04  0.113199E+04
  0.205945E+01  0.673091E+04  0.113962E+04
  0.206170E+01  0.761818E+04  0.112660E+04
  0.206395E+01  0.690909E+04  0.112812E+04
  0.206620E+01  0.732545E+04  0.113565E+04
  0.206845E+01  0.930545E+04  0.113015E+04
  0.207070E+01  0.145418E+05  0.113843E+04
  0.207295E+01  0.119164E+05  0.112229E+04
  0.207520E+01  0.105836E+05  0.113310E+04
  0.207745E+01  0.856000E+04  0.113217E+04
  0.207970E+01  0.739455E+04  0.112424E+04
  0.208195E+01  0.640909E+04  0.113249E+04
  0.208420E+01  0.857636E+04  0.111925E+04
  0.208645E+01  0.858000E+04  0.113273E+04
  0.208870E+01  0.875273E+04  0.112618E+04
  0.209095E+01  0.794545E+04  0.112262E+04
  0.209320E+01  0.878364E+04  0.112715E+04
  0.209545E+01  0.109255E+05  0.112484E+04
  0.209770E+01  0.823273E+04  0.113109E+04
  0.209994E+01  0.853636E+04  0.112035E+04
  0.210219E+01  0.972545E+04  0.112081E+04
  0.210444E+01  0.109236E+05  0.112639E+04
  0.210669E+01  0.939818E+04  0.112259E+04
  0.210894E+01  0.815091E+04  0.112606E+04
  0.211119E+01  0.823091E+04  0.111493E+04
  0.211344E+01  0.792909E+04  0.112337E+04
  0.211569E+01  0.827273E+04  0.112313E+04
  0.211794E+01  0.540909E+04  0.112273E+04
  0.212019E+01  0.758909E+04  0.112235E+04
  0.212244E+01  0.674727E+04  0.110990E+04
  0.212469E+01  0.859091E+04  0.112282E+04
  0.212694E+01  0.757818E+04  0.112083E+04
  0.212919E+01  0.730909E+04  0.111663E+04
  0.213144E+01  0.709636E+04  0.111925E+04
  0.213369E+01  0.665455E+04  0.111601E+04
  0.213594E+01  0.914000E+04  0.112026E+04
  0.213819E+01  0.435818E+04  0.111193E+04
  0.214044E+01  0.547636E+04  0.111506E+04
  0.214269E+01  0.744000E+04  0.112017E+04
  0.214494E+01  0.686182E+04  0.111326E+04
  0.214719E+01  0.840000E+04  0.111501E+04
  0.214944E+01  0.775091E+04  0.110877E+04
  0.215169E+01  0.552182E+04  0.111607E+04
  0.215394E+01  0.591091E+04  0.111640E+04
  0.215619E+01  0.795818E+04  0.111597E+04
  0.215844E+01  0.548364E+04  0.110967E+04
  0.216069E+01  0.913818E+04  0.110806E+04
  0.216294E+01  0.633455E+04  0.111692E+04
  0.216519E+01  0.643636E+04  0.110947E+04
  0.216744E+01  0.529273E+04  0.111108E+04
  0.216969E+01  0.721091E+04  0.110680E+04
  0.217194E+01  0.985636E+04  0.111012E+04
  0.217419E+01  0.860727E+04  0.111573E+04
  0.217643E+01  0.920182E+04  0.110207E+04
  0.217868E+01  0.945636E+04  0.111188E+04
  0.218093E+01  0.884000E+04  0.110555E+04
  0.218318E+01  0.970364E+04  0.111450E+04
  0.218543E+01  0.508000E+04  0.110773E+04
  0.218768E+01  0.481818E+04  0.109948E+04
  0.218993E+01  0.636545E+04  0.111185E+04
  0.219218E+01  0.669818E+04  0.110117E+04
  0.219443E+01  0.655455E+04  0.111142E+04
  0.219668E+01  0.531091E+04  0.110390E+04
  0.219893E+01  0.588000E+04  0.109893E+04
  0.220118E+01  0.551091E+04  0.111022E+04
  0.220343E+01  0.638182E+04  0.109991E+04
  0.220568E+01  0.606182E+04  0.110500E+04
  0.220793E+01  0.681273E+04  0.110211E+04
  0.221018E+01  0.641636E+04  0.110329E+04
  0.221243E+01  0.576727E+04  0.111112E+04
  0.221468E+01  0.620000E+04  0.109224E+04
  0.221693E+01  0.616182E+04  0.110185E+04
  0.221918E+01  0.449636E+04  0.109758E+04
  0.222143E+01  0.363091E+04  0.110472E+04
  0.222368E+01  0.385273E+04  0.110276E+04
  0.222593E+01  0.491818E+04  0.109383E+04
  0.222818E+01  0.523273E+04  0.110537E+04
  0.223043E+01  0.429273E+04  0.109349E+04
  0.223268E+01  0.666000E+04  0.110013E+04
  0.223493E+01  0.743091E+04  0.109724E+04
  0.223718E+01  0.505273E+04  0.109579E+04
  0.223943E+01  0.468909E+04  0.110438E+04
  0.224168E+01  0.765273E+04  0.109356E+04
  0.224393E+01  0.446182E+04  0.109443E+04
  0.224618E+01  0.480909E+04  0.109440E+04
  0.224843E+01  0.508909E+04  0.109747E+04
  0.225067E+01  0.481636E+04  0.110140E+04
  0.225292E+01  0.532545E+04  0.109020E+04
  0.225517E+01  0.653818E+04  0.108864E+04
  0.225742E+01  0.575091E+04  0.109247E+04
  0.225967E+01  0.424545E+04  0.109617E+04
  0.226192E+01  0.675455E+04  0.109695E+04
  0.226417E+01  0.564545E+04  0.108561E+04
  0.226642E+01  0.266000E+04  0.109672E+04
  0.226867E+01  0.322545E+04  0.108862E+04
  0.227092E+01  0.292000E+04  0.109672E+04
  0.227317E+01  0.204000E+04  0.109945E+04
  0.227542E+01  0.488000E+04  0.109991E+04
  0.227767E+01  0.453455E+04  0.110948E+04
  0.227992E+01  0.399636E+04  0.109794E+04
  0.228217E+01  0.512545E+04  0.110309E+04
  0.228442E+01  0.279636E+04  0.109414E+04
  0.228667E+01  0.374364E+04  0.110161E+04
  0.228892E+01  0.480727E+04  0.110497E+04
  0.229117E+01  0.662364E+04  0.109617E+04
  0.229342E+01  0.737636E+04  0.110285E+04
  0.229567E+01  0.738545E+04  0.109573E+04
  0.229792E+01  0.437091E+04  0.109981E+04
  0.230017E+01  0.616000E+04  0.110187E+04
  0.230242E+01  0.526545E+04  0.109216E+04
  0.230467E+01  0.764182E+04  0.110356E+04
  0.230692E+01  0.493818E+04  0.109519E+04
  0.230917E+01  0.349273E+04  0.109960E+04
  0.231142E+01  0.284364E+04  0.108716E+04
  0.231367E+01  0.447636E+04  0.109936E+04
  0.231592E+01  0.622364E+04  0.109860E+04
  0.231817E+01  0.595636E+04  0.109434E+04
  0.232042E+01  0.544364E+04  0.109658E+04
  0.232267E+01  0.528364E+04  0.108939E+04
  0.232491E+01  0.296545E+04  0.109720E+04
  0.232716E+01  0.189091E+04  0.109151E+04
  0.232941E+01  0.423818E+04  0.108982E+04
  0.233166E+01  0.310182E+04  0.109507E+04
  0.233391E+01  0.297636E+04  0.108853E+04
  0.233616E+01  0.382545E+04  0.109523E+04
  0.233841E+01  0.451636E+04  0.108705E+04
  0.234066E+01  0.279091E+04  0.108826E+04
  0.234291E+01  0.409091E+04  0.109349E+04
  0.234516E+01  0.470182E+04  0.108718E+04
  0.234741E+01  0.537273E+04  0.109208E+04
  0.234966E+01  0.484182E+04  0.108419E+04
  0.235191E+01  0.529636E+04  0.108835E+04
  0.235416E+01  0.460727E+04  0.109427E+04
  0.235641E+01  0.293455E+04  0.108499E+04
  0.235866E+01  0.386182E+04  0.108775E+04
  0.236091E+01  0.471636E+04  0.108183E+04
  0.236316E+01  0.496909E+04  0.108799E+04
  0.236541E+01  0.432364E+04  0.108909E+04
  0.236766E+01  0.392000E+04  0.108273E+04
  0.236991E+01  0.514000E+04  0.108847E+04
  0.237216E+01  0.475636E+04  0.107995E+04
  0.237441E+01  0.549273E+04  0.109152E+04
  0.237666E+01  0.564000E+04  0.108259E+04
  0.237891E+01  0.630545E+04  0.108075E+04
  0.238116E+01  0.468727E+04  0.108482E+04
  0.238341E+01  0.346909E+04  0.108057E+04
  0.238566E+01  0.300909E+04  0.108580E+04
  0.238791E+01  0.538182E+04  0.107547E+04
  0.239016E+01  0.555636E+04  0.108703E+04
  0.239241E+01  0.596000E+04  0.108604E+04
  0.239466E+01  0.502545E+04  0.107646E+04
  0.239691E+01  0.635091E+04  0.107865E+04
  0.239915E+01  0.276364E+04  0.105968E+04
  0.240140E+01  0.383636E+04  0.107118E+04
  0.240365E+01  0.300909E+04  0.106758E+04
  0.240590E+01  0.162000E+04  0.106427E+04
  0.240815E+01  0.538182E+03  0.106624E+04
  0.241040E+01  0.122000E+04  0.106280E+04
  0.241265E+01  0.189091E+04  0.107128E+04
  0.241490E+01  0.541455E+04  0.106057E+04
  0.241715E+01  0.548909E+04  0.106387E+04
  0.241940E+01  0.496182E+04  0.106732E+04
  0.242165E+01  0.518909E+04  0.106361E+04
  0.242390E+01  0.518182E+04  0.106738E+04
  0.242615E+01  0.466909E+04  0.105712E+04
  0.242840E+01  0.314364E+04  0.106879E+04
  0.243065E+01  0.262000E+04  0.106374E+04
  0.243290E+01  0.350727E+04  0.106041E+04
  0.243515E+01  0.120364E+04  0.106203E+04
  0.243740E+01  0.198545E+04  0.105440E+04
  0.243965E+01  0.413636E+04  0.106937E+04
  0.244190E+01  0.494909E+04  0.106061E+04
  0.244415E+01  0.317091E+04  0.105988E+04
  0.244640E+01  0.197273E+04  0.105986E+04
  0.244865E+01  0.368909E+04  0.105631E+04
  0.245090E+01  0.388182E+04  0.106485E+04
  0.245315E+01  0.368182E+04  0.105100E+04
  0.245540E+01  0.595091E+04  0.105635E+04
  0.245765E+01  0.531091E+04  0.106231E+04
  0.245990E+01  0.500727E+04  0.105928E+04
  0.246215E+01  0.355273E+04  0.106219E+04
  0.246440E+01  0.333636E+04  0.104792E+04
  0.246665E+01  0.459455E+04  0.105737E+04
  0.246890E+01  0.168727E+04  0.105378E+04
  0.247115E+01  0.193455E+04  0.105567E+04
  0.247339E+01  0.152364E+04  0.105726E+04
  0.247564E+01  0.209455E+04  0.105094E+04
  0.247789E+01  0.384727E+04  0.105848E+04
  0.248014E+01  0.204545E+04  0.105213E+04
  0.248239E+01  0.291818E+04  0.105232E+04
  0.248464E+01  0.317636E+04  0.105543E+04
  0.248689E+01  0.258000E+04  0.104871E+04
  0.248914E+01  0.155273E+04  0.105573E+04
  0.249139E+01  0.476364E+03  0.104578E+04
  0.249364E+01  0.332364E+04  0.105212E+04
  0.249589E+01  0.424727E+04  0.105481E+04
  0.249814E+01  0.375273E+04  0.105292E+04
  0.250039E+01  0.330545E+04  0.105433E+04
  0.250264E+01  0.514364E+04  0.104325E+04
  0.250489E+01  0.304727E+04  0.105471E+04
  0.250714E+01  0.261091E+04  0.104982E+04
  0.250939E+01  0.271273E+04  0.104847E+04
  0.251164E+01  0.393636E+04  0.104844E+04
  0.251389E+01  0.541818E+03  0.104402E+04
  0.251614E+01  0.236182E+04  0.105518E+04
  0.251839E+01  0.416545E+04  0.104468E+04
  0.252064E+01  0.467455E+04  0.104731E+04
  0.252289E+01  0.392182E+04  0.104733E+04
  0.252514E+01  0.138727E+04  0.104349E+04
  0.252739E+01  0.543091E+04  0.105654E+04
  0.252964E+01  0.164000E+04  0.103724E+04
  0.253189E+01  0.453091E+04  0.104537E+04
  0.253414E+01  0.190000E+04  0.104256E+04
  0.253639E+01  0.266727E+04  0.104845E+04
  0.253864E+01  0.146000E+04  0.104670E+04
  0.254089E+01  0.454182E+04  0.103566E+04
  0.254314E+01  0.410545E+04  0.104811E+04
  0.254539E+01  0.299636E+04  0.104325E+04
  0.254763E+01  0.194000E+04  0.104266E+04
  0.254988E+01  0.253091E+04  0.104109E+04
  0.255213E+01  0.355455E+04  0.103823E+04
  0.255438E+01  0.158909E+04  0.104913E+04
  0.255663E+01  0.297091E+04  0.104156E+04
  0.255888E+01  0.120727E+04  0.104130E+04
  0.256113E+01  0.102364E+04  0.103549E+04
  0.256338E+01  0.324909E+04  0.103904E+04
  0.256563E+01  0.249818E+04  0.104518E+04
  0.256788E+01  0.233091E+04  0.103825E+04
  0.257013E+01  0.431636E+04  0.103998E+04
  0.257238E+01  0.414000E+04  0.103574E+04
  0.257463E+01  0.264727E+04  0.104018E+04
  0.257688E+01  0.355455E+04  0.103925E+04
  0.257913E+01  0.435455E+04  0.103308E+04
  0.258138E+01  0.332364E+04  0.104199E+04
  0.258363E+01  0.408727E+04  0.103381E+04
  0.258588E+01  0.392545E+04  0.104000E+04
  0.258813E+01  0.243818E+04  0.103309E+04
  0.259038E+01  0.186364E+04  0.103304E+04
  0.259263E+01  0.445818E+04  0.104081E+04
  0.259488E+01  0.444545E+04  0.103299E+04
  0.259713E+01  0.302364E+04  0.103596E+04
  0.259938E+01  0.299273E+04  0.103167E+04
  0.260163E+01  0.359455E+04  0.103619E+04
  0.260388E+01  0.210000E+04  0.103568E+04
  0.260613E+01  0.452000E+04  0.103126E+04
  0.260838E+01  0.414364E+04  0.103715E+04
  0.261063E+01  0.338000E+04  0.103102E+04
  0.261288E+01  0.451455E+04  0.103788E+04
  0.261513E+01  0.366000E+04  0.103159E+04
  0.261738E+01  0.514727E+04  0.102429E+04
  0.261963E+01  0.308909E+04  0.103810E+04
  0.262187E+01  0.365818E+04  0.102575E+04
  0.262412E+01  0.163455E+04  0.103481E+04
  0.262637E+01  0.233091E+04  0.102317E+04
  0.262862E+01  0.219273E+04  0.103152E+04
  0.263087E+01  0.296000E+04  0.103338E+04
  0.263312E+01  0.364364E+04  0.102424E+04
  0.263537E+01  0.391273E+04  0.103399E+04
  0.263762E+01  0.117636E+04  0.102138E+04
  0.263987E+01 -0.149636E+04  0.103262E+04
  0.264212E+01  0.710909E+03  0.103096E+04
  0.264437E+01  0.251091E+04  0.102132E+04
  0.264662E+01  0.143455E+04  0.103348E+04
  0.264887E+01  0.225273E+04  0.102145E+04
  0.265112E+01  0.129636E+04  0.103238E+04
  0.265337E+01  0.262364E+04  0.102599E+04
  0.265562E+01  0.285818E+04  0.102141E+04
  0.265787E+01  0.464000E+04  0.103061E+04
  0.266012E+01  0.306545E+04  0.102053E+04
  0.266237E+01  0.363455E+04  0.103106E+04
  0.266462E+01  0.370909E+04  0.101996E+04
  0.266687E+01  0.435818E+04  0.102584E+04
  0.266912E+01  0.114545E+04  0.102655E+04
  0.267137E+01  0.126000E+04  0.101429E+04
  0.267362E+01  0.287818E+04  0.102700E+04
  0.267587E+01  0.284545E+04  0.101965E+04
  0.267812E+01  0.190000E+04  0.102335E+04
  0.268037E+01  0.429091E+04  0.102928E+04
  0.268262E+01  0.225455E+04  0.101820E+04
  0.268487E+01  0.183636E+03  0.102723E+04
  0.268712E+01  0.296727E+04  0.101776E+04
  0.268937E+01  0.120909E+04  0.102219E+04
  0.269162E+01  0.174727E+04  0.102072E+04
  0.269387E+01  0.397818E+04  0.101952E+04
  0.269611E+01  0.312727E+04  0.102696E+04
  0.269836E+01  0.370545E+04  0.101959E+04
  0.270061E+01  0.275273E+04  0.101971E+04
  0.270286E+01  0.259091E+04  0.101862E+04
  0.270511E+01  0.155636E+04  0.101665E+04
  0.270736E+01  0.187818E+04  0.102193E+04
  0.270961E+01  0.185455E+04  0.101626E+04
  0.271186E+01  0.306727E+04  0.101920E+04
  0.271411E+01  0.357818E+04  0.101508E+04
  0.271636E+01  0.421818E+04  0.101721E+04
  0.271861E+01  0.312364E+04  0.101974E+04
  0.272086E+01  0.316727E+04  0.101553E+04
  0.272311E+01  0.210000E+04  0.101792E+04
  0.272536E+01  0.240727E+04  0.101409E+04
  0.272761E+01  0.369273E+04  0.101900E+04
  0.272986E+01  0.555818E+04  0.101034E+04
  0.273211E+01  0.528364E+04  0.101998E+04
  0.273436E+01  0.144000E+04  0.101665E+04
  0.273661E+01  0.340545E+04  0.101487E+04
  0.273886E+01  0.248545E+04  0.101848E+04
  0.274111E+01  0.292909E+04  0.100932E+04
  0.274336E+01  0.289091E+04  0.101623E+04
  0.274561E+01  0.357818E+04  0.101156E+04
  0.274786E+01  0.388182E+04  0.101556E+04
  0.275011E+01  0.365273E+04  0.101758E+04
  0.275236E+01  0.227455E+04  0.100884E+04
  0.275461E+01  0.265818E+04  0.101724E+04
  0.275686E+01  0.892727E+03  0.100879E+04
  0.275911E+01 -0.490909E+02  0.101337E+04
  0.276136E+01  0.282182E+04  0.101250E+04
  0.276361E+01  0.660000E+04  0.100961E+04
  0.276586E+01  0.763818E+04  0.102083E+04
  0.276811E+01  0.448000E+04  0.100072E+04
  0.277036E+01  0.452000E+04  0.101557E+04
  0.277260E+01  0.420000E+04  0.101222E+04
  0.277485E+01  0.428909E+04  0.100882E+04
  0.277710E+01  0.602545E+04  0.101330E+04
  0.277935E+01  0.332727E+04  0.100072E+04
  0.278160E+01  0.106364E+04  0.101343E+04
  0.278385E+01  0.276364E+04  0.100792E+04
  0.278610E+01  0.241091E+04  0.100856E+04
  0.278835E+01  0.404364E+04  0.100926E+04
  0.279060E+01  0.584545E+04  0.100589E+04
  0.279285E+01  0.323818E+04  0.101521E+04
  0.279510E+01  0.447091E+04  0.100536E+04
  0.279735E+01  0.482727E+04  0.100644E+04
  0.279960E+01  0.437636E+04  0.100859E+04
  0.280185E+01  0.548182E+04  0.100358E+04
  0.280410E+01  0.260000E+04  0.101479E+04
  0.280635E+01  0.225818E+04  0.100116E+04
  0.280860E+01  0.305273E+04  0.100576E+04
  0.281085E+01  0.277455E+04  0.100690E+04
  0.281310E+01  0.193636E+04  0.100405E+04
  0.281535E+01  0.329636E+04  0.100716E+04
  0.281760E+01  0.311818E+04  0.100054E+04
  0.281985E+01  0.250364E+04  0.100698E+04
  0.282210E+01  0.370727E+04  0.100377E+04
  0.282435E+01 -0.143636E+03  0.100246E+04
  0.282660E+01  0.151818E+04  0.100266E+04
  0.282885E+01  0.167455E+04  0.100063E+04
  0.283110E+01  0.354364E+04  0.100721E+04
  0.283335E+01  0.477091E+04  0.998044E+03
  0.283560E+01  0.348727E+04  0.100136E+04
  0.283785E+01  0.336182E+04  0.100305E+04
  0.284010E+01  0.581818E+04  0.100015E+04
  0.284235E+01  0.462545E+04  0.101234E+04
  0.284460E+01  0.403636E+04  0.996148E+03
  0.284684E+01  0.342545E+04  0.100607E+04
  0.284909E+01  0.265818E+04  0.998792E+03
  0.285134E+01  0.269091E+04  0.100225E+04
  0.285359E+01  0.760000E+03  0.100196E+04
  0.285584E+01  0.221091E+04  0.994487E+03
  0.285809E+01  0.925455E+03  0.100384E+04
  0.286034E+01  0.972727E+03  0.996032E+03
  0.286259E+01  0.196909E+04  0.100251E+04
  0.286484E+01  0.334364E+04  0.100105E+04
  0.286709E+01  0.257273E+04  0.996160E+03
  0.286934E+01  0.486364E+04  0.100434E+04
  0.287159E+01  0.266364E+04  0.991819E+03
  0.287384E+01  0.235091E+04  0.997483E+03
  0.287609E+01  0.486000E+04  0.998415E+03
  0.287834E+01  0.432364E+04  0.998411E+03
  0.288059E+01  0.471636E+04  0.100192E+04
  0.288284E+01  0.532545E+04  0.991174E+03
  0.288509E+01  0.687636E+04  0.100324E+04
  0.288734E+01  0.444909E+04  0.996062E+03
  0.288959E+01  0.289455E+04  0.100051E+04
  0.289184E+01  0.184364E+04  0.995916E+03
  0.289409E+01  0.352364E+04  0.990199E+03
  0.289634E+01  0.254000E+04  0.999998E+03
  0.289859E+01  0.234364E+04  0.992044E+03
  0.290084E+01  0.477273E+04  0.999422E+03
  0.290309E+01  0.366182E+04  0.997012E+03
  0.290534E+01  0.443636E+04  0.990362E+03
  0.290759E+01  0.321636E+04  0.100094E+04
  0.290984E+01  0.342727E+04  0.989474E+03
  0.291209E+01  0.401455E+04  0.997551E+03
  0.291434E+01  0.462727E+04  0.994498E+03
  0.291659E+01  0.417273E+04  0.997466E+03
  0.291884E+01  0.541273E+04  0.999277E+03
  0.292108E+01  0.545455E+04  0.986468E+03
  0.292333E+01  0.491091E+04  0.996461E+03
  0.292558E+01  0.410364E+04  0.991615E+03
  0.292783E+01  0.476182E+04  0.995416E+03
  0.293008E+01  0.313636E+04  0.991855E+03
  0.293233E+01  0.252909E+04  0.987446E+03
  0.293458E+01  0.618182E+03  0.994630E+03
  0.293683E+01  0.329455E+04  0.989124E+03
  0.293908E+01  0.501091E+04  0.993624E+03
  0.294133E+01  0.217455E+04  0.989096E+03
  0.294358E+01  0.356727E+04  0.989997E+03
  0.294583E+01  0.244000E+04  0.995687E+03
  0.294808E+01  0.157636E+04  0.987197E+03
  0.295033E+01  0.226909E+04  0.987958E+03
  0.295258E+01  0.233091E+04  0.991702E+03
  0.295483E+01  0.195636E+04  0.991539E+03
  0.295708E+01  0.347455E+04  0.992648E+03
  0.295933E+01  0.497455E+04  0.988380E+03
  0.296158E+01  0.464364E+04  0.990836E+03
  0.296383E+01  0.459273E+04  0.987670E+03
  0.296608E+01  0.145455E+04  0.993264E+03
  0.296833E+01  0.136182E+04  0.985180E+03
  0.297058E+01  0.195455E+04  0.989577E+03
  0.297283E+01  0.266182E+04  0.995062E+03
  0.297508E+01  0.981818E+03  0.985391E+03
  0.297733E+01  0.201636E+04  0.988552E+03
  0.297958E+01  0.348182E+04  0.981641E+03
  0.298183E+01  0.413636E+04  0.990323E+03
  0.298408E+01  0.256182E+04  0.990099E+03
  0.298633E+01  0.338545E+04  0.986357E+03
  0.298858E+01  0.602727E+04  0.991477E+03
  0.299083E+01  0.498182E+04  0.979640E+03
  0.299308E+01  0.327818E+04  0.992598E+03
  0.299532E+01  0.178909E+04  0.986747E+03
  0.299757E+01  0.204182E+04  0.983023E+03
  0.299982E+01  0.328909E+04  0.992913E+03
  0.300207E+01  0.462000E+04  0.979945E+03
  0.300432E+01  0.522364E+04  0.992989E+03
  0.300657E+01  0.283273E+04  0.980071E+03
  0.300882E+01  0.328182E+04  0.986445E+03
  0.301107E+01  0.516182E+04  0.991676E+03
  0.301332E+01  0.616000E+04  0.982400E+03
  0.301557E+01  0.331091E+04  0.988612E+03
  0.301782E+01  0.313273E+04  0.980786E+03
  0.302007E+01  0.229091E+04  0.985216E+03
  0.302232E+01  0.144909E+04  0.986079E+03
  0.302457E+01  0.434364E+04  0.982310E+03
  0.302682E+01  0.109636E+04  0.986448E+03
  0.302907E+01  0.269818E+04  0.980529E+03
  0.303132E+01  0.192727E+04  0.988250E+03
  0.303357E+01  0.343091E+04  0.979075E+03
  0.303582E+01  0.455636E+04  0.980068E+03
  0.303807E+01  0.263091E+04  0.988468E+03
  0.304032E+01  0.430909E+04  0.978886E+03
  0.304257E+01  0.209273E+04  0.986414E+03
  0.304482E+01  0.223455E+04  0.978502E+03
  0.304707E+01  0.388545E+04  0.980744E+03
  0.304932E+01  0.354000E+04  0.986059E+03
  0.305157E+01  0.488364E+04  0.979439E+03
  0.305382E+01  0.435091E+04  0.984091E+03
  0.305607E+01  0.362545E+04  0.976325E+03
  0.305832E+01  0.257091E+04  0.983170E+03
  0.306057E+01  0.382909E+04  0.984713E+03
  0.306282E+01  0.413818E+04  0.976244E+03
  0.306507E+01  0.212727E+03  0.983476E+03
  0.306732E+01  0.144182E+04  0.975340E+03
  0.306956E+01  0.380909E+04  0.985457E+03
  0.307181E+01  0.491455E+04  0.979681E+03
  0.307406E+01  0.328364E+04  0.977534E+03
  0.307631E+01  0.220182E+04  0.983361E+03
  0.307856E+01  0.337091E+04  0.978110E+03
  0.308081E+01  0.404727E+04  0.983179E+03
  0.308306E+01  0.242000E+04  0.975039E+03
  0.308531E+01  0.288000E+04  0.979604E+03
  0.308756E+01  0.372182E+04  0.980199E+03
  0.308981E+01  0.358909E+04  0.976941E+03
  0.309206E+01  0.462545E+04  0.983463E+03
  0.309431E+01  0.496727E+04  0.973381E+03
  0.309656E+01  0.391091E+04  0.980605E+03
  0.309881E+01  0.284545E+04  0.978177E+03
  0.310106E+01  0.249273E+04  0.978485E+03
  0.310331E+01  0.254364E+04  0.978113E+03
  0.310556E+01  0.359818E+04  0.974096E+03
  0.310781E+01  0.468909E+04  0.982080E+03
  0.311006E+01  0.665455E+04  0.977630E+03
  0.311231E+01  0.354727E+04  0.977463E+03
  0.311456E+01  0.174364E+04  0.977380E+03
  0.311681E+01  0.566727E+04  0.977445E+03
  0.311906E+01  0.453455E+04  0.982812E+03
  0.312131E+01  0.515636E+04  0.972164E+03
  0.312356E+01  0.314364E+04  0.978852E+03
  0.312581E+01  0.258364E+04  0.976238E+03
  0.312806E+01  0.335818E+04  0.976675E+03
  0.313031E+01  0.595455E+04  0.976993E+03
  0.313256E+01  0.310182E+04  0.970455E+03
  0.313481E+01  0.415091E+04  0.980949E+03
  0.313706E+01  0.546727E+04  0.978902E+03
  0.313931E+01  0.303455E+04  0.977743E+03
  0.314156E+01  0.306727E+04  0.976110E+03
  0.314380E+01  0.253818E+04  0.969102E+03
  0.314605E+01  0.478545E+04  0.977592E+03
  0.314830E+01  0.316000E+04  0.971185E+03
  0.315055E+01  0.127273E+04  0.975869E+03
  0.315280E+01  0.258182E+04  0.975566E+03
  0.315505E+01  0.402000E+04  0.970986E+03
  0.315730E+01  0.444000E+04  0.979330E+03
  0.315955E+01  0.164545E+04  0.969270E+03
  0.316180E+01  0.998182E+03  0.975547E+03
  0.316405E+01  0.430182E+04  0.974872E+03
  0.316630E+01  0.464364E+04  0.975016E+03
  0.316855E+01  0.327273E+04  0.974129E+03
  0.317080E+01  0.253636E+04  0.970493E+03
  0.317305E+01  0.392727E+04  0.977945E+03
  0.317530E+01  0.477636E+04  0.973500E+03
  0.317755E+01  0.501636E+04  0.976031E+03
  0.317980E+01  0.446909E+04  0.972894E+03
  0.318205E+01  0.236727E+04  0.970781E+03
  0.318430E+01  0.238182E+04  0.976923E+03
  0.318655E+01  0.287455E+04  0.964335E+03
  0.318880E+01  0.658545E+04  0.973910E+03
  0.319105E+01  0.473818E+04  0.973827E+03
  0.319330E+01  0.257818E+04  0.972646E+03
  0.319555E+01  0.342182E+04  0.976021E+03
  0.319780E+01  0.369636E+04  0.963101E+03
  0.320005E+01  0.442727E+04  0.974901E+03
  0.320230E+01  0.212182E+04  0.965211E+03
  0.320455E+01  0.360727E+04  0.975244E+03
  0.320680E+01  0.270182E+04  0.972025E+03
  0.320905E+01  0.358182E+04  0.967656E+03
  0.321130E+01  0.327818E+04  0.974506E+03
  0.321355E+01  0.286909E+04  0.967168E+03
  0.321580E+01  0.284727E+04  0.973216E+03
  0.321804E+01  0.241273E+04  0.968903E+03
  0.322029E+01  0.331636E+04  0.969142E+03
  0.322254E+01  0.493091E+04  0.978844E+03
  0.322479E+01  0.381273E+04  0.963289E+03
  0.322704E+01  0.359455E+04  0.971233E+03
  0.322929E+01  0.506182E+04  0.968390E+03
  0.323154E+01  0.327818E+04  0.973701E+03
  0.323379E+01  0.326182E+04  0.972693E+03
  0.323604E+01  0.578727E+04  0.963516E+03
  0.323829E+01  0.280545E+04  0.972123E+03
  0.324054E+01  0.441273E+04  0.965422E+03
  0.324279E+01  0.440545E+04  0.972203E+03
  0.324504E+01  0.274727E+04  0.969461E+03
  0.324729E+01  0.927273E+03  0.964220E+03
  0.324954E+01  0.188000E+04  0.973703E+03
  0.325179E+01  0.437636E+04  0.966720E+03
  0.325404E+01  0.780000E+03  0.966727E+03
  0.325629E+01  0.150000E+04  0.966619E+03
  0.325854E+01  0.277091E+04  0.967663E+03
  0.326079E+01  0.429091E+04  0.974553E+03
  0.326304E+01  0.427091E+04  0.965377E+03
  0.326529E+01  0.342727E+04  0.969869E+03
  0.326754E+01  0.447636E+04  0.968010E+03
  0.326979E+01  0.411091E+04  0.970724E+03
  0.327204E+01  0.337091E+04  0.968798E+03
  0.327429E+01  0.165455E+04  0.962583E+03
  0.327654E+01  0.640000E+03  0.969707E+03
  0.327879E+01  0.262182E+04  0.965281E+03
  0.328104E+01  0.317636E+04  0.971052E+03
  0.328329E+01  0.429273E+04  0.964326E+03
  0.328554E+01  0.514545E+04  0.965900E+03
  0.328779E+01  0.270000E+04  0.972630E+03
  0.329004E+01  0.241091E+04  0.962886E+03
  0.329229E+01  0.272000E+04  0.969981E+03
  0.329453E+01  0.164909E+04  0.960779E+03
  0.329678E+01  0.349273E+04  0.967051E+03
  0.329903E+01  0.208364E+04  0.969406E+03
  0.330128E+01  0.296909E+04  0.959819E+03
  0.330353E+01  0.277636E+04  0.971691E+03
  0.330578E+01  0.247636E+04  0.963852E+03
  0.330803E+01  0.774545E+03  0.966708E+03
  0.331028E+01  0.347455E+04  0.965331E+03
  0.331253E+01  0.341273E+04  0.958995E+03
  0.331478E+01  0.371273E+04  0.971074E+03
  0.331703E+01  0.541455E+04  0.962991E+03
  0.331928E+01  0.470364E+04  0.970427E+03
  0.332153E+01  0.315636E+04  0.961460E+03
  0.332378E+01  0.214545E+04  0.962238E+03
  0.332603E+01  0.827273E+03  0.969110E+03
  0.332828E+01  0.311818E+04  0.964281E+03
  0.333053E+01  0.234364E+04  0.966594E+03
  0.333278E+01  0.816364E+03  0.958876E+03
  0.333503E+01  0.127091E+04  0.968425E+03
  0.333728E+01  0.632727E+03  0.967943E+03
  0.333953E+01  0.152182E+04  0.957900E+03
  0.334178E+01  0.295091E+04  0.968068E+03
  0.334403E+01  0.456727E+04  0.960443E+03
  0.334628E+01  0.414727E+04  0.967900E+03
  0.334853E+01  0.313818E+04  0.963048E+03
  0.335078E+01  0.199091E+04  0.958742E+03
  0.335303E+01  0.384545E+04  0.968272E+03
  0.335528E+01  0.166909E+04  0.958833E+03
  0.335753E+01  0.314364E+04  0.966190E+03
  0.335978E+01  0.152000E+04  0.958289E+03
  0.336203E+01  0.256909E+04  0.964104E+03
  0.336428E+01  0.363273E+04  0.965811E+03
  0.336653E+01  0.560909E+04  0.961400E+03
  0.336877E+01  0.355636E+04  0.967595E+03
  0.337102E+01  0.224182E+04  0.956928E+03
  0.337327E+01  0.287091E+04  0.965317E+03
  0.337552E+01  0.448727E+04  0.968008E+03
  0.337777E+01  0.395273E+04  0.956990E+03
  0.338002E+01  0.438000E+04  0.965511E+03
  0.338227E+01  0.435091E+04  0.959408E+03
  0.338452E+01  0.400000E+04  0.966571E+03
  0.338677E+01  0.300000E+04  0.962857E+03
  0.338902E+01  0.521455E+04  0.960114E+03
  0.339127E+01  0.438727E+04  0.967122E+03
  0.339352E+01  0.289091E+04  0.958196E+03
  0.339577E+01  0.207455E+04  0.962926E+03
  0.339802E+01  0.208727E+04  0.957022E+03
  0.340027E+01  0.474545E+04  0.962617E+03
  0.340252E+01  0.401636E+04  0.964682E+03
  0.340477E+01  0.446545E+04  0.961881E+03
  0.340702E+01  0.201818E+04  0.961148E+03
  0.340927E+01  0.290727E+04  0.958927E+03
  0.341152E+01  0.316000E+04  0.966388E+03
  0.341377E+01  0.290000E+04  0.962544E+03
  0.341602E+01  0.299455E+04  0.958522E+03
  0.341827E+01  0.395091E+04  0.963734E+03
  0.342052E+01  0.438364E+04  0.957408E+03
  0.342277E+01  0.160545E+04  0.964382E+03
  0.342502E+01  0.116727E+04  0.955106E+03
  0.342727E+01  0.281273E+04  0.961000E+03
  0.342952E+01  0.356364E+04  0.961858E+03
  0.343177E+01  0.326909E+04  0.959759E+03
  0.343402E+01  0.335818E+04  0.964885E+03
  0.343627E+01  0.566364E+04  0.953724E+03
  0.343852E+01  0.449091E+04  0.964147E+03
  0.344077E+01  0.372182E+04  0.963704E+03
  0.344301E+01  0.485636E+04  0.960166E+03
  0.344526E+01  0.461818E+04  0.964673E+03
  0.344751E+01  0.243818E+04  0.952186E+03
  0.344976E+01  0.282727E+04  0.966013E+03
  0.345201E+01  0.321091E+04  0.957716E+03
  0.345426E+01  0.772727E+03  0.956821E+03
  0.345651E+01  0.370909E+04  0.964112E+03
  0.345876E+01  0.293091E+04  0.955846E+03
  0.346101E+01  0.477818E+04  0.964774E+03
  0.346326E+01  0.592727E+04  0.954359E+03
  0.346551E+01  0.505636E+04  0.959373E+03
  0.346776E+01  0.184182E+04  0.962948E+03
  0.347001E+01  0.146364E+04  0.957429E+03
  0.347226E+01  0.234545E+04  0.965646E+03
  0.347451E+01  0.209273E+04  0.949491E+03
  0.347676E+01  0.193636E+04  0.959375E+03
  0.347901E+01  0.343455E+04  0.960463E+03
  0.348126E+01  0.546909E+04  0.962331E+03
  0.348351E+01  0.294727E+04  0.960119E+03
  0.348576E+01  0.321273E+04  0.954997E+03
  0.348801E+01  0.331273E+04  0.963110E+03
  0.349026E+01  0.407455E+04  0.956411E+03
  0.349251E+01  0.440909E+04  0.958678E+03
  0.349476E+01  0.373636E+04  0.959341E+03
  0.349701E+01  0.467091E+04  0.958636E+03
  0.349926E+01  0.488909E+04  0.965752E+03
  0.350151E+01  0.512182E+04  0.954882E+03
  0.350376E+01  0.624000E+04  0.959848E+03
  0.350601E+01  0.378182E+04  0.961909E+03
  0.350826E+01  0.305818E+04  0.955609E+03
  0.351051E+01  0.357455E+04  0.963028E+03
  0.351276E+01  0.406545E+04  0.952651E+03
  0.351501E+01  0.265455E+04  0.961939E+03
  0.351725E+01  0.210364E+04  0.957395E+03
  0.351950E+01  0.361818E+04  0.959327E+03
  0.352175E+01  0.245455E+04  0.958542E+03
  0.352400E+01  0.340364E+04  0.955285E+03
  0.352625E+01  0.344727E+04  0.966678E+03
  0.352850E+01  0.438182E+03  0.953663E+03
  0.353075E+01  0.138000E+04  0.958018E+03
  0.353300E+01  0.212182E+04  0.957680E+03
  0.353525E+01  0.151455E+04  0.955225E+03
  0.353750E+01  0.194727E+04  0.965622E+03
  0.353975E+01  0.242909E+04  0.952454E+03
  0.354200E+01  0.253273E+04  0.961932E+03
  0.354425E+01  0.244182E+04  0.954526E+03
  0.354650E+01  0.290364E+04  0.957726E+03
  0.354875E+01  0.528727E+04  0.960973E+03
  0.355100E+01  0.448000E+04  0.953489E+03
  0.355325E+01  0.550545E+04  0.964579E+03
  0.355550E+01  0.214727E+04  0.953532E+03
  0.355775E+01  0.146000E+04  0.959588E+03
  0.356000E+01  0.481818E+04  0.955915E+03
  0.356225E+01  0.478364E+04  0.953774E+03
  0.356450E+01  0.407273E+04  0.964602E+03
  0.356675E+01  0.359455E+04  0.953899E+03
  0.356900E+01  0.396545E+04  0.960581E+03
  0.357125E+01  0.196000E+04  0.956080E+03
  0.357350E+01  0.320545E+04  0.956786E+03
  0.357575E+01  0.342364E+04  0.962120E+03
  0.357800E+01  0.378727E+04  0.955792E+03
  0.358025E+01  0.440182E+04  0.960299E+03
  0.358250E+01  0.301091E+04  0.955623E+03
  0.358475E+01  0.130727E+04  0.958014E+03
  0.358700E+01  0.311818E+04  0.958046E+03
  0.358925E+01  0.301273E+04  0.952416E+03
  0.359149E+01  0.575818E+04  0.961769E+03
  0.359374E+01  0.358364E+04  0.956825E+03
  0.359599E+01  0.392000E+04  0.958286E+03
  0.359824E+01  0.343455E+04  0.959684E+03
  0.360049E+01  0.576364E+03  0.951059E+03
  0.360274E+01  0.196000E+04  0.963156E+03
  0.360499E+01  0.425091E+04  0.953164E+03
  0.360724E+01  0.308727E+04  0.956068E+03
  0.360949E+01  0.196727E+04  0.958269E+03
  0.361174E+01  0.152545E+04  0.957273E+03
  0.361399E+01  0.216727E+04  0.961588E+03
  0.361624E+01  0.342909E+04  0.951850E+03
  0.361849E+01  0.319455E+04  0.956891E+03
  0.362074E+01  0.491455E+04  0.958431E+03
  0.362299E+01  0.281273E+04  0.959637E+03
  0.362524E+01  0.473273E+04  0.963530E+03
  0.362749E+01  0.328727E+04  0.952221E+03
  0.362974E+01  0.225091E+04  0.957215E+03
  0.363199E+01  0.296182E+04  0.959779E+03
  0.363424E+01  0.197091E+04  0.957186E+03
  0.363649E+01  0.213273E+04  0.957031E+03
  0.363874E+01  0.114909E+04  0.955491E+03
  0.364099E+01  0.135091E+04  0.958010E+03
  0.364324E+01  0.287455E+04  0.955585E+03
  0.364549E+01  0.310545E+04  0.956918E+03
  0.364774E+01  0.420727E+04  0.957430E+03
  0.364999E+01  0.298000E+04  0.960955E+03
  0.365224E+01  0.328000E+04  0.961735E+03
  0.365449E+01  0.272000E+04  0.951866E+03
  0.365674E+01  0.287273E+04  0.957857E+03
  0.365899E+01  0.312545E+04  0.955691E+03
  0.366124E+01  0.228909E+04  0.962396E+03
  0.366349E+01  0.625455E+03  0.955977E+03
  0.366573E+01  0.354545E+04  0.956285E+03
  0.366798E+01  0.269091E+04  0.958563E+03
  0.367023E+01  0.302000E+04  0.954579E+03
  0.367248E+01  0.361636E+04  0.961697E+03
  0.367473E+01  0.368909E+04  0.951786E+03
  0.367698E+01  0.159636E+04  0.957774E+03
  0.367923E+01  0.315636E+04  0.962652E+03
  0.368148E+01  0.535455E+04  0.955490E+03
  0.368373E+01  0.388727E+04  0.960435E+03
  0.368598E+01  0.358364E+04  0.953236E+03
  0.368823E+01  0.505091E+04  0.961045E+03
  0.369048E+01  0.325636E+04  0.960150E+03
  0.369273E+01  0.605636E+04  0.952167E+03
  0.369498E+01  0.288727E+04  0.961822E+03
  0.369723E+01  0.205455E+04  0.956035E+03
  0.369948E+01  0.225091E+04  0.960612E+03
  0.370173E+01  0.213273E+04  0.957735E+03
  0.370398E+01  0.136364E+04  0.956453E+03
  0.370623E+01  0.195455E+04  0.962589E+03
  0.370848E+01  0.226909E+04  0.957429E+03
  0.371073E+01  0.269818E+04  0.957020E+03
  0.371298E+01  0.256364E+04  0.956381E+03
  0.371523E+01  0.368182E+04  0.957824E+03
  0.371748E+01  0.305818E+04  0.962949E+03
  0.371973E+01  0.936364E+03  0.955392E+03
  0.372198E+01  0.226909E+04  0.957394E+03
  0.372423E+01  0.309091E+04  0.960654E+03
  0.372648E+01  0.218545E+04  0.956132E+03
  0.372873E+01  0.227455E+04  0.961058E+03
  0.373098E+01  0.391091E+04  0.957271E+03
  0.373323E+01  0.266909E+04  0.956811E+03
  0.373548E+01  0.151091E+04  0.961051E+03
  0.373773E+01  0.983636E+03  0.959013E+03
  0.373997E+01  0.700000E+03  0.955548E+03
  0.374222E+01  0.387455E+04  0.955828E+03
  0.374447E+01  0.493455E+04  0.960468E+03
  0.374672E+01  0.527818E+04  0.961902E+03
  0.374897E+01  0.383636E+04  0.960332E+03
  0.375122E+01  0.265818E+04  0.959295E+03
  0.375347E+01  0.357273E+04  0.960401E+03
  0.375572E+01  0.283636E+04  0.960864E+03
  0.375797E+01  0.197818E+04  0.959666E+03
  0.376022E+01  0.259818E+04  0.957442E+03
  0.376247E+01  0.383636E+03  0.961470E+03
  0.376472E+01  0.215273E+04  0.959570E+03
  0.376697E+01  0.118364E+04  0.956368E+03
  0.376922E+01  0.200000E+04  0.958245E+03
  0.377147E+01  0.138000E+04  0.959261E+03
  0.377372E+01  0.142364E+04  0.961175E+03
  0.377597E+01  0.253455E+04  0.962585E+03
  0.377822E+01  0.290182E+04  0.959272E+03
  0.378047E+01  0.192909E+04  0.957008E+03
  0.378272E+01  0.244000E+04  0.957104E+03
  0.378497E+01  0.272727E+04  0.964270E+03
  0.378722E+01  0.195818E+04  0.958915E+03
  0.378947E+01  0.345455E+04  0.958516E+03
  0.379172E+01  0.261636E+04  0.962091E+03
  0.379397E+01 -0.269091E+03  0.961343E+03
  0.379622E+01  0.138545E+04  0.961494E+03
  0.379847E+01  0.211273E+04  0.957966E+03
  0.380072E+01  0.414364E+04  0.960842E+03
  0.380297E+01  0.790909E+03  0.962621E+03
  0.380522E+01  0.186182E+04  0.959548E+03
  0.380747E+01  0.840000E+03  0.957867E+03
  0.380972E+01  0.278182E+04  0.958673E+03
  0.381197E+01  0.194909E+04  0.961836E+03
  0.381422E+01  0.249818E+04  0.964781E+03
  0.381646E+01  0.243273E+04  0.960596E+03
  0.381871E+01  0.315455E+04  0.964137E+03
  0.382096E+01  0.330364E+04  0.960570E+03
  0.382321E+01  0.172909E+04  0.963974E+03
  0.382546E+01  0.125818E+04  0.961662E+03
  0.382771E+01  0.210727E+04  0.960478E+03
  0.382996E+01  0.170000E+04  0.964147E+03
  0.383221E+01  0.170364E+04  0.964716E+03
  0.383446E+01  0.179636E+04  0.961854E+03
  0.383671E+01  0.115818E+04  0.957635E+03
  0.383896E+01  0.118182E+04  0.961339E+03
  0.384121E+01  0.166182E+04  0.963449E+03
  0.384346E+01  0.281636E+04  0.960673E+03
  0.384571E+01  0.568545E+04  0.963759E+03
  0.384796E+01  0.359455E+04  0.964376E+03
  0.385021E+01  0.308909E+04  0.963235E+03
  0.385246E+01  0.306364E+04  0.966376E+03
  0.385471E+01  0.111818E+04  0.958412E+03
  0.385696E+01  0.176909E+04  0.962334E+03
  0.385921E+01  0.391091E+04  0.965723E+03
  0.386146E+01  0.289818E+04  0.966082E+03
  0.386371E+01  0.268364E+04  0.962115E+03
  0.386596E+01  0.244364E+04  0.961527E+03
  0.386821E+01  0.174545E+04  0.968749E+03
  0.387046E+01  0.342182E+04  0.967563E+03
  0.387271E+01  0.523818E+04  0.965929E+03
  0.387496E+01  0.354000E+04  0.962735E+03
  0.387721E+01  0.229455E+04  0.962487E+03
  0.387946E+01  0.262182E+04  0.966042E+03
  0.388171E+01  0.215091E+04  0.963024E+03
  0.388396E+01  0.134727E+04  0.963968E+03
  0.388621E+01  0.285455E+04  0.964507E+03
  0.388846E+01  0.160909E+04  0.968498E+03
  0.389070E+01  0.254000E+04  0.966610E+03
  0.389295E+01  0.355636E+04  0.959683E+03
  0.389520E+01  0.279636E+04  0.964724E+03
  0.389745E+01  0.328727E+04  0.967323E+03
  0.389970E+01 -0.307273E+03  0.967505E+03
  0.390195E+01  0.157273E+04  0.964859E+03
  0.390420E+01  0.378364E+04  0.965202E+03
  0.390645E+01  0.298000E+04  0.966359E+03
  0.390870E+01  0.154909E+04  0.968079E+03
  0.391095E+01  0.224727E+04  0.964254E+03
  0.391320E+01  0.459636E+04  0.968111E+03
  0.391545E+01  0.309273E+04  0.966214E+03
  0.391770E+01  0.245455E+04  0.969728E+03
  0.391995E+01  0.203818E+04  0.965184E+03
  0.392220E+01  0.184364E+04  0.965737E+03
  0.392445E+01  0.169636E+04  0.969578E+03
  0.392670E+01  0.165818E+04  0.968133E+03
  0.392895E+01  0.327273E+04  0.972146E+03
  0.393120E+01  0.185273E+04  0.964865E+03
  0.393345E+01  0.489091E+03  0.967201E+03
  0.393570E+01  0.304364E+04  0.970270E+03
  0.393795E+01  0.422727E+04  0.969323E+03
  0.394020E+01  0.257273E+04  0.965884E+03
  0.394245E+01  0.203818E+04  0.968516E+03
  0.394470E+01  0.299455E+04  0.967175E+03
  0.394695E+01  0.255455E+04  0.970505E+03
  0.394920E+01  0.149818E+04  0.965760E+03
  0.395145E+01  0.316364E+04  0.969081E+03
  0.395370E+01  0.247091E+04  0.969100E+03
  0.395595E+01  0.116727E+04  0.972203E+03
  0.395820E+01  0.140364E+04  0.971936E+03
  0.396045E+01  0.203273E+04  0.964816E+03
  0.396270E+01  0.278545E+04  0.970664E+03
  0.396494E+01  0.362909E+04  0.973008E+03
  0.396719E+01  0.294364E+04  0.971482E+03
  0.396944E+01  0.360182E+04  0.972321E+03
  0.397169E+01  0.354364E+04  0.971558E+03
  0.397394E+01  0.273818E+04  0.972863E+03
  0.397619E+01  0.152909E+04  0.974207E+03
  0.397844E+01  0.234364E+04  0.966854E+03
  0.398069E+01  0.253636E+04  0.976205E+03
  0.398294E+01  0.520000E+04  0.974491E+03
  0.398519E+01  0.438545E+04  0.976036E+03
  0.398744E+01  0.190727E+04  0.969857E+03
  0.398969E+01  0.147818E+04  0.969285E+03
  0.399194E+01  0.137818E+04  0.973508E+03
  0.399419E+01  0.110727E+04  0.973622E+03
  0.399644E+01  0.374364E+04  0.972870E+03
  0.399869E+01  0.451091E+04  0.971692E+03
  0.400094E+01  0.145273E+04  0.971720E+03
  0.400319E+01  0.165455E+04  0.974492E+03
  0.400544E+01  0.136000E+04  0.975696E+03
  0.400769E+01 -0.909091E+02  0.970625E+03
  0.400994E+01  0.171818E+04  0.974825E+03
  0.401219E+01  0.326545E+04  0.976520E+03
  0.401444E+01  0.136364E+04  0.978047E+03
  0.401669E+01  0.142727E+04  0.971569E+03
  0.401894E+01  0.173273E+04  0.974434E+03
  0.402119E+01  0.309091E+03  0.977486E+03
  0.402344E+01  0.326727E+04  0.977346E+03
  0.402569E+01  0.212182E+04  0.976183E+03
  0.402794E+01  0.104182E+04  0.974065E+03
  0.403019E+01  0.321273E+04  0.975944E+03
  0.403244E+01  0.343636E+04  0.978994E+03
  0.403469E+01  0.141091E+04  0.976697E+03
  0.403694E+01  0.181818E+04  0.977062E+03
  0.403918E+01  0.416545E+04  0.979695E+03
  0.404143E+01  0.398182E+04  0.980622E+03
  0.404368E+01  0.329273E+04  0.980479E+03
  0.404593E+01  0.434000E+04  0.975968E+03
  0.404818E+01  0.208364E+04  0.979144E+03
  0.405043E+01  0.319818E+04  0.983010E+03
  0.405268E+01  0.192182E+04  0.979933E+03
  0.405493E+01  0.236182E+04  0.978787E+03
  0.405718E+01  0.383636E+03  0.975958E+03
  0.405943E+01  0.184364E+04  0.980069E+03
  0.406168E+01  0.308182E+04  0.981077E+03
  0.406393E+01  0.284545E+04  0.978262E+03
  0.406618E+01  0.185273E+04  0.981385E+03
  0.406843E+01  0.295273E+04  0.982805E+03
  0.407068E+01  0.331091E+04  0.985153E+03
  0.407293E+01  0.268727E+04  0.980111E+03
  0.407518E+01  0.870909E+03  0.978862E+03
  0.407743E+01  0.190727E+04  0.983462E+03
  0.407968E+01  0.122909E+04  0.982144E+03
  0.408193E+01  0.195818E+04  0.985992E+03
  0.408418E+01  0.901818E+03  0.980683E+03
  0.408643E+01  0.180364E+04  0.982368E+03
  0.408868E+01  0.288727E+04  0.987349E+03
  0.409093E+01  0.358182E+04  0.986068E+03
  0.409318E+01  0.237455E+04  0.984058E+03
  0.409543E+01  0.178545E+04  0.983678E+03
  0.409768E+01  0.264364E+04  0.985887E+03
  0.409993E+01  0.382182E+04  0.986802E+03
  0.410218E+01  0.291273E+04  0.983992E+03
  0.410443E+01  0.730909E+03  0.985309E+03
  0.410668E+01  0.202727E+04  0.990211E+03
  0.410893E+01  0.272000E+04  0.988439E+03
  0.411118E+01  0.325818E+04  0.985840E+03
  0.411342E+01  0.221636E+04  0.983383E+03
  0.411567E+01  0.248182E+04  0.988080E+03
  0.411792E+01  0.140000E+04  0.991262E+03
  0.412017E+01  0.720000E+03  0.985933E+03
  0.412242E+01  0.173091E+04  0.987952E+03
  0.412467E+01  0.219091E+04  0.986272E+03
  0.412692E+01  0.956364E+03  0.988130E+03
  0.412917E+01  0.816364E+03  0.990819E+03
  0.413142E+01 -0.269091E+03  0.982694E+03
  0.413367E+01 -0.214545E+03  0.990938E+03
  0.413592E+01  0.257818E+04  0.991784E+03
  0.413817E+01  0.294909E+04  0.994336E+03
  0.414042E+01  0.760000E+03  0.988718E+03
  0.414267E+01  0.102545E+04  0.986092E+03
  0.414492E+01  0.134727E+04  0.992230E+03
  0.414717E+01  0.293636E+04  0.994706E+03
  0.414942E+01 -0.167273E+03  0.989659E+03
  0.415167E+01 -0.287273E+03  0.991298E+03
  0.415392E+01  0.124000E+04  0.989786E+03
  0.415617E+01  0.246909E+04  0.995450E+03
  0.415842E+01  0.230000E+04  0.991956E+03
  0.416067E+01  0.307273E+03  0.990283E+03
  0.416292E+01  0.224000E+04  0.998109E+03
  0.416517E+01  0.206909E+04  0.998051E+03
  0.416742E+01  0.406364E+04  0.998325E+03
  0.416967E+01  0.526545E+04  0.993113E+03
  0.417192E+01  0.410182E+04  0.995038E+03
  0.417417E+01  0.385273E+04  0.100054E+04
  0.417642E+01  0.186545E+04  0.100007E+04
  0.417867E+01  0.120182E+04  0.995570E+03
  0.418092E+01  0.258182E+04  0.998233E+03
  0.418317E+01  0.320182E+04  0.997406E+03
  0.418542E+01  0.338000E+04  0.100233E+04
  0.418766E+01  0.322909E+04  0.995967E+03
  0.418991E+01  0.198364E+04  0.999196E+03
  0.419216E+01  0.189455E+04  0.100064E+04
  0.419441E+01  0.188364E+04  0.100268E+04
  0.419666E+01  0.177636E+04  0.100145E+04
  0.419891E+01  0.165455E+04  0.997053E+03
  0.420116E+01 -0.870909E+03  0.100313E+04
  0.420341E+01  0.947273E+03  0.100437E+04
  0.420566E+01  0.233273E+04  0.100116E+04
  0.420791E+01  0.874545E+03  0.999679E+03
  0.421016E+01  0.440000E+03  0.100162E+04
  0.421241E+01  0.765455E+03  0.100234E+04
  0.421466E+01  0.225273E+04  0.100491E+04
  0.421691E+01  0.228545E+04  0.100403E+04
  0.421916E+01  0.383636E+04  0.100806E+04
  0.422141E+01  0.273818E+04  0.100673E+04
  0.422366E+01  0.330545E+04  0.100488E+04
  0.422591E+01  0.205455E+04  0.100415E+04
  0.422816E+01  0.100909E+04  0.100598E+04
  0.423041E+01  0.212545E+04  0.101127E+04
  0.423266E+01  0.231818E+04  0.101228E+04
  0.423491E+01  0.332364E+04  0.101097E+04
  0.423716E+01  0.447636E+04  0.100689E+04
  0.423941E+01  0.255818E+04  0.100817E+04
  0.424166E+01  0.329455E+04  0.100987E+04
  0.424391E+01  0.363636E+01  0.101105E+04
  0.424616E+01 -0.981818E+03  0.100822E+04
  0.424841E+01  0.264727E+04  0.101448E+04
  0.425066E+01  0.164545E+04  0.101419E+04
  0.425291E+01  0.264727E+04  0.101431E+04
  0.425516E+01  0.110364E+04  0.100931E+04
  0.425741E+01  0.409455E+04  0.101476E+04
  0.425966E+01  0.994545E+03  0.101359E+04
  0.426190E+01  0.150364E+04  0.101713E+04
  0.426415E+01  0.354545E+04  0.101298E+04
  0.426640E+01  0.119455E+04  0.101274E+04
  0.426865E+01  0.872727E+02  0.101808E+04
  0.427090E+01  0.952727E+03  0.101936E+04
  0.427315E+01  0.123818E+04  0.102197E+04
  0.427540E+01  0.141636E+04  0.101673E+04
  0.427765E+01  0.283636E+04  0.101983E+04
  0.427990E+01  0.341455E+04  0.102000E+04
  0.428215E+01  0.340909E+04  0.101829E+04
  0.428440E+01  0.259091E+04  0.101766E+04
  0.428665E+01  0.180182E+04  0.102367E+04
  0.428890E+01 -0.109091E+02  0.102303E+04
  0.429115E+01  0.234364E+04  0.102748E+04
  0.429340E+01  0.112909E+04  0.101542E+04
  0.429565E+01  0.108364E+04  0.102289E+04
  0.429790E+01  0.155455E+04  0.102348E+04
  0.430015E+01  0.179091E+04  0.102818E+04
  0.430240E+01  0.412727E+04  0.102483E+04
  0.430465E+01  0.344909E+04  0.102510E+04
  0.430690E+01  0.362909E+04  0.102586E+04
  0.430915E+01  0.160545E+04  0.102785E+04
  0.431140E+01  0.335636E+04  0.102598E+04
  0.431365E+01  0.167636E+04  0.102453E+04
  0.431590E+01  0.216727E+04  0.103214E+04
  0.431815E+01  0.277455E+04  0.103054E+04
  0.432040E+01  0.165273E+04  0.102636E+04
  0.432265E+01  0.133091E+04  0.102467E+04
  0.432490E+01  0.121636E+04  0.103351E+04
  0.432715E+01  0.248909E+04  0.103436E+04
  0.432940E+01  0.215636E+04  0.103239E+04
  0.433165E+01  0.254545E+02  0.102953E+04
  0.433390E+01  0.158182E+03  0.103242E+04
  0.433614E+01  0.596364E+03  0.103148E+04
  0.433839E+01  0.204182E+04  0.103661E+04
  0.434064E+01  0.316364E+04  0.103280E+04
  0.434289E+01  0.244545E+04  0.103682E+04
  0.434514E+01  0.194545E+04  0.103914E+04
  0.434739E+01  0.135818E+04  0.103809E+04
  0.434964E+01  0.170727E+04  0.103461E+04
  0.435189E+01  0.250909E+03  0.103421E+04
  0.435414E+01  0.110364E+04  0.104047E+04
  0.435639E+01  0.761818E+03  0.104325E+04
  0.435864E+01  0.136364E+04  0.104019E+04
  0.436089E+01  0.111818E+04  0.103732E+04
  0.436314E+01  0.540000E+03  0.104110E+04
  0.436539E+01  0.176182E+04  0.104689E+04
  0.436764E+01  0.253818E+04  0.104420E+04
  0.436989E+01  0.109091E+04  0.103694E+04
  0.437214E+01  0.754545E+03  0.104482E+04
  0.437439E+01  0.333636E+04  0.104592E+04
  0.437664E+01  0.236000E+04  0.104554E+04
  0.437889E+01  0.184182E+04  0.104445E+04
  0.438114E+01  0.268000E+04  0.104795E+04
  0.438339E+01  0.561818E+03  0.105257E+04
  0.438564E+01  0.219455E+04  0.105325E+04
  0.438789E+01  0.277273E+04  0.104798E+04
  0.439014E+01  0.215091E+04  0.104809E+04
  0.439239E+01  0.163273E+04  0.105153E+04
  0.439464E+01  0.229455E+04  0.105656E+04
  0.439689E+01  0.529091E+03  0.105202E+04
  0.439914E+01  0.140182E+04  0.104981E+04
  0.440139E+01  0.219636E+04  0.105726E+04
  0.440364E+01  0.250909E+03  0.105415E+04
  0.440589E+01  0.261455E+04  0.105135E+04
  0.440814E+01  0.166727E+04  0.105431E+04
  0.441039E+01  0.947273E+03  0.105816E+04
  0.441263E+01  0.168000E+04  0.106199E+04
  0.441488E+01  0.927273E+03  0.106075E+04
  0.441713E+01  0.963636E+02  0.105584E+04
  0.441938E+01 -0.110909E+04  0.105592E+04
  0.442163E+01 -0.427273E+03  0.105994E+04
  0.442388E+01  0.168909E+04  0.106175E+04
  0.442613E+01  0.938182E+03  0.106114E+04
  0.442838E+01  0.179636E+04  0.106413E+04
  0.443063E+01  0.313091E+04  0.106499E+04
  0.443288E+01  0.153273E+04  0.106592E+04
  0.443513E+01  0.254909E+04  0.106864E+04
  0.443738E+01  0.195636E+04  0.106591E+04
  0.443963E+01  0.167091E+04  0.106793E+04
  0.444188E+01  0.381818E+02  0.106894E+04
  0.444413E+01  0.193818E+04  0.106888E+04
  0.444638E+01  0.143091E+04  0.106613E+04
  0.444863E+01  0.142000E+04  0.107060E+04
  0.445088E+01  0.144727E+04  0.107626E+04
  0.445313E+01  0.189091E+03  0.107266E+04
  0.445538E+01 -0.894545E+03  0.107404E+04
  0.445763E+01  0.312727E+03  0.107265E+04
  0.445988E+01  0.227091E+04  0.107568E+04
  0.446213E+01  0.197455E+04  0.107553E+04
  0.446438E+01  0.263455E+04  0.107665E+04
  0.446663E+01  0.102182E+04  0.107843E+04
  0.446888E+01 -0.244545E+04  0.107732E+04
  0.447113E+01 -0.170909E+03  0.108371E+04
  0.447338E+01 -0.485455E+03  0.108280E+04
  0.447563E+01  0.241818E+04  0.107821E+04
  0.447788E+01 -0.409091E+03  0.108436E+04
  0.448013E+01  0.938182E+03  0.108471E+04
  0.448238E+01 -0.727273E+01  0.108822E+04
  0.448463E+01  0.144182E+04  0.108374E+04
  0.448687E+01  0.138182E+04  0.108967E+04
  0.448912E+01  0.138727E+04  0.108926E+04
  0.449137E+01  0.367273E+03  0.109224E+04
  0.449362E+01  0.271273E+04  0.109208E+04
  0.449587E+01  0.222909E+04  0.109372E+04
  0.449812E+01  0.131455E+04  0.109260E+04
  0.450037E+01  0.219455E+04  0.109938E+04
  0.450262E+01  0.181818E+04  0.109457E+04
  0.450487E+01  0.250727E+04  0.109705E+04
  0.450712E+01  0.267273E+03  0.109834E+04
  0.450937E+01 -0.301818E+03  0.110122E+04
  0.451162E+01  0.244000E+04  0.110130E+04
  0.451387E+01  0.121636E+04  0.110199E+04
  0.451612E+01  0.334545E+03  0.109798E+04
  0.451837E+01 -0.104182E+04  0.110281E+04
  0.452062E+01  0.264545E+04  0.110798E+04
  0.452287E+01  0.443636E+03  0.110631E+04
  0.452512E+01  0.149273E+04  0.111021E+04
  0.452737E+01  0.144727E+04  0.110879E+04
  0.452962E+01 -0.534545E+03  0.111086E+04
  0.453187E+01  0.763636E+02  0.110925E+04
  0.453412E+01 -0.527273E+03  0.111010E+04
  0.453637E+01  0.790909E+03  0.111305E+04
  0.453862E+01  0.329273E+04  0.111742E+04
  0.454087E+01  0.629091E+03  0.111509E+04
  0.454312E+01 -0.540000E+03  0.111915E+04
  0.454537E+01  0.730909E+03  0.111857E+04
  0.454762E+01  0.196182E+04  0.112378E+04
  0.454987E+01  0.140000E+04  0.112358E+04
  0.455212E+01  0.236000E+04  0.112165E+04
  0.455437E+01  0.164000E+04  0.112773E+04
  0.455662E+01  0.134545E+04  0.112599E+04
  0.455887E+01  0.198000E+04  0.112836E+04
  0.456111E+01  0.121455E+04  0.112979E+04
  0.456336E+01  0.210727E+04  0.113479E+04
  0.456561E+01  0.414545E+03  0.113422E+04
  0.456786E+01  0.348000E+04  0.113408E+04
  0.457011E+01  0.252727E+04  0.113438E+04
  0.457236E+01  0.118909E+04  0.113652E+04
  0.457461E+01  0.206000E+04  0.113691E+04
  0.457686E+01  0.257091E+04  0.113988E+04
  0.457911E+01  0.505455E+03  0.114346E+04
  0.458136E+01  0.127273E+04  0.114284E+04
  0.458361E+01  0.136364E+04  0.114675E+04
  0.458586E+01  0.255273E+04  0.114234E+04
  0.458811E+01  0.262000E+04  0.114621E+04
  0.459036E+01  0.125455E+04  0.115015E+04
  0.459261E+01  0.149818E+04  0.115090E+04
  0.459486E+01 -0.145455E+02  0.115032E+04
  0.459711E+01  0.231273E+04  0.115284E+04
  0.459936E+01 -0.730909E+03  0.115276E+04
  0.460161E+01 -0.250909E+04  0.115220E+04
  0.460386E+01 -0.470909E+03  0.115662E+04
  0.460611E+01  0.281455E+04  0.115986E+04
  0.460836E+01  0.271636E+04  0.116275E+04
  0.461061E+01  0.168545E+04  0.116269E+04
  0.461286E+01 -0.214545E+03  0.116582E+04
  0.461511E+01  0.449091E+03  0.116426E+04
  0.461736E+01  0.601818E+03  0.116657E+04
  0.461961E+01 -0.374545E+03  0.117182E+04
  0.462186E+01 -0.150909E+03  0.117439E+04
  0.462411E+01 -0.294545E+03  0.117081E+04
  0.462636E+01 -0.836364E+02  0.117277E+04
  0.462861E+01  0.195273E+04  0.117812E+04
  0.463086E+01  0.164545E+04  0.118297E+04
  0.463311E+01 -0.492727E+03  0.118135E+04
  0.463535E+01  0.427636E+04  0.118899E+04
  0.463760E+01  0.253636E+04  0.118665E+04
  0.463985E+01  0.245818E+04  0.118705E+04
  0.464210E+01  0.185818E+04  0.119131E+04
  0.464435E+01  0.598909E+04  0.119020E+04
  0.464660E+01  0.398909E+04  0.119563E+04
  0.464885E+01  0.446364E+04  0.119863E+04
  0.465110E+01  0.467818E+04  0.120111E+04
  0.465335E+01  0.140727E+04  0.119887E+04
  0.465560E+01  0.305091E+04  0.120325E+04
  0.465785E+01  0.712727E+03  0.120455E+04
  0.466010E+01  0.856364E+03  0.120619E+04
  0.466235E+01  0.106545E+04  0.120618E+04
  0.466460E+01  0.696364E+03  0.121161E+04
  0.466685E+01  0.560000E+03  0.121148E+04
  0.466910E+01 -0.240000E+03  0.121443E+04
  0.467135E+01  0.643636E+03  0.122005E+04
  0.467360E+01  0.347636E+04  0.122282E+04
  0.467585E+01  0.515636E+04  0.122805E+04
  0.467810E+01  0.313455E+04  0.122733E+04
  0.468035E+01  0.253636E+04  0.122680E+04
  0.468260E+01  0.423818E+04  0.123228E+04
  0.468485E+01  0.592182E+04  0.123595E+04
  0.468710E+01  0.643636E+04  0.123719E+04
  0.468935E+01  0.561636E+04  0.124215E+04
  0.469160E+01  0.188545E+04  0.124507E+04
  0.469385E+01  0.130182E+04  0.124815E+04
  0.469610E+01  0.319091E+04  0.124535E+04
  0.469835E+01  0.346182E+04  0.124525E+04
  0.470060E+01  0.581818E+03  0.125160E+04
  0.470285E+01  0.268364E+04  0.125486E+04
  0.470510E+01  0.254182E+04  0.126319E+04
  0.470735E+01  0.151818E+04  0.126381E+04
  0.470959E+01 -0.272727E+03  0.126203E+04
  0.471184E+01  0.199636E+04  0.126721E+04
  0.471409E+01  0.210909E+04  0.126661E+04
  0.471634E+01  0.294545E+04  0.127497E+04
  0.471859E+01  0.183091E+04  0.127527E+04
  0.472084E+01  0.149091E+03  0.128018E+04
  0.472309E+01 -0.214545E+03  0.128213E+04
  0.472534E+01  0.138727E+04  0.128500E+04
  0.472759E+01  0.131455E+04  0.129063E+04
  0.472984E+01  0.206000E+04  0.128759E+04
  0.473209E+01  0.284182E+04  0.129610E+04
  0.473434E+01  0.273455E+04  0.129814E+04
  0.473659E+01  0.260000E+03  0.130096E+04
  0.473884E+01  0.327273E+02  0.130223E+04
  0.474109E+01  0.121818E+03  0.131024E+04
  0.474334E+01  0.313455E+04  0.131841E+04
  0.474559E+01  0.290000E+04  0.131848E+04
  0.474784E+01  0.262545E+04  0.132615E+04
  0.475009E+01  0.413091E+04  0.132908E+04
  0.475234E+01 -0.963636E+02  0.132867E+04
  0.475459E+01  0.131818E+04  0.133246E+04
  0.475684E+01  0.218364E+04  0.133469E+04
  0.475909E+01  0.449273E+04  0.134440E+04
  0.476134E+01  0.210364E+04  0.134354E+04
  0.476359E+01  0.298182E+03  0.135069E+04
  0.476584E+01  0.672727E+03  0.135341E+04
  0.476809E+01  0.941818E+03  0.136343E+04
  0.477034E+01  0.201455E+04  0.136343E+04
  0.477259E+01  0.571273E+04  0.137234E+04
  0.477484E+01  0.912727E+03  0.137809E+04
  0.477709E+01  0.567273E+03  0.138136E+04
  0.477934E+01 -0.736364E+03  0.138265E+04
  0.478159E+01  0.621818E+03  0.138535E+04
  0.478383E+01 -0.854545E+02  0.139265E+04
  0.478608E+01  0.880000E+03  0.140029E+04
  0.478833E+01  0.293091E+04  0.140998E+04
  0.479058E+01  0.168000E+04  0.140825E+04
  0.479283E+01  0.195273E+04  0.141709E+04
  0.479508E+01 -0.370909E+03  0.142846E+04
  0.479733E+01  0.311091E+04  0.142885E+04
  0.479958E+01  0.170364E+04  0.143917E+04
  0.480183E+01  0.423273E+04  0.144294E+04
  0.480408E+01  0.398909E+04  0.145424E+04
  0.480633E+01  0.219273E+04  0.145445E+04
  0.480858E+01  0.385818E+04  0.146359E+04
  0.481083E+01  0.460545E+04  0.147269E+04
  0.481308E+01  0.571273E+04  0.148207E+04
  0.481533E+01  0.393273E+04  0.148844E+04
  0.481758E+01  0.599273E+04  0.150038E+04
  0.481983E+01  0.241818E+03  0.150483E+04
  0.482208E+01  0.863636E+03  0.150604E+04
  0.482433E+01  0.727273E+02  0.151903E+04
  0.482658E+01 -0.278545E+04  0.152529E+04
  0.482883E+01 -0.236364E+03  0.153682E+04
  0.483108E+01  0.341818E+04  0.154443E+04
  0.483333E+01  0.385273E+04  0.155519E+04
  0.483558E+01  0.669091E+03  0.155817E+04
  0.483783E+01  0.370000E+04  0.157137E+04
  0.484008E+01  0.221455E+04  0.158822E+04
  0.484233E+01  0.337455E+04  0.159612E+04
  0.484458E+01  0.465455E+04  0.160923E+04
  0.484683E+01 -0.110182E+04  0.161448E+04
  0.484908E+01  0.241273E+04  0.163456E+04
  0.485133E+01  0.243455E+04  0.164501E+04
  0.485358E+01  0.254182E+04  0.165604E+04
  0.485583E+01  0.366182E+04  0.167584E+04
----------C:\Users2005\Paoletti.1005\data\fran2_080.dat-----------------------------
raw data file C:\Users2005\Paoletti.1005\fran2_080.mar2300                      
Sample:     NGF DTT     c=5.5  mg/ml Code :                                     
X33 MAR345 data take started: Sat Oct 22 10:30:25 2005                          
                    finished: Sat Oct 22 10:34:50 2005                          
Processed by MAR-PRIMUS: Sat Oct 22 12:22:19 2005                               
 Channels from            1  to         2476                                    
  Angular axis file saxis1019.dat                                               
 BeamCenter_X=    2182.510       BeamCenter_Y=    1130.420                      
 Datector response file none Mask file mask_20051019.msk                        
 Calibration channel            3                                               
 Scale factor   10000000.0000000       Offset    1000.00000000000               
----------C:\Users2005\Paoletti.1005\data\Avrag05.dat-----------------------------
 Average of: fran2_079.  fran2_081.                                             
fran2_079.da  Conc = .10E+01  Mult = .10E+01  N1 =    1  N2 = 2127  SCALE =  1  
fran2_081.da  Conc = .10E+01  Mult = .10E+01  N1 =    1  N2 = 2127  SCALE =  1  
