Sample description: Sub_Ave_arc4_0073_818-Ave_Tp_0072_315
Sample: Sub_Ave_arc4_00  c= 0 mg/ml  Code: 
 6.196385e-002  3.780666e-002  2.005775e-003
 6.759692e-002  3.574510e-002  1.152735e-003
 7.322999e-002  3.667190e-002  8.798320e-004
 7.886306e-002  3.862906e-002  6.986932e-004
 8.449613e-002  3.913080e-002  5.172545e-004
 9.012920e-002  3.972372e-002  4.245296e-004
 9.576226e-002  4.050591e-002  3.629102e-004
 1.013953e-001  4.007031e-002  3.155540e-004
 1.070284e-001  4.002010e-002  2.819537e-004
 1.126614e-001  4.055532e-002  2.524568e-004
 1.182945e-001  4.081927e-002  2.170688e-004
 1.239276e-001  4.045819e-002  1.930539e-004
 1.295606e-001  4.131956e-002  1.772941e-004
 1.351937e-001  4.156355e-002  1.641984e-004
 1.408267e-001  4.190421e-002  1.542019e-004
 1.464597e-001  4.180337e-002  1.466701e-004
 1.520928e-001  4.197398e-002  1.396135e-004
 1.577258e-001  4.229384e-002  1.341250e-004
 1.633589e-001  4.209279e-002  1.291899e-004
 1.689919e-001  4.158004e-002  1.244353e-004
 1.746249e-001  4.188083e-002  1.202548e-004
 1.802579e-001  4.169377e-002  1.163062e-004
 1.858910e-001  4.212458e-002  1.131915e-004
 1.915240e-001  4.227599e-002  1.102349e-004
 1.971570e-001  4.230382e-002  1.072814e-004
 2.027900e-001  4.185271e-002  1.042789e-004
 2.084230e-001  4.158562e-002  1.015000e-004
 2.140560e-001  4.129461e-002  9.887974e-005
 2.196890e-001  4.117400e-002  9.675528e-005
 2.253220e-001  4.154576e-002  9.486855e-005
 2.309550e-001  4.162503e-002  9.286427e-005
 2.365880e-001  4.142491e-002  9.099626e-005
 2.422210e-001  4.112919e-002  8.925571e-005
 2.478540e-001  4.113703e-002  8.776324e-005
 2.534869e-001  4.110239e-002  8.603299e-005
 2.591199e-001  4.094414e-002  8.455031e-005
 2.647529e-001  4.084428e-002  8.333082e-005
 2.703858e-001  4.064849e-002  8.186326e-005
 2.760188e-001  4.036500e-002  8.044673e-005
 2.816517e-001  4.019814e-002  7.927959e-005
 2.872846e-001  4.022311e-002  7.830070e-005
 2.929176e-001  4.006470e-002  7.726650e-005
 2.985505e-001  3.979674e-002  7.602636e-005
 3.041834e-001  3.974747e-002  7.499394e-005
 3.098164e-001  3.964491e-002  7.412202e-005
 3.154493e-001  3.942222e-002  7.314546e-005
 3.210822e-001  3.932369e-002  7.219750e-005
 3.267151e-001  3.919587e-002  7.119991e-005
 3.323480e-001  3.923938e-002  7.054620e-005
 3.379809e-001  3.894464e-002  6.969993e-005
 3.436137e-001  3.882867e-002  6.887784e-005
 3.492466e-001  3.880318e-002  6.811647e-005
 3.548795e-001  3.853986e-002  6.724509e-005
 3.605123e-001  3.843092e-002  6.662907e-005
 3.661452e-001  3.824762e-002  6.596667e-005
 3.717780e-001  3.775192e-002  6.509784e-005
 3.774109e-001  3.754640e-002  6.441954e-005
 3.830437e-001  3.746141e-002  6.379876e-005
 3.886765e-001  3.754498e-002  6.329444e-005
 3.943093e-001  3.740001e-002  6.260044e-005
 3.999422e-001  3.732223e-002  6.204878e-005
 4.055750e-001  3.721926e-002  6.161870e-005
 4.112077e-001  3.679866e-002  6.084181e-005
 4.168405e-001  3.648351e-002  6.027058e-005
 4.224733e-001  3.617382e-002  5.970220e-005
 4.281061e-001  3.611905e-002  5.924028e-005
 4.337388e-001  3.609615e-002  5.872072e-005
 4.393716e-001  3.583193e-002  5.810938e-005
 4.450043e-001  3.570381e-002  5.771909e-005
 4.506371e-001  3.549893e-002  5.718257e-005
 4.562698e-001  3.532568e-002  5.669355e-005
 4.619025e-001  3.510076e-002  5.620648e-005
 4.675352e-001  3.489986e-002  5.570733e-005
 4.731679e-001  3.461485e-002  5.524823e-005
 4.788006e-001  3.441506e-002  5.483692e-005
 4.844333e-001  3.432962e-002  5.440069e-005
 4.900660e-001  3.419491e-002  5.397823e-005
 4.956986e-001  3.401754e-002  5.360268e-005
 5.013313e-001  3.381612e-002  5.318244e-005
 5.069639e-001  3.363545e-002  5.275201e-005
 5.125966e-001  3.342500e-002  5.230315e-005
 5.182292e-001  3.319223e-002  5.195280e-005
 5.238618e-001  3.303112e-002  5.157305e-005
 5.294944e-001  3.270435e-002  5.117531e-005
 5.351270e-001  3.229963e-002  5.073742e-005
 5.407596e-001  3.214252e-002  5.035812e-005
 5.463922e-001  3.189919e-002  4.997174e-005
 5.520247e-001  3.168354e-002  4.958359e-005
 5.576573e-001  3.167142e-002  4.931850e-005
 5.632898e-001  3.151567e-002  4.896323e-005
 5.689224e-001  3.125691e-002  4.858925e-005
 5.745549e-001  3.105482e-002  4.831151e-005
 5.801874e-001  3.075130e-002  4.793444e-005
 5.858199e-001  3.048019e-002  4.755572e-005
 5.914524e-001  3.036781e-002  4.727579e-005
 5.970848e-001  3.020199e-002  4.698911e-005
 6.027173e-001  2.996191e-002  4.666973e-005
 6.083497e-001  2.971621e-002  4.632554e-005
 6.139822e-001  2.945991e-002  4.600767e-005
 6.196146e-001  2.934073e-002  4.575848e-005
 6.252470e-001  2.924966e-002  4.545346e-005
 6.308794e-001  2.902029e-002  4.513620e-005
 6.365118e-001  2.881676e-002  4.483529e-005
 6.421442e-001  2.848542e-002  4.450701e-005
 6.477766e-001  2.826589e-002  4.427531e-005
 6.534089e-001  2.805764e-002  4.392987e-005
 6.590413e-001  2.784210e-002  4.364309e-005
 6.646736e-001  2.761495e-002  4.341548e-005
 6.703059e-001  2.744665e-002  4.318608e-005
 6.759382e-001  2.713812e-002  4.289838e-005
 6.815705e-001  2.677542e-002  4.256744e-005
 6.872028e-001  2.649039e-002  4.232599e-005
 6.928350e-001  2.625549e-002  4.205349e-005
 6.984673e-001  2.603529e-002  4.185074e-005
 7.040995e-001  2.580236e-002  4.231983e-005
 7.097318e-001  2.558485e-002  4.251930e-005
 7.153640e-001  2.539271e-002  4.259991e-005
 7.209962e-001  2.517205e-002  4.261052e-005
 7.266283e-001  2.495757e-002  4.257916e-005
 7.322605e-001  2.463736e-002  4.251627e-005
 7.378927e-001  2.448361e-002  4.244162e-005
 7.435248e-001  2.439060e-002  4.262399e-005
 7.491569e-001  2.421072e-002  4.338568e-005
 7.547890e-001  2.395230e-002  4.371390e-005
 7.604211e-001  2.369239e-002  4.398397e-005
 7.660532e-001  2.334966e-002  4.412335e-005
 7.716853e-001  2.308834e-002  4.429017e-005
 7.773173e-001  2.297016e-002  4.453463e-005
 7.829494e-001  2.272262e-002  4.462754e-005
 7.885814e-001  2.248022e-002  4.472348e-005
 7.942134e-001  2.216690e-002  4.481978e-005
 7.998454e-001  2.195679e-002  4.485043e-005
 8.054774e-001  2.183102e-002  4.403455e-005
 8.111093e-001  2.163638e-002  4.346086e-005
 8.167413e-001  2.152212e-002  4.303721e-005
 8.223732e-001  2.135897e-002  4.268907e-005
 8.280051e-001  2.110336e-002  4.244291e-005
 8.336370e-001  2.079834e-002  4.219772e-005
 8.392689e-001  2.068365e-002  4.196478e-005
 8.449008e-001  2.041800e-002  4.174216e-005
 8.505326e-001  2.018607e-002  4.156162e-005
 8.561644e-001  2.005571e-002  4.137495e-005
 8.617962e-001  1.984541e-002  4.122947e-005
 8.674280e-001  1.965811e-002  4.106883e-005
 8.730598e-001  1.947055e-002  4.090521e-005
 8.786916e-001  1.932373e-002  4.071574e-005
 8.843233e-001  1.902701e-002  4.050543e-005
 8.899551e-001  1.884230e-002  4.037724e-005
 8.955868e-001  1.864075e-002  4.017685e-005
 9.012185e-001  1.846805e-002  4.010179e-005
 9.068502e-001  1.817149e-002  3.993497e-005
 9.124818e-001  1.796152e-002  3.976139e-005
 9.181135e-001  1.775614e-002  3.961602e-005
 9.237451e-001  1.758386e-002  3.942124e-005
 9.293767e-001  1.749187e-002  3.932664e-005
 9.350083e-001  1.743556e-002  3.922329e-005
 9.406399e-001  1.723111e-002  3.904283e-005
 9.462714e-001  1.698553e-002  3.887602e-005
 9.519030e-001  1.680142e-002  3.875219e-005
 9.575345e-001  1.659092e-002  3.856937e-005
 9.631660e-001  1.642167e-002  3.846343e-005
 9.687975e-001  1.629155e-002  3.830559e-005
 9.744289e-001  1.617565e-002  3.815814e-005
 9.800604e-001  1.603456e-002  3.803762e-005
 9.856918e-001  1.574831e-002  3.788042e-005
 9.913232e-001  1.552106e-002  3.773613e-005
 9.969546e-001  1.544807e-002  3.755203e-005
 1.002586e+000  1.528342e-002  3.745446e-005
 1.008217e+000  1.507932e-002  3.731006e-005
 1.013849e+000  1.481702e-002  3.708736e-005
 1.019480e+000  1.466610e-002  3.698137e-005
 1.025111e+000  1.469123e-002  3.685384e-005
 1.030742e+000  1.454507e-002  3.673563e-005
 1.036374e+000  1.432216e-002  3.649244e-005
 1.042005e+000  1.413284e-002  3.629658e-005
 1.047636e+000  1.388437e-002  3.614093e-005
 1.053267e+000  1.379910e-002  3.590860e-005
 1.058899e+000  1.368717e-002  3.577674e-005
 1.064530e+000  1.348611e-002  3.557877e-005
 1.070161e+000  1.330140e-002  3.544842e-005
 1.075792e+000  1.312700e-002  3.533668e-005
 1.081423e+000  1.302814e-002  3.521330e-005
 1.087054e+000  1.290188e-002  3.515404e-005
 1.092685e+000  1.276204e-002  3.498373e-005
 1.098316e+000  1.269591e-002  3.490198e-005
 1.103947e+000  1.261552e-002  3.483923e-005
 1.109578e+000  1.244236e-002  3.464116e-005
 1.115209e+000  1.221486e-002  3.457482e-005
 1.120840e+000  1.218073e-002  3.445335e-005
 1.126471e+000  1.198096e-002  3.436119e-005
 1.132102e+000  1.184080e-002  3.421250e-005
 1.137733e+000  1.174575e-002  3.410206e-005
 1.143364e+000  1.162479e-002  3.404615e-005
 1.148994e+000  1.150077e-002  3.391193e-005
 1.154625e+000  1.127991e-002  3.379628e-005
 1.160256e+000  1.114881e-002  3.367780e-005
 1.165887e+000  1.104210e-002  3.359188e-005
 1.171517e+000  1.095798e-002  3.346570e-005
 1.177148e+000  1.079296e-002  3.334518e-005
 1.182779e+000  1.068905e-002  3.325058e-005
 1.188410e+000  1.055559e-002  3.314119e-005
 1.194040e+000  1.039524e-002  3.305184e-005
 1.199671e+000  1.025007e-002  3.291625e-005
 1.205301e+000  1.015741e-002  3.282873e-005
 1.210932e+000  1.007419e-002  3.273227e-005
 1.216563e+000  9.897654e-003  3.260256e-005
 1.222193e+000  9.827526e-003  3.255600e-005
 1.227824e+000  9.732992e-003  3.241829e-005
 1.233454e+000  9.655630e-003  3.237497e-005
 1.239085e+000  9.598575e-003  3.226435e-005
 1.244715e+000  9.441456e-003  3.213369e-005
 1.250345e+000  9.260295e-003  3.206361e-005
 1.255976e+000  9.121101e-003  3.191281e-005
 1.261606e+000  8.970307e-003  3.189193e-005
 1.267236e+000  8.829043e-003  3.174320e-005
 1.272867e+000  8.796446e-003  3.168881e-005
 1.278497e+000  8.782205e-003  3.161577e-005
 1.284127e+000  8.672326e-003  3.149458e-005
 1.289758e+000  8.529378e-003  3.144953e-005
 1.295388e+000  8.424913e-003  3.132622e-005
 1.301018e+000  8.264876e-003  3.122641e-005
 1.306648e+000  8.158804e-003  3.113114e-005
 1.312278e+000  8.101075e-003  3.104095e-005
 1.317908e+000  8.026480e-003  3.100062e-005
 1.323539e+000  7.950662e-003  3.087706e-005
 1.329169e+000  7.876519e-003  3.080215e-005
 1.334799e+000  7.771759e-003  3.069443e-005
 1.340429e+000  7.640999e-003  3.060504e-005
 1.346059e+000  7.534225e-003  3.054524e-005
 1.351689e+000  7.412505e-003  3.041161e-005
 1.357319e+000  7.351270e-003  3.038015e-005
 1.362948e+000  7.250517e-003  3.026296e-005
 1.368578e+000  7.161573e-003  3.018719e-005
 1.374208e+000  7.054358e-003  3.011816e-005
 1.379838e+000  7.000844e-003  3.001057e-005
 1.385468e+000  6.935653e-003  2.994403e-005
 1.391098e+000  6.922387e-003  2.989778e-005
 1.396727e+000  6.841960e-003  2.983697e-005
 1.402357e+000  6.759828e-003  2.973691e-005
 1.407987e+000  6.539793e-003  2.962804e-005
 1.413616e+000  6.474402e-003  2.957578e-005
 1.419246e+000  6.464110e-003  2.946097e-005
 1.424876e+000  6.396494e-003  2.943050e-005
 1.430505e+000  6.380450e-003  2.934127e-005
 1.436135e+000  6.320607e-003  2.929126e-005
 1.441764e+000  6.234152e-003  2.922401e-005
 1.447394e+000  6.172918e-003  2.913104e-005
 1.453023e+000  6.107328e-003  2.907730e-005
 1.458653e+000  6.001688e-003  2.896818e-005
 1.464282e+000  5.907128e-003  2.889486e-005
 1.469912e+000  5.837062e-003  2.883690e-005
 1.475541e+000  5.733390e-003  2.875109e-005
 1.481170e+000  5.641022e-003  2.867789e-005
 1.486800e+000  5.559302e-003  2.859159e-005
 1.492429e+000  5.457891e-003  2.854214e-005
 1.498058e+000  5.347424e-003  2.843014e-005
 1.503687e+000  5.340038e-003  2.838415e-005
 1.509317e+000  5.305544e-003  2.835133e-005
 1.514946e+000  5.214053e-003  2.822997e-005
 1.520575e+000  5.113375e-003  2.820881e-005
 1.526204e+000  5.046848e-003  2.809128e-005
 1.531833e+000  5.016514e-003  2.807249e-005
 1.537462e+000  4.957888e-003  2.800214e-005
 1.543091e+000  4.927856e-003  2.791233e-005
 1.548720e+000  4.870991e-003  2.786770e-005
 1.554349e+000  4.797373e-003  2.777214e-005
 1.559978e+000  4.753988e-003  2.773491e-005
 1.565607e+000  4.749806e-003  2.766559e-005
 1.571236e+000  4.719209e-003  2.761042e-005
 1.576865e+000  4.576610e-003  2.755987e-005
 1.582493e+000  4.516940e-003  2.747539e-005
 1.588122e+000  4.493000e-003  2.744176e-005
 1.593751e+000  4.493527e-003  2.733520e-005
 1.599380e+000  4.369802e-003  2.729945e-005
 1.605008e+000  4.281098e-003  2.723169e-005
 1.610637e+000  4.185887e-003  2.711367e-005
 1.616266e+000  4.103617e-003  2.707829e-005
 1.621894e+000  4.023826e-003  2.699427e-005
 1.627523e+000  4.035165e-003  2.699168e-005
 1.633151e+000  4.043220e-003  2.695064e-005
 1.638780e+000  4.024284e-003  2.688079e-005
 1.644408e+000  4.003901e-003  2.687788e-005
 1.650037e+000  3.944506e-003  2.676267e-005
 1.655665e+000  3.810628e-003  2.669412e-005
 1.661293e+000  3.732509e-003  2.660437e-005
 1.666922e+000  3.748894e-003  2.659536e-005
 1.672550e+000  3.723341e-003  2.655692e-005
 1.678178e+000  3.687442e-003  2.648392e-005
 1.683806e+000  3.617865e-003  2.646022e-005
 1.689435e+000  3.491987e-003  2.636085e-005
 1.695063e+000  3.468196e-003  2.631981e-005
 1.700691e+000  3.532192e-003  2.630085e-005
 1.706319e+000  3.473663e-003  2.621181e-005
 1.711947e+000  3.378597e-003  2.615562e-005
 1.717575e+000  3.311674e-003  2.607256e-005
 1.723203e+000  3.244608e-003  2.604359e-005
 1.728831e+000  3.180221e-003  2.596466e-005
 1.734459e+000  3.121411e-003  2.591598e-005
 1.740087e+000  3.109335e-003  2.589183e-005
 1.745715e+000  3.111219e-003  2.582110e-005
 1.751343e+000  3.067698e-003  2.579186e-005
 1.756971e+000  2.974624e-003  2.570659e-005
 1.762598e+000  3.038990e-003  2.570298e-005
 1.768226e+000  3.055390e-003  2.566301e-005
 1.773854e+000  2.937915e-003  2.558728e-005
 1.779481e+000  2.861556e-003  2.555092e-005
 1.785109e+000  2.781767e-003  2.545143e-005
 1.790737e+000  2.722686e-003  2.543242e-005
 1.796364e+000  2.742007e-003  2.539231e-005
 1.801992e+000  2.803923e-003  2.536042e-005
 1.807619e+000  2.747737e-003  2.530669e-005
 1.813247e+000  2.732770e-003  2.523304e-005
 1.818874e+000  2.696635e-003  2.521660e-005
 1.824502e+000  2.607819e-003  2.511975e-005
 1.830129e+000  2.528420e-003  2.509905e-005
 1.835756e+000  2.492218e-003  2.507203e-005
 1.841384e+000  2.502572e-003  2.499966e-005
 1.847011e+000  2.475030e-003  2.499679e-005
 1.852638e+000  2.455516e-003  2.492194e-005
 1.858265e+000  2.384469e-003  2.490032e-005
 1.863892e+000  2.354031e-003  2.482327e-005
 1.869520e+000  2.258015e-003  2.473859e-005
 1.875147e+000  2.234260e-003  2.474161e-005
 1.880774e+000  2.242290e-003  2.467326e-005
 1.886401e+000  2.292551e-003  2.468712e-005
 1.892028e+000  2.271307e-003  2.463790e-005
 1.897655e+000  2.195093e-003  2.457348e-005
 1.903281e+000  2.236703e-003  2.456734e-005
 1.908908e+000  2.163240e-003  2.448162e-005
 1.914535e+000  2.125241e-003  2.448414e-005
 1.920162e+000  2.100067e-003  2.441190e-005
 1.925789e+000  2.047226e-003  2.436231e-005
 1.931415e+000  2.064442e-003  2.434334e-005
 1.937042e+000  1.985761e-003  2.427652e-005
 1.942669e+000  1.927560e-003  2.425824e-005
 1.948295e+000  1.952218e-003  2.420038e-005
 1.953922e+000  1.900059e-003  2.417249e-005
 1.959548e+000  1.865811e-003  2.411999e-005
 1.965175e+000  1.828053e-003  2.406935e-005
 1.970801e+000  1.886749e-003  2.405485e-005
 1.976428e+000  1.872653e-003  2.399742e-005
 1.982054e+000  1.822267e-003  2.398720e-005
 1.987680e+000  1.748493e-003  2.391114e-005
 1.993307e+000  1.678312e-003  2.386809e-005
 1.998933e+000  1.730932e-003  2.385584e-005
 2.004559e+000  1.713378e-003  2.378702e-005
 2.010185e+000  1.641522e-003  2.375835e-005
 2.015811e+000  1.609876e-003  2.370983e-005
 2.021438e+000  1.625540e-003  2.369148e-005
 2.027064e+000  1.626257e-003  2.364744e-005
 2.032690e+000  1.640402e-003  2.386300e-005
 2.038316e+000  1.645416e-003  2.417257e-005
 2.043942e+000  1.617416e-003  2.430323e-005
 2.049567e+000  1.551636e-003  2.443547e-005
 2.055193e+000  1.538517e-003  2.453367e-005
 2.060819e+000  1.472422e-003  2.462072e-005
 2.066445e+000  1.462657e-003  2.469738e-005
 2.072071e+000  1.477876e-003  2.498167e-005
 2.077696e+000  1.475674e-003  2.545731e-005
 2.083322e+000  1.498775e-003  2.571932e-005
 2.088948e+000  1.416588e-003  2.592947e-005
 2.094573e+000  1.341921e-003  2.606431e-005
 2.100199e+000  1.329207e-003  2.619253e-005
 2.105824e+000  1.344574e-003  2.635067e-005
 2.111450e+000  1.315093e-003  2.639242e-005
 2.117075e+000  1.297120e-003  2.652074e-005
 2.122701e+000  1.301240e-003  2.662479e-005
 2.128326e+000  1.306076e-003  2.674245e-005
 2.133951e+000  1.229287e-003  2.684807e-005
 2.139576e+000  1.151773e-003  2.688173e-005
 2.145202e+000  1.083098e-003  2.701812e-005
 2.150827e+000  1.138919e-003  2.705214e-005
 2.156452e+000  1.225442e-003  2.674787e-005
 2.162077e+000  1.221192e-003  2.637717e-005
 2.167702e+000  1.184758e-003  2.616010e-005
 2.173327e+000  1.146009e-003  2.608029e-005
 2.178952e+000  1.200279e-003  2.593812e-005
 2.184577e+000  1.158130e-003  2.589155e-005
 2.190202e+000  1.148087e-003  2.580473e-005
 2.195827e+000  1.211012e-003  2.574064e-005
 2.201452e+000  1.141987e-003  2.568566e-005
 2.207076e+000  1.150724e-003  2.553737e-005
 2.212701e+000  1.123683e-003  2.548028e-005
 2.218326e+000  1.040337e-003  2.540497e-005
 2.223950e+000  1.056177e-003  2.538040e-005
 2.229575e+000  1.033540e-003  2.531932e-005
 2.235199e+000  1.002291e-003  2.524822e-005
 2.240824e+000  9.344785e-004  2.523598e-005
 2.246448e+000  9.064795e-004  2.515660e-005
 2.252073e+000  9.365996e-004  2.516265e-005
 2.257697e+000  9.355201e-004  2.512406e-005
 2.263322e+000  9.070849e-004  2.507855e-005
 2.268946e+000  8.285314e-004  2.506333e-005
 2.274570e+000  8.538487e-004  2.499398e-005
 2.280194e+000  8.677267e-004  2.498972e-005
 2.285818e+000  7.759191e-004  2.495198e-005
 2.291442e+000  7.724345e-004  2.494406e-005
 2.297067e+000  8.295594e-004  2.498098e-005
 2.302691e+000  8.252183e-004  2.492626e-005
 2.308315e+000  8.067910e-004  2.492762e-005
 2.313938e+000  7.611784e-004  2.487774e-005
 2.319562e+000  7.657061e-004  2.485646e-005
 2.325186e+000  8.080444e-004  2.484283e-005
 2.330810e+000  7.625501e-004  2.480190e-005
 2.336434e+000  7.299780e-004  2.479310e-005
 2.342057e+000  7.302380e-004  2.477128e-005
 2.347681e+000  7.109130e-004  2.476675e-005
 2.353305e+000  6.820796e-004  2.471547e-005
 2.358928e+000  6.582947e-004  2.467391e-005
 2.364552e+000  7.325400e-004  2.468496e-005
 2.370175e+000  7.563268e-004  2.462774e-005
 2.375799e+000  6.881798e-004  2.462374e-005
 2.381422e+000  5.902878e-004  2.455268e-005
 2.387045e+000  5.632670e-004  2.455437e-005
 2.392669e+000  6.174996e-004  2.456784e-005
 2.398292e+000  6.089977e-004  2.452052e-005
 2.403915e+000  6.370930e-004  2.454053e-005
 2.409538e+000  6.613795e-004  2.448017e-005
 2.415162e+000  6.016018e-004  2.447407e-005
 2.420785e+000  5.469582e-004  2.442150e-005
 2.426408e+000  5.512170e-004  2.440023e-005
 2.432031e+000  5.016863e-004  2.439986e-005
 2.437653e+000  4.804802e-004  2.433066e-005
 2.443276e+000  5.567419e-004  2.437140e-005
 2.448899e+000  5.322596e-004  2.434125e-005
 2.454522e+000  5.252408e-004  2.430712e-005
 2.460145e+000  4.960622e-004  2.430535e-005
 2.465767e+000  4.743231e-004  2.424363e-005
 2.471390e+000  4.846930e-004  2.426253e-005
 2.477013e+000  4.575666e-004  2.421012e-005
 2.482635e+000  4.884515e-004  2.421786e-005
 2.488258e+000  4.143690e-004  2.418911e-005
 2.493880e+000  4.079442e-004  2.414051e-005
 2.499503e+000  4.049172e-004  2.415967e-005
 2.505125e+000  3.960017e-004  2.411570e-005
 2.510747e+000  3.549756e-004  2.411473e-005
 2.516369e+000  4.115069e-004  2.409387e-005
 2.521992e+000  3.985513e-004  2.408009e-005
 2.527614e+000  3.479940e-004  2.406665e-005
 2.533236e+000  3.352591e-004  2.400990e-005
 2.538858e+000  3.344655e-004  2.399540e-005
 2.544480e+000  3.009931e-004  2.396604e-005
 2.550102e+000  3.786840e-004  2.400369e-005
 2.555724e+000  4.063252e-004  2.400998e-005
 2.561346e+000  3.603770e-004  2.394117e-005
 2.566968e+000  3.945335e-004  2.395677e-005
 2.572589e+000  3.933343e-004  2.390012e-005
 2.578211e+000  3.280022e-004  2.388831e-005
 2.583833e+000  2.673299e-004  2.383537e-005
 2.589454e+000  2.566079e-004  2.381175e-005
 2.595076e+000  2.481017e-004  2.379470e-005
 2.600697e+000  2.695936e-004  2.375091e-005
 2.606319e+000  2.851848e-004  2.377694e-005
 2.611940e+000  2.999114e-004  2.372822e-005
 2.617562e+000  2.614611e-004  2.371946e-005
 2.623183e+000  2.433003e-004  2.371199e-005
 2.628804e+000  2.356759e-004  2.367050e-005
 2.634426e+000  2.001231e-004  2.367242e-005
 2.640047e+000  2.199337e-004  2.362179e-005
 2.645668e+000  2.462643e-004  2.363819e-005
 2.651289e+000  2.608026e-004  2.361684e-005
 2.656910e+000  2.070747e-004  2.358274e-005
 2.662531e+000  2.178710e-004  2.359761e-005
 2.668152e+000  2.739897e-004  2.355450e-005
 2.673773e+000  2.471624e-004  2.358237e-005
 2.679393e+000  2.120686e-004  2.353179e-005
 2.685014e+000  1.690808e-004  2.351312e-005
 2.690635e+000  2.019909e-004  2.351723e-005
 2.696256e+000  2.915241e-004  2.349087e-005
 2.701876e+000  3.016487e-004  2.351073e-005
 2.707497e+000  2.170983e-004  2.344141e-005
 2.713117e+000  1.964013e-004  2.341808e-005
 2.718738e+000  1.815007e-004  2.339781e-005
 2.724358e+000  1.536969e-004  2.336987e-005
 2.729978e+000  1.518684e-004  2.338579e-005
 2.735599e+000  1.881359e-004  2.335611e-005
 2.741219e+000  2.231830e-004  2.338060e-005
 2.746839e+000  2.236999e-004  2.335089e-005
 2.752459e+000  1.919077e-004  2.332188e-005
 2.758079e+000  1.920353e-004  2.332519e-005
 2.763699e+000  1.462828e-004  2.326112e-005
 2.769319e+000  1.336328e-004  2.328970e-005
 2.774939e+000  1.470679e-004  2.323542e-005
 2.780559e+000  1.656041e-004  2.322726e-005
 2.786179e+000  1.628042e-004  2.323960e-005
 2.791799e+000  2.048037e-004  2.318193e-005
 2.797418e+000  2.182729e-004  2.322182e-005
 2.803038e+000  1.711766e-004  2.314770e-005
 2.808658e+000  1.729201e-004  2.317619e-005
 2.814277e+000  1.715866e-004  2.314591e-005
 2.819897e+000  1.174880e-004  2.311411e-005
 2.825516e+000  4.734127e-005  2.311270e-005
 2.831136e+000  5.134361e-005  2.307023e-005
 2.836755e+000  6.484790e-005  2.308994e-005
 2.842374e+000  3.960257e-005  2.306272e-005
 2.847993e+000  9.459734e-005  2.306152e-005
 2.853613e+000  1.492637e-004  2.305218e-005
 2.859232e+000  1.106815e-004  2.301180e-005
 2.864851e+000  9.809502e-005  2.303494e-005
 2.870470e+000  9.288269e-005  2.298801e-005
 2.876089e+000  5.584260e-005  2.298394e-005
 2.881708e+000  4.123236e-005  2.294638e-005
 2.887326e+000  1.140204e-004  2.296354e-005
 2.892945e+000  1.331178e-004  2.294175e-005
 2.898564e+000  1.275016e-004  2.292199e-005
 2.904183e+000  8.384854e-005  2.291522e-005
 2.909801e+000  6.631855e-005  2.289494e-005
 2.915420e+000  6.313847e-005  2.285170e-005
 2.921038e+000  1.110634e-004  2.282958e-005
 2.926657e+000  1.229393e-004  2.279747e-005
 2.932275e+000  6.987642e-005  2.274930e-005
 2.937893e+000  3.831641e-005  2.270861e-005
 2.943512e+000  5.989345e-005  2.268377e-005
 2.949130e+000  7.133659e-005  2.265731e-005
 2.954748e+000  7.737620e-005  2.261793e-005
 2.960366e+000  1.089236e-004  2.260035e-005
 2.965984e+000  9.283493e-005  2.257877e-005
 2.971602e+000  7.286500e-005  2.258056e-005
 2.977220e+000  9.162718e-005  2.255325e-005
 2.982838e+000  1.002366e-004  2.254555e-005
 2.988456e+000  1.125863e-004  2.255055e-005
 2.994073e+000  1.029054e-004  2.251235e-005
 2.999691e+000  1.195110e-004  2.251083e-005
 3.005309e+000  1.627982e-004  2.249323e-005
 3.010926e+000  1.005352e-004  2.246023e-005
 3.016544e+000  6.625019e-005  2.244908e-005
 3.022161e+000  8.998757e-006  2.241918e-005
 3.027779e+000  3.043914e-005  2.240996e-005
 3.033396e+000  1.237204e-004  2.241483e-005
 3.039013e+000  1.564151e-004  2.242357e-005
 3.044631e+000  1.772255e-004  2.239456e-005
 3.050248e+000  1.586288e-004  2.240500e-005
 3.055865e+000  1.057091e-004  2.236588e-005
 3.061482e+000  6.356641e-005  2.231677e-005
 3.067099e+000  9.991407e-005  2.234163e-005
 3.072716e+000  1.541791e-004  2.233145e-005
 3.078333e+000  1.749549e-004  2.233534e-005
 3.083950e+000  1.402264e-004  2.229543e-005
 3.089567e+000  7.658569e-005  2.226250e-005
 3.095183e+000  7.878972e-005  2.225971e-005
 3.100800e+000  8.906372e-005  2.223634e-005
 3.106416e+000  1.371397e-004  2.227490e-005
 3.112033e+000  1.364823e-004  2.222988e-005
 3.117649e+000  9.744976e-005  2.222078e-005
 3.123266e+000  7.673509e-005  2.218735e-005
 3.128882e+000  7.062763e-005  2.213677e-005
 3.134498e+000  6.569433e-005  2.217047e-005
 3.140115e+000  1.058550e-004  2.212934e-005
 3.145731e+000  1.377394e-004  2.213555e-005
 3.151347e+000  6.373237e-005  2.210134e-005
 3.156963e+000  8.482063e-005  2.209927e-005
 3.162579e+000  1.405908e-004  2.210184e-005
 3.168195e+000  8.925758e-005  2.206005e-005
 3.173811e+000  9.492224e-005  2.207313e-005
 3.179427e+000  1.228133e-004  2.205608e-005
 3.185042e+000  1.001654e-004  2.204577e-005
 3.190658e+000  1.038309e-004  2.203358e-005
 3.196274e+000  9.655355e-005  2.200387e-005
 3.201889e+000  8.764916e-005  2.201095e-005
 3.207505e+000  9.992221e-005  2.196655e-005
 3.213120e+000  6.887753e-005  2.197227e-005
 3.218736e+000  1.071168e-004  2.195235e-005
 3.224351e+000  1.284582e-004  2.194429e-005
 3.229966e+000  1.298693e-004  2.197088e-005
 3.235581e+000  1.276746e-004  2.191795e-005
 3.241196e+000  1.588940e-004  2.193055e-005
 3.246811e+000  1.561760e-004  2.192511e-005
 3.252426e+000  1.645498e-004  2.191210e-005
 3.258041e+000  1.427912e-004  2.190127e-005
 3.263656e+000  9.847064e-005  2.184369e-005
 3.269271e+000  6.217174e-005  2.186196e-005
 3.274886e+000  4.889314e-005  2.183289e-005
 3.280501e+000  6.227272e-005  2.181879e-005
 3.286115e+000  9.597618e-005  2.182926e-005
 3.291730e+000  1.040810e-004  2.181063e-005
 3.297344e+000  1.277403e-004  2.181312e-005
 3.302959e+000  1.749710e-004  2.178464e-005
 3.308573e+000  1.482821e-004  2.179063e-005
 3.314187e+000  5.833977e-005  2.175889e-005
 3.319802e+000  1.166418e-004  2.174143e-005
 3.325416e+000  1.777530e-004  2.174633e-005
 3.331030e+000  1.519611e-004  2.171477e-005
 3.336644e+000  1.281589e-004  2.171472e-005
 3.342258e+000  1.479195e-004  2.171332e-005
 3.347872e+000  1.612234e-004  2.168746e-005
 3.353486e+000  1.705313e-004  2.167697e-005
 3.359099e+000  1.614634e-004  2.165736e-005
 3.364713e+000  1.736510e-004  2.167786e-005
 3.370327e+000  1.685412e-004  2.162722e-005
 3.375940e+000  1.120422e-004  2.162572e-005
 3.381554e+000  8.305492e-005  2.161929e-005
 3.387167e+000  1.434554e-004  2.159900e-005
 3.392781e+000  1.245722e-004  2.159581e-005
 3.398394e+000  1.207026e-004  2.155676e-005
 3.404008e+000  1.122250e-004  2.157704e-005
 3.409621e+000  1.239030e-004  2.155408e-005
 3.415234e+000  1.414797e-004  2.153776e-005
 3.420847e+000  1.114403e-004  2.153555e-005
 3.426460e+000  8.369428e-005  2.149409e-005
 3.432073e+000  9.278551e-005  2.151469e-005
 3.437686e+000  1.224640e-004  2.149068e-005
 3.443299e+000  1.738550e-004  2.148672e-005
 3.448911e+000  1.720887e-004  2.146802e-005
 3.454524e+000  1.496634e-004  2.144280e-005
 3.460137e+000  1.130557e-004  2.144668e-005
 3.465749e+000  1.634157e-004  2.142835e-005
 3.471362e+000  1.202832e-004  2.143714e-005
 3.476974e+000  1.285922e-004  2.140258e-005
 3.482586e+000  1.456529e-004  2.137441e-005
 3.488199e+000  1.281920e-004  2.138011e-005
 3.493811e+000  5.783858e-005  2.132744e-005
 3.499423e+000  1.037917e-004  2.135055e-005
 3.505035e+000  1.202177e-004  2.131152e-005
 3.510647e+000  1.664424e-004  2.133067e-005
 3.516259e+000  1.695117e-004  2.131985e-005
 3.521871e+000  1.410077e-004  2.127464e-005
 3.527483e+000  1.576653e-004  2.130604e-005
 3.533095e+000  1.452151e-004  2.127497e-005
 3.538706e+000  1.551122e-004  2.130010e-005
 3.544318e+000  1.016674e-004  2.125714e-005
 3.549929e+000  8.955621e-005  2.122437e-005
 3.555541e+000  1.139746e-004  2.123757e-005
 3.561152e+000  1.579541e-004  2.120177e-005
 3.566764e+000  1.236860e-004  2.120559e-005
 3.572375e+000  8.853127e-005  2.117238e-005
 3.577986e+000  5.403870e-005  2.116281e-005
 3.583597e+000  5.561557e-005  2.115868e-005
 3.589208e+000  1.277978e-004  2.115218e-005
 3.594819e+000  1.246034e-004  2.121224e-005
 3.600430e+000  9.640614e-005  2.159379e-005
 3.606041e+000  9.957259e-005  2.184103e-005
 3.611652e+000  1.413541e-004  2.205939e-005
 3.617263e+000  1.265425e-004  2.223392e-005
 3.622873e+000  1.140833e-004  2.243860e-005
 3.628484e+000  9.087116e-005  2.256901e-005
 3.634094e+000  8.808104e-005  2.274550e-005
 3.639705e+000  1.363417e-004  2.289231e-005
 3.645315e+000  1.826688e-004  2.303117e-005
 3.650925e+000  1.316207e-004  2.318157e-005
 3.656536e+000  1.595329e-004  2.328063e-005
 3.662146e+000  1.612230e-004  2.345932e-005
 3.667756e+000  1.252812e-004  2.355598e-005
 3.673366e+000  1.296723e-004  2.365879e-005
 3.678976e+000  2.066207e-004  2.373807e-005
 3.684586e+000  1.933834e-004  2.377177e-005
 3.690196e+000  1.544244e-004  2.388244e-005
 3.695805e+000  1.781135e-004  2.390895e-005
 3.701415e+000  2.213766e-004  2.399011e-005
 3.707025e+000  1.982020e-004  2.405898e-005
 3.712634e+000  1.640117e-004  2.409993e-005
 3.718244e+000  1.308587e-004  2.418510e-005
 3.723853e+000  9.759878e-005  2.421319e-005
 3.729462e+000  1.741286e-004  2.432217e-005
 3.735072e+000  2.057245e-004  2.435517e-005
 3.740681e+000  1.672009e-004  2.441055e-005
 3.746290e+000  2.042735e-004  2.449166e-005
 3.751899e+000  1.960701e-004  2.450053e-005
 3.757508e+000  1.380319e-004  2.458039e-005
 3.763117e+000  1.192921e-004  2.459324e-005
 3.768725e+000  1.524235e-004  2.467039e-005
 3.774334e+000  1.987964e-004  2.473739e-005
 3.779943e+000  1.984372e-004  2.476376e-005
 3.785551e+000  1.406559e-004  2.481296e-005
 3.791160e+000  1.895756e-004  2.481630e-005
 3.796768e+000  2.046150e-004  2.492187e-005
 3.802377e+000  2.157775e-004  2.494887e-005
 3.807985e+000  2.141380e-004  2.499701e-005
 3.813593e+000  1.500445e-004  2.506251e-005
 3.819201e+000  1.414229e-004  2.508322e-005
 3.824810e+000  1.346039e-004  2.516073e-005
 3.830418e+000  1.747500e-004  2.514739e-005
 3.836025e+000  2.159069e-004  2.525075e-005
 3.841633e+000  2.414673e-004  2.532685e-005
 3.847241e+000  1.670861e-004  2.532692e-005
 3.852849e+000  1.200996e-004  2.539217e-005
 3.858456e+000  6.662963e-005  2.537361e-005
 3.864064e+000  1.048419e-004  2.547658e-005
 3.869672e+000  2.121270e-004  2.554170e-005
 3.875279e+000  2.076644e-004  2.556928e-005
 3.880886e+000  1.354943e-004  2.562206e-005
 3.886494e+000  1.209442e-004  2.561056e-005
 3.892101e+000  1.268767e-004  2.570991e-005
 3.897708e+000  1.794740e-004  2.573825e-005
 3.903315e+000  2.007288e-004  2.579623e-005
 3.908922e+000  2.345165e-004  2.586823e-005
 3.914529e+000  2.733984e-004  2.589538e-005
 3.920136e+000  2.037446e-004  2.597702e-005
 3.925742e+000  2.080618e-004  2.597378e-005
 3.931349e+000  2.322982e-004  2.606755e-005
 3.936956e+000  2.560280e-004  2.613765e-005
 3.942562e+000  2.556109e-004  2.614801e-005
 3.948169e+000  2.216857e-004  2.621540e-005
 3.953775e+000  2.214297e-004  2.618600e-005
 3.959381e+000  1.458786e-004  2.624907e-005
 3.964987e+000  1.122203e-004  2.627030e-005
 3.970594e+000  1.419405e-004  2.631787e-005
 3.976200e+000  1.641226e-004  2.638765e-005
 3.981806e+000  1.598387e-004  2.640407e-005
 3.987412e+000  2.264032e-004  2.653168e-005
 3.993017e+000  2.308099e-004  2.653467e-005
 3.998623e+000  1.963951e-004  2.660511e-005
 4.004229e+000  1.952985e-004  2.664622e-005
 4.009834e+000  1.548606e-004  2.664120e-005
 4.015440e+000  1.487024e-004  2.672044e-005
 4.021045e+000  1.464164e-004  2.669617e-005
 4.026651e+000  1.390419e-004  2.679284e-005
 4.032256e+000  1.413748e-004  2.682647e-005
 4.037861e+000  1.410036e-004  2.685061e-005
 4.043466e+000  1.637870e-004  2.693287e-005
 4.049071e+000  1.006830e-004  2.692628e-005
 4.054676e+000  1.146237e-004  2.702372e-005
 4.060281e+000  1.701034e-004  2.702532e-005
 4.065886e+000  1.893110e-004  2.711316e-005
 4.071491e+000  2.038582e-004  2.716670e-005
 4.077096e+000  2.074957e-004  2.719224e-005
 4.082700e+000  2.057002e-004  2.729782e-005
 4.088305e+000  1.631942e-004  2.725659e-005
 4.093909e+000  1.674962e-004  2.734340e-005
 4.099514e+000  1.869649e-004  2.739424e-005
 4.105118e+000  2.246969e-004  2.743010e-005
 4.110722e+000  2.383292e-004  2.751128e-005
 4.116326e+000  2.431806e-004  2.749257e-005
 4.121930e+000  1.953696e-004  2.758894e-005
 4.127534e+000  2.154430e-004  2.762136e-005
 4.133138e+000  1.973726e-004  2.766925e-005
 4.138742e+000  2.150929e-004  2.772100e-005
 4.144346e+000  2.246115e-004  2.770297e-005
 4.149949e+000  2.406978e-004  2.781159e-005
 4.155553e+000  2.418279e-004  2.773732e-005
 4.161156e+000  2.538248e-004  2.778303e-005
 4.166760e+000  2.589754e-004  2.781601e-005
 4.172363e+000  2.627157e-004  2.779095e-005
 4.177966e+000  2.095533e-004  2.783652e-005
 4.183570e+000  1.539344e-004  2.767504e-005
 4.189173e+000  9.113649e-005  2.769237e-005
 4.194776e+000  1.214921e-004  2.771360e-005
 4.200379e+000  1.620554e-004  2.770265e-005
 4.205981e+000  1.961831e-004  2.776707e-005
 4.211584e+000  2.281244e-004  2.769901e-005
 4.217187e+000  2.442317e-004  2.778258e-005
 4.222790e+000  2.228205e-004  2.774786e-005
 4.228392e+000  1.845436e-004  2.778729e-005
 4.233994e+000  1.302000e-004  2.776004e-005
 4.239597e+000  1.178184e-004  2.773887e-005
 4.245199e+000  1.330659e-004  2.780835e-005
 4.250801e+000  1.881052e-004  2.777105e-005
 4.256403e+000  1.547337e-004  2.780638e-005
 4.262006e+000  2.021920e-004  2.782852e-005
 4.267607e+000  1.912420e-004  2.783351e-005
 4.273209e+000  1.743739e-004  2.788184e-005
 4.278811e+000  1.299631e-004  2.781704e-005
 4.284413e+000  9.905883e-005  2.788676e-005
 4.290015e+000  9.260252e-005  2.784498e-005
 4.295616e+000  1.116390e-004  2.785345e-005
 4.301218e+000  1.732924e-004  2.787933e-005
 4.306819e+000  2.340391e-004  2.785387e-005
 4.312420e+000  2.187317e-004  2.792748e-005
 4.318021e+000  2.267796e-004  2.787197e-005
 4.323623e+000  2.256884e-004  2.792669e-005
 4.329224e+000  2.544736e-004  2.793196e-005
 4.334825e+000  2.155763e-004  2.789535e-005
 4.340426e+000  1.563384e-004  2.792645e-005
 4.346026e+000  1.299278e-004  2.788629e-005
 4.351627e+000  1.542552e-004  2.795799e-005
 4.357228e+000  1.434132e-004  2.792715e-005
 4.362828e+000  8.360993e-005  2.792264e-005
 4.368429e+000  1.000006e-004  2.794956e-005
 4.374029e+000  1.088807e-004  2.790954e-005
 4.379629e+000  7.494243e-005  2.800802e-005
 4.385230e+000  1.312734e-004  2.796757e-005
 4.390830e+000  1.607775e-004  2.803850e-005
 4.396430e+000  1.464253e-004  2.801216e-005
 4.402030e+000  1.930779e-004  2.799752e-005
 4.407630e+000  1.990153e-004  2.806010e-005
 4.413230e+000  2.676194e-004  2.799274e-005
 4.418829e+000  2.641266e-004  2.808504e-005
 4.424429e+000  1.797686e-004  2.803954e-005
 4.430028e+000  1.168138e-004  2.801655e-005
 4.435628e+000  1.583292e-004  2.807847e-005
 4.441227e+000  1.604585e-004  2.802748e-005
 4.446827e+000  1.967618e-004  2.811628e-005
 4.452426e+000  1.981939e-004  2.808004e-005
 4.458025e+000  1.964393e-004  2.810158e-005
 4.463624e+000  1.712999e-004  2.813199e-005
 4.469223e+000  1.466840e-004  2.804892e-005
 4.474822e+000  1.653405e-004  2.811876e-005
 4.480421e+000  1.363792e-004  2.804987e-005
 4.486019e+000  9.322263e-005  2.812735e-005
 4.491618e+000  1.200646e-004  2.810677e-005
 4.497216e+000  1.360483e-004  2.810941e-005
 4.502815e+000  1.510356e-004  2.816619e-005
 4.508413e+000  1.374584e-004  2.811742e-005
 4.514011e+000  1.197822e-004  2.814992e-005
 4.519610e+000  1.966291e-004  2.811905e-005
 4.525208e+000  2.072645e-004  2.817945e-005
 4.530806e+000  1.778816e-004  2.819542e-005
 4.536404e+000  2.001433e-004  2.815947e-005
 4.542001e+000  1.251950e-004  2.819798e-005
 4.547599e+000  1.403581e-004  2.814646e-005
 4.553197e+000  1.795580e-004  2.822258e-005
 4.558794e+000  1.877476e-004  2.820755e-005
 4.564392e+000  1.292021e-004  2.814111e-005
 4.569989e+000  1.549429e-004  2.821804e-005
 4.575587e+000  1.576479e-004  2.815407e-005
 4.581184e+000  1.371635e-004  2.822825e-005
 4.586781e+000  1.686485e-004  2.821780e-005
 4.592378e+000  2.121723e-004  2.824928e-005
 4.597975e+000  2.091086e-004  2.827591e-005
 4.603572e+000  1.906584e-004  2.821214e-005
 4.609169e+000  1.515253e-004  2.825986e-005
 4.614765e+000  1.500554e-004  2.821266e-005
 4.620362e+000  1.318644e-004  2.823185e-005
 4.625959e+000  1.601301e-004  2.826841e-005
 4.631555e+000  1.099040e-004  2.822743e-005
 4.637151e+000  1.009768e-004  2.827091e-005
 4.642748e+000  2.071955e-004  2.824223e-005
 4.648344e+000  2.342052e-004  2.831784e-005
 4.653940e+000  2.126351e-004  2.832015e-005
 4.659536e+000  2.448213e-004  2.832679e-005
 4.665132e+000  1.824251e-004  2.833951e-005
 4.670728e+000  1.585584e-004  2.827259e-005
 4.676323e+000  1.511332e-004  2.836728e-005
 4.681919e+000  1.723498e-004  2.833398e-005
 4.687514e+000  1.681030e-004  2.836081e-005
 4.693110e+000  1.441828e-004  2.836856e-005
 4.698705e+000  1.073057e-004  2.834954e-005
 4.704301e+000  1.265356e-004  2.840308e-005
 4.709896e+000  1.657998e-004  2.831820e-005
 4.715491e+000  1.606487e-004  2.836988e-005
 4.721086e+000  2.239105e-004  2.836523e-005
 4.726681e+000  2.513385e-004  2.839057e-005
 4.732276e+000  2.557632e-004  2.844920e-005
 4.737870e+000  2.354263e-004  2.834931e-005
 4.743465e+000  2.124985e-004  2.844140e-005
 4.749060e+000  2.133440e-004  2.841443e-005
 4.754654e+000  1.337811e-004  2.838874e-005
 4.760248e+000  1.289608e-004  2.841404e-005
 4.765843e+000  9.533076e-005  2.836271e-005
 4.771437e+000  2.056552e-004  2.848859e-005
 4.777031e+000  2.054224e-004  2.840351e-005
 4.782625e+000  1.689031e-004  2.845726e-005
 4.788219e+000  1.633919e-004  2.844786e-005
 4.793813e+000  1.286664e-004  2.841637e-005
 4.799406e+000  8.466802e-005  2.848500e-005
 4.805000e+000  1.464275e-004  2.840623e-005
 4.810594e+000  2.181159e-004  2.848413e-005
 4.816187e+000  2.102911e-004  2.846792e-005
 4.821780e+000  2.156979e-004  2.844929e-005
 4.827374e+000  1.775363e-004  2.850317e-005
 4.832967e+000  1.308837e-004  2.842160e-005
 4.838560e+000  1.629538e-004  2.852791e-005
 4.844153e+000  2.285577e-004  2.848931e-005
 4.849746e+000  2.359919e-004  2.855706e-005
 4.855339e+000  2.074802e-004  2.855072e-005
 4.860931e+000  1.509226e-004  2.850263e-005
 4.866524e+000  1.408049e-004  2.856786e-005
 4.872117e+000  1.179042e-004  2.847590e-005
 4.877709e+000  1.656797e-004  2.854623e-005
 4.883301e+000  1.700191e-004  2.852977e-005
 4.888894e+000  2.094269e-004  2.853703e-005
 4.894486e+000  1.814096e-004  2.858488e-005
 4.900078e+000  1.720098e-004  2.850491e-005
 4.905670e+000  1.276710e-004  2.857462e-005
 4.911262e+000  1.169791e-004  2.855482e-005
 4.916854e+000  6.491102e-005  2.870609e-005
 4.922445e+000  9.042596e-005  2.891443e-005
 4.928037e+000  1.529949e-004  3.007917e-005
 4.933628e+000  1.770119e-004  3.136732e-005
 4.939220e+000  1.800834e-004  3.202928e-005
 4.944811e+000  1.640378e-004  3.280181e-005
 4.950402e+000  2.361058e-004  3.342501e-005
 4.955993e+000  2.528500e-004  3.394255e-005
 4.961584e+000  2.157500e-004  3.442601e-005
 4.967175e+000  2.061512e-004  3.437802e-005
 4.972766e+000  2.157232e-004  3.471618e-005
 4.978357e+000  2.154784e-004  3.493223e-005
 4.983948e+000  1.683260e-004  3.515338e-005
 4.989538e+000  1.867210e-004  3.548209e-005
 4.995129e+000  1.380101e-004  3.552529e-005
 5.000719e+000  5.181772e-005  3.588564e-005
 5.006309e+000  1.591478e-004  3.600002e-005
 5.011899e+000  1.632150e-004  3.630153e-005
 5.017490e+000  1.323412e-004  3.650026e-005
 5.023080e+000  1.057376e-004  3.665673e-005
 5.028669e+000  1.000815e-004  3.702125e-005
 5.034259e+000  1.324727e-004  3.704321e-005
 5.039849e+000  1.180531e-004  3.743958e-005
 5.045439e+000  2.231627e-004  3.762716e-005
 5.051028e+000  2.792848e-004  3.782115e-005
 5.056617e+000  1.651783e-004  3.804843e-005
 5.062207e+000  1.618596e-004  3.809961e-005
 5.067796e+000  2.425431e-004  3.848082e-005
 5.073385e+000  2.255682e-004  3.857597e-005
 5.078974e+000  1.723129e-004  3.878842e-005
 5.084563e+000  1.770334e-004  3.908978e-005
 5.090152e+000  2.524926e-004  3.923319e-005
 5.095741e+000  2.283782e-004  3.950666e-005
 5.101329e+000  2.765497e-004  3.954212e-005
 5.106918e+000  2.761742e-004  3.967892e-005
 5.112506e+000  2.108227e-004  3.987361e-005
 5.118095e+000  2.514024e-004  3.998922e-005
 5.123683e+000  2.830964e-004  4.031345e-005
 5.129271e+000  2.522548e-004  4.039224e-005
 5.134859e+000  2.393588e-004  4.066937e-005
 5.140447e+000  2.972694e-004  4.092254e-005
 5.146035e+000  2.565879e-004  4.105872e-005
 5.151623e+000  1.301251e-004  4.127096e-005
 5.157210e+000  1.438864e-004  4.141103e-005
 5.162798e+000  1.269576e-004  4.168103e-005
 5.168385e+000  1.720281e-004  4.189085e-005
 5.173973e+000  1.316023e-004  4.207268e-005
 5.179560e+000  1.874243e-004  4.237608e-005
 5.185147e+000  2.714587e-004  4.253197e-005
 5.190734e+000  2.750849e-004  4.282552e-005
 5.196321e+000  2.307015e-004  4.302300e-005
 5.201908e+000  2.082772e-004  4.312120e-005
 5.207495e+000  2.973057e-004  4.345285e-005
 5.213081e+000  2.274335e-004  4.360432e-005
 5.218668e+000  2.095335e-004  4.378169e-005
 5.224254e+000  2.228492e-004  4.408248e-005
 5.229841e+000  2.736463e-004  4.434106e-005
 5.235427e+000  1.442798e-004  4.451156e-005
 5.241013e+000  1.906389e-004  4.470056e-005
 5.246599e+000  2.295617e-004  4.491292e-005
 5.252185e+000  1.293358e-004  4.519066e-005
 5.257771e+000  2.574941e-004  4.540631e-005
 5.263357e+000  2.267578e-004  4.561866e-005
 5.268943e+000  1.766077e-004  4.594754e-005
 5.274528e+000  1.793885e-004  4.618107e-005
 5.280114e+000  9.933710e-005  4.644927e-005
 5.285699e+000  1.088910e-004  4.666751e-005
 5.291284e+000  1.404907e-004  4.680851e-005
 5.296870e+000  2.128379e-004  4.717634e-005
 5.302455e+000  1.483683e-004  4.730160e-005
 5.308040e+000  1.013219e-004  4.762919e-005
 5.313624e+000  2.421329e-004  4.793281e-005
 5.319209e+000  3.012886e-004  4.811584e-005
 5.324794e+000  3.087122e-004  4.846011e-005
 5.330378e+000  2.158856e-004  4.863363e-005
 5.335963e+000  1.927888e-004  4.855432e-005
 5.341547e+000  1.758001e-004  4.859916e-005
 5.347132e+000  1.333556e-004  4.857283e-005
 5.352716e+000  7.509740e-005  4.865384e-005
 5.358300e+000  9.270512e-005  4.860970e-005
 5.363884e+000  1.785270e-004  4.851320e-005
 5.369468e+000  2.078826e-004  4.856702e-005
 5.375051e+000  2.237590e-004  4.857767e-005
 5.380635e+000  2.580454e-004  4.862929e-005
 5.386218e+000  2.092605e-004  4.855322e-005
 5.391802e+000  1.768227e-004  4.858916e-005
 5.397385e+000  2.647988e-004  4.868879e-005
 5.402968e+000  2.878554e-004  4.875518e-005
 5.408552e+000  3.771128e-004  4.877417e-005
 5.414135e+000  3.159165e-004  4.877318e-005
 5.419718e+000  2.994561e-004  4.902588e-005
 5.425300e+000  1.614872e-004  4.922734e-005
 5.430883e+000  9.346789e-005  4.932687e-005
 5.436466e+000  1.018158e-004  4.965252e-005
 5.442048e+000  2.181843e-004  4.998277e-005
 5.447631e+000  2.393327e-004  5.025957e-005
 5.453213e+000  2.424448e-004  5.047951e-005
 5.458795e+000  1.119672e-004  5.057762e-005
 5.464377e+000  1.539913e-004  5.089935e-005
 5.469959e+000  2.523623e-004  5.130511e-005
 5.475541e+000  1.935536e-004  5.148410e-005
 5.481123e+000  1.107052e-004  5.167396e-005
 5.486705e+000  2.189009e-004  5.206903e-005
 5.492286e+000  2.306774e-004  5.231491e-005
 5.497868e+000  2.359194e-004  5.259332e-005
 5.503449e+000  2.288117e-004  5.285080e-005
 5.509030e+000  2.217111e-004  5.320169e-005
 5.514611e+000  2.461322e-004  5.351268e-005
 5.520193e+000  2.178243e-004  5.390406e-005
 5.525773e+000  2.896570e-004  5.425435e-005
 5.531354e+000  2.781435e-004  5.442458e-005
 5.536935e+000  2.019036e-004  5.465315e-005
 5.542516e+000  2.217988e-004  5.495991e-005
 5.548096e+000  2.424597e-004  5.529485e-005
 5.553677e+000  2.602931e-004  5.579236e-005
 5.559257e+000  2.841626e-004  5.615394e-005
 5.564837e+000  2.324529e-004  5.639814e-005
 5.570417e+000  2.371088e-004  5.674498e-005
 5.575997e+000  2.474388e-004  5.702656e-005
 5.581577e+000  2.857053e-004  5.742394e-005
 5.587157e+000  2.507218e-004  5.777317e-005
 5.592737e+000  1.800827e-004  5.814304e-005
 5.598316e+000  1.626784e-004  5.844536e-005
 5.603896e+000  1.656059e-004  5.882100e-005
 5.609475e+000  2.361837e-004  5.928187e-005
 5.615054e+000  2.339028e-004  5.957032e-005
 5.620633e+000  2.743578e-004  5.994799e-005
 5.626213e+000  2.820653e-004  6.041955e-005
 5.631791e+000  3.265196e-004  6.080913e-005
 5.637370e+000  2.649661e-004  6.124519e-005
 5.642949e+000  2.348710e-004  6.155346e-005
 5.648528e+000  2.922402e-004  6.211445e-005
 5.654106e+000  2.788214e-004  6.262205e-005
 5.659685e+000  3.090281e-004  6.291626e-005
 5.665263e+000  2.139154e-004  6.339251e-005
 5.670841e+000  3.860316e-005  6.368177e-005
 5.676419e+000  1.679764e-004  6.424525e-005
 5.681997e+000  2.970137e-004  6.494568e-005
 5.687575e+000  3.010704e-004  6.533292e-005
 5.693153e+000  2.408966e-004  6.576567e-005
 5.698730e+000  2.032809e-004  6.625944e-005
 5.704308e+000  2.615191e-004  6.718131e-005
 5.709885e+000  2.448401e-004  6.780470e-005
 5.715463e+000  1.178762e-004  6.828415e-005
 5.721040e+000  3.049557e-005  6.891419e-005
 5.726617e+000  4.047202e-004  6.957671e-005
 5.732194e+000  4.707022e-004  7.017438e-005
 5.737771e+000  2.351305e-004  7.073964e-005
 5.743348e+000  1.979555e-004  7.127014e-005
 5.748924e+000  3.243512e-004  7.203321e-005
 5.754501e+000  4.582456e-004  7.281414e-005
 5.760077e+000  2.852610e-004  7.328349e-005
 5.765654e+000  2.604880e-004  7.389573e-005
 5.771230e+000  3.055979e-004  7.441123e-005
 5.776806e+000  1.753724e-004  7.532535e-005
 5.782382e+000  1.311468e-004  7.608297e-005
 5.787958e+000  1.839508e-004  7.688792e-005
 5.793534e+000  2.131128e-004  7.778149e-005
 5.799109e+000  1.846106e-004  7.839589e-005
 5.804685e+000  1.961206e-004  7.918820e-005
 5.810260e+000  1.876130e-004  7.988738e-005
 5.815836e+000  1.685662e-004  8.072024e-005
 5.821411e+000  6.926961e-005  8.172105e-005
 5.826986e+000 -2.238929e-005  8.229759e-005
 5.832561e+000  1.587185e-004  8.349483e-005
 5.838136e+000  3.053567e-004  8.466507e-005
 5.843711e+000  3.029837e-004  8.572522e-005
 5.849285e+000  2.684915e-004  8.689063e-005
 5.854860e+000  2.675134e-004  8.777920e-005
 5.860434e+000  1.879056e-004  8.907664e-005
 5.866009e+000  2.130720e-004  9.024387e-005
 5.871583e+000  2.850877e-004  9.121273e-005
 5.877157e+000  2.225840e-004  9.280172e-005
 5.882731e+000  9.020798e-005  9.392216e-005
 5.888305e+000  7.149278e-005  9.536307e-005
 5.893879e+000  3.341575e-004  9.678365e-005
 5.899453e+000  6.203777e-004  9.840050e-005
 5.905026e+000  3.758634e-004  1.000617e-004
 5.910600e+000  3.553452e-004  1.016647e-004
 5.916173e+000  5.418160e-004  1.036552e-004
 5.921746e+000  4.430133e-004  1.054447e-004
 5.927319e+000  3.147642e-004  1.069681e-004
 5.932892e+000  4.044680e-004  1.092060e-004
 5.938465e+000  5.272672e-004  1.116233e-004
 5.944038e+000  5.446248e-004  1.138685e-004
 5.949611e+000  5.182949e-004  1.165762e-004
 5.955183e+000  3.900574e-004  1.183866e-004
 5.960756e+000  4.450885e-004  1.210608e-004
 5.966328e+000  5.910080e-004  1.242410e-004
 5.971900e+000  4.910537e-004  1.273370e-004
 5.977472e+000  3.401198e-004  1.308384e-004
 5.983044e+000  1.326401e-004  1.339437e-004
 5.988616e+000  2.378437e-004  1.381460e-004
 5.994188e+000  3.237589e-004  1.426414e-004
 5.999760e+000  5.698505e-004  1.470136e-004
 6.005331e+000  4.922461e-004  1.522777e-004
 6.010902e+000  2.231410e-004  1.575648e-004
 6.016474e+000  3.274684e-004  1.643301e-004
 6.022045e+000  3.600764e-004  1.710092e-004
 6.027616e+000  2.084194e-004  1.795219e-004
 6.033187e+000  4.535374e-005  1.890528e-004
 6.038758e+000  2.315114e-004  2.008803e-004
 6.044329e+000  3.516518e-004  2.162945e-004
 6.049899e+000  7.759515e-004  2.343103e-004
 6.055470e+000  1.087275e-003  2.591322e-004
 6.061040e+000  8.877937e-004  2.885517e-004
 6.066610e+000  5.224764e-005  3.276628e-004
 6.072181e+000 -3.864216e-004  4.008328e-004
 6.077751e+000 -8.958479e-004  5.552195e-004
 6.083321e+000 -3.046644e-004  7.386602e-004
range-from: 1
range-to: 1074
