 02-Dec-2007       (gue_056.dat - 1.0*gue_057.dat) /  3.0000                  
 gue_056.dat  Conc = .30E+01  N1 =    1  N2 =  872
 gue_057.dat  Conc = 0.0d+0   N1 =    1  N2 =  872
  0.503372E-01  0.465333E+00  0.330565E+00
  0.530195E-01  0.585667E+00  0.884330E-01
  0.557018E-01  0.722000E+00  0.709992E-01
  0.583840E-01  0.626867E+00  0.536185E-01
  0.610663E-01  0.772233E+00  0.494725E-01
  0.637485E-01  0.658433E+00  0.408979E-01
  0.664308E-01  0.648367E+00  0.344721E-01
  0.691131E-01  0.634467E+00  0.312491E-01
  0.717953E-01  0.613867E+00  0.273250E-01
  0.744776E-01  0.622667E+00  0.256471E-01
  0.771598E-01  0.607700E+00  0.222347E-01
  0.798421E-01  0.549367E+00  0.195777E-01
  0.825244E-01  0.580567E+00  0.191480E-01
  0.852066E-01  0.563167E+00  0.160477E-01
  0.878889E-01  0.531433E+00  0.154041E-01
  0.905711E-01  0.530333E+00  0.135070E-01
  0.932534E-01  0.528200E+00  0.123889E-01
  0.959356E-01  0.523867E+00  0.127649E-01
  0.986179E-01  0.500067E+00  0.105394E-01
  0.101300E+00  0.501267E+00  0.105965E-01
  0.103982E+00  0.498113E+00  0.893295E-02
  0.106665E+00  0.485003E+00  0.871829E-02
  0.109347E+00  0.490910E+00  0.882405E-02
  0.112029E+00  0.484473E+00  0.759144E-02
  0.114711E+00  0.482187E+00  0.735627E-02
  0.117394E+00  0.467427E+00  0.657997E-02
  0.120076E+00  0.466607E+00  0.639010E-02
  0.122758E+00  0.454630E+00  0.642593E-02
  0.125440E+00  0.448500E+00  0.567220E-02
  0.128123E+00  0.440327E+00  0.553314E-02
  0.130805E+00  0.442157E+00  0.506830E-02
  0.133487E+00  0.420860E+00  0.489396E-02
  0.136170E+00  0.430763E+00  0.461398E-02
  0.138852E+00  0.430740E+00  0.446711E-02
  0.141534E+00  0.423617E+00  0.446086E-02
  0.144216E+00  0.412563E+00  0.408419E-02
  0.146899E+00  0.411343E+00  0.401037E-02
  0.149581E+00  0.404083E+00  0.367202E-02
  0.152263E+00  0.403763E+00  0.370952E-02
  0.154945E+00  0.399060E+00  0.349175E-02
  0.157628E+00  0.391920E+00  0.346601E-02
  0.160310E+00  0.383727E+00  0.325037E-02
  0.162992E+00  0.384987E+00  0.311223E-02
  0.165674E+00  0.382920E+00  0.308709E-02
  0.168357E+00  0.379907E+00  0.296370E-02
  0.171039E+00  0.371987E+00  0.287374E-02
  0.173721E+00  0.365690E+00  0.272113E-02
  0.176403E+00  0.364875E+00  0.274693E-02
  0.179086E+00  0.359535E+00  0.270909E-02
  0.181768E+00  0.358856E+00  0.253673E-02
  0.184450E+00  0.351450E+00  0.245794E-02
  0.187132E+00  0.346154E+00  0.248630E-02
  0.189815E+00  0.346261E+00  0.239036E-02
  0.192497E+00  0.339275E+00  0.239584E-02
  0.195179E+00  0.338793E+00  0.219021E-02
  0.197861E+00  0.328557E+00  0.222649E-02
  0.200544E+00  0.329687E+00  0.216500E-02
  0.203226E+00  0.326215E+00  0.216549E-02
  0.205908E+00  0.323272E+00  0.208774E-02
  0.208591E+00  0.319372E+00  0.199800E-02
  0.211273E+00  0.317248E+00  0.207316E-02
  0.213955E+00  0.310962E+00  0.195055E-02
  0.216637E+00  0.307321E+00  0.192228E-02
  0.219320E+00  0.308264E+00  0.191954E-02
  0.222002E+00  0.301598E+00  0.184064E-02
  0.224684E+00  0.296478E+00  0.188353E-02
  0.227366E+00  0.295630E+00  0.174195E-02
  0.230049E+00  0.296841E+00  0.182323E-02
  0.232731E+00  0.289170E+00  0.172914E-02
  0.235413E+00  0.287794E+00  0.172764E-02
  0.238095E+00  0.282717E+00  0.174044E-02
  0.240778E+00  0.277912E+00  0.159799E-02
  0.243460E+00  0.279274E+00  0.167358E-02
  0.246142E+00  0.273110E+00  0.163523E-02
  0.248824E+00  0.272631E+00  0.161366E-02
  0.251507E+00  0.269405E+00  0.161135E-02
  0.254189E+00  0.266643E+00  0.154676E-02
  0.256871E+00  0.262486E+00  0.161857E-02
  0.259553E+00  0.260107E+00  0.155389E-02
  0.262236E+00  0.257252E+00  0.153199E-02
  0.264918E+00  0.249454E+00  0.155541E-02
  0.267600E+00  0.249613E+00  0.147218E-02
  0.270282E+00  0.246718E+00  0.156055E-02
  0.272965E+00  0.243885E+00  0.146484E-02
  0.275647E+00  0.241425E+00  0.149535E-02
  0.278329E+00  0.240031E+00  0.150060E-02
  0.281012E+00  0.237863E+00  0.143170E-02
  0.283694E+00  0.231952E+00  0.148181E-02
  0.286376E+00  0.233464E+00  0.141650E-02
  0.289058E+00  0.229991E+00  0.143861E-02
  0.291741E+00  0.224942E+00  0.143966E-02
  0.294423E+00  0.222734E+00  0.142874E-02
  0.297105E+00  0.216844E+00  0.144082E-02
  0.299787E+00  0.217034E+00  0.140931E-02
  0.302470E+00  0.213056E+00  0.142605E-02
  0.305152E+00  0.207990E+00  0.141514E-02
  0.307834E+00  0.206056E+00  0.138196E-02
  0.310516E+00  0.205118E+00  0.141403E-02
  0.313199E+00  0.201020E+00  0.142019E-02
  0.315881E+00  0.201139E+00  0.142469E-02
  0.318563E+00  0.197520E+00  0.137550E-02
  0.321245E+00  0.193383E+00  0.138962E-02
  0.323928E+00  0.190397E+00  0.139584E-02
  0.326610E+00  0.187695E+00  0.140585E-02
  0.329292E+00  0.187885E+00  0.138455E-02
  0.331974E+00  0.183360E+00  0.133246E-02
  0.334657E+00  0.179136E+00  0.137903E-02
  0.337339E+00  0.178820E+00  0.136549E-02
  0.340021E+00  0.174882E+00  0.139810E-02
  0.342703E+00  0.174165E+00  0.134942E-02
  0.345386E+00  0.169031E+00  0.133702E-02
  0.348068E+00  0.169265E+00  0.134887E-02
  0.350750E+00  0.165653E+00  0.135057E-02
  0.353432E+00  0.164592E+00  0.135697E-02
  0.356115E+00  0.162733E+00  0.131380E-02
  0.358797E+00  0.159756E+00  0.131938E-02
  0.361479E+00  0.156158E+00  0.135628E-02
  0.364162E+00  0.157823E+00  0.130689E-02
  0.366844E+00  0.154224E+00  0.132181E-02
  0.369526E+00  0.149382E+00  0.131903E-02
  0.372208E+00  0.150289E+00  0.130808E-02
  0.374891E+00  0.148045E+00  0.132405E-02
  0.377573E+00  0.144433E+00  0.127831E-02
  0.380255E+00  0.144200E+00  0.131590E-02
  0.382937E+00  0.141155E+00  0.128094E-02
  0.385620E+00  0.139095E+00  0.129300E-02
  0.388302E+00  0.135449E+00  0.125241E-02
  0.390984E+00  0.132833E+00  0.128265E-02
  0.393666E+00  0.133084E+00  0.128750E-02
  0.396349E+00  0.130770E+00  0.127775E-02
  0.399031E+00  0.129295E+00  0.124617E-02
  0.401713E+00  0.128963E+00  0.126052E-02
  0.404395E+00  0.125807E+00  0.126386E-02
  0.407078E+00  0.124442E+00  0.126352E-02
  0.409760E+00  0.120586E+00  0.124030E-02
  0.412442E+00  0.120495E+00  0.125226E-02
  0.415124E+00  0.117807E+00  0.123174E-02
  0.417807E+00  0.117026E+00  0.123565E-02
  0.420489E+00  0.115179E+00  0.123378E-02
  0.423171E+00  0.113024E+00  0.121999E-02
  0.425853E+00  0.111046E+00  0.122780E-02
  0.428536E+00  0.107931E+00  0.123180E-02
  0.431218E+00  0.106622E+00  0.120907E-02
  0.433900E+00  0.105290E+00  0.117941E-02
  0.436583E+00  0.102347E+00  0.119280E-02
  0.439265E+00  0.102535E+00  0.120240E-02
  0.441947E+00  0.100805E+00  0.120415E-02
  0.444629E+00  0.100797E+00  0.118779E-02
  0.447312E+00  0.960297E-01  0.116495E-02
  0.449994E+00  0.932830E-01  0.118033E-02
  0.452676E+00  0.935760E-01  0.117399E-02
  0.455358E+00  0.925527E-01  0.115179E-02
  0.458041E+00  0.925513E-01  0.116931E-02
  0.460723E+00  0.920730E-01  0.116097E-02
  0.463405E+00  0.888537E-01  0.114489E-02
  0.466087E+00  0.862817E-01  0.113780E-02
  0.468770E+00  0.840913E-01  0.112922E-02
  0.471452E+00  0.821100E-01  0.113896E-02
  0.474134E+00  0.822203E-01  0.113785E-02
  0.476816E+00  0.801467E-01  0.112632E-02
  0.479499E+00  0.800900E-01  0.111069E-02
  0.482181E+00  0.788293E-01  0.110354E-02
  0.484863E+00  0.782540E-01  0.111691E-02
  0.487545E+00  0.760700E-01  0.112590E-02
  0.490228E+00  0.737330E-01  0.107848E-02
  0.492910E+00  0.747140E-01  0.109949E-02
  0.495592E+00  0.724997E-01  0.110398E-02
  0.498274E+00  0.700613E-01  0.110292E-02
  0.500957E+00  0.694143E-01  0.107664E-02
  0.503639E+00  0.685667E-01  0.107892E-02
  0.506321E+00  0.679157E-01  0.109875E-02
  0.509004E+00  0.677307E-01  0.108705E-02
  0.511686E+00  0.646770E-01  0.107448E-02
  0.514368E+00  0.651740E-01  0.106105E-02
  0.517050E+00  0.662953E-01  0.107218E-02
  0.519733E+00  0.623467E-01  0.106332E-02
  0.522415E+00  0.610757E-01  0.105555E-02
  0.525097E+00  0.620283E-01  0.107078E-02
  0.527779E+00  0.601653E-01  0.105343E-02
  0.530462E+00  0.585717E-01  0.105541E-02
  0.533144E+00  0.591217E-01  0.106875E-02
  0.535826E+00  0.555720E-01  0.104472E-02
  0.538508E+00  0.574067E-01  0.104619E-02
  0.541191E+00  0.559913E-01  0.105963E-02
  0.543873E+00  0.550417E-01  0.106160E-02
  0.546555E+00  0.525043E-01  0.102485E-02
  0.549237E+00  0.517650E-01  0.103033E-02
  0.551920E+00  0.508633E-01  0.104465E-02
  0.554602E+00  0.509243E-01  0.105157E-02
  0.557284E+00  0.512057E-01  0.103102E-02
  0.559966E+00  0.496180E-01  0.104036E-02
  0.562649E+00  0.497497E-01  0.103822E-02
  0.565331E+00  0.488460E-01  0.104559E-02
  0.568013E+00  0.478563E-01  0.101209E-02
  0.570695E+00  0.449253E-01  0.103279E-02
  0.573378E+00  0.462680E-01  0.102549E-02
  0.576060E+00  0.458097E-01  0.102345E-02
  0.578742E+00  0.450483E-01  0.103447E-02
  0.581425E+00  0.444317E-01  0.101409E-02
  0.584107E+00  0.433260E-01  0.101071E-02
  0.586789E+00  0.418400E-01  0.101753E-02
  0.589471E+00  0.428513E-01  0.101348E-02
  0.592154E+00  0.395693E-01  0.996122E-03
  0.594836E+00  0.406133E-01  0.100633E-02
  0.597518E+00  0.413590E-01  0.100632E-02
  0.600200E+00  0.395830E-01  0.100957E-02
  0.602883E+00  0.388347E-01  0.985952E-03
  0.605565E+00  0.371603E-01  0.100179E-02
  0.608247E+00  0.379273E-01  0.992569E-03
  0.610929E+00  0.364023E-01  0.996967E-03
  0.613612E+00  0.364120E-01  0.966281E-03
  0.616294E+00  0.358200E-01  0.970071E-03
  0.618976E+00  0.340607E-01  0.992306E-03
  0.621658E+00  0.345720E-01  0.984613E-03
  0.624341E+00  0.349417E-01  0.977339E-03
  0.627023E+00  0.313750E-01  0.968912E-03
  0.629705E+00  0.321987E-01  0.965400E-03
  0.632387E+00  0.325690E-01  0.973389E-03
  0.635070E+00  0.308337E-01  0.962939E-03
  0.637752E+00  0.321877E-01  0.960472E-03
  0.640434E+00  0.290653E-01  0.974080E-03
  0.643116E+00  0.280613E-01  0.963341E-03
  0.645799E+00  0.311447E-01  0.961074E-03
  0.648481E+00  0.292367E-01  0.944679E-03
  0.651163E+00  0.292533E-01  0.943794E-03
  0.653845E+00  0.263313E-01  0.945499E-03
  0.656528E+00  0.294293E-01  0.958367E-03
  0.659210E+00  0.278397E-01  0.956349E-03
  0.661892E+00  0.270983E-01  0.937412E-03
  0.664575E+00  0.254340E-01  0.950506E-03
  0.667257E+00  0.248333E-01  0.946478E-03
  0.669939E+00  0.246923E-01  0.938051E-03
  0.672621E+00  0.252470E-01  0.950708E-03
  0.675304E+00  0.243543E-01  0.947234E-03
  0.677986E+00  0.240150E-01  0.920413E-03
  0.680668E+00  0.246323E-01  0.933884E-03
  0.683350E+00  0.237233E-01  0.927745E-03
  0.686033E+00  0.240743E-01  0.921069E-03
  0.688715E+00  0.231733E-01  0.937259E-03
  0.691397E+00  0.222513E-01  0.938818E-03
  0.694079E+00  0.216853E-01  0.933250E-03
  0.696762E+00  0.200027E-01  0.926511E-03
  0.699444E+00  0.215857E-01  0.933374E-03
  0.702126E+00  0.214783E-01  0.928570E-03
  0.704808E+00  0.218053E-01  0.925765E-03
  0.707491E+00  0.197747E-01  0.933004E-03
  0.710173E+00  0.191153E-01  0.925222E-03
  0.712855E+00  0.196360E-01  0.920593E-03
  0.715537E+00  0.204243E-01  0.921288E-03
  0.718220E+00  0.203727E-01  0.932030E-03
  0.720902E+00  0.189837E-01  0.914832E-03
  0.723584E+00  0.172673E-01  0.936082E-03
  0.726266E+00  0.181253E-01  0.930515E-03
  0.728949E+00  0.183463E-01  0.908776E-03
  0.731631E+00  0.187073E-01  0.915923E-03
  0.734313E+00  0.167283E-01  0.917888E-03
  0.736996E+00  0.175980E-01  0.924352E-03
  0.739678E+00  0.177103E-01  0.922512E-03
  0.742360E+00  0.159363E-01  0.911559E-03
  0.745042E+00  0.169123E-01  0.910152E-03
  0.747725E+00  0.169023E-01  0.907464E-03
  0.750407E+00  0.152483E-01  0.917419E-03
  0.753089E+00  0.158010E-01  0.917360E-03
  0.755771E+00  0.160417E-01  0.911046E-03
  0.758454E+00  0.149543E-01  0.918207E-03
  0.761136E+00  0.148173E-01  0.905590E-03
  0.763818E+00  0.151677E-01  0.898568E-03
  0.766500E+00  0.143580E-01  0.910659E-03
  0.769183E+00  0.158963E-01  0.898519E-03
  0.771865E+00  0.136030E-01  0.911459E-03
  0.774547E+00  0.145123E-01  0.899044E-03
  0.777229E+00  0.125373E-01  0.886000E-03
  0.779912E+00  0.145850E-01  0.899225E-03
  0.782594E+00  0.144547E-01  0.907510E-03
  0.785276E+00  0.142690E-01  0.893190E-03
  0.787958E+00  0.127737E-01  0.890656E-03
  0.790641E+00  0.128993E-01  0.894461E-03
  0.793323E+00  0.123067E-01  0.886154E-03
  0.796005E+00  0.118330E-01  0.881458E-03
  0.798687E+00  0.116380E-01  0.890496E-03
  0.801370E+00  0.133647E-01  0.897079E-03
  0.804052E+00  0.118007E-01  0.885596E-03
  0.806734E+00  0.104280E-01  0.885982E-03
  0.809417E+00  0.108977E-01  0.883447E-03
  0.812099E+00  0.105717E-01  0.875830E-03
  0.814781E+00  0.128150E-01  0.890072E-03
  0.817463E+00  0.116287E-01  0.880303E-03
  0.820146E+00  0.893233E-02  0.884012E-03
  0.822828E+00  0.107570E-01  0.888928E-03
  0.825510E+00  0.967967E-02  0.878566E-03
  0.828192E+00  0.124120E-01  0.872822E-03
  0.830875E+00  0.105880E-01  0.874659E-03
  0.833557E+00  0.998933E-02  0.883271E-03
  0.836239E+00  0.967833E-02  0.874808E-03
  0.838921E+00  0.102553E-01  0.884185E-03
  0.841604E+00  0.101543E-01  0.881745E-03
  0.844286E+00  0.850933E-02  0.862486E-03
  0.846968E+00  0.917700E-02  0.877464E-03
  0.849650E+00  0.815833E-02  0.873073E-03
  0.852333E+00  0.872567E-02  0.878155E-03
  0.855015E+00  0.926767E-02  0.876024E-03
  0.857697E+00  0.103820E-01  0.879249E-03
  0.860379E+00  0.795200E-02  0.876118E-03
  0.863062E+00  0.957867E-02  0.871750E-03
  0.865744E+00  0.783167E-02  0.881963E-03
  0.868426E+00  0.718267E-02  0.880374E-03
  0.871108E+00  0.858000E-02  0.858783E-03
  0.873791E+00  0.865367E-02  0.883562E-03
  0.876473E+00  0.854367E-02  0.874368E-03
  0.879155E+00  0.879300E-02  0.867409E-03
  0.881837E+00  0.904800E-02  0.873425E-03
  0.884520E+00  0.750200E-02  0.873617E-03
  0.887202E+00  0.838533E-02  0.875193E-03
  0.889884E+00  0.808800E-02  0.876630E-03
  0.892567E+00  0.787100E-02  0.873636E-03
  0.895249E+00  0.630933E-02  0.854146E-03
  0.897931E+00  0.757733E-02  0.866234E-03
  0.900613E+00  0.659433E-02  0.867323E-03
  0.903296E+00  0.541000E-02  0.860589E-03
  0.905978E+00  0.711700E-02  0.860880E-03
  0.908660E+00  0.737967E-02  0.852913E-03
  0.911342E+00  0.697933E-02  0.853127E-03
  0.914025E+00  0.644367E-02  0.863997E-03
  0.916707E+00  0.660300E-02  0.849272E-03
  0.919389E+00  0.702733E-02  0.859935E-03
  0.922071E+00  0.661367E-02  0.850506E-03
  0.924754E+00  0.810767E-02  0.855904E-03
  0.927436E+00  0.634333E-02  0.862821E-03
  0.930118E+00  0.708333E-02  0.856521E-03
  0.932800E+00  0.740267E-02  0.855434E-03
  0.935483E+00  0.590367E-02  0.858575E-03
  0.938165E+00  0.602300E-02  0.852440E-03
  0.940847E+00  0.609867E-02  0.844666E-03
  0.943529E+00  0.616467E-02  0.846058E-03
  0.946212E+00  0.563800E-02  0.842620E-03
  0.948894E+00  0.472200E-02  0.838404E-03
  0.951576E+00  0.573233E-02  0.847820E-03
  0.954258E+00  0.558400E-02  0.840981E-03
  0.956941E+00  0.397533E-02  0.844779E-03
  0.959623E+00  0.599233E-02  0.832689E-03
  0.962305E+00  0.704000E-02  0.842054E-03
  0.964988E+00  0.564733E-02  0.841862E-03
  0.967670E+00  0.629300E-02  0.838319E-03
  0.970352E+00  0.518500E-02  0.836432E-03
  0.973034E+00  0.393267E-02  0.838140E-03
  0.975717E+00  0.462267E-02  0.834792E-03
  0.978399E+00  0.522900E-02  0.832176E-03
  0.981081E+00  0.484833E-02  0.829257E-03
  0.983763E+00  0.584433E-02  0.828375E-03
  0.986446E+00  0.570200E-02  0.842627E-03
  0.989128E+00  0.496100E-02  0.833336E-03
  0.991810E+00  0.577733E-02  0.837939E-03
  0.994492E+00  0.442867E-02  0.840922E-03
  0.997175E+00  0.454000E-02  0.831071E-03
  0.999857E+00  0.644400E-02  0.836484E-03
  0.100254E+01  0.498300E-02  0.834263E-03
  0.100522E+01  0.494667E-02  0.820805E-03
  0.100790E+01  0.493667E-02  0.838802E-03
  0.101059E+01  0.350633E-02  0.841518E-03
  0.101327E+01  0.401233E-02  0.837385E-03
  0.101595E+01  0.511433E-02  0.834432E-03
  0.101863E+01  0.487600E-02  0.837325E-03
  0.102131E+01  0.439400E-02  0.834773E-03
  0.102400E+01  0.383333E-02  0.835328E-03
  0.102668E+01  0.521400E-02  0.838191E-03
  0.102936E+01  0.398500E-02  0.839072E-03
  0.103204E+01  0.327367E-02  0.836171E-03
  0.103473E+01  0.361467E-02  0.838366E-03
  0.103741E+01  0.395667E-02  0.838493E-03
  0.104009E+01  0.532600E-02  0.839393E-03
  0.104277E+01  0.492567E-02  0.842724E-03
  0.104546E+01  0.506967E-02  0.842338E-03
  0.104814E+01  0.454033E-02  0.845399E-03
  0.105082E+01  0.394233E-02  0.846861E-03
  0.105350E+01  0.433500E-02  0.831767E-03
  0.105618E+01  0.537133E-02  0.835252E-03
  0.105887E+01  0.472367E-02  0.828339E-03
  0.106155E+01  0.423667E-02  0.838727E-03
  0.106423E+01  0.397233E-02  0.836283E-03
  0.106691E+01  0.441900E-02  0.840175E-03
  0.106960E+01  0.404300E-02  0.831333E-03
  0.107228E+01  0.309900E-02  0.832952E-03
  0.107496E+01  0.347267E-02  0.823823E-03
  0.107764E+01  0.464700E-02  0.828718E-03
  0.108032E+01  0.336233E-02  0.830725E-03
  0.108301E+01  0.452933E-02  0.832499E-03
  0.108569E+01  0.485100E-02  0.828966E-03
  0.108837E+01  0.360667E-02  0.822354E-03
  0.109105E+01  0.281567E-02  0.828179E-03
  0.109374E+01  0.426300E-02  0.830637E-03
  0.109642E+01  0.338667E-02  0.832932E-03
  0.109910E+01  0.241900E-02  0.823489E-03
  0.110178E+01  0.437767E-02  0.830042E-03
  0.110446E+01  0.385867E-02  0.820427E-03
  0.110715E+01  0.402433E-02  0.827272E-03
  0.110983E+01  0.393967E-02  0.824925E-03
  0.111251E+01  0.485400E-02  0.815088E-03
  0.111519E+01  0.153000E-02  0.818077E-03
  0.111788E+01  0.445500E-02  0.820117E-03
  0.112056E+01  0.312000E-02  0.819757E-03
  0.112324E+01  0.437267E-02  0.818670E-03
  0.112592E+01  0.286067E-02  0.817163E-03
  0.112861E+01  0.319233E-02  0.816342E-03
  0.113129E+01  0.496800E-02  0.813331E-03
  0.113397E+01  0.177700E-02  0.810796E-03
  0.113665E+01  0.220467E-02  0.817788E-03
  0.113933E+01  0.339867E-02  0.804274E-03
  0.114202E+01  0.448233E-02  0.816649E-03
  0.114470E+01  0.413233E-02  0.818151E-03
  0.114738E+01  0.263567E-02  0.814612E-03
  0.115006E+01  0.343300E-02  0.818463E-03
  0.115275E+01  0.230100E-02  0.814471E-03
  0.115543E+01  0.412833E-02  0.812687E-03
  0.115811E+01  0.460033E-02  0.808126E-03
  0.116079E+01  0.347300E-02  0.814851E-03
  0.116347E+01  0.329067E-02  0.812091E-03
  0.116616E+01  0.253667E-02  0.799364E-03
  0.116884E+01  0.319833E-02  0.820180E-03
  0.117152E+01  0.212900E-02  0.821336E-03
  0.117420E+01  0.294700E-02  0.813260E-03
  0.117689E+01  0.335267E-02  0.811079E-03
  0.117957E+01  0.240833E-02  0.817681E-03
  0.118225E+01  0.160767E-02  0.820683E-03
  0.118493E+01  0.529967E-02  0.812226E-03
  0.118762E+01  0.386733E-02  0.813552E-03
  0.119030E+01  0.302167E-02  0.821727E-03
  0.119298E+01  0.342133E-02  0.804642E-03
  0.119566E+01  0.285500E-02  0.817783E-03
  0.119834E+01  0.362533E-02  0.819080E-03
  0.120103E+01  0.332667E-03  0.824666E-03
  0.120371E+01  0.352133E-02  0.816134E-03
  0.120639E+01  0.244900E-02  0.823416E-03
  0.121176E+01  0.245133E-02  0.822739E-03
  0.121712E+01  0.264433E-02  0.647088E-03
  0.122248E+01  0.418733E-02  0.812843E-03
  0.122785E+01  0.218533E-02  0.978804E-03
  0.123321E+01  0.354367E-02  0.123400E-02
  0.123858E+01  0.286567E-02  0.856657E-03
  0.124394E+01  0.234467E-02  0.730874E-03
  0.124931E+01  0.279867E-02  0.668003E-03
  0.125467E+01  0.255967E-02  0.622538E-03
  0.126004E+01  0.160867E-02  0.592104E-03
  0.126540E+01  0.263967E-02  0.576765E-03
  0.127077E+01  0.114233E-02  0.569726E-03
  0.127613E+01  0.234733E-02  0.569560E-03
  0.128149E+01  0.162400E-02  0.564965E-03
  0.128686E+01  0.308100E-02  0.565360E-03
  0.129222E+01  0.307167E-02  0.564069E-03
  0.129759E+01  0.214733E-02  0.558736E-03
  0.130295E+01  0.249200E-02  0.559901E-03
  0.130832E+01  0.142267E-02  0.560734E-03
  0.131368E+01  0.154567E-02  0.561641E-03
  0.131905E+01  0.184600E-02  0.562278E-03
  0.132441E+01  0.214367E-02  0.561364E-03
  0.132977E+01  0.230167E-02  0.558257E-03
  0.133514E+01  0.219800E-02  0.558577E-03
  0.134050E+01  0.212100E-02  0.561158E-03
  0.134587E+01  0.149100E-02  0.563632E-03
  0.135123E+01  0.166233E-02  0.562762E-03
  0.135660E+01  0.249300E-02  0.559621E-03
  0.136196E+01  0.188400E-02  0.556916E-03
  0.136733E+01  0.334233E-02  0.561085E-03
  0.137269E+01  0.169833E-02  0.563868E-03
  0.137806E+01  0.122300E-02  0.562104E-03
  0.138342E+01  0.196233E-02  0.564346E-03
  0.138878E+01  0.264067E-02  0.565675E-03
  0.139415E+01  0.231833E-02  0.565904E-03
  0.139951E+01  0.174267E-02  0.565139E-03
  0.140488E+01  0.191533E-02  0.568427E-03
  0.141024E+01  0.171800E-02  0.565091E-03
  0.141561E+01  0.247700E-02  0.566307E-03
  0.142097E+01  0.270400E-02  0.563885E-03
  0.142634E+01  0.120267E-02  0.562108E-03
  0.143170E+01  0.182167E-02  0.546061E-03
  0.143707E+01  0.272767E-02  0.552592E-03
  0.144243E+01  0.227267E-02  0.568904E-03
  0.144779E+01  0.152500E-02  0.572247E-03
  0.145316E+01  0.174700E-02  0.569514E-03
  0.145852E+01  0.203200E-02  0.570358E-03
  0.146389E+01  0.171633E-02  0.564599E-03
  0.146925E+01  0.161033E-02  0.567883E-03
  0.147462E+01  0.606667E-03  0.565810E-03
  0.147998E+01  0.133133E-02  0.563993E-03
  0.148535E+01  0.170833E-02  0.568100E-03
  0.149071E+01  0.224700E-02  0.569833E-03
  0.149607E+01  0.233633E-02  0.566990E-03
  0.150144E+01  0.185833E-02  0.573349E-03
  0.150680E+01  0.189233E-02  0.564732E-03
  0.151217E+01  0.163967E-02  0.565758E-03
  0.151753E+01  0.181500E-02  0.566036E-03
  0.152290E+01  0.167767E-02  0.566711E-03
  0.152826E+01  0.276967E-02  0.567225E-03
  0.153363E+01  0.190367E-02  0.568765E-03
  0.153899E+01  0.957333E-03  0.569621E-03
  0.154436E+01  0.235900E-02  0.571850E-03
  0.154972E+01  0.232167E-02  0.570284E-03
  0.155508E+01  0.170200E-02  0.568660E-03
  0.156045E+01  0.313267E-02  0.572112E-03
  0.156581E+01  0.117600E-02  0.572125E-03
  0.157118E+01  0.255300E-02  0.572447E-03
  0.157654E+01  0.198800E-02  0.568826E-03
  0.158191E+01  0.230700E-02  0.569624E-03
  0.158727E+01  0.226700E-02  0.565452E-03
  0.159264E+01  0.125767E-02  0.564985E-03
  0.159800E+01  0.172033E-02  0.561752E-03
  0.160337E+01  0.129600E-02  0.563180E-03
  0.160873E+01  0.133133E-02  0.559949E-03
  0.161409E+01  0.200233E-02  0.555472E-03
  0.161946E+01  0.128233E-02  0.559830E-03
  0.162482E+01  0.137533E-02  0.552459E-03
  0.163019E+01  0.145333E-02  0.556064E-03
  0.163555E+01  0.165467E-02  0.555822E-03
  0.164092E+01  0.133133E-02  0.552381E-03
  0.164628E+01  0.166700E-02  0.555584E-03
  0.165165E+01  0.105900E-02  0.552043E-03
  0.165701E+01  0.221900E-02  0.553849E-03
  0.166237E+01  0.826000E-03  0.550262E-03
  0.166774E+01  0.186500E-02  0.552040E-03
  0.167310E+01  0.688333E-03  0.553738E-03
  0.167847E+01  0.917333E-03  0.554972E-03
  0.168383E+01  0.988667E-03  0.552731E-03
  0.168920E+01  0.130933E-02  0.553352E-03
  0.169456E+01  0.155400E-02  0.557519E-03
  0.169993E+01  0.120400E-02  0.554906E-03
  0.170529E+01  0.881000E-03  0.558703E-03
  0.171066E+01  0.230933E-02  0.559484E-03
  0.171602E+01  0.598333E-03  0.563411E-03
  0.172138E+01  0.466000E-03  0.559161E-03
  0.172675E+01  0.177500E-02  0.557997E-03
  0.173211E+01  0.109433E-02  0.565167E-03
  0.173748E+01  0.146300E-02  0.565723E-03
  0.174284E+01  0.200767E-02  0.556971E-03
  0.174821E+01  0.128933E-02  0.559915E-03
  0.175357E+01  0.933000E-03  0.559613E-03
  0.175894E+01  0.780000E-04  0.557526E-03
  0.176430E+01  0.149300E-02  0.558603E-03
  0.176967E+01  0.193967E-02  0.555709E-03
  0.177503E+01  0.779000E-03  0.555848E-03
  0.178039E+01  0.891333E-03  0.552023E-03
  0.178576E+01  0.181433E-02  0.553140E-03
  0.179112E+01  0.130833E-02  0.549842E-03
  0.179649E+01  0.267467E-02  0.550411E-03
  0.180185E+01  0.773000E-03  0.550505E-03
  0.180722E+01  0.897667E-03  0.551754E-03
  0.181258E+01  0.163900E-02  0.549969E-03
  0.181795E+01  0.501000E-03  0.550172E-03
  0.182331E+01  0.125767E-02  0.548432E-03
  0.182867E+01  0.119700E-02  0.551460E-03
  0.183404E+01  0.167533E-02  0.553107E-03
  0.183940E+01  0.782667E-03  0.549333E-03
  0.184477E+01  0.341333E-03  0.549050E-03
  0.185013E+01  0.130300E-02  0.552913E-03
  0.185550E+01  0.125000E-02  0.552050E-03
  0.186086E+01  0.177633E-02  0.554410E-03
  0.186623E+01  0.942000E-03  0.555776E-03
  0.187159E+01  0.110000E-02  0.558033E-03
  0.187696E+01  0.109400E-02  0.555775E-03
  0.188232E+01  0.689667E-03  0.556642E-03
  0.188768E+01  0.183633E-02  0.556324E-03
  0.189305E+01  0.984333E-03  0.554414E-03
  0.189841E+01  0.159233E-02  0.560810E-03
  0.190378E+01  0.821333E-03  0.558255E-03
  0.190914E+01  0.126667E-02  0.556330E-03
  0.191451E+01  0.118000E-02  0.556042E-03
  0.191987E+01  0.813000E-03  0.554839E-03
  0.192524E+01  0.219533E-02  0.551676E-03
  0.193060E+01  0.969667E-03  0.552912E-03
  0.193597E+01  0.565333E-03  0.549589E-03
  0.194133E+01  0.800333E-03  0.549119E-03
  0.194669E+01  0.189867E-02  0.550863E-03
  0.195206E+01  0.118833E-02  0.544870E-03
  0.195742E+01  0.970000E-03  0.549075E-03
  0.196279E+01  0.194467E-02  0.548441E-03
  0.196815E+01  0.373667E-03  0.544545E-03
  0.197352E+01  0.165467E-02  0.546932E-03
  0.197888E+01  0.452000E-03  0.547048E-03
  0.198425E+01  0.319667E-03  0.545540E-03
  0.198961E+01  0.198000E-02  0.545696E-03
  0.199497E+01  0.122200E-02  0.545415E-03
  0.200034E+01  0.107633E-02  0.548345E-03
  0.200570E+01  0.382333E-03  0.546188E-03
  0.201107E+01 -0.379333E-03  0.547404E-03
  0.201643E+01  0.923333E-03  0.548945E-03
  0.202180E+01  0.433000E-03  0.551336E-03
  0.202716E+01  0.192100E-02  0.548980E-03
  0.203253E+01  0.839667E-03  0.551853E-03
  0.203789E+01  0.836000E-03  0.549979E-03
  0.204326E+01 -0.587000E-03  0.554023E-03
  0.204862E+01  0.149033E-02  0.554883E-03
  0.205398E+01  0.667333E-03  0.554935E-03
  0.205935E+01  0.217600E-02  0.552514E-03
  0.206471E+01  0.679333E-03  0.551673E-03
  0.207008E+01  0.330000E-03  0.548451E-03
  0.207544E+01  0.807667E-03  0.546785E-03
  0.208081E+01  0.584667E-03  0.545359E-03
  0.208617E+01  0.102733E-02  0.542419E-03
  0.209154E+01 -0.348667E-03  0.544788E-03
  0.209690E+01 -0.490667E-03  0.543279E-03
  0.210227E+01  0.881667E-03  0.539286E-03
  0.210763E+01  0.856333E-03  0.541782E-03
  0.211299E+01  0.317667E-03  0.539098E-03
  0.211836E+01  0.111000E-02  0.540379E-03
  0.212372E+01  0.120933E-02  0.538603E-03
  0.212909E+01  0.166333E-03  0.538585E-03
  0.213445E+01  0.177067E-02  0.536637E-03
  0.213982E+01  0.470000E-04  0.534546E-03
  0.214518E+01  0.375000E-03  0.533524E-03
  0.215055E+01  0.577000E-03  0.533027E-03
  0.215591E+01  0.827000E-03  0.537353E-03
  0.216127E+01  0.556667E-03  0.539933E-03
  0.216664E+01  0.154667E-03  0.538898E-03
  0.217200E+01  0.911000E-03  0.537764E-03
  0.217737E+01  0.833333E-04  0.538684E-03
  0.218273E+01  0.126667E-03  0.537911E-03
  0.218810E+01 -0.888000E-03  0.539665E-03
  0.219346E+01  0.305667E-03  0.538311E-03
  0.219883E+01  0.619333E-03  0.541364E-03
  0.220419E+01  0.373000E-03  0.542537E-03
  0.220956E+01  0.327333E-03  0.544211E-03
  0.221492E+01  0.771333E-03  0.543926E-03
  0.222028E+01 -0.382667E-03  0.545213E-03
  0.222565E+01  0.353333E-03  0.543779E-03
  0.223101E+01  0.712000E-03  0.540150E-03
  0.223638E+01  0.676667E-03  0.541795E-03
  0.224174E+01  0.796667E-04  0.539271E-03
  0.224711E+01 -0.433333E-05  0.536439E-03
  0.225247E+01  0.789667E-03  0.538354E-03
  0.225784E+01  0.131733E-02  0.528159E-03
  0.226320E+01  0.140000E-04  0.533070E-03
  0.226857E+01  0.123767E-02  0.531545E-03
  0.227393E+01  0.601667E-03  0.530715E-03
  0.227929E+01  0.263000E-03  0.528492E-03
  0.228466E+01  0.516333E-03  0.530179E-03
  0.229002E+01 -0.481000E-03  0.528694E-03
  0.229539E+01  0.149867E-02  0.530146E-03
  0.230075E+01  0.365000E-03  0.528103E-03
  0.230612E+01  0.294667E-03  0.529772E-03
  0.231148E+01  0.546333E-03  0.530677E-03
  0.231685E+01  0.896000E-03  0.527878E-03
  0.232221E+01 -0.574667E-03  0.527052E-03
  0.232758E+01  0.464333E-03  0.529465E-03
  0.233294E+01  0.678333E-03  0.528398E-03
  0.233830E+01  0.225333E-03  0.531174E-03
  0.234367E+01  0.689667E-03  0.533656E-03
  0.234903E+01  0.663333E-03  0.534719E-03
  0.235440E+01  0.778667E-03  0.535927E-03
  0.235976E+01 -0.189000E-03  0.535705E-03
  0.236513E+01  0.861333E-03  0.537605E-03
  0.237049E+01  0.717333E-03  0.535016E-03
  0.237586E+01  0.127533E-02  0.539120E-03
  0.238122E+01  0.578667E-03  0.540114E-03
  0.238658E+01 -0.183667E-03  0.538370E-03
  0.239195E+01  0.480000E-03  0.537998E-03
  0.239731E+01  0.127633E-02  0.536848E-03
  0.240268E+01  0.844667E-03  0.538110E-03
  0.240804E+01  0.853000E-03  0.537612E-03
  0.241341E+01  0.191333E-03  0.536864E-03
  0.241877E+01  0.948333E-03  0.535628E-03
  0.242414E+01  0.291000E-03  0.375891E-03
  0.243487E+01  0.365667E-03  0.375505E-03
  0.244559E+01  0.247667E-03  0.374535E-03
  0.245632E+01  0.130333E-03  0.373281E-03
  0.246705E+01  0.963000E-03  0.373032E-03
  0.247778E+01  0.326667E-03  0.373718E-03
  0.248851E+01 -0.356667E-04  0.373386E-03
  0.249924E+01  0.212333E-03  0.375976E-03
  0.250997E+01 -0.160667E-03  0.375860E-03
  0.252070E+01 -0.100000E-03  0.376303E-03
  0.253143E+01  0.280000E-04  0.377708E-03
  0.254216E+01  0.280000E-04  0.287802E-03
  0.255288E+01  0.280000E-04  0.792165E-04
  0.256361E+01  0.280000E-04  0.322637E-03
  0.257434E+01  0.507667E-03  0.382125E-03
  0.258507E+01  0.697667E-03  0.376245E-03
  0.259580E+01  0.430333E-03  0.375998E-03
  0.260653E+01 -0.123000E-03  0.374667E-03
  0.261726E+01  0.586667E-03  0.373624E-03
  0.262799E+01  0.738000E-03  0.374065E-03
  0.263872E+01  0.672333E-03  0.373634E-03
  0.264945E+01  0.237667E-03  0.371453E-03
  0.266018E+01  0.541000E-03  0.372258E-03
  0.267090E+01  0.220000E-04  0.373158E-03
  0.268163E+01 -0.116000E-03  0.374066E-03
  0.269236E+01  0.843333E-03  0.374915E-03
  0.270309E+01  0.489333E-03  0.377398E-03
  0.271382E+01  0.433333E-04  0.375971E-03
  0.272455E+01 -0.119333E-03  0.376944E-03
  0.273528E+01  0.259333E-03  0.377431E-03
  0.274601E+01  0.900000E-05  0.374928E-03
  0.275674E+01  0.733000E-03  0.375434E-03
  0.276747E+01  0.914000E-03  0.373236E-03
  0.277819E+01  0.192667E-03  0.373424E-03
  0.278892E+01  0.505000E-03  0.370550E-03
  0.279965E+01  0.734667E-03  0.372706E-03
  0.281038E+01  0.569333E-03  0.370949E-03
  0.282111E+01  0.146333E-03  0.372675E-03
  0.283184E+01 -0.700000E-04  0.370465E-03
  0.284257E+01  0.286667E-04  0.370915E-03
  0.285330E+01  0.849333E-03  0.373029E-03
  0.286403E+01  0.334000E-03  0.375050E-03
  0.287476E+01 -0.447667E-03  0.374574E-03
  0.288548E+01 -0.836667E-04  0.374389E-03
  0.289621E+01  0.550667E-03  0.375294E-03
  0.290694E+01  0.403333E-03  0.373549E-03
  0.291767E+01  0.296667E-04  0.372285E-03
  0.292840E+01  0.104467E-02  0.371212E-03
  0.293913E+01  0.314333E-03  0.368659E-03
  0.294986E+01  0.204000E-03  0.369132E-03
  0.296059E+01  0.502000E-03  0.367871E-03
  0.297132E+01 -0.265333E-03  0.367271E-03
  0.298205E+01  0.675667E-03  0.366115E-03
  0.299278E+01 -0.936667E-04  0.365631E-03
  0.300350E+01  0.709667E-03  0.366914E-03
  0.301423E+01 -0.373333E-03  0.367660E-03
  0.302496E+01  0.879000E-03  0.366917E-03
  0.303569E+01  0.113667E-02  0.370431E-03
  0.304642E+01  0.276000E-03  0.369226E-03
  0.305715E+01  0.106333E-03  0.372036E-03
  0.306788E+01  0.378333E-03  0.370513E-03
  0.307861E+01 -0.112333E-03  0.367619E-03
  0.308934E+01  0.774000E-03  0.366815E-03
  0.310007E+01  0.460000E-03  0.366800E-03
  0.311079E+01  0.590000E-04  0.367314E-03
  0.312152E+01 -0.402667E-03  0.366104E-03
  0.313225E+01  0.115667E-02  0.363951E-03
  0.314298E+01  0.490667E-03  0.365249E-03
  0.315371E+01  0.825333E-03  0.366184E-03
  0.316444E+01  0.265333E-03  0.366569E-03
  0.317517E+01  0.288667E-03  0.367732E-03
  0.318590E+01  0.480000E-03  0.368237E-03
  0.319663E+01  0.190333E-03  0.369815E-03
  0.320736E+01 -0.262000E-03  0.369401E-03
  0.321808E+01  0.138667E-03  0.368619E-03
  0.322881E+01  0.737667E-03  0.368429E-03
  0.323954E+01  0.379333E-03  0.367577E-03
  0.325027E+01  0.198333E-03  0.366247E-03
  0.326100E+01  0.372667E-03  0.365569E-03
  0.327173E+01  0.166000E-03  0.364420E-03
  0.328246E+01  0.615667E-03  0.362868E-03
  0.329319E+01  0.135667E-03  0.363014E-03
  0.330392E+01  0.286667E-04  0.363296E-03
  0.331465E+01  0.771000E-03  0.364310E-03
  0.332538E+01 -0.880000E-04  0.363985E-03
  0.333610E+01  0.249667E-03  0.364690E-03
  0.334683E+01  0.685667E-03  0.364224E-03
  0.335756E+01  0.543000E-03  0.366655E-03
  0.336829E+01  0.779333E-03  0.365646E-03
  0.337902E+01  0.620000E-03  0.364424E-03
  0.338975E+01  0.463667E-03  0.362263E-03
  0.340048E+01  0.428333E-03  0.362828E-03
  0.341121E+01  0.647333E-03  0.361896E-03
  0.342194E+01  0.545333E-03  0.359966E-03
  0.343267E+01  0.262667E-03  0.358462E-03
  0.344339E+01 -0.113333E-04  0.358185E-03
  0.345412E+01  0.349333E-03  0.357347E-03
  0.346485E+01  0.193667E-03  0.357726E-03
  0.347558E+01  0.462000E-03  0.358308E-03
  0.348631E+01  0.449333E-03  0.357995E-03
  0.349704E+01  0.507667E-03  0.357445E-03
  0.350777E+01 -0.231333E-03  0.359391E-03
  0.351850E+01  0.546667E-04  0.358011E-03
  0.352923E+01  0.335000E-03  0.360422E-03
  0.353996E+01  0.823000E-03  0.358603E-03
  0.355069E+01  0.900667E-03  0.360994E-03
  0.356141E+01 -0.312333E-03  0.360906E-03
  0.357214E+01  0.658333E-03  0.359529E-03
  0.358287E+01 -0.469333E-03  0.358346E-03
  0.359360E+01  0.492667E-03  0.357897E-03
  0.360433E+01  0.349000E-03  0.356635E-03
  0.361506E+01 -0.224667E-03  0.356156E-03
  0.362579E+01  0.564000E-03  0.355891E-03
  0.363652E+01 -0.366333E-03  0.358597E-03
  0.364725E+01  0.114667E-03  0.356931E-03
  0.365798E+01  0.793333E-03  0.358099E-03
  0.366870E+01  0.371333E-03  0.357621E-03
  0.367943E+01  0.265333E-03  0.358962E-03
  0.369016E+01  0.237000E-03  0.358701E-03
  0.370089E+01  0.523000E-03  0.360530E-03
  0.371162E+01 -0.193333E-03  0.360258E-03
  0.372235E+01 -0.596333E-03  0.357101E-03
  0.373308E+01 -0.106333E-03  0.355207E-03
  0.374381E+01  0.346667E-04  0.356536E-03
  0.375454E+01  0.629667E-03  0.354295E-03
  0.377063E+01  0.823333E-04  0.288491E-03
  0.378672E+01  0.178333E-03  0.288739E-03
  0.380282E+01  0.327000E-03  0.288896E-03
  0.381891E+01  0.304667E-03  0.290057E-03
  0.383500E+01  0.182000E-03  0.289865E-03
  0.385110E+01 -0.495667E-03  0.292147E-03
  0.386719E+01 -0.441000E-03  0.164777E-03
  0.388329E+01 -0.298667E-03  0.221032E-03
  0.389938E+01 -0.391000E-03  0.285836E-03
  0.391547E+01  0.656667E-04  0.283496E-03
  0.393157E+01  0.192000E-03  0.282647E-03
  0.394766E+01  0.136000E-03  0.281839E-03
  0.396375E+01  0.157667E-03  0.281656E-03
  0.397985E+01  0.278000E-03  0.281668E-03
  0.399594E+01  0.466667E-05  0.281668E-03
  0.401203E+01 -0.760000E-04  0.284530E-03
  0.402813E+01  0.355333E-03  0.284626E-03
  0.404422E+01  0.298667E-03  0.288081E-03
  0.406031E+01  0.600000E-04  0.290184E-03
  0.407641E+01  0.603333E-03  0.289722E-03
  0.409250E+01  0.240333E-03  0.289346E-03
  0.410859E+01  0.209667E-03  0.287377E-03
  0.412469E+01  0.402333E-03  0.287932E-03
  0.414078E+01  0.543333E-03  0.288173E-03
  0.415688E+01 -0.314667E-03  0.287661E-03
  0.417297E+01  0.486000E-03  0.287277E-03
  0.418906E+01 -0.238333E-03  0.289521E-03
  0.420516E+01  0.342333E-03  0.288741E-03
  0.422125E+01  0.234667E-03  0.283285E-03
  0.423734E+01  0.257000E-03  0.281404E-03
  0.425344E+01  0.503333E-03  0.280259E-03
  0.426953E+01  0.446333E-03  0.279560E-03
  0.428562E+01  0.345000E-03  0.279550E-03
  0.430172E+01  0.261333E-03  0.279590E-03
  0.431781E+01 -0.276667E-04  0.278508E-03
  0.433390E+01 -0.440000E-04  0.280348E-03
  0.435000E+01  0.287000E-03  0.282157E-03
  0.436609E+01  0.520000E-03  0.282114E-03
  0.438219E+01  0.519000E-03  0.282007E-03
  0.439828E+01 -0.473333E-04  0.281226E-03
  0.441437E+01 -0.187667E-03  0.279336E-03
  0.443047E+01  0.666667E-06  0.279159E-03
  0.444656E+01  0.334667E-03  0.277322E-03
  0.446265E+01  0.461000E-03  0.279052E-03
  0.447875E+01  0.524333E-03  0.279594E-03
  0.449484E+01  0.676667E-04  0.279412E-03
  0.451093E+01 -0.210000E-04  0.280758E-03
  0.452703E+01  0.285333E-03  0.281963E-03
  0.454312E+01  0.483333E-03  0.283236E-03
  0.455921E+01  0.207333E-03  0.281678E-03
  0.457531E+01  0.861667E-03  0.280142E-03
  0.459140E+01  0.676667E-04  0.279631E-03
  0.460750E+01  0.379333E-03  0.279225E-03
  0.462359E+01  0.252000E-03  0.279583E-03
  0.463968E+01  0.416667E-03  0.279451E-03
  0.465578E+01 -0.166667E-03  0.279453E-03
  0.467187E+01  0.229667E-03  0.279324E-03
  0.468796E+01  0.401333E-03  0.281066E-03
  0.470406E+01  0.158000E-03  0.280193E-03
  0.472015E+01 -0.316667E-03  0.278946E-03
  0.473624E+01 -0.207000E-03  0.277846E-03
  0.475234E+01 -0.636667E-04  0.277463E-03
  0.476843E+01  0.165000E-03  0.276608E-03
  0.478452E+01  0.483000E-03  0.276763E-03
  0.480062E+01  0.913333E-04  0.277498E-03
  0.481671E+01  0.270000E-03  0.277433E-03
  0.483280E+01 -0.178667E-03  0.278106E-03
  0.484890E+01  0.415333E-03  0.278347E-03
  0.486499E+01  0.487000E-03  0.276452E-03
  0.488109E+01  0.298333E-03  0.275852E-03
  0.489718E+01  0.551333E-03  0.273829E-03
  0.491327E+01 -0.733333E-04  0.272125E-03
  0.492937E+01  0.123333E-03  0.271161E-03
  0.494546E+01  0.478000E-03  0.271725E-03
  0.496155E+01  0.770000E-04  0.271599E-03
  0.497765E+01  0.309333E-03  0.272457E-03
  0.499374E+01  0.146000E-03  0.273157E-03
  0.500983E+01 -0.348667E-03  0.273705E-03
  0.502593E+01  0.278667E-03  0.274160E-03
  0.504202E+01  0.690000E-04  0.272153E-03
  0.505811E+01  0.215333E-03  0.270963E-03
  0.507421E+01  0.527000E-03  0.269774E-03
  0.509030E+01  0.301667E-03  0.268458E-03
  0.510640E+01  0.884000E-03  0.268338E-03
  0.512249E+01 -0.483333E-03  0.268592E-03
  0.513858E+01  0.427000E-03  0.267996E-03
  0.515468E+01  0.273333E-03  0.269516E-03
  0.517077E+01  0.281000E-03  0.270608E-03
  0.518686E+01  0.438333E-03  0.366497E-03
 ========================================
Averaged from raw files: gue_056_00000.cbf to gue_056_00002.cbf                 
Sample: rNP-H5 + 5mM DT c=3.000                         mg/ml Code: rNPH5       
Processed by PILATUS-PRIMUS: Sun Dec  2 21:24:43 2007                           
Channels from 1 to  889                                                         
Angular axis file: saxis_n246.dat                                               
BeamCenter_X:  1935.000  BeamCenter_Y:    90.000                                
Mask file (beamstop): fit2d_n.msk                                               
Exposure time (sec):   60.000                                                   
Pin diode (mean):       1.547                                                   
Reference frame:    1                                                           
Chi-value threshold:    1.450                                                   
Channels from 1 to  889 Number of frames averaged =    3                        
==============================================                                  
 ==============================================
Averaged from raw files: gue_057_00000.cbf to gue_057_00002.cbf                 
Sample: buffer rNP-H5 + c=0.0                          mg/ml Code: buffer       
Processed by PILATUS-PRIMUS: Sun Dec  2 21:32:20 2007                           
Channels from 1 to  889                                                         
Angular axis file: saxis_n246.dat                                               
BeamCenter_X:  1935.000  BeamCenter_Y:    90.000                                
Mask file (beamstop): fit2d_n.msk                                               
Exposure time (sec):   60.000                                                   
Pin diode (mean):       1.532                                                   
Reference frame:    1                                                           
Chi-value threshold:    1.450                                                   
Channels from 1 to  889 Number of frames averaged =    3                        
==============================================                                  
 ==============================================
