Sample description: primus/qt temporary file
Sample: primus/qt tempo  c= 0 mg/ml  Code: tmp
Parent(s): /Users/SASDBU3_non_extrap.dat
  1.241600e-01   6.623000e+02   1.776090e+01
  1.292300e-01   6.521600e+02   1.587240e+01
  1.343000e-01   6.465830e+02   1.099740e+01
  1.393600e-01   6.391500e+02   1.079820e+01
  1.444300e-01   6.304270e+02   1.110180e+01
  1.495000e-01   6.298320e+02   1.044370e+01
  1.545700e-01   6.099000e+02   8.857470e+00
  1.596300e-01   6.071120e+02   8.603770e+00
  1.647000e-01   5.944160e+02   7.284930e+00
  1.697700e-01   5.876090e+02   7.532470e+00
  1.748400e-01   5.745300e+02   7.536290e+00
  1.799000e-01   5.694550e+02   6.609230e+00
  1.849700e-01   5.549390e+02   6.011960e+00
  1.900400e-01   5.545350e+02   6.163720e+00
  1.951100e-01   5.443700e+02   6.466580e+00
  2.001800e-01   5.331200e+02   5.126540e+00
  2.052400e-01   5.289580e+02   6.070530e+00
  2.103100e-01   5.111310e+02   5.650000e+00
  2.153800e-01   5.045450e+02   5.441870e+00
  2.204500e-01   5.036040e+02   4.745710e+00
  2.255100e-01   4.880280e+02   5.039290e+00
  2.305800e-01   4.853550e+02   4.692910e+00
  2.356500e-01   4.747520e+02   4.586260e+00
  2.407200e-01   4.648200e+02   4.317690e+00
  2.457900e-01   4.545710e+02   4.443420e+00
  2.508500e-01   4.438760e+02   4.120110e+00
  2.559200e-01   4.395730e+02   3.968340e+00
  2.609900e-01   4.283490e+02   3.804260e+00
  2.660600e-01   4.203740e+02   3.670520e+00
  2.711200e-01   4.123050e+02   3.489520e+00
  2.761900e-01   4.040790e+02   3.610010e+00
  2.812600e-01   3.912510e+02   3.117340e+00
  2.863300e-01   3.876600e+02   3.238910e+00
  2.913900e-01   3.802320e+02   3.238910e+00
  2.964600e-01   3.760010e+02   3.115720e+00
  3.015300e-01   3.640530e+02   3.002770e+00
  3.066000e-01   3.583420e+02   2.727780e+00
  3.116700e-01   3.522470e+02   2.577040e+00
  3.167300e-01   3.439820e+02   2.614130e+00
  3.218000e-01   3.387700e+02   2.687260e+00
  3.268700e-01   3.285690e+02   2.451660e+00
  3.319400e-01   3.248600e+02   2.580430e+00
  3.370000e-01   3.187020e+02   2.417330e+00
  3.420700e-01   3.125280e+02   2.479990e+00
  3.471400e-01   3.026250e+02   3.250570e+00
  3.522100e-01   2.995440e+02   2.120130e+00
  3.572700e-01   2.919180e+02   2.107500e+00
  3.623400e-01   2.862540e+02   2.012420e+00
  3.674100e-01   2.803360e+02   2.253120e+00
  3.724800e-01   2.741460e+02   2.048760e+00
  3.775500e-01   2.660260e+02   2.090720e+00
  3.826100e-01   2.648450e+02   2.029160e+00
  3.876800e-01   2.569710e+02   2.054300e+00
  3.927500e-01   2.518460e+02   1.930010e+00
  3.978200e-01   2.459570e+02   2.004180e+00
  4.028800e-01   2.419460e+02   1.925170e+00
  4.079500e-01   2.369110e+02   1.935440e+00
  4.130200e-01   2.308950e+02   1.935860e+00
  4.180900e-01   2.258830e+02   1.872360e+00
  4.231500e-01   2.244030e+02   1.814310e+00
  4.282200e-01   2.191460e+02   1.850540e+00
  4.332900e-01   2.158420e+02   1.803510e+00
  4.383600e-01   2.091010e+02   1.760130e+00
  4.434300e-01   2.029240e+02   1.657540e+00
  4.484900e-01   1.991290e+02   1.715630e+00
  4.535600e-01   1.976510e+02   1.588920e+00
  4.586300e-01   1.945900e+02   1.713290e+00
  4.637000e-01   1.902520e+02   1.536700e+00
  4.687600e-01   1.865510e+02   1.702780e+00
  4.738300e-01   1.819470e+02   1.624720e+00
  4.789000e-01   1.796130e+02   1.496150e+00
  4.839700e-01   1.761780e+02   1.481120e+00
  4.890300e-01   1.725160e+02   1.533780e+00
  4.941000e-01   1.698880e+02   1.556910e+00
  4.991700e-01   1.662840e+02   1.562620e+00
  5.042400e-01   1.618120e+02   1.451560e+00
  5.093100e-01   1.595090e+02   1.476050e+00
  5.143700e-01   1.561060e+02   1.443340e+00
  5.194400e-01   1.535140e+02   1.528770e+00
  5.245100e-01   1.508650e+02   1.450260e+00
  5.295800e-01   1.457960e+02   1.414540e+00
  5.346400e-01   1.458930e+02   1.422310e+00
  5.397100e-01   1.423610e+02   1.373030e+00
  5.447800e-01   1.402620e+02   1.438400e+00
  5.498500e-01   1.378680e+02   1.343200e+00
  5.549100e-01   1.338620e+02   1.273980e+00
  5.599800e-01   1.318430e+02   1.327020e+00
  5.650500e-01   1.318670e+02   1.324210e+00
  5.701200e-01   1.296860e+02   1.295740e+00
  5.751900e-01   1.282070e+02   1.318800e+00
  5.802500e-01   1.250010e+02   1.301120e+00
  5.853200e-01   1.204690e+02   1.323370e+00
  5.903900e-01   1.198200e+02   1.300450e+00
  5.954600e-01   1.190990e+02   1.231110e+00
  6.005200e-01   1.168050e+02   1.254820e+00
  6.055900e-01   1.143980e+02   1.206230e+00
  6.106600e-01   1.134770e+02   1.221180e+00
  6.157300e-01   1.097150e+02   1.157830e+00
  6.207900e-01   1.091210e+02   1.170530e+00
  6.258600e-01   1.067070e+02   1.223240e+00
  6.309300e-01   1.065590e+02   1.151530e+00
  6.360000e-01   1.054470e+02   1.160700e+00
  6.410600e-01   1.032140e+02   1.157000e+00
  6.461300e-01   1.005680e+02   1.102730e+00
  6.512000e-01   9.961740e+01   1.106460e+00
  6.562700e-01   9.731970e+01   1.090100e+00
  6.613400e-01   9.656170e+01   1.125520e+00
  6.664000e-01   9.479050e+01   1.101940e+00
  6.714700e-01   9.474380e+01   1.108990e+00
  6.765400e-01   9.341520e+01   1.112360e+00
  6.816100e-01   9.074050e+01   1.092910e+00
  6.866700e-01   9.049320e+01   1.092600e+00
  6.917400e-01   8.992490e+01   1.131960e+00
  6.968100e-01   8.709450e+01   1.053470e+00
  7.018800e-01   8.540690e+01   1.073740e+00
  7.069400e-01   8.517450e+01   1.049490e+00
  7.120100e-01   8.428200e+01   1.046080e+00
  7.170800e-01   8.174040e+01   1.036860e+00
  7.221500e-01   7.954620e+01   1.038630e+00
  7.272100e-01   7.983550e+01   1.018810e+00
  7.322800e-01   7.928550e+01   1.015440e+00
  7.373500e-01   7.752980e+01   1.032450e+00
  7.424200e-01   7.668480e+01   1.020590e+00
  7.474800e-01   7.570490e+01   1.134660e+00
  7.525500e-01   7.293740e+01   1.014190e+00
  7.576200e-01   7.319100e+01   1.002020e+00
  7.626900e-01   7.114070e+01   9.687810e-01
  7.677600e-01   6.994790e+01   1.011780e+00
  7.728200e-01   6.886540e+01   9.805450e-01
  7.778900e-01   6.827390e+01   9.746440e-01
  7.829600e-01   6.751950e+01   9.320650e-01
  7.880300e-01   6.621930e+01   8.946580e-01
  7.930900e-01   6.454010e+01   9.758430e-01
  7.981600e-01   6.407390e+01   9.579870e-01
  8.032300e-01   6.370790e+01   9.368350e-01
  8.083000e-01   6.318480e+01   9.490560e-01
  8.133600e-01   6.123610e+01   9.342830e-01
  8.184300e-01   6.020070e+01   9.303710e-01
  8.235000e-01   5.976930e+01   9.360720e-01
  8.285700e-01   5.930860e+01   9.108470e-01
  8.336300e-01   5.751400e+01   8.969030e-01
  8.387000e-01   5.621310e+01   9.257310e-01
  8.437700e-01   5.690290e+01   9.011810e-01
  8.488400e-01   5.506680e+01   8.937700e-01
  8.539000e-01   5.410080e+01   8.886130e-01
  8.589700e-01   5.342010e+01   8.870930e-01
  8.640400e-01   5.251660e+01   8.799230e-01
  8.691100e-01   5.147290e+01   8.707060e-01
  8.741700e-01   5.139580e+01   8.866380e-01
  8.792400e-01   4.959500e+01   8.678780e-01
  8.843100e-01   4.965440e+01   8.851670e-01
  8.893800e-01   4.766770e+01   8.971020e-01
  8.944400e-01   4.746150e+01   8.322900e-01
  8.995100e-01   4.705290e+01   8.195900e-01
  9.045800e-01   4.697440e+01   8.421200e-01
  9.096500e-01   4.545330e+01   8.170970e-01
  9.147100e-01   4.534920e+01   8.361650e-01
  9.197800e-01   4.436080e+01   8.041130e-01
  9.248500e-01   4.369930e+01   8.293710e-01
  9.299200e-01   4.284320e+01   8.266890e-01
  9.349800e-01   4.215480e+01   7.860400e-01
  9.400500e-01   4.188650e+01   8.298400e-01
  9.451200e-01   4.121300e+01   7.924270e-01
  9.501900e-01   3.927870e+01   7.941110e-01
  9.552500e-01   3.862250e+01   8.216880e-01
  9.603200e-01   3.966550e+01   8.055420e-01
  9.653900e-01   3.754120e+01   8.148200e-01
  9.704600e-01   3.792710e+01   8.158430e-01
  9.755200e-01   3.694610e+01   7.872560e-01
  9.805900e-01   3.623300e+01   7.769790e-01
  9.856600e-01   3.663080e+01   7.754260e-01
  9.907300e-01   3.486020e+01   7.757380e-01
  9.957900e-01   3.306440e+01   7.846220e-01
  1.000860e+00   3.383090e+01   7.748240e-01
  1.005930e+00   3.353050e+01   7.730210e-01
  1.011000e+00   3.308110e+01   7.633980e-01
  1.016060e+00   3.251590e+01   7.468220e-01
  1.021130e+00   3.134220e+01   7.620250e-01
  1.026200e+00   3.092490e+01   7.582430e-01
  1.031270e+00   3.098560e+01   7.557440e-01
  1.036330e+00   2.996860e+01   7.845080e-01
  1.041400e+00   3.080080e+01   7.417690e-01
  1.046470e+00   2.976280e+01   7.908620e-01
  1.051540e+00   2.896670e+01   7.426400e-01
  1.056600e+00   2.866270e+01   7.570020e-01
  1.061670e+00   2.906920e+01   7.405650e-01
  1.066740e+00   2.825120e+01   7.554970e-01
  1.071810e+00   2.785660e+01   7.623410e-01
  1.076870e+00   2.732460e+01   6.944560e-01
  1.081940e+00   2.593720e+01   7.422590e-01
  1.087010e+00   2.633600e+01   7.094850e-01
  1.092080e+00   2.639460e+01   7.206470e-01
  1.097140e+00   2.478850e+01   7.140400e-01
  1.102210e+00   2.539100e+01   7.212090e-01
  1.107280e+00   2.493510e+01   7.135610e-01
  1.112350e+00   2.489830e+01   7.290270e-01
  1.117410e+00   2.377500e+01   7.393520e-01
  1.122480e+00   2.368060e+01   7.076240e-01
  1.127550e+00   2.370240e+01   6.945210e-01
  1.132620e+00   2.359100e+01   7.201250e-01
  1.137680e+00   2.426960e+01   7.218550e-01
  1.142750e+00   2.338410e+01   7.079280e-01
  1.147820e+00   2.366510e+01   6.964390e-01
  1.152890e+00   2.197000e+01   6.788680e-01
  1.157950e+00   2.199690e+01   7.040940e-01
  1.163020e+00   2.097860e+01   6.970820e-01
  1.168090e+00   2.113950e+01   6.979560e-01
  1.173160e+00   2.052240e+01   6.991650e-01
  1.178220e+00   2.099140e+01   6.937220e-01
  1.183290e+00   2.005610e+01   6.896760e-01
  1.188360e+00   2.093880e+01   7.064330e-01
  1.193420e+00   2.056170e+01   7.064820e-01
  1.198490e+00   2.063530e+01   7.181480e-01
  1.203560e+00   1.983560e+01   7.308000e-01
  1.208630e+00   2.013880e+01   7.469330e-01
  1.213690e+00   1.905630e+01   7.469190e-01
  1.218760e+00   1.853620e+01   7.389360e-01
  1.223830e+00   1.893630e+01   7.645650e-01
  1.228900e+00   1.969740e+01   7.888270e-01
  1.233960e+00   1.883020e+01   7.496570e-01
  1.239030e+00   1.900360e+01   7.533830e-01
  1.244100e+00   1.811110e+01   7.378870e-01
  1.249170e+00   1.929780e+01   7.514750e-01
  1.254230e+00   1.786090e+01   7.360360e-01
  1.259300e+00   1.830250e+01   7.198080e-01
  1.264370e+00   1.836430e+01   7.637630e-01
  1.269440e+00   1.854420e+01   7.364320e-01
  1.274500e+00   1.738920e+01   7.229440e-01
  1.279570e+00   1.698320e+01   7.183890e-01
  1.284640e+00   1.728760e+01   7.101060e-01
  1.289700e+00   1.778740e+01   7.103060e-01
  1.294770e+00   1.709120e+01   7.059500e-01
  1.299840e+00   1.660680e+01   6.730450e-01
  1.304910e+00   1.678680e+01   6.702250e-01
  1.309970e+00   1.599550e+01   7.180810e-01
  1.315040e+00   1.623000e+01   6.875920e-01
  1.320110e+00   1.643290e+01   6.808170e-01
  1.325180e+00   1.636270e+01   6.823910e-01
  1.330240e+00   1.555170e+01   6.932420e-01
  1.335310e+00   1.571340e+01   6.892270e-01
  1.340380e+00   1.529960e+01   6.604680e-01
  1.345450e+00   1.589090e+01   6.515900e-01
  1.350510e+00   1.547980e+01   6.748480e-01
  1.355580e+00   1.473460e+01   6.817270e-01
  1.360650e+00   1.497540e+01   6.637540e-01
  1.365710e+00   1.545680e+01   6.778360e-01
  1.370780e+00   1.545150e+01   6.719910e-01
  1.375850e+00   1.460640e+01   6.687450e-01
  1.380920e+00   1.507280e+01   6.697740e-01
  1.385980e+00   1.431020e+01   6.541840e-01
  1.391050e+00   1.444430e+01   6.655180e-01
  1.396120e+00   1.459990e+01   6.573320e-01
  1.401190e+00   1.421940e+01   6.511100e-01
  1.406250e+00   1.425200e+01   6.460610e-01
  1.411320e+00   1.493500e+01   6.602810e-01
  1.416390e+00   1.458030e+01   6.418420e-01
  1.421450e+00   1.454110e+01   6.443140e-01
  1.426520e+00   1.317760e+01   6.206000e-01
  1.431590e+00   1.388230e+01   6.219510e-01
  1.436660e+00   1.377170e+01   6.125740e-01
  1.441720e+00   1.294880e+01   6.358860e-01
  1.446790e+00   1.391820e+01   6.349660e-01
  1.451860e+00   1.362320e+01   6.362880e-01
  1.456920e+00   1.268180e+01   6.253810e-01
  1.461990e+00   1.362410e+01   6.238940e-01
  1.467060e+00   1.250230e+01   6.226150e-01
  1.472130e+00   1.335210e+01   6.068030e-01
  1.477190e+00   1.317540e+01   6.205820e-01
  1.482260e+00   1.290010e+01   6.175800e-01
  1.487330e+00   1.233020e+01   6.062230e-01
  1.492400e+00   1.243600e+01   6.071860e-01
  1.497460e+00   1.261960e+01   6.249230e-01
  1.502530e+00   1.250720e+01   6.002800e-01
  1.507600e+00   1.254370e+01   6.160930e-01
  1.512660e+00   1.156770e+01   5.973860e-01
  1.517730e+00   1.237310e+01   5.972540e-01
  1.522800e+00   1.147450e+01   6.086720e-01
  1.527870e+00   1.145040e+01   6.060610e-01
  1.532930e+00   1.083460e+01   6.150860e-01
  1.538000e+00   1.210810e+01   5.875380e-01
  1.543070e+00   1.157320e+01   5.926620e-01
  1.548130e+00   1.153400e+01   5.971020e-01
  1.553200e+00   1.213370e+01   5.926430e-01
  1.558270e+00   1.116680e+01   5.876500e-01
  1.563340e+00   1.073660e+01   5.968400e-01
  1.568400e+00   1.155280e+01   5.932680e-01
  1.573470e+00   1.100990e+01   5.782220e-01
  1.578540e+00   1.076360e+01   5.891360e-01
  1.583600e+00   1.054440e+01   5.802060e-01
  1.588670e+00   1.055590e+01   5.991490e-01
  1.593740e+00   1.022650e+01   5.918580e-01
  1.598810e+00   1.064510e+01   5.934030e-01
  1.603870e+00   1.092550e+01   5.701490e-01
  1.608940e+00   1.026840e+01   5.675870e-01
  1.614010e+00   9.765880e+00   5.771280e-01
  1.619070e+00   1.069730e+01   5.761520e-01
  1.624140e+00   9.901240e+00   5.690080e-01
  1.629210e+00   9.863640e+00   5.690080e-01
  1.634270e+00   9.690570e+00   5.787120e-01
  1.639340e+00   9.775650e+00   5.568760e-01
  1.644410e+00   9.438300e+00   5.665240e-01
  1.649480e+00   8.835710e+00   5.754310e-01
  1.654540e+00   9.499380e+00   5.724530e-01
  1.659610e+00   9.218760e+00   5.726810e-01
  1.664680e+00   9.431480e+00   5.693150e-01
  1.669740e+00   8.271610e+00   5.690800e-01
  1.674810e+00   9.295950e+00   5.666130e-01
  1.679880e+00   9.441830e+00   5.688820e-01
  1.684950e+00   8.727730e+00   5.558370e-01
  1.690010e+00   9.107160e+00   5.536340e-01
  1.695080e+00   8.413380e+00   5.515440e-01
  1.700150e+00   7.963190e+00   5.628910e-01
  1.705210e+00   8.210270e+00   5.558770e-01
  1.710280e+00   8.268100e+00   5.523260e-01
  1.715350e+00   7.973040e+00   5.559940e-01
  1.720410e+00   7.924510e+00   5.523190e-01
  1.725480e+00   7.039010e+00   5.624840e-01
  1.730550e+00   7.795900e+00   5.565660e-01
  1.735620e+00   7.266570e+00   5.560870e-01
  1.740680e+00   7.903910e+00   5.561370e-01
  1.745750e+00   7.898640e+00   5.465880e-01
  1.750820e+00   7.337240e+00   5.488260e-01
  1.755880e+00   7.463680e+00   5.380190e-01
  1.760950e+00   6.889080e+00   5.423150e-01
  1.766020e+00   7.515760e+00   5.526530e-01
  1.771080e+00   7.137050e+00   5.521290e-01
  1.776150e+00   7.504810e+00   5.497160e-01
  1.781220e+00   6.659060e+00   5.374710e-01
  1.786290e+00   6.971780e+00   5.372600e-01
  1.791350e+00   7.044560e+00   5.468370e-01
  1.796420e+00   6.255530e+00   5.395510e-01
  1.801490e+00   6.549670e+00   5.439410e-01
  1.806550e+00   6.782800e+00   5.268340e-01
  1.811620e+00   6.196670e+00   5.271380e-01
  1.816690e+00   6.531850e+00   5.333230e-01
  1.821750e+00   6.148660e+00   5.447610e-01
  1.826820e+00   6.261700e+00   5.447610e-01
  1.831890e+00   5.777060e+00   5.221570e-01
  1.836950e+00   5.847320e+00   5.152820e-01
  1.842020e+00   6.029760e+00   5.138510e-01
  1.847090e+00   5.683670e+00   5.142530e-01
  1.852160e+00   5.630810e+00   5.220060e-01
  1.857220e+00   6.195460e+00   5.201860e-01
  1.862290e+00   6.004770e+00   5.306620e-01
  1.867360e+00   5.125610e+00   5.246330e-01
  1.872420e+00   5.417170e+00   5.091310e-01
  1.877490e+00   6.068210e+00   5.198200e-01
  1.882560e+00   5.917780e+00   5.262230e-01
  1.887620e+00   6.184450e+00   5.262980e-01
  1.892690e+00   5.074680e+00   5.339700e-01
  1.897760e+00   5.396140e+00   5.339310e-01
  1.902820e+00   5.109940e+00   5.110340e-01
  1.907890e+00   5.521330e+00   5.098160e-01
  1.912960e+00   4.502640e+00   5.161620e-01
  1.918020e+00   5.252840e+00   5.236470e-01
  1.923090e+00   5.219790e+00   5.115510e-01
  1.928160e+00   5.121690e+00   5.047830e-01
  1.933230e+00   5.312710e+00   5.109280e-01
  1.938290e+00   5.208470e+00   4.956740e-01
  1.943360e+00   4.916220e+00   5.008680e-01
  1.948430e+00   4.583160e+00   5.061810e-01
  1.953490e+00   4.735030e+00   4.997100e-01
  1.958560e+00   4.914780e+00   4.995460e-01
  1.963630e+00   4.489500e+00   5.054330e-01
  1.968690e+00   4.453200e+00   4.998690e-01
  1.973760e+00   4.644740e+00   4.950630e-01
  1.978830e+00   5.054700e+00   5.002520e-01
  1.983890e+00   4.154370e+00   5.022510e-01
  1.988960e+00   4.193090e+00   4.920900e-01
  1.994030e+00   3.935150e+00   4.947880e-01
  1.999090e+00   4.709130e+00   5.030630e-01
  2.004160e+00   4.472830e+00   4.972170e-01
  2.009230e+00   3.915990e+00   4.967100e-01
  2.014290e+00   4.647370e+00   4.990130e-01
  2.019360e+00   4.369200e+00   4.949690e-01
  2.024430e+00   4.729450e+00   5.031490e-01
  2.029490e+00   4.625070e+00   4.987320e-01
  2.034560e+00   4.094500e+00   4.859220e-01
  2.039630e+00   4.233300e+00   4.871940e-01
  2.044690e+00   3.741060e+00   4.922270e-01
  2.049760e+00   3.566090e+00   4.901000e-01
  2.054830e+00   4.670990e+00   4.904530e-01
  2.059890e+00   3.862510e+00   4.785500e-01
  2.064960e+00   3.758350e+00   4.973600e-01
  2.070030e+00   4.154000e+00   4.930090e-01
  2.075090e+00   3.904800e+00   4.914270e-01
  2.080160e+00   3.895820e+00   4.953600e-01
  2.085230e+00   4.131660e+00   4.881580e-01
  2.090290e+00   3.620350e+00   4.900960e-01
  2.095360e+00   3.834850e+00   4.850980e-01
  2.100430e+00   3.620530e+00   4.789050e-01
  2.105490e+00   3.778340e+00   4.813610e-01
  2.110560e+00   3.760340e+00   4.809460e-01
  2.115630e+00   4.021110e+00   4.842960e-01
  2.120690e+00   3.815190e+00   4.822230e-01
  2.125760e+00   4.002720e+00   4.796520e-01
  2.130830e+00   3.971670e+00   4.800780e-01
  2.135890e+00   3.304110e+00   4.885070e-01
  2.140960e+00   3.483280e+00   4.760580e-01
  2.146030e+00   3.617500e+00   4.821620e-01
  2.151090e+00   3.765850e+00   4.801270e-01
  2.156160e+00   3.326340e+00   4.813530e-01
  2.161230e+00   3.759620e+00   4.855880e-01
  2.166290e+00   3.518240e+00   4.716100e-01
  2.171360e+00   3.500810e+00   4.806540e-01
  2.176430e+00   3.567800e+00   4.747650e-01
  2.181490e+00   3.900210e+00   4.786580e-01
  2.186560e+00   3.753080e+00   4.637440e-01
  2.191630e+00   3.779620e+00   4.766160e-01
  2.196690e+00   3.260990e+00   4.813730e-01
  2.201760e+00   3.102260e+00   4.678040e-01
  2.206830e+00   3.542050e+00   4.660460e-01
  2.211890e+00   3.390690e+00   4.750610e-01
  2.216960e+00   3.126980e+00   4.682600e-01
  2.222030e+00   3.725250e+00   4.638600e-01
  2.227090e+00   4.069010e+00   4.657520e-01
  2.232160e+00   2.799730e+00   4.707260e-01
  2.237220e+00   3.441770e+00   4.774410e-01
  2.242290e+00   3.023610e+00   4.676030e-01
  2.247360e+00   3.247530e+00   4.625980e-01
  2.252420e+00   3.263730e+00   4.612100e-01
  2.257490e+00   3.373550e+00   4.750970e-01
  2.262560e+00   3.222350e+00   4.619620e-01
  2.267620e+00   3.520650e+00   4.688060e-01
  2.272690e+00   3.427120e+00   4.688750e-01
  2.277760e+00   3.196860e+00   4.681170e-01
  2.282820e+00   3.513840e+00   4.752510e-01
  2.287890e+00   2.803060e+00   4.679790e-01
  2.292960e+00   3.038130e+00   4.585860e-01
  2.298020e+00   3.726800e+00   4.733010e-01
  2.303090e+00   2.880230e+00   4.727700e-01
  2.308160e+00   3.516970e+00   4.543880e-01
  2.313220e+00   3.034020e+00   4.592210e-01
  2.318290e+00   3.101210e+00   4.542840e-01
  2.323350e+00   3.351580e+00   4.534760e-01
  2.328420e+00   3.037920e+00   4.538140e-01
  2.333490e+00   3.265390e+00   4.593200e-01
  2.338550e+00   2.914780e+00   4.432840e-01
  2.343620e+00   3.503740e+00   4.556360e-01
  2.348690e+00   3.420090e+00   4.602550e-01
  2.353750e+00   3.098810e+00   4.451620e-01
  2.358820e+00   2.708840e+00   4.525070e-01
  2.363890e+00   2.844700e+00   4.531380e-01
  2.368950e+00   2.763390e+00   4.507670e-01
  2.374020e+00   3.263050e+00   4.410080e-01
  2.379080e+00   2.790790e+00   4.551990e-01
  2.384150e+00   3.166710e+00   4.421970e-01
  2.389220e+00   3.065260e+00   4.461070e-01
  2.394280e+00   2.689590e+00   4.441910e-01
  2.399350e+00   2.803680e+00   4.445710e-01
  2.404420e+00   2.932020e+00   4.518460e-01
  2.409480e+00   2.534440e+00   4.475970e-01
  2.414550e+00   2.523350e+00   4.501830e-01
  2.419620e+00   3.013140e+00   4.616990e-01
  2.424680e+00   2.428960e+00   4.570730e-01
  2.429750e+00   2.571020e+00   4.574450e-01
  2.434810e+00   2.257890e+00   4.623210e-01
  2.439880e+00   2.191160e+00   4.557760e-01
  2.444950e+00   2.005670e+00   4.673170e-01
  2.450010e+00   3.155840e+00   4.673170e-01
  2.455080e+00   3.190140e+00   4.642330e-01
  2.460150e+00   2.357220e+00   4.734130e-01
  2.465210e+00   2.821110e+00   4.714140e-01
  2.470280e+00   2.786930e+00   4.738350e-01
  2.475340e+00   3.201770e+00   4.743350e-01
  2.480410e+00   3.103720e+00   4.676000e-01
  2.485480e+00   2.704170e+00   4.821540e-01
  2.490540e+00   2.156760e+00   4.770370e-01
  2.495610e+00   2.699530e+00   4.821750e-01
  2.500680e+00   2.608250e+00   4.821150e-01
  2.505740e+00   1.696420e+00   4.753010e-01
  2.510810e+00   1.822180e+00   4.724870e-01
  2.515870e+00   2.646750e+00   4.741900e-01
  2.520940e+00   2.522430e+00   4.733260e-01
  2.526010e+00   2.207710e+00   4.794270e-01
  2.531070e+00   2.524420e+00   4.817090e-01
  2.536140e+00   3.045720e+00   4.821550e-01
  2.541200e+00   2.162360e+00   4.821550e-01
  2.546270e+00   3.072830e+00   4.830600e-01
  2.551340e+00   2.512570e+00   4.797870e-01
  2.556400e+00   2.537860e+00   4.740290e-01
  2.561470e+00   2.646610e+00   4.842630e-01
  2.566540e+00   2.651280e+00   4.742240e-01
  2.571600e+00   2.344320e+00   4.749490e-01
  2.576670e+00   2.939740e+00   4.889740e-01
  2.581730e+00   2.323600e+00   4.836190e-01
  2.586800e+00   1.872340e+00   4.722710e-01
  2.591870e+00   2.534500e+00   4.736640e-01
  2.596930e+00   2.996640e+00   4.926740e-01
  2.602000e+00   2.709800e+00   4.845540e-01
  2.607060e+00   2.099440e+00   4.764640e-01
  2.612130e+00   2.061510e+00   4.828450e-01
  2.617200e+00   2.541490e+00   4.768370e-01
  2.622260e+00   1.966950e+00   4.685930e-01
  2.627330e+00   2.332870e+00   4.822660e-01
  2.632390e+00   2.696760e+00   4.841530e-01
  2.637460e+00   2.853920e+00   4.835980e-01
  2.642530e+00   3.188510e+00   4.733470e-01
  2.647590e+00   3.264420e+00   4.805320e-01
  2.652660e+00   2.434500e+00   4.770790e-01
  2.657720e+00   2.785650e+00   4.856700e-01
  2.662790e+00   2.118840e+00   4.772410e-01
  2.667860e+00   2.448230e+00   4.892710e-01
  2.672920e+00   2.383700e+00   4.793740e-01
  2.677990e+00   2.549910e+00   4.912690e-01
  2.683050e+00   2.867740e+00   4.783440e-01
  2.688120e+00   2.705360e+00   4.824470e-01
  2.693190e+00   2.678530e+00   4.749490e-01
  2.698250e+00   2.398080e+00   4.829660e-01
  2.703320e+00   2.927250e+00   4.812280e-01
  2.708380e+00   1.890930e+00   4.855440e-01
  2.713450e+00   1.976240e+00   4.855470e-01
  2.718520e+00   2.037490e+00   4.883760e-01
  2.723580e+00   2.395890e+00   4.883760e-01
  2.728650e+00   2.912540e+00   4.851620e-01
  2.733710e+00   1.981250e+00   4.793840e-01
  2.738780e+00   1.979740e+00   4.815870e-01
  2.743850e+00   1.972250e+00   4.813810e-01
  2.748910e+00   2.919620e+00   4.874200e-01
  2.753980e+00   2.668490e+00   4.874200e-01
  2.759040e+00   1.958100e+00   4.808210e-01
  2.764110e+00   2.185540e+00   4.888940e-01
  2.769170e+00   2.407010e+00   4.842480e-01
  2.774240e+00   2.800260e+00   4.870710e-01
  2.779310e+00   2.640380e+00   4.790380e-01
  2.784370e+00   1.981850e+00   4.744200e-01
  2.789440e+00   2.479840e+00   4.798820e-01
  2.794500e+00   2.175990e+00   4.764930e-01
  2.799570e+00   2.146320e+00   4.764930e-01
  2.804640e+00   2.119900e+00   4.883620e-01
  2.809700e+00   2.240560e+00   4.835410e-01
  2.814770e+00   1.406970e+00   4.816660e-01
  2.819830e+00   2.345170e+00   4.813460e-01
  2.824900e+00   1.739830e+00   4.743410e-01
  2.829960e+00   2.392410e+00   4.784640e-01
  2.835030e+00   2.662780e+00   4.813570e-01
  2.840100e+00   2.325110e+00   4.905230e-01
  2.845160e+00   2.651530e+00   4.786630e-01
  2.850230e+00   1.696700e+00   4.833350e-01
  2.855290e+00   2.166230e+00   4.887300e-01
  2.860360e+00   2.212290e+00   4.738320e-01
  2.865420e+00   2.466680e+00   4.709880e-01
  2.870490e+00   2.745180e+00   4.709880e-01
  2.875560e+00   1.532660e+00   4.838470e-01
  2.880620e+00   1.847590e+00   4.859880e-01
  2.885690e+00   2.282880e+00   4.848460e-01
  2.890750e+00   2.528400e+00   4.786680e-01
  2.895820e+00   1.814680e+00   4.825150e-01
  2.900880e+00   2.074060e+00   4.824340e-01
  2.905950e+00   2.516540e+00   4.726750e-01
  2.911020e+00   2.134260e+00   4.982920e-01
  2.916080e+00   1.787540e+00   4.899570e-01
  2.921150e+00   2.189660e+00   4.834340e-01
  2.926210e+00   2.394200e+00   4.832250e-01
  2.931280e+00   1.840340e+00   4.934850e-01
  2.936340e+00   2.343800e+00   4.795010e-01
  2.941410e+00   1.938160e+00   4.829860e-01
  2.946470e+00   2.648740e+00   4.877590e-01
  2.951540e+00   1.857270e+00   4.802640e-01
  2.956610e+00   2.169850e+00   4.849900e-01
  2.961670e+00   2.514790e+00   4.892540e-01
  2.966740e+00   2.316400e+00   4.818750e-01
  2.971800e+00   2.136210e+00   4.805790e-01
  2.976870e+00   2.024450e+00   4.790940e-01
  2.981930e+00   2.488590e+00   4.856230e-01
  2.987000e+00   2.086240e+00   4.812730e-01
  2.992070e+00   2.200910e+00   4.781650e-01
  2.997130e+00   2.681920e+00   4.785330e-01
  3.002200e+00   2.406520e+00   4.701590e-01
  3.007260e+00   2.002010e+00   4.887030e-01
  3.012330e+00   2.408270e+00   4.849870e-01
  3.017390e+00   2.054750e+00   4.874650e-01
  3.022460e+00   1.710290e+00   4.880820e-01
  3.027520e+00   2.306400e+00   4.862070e-01
  3.032590e+00   2.572580e+00   4.996830e-01
  3.037650e+00   1.719210e+00   4.870500e-01
  3.042720e+00   2.147600e+00   4.941750e-01
  3.047790e+00   2.179020e+00   4.905170e-01
  3.052850e+00   1.839340e+00   4.890910e-01
  3.057920e+00   1.342280e+00   4.910340e-01
  3.062980e+00   2.538260e+00   4.815540e-01
  3.068050e+00   1.613450e+00   4.893290e-01
  3.073110e+00   2.120350e+00   4.981650e-01
  3.078180e+00   1.567100e+00   4.884230e-01
  3.083240e+00   2.469100e+00   4.795130e-01
  3.088310e+00   2.336100e+00   4.930430e-01
  3.093370e+00   2.388130e+00   4.950250e-01
  3.098440e+00   2.031960e+00   4.901700e-01
  3.103500e+00   1.781000e+00   4.818890e-01
  3.108570e+00   1.848890e+00   4.814300e-01
  3.113640e+00   2.100080e+00   4.814300e-01
  3.118700e+00   1.545910e+00   4.968830e-01
  3.123770e+00   2.009680e+00   4.953640e-01
  3.128830e+00   2.269450e+00   4.790050e-01
  3.133900e+00   1.691100e+00   4.949380e-01
  3.138960e+00   2.397020e+00   4.908370e-01
  3.144030e+00   1.326940e+00   4.823650e-01
  3.149090e+00   1.935600e+00   4.893950e-01
  3.154160e+00   2.176750e+00   4.796650e-01
  3.159220e+00   1.895000e+00   4.796650e-01
  3.164290e+00   3.095800e+00   4.948130e-01
  3.169350e+00   2.443480e+00   5.020310e-01
  3.174420e+00   2.183830e+00   5.054360e-01
  3.179480e+00   1.911770e+00   4.994290e-01
  3.184550e+00   1.486850e+00   4.994290e-01
  3.189610e+00   2.104140e+00   4.855650e-01
  3.194680e+00   1.851260e+00   4.979450e-01
  3.199750e+00   2.004430e+00   5.022620e-01
  3.204810e+00   2.235220e+00   4.921200e-01
  3.209880e+00   1.356530e+00   4.896460e-01
  3.214940e+00   1.067560e+00   4.975920e-01
  3.220010e+00   2.102270e+00   4.852080e-01
  3.225070e+00   2.611840e+00   5.034920e-01
  3.230140e+00   1.823420e+00   4.929580e-01
  3.235200e+00   1.710410e+00   4.942680e-01
  3.240270e+00   1.998810e+00   4.916630e-01
  3.245330e+00   1.945320e+00   5.016260e-01
  3.250400e+00   1.764000e+00   4.955530e-01
  3.255460e+00   1.778520e+00   4.839080e-01
  3.260530e+00   1.579090e+00   4.967010e-01
  3.265590e+00   2.192660e+00   4.824570e-01
  3.270660e+00   2.508960e+00   4.925210e-01
  3.275720e+00   2.344900e+00   4.784770e-01
  3.280790e+00   2.002590e+00   4.867110e-01
  3.285850e+00   1.782280e+00   4.921140e-01
  3.290920e+00   2.573270e+00   4.915080e-01
  3.295980e+00   2.415150e+00   4.994880e-01
  3.301050e+00   2.252300e+00   5.019760e-01
  3.306110e+00   2.008220e+00   4.932730e-01
  3.311180e+00   1.982960e+00   4.817660e-01
  3.316240e+00   2.047370e+00   4.875630e-01
  3.321310e+00   1.967330e+00   4.909850e-01
  3.326370e+00   2.246650e+00   4.853140e-01
  3.331440e+00   1.395400e+00   4.918950e-01
  3.336500e+00   1.951150e+00   4.901710e-01
  3.341570e+00   2.068800e+00   4.941360e-01
  3.346630e+00   2.618990e+00   4.925300e-01
  3.351700e+00   1.512970e+00   4.908480e-01
  3.356760e+00   1.858390e+00   4.773150e-01
  3.361830e+00   2.302760e+00   4.870660e-01
  3.366890e+00   2.422140e+00   4.842660e-01
  3.371960e+00   1.516560e+00   4.944130e-01
  3.377020e+00   2.248890e+00   4.842890e-01
  3.382090e+00   1.873430e+00   4.929000e-01
  3.387150e+00   2.070720e+00   4.906880e-01
  3.392220e+00   1.876270e+00   4.929750e-01
  3.397280e+00   2.004400e+00   4.797640e-01
  3.402350e+00   2.366960e+00   4.868630e-01
  3.407410e+00   2.352880e+00   4.868630e-01
  3.412480e+00   2.388000e+00   4.908270e-01
  3.417540e+00   2.100660e+00   4.979420e-01
  3.422610e+00   2.146730e+00   4.901760e-01
  3.427670e+00   2.132890e+00   4.953940e-01
  3.432740e+00   1.733350e+00   4.842100e-01
  3.437800e+00   1.869520e+00   4.897490e-01
  3.442870e+00   1.865620e+00   5.012410e-01
  3.447930e+00   1.949730e+00   5.040710e-01
  3.453000e+00   1.588610e+00   4.965840e-01
  3.458060e+00   2.095930e+00   5.017720e-01
  3.463130e+00   2.185990e+00   5.057770e-01
  3.468190e+00   2.245320e+00   4.938650e-01
  3.473250e+00   2.264870e+00   5.050310e-01
  3.478320e+00   2.464470e+00   5.010940e-01
  3.483380e+00   2.498090e+00   4.925220e-01
  3.488450e+00   1.700510e+00   5.205340e-01
  3.493510e+00   1.891730e+00   4.945000e-01
  3.498580e+00   2.449440e+00   4.975140e-01
  3.503640e+00   1.763840e+00   5.117790e-01
  3.508710e+00   1.626520e+00   5.095860e-01
  3.513770e+00   1.699120e+00   5.096330e-01
  3.518840e+00   1.699830e+00   5.050990e-01
  3.523900e+00   1.606330e+00   5.030270e-01
  3.528970e+00   2.415470e+00   5.171590e-01
  3.534030e+00   2.088430e+00   5.118270e-01
  3.539100e+00   1.615040e+00   5.113070e-01
  3.544160e+00   1.922300e+00   5.055800e-01
  3.549230e+00   1.817920e+00   5.062180e-01
  3.554290e+00   2.260670e+00   5.146480e-01
  3.559350e+00   2.350840e+00   5.094700e-01
  3.564420e+00   1.420000e+00   5.158160e-01
  3.569480e+00   2.234420e+00   5.244020e-01
  3.574550e+00   2.113300e+00   5.224120e-01
  3.579610e+00   2.531230e+00   5.242780e-01
  3.584680e+00   1.679450e+00   5.993160e-01
  3.589740e+00   1.947330e+00   5.533520e-01
  3.594810e+00   1.945870e+00   5.255690e-01
  3.599870e+00   2.281820e+00   5.255690e-01
  3.604940e+00   2.027730e+00   5.206840e-01
  3.610000e+00   2.253720e+00   5.237100e-01
  3.615060e+00   1.051760e+00   5.304210e-01
  3.620130e+00   1.906370e+00   5.312240e-01
  3.625190e+00   2.405510e+00   5.280400e-01
  3.630260e+00   2.332320e+00   5.219850e-01
  3.635320e+00   2.476660e+00   5.362470e-01
  3.640390e+00   1.282830e+00   5.432710e-01
  3.645450e+00   2.030870e+00   5.697590e-01
  3.650520e+00   1.753800e+00   5.479020e-01
  3.655580e+00   1.804670e+00   5.531310e-01
  3.660640e+00   2.956090e+00   5.682980e-01
  3.665710e+00   2.003050e+00   5.880010e-01
  3.670770e+00   1.627040e+00   5.612100e-01
  3.675840e+00   2.603180e+00   5.703430e-01
  3.680900e+00   2.268190e+00   5.998990e-01
  3.685970e+00   1.846600e+00   5.869270e-01
  3.691030e+00   2.013210e+00   5.892790e-01
  3.696100e+00   1.510490e+00   5.976920e-01
  3.701160e+00   2.465670e+00   6.137150e-01
  3.706220e+00   1.401280e+00   6.134230e-01
  3.711290e+00   1.678960e+00   6.172240e-01
  3.716350e+00   2.126430e+00   6.152700e-01
  3.721420e+00   1.506420e+00   6.374000e-01
  3.726480e+00   2.326750e+00   6.415870e-01
  3.731550e+00   1.440090e+00   6.453430e-01
  3.736610e+00   1.989290e+00   6.380680e-01
  3.741670e+00   1.798520e+00   6.649210e-01
  3.746740e+00   2.108540e+00   6.421080e-01
  3.751800e+00   1.640330e+00   6.397140e-01
  3.756870e+00   2.880190e+00   6.397850e-01
  3.761930e+00   1.922310e+00   6.704190e-01
  3.767000e+00   2.601520e+00   6.704190e-01
  3.772060e+00   2.191730e+00   6.673100e-01
  3.777120e+00   2.946970e+00   6.464880e-01
  3.782190e+00   2.639200e+00   6.692220e-01
  3.787250e+00   2.336660e+00   6.548300e-01
  3.792320e+00   2.109890e+00   6.582780e-01
  3.797380e+00   2.649880e+00   6.504610e-01
  3.802450e+00   2.429850e+00   6.530610e-01
  3.807510e+00   1.584360e+00   6.633720e-01
  3.812570e+00   2.195800e+00   6.678150e-01
  3.817640e+00   2.537170e+00   6.728670e-01
  3.822700e+00   1.616810e+00   6.802960e-01
  3.827770e+00   1.739640e+00   6.665530e-01
  3.832830e+00   1.610860e+00   6.763530e-01
  3.837890e+00   1.668940e+00   7.016290e-01
  3.842960e+00   2.215520e+00   6.495160e-01
  3.848020e+00   2.231790e+00   6.729120e-01
  3.853090e+00   1.694290e+00   6.860470e-01
  3.858150e+00   2.306210e+00   6.724770e-01
  3.863210e+00   2.083260e+00   6.816950e-01
  3.868280e+00   3.099350e+00   6.854520e-01
  3.873340e+00   1.180750e+00   6.880410e-01
  3.878410e+00   2.376000e+00   6.924380e-01
  3.883470e+00   2.822150e+00   6.813110e-01
  3.888530e+00   2.286920e+00   6.791500e-01
  3.893600e+00   2.165960e+00   6.685260e-01
  3.898660e+00   1.493720e+00   6.713710e-01
  3.903730e+00   1.246790e+00   6.838740e-01
  3.908790e+00   2.234180e+00   6.854730e-01
  3.913850e+00   2.060230e+00   6.709360e-01
  3.918920e+00   1.962150e+00   6.711710e-01
  3.923980e+00   2.015270e+00   6.800900e-01
  3.929050e+00   1.923500e+00   6.788040e-01
  3.934110e+00   2.702860e+00   6.591810e-01
  3.939170e+00   1.844550e+00   6.990090e-01
  3.944240e+00   1.849950e+00   6.821910e-01
  3.949300e+00   1.715660e+00   6.725980e-01
  3.954370e+00   2.593670e+00   6.657490e-01
  3.959430e+00   1.738940e+00   6.603670e-01
  3.964490e+00   2.550180e+00   6.872340e-01
  3.969560e+00   2.674350e+00   6.763900e-01
  3.974620e+00   2.628030e+00   6.723980e-01
  3.979690e+00   2.434270e+00   6.744530e-01
  3.984750e+00   1.648890e+00   6.837610e-01
  3.989810e+00   2.227170e+00   6.726980e-01
  3.994880e+00   2.519380e+00   6.629460e-01
  3.999940e+00   2.152620e+00   6.740540e-01
  4.005000e+00   1.565470e+00   6.674150e-01
  4.010070e+00   1.667400e+00   6.705400e-01
  4.015130e+00   2.150490e+00   6.621550e-01
  4.020200e+00   2.473270e+00   6.560470e-01
  4.025260e+00   2.273370e+00   6.625060e-01
  4.030320e+00   1.445920e+00   6.586370e-01
  4.035390e+00   2.168020e+00   6.672080e-01
  4.040450e+00   1.502420e+00   6.559680e-01
  4.045510e+00   2.441190e+00   6.586710e-01
  4.050580e+00   2.776640e+00   6.440600e-01
  4.055640e+00   2.380100e+00   6.464660e-01
  4.060710e+00   2.050710e+00   6.419910e-01
  4.065770e+00   2.601390e+00   6.654680e-01
  4.070830e+00   1.993090e+00   6.686750e-01
  4.075900e+00   1.826690e+00   6.541330e-01
  4.080960e+00   2.122890e+00   6.617650e-01
  4.086020e+00   2.584240e+00   6.458500e-01
  4.091090e+00   2.368240e+00   6.284810e-01
  4.096150e+00   2.466920e+00   6.623890e-01
parent: /Users/SASDBU3_non_extrap.dat
range-from: 1
range-to: 785
