  2.011890e-01   3.303808e+01   5.054375e-01
  2.039220e-01   3.371837e+01   4.885979e-01
  2.066540e-01   3.305264e+01   4.751580e-01
  2.093860e-01   3.273793e+01   4.591351e-01
  2.121190e-01   3.302824e+01   4.483582e-01
  2.148510e-01   3.227420e+01   4.401831e-01
  2.175830e-01   3.313903e+01   4.302962e-01
  2.203150e-01   3.228958e+01   4.170336e-01
  2.230480e-01   3.201825e+01   4.069270e-01
  2.257800e-01   3.207468e+01   3.972820e-01
  2.285120e-01   3.234039e+01   3.899173e-01
  2.312450e-01   3.209483e+01   3.833576e-01
  2.339770e-01   3.233558e+01   3.749097e-01
  2.367090e-01   3.184466e+01   3.683950e-01
  2.394420e-01   3.138477e+01   3.613734e-01
  2.421740e-01   3.147964e+01   3.541403e-01
  2.449060e-01   3.173790e+01   3.471204e-01
  2.476390e-01   3.025486e+01   3.445270e-01
  2.503710e-01   3.102437e+01   3.390519e-01
  2.531030e-01   3.046428e+01   3.337013e-01
  2.558350e-01   3.109856e+01   3.300552e-01
  2.585680e-01   3.032884e+01   3.262153e-01
  2.613000e-01   3.010913e+01   3.208432e-01
  2.640320e-01   3.017872e+01   3.167436e-01
  2.667650e-01   3.012058e+01   3.134494e-01
  2.694970e-01   3.102202e+01   3.103018e-01
  2.722290e-01   2.974619e+01   3.063293e-01
  2.749620e-01   2.916628e+01   3.023325e-01
  2.776940e-01   2.881306e+01   2.995468e-01
  2.804260e-01   2.924681e+01   2.970785e-01
  2.831590e-01   2.947021e+01   2.921832e-01
  2.858910e-01   2.912488e+01   2.877163e-01
  2.886230e-01   2.908881e+01   2.866194e-01
  2.913550e-01   2.900483e+01   2.825042e-01
  2.940880e-01   2.815067e+01   2.794639e-01
  2.968200e-01   2.802557e+01   2.775976e-01
  2.995520e-01   2.822129e+01   2.729018e-01
  3.022850e-01   2.782721e+01   2.696736e-01
  3.050170e-01   2.772120e+01   2.691013e-01
  3.077490e-01   2.738986e+01   2.656151e-01
  3.104820e-01   2.702756e+01   2.625536e-01
  3.132140e-01   2.707613e+01   2.610307e-01
  3.159460e-01   2.700206e+01   2.580312e-01
  3.186790e-01   2.685809e+01   2.561131e-01
  3.214110e-01   2.685517e+01   2.516904e-01
  3.241430e-01   2.720873e+01   2.527902e-01
  3.268760e-01   2.694511e+01   2.510287e-01
  3.296080e-01   2.690158e+01   2.481129e-01
  3.323400e-01   2.615674e+01   2.466707e-01
  3.350720e-01   2.651056e+01   2.451083e-01
  3.378050e-01   2.642746e+01   2.458167e-01
  3.405370e-01   2.627461e+01   2.431740e-01
  3.432690e-01   2.593186e+01   2.407490e-01
  3.460020e-01   2.536683e+01   2.400141e-01
  3.487340e-01   2.540440e+01   2.374937e-01
  3.514660e-01   2.561561e+01   2.391742e-01
  3.541990e-01   2.484577e+01   2.352611e-01
  3.569310e-01   2.393198e+01   2.338428e-01
  3.596630e-01   2.468781e+01   2.333257e-01
  3.623960e-01   2.460424e+01   2.309586e-01
  3.651280e-01   2.464826e+01   2.314870e-01
  3.678600e-01   2.408286e+01   2.286148e-01
  3.705920e-01   2.406069e+01   2.277616e-01
  3.733250e-01   2.406540e+01   2.283226e-01
  3.760570e-01   2.416903e+01   2.259884e-01
  3.787890e-01   2.391332e+01   2.246579e-01
  3.815220e-01   2.312786e+01   2.229745e-01
  3.842540e-01   2.301843e+01   2.219246e-01
  3.869860e-01   2.316884e+01   2.206739e-01
  3.897190e-01   2.299681e+01   2.201303e-01
  3.924510e-01   2.295213e+01   2.191808e-01
  3.951830e-01   2.262262e+01   2.172862e-01
  3.979160e-01   2.213369e+01   2.164469e-01
  4.006480e-01   2.235286e+01   2.171005e-01
  4.033800e-01   2.209205e+01   2.152178e-01
  4.061120e-01   2.203027e+01   2.137899e-01
  4.088450e-01   2.187619e+01   2.129734e-01
  4.115770e-01   2.158570e+01   2.104322e-01
  4.143090e-01   2.179280e+01   2.101419e-01
  4.170420e-01   2.194507e+01   2.088870e-01
  4.197740e-01   2.198522e+01   2.084069e-01
  4.225060e-01   2.141805e+01   2.076313e-01
  4.252390e-01   2.123194e+01   2.059355e-01
  4.279710e-01   2.084794e+01   2.048214e-01
  4.307030e-01   2.105265e+01   2.034593e-01
  4.334360e-01   2.106752e+01   2.031671e-01
  4.361680e-01   2.035633e+01   2.018378e-01
  4.389000e-01   2.035672e+01   2.005827e-01
  4.416320e-01   1.992678e+01   2.005859e-01
  4.443650e-01   2.028597e+01   1.994484e-01
  4.470970e-01   2.002240e+01   1.977437e-01
  4.498290e-01   2.007670e+01   1.964246e-01
  4.525620e-01   1.983025e+01   1.957582e-01
  4.552940e-01   1.935665e+01   1.955047e-01
  4.580260e-01   1.948141e+01   1.933680e-01
  4.607590e-01   1.896373e+01   1.931879e-01
  4.634910e-01   1.864901e+01   1.919032e-01
  4.662230e-01   1.881762e+01   1.916656e-01
  4.689560e-01   1.865356e+01   1.897792e-01
  4.716880e-01   1.848081e+01   1.906164e-01
  4.744200e-01   1.882682e+01   1.914452e-01
  4.771520e-01   1.851445e+01   1.875831e-01
  4.798850e-01   1.856482e+01   1.882609e-01
  4.826170e-01   1.847021e+01   1.830599e-01
  4.853490e-01   1.800843e+01   1.432095e-01
  4.880820e-01   1.772612e+01   1.250999e-01
  4.908140e-01   1.770931e+01   1.119177e-01
  4.935460e-01   1.761879e+01   9.616041e-02
  4.962790e-01   1.737829e+01   7.883988e-02
  4.990110e-01   1.727260e+01   7.696303e-02
  5.017430e-01   1.699003e+01   7.603064e-02
  5.044760e-01   1.690561e+01   7.572891e-02
  5.072080e-01   1.672638e+01   7.524355e-02
  5.099400e-01   1.662987e+01   7.480447e-02
  5.126720e-01   1.648120e+01   7.492193e-02
  5.154050e-01   1.647241e+01   7.450048e-02
  5.181370e-01   1.622675e+01   7.387698e-02
  5.208690e-01   1.629012e+01   7.465358e-02
  5.236020e-01   1.627584e+01   7.432473e-02
  5.263340e-01   1.604714e+01   7.354624e-02
  5.290660e-01   1.586307e+01   7.267812e-02
  5.317990e-01   1.582036e+01   7.301393e-02
  5.345310e-01   1.557904e+01   7.265508e-02
  5.372630e-01   1.530807e+01   7.149447e-02
  5.399960e-01   1.539029e+01   7.221743e-02
  5.427280e-01   1.515345e+01   7.055254e-02
  5.454600e-01   1.500569e+01   7.043535e-02
  5.481920e-01   1.490944e+01   7.010718e-02
  5.509250e-01   1.485119e+01   7.024717e-02
  5.536570e-01   1.470471e+01   6.971916e-02
  5.563890e-01   1.445715e+01   6.893148e-02
  5.591220e-01   1.433721e+01   6.914497e-02
  5.618540e-01   1.428565e+01   6.858300e-02
  5.645860e-01   1.411601e+01   6.803323e-02
  5.673190e-01   1.401621e+01   6.822267e-02
  5.700510e-01   1.407591e+01   6.845759e-02
  5.727830e-01   1.386273e+01   6.809038e-02
  5.755160e-01   1.368108e+01   6.701749e-02
  5.782480e-01   1.362186e+01   6.696383e-02
  5.809800e-01   1.356089e+01   6.665845e-02
  5.837130e-01   1.323565e+01   6.557132e-02
  5.864450e-01   1.314116e+01   6.611063e-02
  5.891770e-01   1.318325e+01   6.588459e-02
  5.919090e-01   1.301158e+01   6.566832e-02
  5.946420e-01   1.294469e+01   6.520756e-02
  5.973740e-01   1.270386e+01   6.437269e-02
  6.001060e-01   1.268542e+01   6.472098e-02
  6.028390e-01   1.267055e+01   6.428604e-02
  6.055710e-01   1.251045e+01   6.396693e-02
  6.083030e-01   1.244748e+01   6.397005e-02
  6.110360e-01   1.229868e+01   6.341591e-02
  6.137680e-01   1.201842e+01   6.253367e-02
  6.165000e-01   1.204748e+01   6.285982e-02
  6.192330e-01   1.185363e+01   6.232514e-02
  6.219650e-01   1.171105e+01   6.164070e-02
  6.246970e-01   1.177995e+01   6.219348e-02
  6.274290e-01   1.175163e+01   6.209752e-02
  6.301620e-01   1.161705e+01   6.152170e-02
  6.328940e-01   1.144637e+01   6.093984e-02
  6.356260e-01   1.136779e+01   6.070509e-02
  6.383590e-01   1.124765e+01   6.068330e-02
  6.410910e-01   1.116050e+01   6.071271e-02
  6.438230e-01   1.102004e+01   6.015496e-02
  6.465560e-01   1.100191e+01   5.989835e-02
  6.492880e-01   1.092725e+01   5.961223e-02
  6.520200e-01   1.083870e+01   5.937859e-02
  6.547530e-01   1.078239e+01   5.964072e-02
  6.574850e-01   1.066836e+01   5.927000e-02
  6.602170e-01   1.057289e+01   5.864190e-02
  6.629490e-01   1.048708e+01   5.841610e-02
  6.656820e-01   1.042743e+01   5.836000e-02
  6.684140e-01   1.037983e+01   5.799090e-02
  6.711460e-01   1.028172e+01   5.776003e-02
  6.738790e-01   1.025778e+01   5.807022e-02
  6.766110e-01   1.010473e+01   5.780832e-02
  6.793430e-01   9.967893e+00   5.715982e-02
  6.820760e-01   9.930041e+00   5.690151e-02
  6.848080e-01   9.748784e+00   5.660819e-02
  6.875400e-01   9.656580e+00   5.615992e-02
  6.902730e-01   9.538984e+00   5.598927e-02
  6.930050e-01   9.404861e+00   5.536579e-02
  6.957370e-01   9.498810e+00   5.597456e-02
  6.984690e-01   9.449424e+00   5.608167e-02
  7.012020e-01   9.392677e+00   5.537026e-02
  7.039340e-01   9.242374e+00   5.503829e-02
  7.066660e-01   9.200233e+00   5.469141e-02
  7.093990e-01   9.118771e+00   5.449481e-02
  7.121310e-01   9.012541e+00   5.468739e-02
  7.148630e-01   8.852527e+00   5.355426e-02
  7.175960e-01   8.895615e+00   5.424059e-02
  7.203280e-01   8.846804e+00   5.373821e-02
  7.230600e-01   8.729412e+00   5.358557e-02
  7.257930e-01   8.682279e+00   5.381608e-02
  7.285250e-01   8.737077e+00   5.356524e-02
  7.312570e-01   8.590251e+00   5.304364e-02
  7.339890e-01   8.419196e+00   5.238418e-02
  7.367220e-01   8.353835e+00   5.259102e-02
  7.394540e-01   8.341280e+00   5.234938e-02
  7.421860e-01   8.247068e+00   5.203840e-02
  7.449190e-01   8.193502e+00   5.241535e-02
  7.476510e-01   8.114873e+00   5.174497e-02
  7.503830e-01   8.075505e+00   5.161592e-02
  7.531160e-01   8.067904e+00   5.181390e-02
  7.558480e-01   7.964725e+00   5.159818e-02
  7.585800e-01   7.897803e+00   5.136315e-02
  7.613130e-01   7.905243e+00   5.117794e-02
  7.640450e-01   7.819460e+00   5.096032e-02
  7.667770e-01   7.648312e+00   5.010254e-02
  7.695090e-01   7.605210e+00   5.014747e-02
  7.722420e-01   7.561735e+00   5.002511e-02
  7.749740e-01   7.539866e+00   5.016874e-02
  7.777060e-01   7.471246e+00   5.011938e-02
  7.804390e-01   7.415290e+00   4.976412e-02
  7.831710e-01   7.316797e+00   4.933207e-02
  7.859030e-01   7.306364e+00   4.937382e-02
  7.886360e-01   7.242512e+00   4.941854e-02
  7.913680e-01   7.256431e+00   4.989759e-02
  7.941000e-01   7.093734e+00   4.896195e-02
  7.968330e-01   6.988044e+00   4.841767e-02
  7.995650e-01   6.936321e+00   4.867877e-02
  8.022970e-01   6.914182e+00   4.906881e-02
  8.050290e-01   6.845217e+00   4.899381e-02
  8.077620e-01   6.752892e+00   4.856186e-02
  8.104940e-01   6.789872e+00   4.893914e-02
  8.132260e-01   6.727511e+00   4.894656e-02
  8.159590e-01   6.648172e+00   4.883872e-02
  8.186910e-01   6.600708e+00   4.892384e-02
  8.214230e-01   6.537385e+00   4.865796e-02
  8.241560e-01   6.523809e+00   4.933042e-02
  8.268880e-01   6.523381e+00   4.896970e-02
  8.296200e-01   6.400535e+00   4.893518e-02
  8.323530e-01   6.286919e+00   4.820958e-02
  8.350850e-01   6.218525e+00   4.815835e-02
  8.378170e-01   6.153639e+00   4.817533e-02
  8.405490e-01   6.210647e+00   4.828632e-02
  8.432820e-01   6.181353e+00   4.837588e-02
  8.460140e-01   6.008889e+00   4.769038e-02
  8.487460e-01   5.986836e+00   4.792622e-02
  8.514790e-01   5.973395e+00   4.839782e-02
  8.542110e-01   5.915129e+00   4.799194e-02
  8.569430e-01   5.938791e+00   4.812912e-02
  8.596760e-01   5.823266e+00   4.755379e-02
  8.624080e-01   5.724975e+00   4.763374e-02
  8.651400e-01   5.714974e+00   4.728884e-02
  8.678730e-01   5.706886e+00   4.763753e-02
  8.706050e-01   5.681877e+00   4.791555e-02
  8.733370e-01   5.649999e+00   4.752775e-02
  8.760700e-01   5.601565e+00   4.739666e-02
  8.788020e-01   5.517863e+00   4.719977e-02
  8.815340e-01   5.463557e+00   4.710840e-02
  8.842660e-01   5.450202e+00   4.716107e-02
  8.869990e-01   5.439247e+00   4.724216e-02
  8.897310e-01   5.324405e+00   4.661934e-02
  8.924630e-01   5.262530e+00   4.639307e-02
  8.951960e-01   5.239280e+00   4.672408e-02
  8.979280e-01   5.247088e+00   4.647336e-02
  9.006600e-01   5.237798e+00   4.683266e-02
  9.033930e-01   5.201342e+00   4.668795e-02
  9.061250e-01   5.098523e+00   4.626557e-02
  9.088570e-01   5.171771e+00   4.684841e-02
  9.115900e-01   5.093209e+00   4.676418e-02
  9.143220e-01   5.108726e+00   4.691947e-02
  9.170540e-01   5.070546e+00   4.677648e-02
  9.197860e-01   4.984108e+00   4.626805e-02
  9.225190e-01   4.995881e+00   4.683471e-02
  9.252510e-01   4.920109e+00   4.599405e-02
  9.279830e-01   4.833651e+00   4.598709e-02
  9.307160e-01   4.877096e+00   4.658282e-02
  9.334480e-01   4.785321e+00   4.643269e-02
  9.361800e-01   4.720835e+00   4.613376e-02
  9.389130e-01   4.686890e+00   4.544302e-02
  9.416450e-01   4.688467e+00   4.566577e-02
  9.443770e-01   4.652119e+00   4.595921e-02
  9.471100e-01   4.654136e+00   4.609926e-02
  9.498420e-01   4.545591e+00   4.564102e-02
  9.525740e-01   4.527814e+00   4.521845e-02
  9.553060e-01   4.498519e+00   4.577769e-02
  9.580390e-01   4.506126e+00   4.544005e-02
  9.607710e-01   4.486734e+00   4.570913e-02
  9.635030e-01   4.444101e+00   4.528870e-02
  9.662360e-01   4.436815e+00   4.524860e-02
  9.689680e-01   4.436846e+00   4.549978e-02
  9.717000e-01   4.302990e+00   4.506831e-02
  9.744330e-01   4.291770e+00   4.528753e-02
  9.771650e-01   4.254137e+00   4.514332e-02
  9.798970e-01   4.255672e+00   4.479918e-02
  9.826300e-01   4.239112e+00   4.522854e-02
  9.853620e-01   4.189982e+00   4.434145e-02
  9.880940e-01   4.191896e+00   4.568390e-02
  9.908260e-01   4.185041e+00   4.539119e-02
  9.935590e-01   4.162527e+00   4.484703e-02
  9.962910e-01   4.140175e+00   4.486701e-02
  9.990230e-01   4.093685e+00   4.469725e-02
  1.001760e+00   4.028965e+00   4.462923e-02
  1.004490e+00   4.020796e+00   4.453474e-02
  1.007220e+00   3.974757e+00   4.419217e-02
  1.009950e+00   3.880270e+00   4.407803e-02
  1.012680e+00   3.871902e+00   4.406287e-02
  1.015420e+00   3.877975e+00   4.449494e-02
  1.018150e+00   3.845900e+00   4.403021e-02
  1.020880e+00   3.887904e+00   4.451629e-02
  1.023610e+00   3.795750e+00   4.405283e-02
  1.026350e+00   3.801189e+00   4.417320e-02
  1.029080e+00   3.726594e+00   4.436197e-02
  1.031810e+00   3.663093e+00   4.355859e-02
  1.034540e+00   3.658525e+00   4.378982e-02
  1.037280e+00   3.718332e+00   4.389539e-02
  1.040010e+00   3.669106e+00   4.356483e-02
  1.042740e+00   3.696862e+00   4.381232e-02
  1.045470e+00   3.630889e+00   4.384522e-02
  1.048200e+00   3.590817e+00   4.406540e-02
  1.050940e+00   3.630379e+00   4.448677e-02
  1.053670e+00   3.642871e+00   4.409773e-02
  1.056400e+00   3.586381e+00   4.370132e-02
  1.059130e+00   3.540723e+00   4.383087e-02
  1.061870e+00   3.473895e+00   4.369105e-02
  1.064600e+00   3.457079e+00   4.311546e-02
  1.067330e+00   3.436708e+00   4.327833e-02
  1.070060e+00   3.437460e+00   4.331133e-02
  1.072800e+00   3.309168e+00   4.337999e-02
  1.075530e+00   3.335691e+00   4.314289e-02
  1.078260e+00   3.373533e+00   4.337201e-02
  1.080990e+00   3.391721e+00   4.390358e-02
  1.083720e+00   3.388618e+00   4.344855e-02
  1.086460e+00   3.323936e+00   4.352421e-02
  1.089190e+00   3.292697e+00   4.301398e-02
  1.091920e+00   3.252567e+00   4.290778e-02
  1.094650e+00   3.231845e+00   4.258962e-02
  1.097390e+00   3.219358e+00   4.269402e-02
  1.100120e+00   3.189181e+00   4.263434e-02
  1.102850e+00   3.201569e+00   4.317620e-02
  1.105580e+00   3.228562e+00   4.310188e-02
  1.108320e+00   3.155557e+00   4.341700e-02
  1.111050e+00   3.079356e+00   4.257568e-02
  1.113780e+00   3.101215e+00   4.296689e-02
  1.116510e+00   3.075329e+00   4.292677e-02
  1.119240e+00   3.043233e+00   4.270765e-02
  1.121980e+00   3.017348e+00   4.261609e-02
  1.124710e+00   3.029909e+00   4.278004e-02
  1.127440e+00   3.106507e+00   4.297263e-02
  1.130170e+00   3.048448e+00   4.258733e-02
  1.132910e+00   3.013013e+00   4.304695e-02
  1.135640e+00   3.015178e+00   4.225001e-02
  1.138370e+00   2.958380e+00   4.205231e-02
  1.141100e+00   2.872932e+00   4.204653e-02
  1.143840e+00   2.909220e+00   4.214779e-02
  1.146570e+00   2.861876e+00   4.186354e-02
  1.149300e+00   2.948201e+00   4.238089e-02
  1.152030e+00   2.904285e+00   4.201904e-02
  1.154760e+00   2.835250e+00   4.198608e-02
  1.157500e+00   2.798765e+00   4.201082e-02
  1.160230e+00   2.842814e+00   4.220992e-02
  1.162960e+00   2.782892e+00   4.196781e-02
  1.165690e+00   2.772419e+00   4.167454e-02
  1.168430e+00   2.761633e+00   4.194704e-02
  1.171160e+00   2.820365e+00   4.243209e-02
  1.173890e+00   2.788908e+00   4.182033e-02
  1.176620e+00   2.710060e+00   4.180217e-02
  1.179360e+00   2.744965e+00   4.188524e-02
  1.182090e+00   2.748294e+00   4.219441e-02
  1.184820e+00   2.695764e+00   4.179688e-02
  1.187550e+00   2.669276e+00   4.211872e-02
  1.190280e+00   2.671105e+00   4.179554e-02
  1.193020e+00   2.638909e+00   4.162307e-02
  1.195750e+00   2.670441e+00   4.192791e-02
  1.198480e+00   2.698497e+00   4.192589e-02
  1.201210e+00   2.685261e+00   4.212684e-02
  1.203950e+00   2.594864e+00   4.152434e-02
  1.206680e+00   2.604763e+00   4.111846e-02
  1.209410e+00   2.632906e+00   4.204884e-02
  1.212140e+00   2.615342e+00   4.171523e-02
  1.214880e+00   2.621529e+00   4.173960e-02
  1.217610e+00   2.596542e+00   4.184265e-02
  1.220340e+00   2.557982e+00   4.159406e-02
  1.223070e+00   2.531013e+00   4.168704e-02
  1.225800e+00   2.524716e+00   4.168296e-02
  1.228540e+00   2.499477e+00   6.122621e-02
  1.231270e+00   2.528094e+00   3.337075e-02
  1.236730e+00   2.447282e+00   5.455233e-02
  1.239470e+00   2.482480e+00   4.879410e-02
  1.242200e+00   2.471791e+00   4.819334e-02
  1.244930e+00   2.471582e+00   4.958786e-02
  1.247660e+00   2.428240e+00   4.959125e-02
  1.250400e+00   2.398430e+00   4.976941e-02
  1.253130e+00   2.422762e+00   5.083430e-02
  1.255860e+00   2.335219e+00   5.126684e-02
  1.258590e+00   2.393671e+00   5.154827e-02
  1.261330e+00   2.443833e+00   5.255609e-02
  1.264060e+00   2.434070e+00   4.884648e-02
  1.266790e+00   2.383248e+00   4.658801e-02
  1.269520e+00   2.350518e+00   4.630462e-02
  1.272250e+00   2.269617e+00   4.535777e-02
  1.274990e+00   2.300080e+00   4.481573e-02
  1.277720e+00   2.264337e+00   4.374354e-02
  1.280450e+00   2.262467e+00   4.349546e-02
  1.283180e+00   2.270425e+00   4.334193e-02
  1.285920e+00   2.282122e+00   4.333543e-02
  1.288650e+00   2.162643e+00   4.297233e-02
  1.291380e+00   2.223926e+00   4.306421e-02
  1.294110e+00   2.232634e+00   4.222910e-02
  1.296850e+00   2.232282e+00   4.256694e-02
  1.299580e+00   2.182057e+00   4.155136e-02
  1.302310e+00   2.183829e+00   4.150540e-02
  1.305040e+00   2.185584e+00   4.159811e-02
  1.307770e+00   2.164095e+00   4.124862e-02
  1.310510e+00   2.193158e+00   4.177899e-02
  1.313240e+00   2.186077e+00   4.166885e-02
  1.315970e+00   2.125590e+00   4.117528e-02
  1.318700e+00   2.096585e+00   4.153275e-02
  1.321440e+00   2.123763e+00   4.132677e-02
  1.324170e+00   2.106219e+00   4.133358e-02
  1.326900e+00   2.096883e+00   4.098648e-02
  1.329630e+00   2.046156e+00   4.093940e-02
  1.332370e+00   2.066082e+00   4.104757e-02
  1.335100e+00   2.073355e+00   4.083275e-02
  1.337830e+00   2.109992e+00   4.135976e-02
  1.340560e+00   2.093311e+00   4.101495e-02
  1.343290e+00   1.990477e+00   4.042008e-02
  1.346030e+00   2.020018e+00   4.060831e-02
  1.348760e+00   2.068705e+00   4.124696e-02
  1.351490e+00   2.041521e+00   4.105676e-02
  1.354220e+00   2.024380e+00   4.099951e-02
  1.356960e+00   1.966748e+00   4.084416e-02
  1.359690e+00   1.951716e+00   4.091410e-02
  1.362420e+00   1.977545e+00   4.108446e-02
  1.365150e+00   2.031269e+00   4.087285e-02
  1.367890e+00   1.982164e+00   4.091278e-02
  1.370620e+00   1.940994e+00   4.063246e-02
  1.373350e+00   1.950559e+00   4.048836e-02
  1.376080e+00   1.887026e+00   4.064597e-02
  1.378810e+00   1.921839e+00   4.017003e-02
  1.381550e+00   1.857413e+00   4.012736e-02
  1.384280e+00   1.856512e+00   4.040222e-02
  1.387010e+00   1.921559e+00   4.052850e-02
  1.389740e+00   1.940698e+00   4.071828e-02
  1.392480e+00   1.889991e+00   4.063690e-02
  1.395210e+00   1.858545e+00   4.056180e-02
  1.397940e+00   1.881736e+00   4.046935e-02
  1.400670e+00   1.827304e+00   3.998605e-02
  1.403410e+00   1.799792e+00   4.045128e-02
  1.406140e+00   1.838991e+00   4.009994e-02
  1.408870e+00   1.808293e+00   4.029672e-02
  1.411600e+00   1.805045e+00   4.037133e-02
  1.414330e+00   1.806448e+00   3.979267e-02
  1.417070e+00   1.826050e+00   3.961295e-02
  1.419800e+00   1.812729e+00   4.008790e-02
  1.422530e+00   1.754016e+00   3.965876e-02
  1.425260e+00   1.704461e+00   3.953290e-02
  1.428000e+00   1.668927e+00   3.958488e-02
  1.430730e+00   1.719914e+00   3.991928e-02
  1.433460e+00   1.757112e+00   3.991266e-02
  1.436190e+00   1.689474e+00   4.008587e-02
  1.438930e+00   1.755330e+00   4.021710e-02
  1.441660e+00   1.757315e+00   3.998328e-02
  1.444390e+00   1.725906e+00   3.967033e-02
  1.447120e+00   1.713802e+00   4.004604e-02
  1.449850e+00   1.693998e+00   3.950337e-02
  1.452590e+00   1.714285e+00   3.990654e-02
  1.455320e+00   1.748667e+00   3.978579e-02
  1.458050e+00   1.735692e+00   3.957977e-02
  1.460780e+00   1.669952e+00   3.950862e-02
  1.463520e+00   1.692794e+00   3.972464e-02
  1.466250e+00   1.657170e+00   3.939806e-02
  1.468980e+00   1.714023e+00   4.033107e-02
  1.471710e+00   1.748794e+00   3.987810e-02
  1.474450e+00   1.640904e+00   3.916830e-02
  1.477180e+00   1.567455e+00   3.898589e-02
  1.479910e+00   1.547321e+00   3.885446e-02
  1.482640e+00   1.607783e+00   3.877161e-02
  1.485370e+00   1.617794e+00   3.850589e-02
  1.488110e+00   1.651758e+00   3.864480e-02
  1.490840e+00   1.629214e+00   3.857025e-02
  1.493570e+00   1.636186e+00   3.891055e-02
  1.496300e+00   1.682989e+00   3.899071e-02
  1.499040e+00   1.629455e+00   3.919439e-02
  1.501770e+00   1.490575e+00   3.821671e-02
  1.504500e+00   1.514897e+00   3.882510e-02
  1.507230e+00   1.573939e+00   3.883959e-02
  1.509970e+00   1.540095e+00   3.835337e-02
  1.512700e+00   1.579730e+00   3.835831e-02
  1.515430e+00   1.568690e+00   3.865446e-02
  1.518160e+00   1.516540e+00   3.799789e-02
  1.520890e+00   1.556849e+00   3.836123e-02
  1.523630e+00   1.562277e+00   3.861803e-02
  1.526360e+00   1.546455e+00   3.874263e-02
  1.529090e+00   1.546477e+00   3.865452e-02
  1.531820e+00   1.511159e+00   3.825610e-02
  1.534560e+00   1.481891e+00   3.827539e-02
  1.537290e+00   1.507336e+00   3.880641e-02
  1.540020e+00   1.523895e+00   3.870553e-02
  1.542750e+00   1.513486e+00   3.818952e-02
  1.545490e+00   1.468925e+00   3.832888e-02
  1.548220e+00   1.467131e+00   3.835433e-02
  1.550950e+00   1.459679e+00   3.837999e-02
  1.553680e+00   1.460431e+00   3.834523e-02
  1.556410e+00   1.494365e+00   3.811556e-02
  1.559150e+00   1.479034e+00   3.852664e-02
  1.561880e+00   1.437905e+00   3.828745e-02
  1.564610e+00   1.435456e+00   3.825046e-02
  1.567340e+00   1.422369e+00   3.793323e-02
  1.570080e+00   1.440293e+00   3.857923e-02
  1.572810e+00   1.390165e+00   3.871127e-02
  1.575540e+00   1.370777e+00   3.818382e-02
  1.578270e+00   1.387096e+00   3.761915e-02
  1.581010e+00   1.366309e+00   3.792256e-02
  1.583740e+00   1.355641e+00   3.794145e-02
  1.586470e+00   1.364429e+00   3.812354e-02
  1.589200e+00   1.353256e+00   3.827297e-02
  1.591930e+00   1.325081e+00   3.806086e-02
  1.594670e+00   1.309731e+00   3.851066e-02
  1.597400e+00   1.315817e+00   3.815653e-02
  1.600130e+00   1.341381e+00   3.784816e-02
  1.602860e+00   1.303445e+00   3.783977e-02
  1.605600e+00   1.325050e+00   3.860839e-02
  1.608330e+00   1.356321e+00   3.819403e-02
  1.611060e+00   1.367499e+00   3.801378e-02
  1.613790e+00   1.340656e+00   3.778695e-02
  1.616530e+00   1.306745e+00   3.809830e-02
  1.619260e+00   1.276250e+00   3.810221e-02
  1.621990e+00   1.292409e+00   3.795399e-02
  1.624720e+00   1.279865e+00   3.805294e-02
  1.627450e+00   1.307418e+00   3.784969e-02
  1.630190e+00   1.266936e+00   3.798302e-02
  1.632920e+00   1.322639e+00   3.837981e-02
  1.635650e+00   1.234206e+00   3.797411e-02
  1.638380e+00   1.234014e+00   3.774677e-02
  1.641120e+00   1.240448e+00   3.804702e-02
  1.643850e+00   1.280891e+00   3.772423e-02
  1.646580e+00   1.256003e+00   3.772809e-02
  1.649310e+00   1.187944e+00   3.774005e-02
  1.652050e+00   1.204716e+00   3.774806e-02
  1.654780e+00   1.211132e+00   3.761378e-02
  1.657510e+00   1.195194e+00   3.816854e-02
  1.660240e+00   1.219031e+00   3.795290e-02
  1.662970e+00   1.228871e+00   3.798848e-02
  1.665710e+00   1.250498e+00   3.792114e-02
  1.668440e+00   1.203780e+00   3.740499e-02
  1.671170e+00   1.167135e+00   3.752414e-02
  1.673900e+00   1.157651e+00   3.766811e-02
  1.676640e+00   1.202307e+00   3.781113e-02
  1.679370e+00   1.236579e+00   3.810506e-02
  1.682100e+00   1.200881e+00   3.776209e-02
  1.684830e+00   1.201933e+00   3.734845e-02
  1.687570e+00   1.179274e+00   3.732904e-02
  1.690300e+00   1.172087e+00   3.770138e-02
  1.693030e+00   1.184481e+00   3.762165e-02
  1.695760e+00   1.147382e+00   3.810497e-02
  1.698490e+00   1.170228e+00   3.822638e-02
  1.701230e+00   1.172789e+00   3.775625e-02
  1.703960e+00   1.159506e+00   3.776857e-02
  1.706690e+00   1.151016e+00   3.781607e-02
  1.709420e+00   1.124048e+00   3.770510e-02
  1.712160e+00   1.149346e+00   3.752293e-02
  1.714890e+00   1.128773e+00   3.757112e-02
  1.717620e+00   1.125576e+00   3.767521e-02
  1.720350e+00   1.060855e+00   3.716964e-02
  1.723090e+00   1.103847e+00   3.770861e-02
  1.725820e+00   1.120090e+00   3.779695e-02
  1.728550e+00   1.109794e+00   3.723620e-02
  1.731280e+00   1.143101e+00   3.762585e-02
  1.734010e+00   1.096204e+00   3.773339e-02
  1.736750e+00   1.099953e+00   3.729272e-02
  1.739480e+00   1.086996e+00   3.740718e-02
  1.742210e+00   1.080807e+00   3.739974e-02
  1.744940e+00   1.082111e+00   3.763500e-02
  1.747680e+00   1.093780e+00   3.758589e-02
  1.750410e+00   1.116045e+00   3.736483e-02
  1.753140e+00   1.085343e+00   3.706695e-02
  1.755870e+00   1.063677e+00   3.680718e-02
  1.758610e+00   1.018485e+00   3.738829e-02
  1.761340e+00   1.080687e+00   3.786092e-02
  1.764070e+00   1.101924e+00   3.745101e-02
  1.766800e+00   1.141292e+00   3.755043e-02
  1.769530e+00   1.132267e+00   3.745580e-02
  1.772270e+00   1.098958e+00   3.799056e-02
  1.775000e+00   1.062534e+00   3.781414e-02
  1.777730e+00   1.054266e+00   3.782381e-02
  1.780460e+00   1.047614e+00   3.761026e-02
  1.783200e+00   9.938060e-01   3.710378e-02
  1.785930e+00   1.026693e+00   3.711473e-02
  1.788660e+00   9.802300e-01   3.762040e-02
  1.791390e+00   9.977559e-01   3.710528e-02
  1.794130e+00   1.013314e+00   3.740423e-02
  1.796860e+00   1.019376e+00   3.773429e-02
  1.799590e+00   1.034358e+00   3.776761e-02
  1.802320e+00   9.613566e-01   3.738405e-02
  1.805050e+00   1.033769e+00   3.769161e-02
  1.807790e+00   9.999381e-01   3.768711e-02
  1.810520e+00   1.013147e+00   3.735489e-02
  1.813250e+00   9.983032e-01   3.734439e-02
  1.815980e+00   9.581856e-01   3.697593e-02
  1.818720e+00   9.684971e-01   3.725754e-02
  1.821450e+00   8.960306e-01   3.730304e-02
  1.824180e+00   1.004747e+00   3.755853e-02
  1.826910e+00   9.800992e-01   3.738893e-02
  1.829650e+00   9.600368e-01   3.770944e-02
  1.832380e+00   9.787606e-01   3.755385e-02
  1.835110e+00   9.338085e-01   3.773420e-02
  1.837840e+00   9.178962e-01   3.743234e-02
  1.840570e+00   9.803653e-01   3.762617e-02
  1.843310e+00   1.002401e+00   3.780024e-02
  1.846040e+00   9.798357e-01   3.785940e-02
  1.848770e+00   9.234640e-01   3.755664e-02
  1.851500e+00   9.106133e-01   3.721850e-02
  1.854240e+00   9.025285e-01   3.732788e-02
  1.856970e+00   8.827984e-01   3.790019e-02
  1.859700e+00   8.705062e-01   3.734053e-02
  1.862430e+00   9.215274e-01   3.723049e-02
  1.865170e+00   9.474086e-01   3.774966e-02
  1.867900e+00   9.446237e-01   3.761331e-02
  1.870630e+00   8.744606e-01   3.738193e-02
  1.873360e+00   8.919696e-01   3.655412e-02
  1.876090e+00   9.058553e-01   3.706951e-02
  1.878830e+00   8.518454e-01   3.725003e-02
  1.881560e+00   8.532501e-01   3.712624e-02
  1.884290e+00   8.572438e-01   3.688872e-02
  1.887020e+00   8.535258e-01   3.677988e-02
  1.889760e+00   8.890916e-01   3.675032e-02
  1.892490e+00   8.682498e-01   3.677598e-02
  1.895220e+00   7.984950e-01   3.701440e-02
  1.897950e+00   8.513445e-01   3.692582e-02
  1.900690e+00   8.982459e-01   3.749076e-02
  1.903420e+00   8.779435e-01   3.670979e-02
  1.906150e+00   8.826243e-01   3.688426e-02
  1.908880e+00   8.936837e-01   3.719420e-02
  1.911610e+00   8.485236e-01   3.708294e-02
  1.914350e+00   8.586311e-01   3.732415e-02
  1.917080e+00   8.744251e-01   3.707718e-02
  1.919810e+00   8.382211e-01   3.712166e-02
  1.922540e+00   8.521911e-01   3.687624e-02
  1.925280e+00   8.989845e-01   3.703958e-02
  1.928010e+00   8.426900e-01   3.657120e-02
  1.930740e+00   8.264487e-01   3.698259e-02
  1.933470e+00   8.574720e-01   3.836025e-02
  1.936210e+00   8.166215e-01   3.752838e-02
  1.938940e+00   8.012211e-01   3.684976e-02
  1.941670e+00   7.961296e-01   3.695126e-02
  1.944400e+00   8.519490e-01   3.719491e-02
  1.947130e+00   8.533194e-01   3.723385e-02
  1.949870e+00   8.376890e-01   3.728126e-02
  1.952600e+00   7.823730e-01   3.671570e-02
  1.955330e+00   7.993600e-01   3.672335e-02
  1.958060e+00   8.168721e-01   3.714507e-02
  1.960800e+00   8.112299e-01   3.672321e-02
  1.963530e+00   8.149519e-01   3.683761e-02
  1.966260e+00   8.665049e-01   3.704176e-02
  1.968990e+00   7.931702e-01   3.652596e-02
  1.971730e+00   7.647460e-01   3.709003e-02
  1.974460e+00   7.750642e-01   3.687982e-02
  1.977190e+00   7.637672e-01   3.720099e-02
  1.979920e+00   7.244475e-01   3.688307e-02
  1.982650e+00   7.557779e-01   3.730537e-02
  1.985390e+00   7.534015e-01   3.753398e-02
  1.988120e+00   7.698498e-01   3.717234e-02
  1.990850e+00   7.878016e-01   3.761700e-02
  1.993580e+00   7.264123e-01   3.746688e-02
  1.996320e+00   7.528457e-01   3.720492e-02
  1.999050e+00   7.110805e-01   3.698964e-02
  2.001780e+00   7.537876e-01   3.701133e-02
  2.004510e+00   7.541917e-01   3.692892e-02
  2.007250e+00   7.699924e-01   3.717418e-02
  2.009980e+00   7.719964e-01   3.722835e-02
  2.012710e+00   7.210096e-01   3.729065e-02
  2.015440e+00   7.639709e-01   3.746695e-02
  2.018170e+00   8.075233e-01   3.703610e-02
  2.020910e+00   7.720506e-01   3.684679e-02
  2.023640e+00   7.824319e-01   3.755281e-02
  2.026370e+00   7.856884e-01   3.785652e-02
  2.029100e+00   8.066755e-01   3.770940e-02
  2.031840e+00   7.444674e-01   3.732880e-02
  2.034570e+00   7.173873e-01   3.761992e-02
  2.037300e+00   6.676166e-01   3.726638e-02
  2.040030e+00   6.316190e-01   3.713054e-02
  2.042770e+00   7.138816e-01   3.696466e-02
  2.045500e+00   7.272687e-01   3.690049e-02
  2.048230e+00   7.578905e-01   3.735639e-02
  2.050960e+00   7.317661e-01   3.789944e-02
  2.053690e+00   7.135377e-01   3.740913e-02
  2.056430e+00   6.939810e-01   3.706677e-02
  2.059160e+00   7.084898e-01   3.699176e-02
  2.061890e+00   6.717709e-01   3.731206e-02
  2.064620e+00   7.267168e-01   3.765608e-02
  2.067360e+00   7.302005e-01   3.735907e-02
  2.070090e+00   6.796346e-01   3.699111e-02
  2.072820e+00   7.025919e-01   3.697283e-02
  2.075550e+00   7.328859e-01   3.726445e-02
  2.078290e+00   7.060392e-01   3.765869e-02
  2.081020e+00   7.141599e-01   3.779305e-02
  2.083750e+00   7.089027e-01   3.778608e-02
  2.086480e+00   7.080112e-01   3.759963e-02
  2.089210e+00   6.922603e-01   3.717712e-02
  2.091950e+00   7.096521e-01   3.718961e-02
  2.094680e+00   6.695466e-01   3.708901e-02
  2.097410e+00   6.893877e-01   3.740962e-02
  2.100140e+00   6.901450e-01   3.731847e-02
  2.102880e+00   6.787867e-01   3.722345e-02
  2.105610e+00   6.388960e-01   3.737042e-02
  2.108340e+00   6.580235e-01   3.686822e-02
  2.111070e+00   7.027245e-01   3.692098e-02
  2.113810e+00   7.181788e-01   3.725188e-02
  2.116540e+00   7.258674e-01   3.731240e-02
  2.119270e+00   6.991668e-01   3.727857e-02
  2.122000e+00   7.325823e-01   3.710472e-02
  2.124730e+00   6.790265e-01   3.721695e-02
  2.127470e+00   6.639040e-01   3.741475e-02
  2.130200e+00   6.531128e-01   3.774264e-02
  2.132930e+00   7.114069e-01   3.714056e-02
  2.135660e+00   6.677374e-01   3.648816e-02
  2.138400e+00   6.473840e-01   3.711274e-02
  2.141130e+00   6.438335e-01   3.724597e-02
  2.143860e+00   6.619426e-01   3.716561e-02
  2.146590e+00   6.245095e-01   3.693589e-02
  2.149330e+00   5.932643e-01   3.731884e-02
  2.152060e+00   6.982890e-01   3.742239e-02
  2.154790e+00   6.277656e-01   3.751001e-02
  2.157520e+00   6.480117e-01   3.730714e-02
  2.160250e+00   6.516730e-01   3.734074e-02
  2.162990e+00   7.006197e-01   3.733414e-02
  2.165720e+00   6.341945e-01   3.719165e-02
  2.168450e+00   5.980859e-01   3.723170e-02
  2.171180e+00   6.077754e-01   3.747416e-02
  2.173920e+00   5.642215e-01   3.715598e-02
  2.176650e+00   5.760135e-01   3.707532e-02
  2.179380e+00   5.987617e-01   3.716660e-02
  2.182110e+00   6.276394e-01   3.726403e-02
  2.184850e+00   5.997422e-01   3.710994e-02
  2.187580e+00   5.933124e-01   3.708108e-02
  2.190310e+00   6.121573e-01   3.684954e-02
  2.193040e+00   6.358789e-01   3.683487e-02
  2.195770e+00   5.768102e-01   3.707186e-02
  2.198510e+00   5.840815e-01   3.691132e-02
  2.201240e+00   5.999023e-01   3.723280e-02
  2.203970e+00   5.929017e-01   3.733945e-02
  2.206700e+00   5.830228e-01   3.697217e-02
  2.209440e+00   5.277125e-01   3.705276e-02
  2.212170e+00   5.728371e-01   3.698315e-02
  2.214900e+00   6.254617e-01   3.720342e-02
  2.217630e+00   6.105095e-01   3.688826e-02
  2.220370e+00   6.427208e-01   3.726092e-02
  2.223100e+00   5.773692e-01   3.699230e-02
  2.225830e+00   6.284788e-01   3.692042e-02
  2.228560e+00   5.807754e-01   3.748608e-02
  2.231290e+00   6.490785e-01   3.764390e-02
  2.234030e+00   6.402789e-01   3.742535e-02
  2.236760e+00   5.752317e-01   3.715024e-02
  2.239490e+00   5.792735e-01   3.667774e-02
  2.242220e+00   6.148321e-01   3.655053e-02
  2.244960e+00   6.307023e-01   3.714039e-02
  2.247690e+00   6.032672e-01   3.698030e-02
  2.250420e+00   6.038666e-01   3.766504e-02
  2.253150e+00   5.628872e-01   3.750852e-02
  2.255890e+00   6.168653e-01   3.747406e-02
  2.258620e+00   6.081785e-01   3.722676e-02
  2.261350e+00   5.597039e-01   3.672985e-02
  2.264080e+00   5.737580e-01   3.732862e-02
  2.266810e+00   5.977796e-01   3.680772e-02
  2.269550e+00   6.150560e-01   3.687530e-02
  2.272280e+00   5.909199e-01   3.681134e-02
  2.275010e+00   5.874261e-01   3.714609e-02
  2.277740e+00   5.932092e-01   3.709876e-02
  2.280480e+00   5.955025e-01   3.763428e-02
  2.283210e+00   5.979162e-01   3.750311e-02
  2.285940e+00   5.625395e-01   3.750406e-02
  2.288670e+00   5.762585e-01   3.703719e-02
  2.291410e+00   5.765387e-01   3.742444e-02
  2.294140e+00   5.597491e-01   3.720892e-02
  2.296870e+00   6.066200e-01   3.716598e-02
  2.299600e+00   5.840417e-01   3.717060e-02
  2.302330e+00   5.957768e-01   3.722580e-02
  2.305070e+00   5.872429e-01   3.761525e-02
  2.307800e+00   5.895914e-01   3.721577e-02
  2.310530e+00   5.743454e-01   3.710827e-02
  2.313260e+00   5.583399e-01   3.667881e-02
  2.316000e+00   5.482950e-01   3.732177e-02
  2.318730e+00   6.028413e-01   3.720943e-02
  2.321460e+00   6.303337e-01   3.641714e-02
  2.324190e+00   6.207414e-01   3.685717e-02
  2.326930e+00   5.625645e-01   3.703362e-02
  2.329660e+00   6.129060e-01   3.714109e-02
  2.332390e+00   5.747333e-01   3.730791e-02
  2.335120e+00   5.814252e-01   3.722613e-02
  2.337850e+00   5.256372e-01   3.735189e-02
  2.340590e+00   5.796424e-01   3.700304e-02
  2.343320e+00   6.027343e-01   3.687205e-02
  2.346050e+00   5.350911e-01   3.706411e-02
  2.348780e+00   5.305982e-01   3.739438e-02
  2.351520e+00   5.955989e-01   3.734304e-02
  2.354250e+00   5.642269e-01   3.666813e-02
  2.356980e+00   5.443573e-01   3.684564e-02
  2.359710e+00   4.979458e-01   3.645812e-02
  2.362450e+00   5.397107e-01   3.654410e-02
  2.365180e+00   5.086777e-01   3.697187e-02
  2.367910e+00   5.062295e-01   3.740154e-02
  2.370640e+00   5.713100e-01   3.744016e-02
  2.373370e+00   5.405829e-01   3.693075e-02
  2.376110e+00   5.372052e-01   3.715213e-02
  2.378840e+00   5.213578e-01   3.696788e-02
  2.381570e+00   5.100461e-01   3.715180e-02
  2.384300e+00   5.425826e-01   3.724650e-02
  2.387040e+00   5.574624e-01   3.726793e-02
  2.389770e+00   5.052859e-01   3.755834e-02
  2.392500e+00   5.020747e-01   3.722086e-02
  2.395230e+00   4.879083e-01   3.742810e-02
  2.397970e+00   5.316182e-01   3.695740e-02
  2.400700e+00   5.503368e-01   3.685587e-02
  2.403430e+00   5.327486e-01   3.722531e-02
  2.406160e+00   5.694281e-01   3.740615e-02
  2.408890e+00   5.307611e-01   3.679093e-02
  2.411630e+00   5.202893e-01   3.718929e-02
  2.414360e+00   5.696813e-01   3.726854e-02
  2.417090e+00   5.202667e-01   3.721369e-02
  2.419820e+00   5.128927e-01   3.688641e-02
  2.422560e+00   5.809063e-01   3.690259e-02
  2.425290e+00   5.166244e-01   3.712625e-02
  2.428020e+00   5.682198e-01   3.670233e-02
  2.430750e+00   5.323111e-01   3.698081e-02
  2.433490e+00   5.279805e-01   3.735296e-02
  2.436220e+00   4.984574e-01   3.730193e-02
  2.438950e+00   5.399574e-01   3.671472e-02
  2.441680e+00   5.441998e-01   3.708513e-02
  2.444410e+00   4.780141e-01   3.700968e-02
  2.447150e+00   5.440481e-01   3.700573e-02
  2.449880e+00   5.237545e-01   3.757212e-02
  2.452610e+00   3.626896e-01   3.862520e-02
  2.455340e+00   4.551775e-01   3.727135e-02
  2.458080e+00   5.242374e-01   3.751498e-02
  2.460810e+00   5.420096e-01   3.722873e-02
  2.463540e+00   4.866193e-01   3.695080e-02
  2.466270e+00   5.156214e-01   3.713366e-02
  2.469010e+00   5.590823e-01   3.753174e-02
  2.471740e+00   5.607294e-01   3.885318e-02
  2.474470e+00   5.797854e-01   3.853168e-02
  2.477200e+00   5.360134e-01   3.795407e-02
  2.479930e+00   5.144116e-01   3.818383e-02
  2.482670e+00   5.016316e-01   3.795396e-02
  2.485400e+00   4.639615e-01   3.829323e-02
  2.488130e+00   4.862824e-01   3.873417e-02
  2.490860e+00   4.725340e-01   3.833396e-02
  2.493600e+00   4.719186e-01   3.868061e-02
  2.496330e+00   4.748220e-01   3.882256e-02
  2.499060e+00   5.373704e-01   3.881627e-02
  2.501790e+00   5.458787e-01   3.845557e-02
  2.504530e+00   5.497607e-01   3.848494e-02
  2.507260e+00   4.784922e-01   3.873292e-02
  2.509990e+00   4.951278e-01   3.849524e-02
  2.512720e+00   5.664200e-01   3.855032e-02
  2.515450e+00   5.515488e-01   3.819569e-02
  2.518190e+00   5.224460e-01   3.811770e-02
  2.520920e+00   5.132511e-01   3.845940e-02
  2.523650e+00   5.508531e-01   3.880543e-02
  2.526380e+00   5.656731e-01   3.796240e-02
  2.529120e+00   5.246513e-01   3.856365e-02
  2.531850e+00   5.697293e-01   3.857888e-02
  2.534580e+00   5.052240e-01   3.819161e-02
  2.537310e+00   4.988111e-01   3.825905e-02
  2.540050e+00   5.222397e-01   3.862242e-02
  2.542780e+00   5.507977e-01   3.877746e-02
  2.545510e+00   5.124391e-01   3.846989e-02
  2.548240e+00   5.174998e-01   3.848384e-02
  2.550970e+00   4.582416e-01   3.851002e-02
  2.553710e+00   4.762823e-01   3.884882e-02
  2.556440e+00   5.257972e-01   3.823153e-02
  2.559170e+00   5.273109e-01   3.831985e-02
  2.561900e+00   5.085525e-01   3.835025e-02
  2.564640e+00   5.092379e-01   3.847996e-02
  2.567370e+00   4.861431e-01   3.831049e-02
  2.570100e+00   4.827024e-01   3.808192e-02
  2.572830e+00   4.798343e-01   3.821235e-02
  2.575570e+00   4.870063e-01   3.844262e-02
  2.578300e+00   4.470779e-01   3.904607e-02
  2.581030e+00   4.904964e-01   4.337003e-02
  2.583760e+00   5.388230e-01   4.558010e-02
  2.586490e+00   5.287216e-01   4.634465e-02
  2.589230e+00   5.500794e-01   4.729648e-02
  2.591960e+00   5.096759e-01   4.922349e-02
  2.594690e+00   4.935819e-01   5.110211e-02
  2.597420e+00   5.363456e-01   5.331775e-02
  2.600160e+00   5.450350e-01   5.493650e-02
  2.602890e+00   4.493202e-01   5.618891e-02
  2.605620e+00   4.908371e-01   5.675154e-02
  2.608350e+00   4.760638e-01   5.810093e-02
  2.611090e+00   5.545008e-01   5.843994e-02
  2.613820e+00   5.678380e-01   4.978664e-02
  2.616550e+00   5.379461e-01   4.686982e-02
  2.619280e+00   4.587938e-01   4.485754e-02
  2.622010e+00   4.704646e-01   4.407150e-02
  2.624750e+00   5.134704e-01   4.379022e-02
  2.627480e+00   5.086689e-01   4.300450e-02
  2.630210e+00   4.961063e-01   4.280708e-02
  2.632940e+00   5.337554e-01   4.244602e-02
  2.635680e+00   4.953323e-01   4.177430e-02
  2.638410e+00   5.163701e-01   4.210761e-02
  2.641140e+00   5.420900e-01   4.235393e-02
  2.643870e+00   5.314668e-01   4.164752e-02
  2.646610e+00   5.262704e-01   4.138953e-02
  2.649340e+00   5.129357e-01   4.189407e-02
  2.652070e+00   5.505584e-01   4.141959e-02
  2.654800e+00   5.069784e-01   4.130156e-02
  2.657530e+00   4.508169e-01   4.125279e-02
  2.660270e+00   4.899057e-01   4.141140e-02
  2.663000e+00   4.815399e-01   4.170218e-02
  2.665730e+00   5.481263e-01   4.229071e-02
  2.668460e+00   5.074996e-01   4.182776e-02
  2.671200e+00   5.497813e-01   4.064221e-02
  2.673930e+00   5.298839e-01   4.105903e-02
  2.676660e+00   4.843539e-01   4.143044e-02
  2.679390e+00   4.614944e-01   4.140842e-02
  2.682130e+00   4.482353e-01   4.102798e-02
  2.684860e+00   4.600305e-01   4.102656e-02
  2.687590e+00   5.489285e-01   4.102704e-02
  2.690320e+00   4.626434e-01   4.086696e-02
  2.693050e+00   4.482748e-01   4.051757e-02
  2.695790e+00   4.251726e-01   4.084373e-02
  2.698520e+00   4.476822e-01   4.115838e-02
  2.701250e+00   4.904193e-01   4.088260e-02
  2.703980e+00   5.386439e-01   3.989715e-02
  2.706720e+00   5.098687e-01   3.988371e-02
  2.709450e+00   5.016948e-01   3.982576e-02
  2.712180e+00   5.299781e-01   3.961808e-02
  2.714910e+00   4.968490e-01   3.916598e-02
  2.717650e+00   4.934046e-01   3.975029e-02
  2.720380e+00   5.056954e-01   3.955399e-02
  2.723110e+00   4.589143e-01   3.944694e-02
  2.725840e+00   4.332968e-01   3.970860e-02
  2.728570e+00   3.888276e-01   3.919491e-02
  2.731310e+00   4.884318e-01   3.898236e-02
  2.734040e+00   4.952083e-01   3.880411e-02
  2.736770e+00   4.614701e-01   3.902099e-02
  2.739500e+00   4.895021e-01   3.868794e-02
  2.742240e+00   4.746382e-01   3.852008e-02
  2.744970e+00   4.589662e-01   3.931400e-02
  2.747700e+00   4.364037e-01   3.963384e-02
  2.750430e+00   4.652244e-01   3.964589e-02
  2.753170e+00   4.554660e-01   3.911882e-02
  2.755900e+00   4.704356e-01   3.960876e-02
  2.758630e+00   5.145515e-01   3.976657e-02
  2.761360e+00   4.941512e-01   3.947262e-02
  2.764090e+00   4.643634e-01   3.910955e-02
  2.766830e+00   4.299038e-01   3.950991e-02
  2.769560e+00   5.121473e-01   3.935642e-02
  2.772290e+00   4.968151e-01   3.903000e-02
  2.775020e+00   5.128168e-01   3.894070e-02
  2.777760e+00   4.694875e-01   3.861424e-02
  2.780490e+00   4.656491e-01   3.900115e-02
  2.783220e+00   4.697324e-01   3.872964e-02
  2.785950e+00   5.076710e-01   3.882947e-02
  2.788690e+00   4.615813e-01   6.319674e-02
  2.791420e+00   4.700884e-01   2.993594e-02
  2.794150e+00   4.670748e-01   2.904300e-02
  2.796880e+00   4.695613e-01   2.902819e-02
  2.799610e+00   5.077410e-01   2.852195e-02
  2.802350e+00   4.669480e-01   2.884760e-02
  2.805080e+00   4.536602e-01   2.888562e-02
  2.807810e+00   4.919582e-01   2.868559e-02
  2.810540e+00   4.637881e-01   2.871869e-02
  2.813280e+00   4.506554e-01   2.878037e-02
  2.816010e+00   4.768519e-01   2.926838e-02
  2.818740e+00   4.637597e-01   2.915509e-02
  2.821470e+00   4.363489e-01   2.916569e-02
  2.824210e+00   4.459863e-01   2.930789e-02
  2.826940e+00   4.603890e-01   2.948995e-02
  2.829670e+00   4.862516e-01   2.891313e-02
  2.832400e+00   4.934650e-01   2.876271e-02
  2.835130e+00   4.447795e-01   2.897469e-02
  2.837870e+00   4.224366e-01   2.885530e-02
  2.840600e+00   4.698432e-01   2.912901e-02
  2.843330e+00   4.608753e-01   2.907116e-02
  2.846060e+00   4.342942e-01   2.894878e-02
  2.848800e+00   4.481599e-01   2.862655e-02
  2.851530e+00   4.711847e-01   2.874129e-02
  2.854260e+00   4.260326e-01   2.921097e-02
  2.856990e+00   4.456785e-01   2.870721e-02
  2.859730e+00   4.763382e-01   2.898043e-02
  2.862460e+00   5.149521e-01   2.875187e-02
  2.865190e+00   5.193095e-01   2.868979e-02
  2.867920e+00   4.734260e-01   2.907798e-02
  2.870650e+00   4.502827e-01   2.861044e-02
  2.873390e+00   4.935363e-01   2.872018e-02
  2.876120e+00   4.383949e-01   2.918429e-02
  2.878850e+00   4.821981e-01   2.930690e-02
  2.881580e+00   4.685634e-01   2.923892e-02
  2.884320e+00   4.884001e-01   2.896664e-02
  2.887050e+00   4.443630e-01   2.873000e-02
  2.889780e+00   4.859275e-01   2.910788e-02
  2.892510e+00   4.704283e-01   2.915768e-02
  2.895250e+00   4.772179e-01   2.917487e-02
  2.897980e+00   4.162916e-01   2.878061e-02
  2.900710e+00   4.574744e-01   2.861114e-02
  2.903440e+00   4.580778e-01   2.918192e-02
  2.906170e+00   4.835848e-01   2.914382e-02
  2.908910e+00   4.687134e-01   2.933699e-02
  2.911640e+00   4.292150e-01   2.942740e-02
  2.914370e+00   4.909511e-01   2.903505e-02
  2.917100e+00   4.781615e-01   2.898912e-02
  2.919840e+00   5.219122e-01   2.940342e-02
  2.922570e+00   4.248534e-01   2.918644e-02
  2.925300e+00   4.134015e-01   2.879351e-02
  2.928030e+00   4.450420e-01   2.875740e-02
  2.930770e+00   4.219104e-01   2.937985e-02
  2.933500e+00   4.308664e-01   2.941201e-02
  2.936230e+00   4.758851e-01   2.911697e-02
  2.938960e+00   4.394357e-01   2.931078e-02
  2.941690e+00   4.495614e-01   2.916795e-02
  2.944430e+00   4.690453e-01   2.912123e-02
  2.947160e+00   4.757171e-01   2.929219e-02
  2.949890e+00   4.959064e-01   2.912564e-02
  2.952620e+00   4.783279e-01   2.892630e-02
  2.955360e+00   5.093585e-01   2.874761e-02
  2.958090e+00   4.755106e-01   2.903414e-02
  2.960820e+00   4.579258e-01   2.928110e-02
  2.963550e+00   4.873603e-01   2.918620e-02
  2.966290e+00   4.457080e-01   2.919047e-02
  2.969020e+00   4.113452e-01   2.932986e-02
  2.971750e+00   4.423357e-01   2.952270e-02
  2.974480e+00   4.985010e-01   2.913005e-02
  2.977210e+00   4.054159e-01   2.917718e-02
  2.979950e+00   3.932623e-01   2.933829e-02
  2.982680e+00   4.587228e-01   2.937466e-02
  2.985410e+00   4.609394e-01   2.916564e-02
  2.988140e+00   4.220955e-01   2.946454e-02
  2.990880e+00   4.275690e-01   2.920709e-02
  2.993610e+00   4.320318e-01   2.938758e-02
  2.996340e+00   4.328311e-01   2.931387e-02
  2.999070e+00   4.658551e-01   2.918528e-02
  3.001810e+00   4.516315e-01   2.945597e-02
  3.004540e+00   4.689895e-01   2.906341e-02
  3.007270e+00   4.728043e-01   2.935464e-02
  3.010000e+00   4.613310e-01   2.955808e-02
  3.012730e+00   4.687350e-01   2.955055e-02
  3.015470e+00   4.373257e-01   2.945747e-02
  3.018200e+00   3.828946e-01   2.933155e-02
  3.020930e+00   4.227404e-01   2.981029e-02
  3.023660e+00   4.632405e-01   2.978862e-02
  3.026400e+00   3.934762e-01   2.937216e-02
  3.029130e+00   4.158269e-01   2.940782e-02
  3.031860e+00   4.548971e-01   2.968042e-02
  3.034590e+00   4.391108e-01   2.946555e-02
  3.037330e+00   4.391171e-01   2.948017e-02
  3.040060e+00   4.487438e-01   2.921223e-02
  3.042790e+00   4.592754e-01   2.942104e-02
  3.045520e+00   4.369449e-01   2.925519e-02
  3.048250e+00   4.084856e-01   2.928910e-02
  3.050990e+00   4.188494e-01   2.940030e-02
  3.053720e+00   4.023982e-01   2.960199e-02
  3.056450e+00   4.732005e-01   2.930227e-02
  3.059180e+00   4.614703e-01   2.915530e-02
  3.061920e+00   4.036043e-01   2.921955e-02
  3.064650e+00   4.413113e-01   2.941811e-02
  3.067380e+00   4.407526e-01   2.945417e-02
  3.070110e+00   4.082600e-01   2.920730e-02
  3.072850e+00   4.409633e-01   2.970195e-02
  3.075580e+00   4.852408e-01   2.914688e-02
  3.078310e+00   4.838983e-01   2.904441e-02
  3.081040e+00   4.847372e-01   2.987701e-02
  3.083770e+00   4.273984e-01   2.965542e-02
  3.086510e+00   4.409746e-01   2.975383e-02
  3.089240e+00   4.686668e-01   2.959865e-02
  3.091970e+00   4.464155e-01   2.948763e-02
  3.094700e+00   4.772471e-01   2.941352e-02
  3.097440e+00   4.849945e-01   2.955040e-02
  3.100170e+00   4.806879e-01   2.964382e-02
  3.102900e+00   4.942205e-01   2.949999e-02
  3.105630e+00   4.697192e-01   2.929795e-02
  3.108370e+00   4.910285e-01   2.911811e-02
  3.111100e+00   4.625944e-01   2.919618e-02
  3.113830e+00   4.768369e-01   2.891001e-02
  3.116560e+00   4.344217e-01   2.975936e-02
  3.119290e+00   4.534004e-01   3.006238e-02
  3.122030e+00   4.336827e-01   2.963498e-02
  3.124760e+00   4.103768e-01   2.951155e-02
  3.127490e+00   4.436803e-01   2.916877e-02
  3.130220e+00   4.726427e-01   2.971696e-02
  3.132960e+00   4.603557e-01   3.002209e-02
  3.135690e+00   4.523329e-01   2.978779e-02
  3.138420e+00   4.587544e-01   2.967960e-02
  3.141150e+00   4.725399e-01   2.918214e-02
  3.143890e+00   4.944834e-01   2.899117e-02
  3.146620e+00   4.084226e-01   2.986847e-02
  3.149350e+00   4.605413e-01   2.935829e-02
  3.152080e+00   4.585588e-01   2.961598e-02
  3.154810e+00   4.491129e-01   2.970155e-02
  3.157550e+00   4.395790e-01   2.988043e-02
  3.160280e+00   4.531448e-01   2.975724e-02
  3.163010e+00   4.427779e-01   3.019792e-02
  3.165740e+00   4.361388e-01   2.962915e-02
  3.168480e+00   4.353080e-01   2.948383e-02
  3.171210e+00   3.960545e-01   2.980197e-02
  3.173940e+00   4.313378e-01   2.977465e-02
  3.176670e+00   4.406633e-01   2.958425e-02
  3.179410e+00   4.885560e-01   2.971461e-02
  3.182140e+00   4.570224e-01   2.995856e-02
  3.184870e+00   4.529721e-01   2.958152e-02
  3.187600e+00   4.888603e-01   2.949428e-02
  3.190330e+00   4.639954e-01   2.958677e-02
  3.193070e+00   4.720795e-01   2.947592e-02
  3.195800e+00   4.445659e-01   2.936888e-02
  3.198530e+00   4.530267e-01   2.980595e-02
  3.201260e+00   4.600811e-01   2.986999e-02
  3.204000e+00   4.530725e-01   2.983635e-02
  3.206730e+00   4.629316e-01   3.005533e-02
  3.209460e+00   4.367848e-01   2.981915e-02
  3.212190e+00   4.744504e-01   2.954388e-02
  3.214930e+00   4.726057e-01   2.928039e-02
  3.217660e+00   4.285685e-01   2.968710e-02
  3.220390e+00   4.189760e-01   2.987244e-02
  3.223120e+00   4.551085e-01   2.953633e-02
  3.225850e+00   4.338545e-01   2.945093e-02
  3.228590e+00   4.527833e-01   2.980510e-02
  3.231320e+00   4.565805e-01   2.984574e-02
  3.234050e+00   4.337035e-01   2.946601e-02
  3.236780e+00   4.009890e-01   2.964103e-02
  3.239520e+00   4.307540e-01   3.003673e-02
  3.242250e+00   4.822780e-01   2.967017e-02
  3.244980e+00   4.685494e-01   2.957628e-02
  3.247710e+00   5.131650e-01   2.980836e-02
  3.250450e+00   4.760956e-01   3.017784e-02
  3.253180e+00   4.711766e-01   3.012788e-02
  3.255910e+00   4.604309e-01   2.983993e-02
  3.258640e+00   4.609564e-01   3.014480e-02
  3.261370e+00   5.123944e-01   2.940092e-02
  3.264110e+00   4.340691e-01   2.944871e-02
  3.266840e+00   4.878523e-01   2.925278e-02
  3.269570e+00   4.860934e-01   2.951066e-02
  3.272300e+00   4.687756e-01   2.955570e-02
  3.275040e+00   4.804075e-01   3.000277e-02
  3.277770e+00   4.928421e-01   3.000114e-02
  3.280500e+00   4.346817e-01   3.073315e-02
  3.283230e+00   3.970628e-01   3.008526e-02
  3.285970e+00   3.889414e-01   2.993282e-02
  3.288700e+00   4.683039e-01   3.005066e-02
  3.291430e+00   4.156983e-01   3.004027e-02
  3.294160e+00   4.428986e-01   3.012654e-02
  3.296890e+00   4.380712e-01   2.963294e-02
  3.299630e+00   3.950878e-01   2.945355e-02
  3.302360e+00   3.736750e-01   2.986475e-02
  3.305090e+00   4.119099e-01   2.994870e-02
  3.307820e+00   4.643181e-01   2.962692e-02
  3.310560e+00   4.286692e-01   2.976602e-02
  3.313290e+00   4.326709e-01   3.009361e-02
  3.316020e+00   4.454446e-01   3.007555e-02
  3.318750e+00   4.661969e-01   2.975531e-02
  3.321490e+00   4.563996e-01   2.987789e-02
  3.324220e+00   3.946689e-01   2.987023e-02
  3.326950e+00   4.432169e-01   3.002206e-02
  3.329680e+00   3.971951e-01   2.988419e-02
  3.332410e+00   4.664752e-01   2.981183e-02
  3.335150e+00   4.575340e-01   2.987530e-02
  3.337880e+00   4.291480e-01   3.065450e-02
  3.340610e+00   4.550883e-01   6.013027e-02
  3.343340e+00   5.082837e-01   4.454493e-02
  3.346080e+00   4.238640e-01   4.527239e-02
  3.348810e+00   4.673939e-01   4.473809e-02
  3.351540e+00   4.691780e-01   4.404234e-02
  3.354270e+00   4.535148e-01   4.470920e-02
  3.357010e+00   4.034491e-01   4.487067e-02
  3.359740e+00   3.877046e-01   4.512539e-02
  3.362470e+00   4.644882e-01   4.498485e-02
  3.365200e+00   4.266705e-01   4.503123e-02
  3.367930e+00   4.081583e-01   4.538123e-02
  3.370670e+00   4.579267e-01   4.534292e-02
  3.373400e+00   4.613378e-01   4.501708e-02
  3.376130e+00   3.823248e-01   4.533643e-02
  3.378860e+00   3.522074e-01   4.589992e-02
  3.381600e+00   4.191225e-01   4.490970e-02
  3.384330e+00   4.505910e-01   4.429989e-02
  3.387060e+00   4.268589e-01   4.574725e-02
  3.389790e+00   4.322615e-01   4.486367e-02
  3.392530e+00   4.367015e-01   4.512659e-02
  3.395260e+00   4.422362e-01   4.501512e-02
  3.397990e+00   4.327433e-01   4.532091e-02
  3.400720e+00   4.259486e-01   4.429299e-02
  3.403450e+00   4.895401e-01   4.385600e-02
  3.406190e+00   5.448341e-01   4.472853e-02
  3.408920e+00   4.739914e-01   4.484593e-02
  3.411650e+00   4.299298e-01   4.538836e-02
  3.414380e+00   3.902592e-01   4.512940e-02
  3.417120e+00   4.471348e-01   4.482110e-02
  3.419850e+00   4.569280e-01   4.504744e-02
  3.422580e+00   4.433855e-01   4.495021e-02
  3.425310e+00   3.636014e-01   4.529573e-02
  3.428050e+00   4.350574e-01   4.542015e-02
  3.430780e+00   4.657578e-01   4.551816e-02
  3.433510e+00   4.956486e-01   4.447140e-02
  3.436240e+00   4.818780e-01   4.508698e-02
  3.438970e+00   4.191993e-01   4.528616e-02
  3.441710e+00   4.595171e-01   4.563111e-02
  3.444440e+00   4.552977e-01   4.516316e-02
  3.447170e+00   4.645710e-01   4.522742e-02
  3.449900e+00   4.464969e-01   4.469467e-02
  3.452640e+00   4.722217e-01   4.591009e-02
  3.455370e+00   4.526779e-01   4.507590e-02
  3.458100e+00   4.372785e-01   4.490383e-02
  3.460830e+00   4.606528e-01   4.497256e-02
  3.463570e+00   4.847379e-01   4.519721e-02
  3.466300e+00   5.164036e-01   4.578686e-02
  3.469030e+00   4.365874e-01   4.548778e-02
  3.471760e+00   4.246232e-01   4.598495e-02
  3.474490e+00   4.455593e-01   4.514247e-02
  3.477230e+00   4.348970e-01   4.523543e-02
  3.479960e+00   4.828776e-01   4.523828e-02
  3.482690e+00   4.261260e-01   4.539184e-02
  3.485420e+00   3.775055e-01   4.555257e-02
  3.488160e+00   4.327459e-01   4.524422e-02
  3.490890e+00   4.607788e-01   4.492141e-02
  3.493620e+00   3.804121e-01   4.570012e-02
  3.496350e+00   3.865313e-01   4.535654e-02
  3.499090e+00   4.133772e-01   4.564242e-02
  3.501820e+00   4.024122e-01   4.532611e-02
  3.504550e+00   4.754755e-01   4.520753e-02
  3.507280e+00   4.484610e-01   4.505657e-02
  3.510010e+00   3.786240e-01   4.649663e-02
  3.512750e+00   3.960134e-01   4.715898e-02
  3.515480e+00   3.834249e-01   4.612582e-02
  3.518210e+00   4.257027e-01   4.632980e-02
  3.520940e+00   4.490915e-01   4.528966e-02
  3.523680e+00   4.542233e-01   4.510011e-02
  3.526410e+00   4.902185e-01   4.575523e-02
  3.529140e+00   4.732896e-01   4.626446e-02
  3.531870e+00   3.790243e-01   4.578014e-02
  3.534610e+00   4.142546e-01   4.582461e-02
  3.537340e+00   4.491029e-01   4.542612e-02
  3.540070e+00   4.104650e-01   4.541507e-02
  3.542800e+00   4.563387e-01   4.512014e-02
  3.545530e+00   4.453450e-01   4.540841e-02
  3.548270e+00   3.987736e-01   4.602336e-02
  3.551000e+00   4.220730e-01   4.587218e-02
  3.553730e+00   4.561167e-01   4.625953e-02
  3.556460e+00   4.525926e-01   4.608292e-02
  3.559200e+00   4.442674e-01   4.546169e-02
  3.561930e+00   4.280593e-01   4.559926e-02
  3.564660e+00   4.381604e-01   4.476574e-02
  3.567390e+00   4.267531e-01   4.509830e-02
  3.570130e+00   4.123680e-01   4.573653e-02
  3.572860e+00   4.308516e-01   4.592072e-02
  3.575590e+00   3.889239e-01   4.638917e-02
  3.578320e+00   3.859807e-01   4.572391e-02
  3.581050e+00   3.892074e-01   4.659740e-02
  3.583790e+00   4.226186e-01   4.586357e-02
  3.586520e+00   4.584795e-01   4.610043e-02
  3.589250e+00   4.516548e-01   4.586663e-02
  3.591980e+00   3.697120e-01   4.585753e-02
  3.594720e+00   4.221661e-01   4.533613e-02
  3.597450e+00   3.840257e-01   4.627569e-02
  3.600180e+00   3.725905e-01   4.605275e-02
  3.602910e+00   4.214911e-01   4.586532e-02
  3.605650e+00   4.519504e-01   4.635859e-02
  3.608380e+00   4.380293e-01   4.654994e-02
  3.611110e+00   3.851159e-01   4.568314e-02
  3.613840e+00   3.995122e-01   4.636496e-02
  3.616570e+00   4.314279e-01   4.623867e-02
  3.619310e+00   3.916937e-01   4.632679e-02
  3.622040e+00   3.865150e-01   4.643676e-02
  3.624770e+00   4.771725e-01   4.653557e-02
  3.627500e+00   4.482616e-01   4.664452e-02
  3.630240e+00   4.595737e-01   4.590956e-02
  3.632970e+00   4.126739e-01   4.612985e-02
  3.635700e+00   3.877934e-01   4.677583e-02
  3.638430e+00   3.895997e-01   4.594710e-02
  3.641170e+00   4.384059e-01   4.637060e-02
  3.643900e+00   3.817902e-01   4.615606e-02
  3.646630e+00   3.908470e-01   4.670823e-02
  3.649360e+00   4.471341e-01   4.658504e-02
  3.652090e+00   4.186958e-01   4.601683e-02
  3.654830e+00   4.237241e-01   4.682485e-02
  3.657560e+00   4.428196e-01   4.667257e-02
  3.660290e+00   4.372183e-01   4.682801e-02
  3.663020e+00   4.451901e-01   4.584601e-02
  3.665760e+00   4.259706e-01   4.640238e-02
  3.668490e+00   4.531165e-01   4.596492e-02
  3.671220e+00   4.872375e-01   4.605258e-02
  3.673950e+00   4.781780e-01   4.611976e-02
  3.676690e+00   4.860674e-01   4.680803e-02
  3.679420e+00   4.240836e-01   4.655797e-02
  3.682150e+00   4.436856e-01   4.684970e-02
  3.684880e+00   4.379195e-01   4.603468e-02
  3.687610e+00   4.206415e-01   4.626436e-02
  3.690350e+00   4.506060e-01   4.602967e-02
  3.693080e+00   4.466975e-01   4.599515e-02
  3.695810e+00   4.475275e-01   4.642816e-02
  3.698540e+00   4.404139e-01   4.653485e-02
  3.701280e+00   4.495548e-01   4.712429e-02
  3.704010e+00   4.818537e-01   4.736910e-02
  3.706740e+00   4.937148e-01   4.687281e-02
  3.709470e+00   4.732818e-01   4.647425e-02
  3.712210e+00   4.734105e-01   4.638313e-02
  3.714940e+00   5.182638e-01   4.696902e-02
  3.717670e+00   5.029685e-01   4.567215e-02
  3.720400e+00   4.823009e-01   4.629777e-02
  3.723130e+00   4.291756e-01   4.658608e-02
  3.725870e+00   4.409464e-01   4.677177e-02
  3.728600e+00   4.310861e-01   4.686464e-02
  3.731330e+00   4.446137e-01   4.642976e-02
  3.734060e+00   4.689764e-01   4.565299e-02
  3.736800e+00   4.509990e-01   4.626715e-02
  3.739530e+00   4.416058e-01   4.581386e-02
  3.742260e+00   4.584944e-01   4.657005e-02
  3.744990e+00   4.192294e-01   4.694999e-02
  3.747730e+00   4.013895e-01   4.743138e-02
  3.750460e+00   4.454488e-01   4.699160e-02
  3.753190e+00   4.490766e-01   4.682248e-02
  3.755920e+00   4.211905e-01   4.683303e-02
  3.758650e+00   4.343097e-01   4.670451e-02
  3.761390e+00   4.564606e-01   4.679067e-02
  3.764120e+00   4.337856e-01   4.741074e-02
  3.766850e+00   4.344644e-01   4.736241e-02
  3.769580e+00   4.460088e-01   4.602594e-02
  3.772320e+00   4.587144e-01   4.640912e-02
  3.775050e+00   4.547476e-01   4.661801e-02
  3.777780e+00   4.205957e-01   4.644093e-02
  3.780510e+00   4.298831e-01   4.667949e-02
  3.783250e+00   3.552986e-01   4.723938e-02
  3.785980e+00   4.198069e-01   4.745729e-02
  3.788710e+00   4.638782e-01   4.668530e-02
  3.791440e+00   4.680989e-01   4.639539e-02
  3.794170e+00   4.600944e-01   4.587815e-02
  3.796910e+00   5.174232e-01   4.626701e-02
  3.799640e+00   4.514757e-01   4.695004e-02
  3.802370e+00   4.426512e-01   4.612874e-02
  3.805100e+00   3.933233e-01   4.657342e-02
  3.807840e+00   4.071339e-01   4.626994e-02
  3.810570e+00   3.989337e-01   4.736868e-02
  3.813300e+00   4.448436e-01   4.755736e-02
  3.816030e+00   4.760573e-01   4.738837e-02
  3.818770e+00   3.783878e-01   4.792158e-02
  3.821500e+00   4.743411e-01   4.721552e-02
  3.824230e+00   5.103290e-01   4.715293e-02
  3.826960e+00   4.645439e-01   4.744278e-02
  3.829690e+00   4.181991e-01   4.758743e-02
  3.832430e+00   4.558287e-01   4.761102e-02
  3.835160e+00   4.819930e-01   4.688751e-02
  3.837890e+00   4.539440e-01   4.723270e-02
  3.840620e+00   4.932123e-01   4.721076e-02
  3.843360e+00   4.699134e-01   4.734409e-02
  3.846090e+00   4.906884e-01   4.723007e-02
  3.848820e+00   4.427911e-01   4.745197e-02
  3.851550e+00   4.564993e-01   4.632333e-02
  3.854290e+00   4.717990e-01   4.698089e-02
  3.857020e+00   4.423048e-01   4.685926e-02
  3.859750e+00   4.343561e-01   4.766962e-02
  3.862480e+00   4.287661e-01   4.765622e-02
  3.865210e+00   4.193111e-01   4.779882e-02
  3.867950e+00   4.339183e-01   4.747952e-02
  3.870680e+00   4.432121e-01   4.774735e-02
  3.873410e+00   4.176678e-01   4.729569e-02
  3.876140e+00   4.512301e-01   4.784766e-02
  3.878880e+00   4.248578e-01   4.727571e-02
  3.881610e+00   3.984891e-01   4.714358e-02
  3.884340e+00   4.241267e-01   4.783441e-02
  3.887070e+00   4.457549e-01   4.760565e-02
  3.889810e+00   4.359210e-01   4.698701e-02
  3.892540e+00   4.340704e-01   4.762604e-02
  3.895270e+00   4.340360e-01   4.795344e-02
  3.898000e+00   4.260911e-01   4.821085e-02
  3.900730e+00   4.010068e-01   4.761088e-02
  3.903470e+00   4.340227e-01   4.789631e-02
  3.906200e+00   4.474518e-01   4.809356e-02
  3.908930e+00   4.487264e-01   4.756781e-02
  3.911660e+00   4.562095e-01   4.746268e-02
  3.914400e+00   4.629034e-01   4.794941e-02
  3.917130e+00   3.952433e-01   4.822922e-02
  3.919860e+00   4.035800e-01   4.881517e-02
  3.922590e+00   4.402074e-01   4.837745e-02
  3.925330e+00   4.934191e-01   4.787801e-02
  3.928060e+00   4.684080e-01   4.694860e-02
  3.930790e+00   4.642115e-01   4.789289e-02
  3.933520e+00   4.318083e-01   5.338716e-02
  3.936250e+00   4.969760e-01   5.723004e-02
  3.938990e+00   4.939329e-01   6.052077e-02
  3.941720e+00   4.747191e-01   6.408991e-02
  3.944450e+00   4.575982e-01   6.671263e-02
  3.947180e+00   3.885673e-01   6.893400e-02
  3.949920e+00   4.445477e-01   7.279081e-02
  3.952650e+00   3.760439e-01   7.533223e-02
  3.955380e+00   3.595020e-01   7.858286e-02
  3.958110e+00   4.606498e-01   7.591348e-02
  3.960850e+00   5.086668e-01   6.379378e-02
  3.963580e+00   4.778334e-01   5.876447e-02
  3.966310e+00   5.005395e-01   5.561296e-02
  3.969040e+00   4.277724e-01   5.605122e-02
  3.971770e+00   3.797255e-01   5.524818e-02
  3.974510e+00   4.288520e-01   5.496726e-02
  3.977240e+00   4.826216e-01   5.337495e-02
  3.979970e+00   4.399668e-01   5.471926e-02
  3.982700e+00   4.401969e-01   5.406372e-02
  3.985440e+00   4.448148e-01   5.395385e-02
  3.988170e+00   4.349539e-01   5.318919e-02
  3.990900e+00   4.868669e-01   5.246333e-02
  3.993630e+00   4.834238e-01   5.127112e-02
  3.996370e+00   5.133815e-01   5.213356e-02
  3.999100e+00   4.239853e-01   5.231941e-02
  4.001830e+00   4.450659e-01   5.282376e-02
  4.004560e+00   4.649283e-01   5.204934e-02
  4.007300e+00   4.610279e-01   5.205897e-02
  4.010030e+00   4.323390e-01   5.195843e-02
  4.012760e+00   4.635713e-01   5.071085e-02
  4.015490e+00   3.964958e-01   5.101701e-02
  4.018220e+00   4.548612e-01   4.977392e-02
  4.020960e+00   4.095185e-01   5.022916e-02
  4.023690e+00   4.513550e-01   5.003774e-02
  4.026420e+00   4.725985e-01   4.990428e-02
  4.029150e+00   4.388954e-01   4.968080e-02
  4.031890e+00   4.429997e-01   5.031452e-02
  4.034620e+00   4.705625e-01   4.815867e-02
  4.037350e+00   4.781210e-01   4.814896e-02
  4.040080e+00   5.074039e-01   4.843611e-02
  4.042820e+00   4.929701e-01   4.884490e-02
  4.045550e+00   4.828520e-01   4.877322e-02
  4.048280e+00   4.562465e-01   4.872011e-02
  4.051010e+00   4.570120e-01   4.943983e-02
  4.053740e+00   4.706065e-01   4.839761e-02
  4.056480e+00   4.482079e-01   4.850224e-02
  4.059210e+00   3.566008e-01   4.831221e-02
  4.061940e+00   4.257756e-01   4.916319e-02
  4.064670e+00   4.667523e-01   4.869345e-02
  4.067410e+00   4.568285e-01   4.893952e-02
  4.070140e+00   4.239112e-01   4.900692e-02
  4.072870e+00   4.622674e-01   4.907217e-02
  4.075600e+00   4.643656e-01   4.843326e-02
  4.078340e+00   4.981437e-01   4.907285e-02
  4.081070e+00   4.807279e-01   4.981527e-02
  4.083800e+00   4.263702e-01   4.970196e-02
  4.086530e+00   5.082593e-01   4.915569e-02
  4.089260e+00   4.563866e-01   4.874494e-02
  4.092000e+00   4.542382e-01   4.917271e-02
  4.094730e+00   4.537370e-01   4.884161e-02
  4.097460e+00   4.267689e-01   4.935714e-02
  4.100190e+00   3.701440e-01   4.946684e-02
  4.102930e+00   4.487651e-01   4.932353e-02
  4.105660e+00   4.256147e-01   4.879556e-02
  4.108390e+00   4.412276e-01   4.892891e-02
  4.111120e+00   5.161739e-01   4.795967e-02
  4.113860e+00   4.913482e-01   4.773743e-02
  4.116590e+00   4.413122e-01   4.859009e-02
  4.119320e+00   4.423742e-01   4.832686e-02
  4.122050e+00   4.724949e-01   4.815136e-02
  4.124780e+00   4.461528e-01   4.838242e-02
  4.127520e+00   4.170796e-01   4.901652e-02
  4.130250e+00   4.190326e-01   4.859435e-02
  4.132980e+00   4.084302e-01   4.877640e-02
  4.135710e+00   4.593593e-01   4.804529e-02
  4.138450e+00   4.611880e-01   4.843253e-02
  4.141180e+00   4.254707e-01   4.930162e-02
  4.143910e+00   4.419887e-01   4.921259e-02
  4.146640e+00   4.834443e-01   4.967240e-02
  4.149380e+00   4.879632e-01   4.860901e-02
  4.152110e+00   4.483258e-01   4.909034e-02
  4.154840e+00   4.570817e-01   4.858706e-02
  4.157570e+00   4.167464e-01   4.897123e-02
  4.160300e+00   4.042296e-01   4.948926e-02
  4.163040e+00   4.184185e-01   4.960043e-02
  4.165770e+00   4.082846e-01   4.916316e-02
  4.168500e+00   4.250191e-01   4.896524e-02
  4.171230e+00   4.043347e-01   4.985259e-02
  4.173970e+00   4.285310e-01   4.963223e-02
  4.176700e+00   4.467743e-01   4.926166e-02
  4.179430e+00   3.700417e-01   4.970813e-02
  4.182160e+00   4.155202e-01   4.878927e-02
  4.184900e+00   4.214386e-01   4.819421e-02
  4.187630e+00   4.410997e-01   4.821122e-02
  4.190360e+00   4.272070e-01   4.866411e-02
  4.193090e+00   4.400248e-01   4.919844e-02
  4.195820e+00   4.314758e-01   4.960616e-02
  4.198560e+00   4.757402e-01   4.899199e-02
  4.201290e+00   5.215530e-01   4.914719e-02
  4.204020e+00   4.722772e-01   4.894721e-02
  4.206750e+00   4.249365e-01   4.887807e-02
  4.209490e+00   4.974362e-01   4.828696e-02
  4.212220e+00   3.956056e-01   4.866134e-02
  4.214950e+00   4.493518e-01   4.854424e-02
  4.217680e+00   4.754671e-01   4.832275e-02
  4.220420e+00   4.563698e-01   4.900007e-02
  4.223150e+00   4.191260e-01   4.914117e-02
  4.225880e+00   4.192242e-01   4.937087e-02
  4.228610e+00   4.970419e-01   4.934489e-02
  4.231340e+00   4.864574e-01   4.968900e-02
  4.234080e+00   4.756612e-01   4.894441e-02
  4.236810e+00   4.223310e-01   4.864633e-02
  4.239540e+00   4.765696e-01   4.846551e-02
  4.242270e+00   4.662267e-01   4.903102e-02
  4.245010e+00   4.675326e-01   4.974926e-02
  4.247740e+00   4.554081e-01   4.796219e-02
  4.250470e+00   4.535118e-01   4.853130e-02
  4.253200e+00   4.279876e-01   4.936867e-02
  4.255940e+00   4.144601e-01   4.801560e-02
  4.258670e+00   4.546786e-01   4.917547e-02
  4.261400e+00   4.763806e-01   4.869209e-02
  4.264130e+00   4.345946e-01   4.891560e-02
  4.266860e+00   4.909365e-01   4.866873e-02
  4.269600e+00   4.316961e-01   4.927954e-02
  4.272330e+00   4.752899e-01   4.780186e-02
  4.275060e+00   4.032312e-01   4.876969e-02
  4.277790e+00   4.373780e-01   4.882942e-02
  4.280530e+00   4.309825e-01   4.971450e-02
  4.283260e+00   3.909704e-01   5.038999e-02
  4.285990e+00   4.247672e-01   4.993009e-02
  4.288720e+00   4.433890e-01   4.927481e-02
  4.291460e+00   5.171224e-01   4.860221e-02
  4.294190e+00   5.119478e-01   4.823164e-02
  4.296920e+00   4.620293e-01   4.910053e-02
  4.299650e+00   4.654758e-01   4.954683e-02
  4.302380e+00   4.590726e-01   4.938824e-02
  4.305120e+00   4.683682e-01   4.939253e-02
  4.307850e+00   4.496533e-01   4.886873e-02
  4.310580e+00   4.530282e-01   4.938808e-02
  4.313310e+00   4.552752e-01   4.920053e-02
  4.316050e+00   3.859555e-01   5.002345e-02
  4.318780e+00   4.506634e-01   4.937043e-02
  4.321510e+00   4.329823e-01   4.957565e-02
  4.324240e+00   4.424132e-01   4.924958e-02
  4.326980e+00   4.776339e-01   4.904835e-02
  4.329710e+00   4.292117e-01   4.870202e-02
  4.332440e+00   4.881233e-01   4.902784e-02
  4.335170e+00   4.539880e-01   4.913775e-02
  4.337900e+00   4.571508e-01   4.947148e-02
  4.340640e+00   4.496761e-01   5.022867e-02
  4.343370e+00   4.256476e-01   4.984402e-02
  4.346100e+00   4.580370e-01   4.995218e-02
  4.348830e+00   4.734699e-01   4.892981e-02
  4.351570e+00   4.333574e-01   4.918313e-02
  4.354300e+00   4.582581e-01   4.945577e-02
  4.357030e+00   4.657826e-01   4.861407e-02
  4.359760e+00   4.355572e-01   4.922128e-02
  4.362500e+00   4.087456e-01   4.968375e-02
  4.365230e+00   5.321367e-01   4.844959e-02
  4.367960e+00   4.691917e-01   5.065183e-02
  4.370690e+00   4.409573e-01   5.006283e-02
  4.373420e+00   3.984690e-01   4.989726e-02
  4.376160e+00   3.278060e-01   5.146567e-02
  4.378890e+00   4.696825e-01   4.939910e-02
  4.381620e+00   4.823581e-01   4.874806e-02
  4.384350e+00   3.984266e-01   4.951631e-02
  4.387090e+00   4.575804e-01   4.919124e-02
  4.389820e+00   5.203365e-01   4.841807e-02
  4.392550e+00   4.207132e-01   4.887244e-02
  4.395280e+00   4.632475e-01   4.891918e-02
  4.398020e+00   4.181774e-01   4.974991e-02
  4.400750e+00   3.738580e-01   5.021138e-02
  4.403480e+00   4.075035e-01   4.958053e-02
  4.406210e+00   4.622172e-01   4.950039e-02
  4.408940e+00   4.804886e-01   4.954262e-02
  4.411680e+00   4.828990e-01   4.925033e-02
  4.414410e+00   4.080010e-01   4.980842e-02
  4.417140e+00   4.008227e-01   5.090284e-02
  4.419870e+00   4.205134e-01   4.997354e-02
  4.422610e+00   3.853728e-01   4.897872e-02
  4.425340e+00   4.376755e-01   4.944181e-02
  4.428070e+00   3.966863e-01   4.926530e-02
  4.430800e+00   4.677333e-01   4.850036e-02
  4.433540e+00   4.148699e-01   4.970766e-02
  4.436270e+00   4.308588e-01   4.935916e-02
  4.439000e+00   4.810706e-01   4.939856e-02
  4.441730e+00   4.554569e-01   5.018554e-02
  4.444460e+00   4.080978e-01   5.039301e-02
  4.447200e+00   3.634004e-01   5.083012e-02
  4.449930e+00   3.980888e-01   4.976665e-02
  4.452660e+00   4.408304e-01   4.965684e-02
  4.455390e+00   4.262553e-01   4.925642e-02
  4.458130e+00   4.419305e-01   4.925548e-02
  4.460860e+00   4.432175e-01   4.915958e-02
  4.463590e+00   4.636173e-01   4.889477e-02
  4.466320e+00   4.247746e-01   4.979220e-02
  4.469060e+00   4.568974e-01   4.982243e-02
  4.471790e+00   3.571284e-01   5.088581e-02
  4.474520e+00   4.498602e-01   5.029512e-02
  4.477250e+00   4.570544e-01   4.923225e-02
  4.479980e+00   4.760526e-01   4.928948e-02
  4.482720e+00   4.315808e-01   4.942511e-02
  4.485450e+00   4.130407e-01   4.884752e-02
  4.488180e+00   4.712699e-01   4.967239e-02
  4.490910e+00   4.077967e-01   4.976575e-02
  4.493650e+00   4.277294e-01   5.034660e-02
  4.496380e+00   4.388168e-01   4.993976e-02
  4.499110e+00   4.297570e-01   5.033379e-02
  4.501840e+00   3.852260e-01   5.068748e-02
  4.504580e+00   4.380988e-01   4.980100e-02
  4.507310e+00   5.020253e-01   4.871670e-02
  4.510040e+00   5.401317e-01   4.969314e-02
  4.512770e+00   4.506367e-01   5.025851e-02
  4.515500e+00   4.086499e-01   5.025676e-02
  4.518240e+00   3.430685e-01   5.055436e-02
  4.520970e+00   4.473367e-01   4.992098e-02
  4.523700e+00   4.686488e-01   4.910785e-02
  4.526430e+00   4.588308e-01   4.970665e-02
  4.529170e+00   4.445087e-01   4.978771e-02
  4.531900e+00   4.059375e-01   4.997917e-02
  4.534630e+00   3.981726e-01   5.099285e-02
  4.537360e+00   4.392976e-01   4.968777e-02
  4.540100e+00   4.690628e-01   4.945766e-02
  4.542830e+00   4.573742e-01   5.056962e-02
  4.545560e+00   4.626915e-01   5.037002e-02
  4.548290e+00   4.534105e-01   4.943177e-02
  4.551020e+00   4.623511e-01   4.932061e-02
  4.553760e+00   4.953921e-01   4.970554e-02
  4.556490e+00   4.257175e-01   4.999316e-02
  4.559220e+00   4.140672e-01   5.075291e-02
  4.561950e+00   4.353353e-01   5.012508e-02
  4.564690e+00   3.861986e-01   5.084440e-02
  4.567420e+00   4.475904e-01   4.997630e-02
  4.570150e+00   4.379945e-01   5.038925e-02
  4.572880e+00   4.719480e-01   4.938161e-02
  4.575620e+00   4.275336e-01   4.977326e-02
  4.578350e+00   3.836186e-01   5.059442e-02
  4.581080e+00   4.308724e-01   5.027245e-02
  4.583810e+00   4.524079e-01   5.036799e-02
  4.586540e+00   4.540948e-01   5.023006e-02
  4.589280e+00   4.676747e-01   5.008066e-02
  4.592010e+00   4.246453e-01   5.043753e-02
  4.594740e+00   4.101220e-01   5.046447e-02
  4.597470e+00   4.326994e-01   5.037588e-02
  4.600210e+00   4.550742e-01   5.041279e-02
  4.602940e+00   4.773098e-01   4.991587e-02
  4.605670e+00   4.373440e-01   5.026863e-02
  4.608400e+00   4.556296e-01   5.006485e-02
  4.611140e+00   4.925098e-01   4.956657e-02
  4.613870e+00   5.066143e-01   4.906034e-02
  4.616600e+00   4.509511e-01   4.931423e-02
  4.619330e+00   5.148650e-01   4.869023e-02
  4.622060e+00   5.167394e-01   4.855612e-02
  4.624800e+00   4.490010e-01   5.014459e-02
  4.627530e+00   4.370602e-01   5.042854e-02
  4.630260e+00   4.538442e-01   4.949539e-02
  4.632990e+00   4.501667e-01   4.993009e-02
  4.635730e+00   4.397818e-01   5.078438e-02
  4.638460e+00   3.564598e-01   5.111970e-02
  4.641190e+00   4.613244e-01   5.053072e-02
  4.643920e+00   4.038935e-01   5.010709e-02
  4.646660e+00   4.905657e-01   4.976836e-02
  4.649390e+00   4.228706e-01   5.057251e-02
  4.652120e+00   4.286802e-01   5.010575e-02
  4.654850e+00   4.776478e-01   4.969222e-02
  4.657580e+00   3.626454e-01   5.036931e-02
  4.660320e+00   3.863203e-01   5.079294e-02
  4.663050e+00   4.273041e-01   5.005529e-02
  4.665780e+00   4.128840e-01   4.953952e-02
  4.668510e+00   4.220158e-01   4.920015e-02
  4.671250e+00   3.481488e-01   5.141132e-02
  4.673980e+00   4.257287e-01   5.034490e-02
  4.676710e+00   4.309526e-01   5.048583e-02
  4.679440e+00   5.170551e-01   4.932074e-02
  4.682180e+00   5.109362e-01   4.925544e-02
  4.684910e+00   4.257740e-01   5.070388e-02
  4.687640e+00   4.702127e-01   5.078417e-02
  4.690370e+00   4.580183e-01   4.974902e-02
  4.693100e+00   3.856471e-01   5.008629e-02
  4.695840e+00   4.037605e-01   5.058438e-02
  4.698570e+00   4.765334e-01   5.013763e-02
  4.701300e+00   4.626696e-01   5.074711e-02
  4.704030e+00   4.232878e-01   5.113750e-02
  4.706770e+00   4.246503e-01   5.108863e-02
  4.709500e+00   4.169721e-01   5.130412e-02
  4.712230e+00   4.362240e-01   5.085338e-02
  4.714960e+00   4.801534e-01   4.988102e-02
  4.717700e+00   4.771969e-01   5.002221e-02
  4.720430e+00   4.772821e-01   5.030225e-02
  4.723160e+00   4.468872e-01   5.048282e-02
  4.725890e+00   4.181766e-01   5.074140e-02
  4.728620e+00   5.147516e-01   5.013647e-02
  4.731360e+00   4.898659e-01   4.988920e-02
  4.734090e+00   4.818200e-01   5.035946e-02
  4.736820e+00   4.481663e-01   5.136208e-02
  4.739550e+00   4.416824e-01   5.071652e-02
  4.742290e+00   4.410746e-01   5.070244e-02
  4.745020e+00   4.423106e-01   5.029722e-02
  4.747750e+00   4.001760e-01   5.117439e-02
  4.750480e+00   4.895209e-01   5.033084e-02
  4.753220e+00   4.442656e-01   5.017706e-02
  4.755950e+00   5.152575e-01   4.997280e-02
  4.758680e+00   4.817853e-01   5.042558e-02
  4.761410e+00   3.980329e-01   5.059108e-02
  4.764140e+00   4.484795e-01   4.974014e-02
  4.766880e+00   4.876346e-01   5.001132e-02
  4.769610e+00   3.756405e-01   5.073791e-02
  4.772340e+00   3.794150e-01   5.078590e-02
  4.775070e+00   5.203371e-01   4.999081e-02
  4.777810e+00   4.475246e-01   5.063982e-02
  4.780540e+00   4.591380e-01   5.080057e-02
  4.783270e+00   5.028892e-01   4.977334e-02
  4.786000e+00   5.152006e-01   4.951567e-02
  4.788740e+00   5.118990e-01   4.963990e-02
  4.791470e+00   4.103786e-01   5.090599e-02
  4.794200e+00   4.201605e-01   5.021251e-02
  4.796930e+00   4.096229e-01   5.069195e-02
  4.799660e+00   4.292117e-01   5.089450e-02
  4.802400e+00   4.260352e-01   5.069905e-02
  4.805130e+00   4.458536e-01   4.999991e-02
  4.807860e+00   4.754886e-01   5.036749e-02
  4.810590e+00   4.517895e-01   5.050332e-02
  4.813330e+00   3.923564e-01   5.083700e-02
  4.816060e+00   4.315447e-01   5.039680e-02
  4.818790e+00   4.667571e-01   4.981223e-02
  4.821520e+00   4.225658e-01   5.059307e-02
  4.824260e+00   3.225777e-01   5.240197e-02
  4.826990e+00   4.054427e-01   5.130604e-02
  4.829720e+00   4.438086e-01   5.027417e-02
  4.832450e+00   4.813857e-01   5.066708e-02
  4.835180e+00   4.846633e-01   5.057384e-02
  4.837920e+00   4.927761e-01   5.054851e-02
  4.840650e+00   5.036172e-01   5.062686e-02
  4.843380e+00   4.397377e-01   5.131869e-02
  4.846110e+00   3.991203e-01   5.181503e-02
  4.848850e+00   5.425756e-01   4.952130e-02
  4.851580e+00   5.650078e-01   4.959958e-02
  4.854310e+00   4.874444e-01   5.080628e-02
  4.857040e+00   4.567158e-01   5.032906e-02
  4.859780e+00   4.501358e-01   5.021703e-02
  4.862510e+00   4.417074e-01   5.030029e-02
  4.865240e+00   3.993300e-01   5.087521e-02
  4.867970e+00   4.663558e-01   5.091618e-02
  4.870700e+00   4.861157e-01   5.033840e-02
  4.873440e+00   4.399085e-01   5.046461e-02
  4.876170e+00   4.039797e-01   5.136401e-02
  4.878900e+00   4.328291e-01   5.080380e-02
  4.881630e+00   4.070590e-01   5.141248e-02
  4.884370e+00   4.327158e-01   5.129217e-02
  4.887100e+00   4.212677e-01   5.173416e-02
  4.889830e+00   4.978363e-01   5.148937e-02
  4.892560e+00   4.179177e-01   5.125247e-02
  4.895300e+00   4.314087e-01   5.100205e-02
  4.898030e+00   4.113606e-01   5.222509e-02
  4.900760e+00   4.150203e-01   5.128546e-02
  4.903490e+00   4.218559e-01   5.162121e-02
  4.906220e+00   4.060183e-01   5.192174e-02
  4.908960e+00   4.419336e-01   5.155713e-02
  4.911690e+00   4.640007e-01   5.105338e-02
  4.914420e+00   4.261254e-01   5.111494e-02
  4.917150e+00   4.925856e-01   5.130349e-02
  4.919890e+00   4.683477e-01   5.077041e-02
  4.922620e+00   4.832628e-01   5.052381e-02
  4.925350e+00   4.820340e-01   5.029636e-02
  4.928080e+00   4.508471e-01   5.097464e-02
  4.930820e+00   3.819770e-01   5.073925e-02
  4.933550e+00   4.722923e-01   4.971932e-02
  4.936280e+00   4.896589e-01   5.072191e-02
  4.939010e+00   4.616407e-01   5.175839e-02
  4.941740e+00   5.036639e-01   5.077431e-02
  4.944480e+00   5.443570e-01   4.924594e-02
  4.947210e+00   4.679977e-01   5.037316e-02
  4.949940e+00   4.652157e-01   5.116522e-02
  4.952670e+00   4.812172e-01   5.082242e-02
  4.955410e+00   4.917223e-01   5.080610e-02
  4.958140e+00   4.700215e-01   5.121719e-02
  4.960870e+00   4.592900e-01   5.139803e-02
  4.963600e+00   4.489624e-01   5.090027e-02
  4.966340e+00   3.971314e-01   5.146317e-02
  4.969070e+00   4.391437e-01   5.079918e-02
  4.971800e+00   3.640559e-01   5.113440e-02
  4.974530e+00   4.671254e-01   5.129131e-02
  4.977260e+00   4.675513e-01   5.140323e-02
  4.980000e+00   4.340469e-01   5.137618e-02
  4.982730e+00   4.148490e-01   5.186673e-02
  4.985460e+00   4.175376e-01   5.169127e-02
  4.988190e+00   4.524778e-01   5.022836e-02
  4.990930e+00   4.807857e-01   5.058385e-02
  4.993660e+00   4.316353e-01   5.082270e-02
  4.996390e+00   4.396515e-01   5.127753e-02
  4.999120e+00   5.287553e-01   5.063342e-02
  5.001860e+00   4.419615e-01   5.163859e-02
  5.004590e+00   4.188611e-01   5.159447e-02
  5.007320e+00   3.948141e-01   5.146828e-02
  5.010050e+00   4.341810e-01   5.074420e-02
  5.012780e+00   4.907384e-01   4.981495e-02
  5.015520e+00   4.841109e-01   5.103912e-02
  5.018250e+00   4.254050e-01   5.142168e-02
  5.020980e+00   4.032606e-01   5.172158e-02
  5.023710e+00   3.929888e-01   5.190742e-02
  5.026450e+00   4.108449e-01   5.233877e-02
  5.029180e+00   4.276766e-01   5.150644e-02
  5.031910e+00   3.992553e-01   5.152376e-02
  5.034640e+00   4.248275e-01   5.099117e-02
  5.037380e+00   4.740155e-01   5.080201e-02
  5.040110e+00   4.724949e-01   5.161524e-02
  5.042840e+00   4.161814e-01   5.201617e-02
  5.045570e+00   4.193425e-01   5.131815e-02
  5.048300e+00   4.144610e-01   5.168090e-02
  5.051040e+00   3.628438e-01   5.232588e-02
  5.053770e+00   3.715710e-01   5.126174e-02
  5.056500e+00   3.423333e-01   5.201264e-02
  5.059230e+00   4.023733e-01   5.156174e-02
  5.061970e+00   4.510727e-01   5.200351e-02
  5.064700e+00   4.762997e-01   5.101297e-02
  5.067430e+00   4.389279e-01   5.089968e-02
  5.070160e+00   4.577271e-01   5.084299e-02
  5.072900e+00   4.458169e-01   5.098639e-02
  5.075630e+00   4.281300e-01   5.141939e-02
  5.078360e+00   4.043668e-01   5.232011e-02
  5.081090e+00   4.723629e-01   5.120361e-02
  5.083820e+00   4.502521e-01   5.170349e-02
  5.086560e+00   5.179784e-01   5.161316e-02
  5.089290e+00   5.136613e-01   5.097787e-02
  5.092020e+00   4.320525e-01   5.195788e-02
  5.094750e+00   4.575688e-01   5.099575e-02
  5.097490e+00   4.522187e-01   5.121160e-02
  5.100220e+00   3.866932e-01   5.198939e-02
  5.102950e+00   4.039113e-01   5.210876e-02
  5.105680e+00   3.537432e-01   5.198264e-02
  5.108420e+00   4.855522e-01   5.128953e-02
  5.111150e+00   4.312604e-01   5.228071e-02
  5.113880e+00   4.046747e-01   5.346145e-02
  5.116610e+00   3.991848e-01   5.234328e-02
  5.119340e+00   4.078283e-01   5.199765e-02
  5.122080e+00   4.526641e-01   5.245955e-02
  5.124810e+00   4.039619e-01   5.099725e-02
  5.127540e+00   3.986223e-01   5.178858e-02
  5.130270e+00   4.124701e-01   5.220058e-02
  5.133010e+00   4.363269e-01   5.160837e-02
  5.135740e+00   4.615210e-01   5.172304e-02
  5.138470e+00   4.615096e-01   5.155474e-02
  5.141200e+00   4.460352e-01   5.163682e-02
  5.143940e+00   5.046196e-01   5.179884e-02
  5.146670e+00   4.988968e-01   5.105385e-02
  5.149400e+00   4.481486e-01   5.234773e-02
  5.152130e+00   3.875493e-01   5.260312e-02
  5.154860e+00   4.209953e-01   5.181092e-02
  5.157600e+00   4.065565e-01   5.208251e-02
  5.160330e+00   3.995775e-01   5.307215e-02
  5.163060e+00   3.923529e-01   5.307709e-02
  5.165790e+00   4.277789e-01   5.250093e-02
  5.168530e+00   4.674018e-01   5.120405e-02
  5.171260e+00   4.048889e-01   5.146315e-02
  5.173990e+00   3.928666e-01   5.232620e-02
  5.176720e+00   4.331076e-01   5.229288e-02
  5.179460e+00   4.127197e-01   5.210469e-02
  5.182190e+00   4.493743e-01   5.147904e-02
  5.184920e+00   4.623216e-01   5.181188e-02
  5.187650e+00   4.521060e-01   5.168438e-02
  5.190380e+00   3.808100e-01   5.224249e-02
  5.193120e+00   4.142965e-01   5.262456e-02
  5.195850e+00   4.662217e-01   5.242094e-02
  5.198580e+00   4.736058e-01   5.151981e-02
  5.201310e+00   4.532200e-01   5.132602e-02
  5.204050e+00   4.394622e-01   5.208652e-02
  5.206780e+00   5.224602e-01   5.189107e-02
  5.209510e+00   4.667380e-01   5.227652e-02
  5.212240e+00   4.172360e-01   5.238748e-02
  5.214980e+00   4.773172e-01   5.165540e-02
  5.217710e+00   4.540750e-01   5.248196e-02
  5.220440e+00   4.570233e-01   5.281556e-02
  5.223170e+00   4.139298e-01   5.320918e-02
  5.225900e+00   4.117881e-01   5.251368e-02
  5.228640e+00   4.217894e-01   5.235576e-02
  5.231370e+00   4.690963e-01   5.226187e-02
  5.234100e+00   3.520909e-01   5.306880e-02
  5.236830e+00   4.029369e-01   5.186902e-02
  5.239570e+00   3.992807e-01   5.303614e-02
  5.242300e+00   4.898282e-01   5.178340e-02
  5.245030e+00   4.678966e-01   5.118782e-02
  5.247760e+00   4.830399e-01   5.119300e-02
  5.250500e+00   4.658038e-01   5.178054e-02
  5.253230e+00   4.135408e-01   5.317704e-02
  5.255960e+00   4.160874e-01   5.298294e-02
  5.258690e+00   4.802811e-01   5.181114e-02
  5.261420e+00   4.498660e-01   5.197647e-02
  5.264160e+00   5.053940e-01   5.232410e-02
  5.266890e+00   4.742830e-01   5.252153e-02
  5.269620e+00   5.325113e-01   5.021987e-02
  5.272350e+00   4.846306e-01   5.163304e-02
  5.275090e+00   4.103221e-01   5.252504e-02
  5.277820e+00   4.164737e-01   5.216813e-02
  5.280550e+00   4.523769e-01   5.362563e-02
  5.283280e+00   5.182500e-01   6.092629e-02
  5.286020e+00   4.538413e-01   6.739756e-02
  5.288750e+00   5.269732e-01   7.090998e-02
  5.291480e+00   4.819721e-01   7.429919e-02
  5.294210e+00   4.355122e-01   7.969307e-02
  5.296940e+00   4.953256e-01   8.179510e-02
  5.299680e+00   5.424336e-01   8.570135e-02
  5.302410e+00   5.392543e-01   8.953533e-02
  5.305140e+00   3.679780e-01   9.559713e-02
  5.307870e+00   4.301379e-01   7.090360e-02
  5.310610e+00   4.267449e-01   6.264607e-02
  5.313340e+00   3.713899e-01   6.186346e-02
  5.316070e+00   3.957111e-01   6.047587e-02
  5.318800e+00   4.468864e-01   5.709076e-02
  5.321540e+00   4.089731e-01   5.819454e-02
  5.324270e+00   3.863535e-01   5.860799e-02
  5.327000e+00   4.501470e-01   5.767843e-02
  5.329730e+00   3.735929e-01   5.809586e-02
  5.332460e+00   4.363933e-01   5.771646e-02
  5.335200e+00   4.842195e-01   5.743690e-02
  5.337930e+00   4.908295e-01   5.694842e-02
  5.340660e+00   4.430626e-01   5.632454e-02
  5.343390e+00   4.418894e-01   5.551370e-02
  5.346130e+00   4.615782e-01   5.519982e-02
  5.348860e+00   4.669415e-01   5.491932e-02
  5.351590e+00   4.553365e-01   5.373080e-02
  5.354320e+00   4.296552e-01   5.474394e-02
  5.357060e+00   4.786038e-01   5.361715e-02
  5.359790e+00   4.453237e-01   5.402771e-02
  5.362520e+00   4.502143e-01   5.276889e-02
  5.365250e+00   4.600941e-01   5.152353e-02
  5.367980e+00   5.008659e-01   5.080818e-02
  5.370720e+00   4.946013e-01   5.256756e-02
  5.373450e+00   4.682865e-01   5.229207e-02
  5.376180e+00   5.098346e-01   5.194554e-02
  5.378910e+00   4.864096e-01   5.220804e-02
  5.381650e+00   4.743261e-01   5.229794e-02
  5.384380e+00   4.412328e-01   5.187600e-02
  5.387110e+00   4.796967e-01   5.146746e-02
  5.389840e+00   4.326194e-01   5.165006e-02
  5.392580e+00   4.372592e-01   5.242638e-02
  5.395310e+00   4.516918e-01   5.177317e-02
  5.398040e+00   3.861025e-01   5.346118e-02
  5.400770e+00   3.401871e-01   5.339608e-02
  5.403500e+00   4.296966e-01   5.188349e-02
  5.406240e+00   4.544622e-01   5.220849e-02
  5.408970e+00   4.708111e-01   5.198732e-02
  5.411700e+00   4.481042e-01   5.106873e-02
  5.414430e+00   4.044147e-01   5.225348e-02
  5.417170e+00   5.088192e-01   5.177128e-02
  5.419900e+00   4.880211e-01   5.229069e-02
  5.422630e+00   3.759723e-01   5.336518e-02
  5.425360e+00   4.000095e-01   5.281646e-02
  5.428100e+00   4.440743e-01   5.165187e-02
  5.430830e+00   5.062845e-01   5.183574e-02
  5.433560e+00   4.728773e-01   5.130732e-02
  5.436290e+00   4.139757e-01   5.233695e-02
  5.439020e+00   4.759247e-01   5.251438e-02
  5.441760e+00   5.401850e-01   5.148473e-02
  5.444490e+00   4.685701e-01   5.205201e-02
  5.447220e+00   4.249114e-01   5.161581e-02
  5.449950e+00   4.234680e-01   5.239232e-02
  5.452690e+00   3.687953e-01   5.240498e-02
  5.455420e+00   3.312633e-01   5.379327e-02
  5.458150e+00   3.795501e-01   5.331483e-02
  5.460880e+00   4.329582e-01   5.159083e-02
  5.463620e+00   4.985633e-01   5.147458e-02
  5.466350e+00   3.892390e-01   5.275186e-02
  5.469080e+00   4.240145e-01   5.317809e-02
  5.471810e+00   4.370691e-01   5.111461e-02
  5.474540e+00   4.662431e-01   5.154933e-02
  5.477280e+00   4.383136e-01   5.213884e-02
  5.480010e+00   4.231902e-01   5.275387e-02
  5.482740e+00   5.127636e-01   5.183684e-02
  5.485470e+00   4.400760e-01   5.162303e-02
  5.488210e+00   4.342840e-01   5.177697e-02
  5.490940e+00   4.799863e-01   5.177695e-02
  5.493670e+00   4.581396e-01   5.244239e-02
  5.496400e+00   4.484565e-01   5.157002e-02
  5.499140e+00   4.599655e-01   5.214452e-02
  5.501870e+00   4.295775e-01   5.202272e-02
  5.504600e+00   4.129839e-01   5.223330e-02
  5.507330e+00   4.262107e-01   5.220750e-02
  5.510060e+00   4.101885e-01   5.181742e-02
  5.512800e+00   4.529579e-01   5.129969e-02
  5.515530e+00   4.696178e-01   5.190613e-02
  5.518260e+00   4.580083e-01   5.227816e-02
  5.520990e+00   4.136765e-01   5.429274e-02
  5.523730e+00   3.961566e-01   6.363180e-02
  5.526460e+00   4.287754e-01   6.949818e-02
  5.529190e+00   4.833012e-01   7.074347e-02
  5.531920e+00   4.373446e-01   6.206043e-02
  5.534660e+00   4.745717e-01   5.664709e-02
  5.537390e+00   4.020695e-01   5.568898e-02
  5.540120e+00   3.868759e-01   5.437126e-02
  5.542850e+00   4.873308e-01   5.318970e-02
  5.545580e+00   3.857282e-01   5.368529e-02
  5.548320e+00   4.592825e-01   5.492031e-02
  5.551050e+00   3.717566e-01   5.617684e-02
  5.553780e+00   4.664312e-01   5.426374e-02
  5.556510e+00   4.713218e-01   5.306654e-02
  5.559250e+00   4.476018e-01   5.394461e-02
  5.561980e+00   4.357964e-01   5.344509e-02
  5.564710e+00   4.801886e-01   5.348195e-02
  5.567440e+00   3.987333e-01   5.425250e-02
  5.570180e+00   3.920821e-01   5.422814e-02
  5.572910e+00   4.366709e-01   5.353560e-02
  5.575640e+00   4.489188e-01   5.361623e-02
  5.578370e+00   4.510730e-01   5.352218e-02
  5.581100e+00   3.860300e-01   5.369545e-02
  5.583840e+00   4.188913e-01   5.270367e-02
  5.586570e+00   4.584276e-01   5.223220e-02
  5.589300e+00   4.180745e-01   5.268525e-02
  5.592030e+00   4.939507e-01   5.255650e-02
  5.594770e+00   4.264973e-01   5.315246e-02
  5.597500e+00   4.218483e-01   5.255117e-02
  5.600230e+00   4.853541e-01   5.247116e-02
  5.602960e+00   5.196328e-01   5.212694e-02
  5.605700e+00   4.651391e-01   5.285884e-02
  5.608430e+00   4.752251e-01   5.223932e-02
  5.611160e+00   3.790582e-01   5.294480e-02
  5.613890e+00   4.833032e-01   5.226590e-02
  5.616620e+00   4.722517e-01   5.230372e-02
  5.619360e+00   4.514748e-01   5.252895e-02
  5.622090e+00   4.883200e-01   5.165253e-02
  5.624820e+00   4.597931e-01   5.291768e-02
  5.627550e+00   3.822421e-01   5.314416e-02
  5.630290e+00   3.969466e-01   5.279328e-02
  5.633020e+00   3.816611e-01   5.292714e-02
  5.635750e+00   4.240259e-01   5.223074e-02
  5.638480e+00   4.379672e-01   5.176495e-02
  5.641220e+00   4.013314e-01   5.242078e-02
  5.643950e+00   3.866205e-01   5.360293e-02
  5.646680e+00   4.973489e-01   5.285219e-02
  5.649410e+00   4.648393e-01   5.261530e-02
  5.652140e+00   4.523671e-01   5.299740e-02
  5.654880e+00   4.699657e-01   5.319938e-02
  5.657610e+00   4.133390e-01   5.292997e-02
  5.660340e+00   3.715250e-01   5.309573e-02
  5.663070e+00   4.816515e-01   5.148847e-02
  5.665810e+00   4.749730e-01   5.216057e-02
  5.668540e+00   4.266073e-01   5.258389e-02
  5.671270e+00   4.373676e-01   5.237847e-02
  5.674000e+00   4.433766e-01   5.227136e-02
  5.676740e+00   4.767809e-01   5.281678e-02
  5.679470e+00   4.190042e-01   5.252848e-02
  5.682200e+00   4.146115e-01   5.202689e-02
  5.684930e+00   3.807222e-01   5.326974e-02
  5.687660e+00   4.837364e-01   5.177682e-02
  5.690400e+00   4.646379e-01   5.102819e-02
  5.693130e+00   4.088349e-01   5.275988e-02
  5.695860e+00   4.436209e-01   5.288593e-02
  5.698590e+00   3.690920e-01   5.291580e-02
  5.701330e+00   3.756451e-01   5.352533e-02
  5.704060e+00   3.596769e-01   5.399683e-02
  5.706790e+00   4.378865e-01   5.256175e-02
  5.709520e+00   4.375753e-01   5.181060e-02
  5.712260e+00   3.997663e-01   5.296541e-02
  5.714990e+00   3.878785e-01   5.325742e-02
  5.717720e+00   3.719866e-01   5.305424e-02
  5.720450e+00   4.008171e-01   5.285048e-02
  5.723180e+00   4.735904e-01   5.208831e-02
  5.725920e+00   4.853195e-01   5.174877e-02
  5.728650e+00   4.596288e-01   5.265878e-02
  5.731380e+00   4.036907e-01   5.332890e-02
  5.734110e+00   4.058280e-01   5.328307e-02
  5.736850e+00   3.213507e-01   5.369882e-02
  5.739580e+00   4.276147e-01   5.276782e-02
  5.742310e+00   4.391677e-01   5.312282e-02
  5.745040e+00   4.080752e-01   5.263522e-02
  5.747780e+00   4.178692e-01   5.233039e-02
  5.750510e+00   4.497384e-01   5.208842e-02
  5.753240e+00   4.340519e-01   5.267421e-02
  5.755970e+00   4.030469e-01   5.239430e-02
  5.758700e+00   4.458403e-01   5.202317e-02
  5.761440e+00   4.074497e-01   5.251003e-02
  5.764170e+00   3.858332e-01   5.367113e-02
  5.766900e+00   4.259461e-01   5.352789e-02
  5.769630e+00   4.354085e-01   5.276630e-02
  5.772370e+00   4.761880e-01   5.241168e-02
  5.775100e+00   4.469697e-01   5.185371e-02
  5.777830e+00   4.566497e-01   5.267089e-02
  5.780560e+00   4.287199e-01   5.346069e-02
  5.783300e+00   4.113171e-01   5.302343e-02
  5.786030e+00   4.013328e-01   5.285540e-02
  5.788760e+00   3.773677e-01   5.304522e-02
  5.791490e+00   4.373253e-01   5.333930e-02
  5.794220e+00   4.278090e-01   5.282948e-02
  5.796960e+00   4.406298e-01   5.300096e-02
  5.799690e+00   4.543463e-01   5.263425e-02
  5.802420e+00   4.467367e-01   5.221231e-02
  5.805150e+00   3.984885e-01   5.192363e-02
  5.807890e+00   3.901923e-01   5.180419e-02
  5.810620e+00   3.960959e-01   5.202818e-02
  5.813350e+00   4.284756e-01   5.297105e-02
  5.816080e+00   3.877775e-01   5.315759e-02
  5.818820e+00   4.278803e-01   5.311588e-02
  5.821550e+00   3.360883e-01   5.397295e-02
  5.824280e+00   4.146640e-01   5.325610e-02
  5.827010e+00   4.441028e-01   5.236566e-02
  5.829740e+00   4.237897e-01   5.307193e-02
  5.832480e+00   4.046698e-01   5.310958e-02
  5.835210e+00   3.651803e-01   5.392895e-02
  5.837940e+00   4.301675e-01   5.389844e-02
  5.840670e+00   4.481397e-01   5.353121e-02
  5.843410e+00   4.694345e-01   5.293118e-02
  5.846140e+00   4.127332e-01   5.369481e-02
  5.848870e+00   4.430462e-01   5.230123e-02
  5.851600e+00   3.802020e-01   5.379900e-02
  5.854340e+00   4.221917e-01   5.320857e-02
  5.857070e+00   4.846491e-01   5.299223e-02
  5.859800e+00   4.585769e-01   5.315552e-02
  5.862530e+00   4.460377e-01   5.302342e-02
  5.865260e+00   4.389685e-01   5.233766e-02
  5.868000e+00   3.879347e-01   5.296666e-02
  5.870730e+00   4.302992e-01   5.189932e-02
  5.873460e+00   4.542096e-01   5.210628e-02
  5.876190e+00   4.646934e-01   5.188761e-02
  5.878930e+00   3.881630e-01   5.342860e-02
  5.881660e+00   3.471481e-01   5.403240e-02
  5.884390e+00   4.271658e-01   5.352734e-02
  5.887120e+00   4.585130e-01   5.338304e-02
  5.889860e+00   4.429718e-01   5.301622e-02
  5.892590e+00   4.270256e-01   5.336841e-02
  5.895320e+00   3.611661e-01   5.506692e-02
  5.898050e+00   4.570922e-01   5.380700e-02
  5.900780e+00   4.182354e-01   5.326713e-02
  5.903520e+00   4.378423e-01   5.326414e-02
  5.906250e+00   3.778920e-01   5.380084e-02
  5.908980e+00   4.361940e-01   5.362690e-02
  5.911710e+00   4.318092e-01   5.344438e-02
  5.914450e+00   4.325828e-01   5.341336e-02
  5.917180e+00   4.372712e-01   5.263258e-02
  5.919910e+00   3.819698e-01   5.278554e-02
  5.922640e+00   3.951818e-01   5.307091e-02
  5.925380e+00   4.166812e-01   5.325633e-02
  5.928110e+00   3.572935e-01   5.429846e-02
  5.930840e+00   3.712987e-01   5.471021e-02
  5.933570e+00   4.455658e-01   5.385452e-02
  5.936300e+00   4.023396e-01   5.403045e-02
  5.939040e+00   4.539800e-01   5.312011e-02
  5.941770e+00   4.942025e-01   5.228791e-02
  5.944500e+00   4.712362e-01   5.197703e-02
  5.947230e+00   4.541990e-01   5.327372e-02
  5.949970e+00   4.222698e-01   5.443845e-02
  5.952700e+00   4.213474e-01   5.357604e-02
  5.955430e+00   4.214356e-01   5.312890e-02
  5.958160e+00   4.841837e-01   5.333231e-02
  5.960900e+00   4.282980e-01   5.396216e-02
  5.963630e+00   4.245086e-01   5.492707e-02
  5.966360e+00   4.622358e-01   6.289060e-02
  5.969090e+00   3.162679e-01   7.048334e-02
  5.971820e+00   3.747482e-01   7.465872e-02
  5.974560e+00   4.527249e-01   7.872092e-02
  5.977290e+00   3.792827e-01   8.516172e-02
  5.980020e+00   4.282662e-01   8.898957e-02
  5.982750e+00   4.716802e-01   9.215033e-02
  5.985490e+00   5.228356e-01   9.786485e-02
  5.988220e+00   3.986306e-01   1.052334e-01
  5.990950e+00   4.563005e-01   1.081785e-01
  5.993680e+00   4.728234e-01   1.135038e-01
  5.996420e+00   4.456382e-01   1.278339e-01
  5.999150e+00   3.997192e-01   1.416135e-01
  6.001880e+00   3.499986e-01   1.511553e-01
  6.004610e+00   5.772496e-01   1.791973e-01
  6.007340e+00   4.794885e-01   2.012222e-01
  6.010080e+00   3.540452e-01   2.508336e-01
  6.012810e+00   8.359924e-01   4.640891e-01
  6.015540e+00   1.076928e+00   1.078459e+00
