
  4.991642e-02   4.708184e+01   4.634760e-01
  5.425698e-02   4.708016e+01   3.977961e-01
  5.859754e-02   4.733436e+01   3.573314e-01
  6.293810e-02   4.690864e+01   3.276856e-01
  6.727866e-02   4.749276e+01   3.042377e-01
  7.161922e-02   4.701776e+01   2.848806e-01
  7.595978e-02   4.639328e+01   2.691850e-01
  8.030033e-02   4.601656e+01   2.551953e-01
  8.464089e-02   4.641216e+01   2.456268e-01
  8.898145e-02   4.622956e+01   2.365472e-01
  9.332201e-02   4.577356e+01   2.283536e-01
  9.766257e-02   4.561512e+01   2.208375e-01
  1.020031e-01   4.550948e+01   2.143618e-01
  1.063437e-01   4.554720e+01   2.088702e-01
  1.106842e-01   4.530932e+01   2.035834e-01
  1.150248e-01   4.523316e+01   1.988941e-01
  1.193654e-01   4.503388e+01   1.942624e-01
  1.237059e-01   4.485724e+01   1.901202e-01
  1.280465e-01   4.453480e+01   1.859847e-01
  1.323870e-01   4.465168e+01   1.823959e-01
  1.367276e-01   4.425488e+01   1.786278e-01
  1.410682e-01   4.408000e+01   1.752756e-01
  1.454087e-01   4.402532e+01   1.723530e-01
  1.497493e-01   4.381276e+01   1.693321e-01
  1.540898e-01   4.369920e+01   1.665087e-01
  1.584304e-01   4.367284e+01   1.639913e-01
  1.627709e-01   4.341716e+01   1.610835e-01
  1.671115e-01   4.336396e+01   1.587895e-01
  1.714521e-01   4.316208e+01   1.563710e-01
  1.757926e-01   4.260040e+01   1.536539e-01
  1.801332e-01   4.258440e+01   1.519298e-01
  1.844737e-01   4.278748e+01   1.500660e-01
  1.888143e-01   4.245524e+01   1.478186e-01
  1.931549e-01   4.216704e+01   1.456435e-01
  1.974954e-01   4.211896e+01   1.437877e-01
  2.018360e-01   4.194456e+01   1.421178e-01
  2.061765e-01   4.164176e+01   1.400545e-01
  2.105171e-01   4.170416e+01   1.385687e-01
  2.148577e-01   4.125324e+01   1.366381e-01
  2.191982e-01   4.120140e+01   1.351455e-01
  2.235388e-01   4.124504e+01   1.338909e-01
  2.278793e-01   4.113272e+01   1.350907e-01
  2.322199e-01   4.100252e+01   1.361754e-01
  2.365604e-01   4.077348e+01   1.362384e-01
  2.409010e-01   4.042960e+01   1.358473e-01
  2.452416e-01   4.017016e+01   1.354200e-01
  2.495821e-01   4.003224e+01   1.350476e-01
  2.539227e-01   3.985682e+01   1.345590e-01
  2.582632e-01   3.962915e+01   1.338149e-01
  2.626038e-01   3.940858e+01   1.330066e-01
  2.669444e-01   3.927614e+01   1.325153e-01
  2.712849e-01   3.925950e+01   1.321865e-01
  2.756255e-01   3.889154e+01   1.312856e-01
  2.799660e-01   3.874178e+01   1.306488e-01
  2.843066e-01   3.850881e+01   1.299033e-01
  2.886471e-01   3.835083e+01   1.292352e-01
  2.929877e-01   3.830530e+01   1.256664e-01
  2.973283e-01   3.797055e+01   1.224602e-01
  3.016688e-01   3.774156e+01   1.202519e-01
  3.060094e-01   3.751698e+01   1.184221e-01
  3.103499e-01   3.732875e+01   1.168694e-01
  3.146905e-01   3.721363e+01   1.153862e-01
  3.190311e-01   3.681581e+01   1.137983e-01
  3.233716e-01   3.670738e+01   1.125173e-01
  3.277122e-01   3.638656e+01   1.110980e-01
  3.320527e-01   3.618884e+01   1.099564e-01
  3.363933e-01   3.593135e+01   1.086597e-01
  3.407338e-01   3.564765e+01   1.075205e-01
  3.450744e-01   3.547948e+01   1.064830e-01
  3.494150e-01   3.517822e+01   1.053499e-01
  3.537555e-01   3.513518e+01   1.044744e-01
  3.580961e-01   3.485665e+01   1.033469e-01
  3.624366e-01   3.462207e+01   1.023142e-01
  3.667772e-01   3.440348e+01   1.014200e-01
  3.711178e-01   3.418656e+01   1.004925e-01
  3.754583e-01   3.390769e+01   9.951048e-02
  3.797989e-01   3.378860e+01   9.870948e-02
  3.841394e-01   3.344624e+01   9.775644e-02
  3.884800e-01   3.324544e+01   9.687632e-02
  3.928206e-01   3.305938e+01   9.602560e-02
  3.971611e-01   3.280691e+01   9.517756e-02
  4.015017e-01   3.247789e+01   9.427200e-02
  4.058422e-01   3.227865e+01   9.349424e-02
  4.101828e-01   3.200509e+01   9.272828e-02
  4.145233e-01   3.183634e+01   9.210440e-02
  4.188639e-01   3.169862e+01   9.141056e-02
  4.232045e-01   3.138665e+01   9.063816e-02
  4.275450e-01   3.116104e+01   8.994144e-02
  4.318856e-01   3.097732e+01   8.925812e-02
  4.362261e-01   3.072732e+01   8.855984e-02
  4.405667e-01   3.046868e+01   8.777976e-02
  4.449073e-01   3.021847e+01   8.708236e-02
  4.492478e-01   2.989139e+01   8.631212e-02
  4.535884e-01   2.974341e+01   8.575716e-02
  4.579289e-01   2.952420e+01   8.508576e-02
  4.622695e-01   2.927332e+01   8.436276e-02
  4.666100e-01   2.885509e+01   8.352744e-02
  4.709506e-01   2.872652e+01   8.295312e-02
  4.752912e-01   2.850764e+01   8.237048e-02
  4.796317e-01   2.831355e+01   8.180812e-02
  4.839723e-01   2.808514e+01   8.117232e-02
  4.883128e-01   2.785561e+01   8.052404e-02
  4.926534e-01   2.746379e+01   7.977088e-02
  4.969940e-01   2.732544e+01   7.927240e-02
  5.013345e-01   2.703232e+01   7.864304e-02
  5.056751e-01   2.690980e+01   7.821988e-02
  5.100156e-01   2.668625e+01   7.770732e-02
  5.143562e-01   2.633402e+01   7.701984e-02
  5.186968e-01   2.622684e+01   7.659040e-02
  5.230373e-01   2.600068e+01   7.720156e-02
  5.273779e-01   2.571515e+01   7.744768e-02
  5.317184e-01   2.539958e+01   7.741468e-02
  5.360590e-01   2.521475e+01   7.735396e-02
  5.403995e-01   2.498715e+01   7.721188e-02
  5.447401e-01   2.462930e+01   7.695396e-02
  5.490807e-01   2.445322e+01   7.682392e-02
  5.534212e-01   2.428233e+01   7.662316e-02
  5.577618e-01   2.397315e+01   7.628656e-02
  5.621023e-01   2.371163e+01   7.600164e-02
  5.664429e-01   2.352545e+01   7.576456e-02
  5.707835e-01   2.335095e+01   7.551372e-02
  5.751240e-01   2.310154e+01   7.518932e-02
  5.794646e-01   2.287687e+01   7.488636e-02
  5.838051e-01   2.255051e+01   7.445848e-02
  5.881457e-01   2.237408e+01   7.419364e-02
  5.924862e-01   2.212838e+01   7.387224e-02
  5.968268e-01   2.192164e+01   7.357320e-02
  6.011674e-01   2.167898e+01   7.324552e-02
  6.055079e-01   2.147816e+01   7.292336e-02
  6.098485e-01   2.121953e+01   7.258276e-02
  6.141890e-01   2.103782e+01   7.226532e-02
  6.185296e-01   2.082982e+01   7.191612e-02
  6.228702e-01   2.067932e+01   7.163936e-02
  6.272107e-01   2.047723e+01   7.132892e-02
  6.315513e-01   2.012572e+01   7.087612e-02
  6.358918e-01   1.991082e+01   7.055316e-02
  6.402324e-01   1.969007e+01   7.021116e-02
  6.445730e-01   1.952088e+01   6.990484e-02
  6.489135e-01   1.923122e+01   6.945608e-02
  6.532541e-01   1.910328e+01   6.920736e-02
  6.575946e-01   1.887897e+01   6.887220e-02
  6.619352e-01   1.874545e+01   6.863284e-02
  6.662757e-01   1.850772e+01   6.824420e-02
  6.706163e-01   1.828442e+01   6.789592e-02
  6.749569e-01   1.805579e+01   6.750956e-02
  6.792974e-01   1.788150e+01   6.722204e-02
  6.836380e-01   1.769533e+01   6.691124e-02
  6.879785e-01   1.747833e+01   6.657040e-02
  6.923191e-01   1.725607e+01   6.621144e-02
  6.966597e-01   1.705600e+01   6.588456e-02
  7.010002e-01   1.689066e+01   6.560204e-02
  7.053408e-01   1.664566e+01   6.520916e-02
  7.096813e-01   1.645939e+01   6.490052e-02
  7.140219e-01   1.623083e+01   6.455412e-02
  7.183624e-01   1.605934e+01   6.423880e-02
  7.227030e-01   1.578558e+01   6.387564e-02
  7.270436e-01   1.558854e+01   6.356736e-02
  7.313841e-01   1.543349e+01   6.326696e-02
  7.357247e-01   1.532922e+01   6.303468e-02
  7.400652e-01   1.507916e+01   6.262768e-02
  7.444058e-01   1.496076e+01   6.231792e-02
  7.487464e-01   1.467068e+01   6.189200e-02
  7.530869e-01   1.445647e+01   6.151068e-02
  7.574275e-01   1.442984e+01   6.135936e-02
  7.617680e-01   1.433500e+01   6.110288e-02
  7.661086e-01   1.405501e+01   6.062840e-02
  7.704491e-01   1.382631e+01   6.026152e-02
  7.747897e-01   1.362404e+01   5.986768e-02
  7.791303e-01   1.344725e+01   5.953308e-02
  7.834708e-01   1.326803e+01   5.920996e-02
  7.878114e-01   1.307037e+01   5.889824e-02
  7.921519e-01   1.300102e+01   5.869832e-02
  7.964925e-01   1.280897e+01   5.834712e-02
  8.008331e-01   1.262733e+01   5.805424e-02
  8.051736e-01   1.250090e+01   5.781132e-02
  8.095142e-01   1.235280e+01   5.751372e-02
  8.138547e-01   1.221626e+01   5.724684e-02
  8.181953e-01   1.198056e+01   5.693464e-02
  8.225359e-01   1.184666e+01   5.668672e-02
  8.268764e-01   1.176106e+01   5.652288e-02
  8.312170e-01   1.157410e+01   5.624644e-02
  8.355575e-01   1.144093e+01   5.665148e-02
  8.398981e-01   1.124279e+01   5.720648e-02
  8.442386e-01   1.111456e+01   5.752292e-02
  8.485792e-01   1.088696e+01   5.764308e-02
  8.529198e-01   1.081576e+01   5.778136e-02
  8.572603e-01   1.065189e+01   5.786024e-02
  8.616009e-01   1.045234e+01   5.783040e-02
  8.659414e-01   1.028616e+01   5.778880e-02
  8.702820e-01   1.015510e+01   5.765512e-02
  8.746226e-01   1.009343e+01   5.758688e-02
  8.789631e-01   9.915852e+00   5.739088e-02
  8.833037e-01   9.855664e+00   5.736444e-02
  8.876442e-01   9.698056e+00   5.728616e-02
  8.919848e-01   9.566120e+00   5.722252e-02
  8.963253e-01   9.432988e+00   5.723212e-02
  9.006659e-01   9.316676e+00   5.721356e-02
  9.050065e-01   9.117576e+00   5.704796e-02
  9.093470e-01   9.005168e+00   5.698800e-02
  9.136876e-01   8.876244e+00   5.690292e-02
  9.180281e-01   8.782052e+00   5.694764e-02
  9.223687e-01   8.620516e+00   5.686040e-02
  9.267093e-01   8.498376e+00   5.675256e-02
  9.310498e-01   8.431960e+00   5.672272e-02
  9.353904e-01   8.323368e+00   5.665816e-02
  9.397309e-01   8.241664e+00   5.660964e-02
  9.440715e-01   8.136320e+00   5.655672e-02
  9.484121e-01   8.054120e+00   5.650624e-02
  9.527526e-01   7.840304e+00   5.631952e-02
  9.570932e-01   7.726728e+00   5.628336e-02
  9.614337e-01   7.628112e+00   5.625436e-02
  9.657743e-01   7.433644e+00   5.616836e-02
  9.701148e-01   7.308408e+00   5.611604e-02
  9.744554e-01   7.298108e+00   5.606488e-02
  9.787960e-01   7.221836e+00   5.592708e-02
  9.831365e-01   7.175288e+00   5.579636e-02
  9.874771e-01   6.968808e+00   5.551448e-02
  9.918176e-01   6.902224e+00   5.538476e-02
  9.961582e-01   6.853784e+00   5.528088e-02
  1.000499e+00   6.661392e+00   5.503120e-02
  1.004839e+00   6.505208e+00   5.479508e-02
  1.009180e+00   6.471752e+00   5.469308e-02
  1.013520e+00   6.371740e+00   5.450080e-02
  1.017861e+00   6.322532e+00   5.438180e-02
  1.022202e+00   6.263160e+00   5.428016e-02
  1.026542e+00   6.209872e+00   5.425636e-02
  1.030883e+00   6.151720e+00   5.499968e-02
  1.035223e+00   6.073132e+00   5.600144e-02
  1.039564e+00   5.926316e+00   5.791184e-02
  1.043904e+00   5.868664e+00   5.951220e-02
  1.048245e+00   5.771012e+00   6.068812e-02
  1.052585e+00   5.653464e+00   6.169912e-02
  1.056926e+00   5.618784e+00   6.173668e-02
  1.061267e+00   5.511600e+00   6.080416e-02
  1.065607e+00   5.418676e+00   6.036272e-02
  1.069948e+00   5.371780e+00   6.020908e-02
  1.074288e+00   5.255172e+00   6.017424e-02
  1.078629e+00   5.122004e+00   6.019000e-02
  1.082969e+00   5.225696e+00   6.062036e-02
  1.087310e+00   5.088368e+00   6.092464e-02
  1.091650e+00   4.966888e+00   6.122684e-02
  1.095991e+00   4.997360e+00   6.166200e-02
  1.100332e+00   4.926016e+00   6.178140e-02
  1.104672e+00   4.770220e+00   5.992048e-02
  1.109013e+00   4.769644e+00   5.877904e-02
  1.113353e+00   4.641892e+00   5.792796e-02
  1.117694e+00   4.636368e+00   5.742296e-02
  1.122034e+00   4.515900e+00   5.682332e-02
  1.126375e+00   4.401192e+00   5.631808e-02
  1.130716e+00   4.453176e+00   5.609148e-02
  1.135056e+00   4.366692e+00   5.567424e-02
  1.139397e+00   4.263400e+00   5.526944e-02
  1.143737e+00   4.248564e+00   5.505580e-02
  1.148078e+00   4.166508e+00   5.474904e-02
  1.152418e+00   4.203288e+00   5.457796e-02
  1.156759e+00   4.043120e+00   5.412372e-02
  1.161099e+00   3.985228e+00   5.376220e-02
  1.165440e+00   3.996040e+00   5.355000e-02
  1.169781e+00   3.967616e+00   5.327148e-02
  1.174121e+00   3.922896e+00   5.297696e-02
  1.178462e+00   3.812380e+00   5.268596e-02
  1.182802e+00   3.729852e+00   5.242336e-02
  1.187143e+00   3.683976e+00   5.224008e-02
  1.191483e+00   3.620448e+00   5.204272e-02
  1.195824e+00   3.552856e+00   5.184972e-02
  1.200164e+00   3.506680e+00   5.169420e-02
  1.204505e+00   3.453968e+00   5.150520e-02
  1.208846e+00   3.386204e+00   5.132240e-02
  1.213186e+00   3.449020e+00   5.132296e-02
  1.217527e+00   3.438164e+00   5.120272e-02
  1.221867e+00   3.345168e+00   5.098124e-02
  1.226208e+00   3.286300e+00   5.082704e-02
  1.230548e+00   3.233284e+00   5.065580e-02
  1.234889e+00   3.162192e+00   5.046748e-02
  1.239229e+00   3.103472e+00   5.027600e-02
  1.243570e+00   3.077652e+00   5.020364e-02
  1.247911e+00   3.020256e+00   5.005596e-02
  1.252251e+00   3.039000e+00   4.999808e-02
  1.256592e+00   3.015896e+00   4.990140e-02
  1.260932e+00   2.977720e+00   4.973652e-02
  1.265273e+00   3.009532e+00   4.969720e-02
  1.269613e+00   2.897780e+00   4.944652e-02
  1.273954e+00   2.868604e+00   4.934304e-02
  1.278295e+00   2.852716e+00   4.927260e-02
  1.282635e+00   2.861368e+00   4.919688e-02
  1.286976e+00   2.782296e+00   4.903572e-02
  1.291316e+00   2.740864e+00   4.889700e-02
  1.295657e+00   2.699476e+00   4.878304e-02
  1.299997e+00   2.661912e+00   4.867060e-02
  1.304338e+00   2.613352e+00   4.852888e-02
  1.308678e+00   2.633608e+00   4.848816e-02
  1.313019e+00   2.536788e+00   4.831192e-02
  1.317360e+00   2.503844e+00   4.817600e-02
  1.321700e+00   2.536096e+00   4.816704e-02
  1.326041e+00   2.488468e+00   4.803820e-02
  1.330381e+00   2.396420e+00   4.784728e-02
  1.334722e+00   2.434808e+00   4.775248e-02
  1.339062e+00   2.393284e+00   4.753744e-02
  1.343403e+00   2.416420e+00   4.747844e-02
  1.347743e+00   2.294492e+00   4.723256e-02
  1.352084e+00   2.355200e+00   4.717136e-02
  1.356425e+00   2.322040e+00   4.702868e-02
  1.360765e+00   2.244424e+00   4.680172e-02
  1.365106e+00   2.168768e+00   4.657148e-02
  1.369446e+00   2.154992e+00   4.641824e-02
  1.373787e+00   2.143596e+00   4.627252e-02
  1.378127e+00   2.189376e+00   4.622656e-02
  1.382468e+00   2.128144e+00   4.607856e-02
  1.386808e+00   2.104540e+00   4.596432e-02
  1.391149e+00   2.043848e+00   4.581348e-02
  1.395490e+00   2.054172e+00   4.577408e-02
  1.399830e+00   2.038636e+00   4.570484e-02
  1.404171e+00   1.970060e+00   4.561000e-02
  1.408511e+00   1.971996e+00   4.556028e-02
  1.412852e+00   1.915368e+00   4.542376e-02
  1.417192e+00   1.874032e+00   4.532124e-02
  1.421533e+00   1.853480e+00   4.522992e-02
  1.425873e+00   1.872088e+00   4.519740e-02
  1.430214e+00   1.856520e+00   4.512864e-02
  1.434555e+00   1.808964e+00   4.505140e-02
  1.438895e+00   1.826076e+00   4.503588e-02
  1.443236e+00   1.816084e+00   4.493088e-02
  1.447576e+00   1.759000e+00   4.483664e-02
  1.451917e+00   1.774772e+00   4.480084e-02
  1.456257e+00   1.713296e+00   4.464748e-02
  1.460598e+00   1.754736e+00   4.465832e-02
  1.464939e+00   1.703452e+00   4.448884e-02
  1.469279e+00   1.704928e+00   4.438108e-02
  1.473620e+00   1.627088e+00   4.421748e-02
  1.477960e+00   1.630436e+00   4.412228e-02
  1.482301e+00   1.582832e+00   4.397792e-02
  1.486641e+00   1.601232e+00   4.395424e-02
  1.490982e+00   1.504752e+00   4.376832e-02
  1.495322e+00   1.554220e+00   4.376332e-02
  1.499663e+00   1.489004e+00   4.365888e-02
  1.504004e+00   1.530772e+00   4.367844e-02
  1.508344e+00   1.491588e+00   4.355488e-02
  1.512685e+00   1.444572e+00   4.347484e-02
  1.517025e+00   1.477448e+00   4.356728e-02
  1.521366e+00   1.440780e+00   4.355144e-02
  1.525706e+00   1.466572e+00   4.359692e-02
  1.530047e+00   1.424064e+00   4.350924e-02
  1.534387e+00   1.326384e+00   4.332756e-02
  1.538728e+00   1.314164e+00   4.327064e-02
  1.543069e+00   1.322208e+00   4.323740e-02
  1.547409e+00   1.341876e+00   4.324036e-02
  1.551750e+00   1.315716e+00   4.310996e-02
  1.556090e+00   1.321292e+00   4.308400e-02
  1.560431e+00   1.310552e+00   4.302748e-02
  1.564771e+00   1.282912e+00   4.293616e-02
  1.569112e+00   1.312652e+00   4.295620e-02
  1.573452e+00   1.260008e+00   4.277816e-02
  1.577793e+00   1.203172e+00   4.267968e-02
  1.582134e+00   1.205652e+00   4.262996e-02
  1.586474e+00   1.166896e+00   4.256472e-02
  1.590815e+00   1.156324e+00   4.251360e-02
  1.595155e+00   1.151772e+00   4.243148e-02
  1.599496e+00   1.142124e+00   4.238344e-02
  1.603836e+00   1.189488e+00   4.241388e-02
  1.608177e+00   1.128208e+00   4.225384e-02
  1.612518e+00   1.139328e+00   4.225196e-02
  1.616858e+00   1.116912e+00   4.218840e-02
  1.621199e+00   1.099084e+00   4.213156e-02
  1.625539e+00   1.053636e+00   4.202896e-02
  1.629880e+00   1.093144e+00   4.199964e-02
  1.634220e+00   1.112428e+00   4.198104e-02
  1.638561e+00   1.106196e+00   4.196656e-02
  1.642901e+00   1.071040e+00   4.186088e-02
  1.647242e+00   1.054356e+00   4.178060e-02
  1.651583e+00   1.012984e+00   4.168196e-02
  1.655923e+00   9.473600e-01   4.156976e-02
  1.660264e+00   1.030956e+00   4.163292e-02
  1.664604e+00   1.031596e+00   4.159076e-02
  1.668945e+00   9.985880e-01   4.149732e-02
  1.673285e+00   9.769640e-01   4.143396e-02
  1.677626e+00   9.505920e-01   4.136976e-02
  1.681966e+00   8.954120e-01   4.126084e-02
  1.686307e+00   8.721320e-01   4.117900e-02
  1.690648e+00   9.304560e-01   4.120836e-02
  1.694988e+00   9.241800e-01   4.119540e-02
  1.699329e+00   9.041040e-01   4.109612e-02
  1.703669e+00   9.066160e-01   4.104236e-02
  1.708010e+00   9.011640e-01   4.099064e-02
  1.712350e+00   8.655360e-01   4.091288e-02
  1.716691e+00   8.731920e-01   4.087108e-02
  1.721031e+00   8.083440e-01   4.078600e-02
  1.725372e+00   7.939760e-01   4.072392e-02
  1.729713e+00   8.735280e-01   4.078256e-02
  1.734053e+00   8.764360e-01   4.074768e-02
  1.738394e+00   8.146000e-01   4.064148e-02
  1.742734e+00   8.212000e-01   4.056968e-02
  1.747075e+00   7.879040e-01   4.048368e-02
  1.751415e+00   7.407520e-01   4.045236e-02
  1.755756e+00   7.230160e-01   4.037736e-02
  1.760097e+00   7.354720e-01   4.033820e-02
  1.764437e+00   7.392280e-01   4.028216e-02
  1.768778e+00   6.561720e-01   4.014208e-02
  1.773118e+00   7.366880e-01   4.018988e-02
  1.777459e+00   6.497120e-01   4.003752e-02
  1.781799e+00   6.838800e-01   4.005628e-02
  1.786140e+00   7.182080e-01   4.004648e-02
  1.790480e+00   6.946720e-01   4.000616e-02
  1.794821e+00   6.925320e-01   3.993986e-02
  1.799162e+00   6.556280e-01   3.987251e-02
  1.803502e+00   6.476640e-01   3.982374e-02
  1.807843e+00   5.955600e-01   3.969359e-02
  1.812183e+00   5.798520e-01   3.964192e-02
  1.816524e+00   6.465680e-01   3.968238e-02
  1.820864e+00   6.899720e-01   3.971095e-02
  1.825205e+00   6.790840e-01   3.965868e-02
  1.829545e+00   6.455320e-01   3.956742e-02
  1.833886e+00   5.770720e-01   3.945996e-02
  1.838227e+00   5.821480e-01   3.944608e-02
  1.842567e+00   5.707080e-01   3.940463e-02
  1.846908e+00   5.671880e-01   3.955832e-02
  1.851248e+00   5.631800e-01   4.051908e-02
  1.855589e+00   5.466400e-01   4.107604e-02
  1.859929e+00   5.702040e-01   4.152964e-02
  1.864270e+00   5.112720e-01   4.182124e-02
  1.868610e+00   5.542160e-01   4.221128e-02
  1.872951e+00   5.600600e-01   4.248592e-02
  1.877292e+00   5.066400e-01   4.268988e-02
  1.881632e+00   5.399560e-01   4.301420e-02
  1.885973e+00   5.357040e-01   4.325344e-02
  1.890313e+00   5.515720e-01   4.348880e-02
  1.894654e+00   5.060880e-01   4.364068e-02
  1.898994e+00   4.510200e-01   4.376648e-02
  1.903335e+00   4.621280e-01   4.400316e-02
  1.907675e+00   4.382440e-01   4.417252e-02
  1.912016e+00   4.600920e-01   4.419068e-02
  1.916357e+00   5.245080e-01   4.326188e-02
  1.920697e+00   4.976440e-01   4.254392e-02
  1.925038e+00   4.352480e-01   4.205772e-02
  1.929378e+00   4.452440e-01   4.179016e-02
  1.933719e+00   4.284040e-01   4.152832e-02
  1.938059e+00   4.286520e-01   4.130732e-02
  1.942400e+00   4.416120e-01   4.116048e-02
  1.946741e+00   4.174040e-01   4.097140e-02
  1.951081e+00   3.792800e-01   4.077004e-02
  1.955422e+00   4.613640e-01   4.073908e-02
  1.959762e+00   5.249040e-01   4.067156e-02
  1.964103e+00   4.175440e-01   4.044752e-02
  1.968443e+00   4.072240e-01   4.030956e-02
  1.972784e+00   4.400480e-01   4.024468e-02
  1.977124e+00   4.735640e-01   4.020636e-02
  1.981465e+00   3.822680e-01   3.999868e-02
  1.985806e+00   3.510360e-01   3.989688e-02
  1.990146e+00   4.378520e-01   3.993564e-02
  1.994487e+00   3.983880e-01   3.980024e-02
  1.998827e+00   3.804600e-01   3.966865e-02
  2.003168e+00   4.356360e-01   3.965956e-02
  2.007508e+00   3.730760e-01   3.954390e-02
  2.011849e+00   3.512560e-01   3.942646e-02
  2.016189e+00   3.589800e-01   3.939006e-02
  2.020530e+00   3.607960e-01   3.932564e-02
  2.024871e+00   3.558600e-01   3.925067e-02
  2.029211e+00   3.948000e-01   3.919927e-02
  2.033552e+00   3.523560e-01   3.904484e-02
  2.037892e+00   3.717520e-01   3.893517e-02
  2.042233e+00   4.085440e-01   3.888942e-02
  2.046573e+00   3.801560e-01   3.875036e-02
  2.050914e+00   3.476920e-01   3.859095e-02
  2.055254e+00   3.495000e-01   3.851094e-02
  2.059595e+00   3.781640e-01   3.844738e-02
  2.063936e+00   3.665280e-01   3.830982e-02
  2.068276e+00   3.719920e-01   3.822124e-02
  2.072617e+00   3.066600e-01   3.804844e-02
  2.076957e+00   3.134760e-01   3.795496e-02
  2.081298e+00   2.909200e-01   3.783464e-02
  2.085638e+00   3.556200e-01   3.782597e-02
  2.089979e+00   3.328640e-01   3.775778e-02
  2.094320e+00   3.532080e-01   3.770744e-02
  2.098660e+00   3.055440e-01   3.763176e-02
  2.103001e+00   3.682560e-01   3.766526e-02
  2.107341e+00   3.377200e-01   3.757550e-02
  2.111682e+00   3.645440e-01   3.758967e-02
  2.116022e+00   3.551480e-01   3.751763e-02
  2.120363e+00   3.001960e-01   3.737442e-02
  2.124703e+00   3.175440e-01   3.729681e-02
  2.129044e+00   3.244680e-01   3.724584e-02
  2.133385e+00   3.302680e-01   3.720182e-02
  2.137725e+00   2.775520e-01   3.710326e-02
  2.142066e+00   3.030040e-01   3.711979e-02
  2.146406e+00   3.218200e-01   3.707940e-02
  2.150747e+00   3.011320e-01   3.703098e-02
  2.155087e+00   3.481960e-01   3.703424e-02
  2.159428e+00   3.496320e-01   3.699945e-02
  2.163768e+00   3.043680e-01   3.693204e-02
  2.168109e+00   3.430240e-01   3.691630e-02
  2.172450e+00   3.073400e-01   3.685961e-02
  2.176790e+00   2.950040e-01   3.684347e-02
  2.181131e+00   2.405400e-01   3.679942e-02
  2.185471e+00   2.857240e-01   3.683956e-02
  2.189812e+00   3.079440e-01   3.681056e-02
  2.194152e+00   3.074080e-01   3.680577e-02
  2.198493e+00   2.687360e-01   3.672813e-02
  2.202833e+00   2.789480e-01   3.671698e-02
  2.207174e+00   2.910800e-01   3.667679e-02
  2.211515e+00   3.223000e-01   3.668498e-02
  2.215855e+00   3.149400e-01   3.664404e-02
  2.220196e+00   2.817400e-01   3.658252e-02
  2.224536e+00   2.937920e-01   3.657205e-02
  2.228877e+00   3.228000e-01   3.654745e-02
  2.233217e+00   2.871480e-01   3.647990e-02
  2.237558e+00   3.113200e-01   3.644619e-02
  2.241899e+00   2.879400e-01   3.640603e-02
  2.246239e+00   3.013120e-01   3.639029e-02
  2.250580e+00   2.748040e-01   3.632951e-02
  2.254920e+00   2.745120e-01   3.629356e-02
  2.259261e+00   3.059440e-01   3.629030e-02
  2.263601e+00   2.690560e-01   3.622176e-02
  2.267942e+00   2.283400e-01   3.615080e-02
  2.272282e+00   2.720320e-01   3.617126e-02
  2.276623e+00   2.912120e-01   3.615808e-02
  2.280964e+00   2.313960e-01   3.604420e-02
  2.285304e+00   2.188280e-01   3.603980e-02
  2.289645e+00   2.674920e-01   3.603196e-02
  2.293985e+00   2.421440e-01   3.597456e-02
  2.298326e+00   3.070440e-01   3.601560e-02
  2.302666e+00   2.730720e-01   3.593945e-02
  2.307007e+00   2.606320e-01   3.592623e-02
  2.311347e+00   2.185480e-01   3.583869e-02
  2.315688e+00   2.881200e-01   3.583610e-02
  2.320029e+00   2.600640e-01   3.578417e-02
  2.324369e+00   2.707560e-01   3.577152e-02
  2.328710e+00   2.775800e-01   3.573161e-02
  2.333050e+00   2.496600e-01   3.569134e-02
  2.337391e+00   2.463480e-01   3.566092e-02
  2.341731e+00   2.787520e-01   3.561939e-02
  2.346072e+00   2.433960e-01   3.559465e-02
  2.350412e+00   2.572960e-01   3.557459e-02
  2.354753e+00   2.626040e-01   3.555644e-02
  2.359094e+00   2.953480e-01   3.555260e-02
  2.363434e+00   2.835680e-01   3.546156e-02
  2.367775e+00   2.311080e-01   3.538708e-02
  2.372115e+00   2.019760e-01   3.533888e-02
  2.376456e+00   2.897600e-01   3.541524e-02
  2.380796e+00   2.337800e-01   3.533916e-02
  2.385137e+00   1.762440e-01   3.522122e-02
  2.389478e+00   2.141880e-01   3.523685e-02
  2.393818e+00   2.478600e-01   3.524426e-02
  2.398159e+00   2.337440e-01   3.518730e-02
  2.402499e+00   2.791720e-01   3.521917e-02
  2.406840e+00   2.644520e-01   3.515504e-02
  2.411180e+00   2.749760e-01   3.516364e-02
  2.415521e+00   2.620840e-01   3.510039e-02
  2.419861e+00   2.830800e-01   3.510452e-02
  2.424202e+00   2.763200e-01   3.506223e-02
  2.428543e+00   2.795320e-01   3.503181e-02
  2.432883e+00   2.480160e-01   3.495818e-02
  2.437224e+00   1.861960e-01   3.486268e-02
  2.441564e+00   2.241400e-01   3.485646e-02
  2.445905e+00   2.805640e-01   3.486071e-02
  2.450245e+00   2.817960e-01   3.486720e-02
  2.454586e+00   2.863240e-01   3.486569e-02
  2.458926e+00   2.590400e-01   3.479859e-02
  2.463267e+00   2.485520e-01   3.471667e-02
  2.467608e+00   2.167200e-01   3.468200e-02
  2.471948e+00   2.687760e-01   3.470736e-02
  2.476289e+00   2.562160e-01   3.467623e-02
  2.480629e+00   2.239280e-01   3.458809e-02
  2.484970e+00   2.485800e-01   3.458702e-02
  2.489310e+00   2.446560e-01   3.456567e-02
  2.493651e+00   2.769880e-01   3.456421e-02
  2.497991e+00   2.531280e-01   3.451650e-02
  2.502332e+00   2.596480e-01   3.450565e-02
  2.506673e+00   2.982280e-01   3.450934e-02
  2.511013e+00   2.702720e-01   3.445474e-02
  2.515354e+00   2.218120e-01   3.436525e-02
  2.519694e+00   2.337800e-01   3.435416e-02
  2.524035e+00   2.995640e-01   3.439834e-02
  2.528375e+00   2.482920e-01   3.432195e-02
  2.532716e+00   2.630680e-01   3.429153e-02
  2.537056e+00   2.385200e-01   3.422621e-02
  2.541397e+00   2.588160e-01   3.425363e-02
  2.545738e+00   2.816320e-01   3.420867e-02
  2.550078e+00   2.520520e-01   3.416332e-02
  2.554419e+00   2.131200e-01   3.407884e-02
  2.558759e+00   2.153440e-01   3.403380e-02
  2.563100e+00   2.373960e-01   3.407039e-02
  2.567440e+00   2.381280e-01   3.404868e-02
  2.571781e+00   2.023280e-01   3.396260e-02
  2.576122e+00   1.645040e-01   3.389778e-02
  2.580462e+00   1.987320e-01   3.391984e-02
  2.584803e+00   2.365600e-01   3.391031e-02
  2.589143e+00   2.645160e-01   3.390227e-02
  2.593484e+00   2.592960e-01   3.388149e-02
  2.597824e+00   2.537040e-01   3.384576e-02
  2.602165e+00   2.328120e-01   3.381038e-02
  2.606505e+00   2.176160e-01   3.376650e-02
  2.610846e+00   2.335920e-01   3.373918e-02
  2.615187e+00   2.470000e-01   3.372128e-02
  2.619527e+00   2.422240e-01   3.368069e-02
  2.623868e+00   2.127760e-01   3.361690e-02
  2.628208e+00   2.136680e-01   3.361372e-02
  2.632549e+00   2.106280e-01   3.358166e-02
  2.636889e+00   2.142360e-01   3.354538e-02
  2.641230e+00   2.276640e-01   3.353279e-02
  2.645570e+00   2.241160e-01   3.350749e-02
  2.649911e+00   2.656360e-01   3.353904e-02
  2.654252e+00   2.413880e-01   3.353087e-02
  2.658592e+00   2.086040e-01   3.384508e-02
  2.662933e+00   2.242880e-01   3.447506e-02
  2.667273e+00   2.728320e-01   3.493077e-02
  2.671614e+00   2.431040e-01   3.519923e-02
  2.675954e+00   2.922520e-01   3.550051e-02
  2.680295e+00   2.360200e-01   3.566627e-02
  2.684635e+00   2.338320e-01   3.593367e-02
  2.688976e+00   2.624840e-01   3.618719e-02
  2.693317e+00   2.316000e-01   3.631280e-02
  2.697657e+00   2.498280e-01   3.647552e-02
  2.701998e+00   2.488040e-01   3.662471e-02
  2.706338e+00   2.602160e-01   3.681838e-02
  2.710679e+00   2.479080e-01   3.695953e-02
  2.715019e+00   2.398640e-01   3.708865e-02
  2.719360e+00   1.864280e-01   3.720589e-02
  2.723701e+00   1.932920e-01   3.689780e-02
  2.728041e+00   2.164120e-01   3.622187e-02
  2.732382e+00   2.527720e-01   3.583577e-02
  2.736722e+00   2.478800e-01   3.560096e-02
  2.741063e+00   1.965960e-01   3.535213e-02
  2.745403e+00   2.146040e-01   3.517273e-02
  2.749744e+00   2.217840e-01   3.506507e-02
  2.754084e+00   2.006920e-01   3.488137e-02
  2.758425e+00   2.023960e-01   3.477368e-02
  2.762766e+00   2.062920e-01   3.468439e-02
  2.767106e+00   2.354440e-01   3.463620e-02
  2.771447e+00   2.117320e-01   3.450967e-02
  2.775787e+00   2.344440e-01   3.446282e-02
  2.780128e+00   2.515520e-01   3.440743e-02
  2.784468e+00   2.411080e-01   3.431238e-02
  2.788809e+00   2.477120e-01   3.420800e-02
  2.793149e+00   2.093280e-01   3.403546e-02
  2.797490e+00   2.214920e-01   3.393548e-02
  2.801831e+00   2.130920e-01   3.382810e-02
  2.806171e+00   2.528680e-01   3.378646e-02
  2.810512e+00   2.385240e-01   3.367956e-02
  2.814852e+00   1.825800e-01   3.351075e-02
  2.819193e+00   2.677000e-01   3.352264e-02
  2.823533e+00   2.496880e-01   3.340753e-02
  2.827874e+00   2.491160e-01   3.332251e-02
  2.832214e+00   1.859040e-01   3.314923e-02
  2.836555e+00   1.969800e-01   3.306440e-02
  2.840896e+00   2.182080e-01   3.300186e-02
  2.845236e+00   2.020840e-01   3.290249e-02
  2.849577e+00   2.083560e-01   3.286604e-02
  2.853917e+00   1.866680e-01   3.277147e-02
  2.858258e+00   2.123640e-01   3.270844e-02
  2.862598e+00   2.338240e-01   3.270589e-02
  2.866939e+00   2.386800e-01   3.267464e-02
  2.871280e+00   2.181400e-01   3.261650e-02
  2.875620e+00   1.888480e-01   3.253310e-02
  2.879961e+00   2.116800e-01   3.255858e-02
  2.884301e+00   2.049400e-01   3.251826e-02
  2.888642e+00   2.178480e-01   3.249356e-02
  2.892982e+00   2.058680e-01   3.245248e-02
  2.897323e+00   2.036280e-01   3.241098e-02
  2.901663e+00   2.415320e-01   3.240292e-02
  2.906004e+00   2.036480e-01   3.232639e-02
  2.910345e+00   2.042040e-01   3.233043e-02
  2.914685e+00   1.784240e-01   3.236867e-02
  2.919026e+00   2.454080e-01   3.291534e-02
  2.923366e+00   2.691000e-01   3.350623e-02
  2.927707e+00   2.143600e-01   3.371305e-02
  2.932047e+00   1.922480e-01   3.384499e-02
  2.936388e+00   2.185920e-01   3.405346e-02
  2.940728e+00   2.377240e-01   3.430173e-02
  2.945069e+00   2.166640e-01   3.445883e-02
  2.949410e+00   1.978160e-01   3.460042e-02
  2.953750e+00   1.874640e-01   3.473601e-02
  2.958091e+00   1.893280e-01   3.487908e-02
  2.962431e+00   2.179160e-01   3.510359e-02
  2.966772e+00   2.204360e-01   3.519526e-02
  2.971112e+00   2.139600e-01   3.518335e-02
  2.975453e+00   2.087440e-01   3.526125e-02
  2.979793e+00   1.740920e-01   3.526366e-02
  2.984134e+00   1.656440e-01   3.531897e-02
  2.988475e+00   2.106240e-01   3.538437e-02
  2.992815e+00   1.898080e-01   3.540639e-02
  2.997156e+00   2.356160e-01   3.545386e-02
  3.001496e+00   2.133720e-01   3.549524e-02
  3.005837e+00   2.077920e-01   3.553203e-02
  3.010177e+00   2.328600e-01   3.562009e-02
  3.014518e+00   2.233360e-01   3.563039e-02
  3.018858e+00   2.079560e-01   3.564694e-02
  3.023199e+00   2.573200e-01   3.572944e-02
  3.027540e+00   2.270240e-01   3.573233e-02
  3.031880e+00   2.522720e-01   3.577033e-02
  3.036221e+00   2.115880e-01   3.572326e-02
  3.040561e+00   2.042400e-01   3.580470e-02
  3.044902e+00   2.086440e-01   3.583420e-02
  3.049242e+00   2.037520e-01   3.586790e-02
  3.053583e+00   1.543680e-01   3.581923e-02
  3.057924e+00   1.933240e-01   3.586824e-02
  3.062264e+00   1.544200e-01   3.583996e-02
  3.066605e+00   2.185120e-01   3.595246e-02
  3.070945e+00   2.538800e-01   3.602356e-02
  3.075286e+00   2.328360e-01   3.602430e-02
  3.079626e+00   1.694160e-01   3.594795e-02
  3.083967e+00   2.168440e-01   3.602028e-02
  3.088307e+00   1.975520e-01   3.603618e-02
  3.092648e+00   1.804120e-01   3.605721e-02
  3.096989e+00   1.993320e-01   3.609799e-02
  3.101329e+00   2.473840e-01   3.611879e-02
  3.105670e+00   2.054960e-01   3.602167e-02
  3.110010e+00   1.912800e-01   3.596197e-02
  3.114351e+00   2.176640e-01   3.593894e-02
  3.118691e+00   2.174160e-01   3.590270e-02
  3.123032e+00   1.945040e-01   3.589789e-02
  3.127372e+00   1.848760e-01   3.591057e-02
  3.131713e+00   1.844040e-01   3.596252e-02
  3.136054e+00   2.054120e-01   3.599129e-02
  3.140394e+00   1.786960e-01   3.596726e-02
  3.144735e+00   2.328680e-01   3.606851e-02
  3.149075e+00   2.072640e-01   3.603478e-02
  3.153416e+00   2.050360e-01   3.603613e-02
  3.157756e+00   1.812680e-01   3.602089e-02
  3.162097e+00   2.394440e-01   3.610061e-02
  3.166437e+00   2.558640e-01   3.611465e-02
  3.170778e+00   2.389120e-01   3.612894e-02
  3.175119e+00   2.421280e-01   3.613750e-02
  3.179459e+00   2.082360e-01   3.615058e-02
  3.183800e+00   2.275920e-01   3.616029e-02
  3.188140e+00   1.630000e-01   3.606477e-02
  3.192481e+00   1.896320e-01   3.611039e-02
  3.196821e+00   2.374080e-01   3.621203e-02
  3.201162e+00   2.700400e-01   3.625268e-02
  3.205503e+00   2.799560e-01   3.626246e-02
  3.209843e+00   2.367920e-01   3.621928e-02
  3.214184e+00   2.050240e-01   3.617853e-02
  3.218524e+00   2.305080e-01   3.623312e-02
  3.222865e+00   2.241880e-01   3.626402e-02
  3.227205e+00   2.193480e-01   3.622506e-02
  3.231546e+00   1.974920e-01   3.625893e-02
  3.235886e+00   1.976280e-01   3.626786e-02
  3.240227e+00   1.879440e-01   3.623322e-02
  3.244568e+00   2.273800e-01   3.632701e-02
  3.248908e+00   1.711920e-01   3.625511e-02
  3.253249e+00   2.029640e-01   3.630046e-02
  3.257589e+00   2.602840e-01   3.637663e-02
  3.261930e+00   2.400920e-01   3.635288e-02
  3.266270e+00   1.931040e-01   3.629079e-02
  3.270611e+00   2.029400e-01   3.631046e-02
  3.274951e+00   1.793200e-01   3.631254e-02
  3.279292e+00   1.853880e-01   3.633136e-02
  3.283633e+00   2.275800e-01   3.641189e-02
  3.287973e+00   1.956200e-01   3.638148e-02
  3.292314e+00   1.481560e-01   3.633071e-02
  3.296654e+00   2.143440e-01   3.642374e-02
  3.300995e+00   1.988560e-01   3.637532e-02
  3.305335e+00   1.635800e-01   3.635225e-02
  3.309676e+00   1.755520e-01   3.635231e-02
  3.314016e+00   1.586960e-01   3.637313e-02
  3.318357e+00   1.195080e-01   3.634096e-02
  3.322698e+00   1.873640e-01   3.642044e-02
  3.327038e+00   2.332040e-01   3.647430e-02
  3.331379e+00   1.522960e-01   3.639211e-02
  3.335719e+00   1.882440e-01   3.642858e-02
  3.340060e+00   1.860760e-01   3.643160e-02
  3.344400e+00   1.853520e-01   3.645740e-02
  3.348741e+00   2.720960e-01   3.655998e-02
  3.353082e+00   1.797760e-01   3.645041e-02
  3.357422e+00   2.082560e-01   3.652975e-02
  3.361763e+00   2.040600e-01   3.651093e-02
  3.366103e+00   2.158680e-01   3.653558e-02
  3.370444e+00   2.036160e-01   3.651777e-02
  3.374784e+00   1.930920e-01   3.649528e-02
  3.379125e+00   1.857960e-01   3.649205e-02
  3.383465e+00   1.725960e-01   3.652338e-02
  3.387806e+00   1.820720e-01   3.650560e-02
  3.392147e+00   2.150560e-01   3.656443e-02
  3.396487e+00   1.555800e-01   3.651109e-02
  3.400828e+00   2.089160e-01   3.658944e-02
  3.405168e+00   2.013400e-01   3.658167e-02
  3.409509e+00   1.894560e-01   3.657980e-02
  3.413849e+00   1.541200e-01   3.653880e-02
  3.418190e+00   1.940120e-01   3.657508e-02
  3.422530e+00   1.969560e-01   3.660254e-02
  3.426871e+00   2.135360e-01   3.660885e-02
  3.431212e+00   1.712160e-01   3.658406e-02
  3.435552e+00   1.702720e-01   3.656799e-02
  3.439893e+00   1.714600e-01   3.654376e-02
  3.444233e+00   1.612800e-01   3.655172e-02
  3.448574e+00   2.143120e-01   3.665251e-02
  3.452914e+00   2.364280e-01   3.664661e-02
  3.457255e+00   2.080080e-01   3.656788e-02
  3.461595e+00   1.894760e-01   3.650672e-02
  3.465936e+00   1.966560e-01   3.679304e-02
  3.470277e+00   1.760320e-01   3.797324e-02
  3.474617e+00   1.920560e-01   3.870497e-02
  3.478958e+00   1.511640e-01   3.911989e-02
  3.483298e+00   2.068680e-01   3.964519e-02
  3.487639e+00   2.141720e-01   4.006212e-02
  3.491979e+00   1.382760e-01   4.040048e-02
  3.496320e+00   1.764080e-01   4.086348e-02
  3.500661e+00   2.014720e-01   4.131000e-02
  3.505001e+00   1.680560e-01   4.168756e-02
  3.509342e+00   2.002000e-01   4.210384e-02
  3.513682e+00   2.185520e-01   4.253104e-02
  3.518023e+00   2.436800e-01   4.292260e-02
  3.522363e+00   2.158480e-01   4.323784e-02
  3.526704e+00   1.509960e-01   4.353168e-02
  3.531044e+00   2.116480e-01   4.398080e-02
  3.535385e+00   1.853160e-01   4.429888e-02
  3.539726e+00   1.939560e-01   4.466916e-02
  3.544066e+00   1.806920e-01   4.499540e-02
  3.548407e+00   1.526880e-01   4.532416e-02
  3.552747e+00   2.401040e-01   4.578648e-02
  3.557088e+00   2.160880e-01   4.605232e-02
  3.561428e+00   2.282400e-01   4.646896e-02
  3.565769e+00   1.798960e-01   4.666984e-02
  3.570109e+00   1.694120e-01   4.687448e-02
  3.574450e+00   2.630800e-01   4.727388e-02
  3.578791e+00   2.760000e-01   4.743980e-02
  3.583131e+00   1.949800e-01   4.745076e-02
  3.587472e+00   1.599240e-01   4.759204e-02
  3.591812e+00   1.907920e-01   4.784072e-02
  3.596153e+00   1.824200e-01   4.804600e-02
  3.600493e+00   1.906080e-01   4.819020e-02
