 27-May-2011       (david_102.dat - 1.0*Aver(david_101.dat,david_103.dat) /  5
david_102.da  Conc = .56E+01  N1 =    1  N2 = 2178
david_101.da  Conc = 0.0d+0   N1 =    1  N2 = 2178
david_103.da  Conc = 0.0d+0   N1 =    1  N2 = 2178
  0.671010E-01  0.428507E+02  0.150206E+02
  0.698361E-01  0.371583E+02  0.120745E+02
  0.725712E-01  0.408993E+02  0.103735E+02
  0.753062E-01  0.408354E+02  0.888490E+01
  0.780413E-01  0.392302E+02  0.788737E+01
  0.807764E-01  0.410333E+02  0.701864E+01
  0.835115E-01  0.405198E+02  0.626226E+01
  0.862466E-01  0.398327E+02  0.557680E+01
  0.889817E-01  0.376583E+02  0.493428E+01
  0.917168E-01  0.426385E+02  0.448822E+01
  0.944518E-01  0.394002E+02  0.405763E+01
  0.971869E-01  0.409577E+02  0.362839E+01
  0.999220E-01  0.427176E+02  0.330045E+01
  0.102657E+00  0.424092E+02  0.301421E+01
  0.105392E+00  0.388327E+02  0.268213E+01
  0.108127E+00  0.414397E+02  0.248770E+01
  0.110862E+00  0.407536E+02  0.224936E+01
  0.113597E+00  0.399541E+02  0.208821E+01
  0.116333E+00  0.429281E+02  0.196225E+01
  0.119068E+00  0.399829E+02  0.174270E+01
  0.121803E+00  0.408174E+02  0.167163E+01
  0.124538E+00  0.405459E+02  0.151786E+01
  0.127273E+00  0.396763E+02  0.143743E+01
  0.130008E+00  0.403885E+02  0.134458E+01
  0.132743E+00  0.415046E+02  0.122535E+01
  0.135478E+00  0.422104E+02  0.119278E+01
  0.138213E+00  0.407036E+02  0.108994E+01
  0.140948E+00  0.399007E+02  0.103948E+01
  0.143683E+00  0.407574E+02  0.985501E+00
  0.146418E+00  0.402654E+02  0.914917E+00
  0.149154E+00  0.412751E+02  0.910014E+00
  0.151889E+00  0.407122E+02  0.838351E+00
  0.154624E+00  0.402344E+02  0.786370E+00
  0.157359E+00  0.404497E+02  0.754892E+00
  0.160094E+00  0.402723E+02  0.723288E+00
  0.162829E+00  0.399225E+02  0.713943E+00
  0.165564E+00  0.393617E+02  0.654925E+00
  0.168299E+00  0.400140E+02  0.638461E+00
  0.171034E+00  0.393702E+02  0.610038E+00
  0.173769E+00  0.393912E+02  0.592541E+00
  0.176504E+00  0.389514E+02  0.578000E+00
  0.179240E+00  0.384298E+02  0.534857E+00
  0.181975E+00  0.393363E+02  0.540859E+00
  0.184710E+00  0.389136E+02  0.516428E+00
  0.187445E+00  0.385932E+02  0.504028E+00
  0.190180E+00  0.384952E+02  0.477458E+00
  0.192915E+00  0.382998E+02  0.469140E+00
  0.195650E+00  0.384458E+02  0.467930E+00
  0.198385E+00  0.384194E+02  0.446625E+00
  0.201120E+00  0.377923E+02  0.430574E+00
  0.203855E+00  0.377878E+02  0.425662E+00
  0.206590E+00  0.382985E+02  0.411135E+00
  0.209325E+00  0.375247E+02  0.399140E+00
  0.212061E+00  0.375944E+02  0.381090E+00
  0.214796E+00  0.373182E+02  0.374032E+00
  0.217531E+00  0.370178E+02  0.364447E+00
  0.220266E+00  0.370336E+02  0.360924E+00
  0.223001E+00  0.370248E+02  0.352106E+00
  0.225736E+00  0.365638E+02  0.344571E+00
  0.228471E+00  0.372013E+02  0.346449E+00
  0.231206E+00  0.370400E+02  0.338351E+00
  0.233941E+00  0.368628E+02  0.336675E+00
  0.236676E+00  0.368292E+02  0.327488E+00
  0.239411E+00  0.366018E+02  0.328710E+00
  0.242146E+00  0.362092E+02  0.325465E+00
  0.244882E+00  0.362865E+02  0.318498E+00
  0.247617E+00  0.359637E+02  0.318900E+00
  0.250352E+00  0.358153E+02  0.311969E+00
  0.253087E+00  0.356938E+02  0.314075E+00
  0.255822E+00  0.351789E+02  0.306066E+00
  0.258557E+00  0.354474E+02  0.303377E+00
  0.261292E+00  0.350840E+02  0.302704E+00
  0.264027E+00  0.348903E+02  0.298545E+00
  0.266762E+00  0.347317E+02  0.298064E+00
  0.269497E+00  0.344016E+02  0.291385E+00
  0.272232E+00  0.347146E+02  0.290402E+00
  0.274968E+00  0.339893E+02  0.289910E+00
  0.277703E+00  0.338917E+02  0.284563E+00
  0.280438E+00  0.339763E+02  0.287790E+00
  0.283173E+00  0.335362E+02  0.276382E+00
  0.285908E+00  0.337059E+02  0.280505E+00
  0.288643E+00  0.333820E+02  0.278547E+00
  0.291378E+00  0.332942E+02  0.271297E+00
  0.294113E+00  0.330863E+02  0.274715E+00
  0.296848E+00  0.329563E+02  0.269072E+00
  0.299583E+00  0.329657E+02  0.272859E+00
  0.302318E+00  0.328082E+02  0.270681E+00
  0.305053E+00  0.323740E+02  0.264538E+00
  0.307789E+00  0.321317E+02  0.266431E+00
  0.310524E+00  0.320470E+02  0.261189E+00
  0.313259E+00  0.318891E+02  0.264672E+00
  0.315994E+00  0.315139E+02  0.259106E+00
  0.318729E+00  0.315079E+02  0.256911E+00
  0.321464E+00  0.313796E+02  0.262433E+00
  0.324199E+00  0.312103E+02  0.255076E+00
  0.326934E+00  0.308663E+02  0.256260E+00
  0.329669E+00  0.312023E+02  0.255403E+00
  0.332404E+00  0.306796E+02  0.250326E+00
  0.335139E+00  0.303897E+02  0.253881E+00
  0.337875E+00  0.302403E+02  0.250154E+00
  0.340610E+00  0.300127E+02  0.246988E+00
  0.343345E+00  0.300090E+02  0.247316E+00
  0.346080E+00  0.297702E+02  0.245643E+00
  0.348815E+00  0.293826E+02  0.244613E+00
  0.351550E+00  0.294161E+02  0.242854E+00
  0.354285E+00  0.290665E+02  0.241928E+00
  0.357020E+00  0.289485E+02  0.240707E+00
  0.359755E+00  0.285067E+02  0.238634E+00
  0.362490E+00  0.289343E+02  0.238525E+00
  0.365225E+00  0.286652E+02  0.237105E+00
  0.367960E+00  0.282546E+02  0.237883E+00
  0.370696E+00  0.280020E+02  0.234989E+00
  0.373431E+00  0.282052E+02  0.234337E+00
  0.376166E+00  0.277896E+02  0.229319E+00
  0.378901E+00  0.274417E+02  0.231912E+00
  0.381636E+00  0.275814E+02  0.229899E+00
  0.384371E+00  0.274670E+02  0.231479E+00
  0.387106E+00  0.271131E+02  0.227385E+00
  0.389841E+00  0.271590E+02  0.225908E+00
  0.392576E+00  0.269242E+02  0.227806E+00
  0.395311E+00  0.265209E+02  0.222484E+00
  0.398046E+00  0.265016E+02  0.223675E+00
  0.400781E+00  0.264571E+02  0.223635E+00
  0.403517E+00  0.264549E+02  0.220475E+00
  0.406252E+00  0.260344E+02  0.224206E+00
  0.408987E+00  0.257588E+02  0.216089E+00
  0.411722E+00  0.257799E+02  0.217539E+00
  0.414457E+00  0.255450E+02  0.217298E+00
  0.417192E+00  0.251264E+02  0.213709E+00
  0.419927E+00  0.252010E+02  0.216103E+00
  0.422662E+00  0.252563E+02  0.213036E+00
  0.425397E+00  0.249872E+02  0.213947E+00
  0.428132E+00  0.246626E+02  0.210731E+00
  0.430867E+00  0.244336E+02  0.208741E+00
  0.433603E+00  0.242839E+02  0.209167E+00
  0.436338E+00  0.239590E+02  0.205285E+00
  0.439073E+00  0.239767E+02  0.208863E+00
  0.441808E+00  0.237682E+02  0.204253E+00
  0.444543E+00  0.237188E+02  0.202700E+00
  0.447278E+00  0.238112E+02  0.206413E+00
  0.450013E+00  0.233857E+02  0.200619E+00
  0.452748E+00  0.232366E+02  0.202986E+00
  0.455483E+00  0.229387E+02  0.198585E+00
  0.458218E+00  0.228421E+02  0.198170E+00
  0.460953E+00  0.227214E+02  0.199448E+00
  0.463688E+00  0.224176E+02  0.197821E+00
  0.466424E+00  0.221346E+02  0.195194E+00
  0.469159E+00  0.223652E+02  0.194689E+00
  0.471894E+00  0.219508E+02  0.194036E+00
  0.474629E+00  0.216580E+02  0.192800E+00
  0.477364E+00  0.216647E+02  0.192531E+00
  0.480099E+00  0.215059E+02  0.190269E+00
  0.482834E+00  0.214375E+02  0.189940E+00
  0.485569E+00  0.210309E+02  0.188959E+00
  0.488304E+00  0.211240E+02  0.188335E+00
  0.491039E+00  0.207654E+02  0.184614E+00
  0.493774E+00  0.204964E+02  0.184691E+00
  0.496509E+00  0.204197E+02  0.184345E+00
  0.499245E+00  0.204401E+02  0.184778E+00
  0.501980E+00  0.203810E+02  0.182364E+00
  0.504715E+00  0.201816E+02  0.183193E+00
  0.507450E+00  0.200888E+02  0.181206E+00
  0.510185E+00  0.196407E+02  0.179724E+00
  0.512920E+00  0.197951E+02  0.179359E+00
  0.515655E+00  0.194360E+02  0.176773E+00
  0.518390E+00  0.192420E+02  0.177231E+00
  0.521125E+00  0.192675E+02  0.177704E+00
  0.523860E+00  0.193658E+02  0.177820E+00
  0.526595E+00  0.188821E+02  0.174124E+00
  0.529331E+00  0.187569E+02  0.173399E+00
  0.532066E+00  0.186151E+02  0.172907E+00
  0.534801E+00  0.184218E+02  0.172356E+00
  0.537536E+00  0.184564E+02  0.171673E+00
  0.540271E+00  0.179673E+02  0.168928E+00
  0.543006E+00  0.180866E+02  0.169557E+00
  0.545741E+00  0.177823E+02  0.168941E+00
  0.548476E+00  0.177951E+02  0.167166E+00
  0.551211E+00  0.177090E+02  0.168613E+00
  0.553946E+00  0.176698E+02  0.166171E+00
  0.556681E+00  0.173408E+02  0.166689E+00
  0.559416E+00  0.172889E+02  0.163818E+00
  0.562152E+00  0.170422E+02  0.162520E+00
  0.564887E+00  0.171660E+02  0.165883E+00
  0.567622E+00  0.169918E+02  0.162270E+00
  0.570357E+00  0.166270E+02  0.162245E+00
  0.573092E+00  0.166947E+02  0.160685E+00
  0.575827E+00  0.162619E+02  0.156509E+00
  0.578562E+00  0.162680E+02  0.159733E+00
  0.581297E+00  0.157759E+02  0.154099E+00
  0.584032E+00  0.164008E+02  0.162066E+00
  0.586767E+00  0.158916E+02  0.155899E+00
  0.589502E+00  0.158423E+02  0.157257E+00
  0.592238E+00  0.157180E+02  0.157223E+00
  0.594973E+00  0.155720E+02  0.152285E+00
  0.597708E+00  0.155555E+02  0.155647E+00
  0.600443E+00  0.152462E+02  0.152449E+00
  0.603178E+00  0.154271E+02  0.154928E+00
  0.605913E+00  0.152181E+02  0.153963E+00
  0.608648E+00  0.150781E+02  0.153228E+00
  0.611383E+00  0.151145E+02  0.153706E+00
  0.614118E+00  0.149792E+02  0.152017E+00
  0.616853E+00  0.146256E+02  0.148375E+00
  0.619588E+00  0.143093E+02  0.146651E+00
  0.622323E+00  0.145662E+02  0.150759E+00
  0.625059E+00  0.145402E+02  0.151051E+00
  0.627794E+00  0.136948E+02  0.139010E+00
  0.630529E+00  0.141408E+02  0.145721E+00
  0.633264E+00  0.142923E+02  0.148119E+00
  0.635999E+00  0.140197E+02  0.146329E+00
  0.638734E+00  0.137396E+02  0.146153E+00
  0.641469E+00  0.136829E+02  0.142402E+00
  0.644204E+00  0.131872E+02  0.139124E+00
  0.646939E+00  0.133693E+02  0.141399E+00
  0.649674E+00  0.136270E+02  0.144810E+00
  0.652409E+00  0.128123E+02  0.136762E+00
  0.655144E+00  0.132548E+02  0.141540E+00
  0.657880E+00  0.130675E+02  0.140619E+00
  0.660615E+00  0.129521E+02  0.139680E+00
  0.663350E+00  0.126775E+02  0.138473E+00
  0.666085E+00  0.125973E+02  0.137085E+00
  0.668820E+00  0.123254E+02  0.136721E+00
  0.671555E+00  0.125390E+02  0.139055E+00
  0.674290E+00  0.124142E+02  0.136514E+00
  0.677025E+00  0.121280E+02  0.134950E+00
  0.679760E+00  0.123895E+02  0.135172E+00
  0.682495E+00  0.123191E+02  0.136793E+00
  0.685230E+00  0.119204E+02  0.133815E+00
  0.687966E+00  0.121814E+02  0.136567E+00
  0.690701E+00  0.117751E+02  0.133519E+00
  0.693436E+00  0.115315E+02  0.131233E+00
  0.696171E+00  0.117356E+02  0.134285E+00
  0.698906E+00  0.117508E+02  0.133756E+00
  0.701641E+00  0.113191E+02  0.130651E+00
  0.704376E+00  0.116719E+02  0.134807E+00
  0.707111E+00  0.109742E+02  0.128449E+00
  0.709846E+00  0.111021E+02  0.129595E+00
  0.712581E+00  0.111639E+02  0.129658E+00
  0.715316E+00  0.109911E+02  0.127997E+00
  0.718051E+00  0.101769E+02  0.121562E+00
  0.720787E+00  0.109160E+02  0.129028E+00
  0.723522E+00  0.106608E+02  0.126731E+00
  0.726257E+00  0.103833E+02  0.125278E+00
  0.728992E+00  0.102721E+02  0.123268E+00
  0.731727E+00  0.999910E+01  0.123839E+00
  0.734462E+00  0.101259E+02  0.124206E+00
  0.737197E+00  0.102227E+02  0.125025E+00
  0.739932E+00  0.976817E+01  0.121497E+00
  0.742667E+00  0.101012E+02  0.124722E+00
  0.745402E+00  0.994128E+01  0.122515E+00
  0.748137E+00  0.999003E+01  0.122718E+00
  0.750872E+00  0.985662E+01  0.122683E+00
  0.753608E+00  0.952975E+01  0.120845E+00
  0.756343E+00  0.973364E+01  0.121728E+00
  0.759078E+00  0.992837E+01  0.124056E+00
  0.761813E+00  0.970282E+01  0.123835E+00
  0.764548E+00  0.936970E+01  0.119075E+00
  0.767283E+00  0.930606E+01  0.119529E+00
  0.770018E+00  0.920166E+01  0.118893E+00
  0.772753E+00  0.910624E+01  0.118096E+00
  0.775488E+00  0.899305E+01  0.117002E+00
  0.778223E+00  0.899848E+01  0.117013E+00
  0.780958E+00  0.906384E+01  0.118483E+00
  0.783694E+00  0.868608E+01  0.115908E+00
  0.786429E+00  0.858280E+01  0.113653E+00
  0.789164E+00  0.838242E+01  0.114627E+00
  0.791899E+00  0.872499E+01  0.114655E+00
  0.794634E+00  0.872555E+01  0.117760E+00
  0.797369E+00  0.842150E+01  0.113183E+00
  0.800104E+00  0.812308E+01  0.112296E+00
  0.802839E+00  0.849857E+01  0.114120E+00
  0.805574E+00  0.830734E+01  0.113426E+00
  0.808309E+00  0.810694E+01  0.114115E+00
  0.811044E+00  0.817830E+01  0.116152E+00
  0.813779E+00  0.784139E+01  0.113262E+00
  0.816515E+00  0.800872E+01  0.113542E+00
  0.819250E+00  0.790331E+01  0.114905E+00
  0.821985E+00  0.790074E+01  0.116468E+00
  0.824720E+00  0.792182E+01  0.116204E+00
  0.827455E+00  0.759327E+01  0.111327E+00
  0.830190E+00  0.766555E+01  0.113004E+00
  0.832925E+00  0.737069E+01  0.111713E+00
  0.835660E+00  0.749760E+01  0.112073E+00
  0.838395E+00  0.719986E+01  0.110866E+00
  0.841130E+00  0.707020E+01  0.111641E+00
  0.843865E+00  0.712450E+01  0.110588E+00
  0.846601E+00  0.710044E+01  0.112034E+00
  0.849336E+00  0.735067E+01  0.115882E+00
  0.852071E+00  0.715954E+01  0.111052E+00
  0.854806E+00  0.724720E+01  0.115926E+00
  0.857541E+00  0.698308E+01  0.111333E+00
  0.860276E+00  0.714334E+01  0.113836E+00
  0.863011E+00  0.677610E+01  0.110603E+00
  0.865746E+00  0.681960E+01  0.109852E+00
  0.868481E+00  0.659054E+01  0.111861E+00
  0.871216E+00  0.657926E+01  0.109282E+00
  0.873951E+00  0.661125E+01  0.109317E+00
  0.876686E+00  0.657244E+01  0.111399E+00
  0.879422E+00  0.649420E+01  0.108734E+00
  0.882157E+00  0.629382E+01  0.108087E+00
  0.884892E+00  0.628429E+01  0.106651E+00
  0.887627E+00  0.626505E+01  0.109614E+00
  0.890362E+00  0.623765E+01  0.109730E+00
  0.893097E+00  0.610281E+01  0.107581E+00
  0.895832E+00  0.597857E+01  0.106421E+00
  0.898567E+00  0.617536E+01  0.110368E+00
  0.901302E+00  0.614961E+01  0.111257E+00
  0.904037E+00  0.613197E+01  0.109972E+00
  0.906772E+00  0.583552E+01  0.107574E+00
  0.909507E+00  0.590993E+01  0.109079E+00
  0.912243E+00  0.567630E+01  0.107170E+00
  0.914978E+00  0.569328E+01  0.107420E+00
  0.917713E+00  0.562691E+01  0.107734E+00
  0.920448E+00  0.560986E+01  0.107436E+00
  0.923183E+00  0.542396E+01  0.106065E+00
  0.925918E+00  0.573094E+01  0.108716E+00
  0.928653E+00  0.551073E+01  0.106938E+00
  0.931388E+00  0.538082E+01  0.104059E+00
  0.934123E+00  0.554593E+01  0.107337E+00
  0.936858E+00  0.546251E+01  0.106972E+00
  0.939593E+00  0.560656E+01  0.108145E+00
  0.942329E+00  0.517862E+01  0.104301E+00
  0.945064E+00  0.524194E+01  0.105942E+00
  0.947799E+00  0.531832E+01  0.107996E+00
  0.950534E+00  0.502503E+01  0.104225E+00
  0.953269E+00  0.502674E+01  0.104427E+00
  0.956004E+00  0.506329E+01  0.104818E+00
  0.958739E+00  0.499557E+01  0.107223E+00
  0.961474E+00  0.508326E+01  0.107465E+00
  0.964209E+00  0.492481E+01  0.102914E+00
  0.966944E+00  0.484103E+01  0.104335E+00
  0.969679E+00  0.513088E+01  0.107615E+00
  0.972414E+00  0.492349E+01  0.106759E+00
  0.975150E+00  0.492337E+01  0.107145E+00
  0.977885E+00  0.475949E+01  0.102255E+00
  0.980620E+00  0.471877E+01  0.104783E+00
  0.983355E+00  0.441086E+01  0.101263E+00
  0.986090E+00  0.464494E+01  0.103892E+00
  0.988825E+00  0.448772E+01  0.101699E+00
  0.991560E+00  0.463519E+01  0.103858E+00
  0.994295E+00  0.439056E+01  0.103845E+00
  0.997030E+00  0.452298E+01  0.103194E+00
  0.999765E+00  0.429808E+01  0.999493E-01
  0.100250E+01  0.440111E+01  0.102813E+00
  0.100524E+01  0.432692E+01  0.103415E+00
  0.100797E+01  0.443496E+01  0.103421E+00
  0.101071E+01  0.413260E+01  0.100848E+00
  0.101344E+01  0.417451E+01  0.100805E+00
  0.101618E+01  0.423344E+01  0.102285E+00
  0.101891E+01  0.402045E+01  0.101055E+00
  0.102165E+01  0.433237E+01  0.104121E+00
  0.102438E+01  0.408696E+01  0.989233E-01
  0.102712E+01  0.397276E+01  0.101195E+00
  0.102985E+01  0.415467E+01  0.103107E+00
  0.103259E+01  0.389155E+01  0.987380E-01
  0.103532E+01  0.403683E+01  0.102775E+00
  0.103806E+01  0.409229E+01  0.102922E+00
  0.104079E+01  0.371649E+01  0.101585E+00
  0.104353E+01  0.371448E+01  0.983578E-01
  0.104626E+01  0.364187E+01  0.999809E-01
  0.104900E+01  0.371590E+01  0.995994E-01
  0.105173E+01  0.374108E+01  0.100174E+00
  0.105447E+01  0.370975E+01  0.100092E+00
  0.105720E+01  0.366780E+01  0.988033E-01
  0.105994E+01  0.367252E+01  0.990439E-01
  0.106267E+01  0.349072E+01  0.100242E+00
  0.106541E+01  0.367266E+01  0.100544E+00
  0.106814E+01  0.360044E+01  0.985779E-01
  0.107088E+01  0.354272E+01  0.996071E-01
  0.107361E+01  0.350896E+01  0.100531E+00
  0.107635E+01  0.344621E+01  0.982303E-01
  0.107908E+01  0.346682E+01  0.102782E+00
  0.108182E+01  0.342929E+01  0.976737E-01
  0.108455E+01  0.350735E+01  0.100167E+00
  0.108729E+01  0.338584E+01  0.976518E-01
  0.109002E+01  0.334349E+01  0.977974E-01
  0.109276E+01  0.327207E+01  0.981292E-01
  0.109549E+01  0.338260E+01  0.100460E+00
  0.109823E+01  0.322008E+01  0.978010E-01
  0.110096E+01  0.314942E+01  0.969048E-01
  0.110370E+01  0.315022E+01  0.951825E-01
  0.110643E+01  0.300555E+01  0.967352E-01
  0.110917E+01  0.312635E+01  0.982194E-01
  0.111190E+01  0.303988E+01  0.960837E-01
  0.111464E+01  0.304300E+01  0.978476E-01
  0.111737E+01  0.314664E+01  0.984148E-01
  0.112011E+01  0.319536E+01  0.988530E-01
  0.112284E+01  0.286024E+01  0.943726E-01
  0.112558E+01  0.300330E+01  0.969743E-01
  0.112831E+01  0.299629E+01  0.979745E-01
  0.113105E+01  0.275768E+01  0.965056E-01
  0.113378E+01  0.296560E+01  0.977887E-01
  0.113652E+01  0.294272E+01  0.952040E-01
  0.113925E+01  0.282260E+01  0.963328E-01
  0.114199E+01  0.286001E+01  0.937799E-01
  0.114472E+01  0.287580E+01  0.968441E-01
  0.114746E+01  0.279043E+01  0.966742E-01
  0.115020E+01  0.261996E+01  0.939393E-01
  0.115293E+01  0.266871E+01  0.935824E-01
  0.115567E+01  0.275119E+01  0.975423E-01
  0.115840E+01  0.267816E+01  0.957242E-01
  0.116114E+01  0.265764E+01  0.977676E-01
  0.116387E+01  0.270343E+01  0.958157E-01
  0.116661E+01  0.259127E+01  0.945962E-01
  0.116934E+01  0.266366E+01  0.969370E-01
  0.117208E+01  0.257385E+01  0.941058E-01
  0.117481E+01  0.239846E+01  0.948249E-01
  0.117755E+01  0.261151E+01  0.948892E-01
  0.118028E+01  0.246989E+01  0.936276E-01
  0.118302E+01  0.260181E+01  0.971700E-01
  0.118575E+01  0.253092E+01  0.945008E-01
  0.118849E+01  0.261244E+01  0.956155E-01
  0.119122E+01  0.249446E+01  0.963349E-01
  0.119396E+01  0.240693E+01  0.940565E-01
  0.119669E+01  0.246522E+01  0.943768E-01
  0.119943E+01  0.228404E+01  0.922624E-01
  0.120216E+01  0.245460E+01  0.956035E-01
  0.120490E+01  0.232552E+01  0.942959E-01
  0.120763E+01  0.223798E+01  0.949408E-01
  0.121037E+01  0.234235E+01  0.940972E-01
  0.121310E+01  0.222028E+01  0.939307E-01
  0.121584E+01  0.229241E+01  0.960354E-01
  0.122131E+01  0.217024E+01  0.938398E-01
  0.122404E+01  0.222426E+01  0.945833E-01
  0.122678E+01  0.227150E+01  0.966576E-01
  0.122951E+01  0.217357E+01  0.929801E-01
  0.123225E+01  0.220406E+01  0.993910E-01
  0.123498E+01  0.199991E+01  0.101741E+00
  0.123772E+01  0.217682E+01  0.105485E+00
  0.124045E+01  0.217732E+01  0.104660E+00
  0.124319E+01  0.206972E+01  0.106935E+00
  0.124592E+01  0.205455E+01  0.110995E+00
  0.124866E+01  0.204541E+01  0.109576E+00
  0.125139E+01  0.204117E+01  0.112840E+00
  0.125413E+01  0.191935E+01  0.114314E+00
  0.125686E+01  0.208850E+01  0.112075E+00
  0.125960E+01  0.186946E+01  0.112838E+00
  0.126233E+01  0.199331E+01  0.118452E+00
  0.126507E+01  0.202209E+01  0.109974E+00
  0.126780E+01  0.185510E+01  0.107844E+00
  0.127054E+01  0.200582E+01  0.100998E+00
  0.127327E+01  0.186043E+01  0.101529E+00
  0.127601E+01  0.192375E+01  0.989851E-01
  0.127874E+01  0.197484E+01  0.998176E-01
  0.128148E+01  0.174659E+01  0.971209E-01
  0.128421E+01  0.183850E+01  0.965765E-01
  0.128695E+01  0.178665E+01  0.942633E-01
  0.128968E+01  0.197799E+01  0.958180E-01
  0.129242E+01  0.172651E+01  0.945245E-01
  0.129515E+01  0.181278E+01  0.974215E-01
  0.129789E+01  0.167679E+01  0.919245E-01
  0.130062E+01  0.180775E+01  0.949886E-01
  0.130336E+01  0.179523E+01  0.942582E-01
  0.130609E+01  0.172488E+01  0.923844E-01
  0.130883E+01  0.160395E+01  0.939801E-01
  0.131157E+01  0.176067E+01  0.956663E-01
  0.131430E+01  0.169543E+01  0.953353E-01
  0.131704E+01  0.163565E+01  0.912071E-01
  0.131977E+01  0.171446E+01  0.936463E-01
  0.132251E+01  0.151795E+01  0.936205E-01
  0.132524E+01  0.155708E+01  0.937301E-01
  0.132798E+01  0.157235E+01  0.926987E-01
  0.133071E+01  0.168391E+01  0.953010E-01
  0.133345E+01  0.166666E+01  0.910343E-01
  0.133618E+01  0.160494E+01  0.935226E-01
  0.133892E+01  0.167324E+01  0.947252E-01
  0.134165E+01  0.150616E+01  0.911680E-01
  0.134439E+01  0.161737E+01  0.912094E-01
  0.134712E+01  0.150373E+01  0.929661E-01
  0.134986E+01  0.154576E+01  0.928413E-01
  0.135259E+01  0.157370E+01  0.922290E-01
  0.135533E+01  0.137275E+01  0.914427E-01
  0.135806E+01  0.147387E+01  0.913968E-01
  0.136080E+01  0.142973E+01  0.891130E-01
  0.136353E+01  0.151362E+01  0.911688E-01
  0.136627E+01  0.146210E+01  0.897943E-01
  0.136900E+01  0.145930E+01  0.923842E-01
  0.137174E+01  0.153213E+01  0.935929E-01
  0.137447E+01  0.130129E+01  0.912658E-01
  0.137721E+01  0.123437E+01  0.902934E-01
  0.137994E+01  0.148430E+01  0.892559E-01
  0.138268E+01  0.132653E+01  0.923534E-01
  0.138541E+01  0.138129E+01  0.906300E-01
  0.138815E+01  0.135798E+01  0.900291E-01
  0.139088E+01  0.140110E+01  0.908657E-01
  0.139362E+01  0.129031E+01  0.928746E-01
  0.139635E+01  0.129889E+01  0.911297E-01
  0.139909E+01  0.130322E+01  0.898378E-01
  0.140182E+01  0.116363E+01  0.913540E-01
  0.140456E+01  0.132659E+01  0.904680E-01
  0.140729E+01  0.118297E+01  0.896108E-01
  0.141003E+01  0.124398E+01  0.895927E-01
  0.141276E+01  0.133699E+01  0.900069E-01
  0.141550E+01  0.126676E+01  0.910207E-01
  0.141823E+01  0.125153E+01  0.905158E-01
  0.142097E+01  0.109730E+01  0.886681E-01
  0.142370E+01  0.126562E+01  0.907030E-01
  0.142644E+01  0.126378E+01  0.932164E-01
  0.142917E+01  0.103789E+01  0.880524E-01
  0.143191E+01  0.118163E+01  0.874931E-01
  0.143464E+01  0.109996E+01  0.907114E-01
  0.143738E+01  0.108424E+01  0.882678E-01
  0.144011E+01  0.106347E+01  0.885243E-01
  0.144285E+01  0.112034E+01  0.878981E-01
  0.144558E+01  0.133306E+01  0.920684E-01
  0.144832E+01  0.119067E+01  0.915131E-01
  0.145105E+01  0.116754E+01  0.903411E-01
  0.145379E+01  0.121371E+01  0.894069E-01
  0.145652E+01  0.121998E+01  0.878246E-01
  0.145926E+01  0.108099E+01  0.885640E-01
  0.146199E+01  0.108344E+01  0.878177E-01
  0.146473E+01  0.104615E+01  0.907790E-01
  0.146747E+01  0.109049E+01  0.891118E-01
  0.147020E+01  0.930746E+00  0.892115E-01
  0.147294E+01  0.920845E+00  0.887989E-01
  0.147567E+01  0.113922E+01  0.917701E-01
  0.147841E+01  0.103308E+01  0.885164E-01
  0.148114E+01  0.987518E+00  0.881990E-01
  0.148388E+01  0.106772E+01  0.860730E-01
  0.148661E+01  0.930872E+00  0.879075E-01
  0.148935E+01  0.107944E+01  0.873569E-01
  0.149208E+01  0.117495E+01  0.879969E-01
  0.149482E+01  0.947707E+00  0.868189E-01
  0.149755E+01  0.935989E+00  0.857246E-01
  0.150029E+01  0.756178E+00  0.843255E-01
  0.150302E+01  0.995387E+00  0.861845E-01
  0.150576E+01  0.877221E+00  0.873033E-01
  0.150849E+01  0.958714E+00  0.869066E-01
  0.151123E+01  0.899442E+00  0.858226E-01
  0.151396E+01  0.923327E+00  0.867999E-01
  0.151670E+01  0.103711E+01  0.875160E-01
  0.151943E+01  0.805063E+00  0.882991E-01
  0.152217E+01  0.891376E+00  0.885813E-01
  0.152490E+01  0.922797E+00  0.866056E-01
  0.152764E+01  0.844568E+00  0.888543E-01
  0.153037E+01  0.968894E+00  0.864519E-01
  0.153311E+01  0.909739E+00  0.870587E-01
  0.153584E+01  0.836385E+00  0.863107E-01
  0.153858E+01  0.839784E+00  0.850394E-01
  0.154131E+01  0.905647E+00  0.855707E-01
  0.154405E+01  0.858112E+00  0.884316E-01
  0.154678E+01  0.727293E+00  0.856426E-01
  0.154952E+01  0.857401E+00  0.857111E-01
  0.155225E+01  0.915980E+00  0.877144E-01
  0.155499E+01  0.975279E+00  0.866568E-01
  0.155772E+01  0.848399E+00  0.864654E-01
  0.156046E+01  0.823966E+00  0.859133E-01
  0.156319E+01  0.810719E+00  0.861859E-01
  0.156593E+01  0.829847E+00  0.849672E-01
  0.156866E+01  0.884281E+00  0.866473E-01
  0.157140E+01  0.762257E+00  0.860534E-01
  0.157413E+01  0.820432E+00  0.852043E-01
  0.157687E+01  0.830603E+00  0.871259E-01
  0.157960E+01  0.819964E+00  0.852159E-01
  0.158234E+01  0.679802E+00  0.871415E-01
  0.158507E+01  0.672662E+00  0.872700E-01
  0.158781E+01  0.849218E+00  0.841303E-01
  0.159054E+01  0.755836E+00  0.880233E-01
  0.159328E+01  0.614056E+00  0.844920E-01
  0.159601E+01  0.644038E+00  0.829336E-01
  0.159875E+01  0.643651E+00  0.850939E-01
  0.160148E+01  0.741403E+00  0.857138E-01
  0.160422E+01  0.617104E+00  0.854525E-01
  0.160695E+01  0.596187E+00  0.814747E-01
  0.160969E+01  0.747581E+00  0.835328E-01
  0.161242E+01  0.755818E+00  0.848925E-01
  0.161516E+01  0.748327E+00  0.863408E-01
  0.161789E+01  0.686079E+00  0.818219E-01
  0.162063E+01  0.662437E+00  0.877273E-01
  0.162336E+01  0.664739E+00  0.846559E-01
  0.162610E+01  0.782131E+00  0.850121E-01
  0.162884E+01  0.542104E+00  0.839948E-01
  0.163157E+01  0.757167E+00  0.848906E-01
  0.163431E+01  0.514335E+00  0.849418E-01
  0.163704E+01  0.558201E+00  0.839924E-01
  0.163978E+01  0.608435E+00  0.853232E-01
  0.164251E+01  0.585638E+00  0.850086E-01
  0.164525E+01  0.655054E+00  0.858771E-01
  0.164798E+01  0.658687E+00  0.843935E-01
  0.165072E+01  0.618417E+00  0.842962E-01
  0.165345E+01  0.748363E+00  0.831898E-01
  0.165619E+01  0.604137E+00  0.848815E-01
  0.165892E+01  0.575926E+00  0.843637E-01
  0.166166E+01  0.723912E+00  0.855503E-01
  0.166439E+01  0.595863E+00  0.826024E-01
  0.166713E+01  0.636142E+00  0.846981E-01
  0.166986E+01  0.730144E+00  0.849756E-01
  0.167260E+01  0.544739E+00  0.845130E-01
  0.167533E+01  0.519011E+00  0.840723E-01
  0.167807E+01  0.642113E+00  0.861000E-01
  0.168080E+01  0.574101E+00  0.827773E-01
  0.168354E+01  0.484505E+00  0.858779E-01
  0.168627E+01  0.355962E+00  0.851950E-01
  0.168901E+01  0.473696E+00  0.835918E-01
  0.169174E+01  0.503138E+00  0.842786E-01
  0.169448E+01  0.454362E+00  0.847954E-01
  0.169721E+01  0.558156E+00  0.844694E-01
  0.169995E+01  0.458498E+00  0.843971E-01
  0.170268E+01  0.510018E+00  0.842574E-01
  0.170542E+01  0.556996E+00  0.841044E-01
  0.170815E+01  0.441736E+00  0.848913E-01
  0.171089E+01  0.325090E+00  0.833950E-01
  0.171362E+01  0.453192E+00  0.847933E-01
  0.171636E+01  0.449667E+00  0.830832E-01
  0.171909E+01  0.297644E+00  0.836577E-01
  0.172183E+01  0.392779E+00  0.829108E-01
  0.172456E+01  0.418975E+00  0.835434E-01
  0.172730E+01  0.543112E+00  0.835299E-01
  0.173003E+01  0.549649E+00  0.838431E-01
  0.173277E+01  0.460297E+00  0.809720E-01
  0.173550E+01  0.364397E+00  0.837372E-01
  0.173824E+01  0.349955E+00  0.846324E-01
  0.174097E+01  0.408174E+00  0.837826E-01
  0.174371E+01  0.347752E+00  0.810850E-01
  0.174644E+01  0.422554E+00  0.813396E-01
  0.174918E+01  0.490144E+00  0.849845E-01
  0.175191E+01  0.461475E+00  0.836947E-01
  0.175465E+01  0.511871E+00  0.847810E-01
  0.175738E+01  0.398300E+00  0.828267E-01
  0.176012E+01  0.409991E+00  0.845912E-01
  0.176285E+01  0.445953E+00  0.823634E-01
  0.176559E+01  0.335845E+00  0.846405E-01
  0.176832E+01  0.365728E+00  0.825692E-01
  0.177106E+01  0.309892E+00  0.812999E-01
  0.177379E+01  0.506331E+00  0.830535E-01
  0.177653E+01  0.312383E+00  0.804838E-01
  0.177926E+01  0.304209E+00  0.834259E-01
  0.178200E+01  0.342473E+00  0.813358E-01
  0.178474E+01  0.486421E+00  0.841006E-01
  0.178747E+01  0.317266E+00  0.814514E-01
  0.179021E+01  0.310540E+00  0.816403E-01
  0.179294E+01  0.449146E+00  0.826756E-01
  0.179568E+01  0.406124E+00  0.848576E-01
  0.179841E+01  0.417212E+00  0.837851E-01
  0.180115E+01  0.328534E+00  0.821617E-01
  0.180388E+01  0.310090E+00  0.816050E-01
  0.180662E+01  0.317833E+00  0.829547E-01
  0.180935E+01  0.219406E+00  0.827802E-01
  0.181209E+01  0.314272E+00  0.835162E-01
  0.181482E+01  0.179011E+00  0.828429E-01
  0.181756E+01  0.442950E+00  0.842580E-01
  0.182029E+01  0.390018E+00  0.829592E-01
  0.182303E+01  0.431466E+00  0.825399E-01
  0.182576E+01  0.383354E+00  0.832247E-01
  0.182850E+01  0.305809E+00  0.815866E-01
  0.183123E+01  0.294577E+00  0.815955E-01
  0.183397E+01  0.375621E+00  0.819680E-01
  0.183670E+01  0.230081E+00  0.819476E-01
  0.183944E+01  0.281853E+00  0.836394E-01
  0.184217E+01  0.423462E+00  0.804705E-01
  0.184491E+01  0.185405E+00  0.824591E-01
  0.184764E+01  0.299883E+00  0.821356E-01
  0.185038E+01  0.369379E+00  0.843546E-01
  0.185311E+01  0.216601E+00  0.829147E-01
  0.185585E+01  0.377752E+00  0.830250E-01
  0.185858E+01  0.330585E+00  0.816761E-01
  0.186132E+01  0.363480E+00  0.843394E-01
  0.186405E+01  0.335009E+00  0.833809E-01
  0.186679E+01  0.197392E+00  0.827607E-01
  0.186952E+01  0.255081E+00  0.827070E-01
  0.187226E+01  0.199712E+00  0.829473E-01
  0.187499E+01  0.232536E+00  0.816394E-01
  0.187773E+01  0.258453E+00  0.806796E-01
  0.188046E+01  0.250207E+00  0.816801E-01
  0.188320E+01  0.263642E+00  0.798773E-01
  0.188593E+01  0.256349E+00  0.816452E-01
  0.188867E+01  0.188282E+00  0.815743E-01
  0.189140E+01  0.293768E+00  0.822274E-01
  0.189414E+01  0.228534E+00  0.809615E-01
  0.189687E+01  0.322428E+00  0.815550E-01
  0.189961E+01  0.178885E+00  0.807630E-01
  0.190234E+01  0.355692E+00  0.832008E-01
  0.190508E+01  0.232635E+00  0.807609E-01
  0.190781E+01  0.271592E+00  0.831546E-01
  0.191055E+01  0.297833E+00  0.834216E-01
  0.191328E+01  0.216322E+00  0.809537E-01
  0.191602E+01  0.261772E+00  0.802789E-01
  0.191875E+01  0.211754E+00  0.811002E-01
  0.192149E+01  0.302518E+00  0.840305E-01
  0.192422E+01  0.251151E+00  0.832914E-01
  0.192696E+01  0.254784E+00  0.761262E-01
  0.192969E+01  0.150423E+00  0.823067E-01
  0.193243E+01  0.282869E+00  0.836935E-01
  0.193516E+01  0.119532E+00  0.825812E-01
  0.193790E+01  0.163219E+00  0.821833E-01
  0.194063E+01  0.191007E+00  0.849476E-01
  0.194337E+01  0.291151E+00  0.838951E-01
  0.194611E+01  0.159056E+00  0.813889E-01
  0.194884E+01  0.303408E+00  0.832245E-01
  0.195158E+01  0.253121E+00  0.830851E-01
  0.195431E+01  0.216727E+00  0.823247E-01
  0.195705E+01  0.276754E+00  0.813396E-01
  0.195978E+01  0.305782E+00  0.817015E-01
  0.196252E+01  0.263939E+00  0.814961E-01
  0.196525E+01  0.167158E+00  0.825307E-01
  0.196799E+01  0.237482E+00  0.825003E-01
  0.197072E+01  0.378085E+00  0.843331E-01
  0.197346E+01  0.193147E+00  0.818222E-01
  0.197619E+01  0.215998E+00  0.831949E-01
  0.197893E+01  0.182104E+00  0.812795E-01
  0.198166E+01  0.135558E+00  0.803109E-01
  0.198440E+01  0.255045E+00  0.823153E-01
  0.198713E+01  0.296016E+00  0.832995E-01
  0.198987E+01  0.236493E+00  0.798647E-01
  0.199260E+01  0.193750E+00  0.814779E-01
  0.199534E+01  0.255549E+00  0.798714E-01
  0.199807E+01  0.278552E+00  0.827405E-01
  0.200081E+01  0.270683E+00  0.815023E-01
  0.200354E+01  0.161969E+00  0.827977E-01
  0.200628E+01  0.236484E+00  0.818037E-01
  0.200901E+01  0.341223E+00  0.830158E-01
  0.201175E+01  0.366906E-02  0.807239E-01
  0.201448E+01  0.293552E+00  0.835020E-01
  0.201722E+01  0.212446E+00  0.799558E-01
  0.201995E+01  0.175585E+00  0.828796E-01
  0.202269E+01  0.234802E+00  0.810630E-01
  0.202542E+01  0.236205E+00  0.808101E-01
  0.202816E+01  0.218993E+00  0.824144E-01
  0.203089E+01  0.194622E+00  0.818444E-01
  0.203363E+01  0.356978E+00  0.819176E-01
  0.203636E+01  0.173624E+00  0.805280E-01
  0.203910E+01  0.124721E+00  0.805681E-01
  0.204183E+01  0.166304E+00  0.800808E-01
  0.204457E+01  0.778957E-01  0.821030E-01
  0.204730E+01  0.233381E+00  0.804778E-01
  0.205004E+01  0.259892E+00  0.832939E-01
  0.205277E+01  0.104388E+00  0.818656E-01
  0.205551E+01  0.194991E+00  0.823789E-01
  0.205824E+01  0.325665E+00  0.832055E-01
  0.206098E+01  0.230108E+00  0.804414E-01
  0.206371E+01  0.147302E+00  0.812500E-01
  0.206645E+01  0.224245E+00  0.828897E-01
  0.206918E+01  0.128183E+00  0.837156E-01
  0.207192E+01  0.237878E+00  0.823009E-01
  0.207465E+01  0.171637E+00  0.800591E-01
  0.207739E+01  0.228201E+00  0.806285E-01
  0.208012E+01  0.167005E+00  0.808126E-01
  0.208286E+01  0.194541E+00  0.800913E-01
  0.208559E+01  0.174344E+00  0.799522E-01
  0.208833E+01  0.612770E-01  0.810980E-01
  0.209106E+01  0.101178E+00  0.803617E-01
  0.209380E+01  0.167509E+00  0.816495E-01
  0.209653E+01  0.402608E-01  0.790554E-01
  0.209927E+01  0.618885E-01  0.801046E-01
  0.210200E+01  0.156915E+00  0.807643E-01
  0.210474E+01  0.211250E+00  0.822970E-01
  0.210748E+01  0.226996E+00  0.807002E-01
  0.211021E+01  0.237392E+00  0.818089E-01
  0.211295E+01  0.804406E-01  0.794200E-01
  0.211568E+01  0.226628E+00  0.823067E-01
  0.211842E+01  0.154613E+00  0.818295E-01
  0.212115E+01  0.103795E+00  0.806888E-01
  0.212389E+01  0.117311E+00  0.808934E-01
  0.212662E+01  0.110423E+00  0.807908E-01
  0.212936E+01  0.271286E+00  0.785209E-01
  0.213209E+01  0.182419E+00  0.827787E-01
  0.213483E+01  0.625989E-01  0.821581E-01
  0.213756E+01  0.234973E+00  0.841255E-01
  0.214030E+01  0.166682E+00  0.813706E-01
  0.214303E+01  0.269514E-01  0.807917E-01
  0.214577E+01  0.208525E+00  0.817674E-01
  0.214850E+01  0.113759E+00  0.812375E-01
  0.215124E+01  0.246016E+00  0.802100E-01
  0.215397E+01  0.124685E+00  0.791122E-01
  0.215671E+01  0.202482E+00  0.794333E-01
  0.215944E+01  0.890018E-01  0.800126E-01
  0.216218E+01  0.938669E-01  0.789208E-01
  0.216491E+01  0.163687E+00  0.779744E-01
  0.216765E+01  0.109164E+00  0.823526E-01
  0.217038E+01  0.119460E+00  0.811937E-01
  0.217312E+01  0.432194E-01  0.808177E-01
  0.217585E+01  0.176313E+00  0.807337E-01
  0.217859E+01  0.234290E+00  0.810086E-01
  0.218132E+01  0.555396E-01  0.798495E-01
  0.218406E+01  0.197986E+00  0.784051E-01
  0.218679E+01  0.918435E-01  0.821830E-01
  0.218953E+01  0.107014E+00  0.809835E-01
  0.219226E+01  0.124245E+00  0.805353E-01
  0.219500E+01  0.194622E+00  0.789967E-01
  0.219773E+01  0.239344E+00  0.798709E-01
  0.220047E+01  0.155674E+00  0.810326E-01
  0.220320E+01  0.101025E+00  0.802022E-01
  0.220594E+01  0.125558E+00  0.809120E-01
  0.220867E+01  0.228399E+00  0.792491E-01
  0.221141E+01  0.997032E-01  0.824928E-01
  0.221414E+01  0.265090E+00  0.783457E-01
  0.221688E+01  0.262311E+00  0.808968E-01
  0.221961E+01  0.869604E-02  0.792774E-01
  0.222235E+01  0.958453E-01  0.812362E-01
  0.222508E+01  0.108948E+00  0.797239E-01
  0.222782E+01  0.312509E+00  0.805058E-01
  0.223055E+01  0.276960E+00  0.795966E-01
  0.223329E+01  0.250782E+00  0.818538E-01
  0.223602E+01  0.116106E+00  0.801247E-01
  0.223876E+01  0.312050E-01  0.792016E-01
  0.224149E+01  0.698201E-01  0.796357E-01
  0.224423E+01  0.228058E-01  0.782622E-01
  0.224696E+01  0.828327E-01  0.801375E-01
  0.224970E+01  0.116996E+00  0.801895E-01
  0.225243E+01  0.197221E+00  0.808702E-01
  0.225517E+01  0.184595E+00  0.797300E-01
  0.225790E+01  0.132356E+00  0.802489E-01
  0.226064E+01 -0.331924E-01  0.796371E-01
  0.226338E+01  0.230360E+00  0.817860E-01
  0.226611E+01  0.204802E+00  0.791085E-01
  0.226885E+01  0.937680E-01  0.802413E-01
  0.227158E+01  0.150270E+00  0.798673E-01
  0.227432E+01  0.857464E-01  0.787452E-01
  0.227705E+01  0.230342E+00  0.801000E-01
  0.227979E+01  0.147248E+00  0.803596E-01
  0.228252E+01  0.203660E+00  0.797034E-01
  0.228526E+01  0.169254E+00  0.793051E-01
  0.228799E+01  0.194901E+00  0.811715E-01
  0.229073E+01  0.197086E+00  0.816257E-01
  0.229346E+01  0.192851E+00  0.786358E-01
  0.229620E+01  0.168768E+00  0.819438E-01
  0.229893E+01  0.228201E+00  0.769414E-01
  0.230167E+01  0.144092E+00  0.790453E-01
  0.230440E+01  0.186331E-01  0.798207E-01
  0.230714E+01  0.165791E+00  0.805465E-01
  0.230987E+01  0.141682E+00  0.809038E-01
  0.231261E+01  0.171088E+00  0.812272E-01
  0.231534E+01  0.134191E+00  0.792482E-01
  0.231808E+01  0.295962E+00  0.784223E-01
  0.232081E+01  0.193822E+00  0.811207E-01
  0.232355E+01  0.199748E+00  0.814585E-01
  0.232628E+01  0.926799E-01  0.787955E-01
  0.232902E+01  0.255656E+00  0.806048E-01
  0.233175E+01  0.982284E-01  0.789852E-01
  0.233449E+01  0.151178E+00  0.805316E-01
  0.233722E+01  0.851978E-01  0.776440E-01
  0.233996E+01  0.946403E-01  0.826255E-01
  0.234269E+01  0.141628E+00  0.803055E-01
  0.234543E+01  0.702788E-01  0.782250E-01
  0.234816E+01  0.182860E+00  0.801252E-01
  0.235090E+01  0.225504E+00  0.815155E-01
  0.235363E+01  0.672302E-01  0.801967E-01
  0.235637E+01  0.142653E+00  0.784742E-01
  0.235910E+01  0.280728E+00  0.812784E-01
  0.236184E+01  0.231951E+00  0.799478E-01
  0.236457E+01  0.185099E+00  0.807909E-01
  0.236731E+01  0.438309E-01  0.803464E-01
  0.237004E+01  0.190207E+00  0.781364E-01
  0.237278E+01  0.147500E+00  0.803613E-01
  0.237551E+01  0.225027E+00  0.812502E-01
  0.237825E+01  0.144065E+00  0.796103E-01
  0.238098E+01  0.298291E+00  0.817133E-01
  0.238372E+01  0.251223E+00  0.812479E-01
  0.238645E+01  0.163291E+00  0.811595E-01
  0.238919E+01  0.180108E+00  0.802190E-01
  0.239192E+01  0.157923E+00  0.800507E-01
  0.239466E+01  0.278408E+00  0.810121E-01
  0.239739E+01  0.198219E+00  0.776441E-01
  0.240013E+01  0.991457E-01  0.784685E-01
  0.240286E+01  0.846043E-01  0.787797E-01
  0.240560E+01  0.780845E-01  0.783126E-01
  0.240833E+01  0.117293E+00  0.785509E-01
  0.241107E+01  0.629496E-01  0.773851E-01
  0.241380E+01 -0.682554E-02  0.771175E-01
  0.241654E+01  0.125378E+00  0.810257E-01
  0.241927E+01  0.177716E+00  0.793752E-01
  0.242201E+01  0.340288E-01  0.801299E-01
  0.242475E+01  0.178183E+00  0.791914E-01
  0.242748E+01  0.151214E+00  0.800646E-01
  0.243022E+01  0.673471E-01  0.806382E-01
  0.243295E+01  0.167644E+00  0.808300E-01
  0.243569E+01  0.176205E+00  0.786071E-01
  0.243842E+01  0.309577E+00  0.801229E-01
  0.244116E+01  0.258228E+00  0.808287E-01
  0.244389E+01  0.147743E+00  0.790794E-01
  0.244663E+01  0.364838E-01  0.790260E-01
  0.244936E+01  0.117095E+00  0.791181E-01
  0.245210E+01  0.114415E+00  0.800410E-01
  0.245483E+01  0.247167E+00  0.817161E-01
  0.245757E+01  0.204523E+00  0.802843E-01
  0.246030E+01  0.146538E+00  0.804024E-01
  0.246304E+01  0.169730E+00  0.812783E-01
  0.246577E+01  0.138453E+00  0.780636E-01
  0.246851E+01  0.169020E+00  0.797105E-01
  0.247124E+01  0.128831E+00  0.793901E-01
  0.247398E+01  0.183498E+00  0.808927E-01
  0.247671E+01  0.100674E+00  0.776989E-01
  0.247945E+01  0.136457E+00  0.784016E-01
  0.248218E+01  0.206025E+00  0.792219E-01
  0.248492E+01  0.302887E+00  0.786344E-01
  0.248765E+01  0.137896E+00  0.779313E-01
  0.249039E+01  0.162653E+00  0.781523E-01
  0.249312E+01  0.240504E+00  0.794492E-01
  0.249586E+01  0.285701E+00  0.797783E-01
  0.249859E+01  0.243543E+00  0.788272E-01
  0.250133E+01  0.100980E+00  0.768774E-01
  0.250406E+01  0.150980E+00  0.779206E-01
  0.250680E+01  0.212149E+00  0.789492E-01
  0.250953E+01  0.183759E+00  0.813347E-01
  0.251227E+01  0.742356E-01  0.774130E-01
  0.251500E+01  0.143750E+00  0.780887E-01
  0.251774E+01  0.231088E+00  0.767860E-01
  0.252047E+01  0.233903E-01  0.796222E-01
  0.252321E+01  0.139793E+00  0.796868E-01
  0.252594E+01  0.229739E+00  0.789663E-01
  0.252868E+01  0.194928E+00  0.770597E-01
  0.253141E+01  0.343462E+00  0.806363E-01
  0.253415E+01  0.261915E+00  0.787726E-01
  0.253688E+01  0.986061E-01  0.784621E-01
  0.253962E+01  0.335162E-01  0.781719E-01
  0.254235E+01  0.175180E+00  0.819980E-01
  0.254509E+01  0.188444E+00  0.817997E-01
  0.254782E+01  0.103975E+00  0.795404E-01
  0.255056E+01  0.214083E+00  0.777690E-01
  0.255329E+01  0.610971E-01  0.780417E-01
  0.255603E+01  0.549371E-01  0.784343E-01
  0.255876E+01  0.180171E+00  0.802221E-01
  0.256150E+01  0.156430E+00  0.784047E-01
  0.256423E+01  0.139739E+00  0.777485E-01
  0.256697E+01  0.120845E+00  0.777085E-01
  0.256970E+01  0.193705E+00  0.779509E-01
  0.257244E+01  0.121547E+00  0.809393E-01
  0.257517E+01  0.142770E+00  0.807129E-01
  0.257791E+01  0.161277E+00  0.831489E-01
  0.258065E+01  0.172320E+00  0.800015E-01
  0.258338E+01  0.178930E+00  0.893728E-01
  0.258612E+01  0.194928E+00  0.938134E-01
  0.258885E+01  0.260612E+00  0.932222E-01
  0.259159E+01  0.203210E+00  0.100425E+00
  0.259432E+01  0.286951E+00  0.105848E+00
  0.259706E+01  0.863669E-01  0.111964E+00
  0.259979E+01  0.190809E+00  0.108435E+00
  0.260253E+01  0.212797E+00  0.111531E+00
  0.260526E+01  0.275432E+00  0.112435E+00
  0.260800E+01  0.169478E+00  0.117487E+00
  0.261073E+01  0.183255E+00  0.117733E+00
  0.261347E+01  0.383103E+00  0.122476E+00
  0.261620E+01  0.133147E+00  0.102614E+00
  0.261894E+01  0.254496E-01  0.939586E-01
  0.262167E+01  0.727878E-01  0.900325E-01
  0.262441E+01  0.234433E+00  0.892536E-01
  0.262714E+01  0.149730E+00  0.892637E-01
  0.262988E+01  0.192941E+00  0.867874E-01
  0.263261E+01  0.318327E+00  0.851749E-01
  0.263535E+01  0.142698E+00  0.845352E-01
  0.263808E+01  0.312032E+00  0.848332E-01
  0.264082E+01  0.248399E+00  0.888965E-01
  0.264355E+01  0.219559E+00  0.862808E-01
  0.264629E+01  0.238309E+00  0.861271E-01
  0.264902E+01  0.261736E+00  0.872682E-01
  0.265176E+01  0.310809E+00  0.856777E-01
  0.265449E+01  0.220297E+00  0.848861E-01
  0.265723E+01  0.634982E-01  0.846199E-01
  0.265996E+01  0.222815E+00  0.843562E-01
  0.266270E+01  0.172401E+00  0.856749E-01
  0.266543E+01  0.132347E+00  0.855617E-01
  0.266817E+01  0.203723E+00  0.838424E-01
  0.267090E+01  0.143876E+00  0.860955E-01
  0.267364E+01  0.218013E+00  0.862168E-01
  0.267637E+01  0.134802E+00  0.854865E-01
  0.267911E+01  0.328939E+00  0.867491E-01
  0.268184E+01  0.131385E+00  0.838732E-01
  0.268458E+01  0.687500E-01  0.853372E-01
  0.268731E+01  0.263831E+00  0.857056E-01
  0.269005E+01  0.176349E+00  0.827891E-01
  0.269278E+01  0.751709E-01  0.863141E-01
  0.269552E+01 -0.458453E-01  0.815251E-01
  0.269825E+01  0.973381E-01  0.820365E-01
  0.270099E+01  0.511781E-01  0.827228E-01
  0.270372E+01  0.111133E+00  0.838094E-01
  0.270646E+01  0.207770E+00  0.831725E-01
  0.270919E+01  0.183939E+00  0.819898E-01
  0.271193E+01  0.653417E-01  0.812485E-01
  0.271466E+01  0.207401E+00  0.834182E-01
  0.271740E+01  0.249811E+00  0.823190E-01
  0.272013E+01  0.267185E+00  0.827972E-01
  0.272287E+01  0.246951E+00  0.824111E-01
  0.272560E+01  0.163300E+00  0.812703E-01
  0.272834E+01  0.169119E+00  0.812571E-01
  0.273107E+01  0.172446E+00  0.783605E-01
  0.273381E+01  0.270782E+00  0.811913E-01
  0.273654E+01  0.105665E+00  0.788959E-01
  0.273928E+01  0.187851E+00  0.805208E-01
  0.274202E+01  0.128714E+00  0.770543E-01
  0.274475E+01  0.380144E+00  0.783116E-01
  0.274749E+01  0.143255E+00  0.785217E-01
  0.275022E+01  0.257500E+00  0.797578E-01
  0.275296E+01  0.673291E-01  0.789088E-01
  0.275569E+01  0.138309E+00  0.778668E-01
  0.275843E+01  0.204712E+00  0.786919E-01
  0.276116E+01  0.119424E+00  0.798811E-01
  0.276390E+01  0.290495E+00  0.788895E-01
  0.276663E+01  0.295917E+00  0.799451E-01
  0.276937E+01  0.131169E+00  0.801080E-01
  0.277210E+01  0.211043E+00  0.807471E-01
  0.277484E+01  0.295513E+00  0.814208E-01
  0.277757E+01  0.119308E+00  0.778965E-01
  0.278031E+01  0.135594E+00  0.806100E-01
  0.278304E+01  0.234101E+00  0.803328E-01
  0.278578E+01  0.162149E+00  0.775408E-01
  0.278851E+01  0.290827E+00  0.802101E-01
  0.279125E+01  0.219191E+00  0.802065E-01
  0.279398E+01  0.107959E+00  0.782049E-01
  0.279672E+01  0.264595E+00  0.791090E-01
  0.279945E+01  0.216358E+00  0.787803E-01
  0.280219E+01  0.210333E+00  0.799382E-01
  0.280492E+01  0.170189E+00  0.798746E-01
  0.280766E+01  0.279415E+00  0.821118E-01
  0.281039E+01  0.242419E+00  0.799664E-01
  0.281313E+01  0.196403E+00  0.800923E-01
  0.281586E+01  0.243183E+00  0.791144E-01
  0.281860E+01  0.129703E+00  0.796408E-01
  0.282133E+01  0.196304E+00  0.792780E-01
  0.282407E+01  0.238777E+00  0.790844E-01
  0.282680E+01  0.222023E+00  0.783712E-01
  0.282954E+01  0.613309E-01  0.802173E-01
  0.283227E+01  0.119065E+00  0.788552E-01
  0.283501E+01  0.266637E+00  0.807460E-01
  0.283774E+01  0.227293E+00  0.795537E-01
  0.284048E+01  0.290899E+00  0.811242E-01
  0.284321E+01  0.616727E-01  0.787099E-01
  0.284595E+01  0.339299E+00  0.811054E-01
  0.284868E+01  0.220890E+00  0.798133E-01
  0.285142E+01  0.241906E+00  0.798584E-01
  0.285415E+01  0.144496E+00  0.782547E-01
  0.285689E+01  0.149092E+00  0.798577E-01
  0.285962E+01  0.148957E+00  0.780168E-01
  0.286236E+01  0.183903E+00  0.800557E-01
  0.286509E+01  0.516097E-01  0.795743E-01
  0.286783E+01  0.224101E+00  0.806370E-01
  0.287056E+01  0.235540E+00  0.806921E-01
  0.287330E+01  0.181529E+00  0.783856E-01
  0.287603E+01  0.186691E+00  0.781716E-01
  0.287877E+01  0.192500E+00  0.798025E-01
  0.288150E+01  0.195360E+00  0.796602E-01
  0.288424E+01  0.149766E+00  0.786686E-01
  0.288697E+01  0.118777E+00  0.779431E-01
  0.288971E+01  0.194982E+00  0.805939E-01
  0.289244E+01  0.137770E+00  0.784031E-01
  0.289518E+01 -0.420863E-02  0.775648E-01
  0.289792E+01  0.173417E+00  0.811299E-01
  0.290065E+01  0.202770E+00  0.813090E-01
  0.290339E+01  0.184658E+00  0.795796E-01
  0.290612E+01  0.253013E+00  0.786081E-01
  0.290886E+01  0.486691E-01  0.783024E-01
  0.291159E+01  0.165818E+00  0.785727E-01
  0.291433E+01  0.282725E+00  0.801425E-01
  0.291706E+01  0.137050E+00  0.767982E-01
  0.291980E+01  0.129487E+00  0.801196E-01
  0.292253E+01  0.211313E+00  0.803710E-01
  0.292527E+01  0.160638E+00  0.772309E-01
  0.292800E+01  0.260746E+00  0.803157E-01
  0.293074E+01 -0.139658E-01  0.783782E-01
  0.293347E+01  0.177329E+00  0.773228E-01
  0.293621E+01  0.241115E+00  0.790702E-01
  0.293894E+01  0.203183E+00  0.815032E-01
  0.294168E+01  0.279892E+00  0.794153E-01
  0.294441E+01  0.219595E+00  0.799453E-01
  0.294715E+01  0.165773E+00  0.797022E-01
  0.294988E+01  0.249676E+00  0.783565E-01
  0.295262E+01  0.688399E-01  0.788731E-01
  0.295535E+01  0.144856E+00  0.802565E-01
  0.295809E+01  0.149604E+00  0.800543E-01
  0.296082E+01  0.233004E+00  0.806405E-01
  0.296356E+01  0.850270E-01  0.820799E-01
  0.296629E+01  0.232833E+00  0.785087E-01
  0.296903E+01  0.204640E+00  0.792009E-01
  0.297176E+01  0.321070E+00  0.782295E-01
  0.297450E+01  0.180342E+00  0.808843E-01
  0.297723E+01  0.265917E+00  0.798567E-01
  0.297997E+01  0.272203E+00  0.805696E-01
  0.298270E+01  0.333507E+00  0.828041E-01
  0.298544E+01  0.319451E+00  0.808338E-01
  0.298817E+01  0.188939E+00  0.778420E-01
  0.299091E+01  0.153579E+00  0.793942E-01
  0.299364E+01  0.198390E+00  0.786458E-01
  0.299638E+01  0.163912E+00  0.786997E-01
  0.299911E+01  0.245576E+00  0.798785E-01
  0.300185E+01  0.250360E+00  0.778396E-01
  0.300458E+01  0.860881E-01  0.774293E-01
  0.300732E+01  0.214757E+00  0.776381E-01
  0.301005E+01  0.170513E+00  0.816195E-01
  0.301279E+01  0.228219E+00  0.794051E-01
  0.301552E+01  0.158085E+00  0.798006E-01
  0.301826E+01  0.126322E+00  0.800362E-01
  0.302099E+01  0.246304E+00  0.804997E-01
  0.302373E+01  0.130827E+00  0.782289E-01
  0.302646E+01  0.963669E-01  0.780364E-01
  0.302920E+01  0.271619E+00  0.799991E-01
  0.303193E+01  0.184955E+00  0.786731E-01
  0.303467E+01  0.210917E+00  0.792746E-01
  0.303740E+01  0.136205E+00  0.793896E-01
  0.304014E+01  0.163094E+00  0.782487E-01
  0.304287E+01  0.263795E+00  0.808312E-01
  0.304561E+01  0.133804E+00  0.771588E-01
  0.304834E+01  0.171556E+00  0.781217E-01
  0.305108E+01  0.165369E+00  0.775571E-01
  0.305381E+01  0.176133E+00  0.782516E-01
  0.305655E+01  0.886241E-01  0.751675E-01
  0.305929E+01  0.185818E+00  0.761153E-01
  0.306202E+01  0.207320E+00  0.775109E-01
  0.306476E+01  0.366906E-01  0.800515E-01
  0.306749E+01  0.116637E+00  0.793440E-01
  0.307023E+01  0.254281E+00  0.807727E-01
  0.307296E+01  0.275387E+00  0.795914E-01
  0.307570E+01  0.291736E+00  0.775845E-01
  0.307843E+01  0.132491E+00  0.788566E-01
  0.308117E+01  0.224218E+00  0.796219E-01
  0.308390E+01  0.140108E+00  0.810957E-01
  0.308664E+01  0.210090E+00  0.786574E-01
  0.308937E+01  0.146322E+00  0.789696E-01
  0.309211E+01  0.249047E+00  0.773477E-01
  0.309484E+01  0.264182E+00  0.774008E-01
  0.309758E+01  0.179209E+00  0.786068E-01
  0.310031E+01  0.306313E+00  0.787902E-01
  0.310305E+01  0.219056E+00  0.785087E-01
  0.310578E+01  0.224478E+00  0.781429E-01
  0.310852E+01  0.246205E+00  0.805130E-01
  0.311125E+01  0.241781E+00  0.784042E-01
  0.311399E+01  0.156259E+00  0.793107E-01
  0.311672E+01  0.134442E+00  0.766442E-01
  0.311946E+01  0.221942E+00  0.792402E-01
  0.312219E+01  0.165791E+00  0.749791E-01
  0.312493E+01  0.155567E+00  0.761339E-01
  0.312766E+01  0.115504E+00  0.792577E-01
  0.313040E+01  0.203687E+00  0.790162E-01
  0.313313E+01  0.200773E+00  0.774382E-01
  0.313587E+01  0.185126E+00  0.784674E-01
  0.313860E+01  0.239658E+00  0.770405E-01
  0.314134E+01  0.116421E+00  0.781977E-01
  0.314407E+01  0.160782E+00  0.766646E-01
  0.314681E+01  0.138768E+00  0.786626E-01
  0.314954E+01  0.178822E+00  0.783537E-01
  0.315228E+01  0.254640E+00  0.783826E-01
  0.315501E+01  0.207113E+00  0.786070E-01
  0.315775E+01  0.288210E+00  0.780310E-01
  0.316048E+01  0.155683E+00  0.799214E-01
  0.316322E+01  0.266016E+00  0.786236E-01
  0.316595E+01  0.162266E+00  0.776958E-01
  0.316869E+01  0.169577E+00  0.768848E-01
  0.317142E+01  0.236915E+00  0.794523E-01
  0.317416E+01  0.911241E-01  0.777051E-01
  0.317689E+01  0.297356E+00  0.788322E-01
  0.317963E+01  0.716187E-01  0.779049E-01
  0.318236E+01  0.175180E+00  0.763662E-01
  0.318510E+01  0.259523E+00  0.773885E-01
  0.318783E+01  0.167842E+00  0.782105E-01
  0.319057E+01  0.153633E+00  0.777127E-01
  0.319330E+01  0.233543E+00  0.790545E-01
  0.319604E+01  0.191133E+00  0.772534E-01
  0.319877E+01  0.178192E+00  0.768981E-01
  0.320151E+01  0.261295E+00  0.794115E-01
  0.320424E+01  0.143399E+00  0.796294E-01
  0.320698E+01  0.165396E+00  0.786355E-01
  0.320971E+01  0.155935E+00  0.770087E-01
  0.321245E+01  0.863040E-01  0.764287E-01
  0.321519E+01  0.161862E+00  0.768315E-01
  0.321792E+01  0.266700E+00  0.774711E-01
  0.322066E+01  0.281628E+00  0.792361E-01
  0.322339E+01  0.209011E+00  0.774433E-01
  0.322613E+01  0.197635E+00  0.776620E-01
  0.322886E+01  0.125854E+00  0.753768E-01
  0.323160E+01  0.157698E+00  0.778382E-01
  0.323433E+01  0.133129E+00  0.770659E-01
  0.323707E+01  0.114245E+00  0.774195E-01
  0.323980E+01  0.940288E-01  0.763574E-01
  0.324254E+01  0.179739E+00  0.773354E-01
  0.324527E+01  0.207527E+00  0.769263E-01
  0.324801E+01  0.532824E-01  0.762761E-01
  0.325074E+01  0.412050E-01  0.772440E-01
  0.325348E+01  0.241169E+00  0.807761E-01
  0.325621E+01  0.180549E+00  0.774096E-01
  0.325895E+01  0.217959E+00  0.769742E-01
  0.326168E+01  0.249550E+00  0.772302E-01
  0.326442E+01  0.195090E+00  0.784518E-01
  0.326715E+01  0.329245E+00  0.800777E-01
  0.326989E+01 -0.606115E-02  0.790975E-01
  0.327262E+01  0.122338E+00  0.794314E-01
  0.327536E+01  0.149928E+00  0.773468E-01
  0.327809E+01  0.140279E+00  0.760469E-01
  0.328083E+01  0.198076E+00  0.771550E-01
  0.328356E+01  0.146214E+00  0.782797E-01
  0.328630E+01  0.556295E-01  0.780842E-01
  0.328903E+01  0.127878E-01  0.768969E-01
  0.329177E+01  0.852428E-01  0.766612E-01
  0.329450E+01  0.194209E+00  0.793135E-01
  0.329724E+01  0.606385E-01  0.789472E-01
  0.329997E+01  0.142005E+00  0.753531E-01
  0.330271E+01  0.242230E+00  0.790564E-01
  0.330544E+01  0.125027E+00  0.776691E-01
  0.330818E+01  0.149083E+00  0.781623E-01
  0.331091E+01  0.608993E-01  0.777176E-01
  0.331365E+01  0.219191E+00  0.767445E-01
  0.331638E+01  0.116061E+00  0.789137E-01
  0.331912E+01  0.182203E+00  0.764622E-01
  0.332185E+01  0.185297E+00  0.778140E-01
  0.332459E+01  0.734442E-01  0.772238E-01
  0.332732E+01  0.131178E+00  0.773043E-01
  0.333006E+01  0.447482E-01  0.778461E-01
  0.333279E+01  0.128795E+00  0.779352E-01
  0.333553E+01  0.142752E+00  0.760231E-01
  0.333826E+01  0.219442E+00  0.772676E-01
  0.334100E+01  0.239775E+00  0.763995E-01
  0.334373E+01  0.137635E+00  0.784132E-01
  0.334647E+01  0.165764E+00  0.773425E-01
  0.334920E+01  0.321493E-01  0.769493E-01
  0.335194E+01  0.225288E+00  0.763286E-01
  0.335467E+01  0.285549E+00  0.791761E-01
  0.335741E+01  0.914838E-01  0.775877E-01
  0.336014E+01  0.194523E+00  0.776156E-01
  0.336288E+01  0.176511E+00  0.756669E-01
  0.336561E+01  0.193894E+00  0.767779E-01
  0.336835E+01  0.917446E-01  0.760330E-01
  0.337108E+01  0.223372E+00  0.781353E-01
  0.337382E+01  0.826439E-01  0.765433E-01
  0.337656E+01  0.102248E+00  0.762703E-01
  0.337929E+01  0.995504E-01  0.765775E-01
  0.338203E+01  0.178903E+00  0.797722E-01
  0.338476E+01  0.983543E-01  0.762901E-01
  0.338750E+01  0.232446E+00  0.778722E-01
  0.339023E+01  0.329335E+00  0.772549E-01
  0.339297E+01  0.164964E+00  0.797907E-01
  0.339570E+01  0.213777E+00  0.769484E-01
  0.339844E+01  0.464388E-01  0.782057E-01
  0.340117E+01  0.164874E+00  0.771247E-01
  0.340391E+01  0.136223E+00  0.783890E-01
  0.340664E+01  0.222689E+00  0.784649E-01
  0.340938E+01  0.222275E+00  0.751323E-01
  0.341211E+01  0.180225E+00  0.783812E-01
  0.341485E+01  0.107050E+00  0.769594E-01
  0.341758E+01  0.426888E-01  0.776674E-01
  0.342032E+01  0.199667E+00  0.774415E-01
  0.342305E+01  0.188049E+00  0.767356E-01
  0.342579E+01  0.135126E+00  0.763125E-01
  0.342852E+01  0.131601E+00  0.769524E-01
  0.343126E+01  0.216331E+00  0.782692E-01
  0.343399E+01  0.185045E+00  0.781058E-01
  0.343673E+01  0.188399E+00  0.768544E-01
  0.343946E+01  0.200441E+00  0.743688E-01
  0.344220E+01  0.153579E+00  0.764975E-01
  0.344493E+01  0.152716E+00  0.768829E-01
  0.344767E+01  0.186241E+00  0.777842E-01
  0.345040E+01  0.604676E-01  0.752364E-01
  0.345314E+01  0.254838E+00  0.776145E-01
  0.345587E+01  0.161097E+00  0.785566E-01
  0.345861E+01  0.115468E+00  0.782424E-01
  0.346134E+01  0.280737E+00  0.777329E-01
  0.346408E+01  0.659532E-01  0.798071E-01
  0.346681E+01  0.144038E+00  0.773768E-01
  0.346955E+01  0.148516E+00  0.786675E-01
  0.347228E+01  0.162167E+00  0.773519E-01
  0.347502E+01  0.151511E+00  0.766421E-01
  0.347775E+01  0.981835E-01  0.773570E-01
  0.348049E+01  0.680306E-01  0.762523E-01
  0.348322E+01  0.139802E+00  0.773884E-01
  0.348596E+01  0.213246E+00  0.769184E-01
  0.348869E+01  0.202770E+00  0.769445E-01
  0.349143E+01  0.268040E+00  0.790400E-01
  0.349416E+01  0.125432E+00  0.766403E-01
  0.349690E+01  0.218615E-01  0.753617E-01
  0.349963E+01  0.130126E+00  0.771939E-01
  0.350237E+01  0.162977E+00  0.764613E-01
  0.350510E+01  0.196763E+00  0.769731E-01
  0.350784E+01  0.278615E+00  0.755725E-01
  0.351057E+01  0.174254E+00  0.799943E-01
  0.351331E+01  0.184317E+00  0.777764E-01
  0.351604E+01  0.148966E+00  0.785270E-01
  0.351878E+01  0.922752E-01  0.764143E-01
  0.352151E+01  0.177626E+00  0.764927E-01
  0.352425E+01  0.255674E+00  0.764398E-01
  0.352698E+01  0.293741E+00  0.759957E-01
  0.352972E+01  0.215216E+00  0.768885E-01
  0.353245E+01  0.238273E+00  0.777496E-01
  0.353519E+01  0.262617E+00  0.793173E-01
  0.353793E+01  0.149191E+00  0.752519E-01
  0.354066E+01  0.916547E-01  0.774744E-01
  0.354340E+01  0.149811E+00  0.763329E-01
  0.354613E+01  0.995054E-01  0.778011E-01
  0.354887E+01  0.162869E+00  0.751936E-01
  0.355160E+01  0.186448E+00  0.767050E-01
  0.355434E+01  0.118876E+00  0.778133E-01
  0.355707E+01  0.110863E+00  0.771970E-01
  0.355981E+01  0.199874E+00  0.760392E-01
  0.356254E+01  0.715917E-01  0.754248E-01
  0.356528E+01  0.246996E+00  0.763334E-01
  0.356801E+01  0.613579E-01  0.783116E-01
  0.357075E+01  0.188417E+00  0.784643E-01
  0.357348E+01  0.155000E+00  0.767207E-01
  0.357622E+01  0.207806E+00  0.761709E-01
  0.357895E+01  0.232221E+00  0.769886E-01
  0.358169E+01  0.761331E-01  0.758681E-01
  0.358442E+01  0.813489E-01  0.756267E-01
  0.358716E+01  0.614658E-01  0.767216E-01
  0.358989E+01  0.210845E+00  0.760886E-01
  0.359263E+01  0.153237E+00  0.751258E-01
  0.359536E+01  0.637140E-01  0.749823E-01
  0.359810E+01  0.148678E+00  0.765534E-01
  0.360083E+01  0.146169E+00  0.779073E-01
  0.360357E+01  0.161610E+00  0.785502E-01
  0.360630E+01  0.123840E+00  0.760092E-01
  0.360904E+01  0.254586E-01  0.750153E-01
  0.361177E+01  0.188813E+00  0.762045E-01
  0.361451E+01  0.119739E+00  0.762978E-01
  0.361724E+01  0.163705E+00  0.773906E-01
  0.361998E+01  0.128516E+00  0.768663E-01
  0.362271E+01  0.510162E-01  0.763186E-01
  0.362545E+01  0.133768E+00  0.769363E-01
  0.362818E+01 -0.714928E-02  0.738886E-01
  0.363092E+01  0.214299E-01  0.740401E-01
  0.363365E+01  0.157383E+00  0.786348E-01
  0.363639E+01  0.224388E+00  0.752798E-01
  0.363912E+01  0.146493E+00  0.780606E-01
  0.364186E+01  0.765468E-01  0.768181E-01
  0.364459E+01  0.205638E+00  0.759139E-01
  0.364733E+01  0.475719E-02  0.743507E-01
  0.365006E+01  0.131502E+00  0.758953E-01
  0.365280E+01  0.242545E+00  0.768430E-01
  0.365553E+01  0.237734E+00  0.764927E-01
  0.365827E+01  0.269676E+00  0.755797E-01
  0.366100E+01  0.143112E+00  0.779081E-01
  0.366374E+01  0.228777E+00  0.770036E-01
  0.366647E+01  0.126070E+00  0.762610E-01
  0.366921E+01  0.107824E+00  0.753787E-01
  0.367194E+01  0.199685E+00  0.750340E-01
  0.367468E+01 -0.109532E-01  0.765763E-01
  0.367741E+01  0.151061E+00  0.762866E-01
  0.368015E+01  0.168228E+00  0.767778E-01
  0.368288E+01  0.100396E+00  0.776256E-01
  0.368562E+01  0.198462E+00  0.756974E-01
  0.368835E+01  0.207014E+00  0.764645E-01
  0.369109E+01  0.998921E-01  0.754084E-01
  0.369383E+01  0.112995E+00  0.765159E-01
  0.369656E+01  0.786871E-01  0.750101E-01
  0.369930E+01  0.417986E-01  0.753700E-01
  0.370203E+01  0.159344E+00  0.767715E-01
  0.370477E+01  0.787140E-01  0.753508E-01
  0.370750E+01  0.155998E+00  0.761831E-01
  0.371024E+01  0.281655E-01  0.771240E-01
  0.371297E+01  0.159263E+00  0.770662E-01
  0.371571E+01  0.126826E+00  0.765063E-01
  0.371844E+01  0.195800E+00  0.758642E-01
  0.372118E+01  0.417806E-01  0.780143E-01
  0.372391E+01  0.162311E+00  0.753844E-01
  0.372665E+01  0.148354E+00  0.757324E-01
  0.372938E+01  0.636871E-01  0.753939E-01
  0.373212E+01  0.211996E+00  0.769633E-01
  0.373485E+01  0.133975E+00  0.757472E-01
  0.373759E+01  0.146619E+00  0.780106E-01
  0.374032E+01  0.257968E+00  0.763062E-01
  0.374306E+01  0.199020E+00  0.787613E-01
  0.374579E+01  0.194092E+00  0.758135E-01
  0.374853E+01  0.804676E-01  0.762836E-01
  0.375126E+01  0.109272E+00  0.759337E-01
  0.375400E+01  0.154838E+00  0.767086E-01
  0.375673E+01  0.180000E+00  0.751835E-01
  0.375947E+01 -0.423471E-01  0.766174E-01
  0.376220E+01  0.108085E+00  0.771188E-01
  0.376494E+01  0.257275E+00  0.792675E-01
  0.376767E+01  0.118372E+00  0.745411E-01
  0.377041E+01  0.697032E-01  0.773748E-01
  0.377314E+01  0.348381E-01  0.742569E-01
  0.377588E+01  0.776888E-01  0.757776E-01
  0.377861E+01  0.170576E+00  0.782648E-01
  0.378135E+01  0.101412E+00  0.755292E-01
  0.378408E+01  0.207302E+00  0.757054E-01
  0.378682E+01  0.103507E+00  0.766166E-01
  0.378955E+01  0.180288E+00  0.769981E-01
  0.379229E+01  0.255306E-01  0.737382E-01
  0.379502E+01  0.477518E-01  0.761933E-01
  0.379776E+01  0.139523E+00  0.777356E-01
  0.380049E+01  0.106709E+00  0.758833E-01
  0.380323E+01 -0.835432E-02  0.731259E-01
  0.380596E+01  0.133669E+00  0.749494E-01
  0.380870E+01 -0.207104E-01  0.763930E-01
  0.381143E+01  0.128804E+00  0.754993E-01
  0.381417E+01  0.589209E-01  0.752441E-01
  0.381690E+01  0.214200E+00  0.756181E-01
  0.381964E+01  0.121160E+00  0.771653E-01
  0.382237E+01  0.286574E+00  0.751047E-01
  0.382511E+01  0.200899E-01  0.742908E-01
  0.382784E+01  0.117122E+00  0.768639E-01
  0.383058E+01  0.215612E+00  0.781134E-01
  0.383331E+01  0.112914E+00  0.751846E-01
  0.383605E+01  0.199442E+00  0.751063E-01
  0.383878E+01  0.127797E+00  0.756202E-01
  0.384152E+01  0.197581E+00  0.759402E-01
  0.384425E+01  0.144379E+00  0.757827E-01
  0.384699E+01  0.230755E+00  0.754072E-01
  0.384972E+01  0.119227E+00  0.734239E-01
  0.385246E+01  0.534622E-01  0.757508E-01
  0.385520E+01  0.103777E+00  0.742454E-01
  0.385793E+01  0.640827E-01  0.770093E-01
  0.386067E+01  0.788939E-01  0.749406E-01
  0.386340E+01  0.680665E-01  0.762811E-01
  0.386614E+01  0.731475E-01  0.738250E-01
  0.386887E+01  0.257806E+00  0.753219E-01
  0.387161E+01  0.801349E-01  0.761557E-01
  0.387434E+01  0.102536E+00  0.739494E-01
  0.387708E+01  0.147032E+00  0.759379E-01
  0.387981E+01  0.417266E-01  0.758843E-01
  0.388255E+01  0.127005E+00  0.762330E-01
  0.388528E+01  0.633094E-01  0.751898E-01
  0.388802E+01  0.506385E-01  0.781950E-01
  0.389075E+01  0.847032E-01  0.743118E-01
  0.389349E+01  0.126196E+00  0.780733E-01
  0.389622E+01  0.445504E-01  0.757728E-01
  0.389896E+01  0.238660E+00  0.771607E-01
  0.390169E+01  0.103966E+00  0.760823E-01
  0.390443E+01  0.161835E+00  0.741953E-01
  0.390716E+01  0.576888E-01  0.761567E-01
  0.390990E+01  0.149379E+00  0.757515E-01
  0.391263E+01  0.117500E+00  0.755888E-01
  0.391537E+01  0.663579E-01  0.756958E-01
  0.391810E+01  0.692806E-01  0.765804E-01
  0.392084E+01  0.108723E+00  0.745757E-01
  0.392357E+01  0.939299E-01  0.773449E-01
  0.392631E+01  0.186178E+00  0.768804E-01
  0.392904E+01  0.181340E+00  0.776566E-01
  0.393178E+01  0.857284E-01  0.779431E-01
  0.393451E+01  0.111781E+00  0.747487E-01
  0.393725E+01  0.758543E-01  0.874446E-01
  0.393998E+01 -0.731295E-01  0.940533E-01
  0.394272E+01  0.210513E+00  0.974500E-01
  0.394545E+01 -0.556565E-01  0.100219E+00
  0.394819E+01  0.124829E+00  0.111797E+00
  0.395092E+01  0.413040E-01  0.108008E+00
  0.395366E+01  0.364209E+00  0.116225E+00
  0.395639E+01  0.222239E+00  0.114595E+00
  0.395913E+01  0.131340E+00  0.118024E+00
  0.396186E+01  0.935791E-01  0.121614E+00
  0.396460E+01 -0.974011E-01  0.102208E+00
  0.396733E+01  0.140396E+00  0.908437E-01
  0.397007E+01 -0.735612E-02  0.859132E-01
  0.397280E+01  0.176286E+00  0.828076E-01
  0.397554E+01  0.170270E+00  0.817209E-01
  0.397827E+01  0.110764E+00  0.824494E-01
  0.398101E+01  0.188156E+00  0.830719E-01
  0.398374E+01  0.224074E+00  0.801621E-01
  0.398648E+01  0.117950E+00  0.813926E-01
  0.398921E+01  0.789838E-01  0.811154E-01
  0.399195E+01  0.125773E+00  0.832288E-01
  0.399468E+01  0.696223E-01  0.801132E-01
  0.399742E+01  0.380576E+00  0.826157E-01
  0.400015E+01  0.980576E-01  0.800373E-01
  0.400289E+01  0.110495E+00  0.785066E-01
  0.400562E+01  0.152932E+00  0.790102E-01
  0.400836E+01  0.189119E-01  0.793502E-01
  0.401110E+01  0.230692E+00  0.784604E-01
  0.401383E+01  0.145773E+00  0.782999E-01
  0.401657E+01  0.914568E-02  0.785582E-01
  0.401930E+01  0.118948E+00  0.768342E-01
  0.402204E+01  0.135441E+00  0.781655E-01
  0.402477E+01  0.153777E-01  0.774568E-01
  0.402751E+01  0.102986E+00  0.766978E-01
  0.403024E+01  0.969694E-01  0.783155E-01
  0.403298E+01  0.201322E+00  0.775888E-01
  0.403571E+01  0.845773E-01  0.766800E-01
  0.403845E+01  0.218660E+00  0.765038E-01
  0.404118E+01  0.965737E-01  0.766006E-01
  0.404392E+01  0.119532E+00  0.763566E-01
  0.404665E+01  0.142302E+00  0.739593E-01
  0.404939E+01  0.923201E-01  0.729472E-01
  0.405212E+01  0.113112E+00  0.724178E-01
  0.405486E+01  0.121079E+00  0.758745E-01
  0.405759E+01  0.230674E+00  0.739374E-01
  0.406033E+01  0.173669E+00  0.738075E-01
  0.406306E+01  0.111511E+00  0.754762E-01
  0.406580E+01  0.215288E-01  0.737076E-01
  0.406853E+01  0.146871E+00  0.735394E-01
  0.407127E+01  0.150558E+00  0.739985E-01
  0.407400E+01  0.691637E-01  0.747925E-01
  0.407674E+01  0.646763E-01  0.723143E-01
  0.407947E+01  0.822212E-01  0.737323E-01
  0.408221E+01  0.817716E-01  0.746735E-01
  0.408494E+01  0.121601E+00  0.726139E-01
  0.408768E+01  0.105153E+00  0.738553E-01
  0.409041E+01  0.151295E+00  0.756678E-01
  0.409315E+01  0.118049E+00  0.742872E-01
  0.409588E+01  0.176169E+00  0.750115E-01
  0.409862E+01 -0.232014E-01  0.751412E-01
  0.410135E+01  0.115216E+00  0.751443E-01
  0.410409E+01  0.236457E+00  0.739745E-01
  0.410682E+01  0.683273E-01  0.735043E-01
  0.410956E+01  0.451709E-01  0.729913E-01
  0.411229E+01  0.834173E-01  0.732878E-01
  0.411503E+01  0.500809E-01  0.726912E-01
  0.411776E+01  0.178067E+00  0.754737E-01
  0.412050E+01  0.880396E-01  0.743838E-01
  0.412323E+01  0.168138E+00  0.738504E-01
  0.412597E+01  0.922662E-01  0.762122E-01
  0.412870E+01  0.180369E+00  0.756956E-01
  0.413144E+01  0.775180E-01  0.754720E-01
  0.413417E+01  0.107365E+00  0.745408E-01
  0.413691E+01  0.105890E+00  0.740178E-01
  0.413964E+01  0.183498E+00  0.746819E-01
  0.414238E+01  0.168040E+00  0.741135E-01
  0.414511E+01  0.142149E+00  0.750634E-01
  0.414785E+01  0.810252E-01  0.754451E-01
  0.415058E+01  0.161924E+00  0.740534E-01
  0.415332E+01  0.204604E+00  0.748350E-01
  0.415605E+01  0.264290E+00  0.748655E-01
  0.415879E+01  0.123822E+00  0.750781E-01
  0.416152E+01  0.163067E+00  0.720427E-01
  0.416426E+01  0.581295E-01  0.751658E-01
  0.416699E+01  0.183345E+00  0.760484E-01
  0.416973E+01  0.126933E+00  0.760610E-01
  0.417247E+01  0.139245E+00  0.732450E-01
  0.417520E+01  0.732644E-01  0.742740E-01
  0.417794E+01  0.168462E+00  0.727150E-01
  0.418067E+01  0.152617E+00  0.757114E-01
  0.418341E+01  0.122959E+00  0.728642E-01
  0.418614E+01  0.128426E+00  0.743367E-01
  0.418888E+01 -0.192446E-01  0.746824E-01
  0.419161E+01  0.160027E+00  0.746788E-01
  0.419435E+01  0.211888E+00  0.749157E-01
  0.419708E+01  0.238354E+00  0.753129E-01
  0.419982E+01 -0.324281E-01  0.748270E-01
  0.420255E+01  0.195054E-01  0.741824E-01
  0.420529E+01  0.223489E+00  0.755890E-01
  0.420802E+01  0.466277E-01  0.752716E-01
  0.421076E+01  0.831655E-01  0.759810E-01
  0.421349E+01  0.155881E+00  0.746992E-01
  0.421623E+01  0.212023E+00  0.737805E-01
  0.421896E+01  0.100081E+00  0.743789E-01
  0.422170E+01  0.188318E+00  0.744672E-01
  0.422443E+01  0.677158E-01  0.735545E-01
  0.422717E+01  0.823112E-01  0.763373E-01
  0.422990E+01  0.786151E-01  0.718773E-01
  0.423264E+01  0.436691E-01  0.756747E-01
  0.423537E+01  0.170594E+00  0.743956E-01
  0.423811E+01  0.169406E+00  0.729841E-01
  0.424084E+01  0.328507E-01  0.743516E-01
  0.424358E+01  0.585342E-01  0.764627E-01
  0.424631E+01  0.669424E-01  0.728227E-01
  0.424905E+01  0.138255E+00  0.735614E-01
  0.425178E+01  0.137464E+00  0.744570E-01
  0.425452E+01  0.153975E+00  0.742137E-01
  0.425725E+01  0.207203E+00  0.737384E-01
  0.425999E+01  0.149901E+00  0.717902E-01
  0.426272E+01  0.113121E+00  0.730392E-01
  0.426546E+01  0.156376E+00  0.744437E-01
  0.426819E+01  0.274595E+00  0.733671E-01
  0.427093E+01  0.173004E+00  0.734674E-01
  0.427366E+01  0.183948E+00  0.757088E-01
  0.427640E+01  0.210567E+00  0.741809E-01
  0.427913E+01  0.614568E-01  0.732783E-01
  0.428187E+01  0.794065E-02  0.732107E-01
  0.428460E+01  0.111367E+00  0.734757E-01
  0.428734E+01  0.481115E-01  0.746959E-01
  0.429007E+01  0.946673E-01  0.740340E-01
  0.429281E+01  0.216637E-01  0.733601E-01
  0.429554E+01  0.154658E+00  0.724865E-01
  0.429828E+01  0.876978E-01  0.750499E-01
  0.430101E+01  0.199928E+00  0.741399E-01
  0.430375E+01  0.132509E+00  0.721947E-01
  0.430648E+01  0.161493E+00  0.740654E-01
  0.430922E+01  0.649281E-02  0.732930E-01
  0.431195E+01  0.148471E+00  0.709536E-01
  0.431469E+01  0.672032E-01  0.752427E-01
  0.431742E+01  0.229784E+00  0.722141E-01
  0.432016E+01  0.839838E-01  0.726018E-01
  0.432289E+01  0.129344E+00  0.751329E-01
  0.432563E+01  0.156052E+00  0.735052E-01
  0.432837E+01  0.141511E+00  0.751891E-01
  0.433110E+01  0.126826E+00  0.748954E-01
  0.433384E+01  0.265647E-01  0.728918E-01
  0.433657E+01  0.141331E+00  0.733172E-01
  0.433931E+01  0.152761E+00  0.734063E-01
  0.434204E+01  0.420504E-01  0.738969E-01
  0.434478E+01  0.105279E+00  0.742991E-01
  0.434751E+01  0.141547E+00  0.752815E-01
  0.435025E+01  0.104892E+00  0.737024E-01
  0.435298E+01  0.552878E-01  0.738539E-01
  0.435572E+01  0.154406E+00  0.713245E-01
  0.435845E+01  0.146295E+00  0.743076E-01
  0.436119E+01  0.167752E+00  0.713860E-01
  0.436392E+01  0.379227E-01  0.728054E-01
  0.436666E+01  0.743885E-01  0.735994E-01
  0.436939E+01  0.234415E+00  0.753029E-01
  0.437213E+01  0.210324E+00  0.745710E-01
  0.437486E+01  0.133255E+00  0.736679E-01
  0.437760E+01  0.152842E+00  0.737558E-01
  0.438033E+01  0.178876E+00  0.736334E-01
  0.438307E+01  0.169317E+00  0.726869E-01
  0.438580E+01  0.115522E+00  0.741877E-01
  0.438854E+01  0.580486E-01  0.728336E-01
  0.439127E+01  0.141871E+00  0.747785E-01
  0.439401E+01 -0.178058E-02  0.733426E-01
  0.439674E+01  0.134460E+00  0.743254E-01
  0.439948E+01  0.154901E+00  0.734482E-01
  0.440221E+01  0.543076E-01  0.730762E-01
  0.440495E+01  0.654317E-01  0.732098E-01
  0.440768E+01  0.698831E-01  0.736427E-01
  0.441042E+01  0.226268E+00  0.728924E-01
  0.441315E+01  0.177680E+00  0.745652E-01
  0.441589E+01  0.156187E+00  0.737774E-01
  0.441862E+01  0.131322E+00  0.738552E-01
  0.442136E+01  0.645863E-01  0.730088E-01
  0.442409E+01  0.244550E+00  0.748312E-01
  0.442683E+01  0.849550E-01  0.712497E-01
  0.442956E+01  0.308903E-01  0.757915E-01
  0.443230E+01  0.234496E+00  0.751128E-01
  0.443503E+01  0.137770E+00  0.744170E-01
  0.443777E+01  0.858813E-01  0.736295E-01
  0.444050E+01  0.282689E+00  0.754591E-01
  0.444324E+01  0.961960E-01  0.730736E-01
  0.444597E+01  0.158291E+00  0.730375E-01
  0.444871E+01  0.162923E+00  0.731142E-01
  0.445144E+01  0.196268E+00  0.737304E-01
  0.445418E+01  0.337410E-01  0.736084E-01
  0.445691E+01  0.131709E+00  0.722362E-01
  0.445965E+01  0.135953E+00  0.724479E-01
  0.446238E+01  0.733273E-01  0.736655E-01
  0.446512E+01  0.142329E+00  0.724718E-01
  0.446785E+01  0.145414E+00  0.729346E-01
  0.447059E+01  0.131745E-01  0.748624E-01
  0.447332E+01  0.147644E+00  0.738466E-01
  0.447606E+01  0.156151E+00  0.727922E-01
  0.447879E+01  0.183336E+00  0.721155E-01
  0.448153E+01  0.189460E+00  0.729682E-01
  0.448426E+01  0.198399E+00  0.733838E-01
  0.448700E+01  0.938579E-01  0.712257E-01
  0.448974E+01  0.161142E+00  0.733685E-01
  0.449247E+01  0.590378E-01  0.752896E-01
  0.449521E+01  0.122338E+00  0.713920E-01
  0.449794E+01  0.533004E-01  0.753895E-01
  0.450068E+01  0.144658E+00  0.738294E-01
  0.450341E+01  0.155809E+00  0.730999E-01
  0.450615E+01  0.141178E+00  0.720279E-01
  0.450888E+01  0.157662E+00  0.719975E-01
  0.451162E+01  0.204847E+00  0.754053E-01
  0.451435E+01  0.830036E-01  0.720007E-01
  0.451709E+01  0.837140E-01  0.733264E-01
  0.451982E+01  0.123435E+00  0.728431E-01
  0.452256E+01  0.362590E-01  0.725543E-01
  0.452529E+01  0.170971E+00  0.738234E-01
  0.452803E+01  0.584532E-03  0.726766E-01
  0.453076E+01  0.104362E+00  0.730266E-01
  0.453350E+01  0.164460E+00  0.740339E-01
  0.453623E+01  0.667266E-01  0.728411E-01
  0.453897E+01  0.996313E-01  0.743259E-01
  0.454170E+01  0.459622E-01  0.717190E-01
  0.454444E+01  0.473471E-01  0.740584E-01
  0.454717E+01  0.158732E+00  0.732256E-01
  0.454991E+01  0.615468E-01  0.716574E-01
  0.455264E+01  0.101349E+00  0.722717E-01
  0.455538E+01  0.218031E+00  0.742342E-01
  0.455811E+01  0.118408E+00  0.744250E-01
  0.456085E+01  0.916007E-01  0.719402E-01
  0.456358E+01  0.607554E-01  0.741630E-01
  0.456632E+01  0.226070E+00  0.756785E-01
  0.456905E+01  0.266205E+00  0.741207E-01
  0.457179E+01  0.714838E-01  0.721514E-01
  0.457452E+01  0.508273E-01  0.751319E-01
  0.457726E+01  0.994514E-01  0.729857E-01
  0.457999E+01  0.111817E+00  0.729464E-01
  0.458273E+01  0.133372E+00  0.714827E-01
  0.458546E+01  0.170306E+00  0.720699E-01
  0.458820E+01  0.152554E+00  0.720989E-01
  0.459093E+01  0.167248E+00  0.752108E-01
  0.459367E+01  0.100081E+00  0.739753E-01
  0.459640E+01  0.241349E+00  0.737905E-01
  0.459914E+01  0.536601E-01  0.735927E-01
  0.460187E+01  0.131879E+00  0.735000E-01
  0.460461E+01  0.921942E-01  0.742178E-01
  0.460734E+01  0.141538E+00  0.733408E-01
  0.461008E+01  0.731835E-01  0.729893E-01
  0.461281E+01  0.117797E+00  0.734090E-01
  0.461555E+01  0.251358E+00  0.731801E-01
  0.461828E+01  0.641817E-01  0.728939E-01
  0.462102E+01  0.129379E+00  0.715391E-01
  0.462375E+01  0.160135E+00  0.730897E-01
  0.462649E+01  0.537770E-01  0.714454E-01
  0.462922E+01  0.218471E+00  0.745143E-01
  0.463196E+01  0.198390E+00  0.714761E-01
  0.463469E+01  0.238156E+00  0.728100E-01
  0.463743E+01  0.269335E-01  0.721250E-01
  0.464016E+01  0.143831E+00  0.730896E-01
  0.464290E+01  0.100944E+00  0.737171E-01
  0.464564E+01  0.132437E+00  0.732128E-01
  0.464837E+01  0.256268E+00  0.727143E-01
  0.465111E+01  0.159505E+00  0.749505E-01
  0.465384E+01  0.155090E+00  0.719748E-01
  0.465658E+01  0.138903E+00  0.725681E-01
  0.465931E+01  0.958543E-01  0.715716E-01
  0.466205E+01  0.154649E+00  0.739120E-01
  0.466478E+01  0.192203E+00  0.744535E-01
  0.466752E+01  0.773921E-01  0.706417E-01
  0.467025E+01  0.236106E+00  0.754378E-01
  0.467299E+01  0.194218E+00  0.727577E-01
  0.467572E+01  0.223642E+00  0.731769E-01
  0.467846E+01  0.228022E+00  0.739529E-01
  0.468119E+01  0.184766E+00  0.734034E-01
  0.468393E+01  0.164236E+00  0.742944E-01
  0.468666E+01  0.235180E+00  0.726072E-01
  0.468940E+01  0.288885E+00  0.735155E-01
  0.469213E+01  0.162653E+00  0.743672E-01
  0.469487E+01  0.811151E-01  0.742036E-01
  0.469760E+01  0.204865E+00  0.730282E-01
  0.470034E+01  0.170477E+00  0.731170E-01
  0.470307E+01  0.219002E+00  0.731405E-01
  0.470581E+01  0.979227E-01  0.725417E-01
  0.470854E+01  0.209487E+00  0.747107E-01
  0.471128E+01  0.839388E-01  0.722925E-01
  0.471401E+01  0.871853E-01  0.737748E-01
  0.471675E+01  0.716906E-01  0.746840E-01
  0.471948E+01  0.159083E+00  0.723534E-01
  0.472222E+01  0.132095E+00  0.747216E-01
  0.472495E+01 -0.319694E-01  0.733857E-01
  0.472769E+01  0.246403E+00  0.735436E-01
  0.473042E+01  0.142338E+00  0.711090E-01
  0.473316E+01  0.227698E+00  0.730383E-01
  0.473589E+01  0.214901E+00  0.739129E-01
  0.473863E+01  0.748201E-01  0.730420E-01
  0.474136E+01  0.134793E+00  0.757390E-01
  0.474410E+01  0.124308E+00  0.717654E-01
  0.474683E+01  0.210162E-01  0.726615E-01
  0.474957E+01  0.127743E+00  0.726416E-01
  0.475230E+01  0.148022E+00  0.730704E-01
  0.475504E+01  0.138273E+00  0.721012E-01
  0.475777E+01  0.214919E+00  0.710426E-01
  0.476051E+01  0.197482E+00  0.723920E-01
  0.476324E+01  0.110360E+00  0.725762E-01
  0.476598E+01  0.139326E+00  0.716802E-01
  0.476871E+01  0.149937E+00  0.727198E-01
  0.477145E+01  0.228768E+00  0.734782E-01
  0.477418E+01  0.891817E-01  0.734104E-01
  0.477692E+01  0.182914E-01  0.722121E-01
  0.477965E+01  0.237275E+00  0.737657E-01
  0.478239E+01  0.601349E-01  0.722502E-01
  0.478512E+01  0.688129E-01  0.723399E-01
  0.478786E+01 -0.283903E-01  0.707684E-01
  0.479059E+01  0.769694E-01  0.744365E-01
  0.479333E+01  0.143678E+00  0.746516E-01
  0.479606E+01  0.208741E+00  0.726646E-01
  0.479880E+01  0.252005E+00  0.714425E-01
  0.480153E+01  0.112518E+00  0.732530E-01
  0.480427E+01  0.517986E-01  0.741118E-01
  0.480701E+01  0.119739E+00  0.720482E-01
  0.480974E+01  0.533813E-01  0.732117E-01
  0.481248E+01  0.155027E+00  0.724561E-01
  0.481521E+01  0.944065E-01  0.733464E-01
  0.481795E+01  0.144182E+00  0.708374E-01
  0.482068E+01  0.101097E+00  0.716750E-01
  0.482342E+01  0.196295E+00  0.729508E-01
  0.482615E+01  0.170027E+00  0.727194E-01
  0.482889E+01  0.207716E+00  0.736957E-01
  0.483162E+01  0.141034E+00  0.726965E-01
  0.483436E+01  0.402878E-01  0.734982E-01
  0.483709E+01  0.877608E-01  0.729309E-01
  0.483983E+01  0.111897E+00  0.711907E-01
  0.484256E+01  0.244568E+00  0.711919E-01
  0.484530E+01  0.160692E+00  0.744133E-01
  0.484803E+01 -0.304496E-01  0.728193E-01
  0.485077E+01  0.789478E-01  0.712207E-01
  0.485350E+01  0.990737E-01  0.724900E-01
  0.485624E+01  0.167671E+00  0.742554E-01
  0.485897E+01  0.107428E+00  0.730763E-01
  0.486171E+01  0.114335E+00  0.728808E-01
  0.486444E+01  0.190288E+00  0.717995E-01
  0.486718E+01  0.936511E-01  0.748610E-01
  0.486991E+01  0.145450E+00  0.716111E-01
  0.487265E+01  0.115216E+00  0.708099E-01
  0.487538E+01  0.192428E+00  0.729020E-01
  0.487812E+01  0.103282E+00  0.731345E-01
  0.488085E+01 -0.107194E-01  0.741448E-01
  0.488359E+01  0.956745E-01  0.729378E-01
  0.488632E+01  0.777158E-01  0.728420E-01
  0.488906E+01  0.196871E+00  0.709833E-01
  0.489179E+01  0.191772E+00  0.715510E-01
  0.489453E+01  0.110998E+00  0.734488E-01
  0.489726E+01  0.174397E+00  0.732618E-01
  0.490000E+01  0.151259E+00  0.707346E-01
  0.490273E+01  0.868165E-01  0.720778E-01
  0.490547E+01  0.580845E-01  0.721302E-01
  0.490820E+01  0.152626E+00  0.713862E-01
  0.491094E+01  0.158363E+00  0.744826E-01
  0.491367E+01  0.102986E+00  0.738095E-01
  0.491641E+01  0.183993E+00  0.740182E-01
  0.491914E+01  0.155279E+00  0.710944E-01
  0.492188E+01  0.157338E+00  0.729652E-01
  0.492461E+01  0.190944E+00  0.723365E-01
  0.492735E+01  0.140728E+00  0.742760E-01
  0.493008E+01  0.148687E+00  0.709824E-01
  0.493282E+01  0.166196E+00  0.732045E-01
  0.493555E+01  0.206115E+00  0.730196E-01
  0.493829E+01  0.101115E+00  0.740869E-01
  0.494102E+01  0.104353E+00  0.718488E-01
  0.494376E+01  0.926169E-01  0.737821E-01
  0.494649E+01  0.511151E-01  0.729070E-01
  0.494923E+01  0.529406E-01  0.725504E-01
  0.495196E+01  0.200468E+00  0.734541E-01
  0.495470E+01  0.822932E-01  0.760236E-01
  0.495743E+01  0.179856E+00  0.709155E-01
  0.496017E+01  0.858363E-01  0.710004E-01
  0.496290E+01  0.137986E+00  0.726055E-01
  0.496564E+01  0.221196E+00  0.738131E-01
  0.496838E+01  0.169478E+00  0.741061E-01
  0.497111E+01  0.746043E-01  0.723217E-01
  0.497385E+01  0.582104E-01  0.731760E-01
  0.497658E+01  0.164415E+00  0.728716E-01
  0.497932E+01 -0.359712E-02  0.741752E-01
  0.498205E+01  0.106241E+00  0.733735E-01
  0.498479E+01  0.162050E+00  0.729201E-01
  0.498752E+01  0.187833E+00  0.725488E-01
  0.499026E+01  0.145647E+00  0.716626E-01
  0.499299E+01  0.179371E+00  0.711131E-01
  0.499573E+01  0.683453E-01  0.724931E-01
  0.499846E+01  0.109577E+00  0.730592E-01
  0.500120E+01  0.166583E+00  0.724578E-01
  0.500393E+01  0.108615E+00  0.701436E-01
  0.500667E+01  0.275468E+00  0.732466E-01
  0.500940E+01  0.999281E-01  0.738179E-01
  0.501214E+01  0.167716E+00  0.724505E-01
  0.501487E+01  0.142842E+00  0.731617E-01
  0.501761E+01  0.189155E+00  0.754189E-01
  0.502034E+01  0.787590E-01  0.744724E-01
  0.502308E+01  0.159245E+00  0.749692E-01
  0.502581E+01  0.237473E+00  0.725493E-01
  0.502855E+01  0.214137E+00  0.730960E-01
  0.503128E+01  0.242527E+00  0.727784E-01
  0.503402E+01  0.871763E-01  0.746951E-01
  0.503675E+01  0.135998E+00  0.726977E-01
  0.503949E+01  0.187932E+00  0.733224E-01
  0.504222E+01  0.779406E-01  0.721268E-01
  0.504496E+01  0.169577E+00  0.729553E-01
  0.504769E+01  0.838849E-01  0.737020E-01
  0.505043E+01  0.105926E+00  0.706453E-01
  0.505316E+01  0.847662E-01  0.733544E-01
  0.505590E+01  0.126835E+00  0.716558E-01
  0.505863E+01  0.105719E+00  0.726609E-01
  0.506137E+01  0.116457E+00  0.718797E-01
  0.506410E+01  0.180099E+00  0.734970E-01
  0.506684E+01  0.239793E+00  0.742259E-01
  0.506957E+01  0.204856E-01  0.715384E-01
  0.507231E+01  0.114514E+00  0.716249E-01
  0.507504E+01  0.175117E+00  0.720747E-01
  0.507778E+01  0.178543E+00  0.728200E-01
  0.508051E+01  0.453867E-01  0.716934E-01
  0.508325E+01  0.175459E+00  0.735061E-01
  0.508598E+01  0.279137E-01  0.722125E-01
  0.508872E+01  0.139146E+00  0.708680E-01
  0.509145E+01  0.271493E-01  0.733891E-01
  0.509419E+01  0.186520E+00  0.747711E-01
  0.509692E+01  0.918525E-01  0.730836E-01
  0.509966E+01  0.225261E+00  0.731422E-01
  0.510239E+01  0.966817E-01  0.731664E-01
  0.510513E+01  0.215270E+00  0.729455E-01
  0.510786E+01  0.146340E+00  0.740402E-01
  0.511060E+01  0.105423E+00  0.723023E-01
  0.511333E+01  0.215045E+00  0.729672E-01
  0.511607E+01  0.188615E+00  0.715536E-01
  0.511880E+01  0.199919E+00  0.724438E-01
  0.512154E+01  0.123192E+00  0.740942E-01
  0.512428E+01  0.130746E+00  0.750800E-01
  0.512701E+01  0.170953E+00  0.736742E-01
  0.512975E+01  0.105513E+00  0.717797E-01
  0.513248E+01  0.222122E-01  0.701390E-01
  0.513522E+01  0.201115E+00  0.712015E-01
  0.513795E+01  0.139550E+00  0.729763E-01
  0.514069E+01  0.156178E+00  0.715295E-01
  0.514342E+01  0.135692E+00  0.734634E-01
  0.514616E+01  0.846942E-01  0.732472E-01
  0.514889E+01  0.977878E-01  0.708998E-01
  0.515163E+01  0.157347E+00  0.734715E-01
  0.515436E+01  0.146196E+00  0.739205E-01
  0.515710E+01  0.202644E+00  0.730795E-01
  0.515983E+01  0.166457E+00  0.729654E-01
  0.516257E+01  0.103399E+00  0.731800E-01
  0.516530E+01  0.475899E-01  0.726980E-01
  0.516804E+01  0.225845E+00  0.747807E-01
  0.517077E+01  0.164128E+00  0.750157E-01
  0.517351E+01  0.110944E+00  0.736254E-01
  0.517624E+01  0.144272E+00  0.707185E-01
  0.517898E+01  0.123669E+00  0.729191E-01
  0.518171E+01  0.111610E+00  0.731239E-01
  0.518445E+01  0.139865E+00  0.717190E-01
  0.518718E+01  0.122671E+00  0.720494E-01
  0.518992E+01  0.676439E-01  0.706218E-01
  0.519265E+01  0.105144E+00  0.722864E-01
  0.519539E+01  0.174002E+00  0.749887E-01
  0.519812E+01  0.116133E+00  0.716397E-01
  0.520086E+01  0.896313E-01  0.729368E-01
  0.520359E+01  0.207716E+00  0.716240E-01
  0.520633E+01  0.139388E+00  0.722600E-01
  0.520906E+01  0.111232E+00  0.716404E-01
  0.521180E+01  0.881924E-01  0.708850E-01
  0.521453E+01  0.105243E+00  0.710195E-01
  0.521727E+01  0.152716E+00  0.732407E-01
  0.522000E+01  0.138795E+00  0.722992E-01
  0.522274E+01  0.111034E+00  0.726598E-01
  0.522547E+01  0.131196E+00  0.731609E-01
  0.522821E+01  0.112851E+00  0.742315E-01
  0.523094E+01  0.121700E+00  0.724116E-01
  0.523368E+01  0.161673E+00  0.722723E-01
  0.523641E+01  0.264056E+00  0.744181E-01
  0.523915E+01  0.161304E+00  0.712548E-01
  0.524188E+01  0.129227E+00  0.715152E-01
  0.524462E+01  0.117338E+00  0.720809E-01
  0.524735E+01  0.291457E-01  0.741148E-01
  0.525009E+01  0.123453E+00  0.714230E-01
  0.525282E+01  0.952158E-01  0.733944E-01
  0.525556E+01  0.668705E-01  0.717143E-01
  0.525829E+01  0.104254E+00  0.735058E-01
  0.526103E+01  0.154946E+00  0.710856E-01
  0.526376E+01  0.279559E+00  0.740094E-01
  0.526650E+01  0.228300E+00  0.731921E-01
  0.526923E+01  0.293975E-01  0.701565E-01
  0.527197E+01  0.193741E+00  0.719117E-01
  0.527470E+01  0.174496E+00  0.726962E-01
  0.527744E+01  0.142005E+00  0.736558E-01
  0.528017E+01  0.183183E+00  0.731725E-01
  0.528291E+01  0.125603E+00  0.749049E-01
  0.528565E+01  0.190099E+00  0.726511E-01
  0.528838E+01  0.154586E+00  0.852665E-01
  0.529112E+01  0.200908E+00  0.914531E-01
  0.529385E+01  0.143085E+00  0.977804E-01
  0.529659E+01  0.303696E+00  0.105557E+00
  0.529932E+01  0.144281E+00  0.105019E+00
  0.530206E+01 -0.213579E-01  0.101300E+00
  0.530479E+01 -0.267536E-01  0.116909E+00
  0.530753E+01  0.448741E-01  0.122017E+00
  0.531026E+01  0.316996E-01  0.126416E+00
  0.531300E+01  0.180809E+00  0.965079E-01
  0.531573E+01  0.220261E+00  0.870068E-01
  0.531847E+01  0.167599E+00  0.829612E-01
  0.532120E+01  0.139730E+00  0.803625E-01
  0.532394E+01  0.158318E+00  0.809522E-01
  0.532667E+01  0.867356E-01  0.794386E-01
  0.532941E+01  0.208246E+00  0.798544E-01
  0.533214E+01  0.132491E+00  0.797882E-01
  0.533488E+01  0.225522E+00  0.777657E-01
  0.533761E+01  0.150117E+00  0.805625E-01
  0.534035E+01  0.488579E-01  0.804517E-01
  0.534308E+01  0.386601E-01  0.776773E-01
  0.534582E+01  0.682914E-01  0.798818E-01
  0.534855E+01  0.240486E+00  0.820523E-01
  0.535129E+01  0.204730E+00  0.786497E-01
  0.535402E+01  0.153219E+00  0.782512E-01
  0.535676E+01  0.926439E-01  0.761485E-01
  0.535949E+01  0.821673E-01  0.783169E-01
  0.536223E+01  0.195576E+00  0.742177E-01
  0.536496E+01  0.220216E+00  0.765987E-01
  0.536770E+01  0.105315E+00  0.739127E-01
  0.537043E+01  0.107923E+00  0.740213E-01
  0.537317E+01  0.111349E+00  0.716958E-01
  0.537590E+01  0.134281E+00  0.726479E-01
  0.537864E+01  0.711871E-01  0.731795E-01
  0.538137E+01  0.179119E+00  0.743416E-01
  0.538411E+01  0.936781E-01  0.727407E-01
  0.538684E+01  0.435342E-01  0.726010E-01
  0.538958E+01  0.265926E+00  0.709657E-01
  0.539231E+01  0.204335E+00  0.726056E-01
  0.539505E+01  0.952608E-01  0.745291E-01
  0.539778E+01  0.152455E+00  0.723013E-01
  0.540052E+01  0.148363E+00  0.715885E-01
  0.540325E+01  0.140315E+00  0.728885E-01
  0.540599E+01  0.159820E+00  0.702532E-01
  0.540872E+01  0.115665E+00  0.703149E-01
  0.541146E+01  0.969784E-01  0.721342E-01
  0.541419E+01  0.270387E+00  0.759590E-01
  0.541693E+01  0.110072E+00  0.718791E-01
  0.541966E+01  0.861691E-01  0.731902E-01
  0.542240E+01  0.254245E+00  0.724688E-01
  0.542513E+01  0.134469E+00  0.716417E-01
  0.542787E+01  0.119236E+00  0.734677E-01
  0.543060E+01  0.197860E+00  0.734694E-01
  0.543334E+01  0.111673E+00  0.721523E-01
  0.543607E+01  0.159604E+00  0.732634E-01
  0.543881E+01  0.120845E+00  0.736741E-01
  0.544155E+01  0.116862E+00  0.721500E-01
  0.544428E+01  0.142167E+00  0.737628E-01
  0.544702E+01  0.362140E-01  0.727758E-01
  0.544975E+01  0.138624E+00  0.725225E-01
  0.545249E+01  0.199182E+00  0.725227E-01
  0.545522E+01  0.203615E+00  0.722014E-01
  0.545796E+01  0.149649E+00  0.729943E-01
  0.546069E+01  0.284173E+00  0.729473E-01
  0.546343E+01  0.770863E-01  0.730568E-01
  0.546616E+01  0.390647E-01  0.712547E-01
  0.546890E+01  0.227608E-01  0.714753E-01
  0.547163E+01  0.178975E+00  0.725655E-01
  0.547437E+01  0.213444E+00  0.728918E-01
  0.547710E+01  0.227752E+00  0.738277E-01
  0.547984E+01  0.163327E+00  0.736982E-01
  0.548257E+01  0.189092E+00  0.750655E-01
  0.548531E+01  0.156628E+00  0.731617E-01
  0.548804E+01  0.839928E-01  0.716501E-01
  0.549078E+01  0.708094E-01  0.747644E-01
  0.549351E+01  0.139919E+00  0.717644E-01
  0.549625E+01  0.107833E+00  0.746828E-01
  0.549898E+01  0.280594E+00  0.722458E-01
  0.550172E+01  0.144209E+00  0.717929E-01
  0.550445E+01  0.194029E+00  0.713262E-01
  0.550719E+01  0.152500E+00  0.732903E-01
  0.550992E+01  0.168336E+00  0.733150E-01
  0.551266E+01  0.182284E+00  0.738950E-01
  0.551539E+01  0.670773E-01  0.754577E-01
  0.551813E+01  0.124362E+00  0.736955E-01
  0.552086E+01  0.458633E-01  0.736738E-01
  0.552360E+01  0.156007E+00  0.735632E-01
  0.552633E+01  0.160171E+00  0.722837E-01
  0.552907E+01  0.768975E-01  0.828729E-01
  0.553180E+01  0.186430E+00  0.880221E-01
  0.553454E+01  0.217725E+00  0.947890E-01
  0.553727E+01  0.164937E+00  0.839064E-01
  0.554001E+01  0.147104E+00  0.773926E-01
  0.554274E+01  0.240207E+00  0.799946E-01
  0.554548E+01  0.184227E+00  0.736267E-01
  0.554821E+01  0.172923E+00  0.742844E-01
  0.555095E+01  0.218327E+00  0.754568E-01
  0.555368E+01  0.202905E+00  0.753466E-01
  0.555642E+01  0.143489E+00  0.745126E-01
  0.555915E+01  0.209173E-01  0.746584E-01
  0.556189E+01  0.142914E+00  0.752392E-01
  0.556462E+01  0.170351E+00  0.741393E-01
  0.556736E+01  0.144703E+00  0.761227E-01
  0.557009E+01  0.166313E+00  0.754209E-01
  0.557283E+01  0.532734E-01  0.744948E-01
  0.557556E+01  0.148444E+00  0.757432E-01
  0.557830E+01  0.349281E-01  0.724263E-01
  0.558103E+01  0.120612E+00  0.759059E-01
  0.558377E+01  0.125872E+00  0.741902E-01
  0.558650E+01  0.137572E+00  0.729777E-01
  0.558924E+01  0.205980E+00  0.743895E-01
  0.559197E+01  0.216817E+00  0.719207E-01
  0.559471E+01  0.127824E+00  0.710003E-01
  0.559744E+01  0.374910E-01  0.719156E-01
  0.560018E+01  0.104757E+00  0.704745E-01
  0.560292E+01  0.180701E+00  0.724406E-01
  0.560565E+01  0.255549E+00  0.748849E-01
  0.560839E+01  0.129757E+00  0.727526E-01
  0.561112E+01  0.131160E+00  0.726812E-01
  0.561386E+01  0.204209E+00  0.738014E-01
  0.561659E+01  0.173372E+00  0.716925E-01
  0.561933E+01  0.224317E+00  0.725804E-01
  0.562206E+01  0.113885E+00  0.717326E-01
  0.562480E+01  0.157941E+00  0.696720E-01
  0.562753E+01  0.207446E+00  0.716492E-01
  0.563027E+01  0.118615E+00  0.705675E-01
  0.563300E+01  0.738489E-01  0.713558E-01
  0.563574E+01  0.165576E+00  0.728471E-01
  0.563847E+01  0.110989E+00  0.735615E-01
  0.564121E+01  0.104182E+00  0.733763E-01
  0.564394E+01  0.112203E+00  0.722278E-01
  0.564668E+01  0.137518E+00  0.725496E-01
  0.564941E+01  0.237158E+00  0.736355E-01
  0.565215E+01  0.157356E+00  0.727249E-01
  0.565488E+01  0.852338E-01  0.711503E-01
  0.565762E+01  0.213453E+00  0.725390E-01
  0.566035E+01  0.455306E-01  0.702897E-01
  0.566309E+01  0.159236E+00  0.733968E-01
  0.566582E+01  0.164478E+00  0.738898E-01
  0.566856E+01  0.141475E+00  0.722750E-01
  0.567129E+01  0.302860E+00  0.707038E-01
  0.567403E+01  0.180989E+00  0.721268E-01
  0.567676E+01  0.133966E+00  0.729969E-01
  0.567950E+01  0.204595E+00  0.730956E-01
  0.568223E+01  0.188732E+00  0.708998E-01
  0.568497E+01  0.974730E-01  0.722615E-01
  0.568770E+01  0.159424E+00  0.718789E-01
  0.569044E+01  0.241969E+00  0.721147E-01
  0.569317E+01  0.165701E+00  0.688471E-01
  0.569591E+01  0.188147E+00  0.729502E-01
  0.569864E+01  0.157500E+00  0.735319E-01
  0.570138E+01  0.164182E+00  0.725498E-01
  0.570411E+01  0.219164E+00  0.727762E-01
  0.570685E+01  0.160342E+00  0.725547E-01
  0.570958E+01  0.237365E+00  0.726723E-01
  0.571232E+01  0.597302E-01  0.731313E-01
  0.571505E+01  0.208444E+00  0.708267E-01
  0.571779E+01  0.165261E+00  0.726398E-01
  0.572052E+01  0.135881E+00  0.718139E-01
  0.572326E+01  0.207005E+00  0.727499E-01
  0.572599E+01  0.183237E+00  0.704140E-01
  0.572873E+01  0.208174E+00  0.720969E-01
  0.573146E+01  0.163696E+00  0.722801E-01
  0.573420E+01  0.184137E+00  0.729708E-01
  0.573693E+01  0.157230E+00  0.722046E-01
  0.573967E+01  0.152239E+00  0.720509E-01
  0.574240E+01  0.173885E+00  0.733575E-01
  0.574514E+01  0.168399E+00  0.731583E-01
  0.574787E+01  0.131025E+00  0.716891E-01
  0.575061E+01  0.273121E+00  0.735759E-01
  0.575334E+01  0.352338E-01  0.730969E-01
  0.575608E+01  0.203219E+00  0.710224E-01
  0.575882E+01  0.156232E+00  0.735257E-01
  0.576155E+01  0.205342E+00  0.735844E-01
  0.576429E+01  0.145863E+00  0.732821E-01
  0.576702E+01  0.249703E+00  0.717728E-01
  0.576976E+01  0.479766E-01  0.710222E-01
  0.577249E+01  0.247788E+00  0.723473E-01
  0.577523E+01  0.143732E+00  0.719496E-01
  0.577796E+01  0.236043E+00  0.731208E-01
  0.578070E+01  0.172230E+00  0.721066E-01
  0.578343E+01  0.183121E+00  0.732402E-01
  0.578617E+01  0.325180E+00  0.749599E-01
  0.578890E+01  0.803147E-01  0.737234E-01
  0.579164E+01  0.182185E+00  0.713226E-01
  0.579437E+01  0.161942E+00  0.720291E-01
  0.579711E+01  0.170558E+00  0.723614E-01
  0.579984E+01  0.887950E-01  0.719397E-01
  0.580258E+01  0.201682E+00  0.716521E-01
  0.580531E+01  0.175207E+00  0.712920E-01
  0.580805E+01  0.162437E+00  0.727322E-01
  0.581078E+01  0.195755E+00  0.729659E-01
  0.581352E+01  0.140369E+00  0.732287E-01
  0.581625E+01  0.136817E+00  0.731401E-01
  0.581899E+01  0.148552E+00  0.724402E-01
  0.582172E+01  0.196007E+00  0.737371E-01
  0.582446E+01  0.264694E+00  0.741007E-01
  0.582719E+01  0.118210E+00  0.725008E-01
  0.582993E+01  0.147878E+00  0.723555E-01
  0.583266E+01  0.124469E+00  0.727254E-01
  0.583540E+01  0.249919E+00  0.747756E-01
  0.583813E+01  0.156178E+00  0.721102E-01
  0.584087E+01  0.223264E+00  0.728736E-01
  0.584360E+01  0.235683E+00  0.726518E-01
  0.584634E+01  0.167491E+00  0.707130E-01
  0.584907E+01  0.225405E+00  0.736598E-01
  0.585181E+01  0.336871E-01  0.723547E-01
  0.585454E+01  0.917356E-01  0.739130E-01
  0.585728E+01  0.118112E+00  0.715568E-01
  0.586001E+01  0.182257E+00  0.733458E-01
  0.586275E+01  0.180989E+00  0.704151E-01
  0.586548E+01  0.758993E-01  0.709930E-01
  0.586822E+01  0.161259E+00  0.727905E-01
  0.587095E+01  0.200576E+00  0.726715E-01
  0.587369E+01  0.130333E+00  0.709656E-01
  0.587642E+01  0.196915E+00  0.729687E-01
  0.587916E+01  0.143750E+00  0.713508E-01
  0.588189E+01  0.136097E+00  0.726195E-01
  0.588463E+01  0.217221E+00  0.722739E-01
  0.588736E+01  0.436960E-01  0.713506E-01
  0.589010E+01  0.166079E+00  0.740866E-01
  0.589283E+01  0.149595E+00  0.736170E-01
  0.589557E+01  0.180207E+00  0.721519E-01
  0.589830E+01  0.105692E+00  0.714444E-01
  0.590104E+01  0.661781E-01  0.728883E-01
  0.590377E+01  0.146592E+00  0.698299E-01
  0.590651E+01  0.127437E+00  0.727451E-01
  0.590924E+01  0.215036E+00  0.706822E-01
  0.591198E+01  0.121996E+00  0.702486E-01
  0.591471E+01  0.168264E+00  0.718697E-01
  0.591745E+01  0.131412E+00  0.716247E-01
  0.592019E+01  0.105126E+00  0.758376E-01
  0.592292E+01  0.149514E+00  0.726277E-01
  0.592566E+01  0.164496E+00  0.714338E-01
  0.592839E+01  0.159155E+00  0.722884E-01
  0.593113E+01  0.146529E+00  0.742324E-01
  0.593386E+01  0.791817E-01  0.721655E-01
  0.593660E+01  0.186223E+00  0.731370E-01
  0.593933E+01  0.670863E-01  0.698509E-01
  0.594207E+01  0.128471E+00  0.726878E-01
  0.594480E+01  0.123777E+00  0.697060E-01
  0.594754E+01  0.111610E+00  0.716943E-01
  0.595027E+01  0.487770E-01  0.746383E-01
  0.595301E+01  0.240890E+00  0.715333E-01
  0.595574E+01  0.780665E-01  0.752549E-01
  0.595848E+01  0.563129E-01  0.738188E-01
  0.596121E+01  0.119415E+00  0.757480E-01
  0.596395E+01  0.249946E+00  0.759404E-01
  0.596668E+01  0.278570E+00  0.777474E-01
  0.596942E+01  0.196277E+00  0.786927E-01
  0.597215E+01  0.197905E+00  0.841960E-01
  0.597489E+01  0.236196E+00  0.942984E-01
  0.597762E+01  0.121520E+00  0.105334E+00
  0.598036E+01  0.244865E+00  0.104240E+00
  0.598309E+01  0.265108E+00  0.108900E+00
  0.598583E+01  0.101547E+00  0.111526E+00
  0.598856E+01  0.664658E-01  0.116821E+00
  0.599130E+01  0.174802E+00  0.135179E+00
  0.599403E+01  0.361367E+00  0.142699E+00
  0.599677E+01  0.181439E+00  0.139297E+00
  0.599950E+01  0.483246E+00  0.148074E+00
  0.600224E+01 -0.297302E-01  0.157146E+00
  0.600497E+01  0.433183E-01  0.159509E+00
  0.600771E+01  0.388076E+00  0.174908E+00
  0.601044E+01  0.324290E+00  0.198025E+00
  0.601318E+01 -0.149272E+00  0.210507E+00
  0.601591E+01 -0.741007E-02  0.232419E+00
  0.601865E+01 -0.531475E-02  0.277758E+00
  0.602138E+01 -0.509353E-01  0.366368E+00
  0.602412E+01  0.218840E+00  0.658383E+00
 ========================================
Description:                            DTT PimA                                
Sample:        DTT PimA  c=  5.560 mg/ml Code:    DTTPimA                       
Averaged from raw files: david_102_001.tiff david_102_002.tiff david_102_003.tif
Processed by: cbf-primus Thu May 26 23:31:22 2011                               
Channels from 1 to 2449                                                         
Angular axis file: /home/det/svn/tine/apps/averaging/axis_saxs_20110302.dat     
BeamCenter_X:  2432.500  BeamCenter_Y:   110.500                                
Mask file (beamstop): /home/det/svn/tine/apps/averaging/mask_saxs_20110302.msk  
Exposure time (sec):   30.000                                                   
Pin diode (mean):       0.534                                                   
Reference frame:    1                                                           
Chi-value threshold:    1.450                                                   
 ========================================
Description:                            PimA buf                                
Sample:        PimA buf  c=  0.000 mg/ml Code:    PimAbuf                       
Averaged from raw files: david_101_001.tiff david_101_002.tiff david_101_003.tif
Processed by: cbf-primus Thu May 26 23:26:58 2011                               
Channels from 1 to 2449                                                         
Angular axis file: /home/det/svn/tine/apps/averaging/axis_saxs_20110302.dat     
BeamCenter_X:  2432.500  BeamCenter_Y:   110.500                                
Mask file (beamstop): /home/det/svn/tine/apps/averaging/mask_saxs_20110302.msk  
Exposure time (sec):   30.000                                                   
Pin diode (mean):       0.537                                                   
Reference frame:    1                                                           
Chi-value threshold:    1.450                                                   
 ========================================
Description:                            PimA buf                                
Sample:        PimA buf  c=  0.000 mg/ml Code:    PimAbuf                       
Averaged from raw files: david_103_001.tiff david_103_002.tiff david_103_003.tif
Processed by: cbf-primus Thu May 26 23:35:45 2011                               
Channels from 1 to 2449                                                         
Angular axis file: /home/det/svn/tine/apps/averaging/axis_saxs_20110302.dat     
BeamCenter_X:  2432.500  BeamCenter_Y:   110.500                                
Mask file (beamstop): /home/det/svn/tine/apps/averaging/mask_saxs_20110302.msk  
Exposure time (sec):   30.000                                                   
Pin diode (mean):       0.532                                                   
Reference frame:    1                                                           
Chi-value threshold:    1.450                                                   
 ========================================
