 08-Dec-2011       (ela_006.dat - 1.0*Aver(ela_005.dat,ela_007.dat) /  1.8000 
 ela_006.dat  Conc = .18E+01  N1 =    1  N2 = 2170
 ela_005.dat  Conc = 0.0d+0   N1 =    1  N2 = 2170
 ela_007.dat  Conc = 0.0d+0   N1 =    1  N2 = 2170
  0.854979E-01  0.375389E+02  0.423709E+02
  0.882382E-01  0.481111E+02  0.141227E+02
  0.909785E-01  0.357583E+02  0.114191E+02
  0.937188E-01  0.368806E+02  0.977430E+01
  0.964591E-01  0.414472E+02  0.867689E+01
  0.991995E-01  0.384944E+02  0.763155E+01
  0.101940E+00  0.446000E+02  0.700423E+01
  0.104680E+00  0.448278E+02  0.619972E+01
  0.107420E+00  0.467056E+02  0.565042E+01
  0.110161E+00  0.436917E+02  0.494804E+01
  0.112901E+00  0.427417E+02  0.452559E+01
  0.115641E+00  0.367806E+02  0.418419E+01
  0.118382E+00  0.415111E+02  0.383010E+01
  0.121122E+00  0.405147E+02  0.351061E+01
  0.123862E+00  0.405758E+02  0.320897E+01
  0.126603E+00  0.417653E+02  0.298010E+01
  0.129343E+00  0.412353E+02  0.284541E+01
  0.132083E+00  0.400203E+02  0.259106E+01
  0.134823E+00  0.393789E+02  0.243722E+01
  0.137564E+00  0.371811E+02  0.225298E+01
  0.140304E+00  0.400567E+02  0.210440E+01
  0.143044E+00  0.410436E+02  0.195986E+01
  0.145785E+00  0.417056E+02  0.186126E+01
  0.148525E+00  0.439189E+02  0.179502E+01
  0.151265E+00  0.399283E+02  0.165989E+01
  0.154006E+00  0.403972E+02  0.159132E+01
  0.156746E+00  0.391844E+02  0.146870E+01
  0.159486E+00  0.383514E+02  0.143643E+01
  0.162227E+00  0.390014E+02  0.134053E+01
  0.164967E+00  0.379900E+02  0.130221E+01
  0.167707E+00  0.380447E+02  0.123216E+01
  0.170447E+00  0.396239E+02  0.117184E+01
  0.173188E+00  0.384492E+02  0.113858E+01
  0.175928E+00  0.395308E+02  0.109234E+01
  0.178668E+00  0.379697E+02  0.104108E+01
  0.181409E+00  0.399642E+02  0.996439E+00
  0.184149E+00  0.396586E+02  0.980247E+00
  0.186889E+00  0.363358E+02  0.947126E+00
  0.189630E+00  0.371592E+02  0.896454E+00
  0.192370E+00  0.368492E+02  0.860476E+00
  0.195110E+00  0.379164E+02  0.853562E+00
  0.197851E+00  0.367061E+02  0.818804E+00
  0.200591E+00  0.361711E+02  0.807644E+00
  0.203331E+00  0.371561E+02  0.753400E+00
  0.206071E+00  0.361725E+02  0.751198E+00
  0.208812E+00  0.357131E+02  0.726139E+00
  0.211552E+00  0.354675E+02  0.716278E+00
  0.214292E+00  0.348947E+02  0.691624E+00
  0.217033E+00  0.357556E+02  0.664151E+00
  0.219773E+00  0.353834E+02  0.675911E+00
  0.222513E+00  0.353084E+02  0.642537E+00
  0.225254E+00  0.354013E+02  0.632018E+00
  0.227994E+00  0.352800E+02  0.622954E+00
  0.230734E+00  0.347675E+02  0.602471E+00
  0.233475E+00  0.349252E+02  0.609545E+00
  0.236215E+00  0.343622E+02  0.570121E+00
  0.238955E+00  0.345396E+02  0.586691E+00
  0.241696E+00  0.350734E+02  0.567010E+00
  0.244436E+00  0.340268E+02  0.558304E+00
  0.247176E+00  0.332190E+02  0.558850E+00
  0.249916E+00  0.332247E+02  0.525876E+00
  0.252657E+00  0.319910E+02  0.540757E+00
  0.255397E+00  0.325420E+02  0.529145E+00
  0.258137E+00  0.321800E+02  0.517749E+00
  0.260878E+00  0.320856E+02  0.516438E+00
  0.263618E+00  0.318633E+02  0.494316E+00
  0.266358E+00  0.312544E+02  0.509600E+00
  0.269099E+00  0.316786E+02  0.495065E+00
  0.271839E+00  0.313400E+02  0.488380E+00
  0.274579E+00  0.304404E+02  0.490126E+00
  0.277320E+00  0.309886E+02  0.470346E+00
  0.280060E+00  0.300583E+02  0.486267E+00
  0.282800E+00  0.302476E+02  0.462233E+00
  0.285540E+00  0.305270E+02  0.472846E+00
  0.288281E+00  0.296889E+02  0.470437E+00
  0.291021E+00  0.292986E+02  0.451509E+00
  0.293761E+00  0.288279E+02  0.460458E+00
  0.296502E+00  0.285962E+02  0.440536E+00
  0.299242E+00  0.285314E+02  0.445725E+00
  0.301982E+00  0.287068E+02  0.442506E+00
  0.304723E+00  0.285373E+02  0.439315E+00
  0.307463E+00  0.281354E+02  0.432824E+00
  0.310203E+00  0.275130E+02  0.424205E+00
  0.312944E+00  0.276974E+02  0.424077E+00
  0.315684E+00  0.270952E+02  0.421184E+00
  0.318424E+00  0.270579E+02  0.407559E+00
  0.321164E+00  0.267889E+02  0.413239E+00
  0.323905E+00  0.264713E+02  0.411347E+00
  0.326645E+00  0.268271E+02  0.408340E+00
  0.329385E+00  0.263102E+02  0.402047E+00
  0.332126E+00  0.259214E+02  0.399580E+00
  0.334866E+00  0.262439E+02  0.405048E+00
  0.337606E+00  0.247939E+02  0.400534E+00
  0.340347E+00  0.257481E+02  0.394636E+00
  0.343087E+00  0.253684E+02  0.387156E+00
  0.345827E+00  0.253918E+02  0.395274E+00
  0.348568E+00  0.251918E+02  0.393009E+00
  0.351308E+00  0.250984E+02  0.396520E+00
  0.354048E+00  0.244754E+02  0.382545E+00
  0.356788E+00  0.247656E+02  0.384824E+00
  0.359529E+00  0.244588E+02  0.381328E+00
  0.362269E+00  0.239088E+02  0.384947E+00
  0.365009E+00  0.235579E+02  0.382714E+00
  0.367750E+00  0.234165E+02  0.372980E+00
  0.370490E+00  0.231284E+02  0.372734E+00
  0.373230E+00  0.225501E+02  0.379293E+00
  0.375971E+00  0.231605E+02  0.367881E+00
  0.378711E+00  0.229317E+02  0.372802E+00
  0.381451E+00  0.231374E+02  0.369597E+00
  0.384192E+00  0.221006E+02  0.367213E+00
  0.386932E+00  0.222674E+02  0.369557E+00
  0.389672E+00  0.215789E+02  0.356939E+00
  0.392413E+00  0.218676E+02  0.365783E+00
  0.395153E+00  0.212946E+02  0.357314E+00
  0.397893E+00  0.214604E+02  0.360836E+00
  0.400633E+00  0.211305E+02  0.350626E+00
  0.403374E+00  0.211479E+02  0.356548E+00
  0.406114E+00  0.205818E+02  0.357213E+00
  0.408854E+00  0.206737E+02  0.352323E+00
  0.411595E+00  0.202901E+02  0.347821E+00
  0.414335E+00  0.202239E+02  0.346581E+00
  0.417075E+00  0.201045E+02  0.348138E+00
  0.419816E+00  0.198984E+02  0.352804E+00
  0.422556E+00  0.193584E+02  0.337266E+00
  0.425296E+00  0.191011E+02  0.345968E+00
  0.428037E+00  0.189779E+02  0.333721E+00
  0.430777E+00  0.185767E+02  0.340847E+00
  0.433517E+00  0.192231E+02  0.339908E+00
  0.436257E+00  0.185760E+02  0.333389E+00
  0.438998E+00  0.183986E+02  0.338839E+00
  0.441738E+00  0.184911E+02  0.333701E+00
  0.444478E+00  0.183601E+02  0.334221E+00
  0.447219E+00  0.176363E+02  0.324877E+00
  0.449959E+00  0.177372E+02  0.326710E+00
  0.452699E+00  0.174324E+02  0.330285E+00
  0.455440E+00  0.175007E+02  0.323949E+00
  0.458180E+00  0.174252E+02  0.326845E+00
  0.460920E+00  0.173398E+02  0.320085E+00
  0.463661E+00  0.165366E+02  0.321871E+00
  0.466401E+00  0.170331E+02  0.324851E+00
  0.469141E+00  0.165517E+02  0.313701E+00
  0.471881E+00  0.162198E+02  0.319409E+00
  0.474622E+00  0.161603E+02  0.317931E+00
  0.477362E+00  0.161750E+02  0.318438E+00
  0.480102E+00  0.162155E+02  0.313131E+00
  0.482843E+00  0.162123E+02  0.313468E+00
  0.485583E+00  0.158297E+02  0.323552E+00
  0.488323E+00  0.154798E+02  0.313601E+00
  0.491064E+00  0.158209E+02  0.315031E+00
  0.493804E+00  0.155792E+02  0.308885E+00
  0.496544E+00  0.155150E+02  0.306263E+00
  0.499285E+00  0.145049E+02  0.309377E+00
  0.502025E+00  0.149356E+02  0.305427E+00
  0.504765E+00  0.150381E+02  0.304690E+00
  0.507505E+00  0.149200E+02  0.305507E+00
  0.510246E+00  0.148035E+02  0.307682E+00
  0.512986E+00  0.142738E+02  0.306803E+00
  0.515726E+00  0.142248E+02  0.298550E+00
  0.518467E+00  0.139318E+02  0.304261E+00
  0.521207E+00  0.142102E+02  0.301658E+00
  0.523947E+00  0.142062E+02  0.302310E+00
  0.526688E+00  0.142764E+02  0.299816E+00
  0.529428E+00  0.132992E+02  0.297905E+00
  0.532168E+00  0.135116E+02  0.297893E+00
  0.534909E+00  0.131097E+02  0.294000E+00
  0.537649E+00  0.132367E+02  0.299657E+00
  0.540389E+00  0.130698E+02  0.296312E+00
  0.543129E+00  0.131556E+02  0.293716E+00
  0.545870E+00  0.129986E+02  0.295886E+00
  0.548610E+00  0.128639E+02  0.293364E+00
  0.551350E+00  0.125000E+02  0.290543E+00
  0.554091E+00  0.128854E+02  0.291502E+00
  0.556831E+00  0.129074E+02  0.294486E+00
  0.559571E+00  0.123749E+02  0.294107E+00
  0.562312E+00  0.121415E+02  0.282916E+00
  0.565052E+00  0.120763E+02  0.286451E+00
  0.567792E+00  0.118150E+02  0.283727E+00
  0.570533E+00  0.119462E+02  0.285256E+00
  0.573273E+00  0.113698E+02  0.283459E+00
  0.576013E+00  0.117338E+02  0.281886E+00
  0.578754E+00  0.114068E+02  0.280770E+00
  0.581494E+00  0.113181E+02  0.281407E+00
  0.584234E+00  0.112824E+02  0.276744E+00
  0.586974E+00  0.107772E+02  0.279614E+00
  0.589715E+00  0.112220E+02  0.280277E+00
  0.592455E+00  0.112503E+02  0.279829E+00
  0.595195E+00  0.110457E+02  0.284602E+00
  0.597936E+00  0.104031E+02  0.274995E+00
  0.600676E+00  0.109406E+02  0.278380E+00
  0.603416E+00  0.104640E+02  0.273676E+00
  0.606157E+00  0.102853E+02  0.272585E+00
  0.608897E+00  0.105652E+02  0.270969E+00
  0.611637E+00  0.103188E+02  0.272905E+00
  0.614378E+00  0.101742E+02  0.270889E+00
  0.617118E+00  0.980139E+01  0.272408E+00
  0.619858E+00  0.101042E+02  0.267945E+00
  0.622598E+00  0.103197E+02  0.273009E+00
  0.625339E+00  0.100535E+02  0.269105E+00
  0.628079E+00  0.997147E+01  0.273610E+00
  0.630819E+00  0.920550E+01  0.264121E+00
  0.633560E+00  0.969378E+01  0.263076E+00
  0.636300E+00  0.944983E+01  0.270853E+00
  0.639040E+00  0.899483E+01  0.262701E+00
  0.641781E+00  0.911422E+01  0.261483E+00
  0.644521E+00  0.903336E+01  0.262687E+00
  0.647261E+00  0.905178E+01  0.258723E+00
  0.650002E+00  0.934981E+01  0.264117E+00
  0.652742E+00  0.855247E+01  0.262135E+00
  0.655482E+00  0.896200E+01  0.258900E+00
  0.658222E+00  0.844475E+01  0.264499E+00
  0.660963E+00  0.846467E+01  0.254267E+00
  0.663703E+00  0.840714E+01  0.260966E+00
  0.666443E+00  0.853219E+01  0.256281E+00
  0.669184E+00  0.843994E+01  0.255411E+00
  0.671924E+00  0.821300E+01  0.255959E+00
  0.674664E+00  0.794114E+01  0.255453E+00
  0.677405E+00  0.819608E+01  0.257327E+00
  0.680145E+00  0.818581E+01  0.252515E+00
  0.682885E+00  0.830147E+01  0.257607E+00
  0.685626E+00  0.797300E+01  0.258777E+00
  0.688366E+00  0.784742E+01  0.251622E+00
  0.691106E+00  0.769697E+01  0.252404E+00
  0.693846E+00  0.740856E+01  0.250519E+00
  0.696587E+00  0.783536E+01  0.255432E+00
  0.699327E+00  0.762333E+01  0.247875E+00
  0.702067E+00  0.733553E+01  0.247789E+00
  0.704808E+00  0.732658E+01  0.247001E+00
  0.707548E+00  0.713428E+01  0.249020E+00
  0.710288E+00  0.739889E+01  0.248929E+00
  0.713029E+00  0.740711E+01  0.245027E+00
  0.715769E+00  0.703369E+01  0.247174E+00
  0.718509E+00  0.696733E+01  0.250441E+00
  0.721250E+00  0.717644E+01  0.250146E+00
  0.723990E+00  0.687839E+01  0.247848E+00
  0.726730E+00  0.764075E+01  0.248324E+00
  0.729471E+00  0.716939E+01  0.245144E+00
  0.732211E+00  0.651614E+01  0.241675E+00
  0.734951E+00  0.667761E+01  0.241633E+00
  0.737691E+00  0.654856E+01  0.242061E+00
  0.740432E+00  0.673278E+01  0.240626E+00
  0.743172E+00  0.629703E+01  0.241530E+00
  0.745912E+00  0.652744E+01  0.239504E+00
  0.748653E+00  0.632344E+01  0.239814E+00
  0.751393E+00  0.640547E+01  0.243805E+00
  0.754133E+00  0.617478E+01  0.236495E+00
  0.756874E+00  0.633847E+01  0.240640E+00
  0.759614E+00  0.635042E+01  0.239199E+00
  0.762354E+00  0.642867E+01  0.239427E+00
  0.765095E+00  0.652439E+01  0.242369E+00
  0.767835E+00  0.615881E+01  0.238265E+00
  0.770575E+00  0.605033E+01  0.239633E+00
  0.773315E+00  0.605350E+01  0.232839E+00
  0.776056E+00  0.604978E+01  0.238049E+00
  0.778796E+00  0.550581E+01  0.233579E+00
  0.781536E+00  0.576453E+01  0.233518E+00
  0.784277E+00  0.563733E+01  0.229089E+00
  0.787017E+00  0.612328E+01  0.235838E+00
  0.789757E+00  0.531442E+01  0.237795E+00
  0.792498E+00  0.566292E+01  0.234112E+00
  0.795238E+00  0.564153E+01  0.230920E+00
  0.797978E+00  0.532167E+01  0.233087E+00
  0.800719E+00  0.543908E+01  0.230770E+00
  0.803459E+00  0.549583E+01  0.233721E+00
  0.806199E+00  0.550881E+01  0.227601E+00
  0.808939E+00  0.536919E+01  0.232530E+00
  0.811680E+00  0.528006E+01  0.229657E+00
  0.814420E+00  0.533533E+01  0.232316E+00
  0.817160E+00  0.528642E+01  0.230699E+00
  0.819901E+00  0.555047E+01  0.231746E+00
  0.822641E+00  0.520600E+01  0.238378E+00
  0.825381E+00  0.522614E+01  0.235180E+00
  0.828122E+00  0.518906E+01  0.236778E+00
  0.830862E+00  0.461503E+01  0.232749E+00
  0.833602E+00  0.454647E+01  0.226929E+00
  0.836343E+00  0.484472E+01  0.235788E+00
  0.839083E+00  0.483039E+01  0.229740E+00
  0.841823E+00  0.508881E+01  0.235071E+00
  0.844563E+00  0.450706E+01  0.235440E+00
  0.847304E+00  0.455225E+01  0.233090E+00
  0.850044E+00  0.464594E+01  0.236521E+00
  0.852784E+00  0.446297E+01  0.230240E+00
  0.855525E+00  0.462683E+01  0.236172E+00
  0.858265E+00  0.431150E+01  0.234828E+00
  0.861005E+00  0.441486E+01  0.237566E+00
  0.863746E+00  0.441075E+01  0.232889E+00
  0.866486E+00  0.442592E+01  0.235524E+00
  0.869226E+00  0.431797E+01  0.234903E+00
  0.871967E+00  0.457069E+01  0.239332E+00
  0.874707E+00  0.418358E+01  0.235062E+00
  0.877447E+00  0.401481E+01  0.233924E+00
  0.880187E+00  0.426178E+01  0.234489E+00
  0.882928E+00  0.433411E+01  0.237139E+00
  0.885668E+00  0.425389E+01  0.234370E+00
  0.888408E+00  0.417700E+01  0.233672E+00
  0.891149E+00  0.387781E+01  0.235242E+00
  0.893889E+00  0.429536E+01  0.234174E+00
  0.896629E+00  0.388833E+01  0.236832E+00
  0.899370E+00  0.357239E+01  0.237309E+00
  0.902110E+00  0.425833E+01  0.234844E+00
  0.904850E+00  0.374303E+01  0.231871E+00
  0.907591E+00  0.410981E+01  0.236482E+00
  0.910331E+00  0.374706E+01  0.235811E+00
  0.913071E+00  0.370703E+01  0.237068E+00
  0.915812E+00  0.404544E+01  0.235455E+00
  0.918552E+00  0.375308E+01  0.232614E+00
  0.921292E+00  0.374067E+01  0.237113E+00
  0.924032E+00  0.384056E+01  0.233197E+00
  0.926773E+00  0.342431E+01  0.234015E+00
  0.929513E+00  0.359586E+01  0.237441E+00
  0.932253E+00  0.346175E+01  0.231832E+00
  0.934994E+00  0.342569E+01  0.233775E+00
  0.937734E+00  0.342511E+01  0.236599E+00
  0.940474E+00  0.337428E+01  0.237452E+00
  0.943215E+00  0.349639E+01  0.233389E+00
  0.945955E+00  0.321289E+01  0.232018E+00
  0.948695E+00  0.310700E+01  0.234543E+00
  0.951436E+00  0.341172E+01  0.235795E+00
  0.954176E+00  0.309828E+01  0.235903E+00
  0.956916E+00  0.302950E+01  0.237703E+00
  0.959656E+00  0.353433E+01  0.233280E+00
  0.962397E+00  0.324431E+01  0.234392E+00
  0.965137E+00  0.300981E+01  0.231008E+00
  0.967877E+00  0.336031E+01  0.236817E+00
  0.970618E+00  0.307800E+01  0.233306E+00
  0.973358E+00  0.303822E+01  0.236930E+00
  0.976098E+00  0.315508E+01  0.238776E+00
  0.978839E+00  0.286775E+01  0.232562E+00
  0.981579E+00  0.320367E+01  0.238475E+00
  0.984319E+00  0.321569E+01  0.233648E+00
  0.987060E+00  0.295953E+01  0.235583E+00
  0.989800E+00  0.306569E+01  0.234599E+00
  0.992540E+00  0.320297E+01  0.236413E+00
  0.995280E+00  0.305833E+01  0.233839E+00
  0.998021E+00  0.282183E+01  0.229959E+00
  0.100076E+01  0.255572E+01  0.231262E+00
  0.100350E+01  0.256856E+01  0.233405E+00
  0.100624E+01  0.256103E+01  0.238239E+00
  0.100898E+01  0.240897E+01  0.235432E+00
  0.101172E+01  0.275353E+01  0.234816E+00
  0.101446E+01  0.275675E+01  0.236118E+00
  0.101720E+01  0.290414E+01  0.235731E+00
  0.101994E+01  0.305675E+01  0.238367E+00
  0.102268E+01  0.259306E+01  0.234824E+00
  0.102542E+01  0.301500E+01  0.238579E+00
  0.102816E+01  0.228614E+01  0.236912E+00
  0.103090E+01  0.274097E+01  0.230953E+00
  0.103364E+01  0.232044E+01  0.236789E+00
  0.103639E+01  0.225744E+01  0.233647E+00
  0.103913E+01  0.246300E+01  0.230389E+00
  0.104187E+01  0.267525E+01  0.236204E+00
  0.104461E+01  0.243347E+01  0.232063E+00
  0.104735E+01  0.236242E+01  0.240982E+00
  0.105009E+01  0.250208E+01  0.230747E+00
  0.105283E+01  0.245331E+01  0.236137E+00
  0.105557E+01  0.235842E+01  0.232779E+00
  0.105831E+01  0.261778E+01  0.234385E+00
  0.106105E+01  0.266767E+01  0.236703E+00
  0.106379E+01  0.280822E+01  0.232975E+00
  0.106653E+01  0.204894E+01  0.233148E+00
  0.106927E+01  0.274361E+01  0.232075E+00
  0.107201E+01  0.228208E+01  0.232436E+00
  0.107475E+01  0.189906E+01  0.232769E+00
  0.107749E+01  0.230847E+01  0.232330E+00
  0.108023E+01  0.211478E+01  0.234157E+00
  0.108297E+01  0.210636E+01  0.231425E+00
  0.108571E+01  0.233436E+01  0.229981E+00
  0.108845E+01  0.248172E+01  0.235905E+00
  0.109119E+01  0.195789E+01  0.232186E+00
  0.109393E+01  0.249706E+01  0.232790E+00
  0.109667E+01  0.177328E+01  0.228471E+00
  0.109941E+01  0.223622E+01  0.233724E+00
  0.110215E+01  0.223881E+01  0.233103E+00
  0.110489E+01  0.201614E+01  0.232105E+00
  0.110763E+01  0.215458E+01  0.232509E+00
  0.111037E+01  0.182203E+01  0.229883E+00
  0.111311E+01  0.200000E+01  0.231075E+00
  0.111585E+01  0.201586E+01  0.230646E+00
  0.111859E+01  0.232447E+01  0.231366E+00
  0.112133E+01  0.237314E+01  0.235632E+00
  0.112407E+01  0.207319E+01  0.230344E+00
  0.112682E+01  0.207953E+01  0.235488E+00
  0.112956E+01  0.196328E+01  0.230609E+00
  0.113230E+01  0.201017E+01  0.229591E+00
  0.113504E+01  0.183689E+01  0.232952E+00
  0.113778E+01  0.183975E+01  0.233870E+00
  0.114052E+01  0.191483E+01  0.230193E+00
  0.114326E+01  0.184836E+01  0.229225E+00
  0.114600E+01  0.176886E+01  0.230881E+00
  0.114874E+01  0.198400E+01  0.233221E+00
  0.115148E+01  0.176542E+01  0.232736E+00
  0.115422E+01  0.192583E+01  0.229463E+00
  0.115696E+01  0.198958E+01  0.231635E+00
  0.115970E+01  0.153883E+01  0.230973E+00
  0.116244E+01  0.189331E+01  0.230822E+00
  0.116518E+01  0.177936E+01  0.232898E+00
  0.116792E+01  0.198747E+01  0.228289E+00
  0.117066E+01  0.192967E+01  0.232757E+00
  0.117340E+01  0.152936E+01  0.230574E+00
  0.117614E+01  0.169869E+01  0.230308E+00
  0.117888E+01  0.181353E+01  0.232076E+00
  0.118162E+01  0.186247E+01  0.227155E+00
  0.118436E+01  0.130864E+01  0.233684E+00
  0.118710E+01  0.181481E+01  0.233330E+00
  0.118984E+01  0.172897E+01  0.232831E+00
  0.119258E+01  0.215519E+01  0.231386E+00
  0.119532E+01  0.188042E+01  0.226066E+00
  0.119806E+01  0.199433E+01  0.232815E+00
  0.120080E+01  0.163256E+01  0.227866E+00
  0.120354E+01  0.163914E+01  0.230873E+00
  0.120628E+01  0.199608E+01  0.229971E+00
  0.120902E+01  0.138611E+01  0.226343E+00
  0.121176E+01  0.124892E+01  0.226570E+00
  0.121451E+01  0.149933E+01  0.228523E+00
  0.121725E+01  0.127550E+01  0.232404E+00
  0.121999E+01  0.156744E+01  0.231797E+00
  0.122273E+01  0.132103E+01  0.227474E+00
  0.122547E+01  0.160914E+01  0.231408E+00
  0.122821E+01  0.150456E+01  0.226428E+00
  0.123095E+01  0.141364E+01  0.245033E+00
  0.123369E+01  0.156753E+01  0.253374E+00
  0.123643E+01  0.167114E+01  0.253756E+00
  0.124191E+01  0.166400E+01  0.268066E+00
  0.124465E+01  0.132211E+01  0.268690E+00
  0.124739E+01  0.179408E+01  0.283445E+00
  0.125013E+01  0.193592E+01  0.290896E+00
  0.125287E+01  0.110750E+01  0.288231E+00
  0.125561E+01  0.139658E+01  0.294907E+00
  0.125835E+01  0.170503E+01  0.293021E+00
  0.126109E+01  0.166789E+01  0.291073E+00
  0.126383E+01  0.171317E+01  0.307031E+00
  0.126657E+01  0.164894E+01  0.277887E+00
  0.126931E+01  0.155872E+01  0.267668E+00
  0.127205E+01  0.142461E+01  0.263662E+00
  0.127479E+01  0.117211E+01  0.253744E+00
  0.127753E+01  0.143203E+01  0.248475E+00
  0.128027E+01  0.145039E+01  0.249018E+00
  0.128301E+01  0.119975E+01  0.243230E+00
  0.128575E+01  0.148083E+01  0.241071E+00
  0.128849E+01  0.141639E+01  0.242893E+00
  0.129123E+01  0.104303E+01  0.239653E+00
  0.129397E+01  0.102994E+01  0.237935E+00
  0.129671E+01  0.117183E+01  0.239633E+00
  0.129945E+01  0.129708E+01  0.237417E+00
  0.130220E+01  0.102103E+01  0.236072E+00
  0.130494E+01  0.914667E+00  0.236322E+00
  0.130768E+01  0.111908E+01  0.232248E+00
  0.131042E+01  0.135078E+01  0.234679E+00
  0.131316E+01  0.746667E+00  0.232291E+00
  0.131590E+01  0.103228E+01  0.232230E+00
  0.131864E+01  0.100264E+01  0.231148E+00
  0.132138E+01  0.112994E+01  0.232662E+00
  0.132412E+01  0.116314E+01  0.230653E+00
  0.132686E+01  0.143172E+01  0.233037E+00
  0.132960E+01  0.142547E+01  0.235637E+00
  0.133234E+01  0.121178E+01  0.231754E+00
  0.133508E+01  0.793806E+00  0.230307E+00
  0.133782E+01  0.118158E+01  0.232284E+00
  0.134056E+01  0.125236E+01  0.233920E+00
  0.134330E+01  0.808722E+00  0.231354E+00
  0.134604E+01  0.102778E+01  0.233010E+00
  0.134878E+01  0.130094E+01  0.233727E+00
  0.135152E+01  0.135844E+01  0.236001E+00
  0.135426E+01  0.109289E+01  0.229338E+00
  0.135700E+01  0.120961E+01  0.231520E+00
  0.135974E+01  0.140478E+01  0.231324E+00
  0.136248E+01  0.103419E+01  0.232015E+00
  0.136522E+01  0.122017E+01  0.231609E+00
  0.136796E+01  0.964250E+00  0.231887E+00
  0.137070E+01  0.102861E+01  0.227345E+00
  0.137344E+01  0.118644E+01  0.230533E+00
  0.137618E+01  0.122017E+01  0.232012E+00
  0.137892E+01  0.132722E+01  0.232371E+00
  0.138166E+01  0.123025E+01  0.229488E+00
  0.138440E+01  0.819917E+00  0.229787E+00
  0.138714E+01  0.104344E+01  0.231913E+00
  0.138988E+01  0.906472E+00  0.232602E+00
  0.139263E+01  0.867194E+00  0.230714E+00
  0.139537E+01  0.907722E+00  0.227511E+00
  0.139811E+01  0.111169E+01  0.228280E+00
  0.140085E+01  0.103347E+01  0.234623E+00
  0.140359E+01  0.914861E+00  0.228360E+00
  0.140633E+01  0.119008E+01  0.231513E+00
  0.140907E+01  0.104194E+01  0.225914E+00
  0.141181E+01  0.681889E+00  0.227703E+00
  0.141455E+01  0.143736E+01  0.229708E+00
  0.141729E+01  0.106533E+01  0.234518E+00
  0.142003E+01  0.111661E+01  0.225569E+00
  0.142277E+01  0.109106E+01  0.228773E+00
  0.142551E+01  0.109581E+01  0.229441E+00
  0.142825E+01  0.712056E+00  0.228642E+00
  0.143099E+01  0.102061E+01  0.228246E+00
  0.143373E+01  0.869194E+00  0.229535E+00
  0.143647E+01  0.127939E+01  0.228223E+00
  0.143921E+01  0.897083E+00  0.233103E+00
  0.144195E+01  0.870500E+00  0.229007E+00
  0.144469E+01  0.115683E+01  0.229153E+00
  0.144743E+01  0.109269E+01  0.222729E+00
  0.145017E+01  0.923833E+00  0.225702E+00
  0.145291E+01  0.672750E+00  0.229022E+00
  0.145565E+01  0.110783E+01  0.231097E+00
  0.145839E+01  0.975944E+00  0.226670E+00
  0.146113E+01  0.659917E+00  0.224814E+00
  0.146387E+01  0.795778E+00  0.231544E+00
  0.146661E+01  0.674306E+00  0.226744E+00
  0.146935E+01  0.116550E+01  0.230560E+00
  0.147209E+01  0.940472E+00  0.229387E+00
  0.147483E+01  0.108489E+01  0.227521E+00
  0.147757E+01  0.951250E+00  0.228362E+00
  0.148032E+01  0.100017E+01  0.227120E+00
  0.148306E+01  0.106956E+01  0.225359E+00
  0.148580E+01  0.752833E+00  0.222829E+00
  0.148854E+01  0.914278E+00  0.226696E+00
  0.149128E+01  0.101325E+01  0.226510E+00
  0.149402E+01  0.627972E+00  0.222428E+00
  0.149676E+01  0.656944E+00  0.224871E+00
  0.149950E+01  0.548861E+00  0.223329E+00
  0.150224E+01  0.780694E+00  0.223062E+00
  0.150498E+01  0.887833E+00  0.218413E+00
  0.150772E+01  0.979500E+00  0.224566E+00
  0.151046E+01  0.100708E+01  0.223033E+00
  0.151320E+01  0.580056E+00  0.222265E+00
  0.151594E+01  0.957667E+00  0.223785E+00
  0.151868E+01  0.122942E+01  0.221569E+00
  0.152142E+01  0.104814E+01  0.222403E+00
  0.152416E+01  0.113986E+01  0.225581E+00
  0.152690E+01  0.100122E+01  0.224058E+00
  0.152964E+01  0.817583E+00  0.222827E+00
  0.153238E+01  0.779222E+00  0.223843E+00
  0.153512E+01  0.918667E+00  0.228539E+00
  0.153786E+01  0.830361E+00  0.226029E+00
  0.154060E+01  0.107472E+01  0.223302E+00
  0.154334E+01  0.504639E+00  0.222681E+00
  0.154608E+01  0.870361E+00  0.225047E+00
  0.154882E+01  0.708222E+00  0.222475E+00
  0.155156E+01  0.668194E+00  0.223280E+00
  0.155430E+01  0.682500E+00  0.222800E+00
  0.155704E+01  0.114869E+01  0.226943E+00
  0.155978E+01  0.752139E+00  0.221062E+00
  0.156252E+01  0.653444E+00  0.220712E+00
  0.156526E+01  0.885556E+00  0.222368E+00
  0.156801E+01  0.572611E+00  0.223740E+00
  0.157075E+01  0.615333E+00  0.222944E+00
  0.157349E+01  0.764444E+00  0.221709E+00
  0.157623E+01  0.508639E+00  0.226771E+00
  0.157897E+01  0.694556E+00  0.220336E+00
  0.158171E+01  0.625056E+00  0.223813E+00
  0.158445E+01  0.524083E+00  0.224295E+00
  0.158719E+01  0.651694E+00  0.221307E+00
  0.158993E+01  0.103689E+01  0.221069E+00
  0.159267E+01  0.439972E+00  0.221525E+00
  0.159541E+01  0.246167E+00  0.217827E+00
  0.159815E+01  0.702000E+00  0.218456E+00
  0.160089E+01  0.810500E+00  0.219782E+00
  0.160363E+01  0.911361E+00  0.225138E+00
  0.160637E+01  0.782083E+00  0.224295E+00
  0.160911E+01  0.732028E+00  0.220120E+00
  0.161185E+01  0.225667E+00  0.221218E+00
  0.161459E+01  0.422472E+00  0.222041E+00
  0.161733E+01  0.369833E+00  0.220687E+00
  0.162007E+01  0.803167E+00  0.222592E+00
  0.162281E+01  0.530639E+00  0.224097E+00
  0.162555E+01  0.270611E+00  0.221059E+00
  0.162829E+01  0.745750E+00  0.221351E+00
  0.163103E+01  0.684278E+00  0.223317E+00
  0.163377E+01  0.805861E+00  0.219765E+00
  0.163651E+01  0.103400E+01  0.225084E+00
  0.163925E+01  0.498889E-01  0.220155E+00
  0.164199E+01  0.666083E+00  0.222598E+00
  0.164473E+01  0.798417E+00  0.220178E+00
  0.164747E+01  0.357056E+00  0.221887E+00
  0.165021E+01  0.518972E+00  0.220526E+00
  0.165295E+01  0.813833E+00  0.222519E+00
  0.165569E+01  0.688028E+00  0.221204E+00
  0.165844E+01  0.919028E+00  0.221043E+00
  0.166118E+01  0.571500E+00  0.221941E+00
  0.166392E+01  0.537917E+00  0.220428E+00
  0.166666E+01  0.520667E+00  0.220978E+00
  0.166940E+01  0.515806E+00  0.222703E+00
  0.167214E+01  0.421472E+00  0.223443E+00
  0.167488E+01  0.808944E+00  0.222955E+00
  0.167762E+01  0.661528E+00  0.221323E+00
  0.168036E+01  0.753611E+00  0.218019E+00
  0.168310E+01  0.712611E+00  0.224648E+00
  0.168584E+01  0.116553E+01  0.219176E+00
  0.168858E+01  0.619000E+00  0.221002E+00
  0.169132E+01  0.658028E+00  0.218361E+00
  0.169406E+01  0.764417E+00  0.225461E+00
  0.169680E+01  0.536111E+00  0.222164E+00
  0.169954E+01  0.562194E+00  0.223278E+00
  0.170228E+01  0.832944E+00  0.221973E+00
  0.170502E+01  0.719556E+00  0.222189E+00
  0.170776E+01  0.233917E+00  0.217555E+00
  0.171050E+01  0.788278E+00  0.221566E+00
  0.171324E+01  0.865361E+00  0.221588E+00
  0.171598E+01  0.653639E+00  0.216759E+00
  0.171872E+01  0.613472E+00  0.223078E+00
  0.172146E+01  0.284472E+00  0.219194E+00
  0.172420E+01  0.809861E+00  0.220279E+00
  0.172694E+01  0.811417E+00  0.220552E+00
  0.172968E+01  0.649417E+00  0.220764E+00
  0.173242E+01  0.643639E+00  0.221272E+00
  0.173516E+01  0.543167E+00  0.224564E+00
  0.173790E+01  0.488417E+00  0.216205E+00
  0.174064E+01  0.584361E+00  0.220481E+00
  0.174338E+01  0.862778E-01  0.220024E+00
  0.174613E+01  0.652472E+00  0.220744E+00
  0.174887E+01  0.511028E+00  0.219241E+00
  0.175161E+01  0.284806E+00  0.219924E+00
  0.175435E+01  0.589361E+00  0.219988E+00
  0.175709E+01  0.528139E+00  0.222054E+00
  0.175983E+01  0.931528E+00  0.219361E+00
  0.176257E+01  0.520389E+00  0.224418E+00
  0.176531E+01  0.666472E+00  0.222091E+00
  0.176805E+01  0.338333E+00  0.220421E+00
  0.177079E+01  0.327972E+00  0.218571E+00
  0.177353E+01  0.618722E+00  0.222795E+00
  0.177627E+01  0.683167E+00  0.222314E+00
  0.177901E+01  0.542250E+00  0.221368E+00
  0.178175E+01  0.505611E+00  0.221079E+00
  0.178449E+01  0.189889E+00  0.217990E+00
  0.178723E+01  0.530583E+00  0.220273E+00
  0.178997E+01  0.331444E+00  0.221242E+00
  0.179271E+01  0.719333E+00  0.222376E+00
  0.179545E+01  0.532417E+00  0.223618E+00
  0.179819E+01  0.590944E+00  0.224985E+00
  0.180093E+01  0.387278E+00  0.218499E+00
  0.180367E+01  0.500833E+00  0.220242E+00
  0.180641E+01  0.424056E+00  0.223038E+00
  0.180915E+01  0.690361E+00  0.219568E+00
  0.181189E+01  0.609417E+00  0.219467E+00
  0.181463E+01  0.383333E+00  0.220938E+00
  0.181737E+01  0.741417E+00  0.220936E+00
  0.182011E+01  0.642917E+00  0.220148E+00
  0.182285E+01  0.359806E+00  0.215806E+00
  0.182559E+01  0.825833E-01  0.217611E+00
  0.182833E+01  0.134500E+00  0.218377E+00
  0.183107E+01  0.226056E+00  0.217714E+00
  0.183381E+01  0.748139E+00  0.219119E+00
  0.183656E+01  0.800667E+00  0.217711E+00
  0.183930E+01  0.376583E+00  0.219274E+00
  0.184204E+01  0.371500E+00  0.224568E+00
  0.184478E+01  0.883889E+00  0.218707E+00
  0.184752E+01  0.249806E+00  0.216854E+00
  0.185026E+01  0.528972E+00  0.218305E+00
  0.185300E+01  0.523611E-01  0.217879E+00
  0.185574E+01  0.643500E+00  0.220801E+00
  0.185848E+01  0.275472E+00  0.216434E+00
  0.186122E+01  0.129722E-01  0.220406E+00
  0.186396E+01  0.391722E+00  0.219336E+00
  0.186670E+01  0.337722E+00  0.219112E+00
  0.186944E+01  0.508861E+00  0.217146E+00
  0.187218E+01  0.361889E+00  0.218570E+00
  0.187492E+01  0.470472E+00  0.221150E+00
  0.187766E+01  0.169500E+00  0.216932E+00
  0.188040E+01  0.106861E+00  0.217403E+00
  0.188314E+01  0.419500E+00  0.216623E+00
  0.188588E+01  0.464278E+00  0.216353E+00
  0.188862E+01  0.490389E+00  0.216813E+00
  0.189136E+01  0.221778E+00  0.220531E+00
  0.189410E+01  0.291111E+00  0.217875E+00
  0.189684E+01  0.327944E+00  0.217714E+00
  0.189958E+01  0.497111E+00  0.213263E+00
  0.190232E+01  0.522000E+00  0.215309E+00
  0.190506E+01  0.646444E+00  0.215398E+00
  0.190780E+01  0.331694E+00  0.216496E+00
  0.191054E+01  0.683806E+00  0.219675E+00
  0.191328E+01  0.580917E+00  0.218011E+00
  0.191602E+01  0.217028E+00  0.215294E+00
  0.191876E+01  0.592139E+00  0.218350E+00
  0.192150E+01  0.364556E+00  0.218747E+00
  0.192425E+01  0.770556E+00  0.218370E+00
  0.192699E+01  0.303889E+00  0.215779E+00
  0.192973E+01  0.382306E+00  0.218077E+00
  0.193247E+01  0.794889E+00  0.221330E+00
  0.193521E+01  0.293917E+00  0.215491E+00
  0.193795E+01  0.333889E+00  0.217955E+00
  0.194069E+01  0.232306E+00  0.217713E+00
  0.194343E+01  0.391750E+00  0.217278E+00
  0.194617E+01  0.282583E+00  0.218005E+00
  0.194891E+01  0.555056E+00  0.217005E+00
  0.195165E+01  0.144139E+00  0.218010E+00
  0.195439E+01  0.400000E+00  0.218875E+00
  0.195713E+01  0.412083E+00  0.220296E+00
  0.195987E+01  0.430944E+00  0.219687E+00
  0.196261E+01  0.485472E+00  0.215393E+00
  0.196535E+01  0.241667E-01  0.217994E+00
  0.196809E+01  0.342417E+00  0.218819E+00
  0.197083E+01  0.615611E+00  0.219340E+00
  0.197357E+01  0.409361E+00  0.218023E+00
  0.197631E+01  0.616167E+00  0.221960E+00
  0.197905E+01  0.766278E+00  0.218244E+00
  0.198179E+01  0.275222E+00  0.216982E+00
  0.198453E+01  0.276889E+00  0.219308E+00
  0.198727E+01  0.585500E+00  0.218533E+00
  0.199001E+01  0.354333E+00  0.217659E+00
  0.199275E+01  0.666861E+00  0.217239E+00
  0.199549E+01  0.387083E+00  0.216449E+00
  0.199823E+01  0.615611E+00  0.214610E+00
  0.200097E+01  0.385222E+00  0.215276E+00
  0.200371E+01  0.406500E+00  0.217300E+00
  0.200645E+01  0.150306E+00  0.215948E+00
  0.200919E+01  0.903889E-01  0.222530E+00
  0.201194E+01  0.403972E+00  0.219768E+00
  0.201468E+01  0.362250E+00  0.217826E+00
  0.201742E+01  0.334111E+00  0.218056E+00
  0.202016E+01  0.138694E+00  0.217463E+00
  0.202290E+01  0.558306E+00  0.216897E+00
  0.202564E+01  0.312194E+00  0.216317E+00
  0.202838E+01  0.378028E+00  0.219804E+00
  0.203112E+01  0.352083E+00  0.218547E+00
  0.203386E+01  0.366417E+00  0.217713E+00
  0.203660E+01 -0.100583E+00  0.215074E+00
  0.203934E+01  0.342028E+00  0.214516E+00
  0.204208E+01  0.300639E+00  0.218876E+00
  0.204482E+01  0.447000E+00  0.214601E+00
  0.204756E+01  0.212083E+00  0.217103E+00
  0.205030E+01  0.185167E+00  0.214315E+00
  0.205304E+01  0.588889E+00  0.221602E+00
  0.205578E+01  0.469500E+00  0.216074E+00
  0.205852E+01  0.195306E+00  0.217039E+00
  0.206126E+01  0.303028E+00  0.214600E+00
  0.206400E+01  0.596222E+00  0.219145E+00
  0.206674E+01  0.478667E+00  0.217700E+00
  0.206948E+01  0.222500E+00  0.214472E+00
  0.207222E+01 -0.634444E-01  0.218058E+00
  0.207496E+01  0.114444E+00  0.217613E+00
  0.207770E+01  0.548556E+00  0.217913E+00
  0.208044E+01  0.169639E+00  0.216025E+00
  0.208318E+01  0.443389E+00  0.220525E+00
  0.208592E+01  0.746222E+00  0.220070E+00
  0.208866E+01  0.454500E+00  0.216530E+00
  0.209140E+01  0.362722E+00  0.217191E+00
  0.209414E+01  0.524722E+00  0.215615E+00
  0.209688E+01  0.411028E+00  0.217771E+00
  0.209962E+01  0.190028E+00  0.217830E+00
  0.210237E+01  0.305028E+00  0.216456E+00
  0.210511E+01  0.404889E+00  0.216154E+00
  0.210785E+01  0.325583E+00  0.216603E+00
  0.211059E+01  0.575333E+00  0.220245E+00
  0.211333E+01 -0.209111E+00  0.216251E+00
  0.211607E+01  0.813028E+00  0.219503E+00
  0.211881E+01  0.717861E+00  0.220022E+00
  0.212155E+01  0.400500E+00  0.213545E+00
  0.212429E+01  0.251333E+00  0.217438E+00
  0.212703E+01  0.206889E+00  0.217080E+00
  0.212977E+01  0.264833E+00  0.218734E+00
  0.213251E+01  0.115222E+00  0.219393E+00
  0.213525E+01  0.410444E+00  0.216133E+00
  0.213799E+01  0.193722E+00  0.216248E+00
  0.214073E+01  0.170917E+00  0.215774E+00
  0.214347E+01 -0.812778E-01  0.213502E+00
  0.214621E+01  0.226556E+00  0.214210E+00
  0.214895E+01  0.216278E+00  0.218477E+00
  0.215169E+01  0.407028E+00  0.217926E+00
  0.215443E+01  0.250639E+00  0.214796E+00
  0.215717E+01  0.230972E+00  0.217635E+00
  0.215991E+01  0.411583E+00  0.214565E+00
  0.216265E+01  0.451944E-01  0.216647E+00
  0.216539E+01  0.409361E+00  0.215692E+00
  0.216813E+01  0.352111E+00  0.218016E+00
  0.217087E+01 -0.125889E+00  0.212014E+00
  0.217361E+01  0.578500E+00  0.217925E+00
  0.217635E+01  0.553833E+00  0.216963E+00
  0.217909E+01 -0.278056E-01  0.215628E+00
  0.218183E+01  0.195556E+00  0.216578E+00
  0.218457E+01  0.237417E+00  0.218577E+00
  0.218731E+01  0.424222E+00  0.215621E+00
  0.219006E+01  0.817500E-01  0.214615E+00
  0.219280E+01  0.466944E+00  0.216935E+00
  0.219554E+01  0.548944E+00  0.215564E+00
  0.219828E+01  0.422722E+00  0.215915E+00
  0.220102E+01  0.465750E+00  0.216661E+00
  0.220376E+01  0.433889E+00  0.218815E+00
  0.220650E+01  0.150750E+00  0.216174E+00
  0.220924E+01  0.333111E+00  0.214373E+00
  0.221198E+01  0.378222E+00  0.218771E+00
  0.221472E+01  0.421556E+00  0.217504E+00
  0.221746E+01  0.227611E+00  0.212339E+00
  0.222020E+01  0.624667E+00  0.212983E+00
  0.222294E+01  0.178889E+00  0.216738E+00
  0.222568E+01  0.447861E+00  0.215312E+00
  0.222842E+01  0.575278E-01  0.215627E+00
  0.223116E+01  0.370361E+00  0.214962E+00
  0.223390E+01  0.228028E+00  0.213515E+00
  0.223664E+01  0.315500E+00  0.214342E+00
  0.223938E+01  0.678000E+00  0.217691E+00
  0.224212E+01  0.545639E+00  0.216192E+00
  0.224486E+01  0.554333E+00  0.215669E+00
  0.224760E+01  0.153111E+00  0.219140E+00
  0.225034E+01 -0.673056E-01  0.214390E+00
  0.225308E+01  0.664139E+00  0.216998E+00
  0.225582E+01 -0.227333E+00  0.214701E+00
  0.225856E+01  0.542222E-01  0.214781E+00
  0.226130E+01 -0.825000E-02  0.215242E+00
  0.226404E+01  0.818333E-01  0.215763E+00
  0.226678E+01  0.232056E+00  0.215723E+00
  0.226952E+01 -0.623889E-01  0.216779E+00
  0.227226E+01 -0.271944E+00  0.214147E+00
  0.227500E+01  0.249306E+00  0.212754E+00
  0.227775E+01  0.396333E+00  0.218240E+00
  0.228049E+01 -0.104056E+00  0.215411E+00
  0.228323E+01  0.243111E+00  0.218499E+00
  0.228597E+01  0.501944E-01  0.212240E+00
  0.228871E+01  0.186306E+00  0.211855E+00
  0.229145E+01  0.599167E-01  0.213633E+00
  0.229419E+01  0.146861E+00  0.215239E+00
  0.229693E+01  0.397222E-01  0.218741E+00
  0.229967E+01  0.319056E+00  0.212977E+00
  0.230241E+01  0.373361E+00  0.219419E+00
  0.230515E+01 -0.490833E-01  0.216210E+00
  0.230789E+01  0.401000E+00  0.215407E+00
  0.231063E+01  0.363583E+00  0.216885E+00
  0.231337E+01  0.314972E+00  0.215896E+00
  0.231611E+01  0.573778E+00  0.215249E+00
  0.231885E+01  0.160389E+00  0.215165E+00
  0.232159E+01 -0.695833E-01  0.215577E+00
  0.232433E+01 -0.296667E-01  0.213828E+00
  0.232707E+01  0.189722E+00  0.215388E+00
  0.232981E+01  0.422639E+00  0.215022E+00
  0.233255E+01  0.610222E+00  0.212773E+00
  0.233529E+01  0.228139E+00  0.215573E+00
  0.233803E+01  0.461889E+00  0.213151E+00
  0.234077E+01  0.615000E-01  0.213448E+00
  0.234351E+01  0.203778E+00  0.213047E+00
  0.234625E+01  0.159139E+00  0.214781E+00
  0.234899E+01  0.125861E+00  0.218277E+00
  0.235173E+01  0.254611E+00  0.216006E+00
  0.235447E+01  0.156639E+00  0.216911E+00
  0.235721E+01  0.478944E+00  0.213384E+00
  0.235995E+01  0.537722E+00  0.217622E+00
  0.236269E+01  0.566917E+00  0.216011E+00
  0.236543E+01  0.255472E+00  0.214283E+00
  0.236818E+01  0.748056E-01  0.210745E+00
  0.237092E+01  0.522361E+00  0.213268E+00
  0.237366E+01  0.231361E+00  0.209720E+00
  0.237640E+01  0.379528E+00  0.213225E+00
  0.237914E+01  0.245833E+00  0.212501E+00
  0.238188E+01  0.205000E+00  0.213195E+00
  0.238462E+01  0.175583E+00  0.214985E+00
  0.238736E+01  0.529833E+00  0.211631E+00
  0.239010E+01  0.419722E+00  0.215444E+00
  0.239284E+01  0.527194E+00  0.216545E+00
  0.239558E+01 -0.300694E+00  0.210944E+00
  0.239832E+01 -0.136333E+00  0.213809E+00
  0.240106E+01  0.602528E+00  0.218486E+00
  0.240380E+01  0.521944E+00  0.216239E+00
  0.240654E+01 -0.168111E+00  0.212486E+00
  0.240928E+01  0.641722E+00  0.213930E+00
  0.241202E+01  0.262917E+00  0.216356E+00
  0.241476E+01  0.279583E+00  0.214819E+00
  0.241750E+01 -0.231389E-01  0.211770E+00
  0.242024E+01  0.108972E+00  0.215303E+00
  0.242298E+01  0.297222E-01  0.212612E+00
  0.242572E+01  0.223972E+00  0.213742E+00
  0.242846E+01  0.155083E+00  0.212585E+00
  0.243120E+01  0.413194E+00  0.211171E+00
  0.243394E+01  0.225667E+00  0.214021E+00
  0.243668E+01  0.142972E+00  0.212556E+00
  0.243942E+01  0.128028E+00  0.210296E+00
  0.244216E+01 -0.396667E-01  0.210511E+00
  0.244490E+01  0.834722E-01  0.212474E+00
  0.244764E+01  0.221306E+00  0.212522E+00
  0.245038E+01  0.311194E+00  0.213608E+00
  0.245312E+01  0.598056E+00  0.215704E+00
  0.245587E+01 -0.458056E-01  0.213060E+00
  0.245861E+01  0.315722E+00  0.214125E+00
  0.246135E+01 -0.108944E+00  0.210165E+00
  0.246409E+01  0.377778E-01  0.213281E+00
  0.246683E+01  0.305361E+00  0.214541E+00
  0.246957E+01  0.493000E+00  0.214316E+00
  0.247231E+01  0.351000E+00  0.214591E+00
  0.247505E+01  0.415306E+00  0.215099E+00
  0.247779E+01  0.333889E-01  0.212045E+00
  0.248053E+01  0.106639E+00  0.216352E+00
  0.248327E+01  0.209278E+00  0.215243E+00
  0.248601E+01  0.843056E-01  0.212566E+00
  0.248875E+01  0.282111E+00  0.213803E+00
  0.249149E+01  0.354056E+00  0.214016E+00
  0.249423E+01  0.802778E-02  0.210786E+00
  0.249697E+01  0.172917E+00  0.207231E+00
  0.249971E+01  0.175500E+00  0.214308E+00
  0.250245E+01  0.305000E-01  0.216400E+00
  0.250519E+01  0.147306E+00  0.215347E+00
  0.250793E+01  0.181139E+00  0.210919E+00
  0.251067E+01  0.129472E+00  0.215150E+00
  0.251341E+01  0.336056E+00  0.215642E+00
  0.251615E+01  0.605194E+00  0.215393E+00
  0.251889E+01  0.339194E+00  0.214703E+00
  0.252163E+01  0.668611E-01  0.211933E+00
  0.252437E+01  0.221472E+00  0.214876E+00
  0.252711E+01 -0.584167E-01  0.213560E+00
  0.252985E+01  0.595000E+00  0.214762E+00
  0.253259E+01 -0.954167E-01  0.212952E+00
  0.253533E+01  0.162944E+00  0.211559E+00
  0.253807E+01  0.127500E+00  0.212815E+00
  0.254081E+01  0.515000E+00  0.210446E+00
  0.254356E+01  0.228139E+00  0.210500E+00
  0.254630E+01 -0.132028E+00  0.211536E+00
  0.254904E+01  0.910278E-01  0.212025E+00
  0.255178E+01  0.366472E+00  0.213461E+00
  0.255452E+01  0.125306E+00  0.209632E+00
  0.255726E+01  0.238917E+00  0.211619E+00
  0.256000E+01  0.262556E+00  0.210843E+00
  0.256274E+01 -0.144167E+00  0.210101E+00
  0.256548E+01  0.141917E+00  0.211114E+00
  0.256822E+01  0.598111E+00  0.212396E+00
  0.257096E+01  0.361944E-01  0.213537E+00
  0.257370E+01  0.444167E-01  0.212255E+00
  0.257644E+01  0.885833E-01  0.212104E+00
  0.257918E+01  0.188361E+00  0.214224E+00
  0.258192E+01  0.990278E-01  0.213869E+00
  0.258466E+01  0.234000E+00  0.215315E+00
  0.258740E+01  0.180556E-02  0.238682E+00
  0.259014E+01  0.257972E+00  0.252775E+00
  0.259288E+01  0.285556E+00  0.263793E+00
  0.259562E+01 -0.972222E-01  0.270569E+00
  0.259836E+01 -0.316389E+00  0.278950E+00
  0.260110E+01 -0.230472E+00  0.287598E+00
  0.260384E+01  0.487028E+00  0.306302E+00
  0.260658E+01  0.383611E-01  0.305726E+00
  0.260932E+01  0.467944E+00  0.311922E+00
  0.261206E+01  0.258806E+00  0.320540E+00
  0.261480E+01  0.483750E+00  0.327382E+00
  0.261754E+01 -0.250972E+00  0.335013E+00
  0.262028E+01  0.461778E+00  0.273644E+00
  0.262302E+01 -0.144139E+00  0.259259E+00
  0.262576E+01  0.302000E+00  0.252718E+00
  0.262850E+01  0.370639E+00  0.245692E+00
  0.263124E+01  0.405167E+00  0.243376E+00
  0.263399E+01  0.154639E+00  0.241364E+00
  0.263673E+01  0.967778E-01  0.234673E+00
  0.263947E+01 -0.152917E+00  0.236393E+00
  0.264221E+01  0.123278E+00  0.230997E+00
  0.264495E+01  0.413917E+00  0.229096E+00
  0.264769E+01  0.315306E+00  0.236696E+00
  0.265043E+01  0.111000E+00  0.229637E+00
  0.265317E+01  0.506167E+00  0.233714E+00
  0.265591E+01  0.441389E+00  0.229519E+00
  0.265865E+01  0.108417E+00  0.231379E+00
  0.266139E+01  0.418444E+00  0.231400E+00
  0.266413E+01  0.286389E+00  0.229315E+00
  0.266687E+01  0.624472E+00  0.226756E+00
  0.266961E+01  0.249194E+00  0.229806E+00
  0.267235E+01  0.403778E+00  0.229240E+00
  0.267509E+01  0.216361E+00  0.229957E+00
  0.267783E+01  0.345389E+00  0.231819E+00
  0.268057E+01  0.517472E+00  0.227625E+00
  0.268331E+01  0.512389E+00  0.232534E+00
  0.268605E+01 -0.162833E+00  0.230512E+00
  0.268879E+01  0.501750E+00  0.226708E+00
  0.269153E+01  0.218944E+00  0.225690E+00
  0.269427E+01  0.461167E+00  0.232377E+00
  0.269701E+01  0.805278E-01  0.226393E+00
  0.269975E+01  0.385000E-01  0.228804E+00
  0.270249E+01  0.315306E+00  0.226287E+00
  0.270523E+01  0.424917E+00  0.226630E+00
  0.270797E+01  0.345472E+00  0.227892E+00
  0.271071E+01 -0.827778E-01  0.226964E+00
  0.271345E+01  0.222278E+00  0.221387E+00
  0.271619E+01  0.176778E+00  0.226257E+00
  0.271893E+01 -0.109833E+00  0.222846E+00
  0.272168E+01  0.249722E+00  0.224466E+00
  0.272442E+01  0.149056E+00  0.223266E+00
  0.272716E+01  0.304333E+00  0.221898E+00
  0.272990E+01  0.355194E+00  0.215803E+00
  0.273264E+01  0.447944E+00  0.218942E+00
  0.273538E+01  0.394583E+00  0.219029E+00
  0.273812E+01  0.378167E+00  0.218811E+00
  0.274086E+01  0.217528E+00  0.218708E+00
  0.274360E+01  0.290139E+00  0.212339E+00
  0.274634E+01  0.351056E+00  0.214980E+00
  0.274908E+01  0.224944E+00  0.214357E+00
  0.275182E+01 -0.134333E+00  0.215487E+00
  0.275456E+01 -0.896944E-01  0.214798E+00
  0.275730E+01  0.307222E+00  0.214426E+00
  0.276004E+01  0.281333E+00  0.216702E+00
  0.276278E+01  0.210139E+00  0.212214E+00
  0.276552E+01  0.191028E+00  0.216435E+00
  0.276826E+01  0.289917E+00  0.214025E+00
  0.277100E+01  0.132556E+00  0.215417E+00
  0.277374E+01  0.413111E+00  0.216661E+00
  0.277648E+01 -0.225083E+00  0.214411E+00
  0.277922E+01  0.463528E+00  0.213519E+00
  0.278196E+01  0.495778E+00  0.212548E+00
  0.278470E+01  0.320694E+00  0.215481E+00
  0.278744E+01  0.224611E+00  0.216227E+00
  0.279018E+01  0.816944E-01  0.216690E+00
  0.279292E+01  0.270139E+00  0.216915E+00
  0.279566E+01  0.520889E+00  0.219208E+00
  0.279840E+01  0.425056E+00  0.215865E+00
  0.280114E+01  0.574528E+00  0.215867E+00
  0.280388E+01  0.282556E+00  0.212372E+00
  0.280662E+01  0.101167E+00  0.212066E+00
  0.280936E+01  0.180278E-01  0.212092E+00
  0.281211E+01  0.282750E+00  0.216111E+00
  0.281485E+01 -0.244444E+00  0.209762E+00
  0.281759E+01  0.722222E-03  0.212537E+00
  0.282033E+01  0.429611E+00  0.216856E+00
  0.282307E+01  0.234444E-01  0.217838E+00
  0.282581E+01  0.470000E-01  0.215688E+00
  0.282855E+01  0.430222E+00  0.214624E+00
  0.283129E+01  0.112833E+00  0.213748E+00
  0.283403E+01  0.108778E+00  0.210277E+00
  0.283677E+01  0.154611E+00  0.214049E+00
  0.283951E+01 -0.272361E+00  0.212830E+00
  0.284225E+01 -0.887222E-01  0.215067E+00
  0.284499E+01  0.242333E+00  0.214619E+00
  0.284773E+01  0.150389E+00  0.211725E+00
  0.285047E+01  0.578889E-01  0.215358E+00
  0.285321E+01  0.326806E+00  0.213311E+00
  0.285595E+01  0.575056E+00  0.218080E+00
  0.285869E+01  0.469028E+00  0.216134E+00
  0.286143E+01  0.292333E+00  0.214974E+00
  0.286417E+01  0.826944E-01  0.209701E+00
  0.286691E+01  0.958333E-02  0.210350E+00
  0.286965E+01  0.511667E-01  0.214719E+00
  0.287239E+01  0.340583E+00  0.212435E+00
  0.287513E+01  0.295000E-01  0.213227E+00
  0.287787E+01  0.605833E-01  0.214068E+00
  0.288061E+01  0.719444E-01  0.212628E+00
  0.288335E+01  0.107917E+00  0.211837E+00
  0.288609E+01 -0.429167E-01  0.215936E+00
  0.288883E+01  0.180361E+00  0.213078E+00
  0.289157E+01  0.895000E-01  0.213977E+00
  0.289431E+01  0.102528E+00  0.212338E+00
  0.289705E+01  0.637222E-01  0.212631E+00
  0.289980E+01 -0.145111E+00  0.215425E+00
  0.290254E+01  0.348917E+00  0.214983E+00
  0.290528E+01  0.534750E+00  0.213746E+00
  0.290802E+01  0.158306E+00  0.213597E+00
  0.291076E+01  0.495417E+00  0.212151E+00
  0.291350E+01  0.327194E+00  0.213219E+00
  0.291624E+01  0.376694E+00  0.210882E+00
  0.291898E+01 -0.116444E+00  0.212285E+00
  0.292172E+01  0.305500E+00  0.215982E+00
  0.292446E+01  0.798611E-01  0.211976E+00
  0.292720E+01  0.475417E+00  0.213461E+00
  0.292994E+01 -0.142944E+00  0.213140E+00
  0.293268E+01  0.287444E+00  0.212961E+00
  0.293542E+01  0.183139E+00  0.213752E+00
  0.293816E+01  0.145472E+00  0.215684E+00
  0.294090E+01 -0.368944E+00  0.211606E+00
  0.294364E+01  0.653889E-01  0.212222E+00
  0.294638E+01 -0.167167E+00  0.211435E+00
  0.294912E+01  0.261444E+00  0.212710E+00
  0.295186E+01  0.188167E+00  0.212346E+00
  0.295460E+01  0.593194E+00  0.213487E+00
  0.295734E+01 -0.131667E+00  0.212861E+00
  0.296008E+01  0.647778E-01  0.212585E+00
  0.296282E+01  0.162000E+00  0.214680E+00
  0.296556E+01  0.218222E+00  0.211034E+00
  0.296830E+01  0.212111E+00  0.210715E+00
  0.297104E+01  0.278444E+00  0.210624E+00
  0.297378E+01  0.305222E+00  0.216393E+00
  0.297652E+01 -0.123889E-01  0.212667E+00
  0.297926E+01 -0.736944E-01  0.210255E+00
  0.298200E+01  0.455750E+00  0.212952E+00
  0.298474E+01  0.579639E+00  0.216915E+00
  0.298749E+01  0.266833E+00  0.213757E+00
  0.299023E+01  0.340056E+00  0.213810E+00
  0.299297E+01  0.474222E+00  0.208656E+00
  0.299571E+01 -0.211278E+00  0.213292E+00
  0.299845E+01  0.162722E+00  0.210005E+00
  0.300119E+01  0.630278E-01  0.210325E+00
  0.300393E+01  0.519000E+00  0.214405E+00
  0.300667E+01  0.269667E+00  0.212900E+00
  0.300941E+01  0.172667E+00  0.210302E+00
  0.301215E+01  0.200556E-01  0.210917E+00
  0.301489E+01  0.197278E+00  0.207278E+00
  0.301763E+01  0.893056E-01  0.208975E+00
  0.302037E+01  0.324028E+00  0.210470E+00
  0.302311E+01  0.637222E-01  0.207940E+00
  0.302585E+01  0.395167E+00  0.212146E+00
  0.302859E+01  0.104722E+00  0.210854E+00
  0.303133E+01  0.426944E+00  0.211579E+00
  0.303407E+01  0.233250E+00  0.209315E+00
  0.303681E+01  0.103528E+00  0.210604E+00
  0.303955E+01 -0.446667E-01  0.213905E+00
  0.304229E+01 -0.101917E+00  0.211985E+00
  0.304503E+01  0.287111E+00  0.213012E+00
  0.304777E+01  0.324917E+00  0.212942E+00
  0.305051E+01  0.936944E-01  0.213009E+00
  0.305325E+01  0.466833E+00  0.212151E+00
  0.305599E+01  0.793611E-01  0.210697E+00
  0.305873E+01  0.251722E+00  0.205569E+00
  0.306147E+01  0.411111E-02  0.212250E+00
  0.306421E+01  0.192889E+00  0.209488E+00
  0.306695E+01  0.712111E+00  0.211219E+00
  0.306969E+01 -0.182778E-01  0.210539E+00
  0.307243E+01  0.238750E+00  0.211572E+00
  0.307517E+01  0.193972E+00  0.209570E+00
  0.307792E+01 -0.168500E+00  0.211141E+00
  0.308066E+01  0.153444E+00  0.208380E+00
  0.308340E+01  0.181306E+00  0.213882E+00
  0.308614E+01  0.350194E+00  0.211651E+00
  0.308888E+01  0.133222E+00  0.213077E+00
  0.309162E+01  0.185861E+00  0.210668E+00
  0.309436E+01 -0.128000E+00  0.212020E+00
  0.309710E+01  0.232222E+00  0.210656E+00
  0.309984E+01  0.268500E+00  0.215798E+00
  0.310258E+01  0.243000E+00  0.210597E+00
  0.310532E+01 -0.790278E-01  0.211110E+00
  0.310806E+01  0.210056E+00  0.211165E+00
  0.311080E+01 -0.333611E-01  0.210374E+00
  0.311354E+01  0.196361E+00  0.210005E+00
  0.311628E+01  0.272472E+00  0.212139E+00
  0.311902E+01  0.553333E-01  0.209956E+00
  0.312176E+01 -0.368333E-01  0.209681E+00
  0.312450E+01  0.397278E+00  0.212564E+00
  0.312724E+01  0.749167E-01  0.207116E+00
  0.312998E+01  0.126500E+00  0.212943E+00
  0.313272E+01  0.992778E-01  0.213269E+00
  0.313546E+01  0.323250E+00  0.209994E+00
  0.313820E+01  0.492500E-01  0.211269E+00
  0.314094E+01 -0.208333E-01  0.210785E+00
  0.314368E+01  0.316806E+00  0.212616E+00
  0.314642E+01  0.546889E+00  0.211956E+00
  0.314916E+01  0.321889E+00  0.208537E+00
  0.315190E+01  0.259361E+00  0.209304E+00
  0.315464E+01  0.149250E+00  0.210621E+00
  0.315738E+01  0.321556E+00  0.213093E+00
  0.316012E+01  0.154333E+00  0.212819E+00
  0.316286E+01  0.531444E+00  0.207561E+00
  0.316561E+01  0.113722E+00  0.207207E+00
  0.316835E+01  0.387194E+00  0.211400E+00
  0.317109E+01  0.304694E+00  0.211022E+00
  0.317383E+01  0.365139E+00  0.210126E+00
  0.317657E+01  0.439639E+00  0.211710E+00
  0.317931E+01  0.438056E+00  0.210614E+00
  0.318205E+01  0.244222E+00  0.212014E+00
  0.318479E+01  0.640278E-01  0.208854E+00
  0.318753E+01 -0.244444E-01  0.208449E+00
  0.319027E+01  0.163944E+00  0.210445E+00
  0.319301E+01  0.953889E-01  0.211467E+00
  0.319575E+01  0.264167E-01  0.212658E+00
  0.319849E+01 -0.177778E-01  0.206992E+00
  0.320123E+01  0.170278E+00  0.208739E+00
  0.320397E+01  0.361167E+00  0.210145E+00
  0.320671E+01  0.448861E+00  0.208021E+00
  0.320945E+01  0.885833E-01  0.210951E+00
  0.321219E+01 -0.871944E-01  0.208851E+00
  0.321493E+01  0.473333E-01  0.209547E+00
  0.321767E+01  0.271750E+00  0.209905E+00
  0.322041E+01  0.395556E-01  0.208753E+00
  0.322315E+01  0.304417E+00  0.211903E+00
  0.322589E+01  0.112000E+00  0.211604E+00
  0.322863E+01  0.226806E+00  0.209848E+00
  0.323137E+01  0.395278E+00  0.208786E+00
  0.323411E+01 -0.611667E-01  0.213042E+00
  0.323685E+01  0.182222E-01  0.208869E+00
  0.323959E+01 -0.160528E+00  0.212544E+00
  0.324233E+01  0.401167E+00  0.212006E+00
  0.324507E+01  0.215278E+00  0.211858E+00
  0.324781E+01  0.442417E+00  0.210991E+00
  0.325055E+01  0.406639E+00  0.212492E+00
  0.325330E+01  0.252722E+00  0.208339E+00
  0.325604E+01  0.282917E+00  0.209936E+00
  0.325878E+01  0.274444E-01  0.208005E+00
  0.326152E+01  0.754167E-01  0.208888E+00
  0.326426E+01  0.444139E+00  0.209097E+00
  0.326700E+01  0.393083E+00  0.207696E+00
  0.326974E+01  0.144444E+00  0.211373E+00
  0.327248E+01  0.337444E+00  0.209266E+00
  0.327522E+01  0.138000E+00  0.211235E+00
  0.327796E+01  0.239806E+00  0.207407E+00
  0.328070E+01  0.120917E+00  0.211637E+00
  0.328344E+01  0.222250E+00  0.207675E+00
  0.328618E+01  0.392139E+00  0.207465E+00
  0.328892E+01  0.993056E-01  0.209125E+00
  0.329166E+01  0.168083E+00  0.206709E+00
  0.329440E+01  0.300000E-02  0.206558E+00
  0.329714E+01  0.257778E+00  0.206990E+00
  0.329988E+01  0.283111E+00  0.208846E+00
  0.330262E+01  0.184639E+00  0.207223E+00
  0.330536E+01  0.301944E-01  0.208483E+00
  0.330810E+01  0.633694E+00  0.208059E+00
  0.331084E+01  0.190250E+00  0.212088E+00
  0.331358E+01  0.638306E+00  0.209019E+00
  0.331632E+01 -0.605556E-02  0.209658E+00
  0.331906E+01  0.115528E+00  0.204885E+00
  0.332180E+01  0.262722E+00  0.211358E+00
  0.332454E+01  0.593806E+00  0.209378E+00
  0.332728E+01  0.784722E-01  0.207212E+00
  0.333002E+01  0.268889E-01  0.206972E+00
  0.333276E+01  0.338889E-01  0.207408E+00
  0.333550E+01  0.593611E-01  0.210239E+00
  0.333824E+01  0.385833E-01  0.207144E+00
  0.334098E+01  0.317500E-01  0.202847E+00
  0.334373E+01  0.251583E+00  0.210348E+00
  0.334647E+01 -0.233361E+00  0.209190E+00
  0.334921E+01 -0.224167E-01  0.206802E+00
  0.335195E+01 -0.348056E-01  0.207278E+00
  0.335469E+01  0.394028E+00  0.208059E+00
  0.335743E+01  0.906667E-01  0.211222E+00
  0.336017E+01  0.328944E+00  0.208732E+00
  0.336291E+01  0.552750E+00  0.209413E+00
  0.336565E+01 -0.361111E-02  0.209889E+00
  0.336839E+01  0.670333E+00  0.211341E+00
  0.337113E+01  0.441222E+00  0.206854E+00
  0.337387E+01 -0.129167E-01  0.209336E+00
  0.337661E+01  0.113333E-01  0.207752E+00
  0.337935E+01  0.305722E+00  0.208099E+00
  0.338209E+01  0.399139E+00  0.209358E+00
  0.338483E+01  0.331944E+00  0.211151E+00
  0.338757E+01 -0.245000E-01  0.206654E+00
  0.339031E+01  0.390278E-01  0.208160E+00
  0.339305E+01  0.143472E+00  0.208675E+00
  0.339579E+01 -0.191611E+00  0.206397E+00
  0.339853E+01  0.237250E+00  0.209692E+00
  0.340127E+01  0.363611E+00  0.205832E+00
  0.340401E+01  0.282194E+00  0.210258E+00
  0.340675E+01  0.466528E+00  0.207003E+00
  0.340949E+01  0.167556E+00  0.207322E+00
  0.341223E+01 -0.967778E-01  0.210812E+00
  0.341497E+01  0.417500E+00  0.207646E+00
  0.341771E+01  0.565583E+00  0.207744E+00
  0.342045E+01  0.320972E+00  0.212190E+00
  0.342319E+01  0.439444E+00  0.208588E+00
  0.342593E+01 -0.212083E+00  0.205468E+00
  0.342867E+01  0.345500E+00  0.207607E+00
  0.343142E+01  0.114361E+00  0.206861E+00
  0.343416E+01  0.560056E+00  0.209616E+00
  0.343690E+01  0.450167E+00  0.209666E+00
  0.343964E+01  0.591833E+00  0.208344E+00
  0.344238E+01  0.393167E+00  0.205988E+00
  0.344512E+01  0.336583E+00  0.208035E+00
  0.344786E+01  0.441167E+00  0.206551E+00
  0.345060E+01  0.233306E+00  0.208046E+00
  0.345334E+01  0.318389E+00  0.204206E+00
  0.345608E+01  0.543750E+00  0.206390E+00
  0.345882E+01  0.256944E-01  0.207252E+00
  0.346156E+01  0.275028E+00  0.209342E+00
  0.346430E+01  0.384667E+00  0.209132E+00
  0.346704E+01 -0.666667E-01  0.209653E+00
  0.346978E+01  0.272389E+00  0.209907E+00
  0.347252E+01  0.151083E+00  0.211774E+00
  0.347526E+01  0.166500E+00  0.209397E+00
  0.347800E+01 -0.114167E-01  0.208757E+00
  0.348074E+01 -0.839444E-01  0.205954E+00
  0.348348E+01  0.393889E-01  0.202486E+00
  0.348622E+01  0.230389E+00  0.207482E+00
  0.348896E+01  0.107306E+00  0.205496E+00
  0.349170E+01  0.165278E+00  0.206589E+00
  0.349444E+01  0.207694E+00  0.211099E+00
  0.349718E+01  0.563472E+00  0.208213E+00
  0.349992E+01  0.116472E+00  0.204618E+00
  0.350266E+01  0.108500E+00  0.206564E+00
  0.350540E+01  0.383139E+00  0.204963E+00
  0.350814E+01  0.147972E+00  0.206331E+00
  0.351088E+01  0.144083E+00  0.206953E+00
  0.351362E+01  0.230250E+00  0.208230E+00
  0.351636E+01  0.159722E+00  0.206489E+00
  0.351910E+01  0.206972E+00  0.209156E+00
  0.352185E+01  0.306333E+00  0.209633E+00
  0.352459E+01 -0.986111E-02  0.205561E+00
  0.352733E+01  0.503556E+00  0.206968E+00
  0.353007E+01  0.170528E+00  0.207412E+00
  0.353281E+01  0.108556E+00  0.206154E+00
  0.353555E+01  0.599917E+00  0.209681E+00
  0.353829E+01  0.188500E+00  0.205983E+00
  0.354103E+01  0.646389E-01  0.208867E+00
  0.354377E+01 -0.124444E-01  0.207701E+00
  0.354651E+01  0.327972E+00  0.209136E+00
  0.354925E+01  0.973056E-01  0.206188E+00
  0.355199E+01 -0.282500E-01  0.202758E+00
  0.355473E+01  0.534750E+00  0.205498E+00
  0.355747E+01  0.132167E+00  0.208341E+00
  0.356021E+01  0.134028E+00  0.205817E+00
  0.356295E+01  0.225778E+00  0.209543E+00
  0.356569E+01  0.207333E+00  0.207790E+00
  0.356843E+01  0.348639E+00  0.208224E+00
  0.357117E+01  0.286167E+00  0.212460E+00
  0.357391E+01  0.686389E-01  0.205275E+00
  0.357665E+01  0.286139E+00  0.208562E+00
  0.357939E+01  0.247556E+00  0.206896E+00
  0.358213E+01  0.326972E+00  0.204586E+00
  0.358487E+01  0.264583E+00  0.203459E+00
  0.358761E+01  0.263889E-02  0.207368E+00
  0.359035E+01  0.253972E+00  0.208710E+00
  0.359309E+01  0.542222E+00  0.202945E+00
  0.359583E+01 -0.136389E-01  0.208249E+00
  0.359857E+01  0.812222E-01  0.206764E+00
  0.360131E+01  0.276556E+00  0.208166E+00
  0.360405E+01  0.122028E+00  0.209564E+00
  0.360679E+01  0.413361E+00  0.207482E+00
  0.360954E+01  0.113028E+00  0.207148E+00
  0.361228E+01  0.747222E-02  0.207962E+00
  0.361502E+01 -0.428333E-01  0.204869E+00
  0.361776E+01  0.143917E+00  0.205669E+00
  0.362050E+01  0.102167E+00  0.206485E+00
  0.362324E+01  0.357194E+00  0.209961E+00
  0.362598E+01  0.152361E+00  0.209402E+00
  0.362872E+01 -0.182222E+00  0.202720E+00
  0.363146E+01  0.491806E+00  0.206602E+00
  0.363420E+01  0.307444E+00  0.206480E+00
  0.363694E+01 -0.128556E+00  0.205121E+00
  0.363968E+01  0.462778E-01  0.203714E+00
  0.364242E+01  0.504833E+00  0.209347E+00
  0.364516E+01  0.427778E-02  0.206049E+00
  0.364790E+01  0.346778E+00  0.208364E+00
  0.365064E+01 -0.388889E-01  0.207792E+00
  0.365338E+01  0.142083E+00  0.205119E+00
  0.365612E+01  0.100278E+00  0.206395E+00
  0.365886E+01  0.691667E-02  0.209411E+00
  0.366160E+01  0.115750E+00  0.205034E+00
  0.366434E+01  0.342444E+00  0.206204E+00
  0.366708E+01  0.313000E+00  0.206523E+00
  0.366982E+01  0.136222E+00  0.208336E+00
  0.367256E+01  0.213111E+00  0.204959E+00
  0.367530E+01  0.261111E-02  0.203206E+00
  0.367804E+01  0.141694E+00  0.205627E+00
  0.368078E+01  0.122333E+00  0.204935E+00
  0.368352E+01  0.461778E+00  0.206185E+00
  0.368626E+01  0.371444E+00  0.204194E+00
  0.368900E+01  0.185056E+00  0.206673E+00
  0.369174E+01  0.244972E+00  0.206480E+00
  0.369448E+01  0.208250E+00  0.205267E+00
  0.369723E+01  0.124389E+00  0.209099E+00
  0.369997E+01  0.413889E-01  0.206847E+00
  0.370271E+01  0.601000E+00  0.207211E+00
  0.370545E+01  0.123917E+00  0.204626E+00
  0.370819E+01 -0.161944E-01  0.204868E+00
  0.371093E+01  0.336472E+00  0.207546E+00
  0.371367E+01 -0.420833E-01  0.203993E+00
  0.371641E+01 -0.287472E+00  0.204565E+00
  0.371915E+01  0.159167E-01  0.205366E+00
  0.372189E+01  0.249944E+00  0.206996E+00
  0.372463E+01  0.134139E+00  0.206303E+00
  0.372737E+01  0.179500E+00  0.208438E+00
  0.373011E+01  0.677222E-01  0.210346E+00
  0.373285E+01  0.180306E+00  0.205053E+00
  0.373559E+01  0.159944E+00  0.206338E+00
  0.373833E+01  0.177222E-01  0.207521E+00
  0.374107E+01  0.309722E+00  0.206439E+00
  0.374381E+01  0.252889E+00  0.207898E+00
  0.374655E+01  0.191444E+00  0.207055E+00
  0.374929E+01  0.627778E-02  0.207540E+00
  0.375203E+01 -0.789722E-01  0.205859E+00
  0.375477E+01  0.205861E+00  0.204408E+00
  0.375751E+01  0.279472E+00  0.209388E+00
  0.376025E+01  0.284000E+00  0.205673E+00
  0.376299E+01  0.230139E+00  0.205815E+00
  0.376573E+01  0.251000E+00  0.208300E+00
  0.376847E+01  0.294389E+00  0.205531E+00
  0.377121E+01  0.335444E+00  0.210305E+00
  0.377395E+01  0.381528E+00  0.204850E+00
  0.377669E+01  0.240361E+00  0.205859E+00
  0.377943E+01  0.286444E+00  0.204698E+00
  0.378217E+01  0.289556E+00  0.206461E+00
  0.378491E+01  0.165528E+00  0.205562E+00
  0.378766E+01  0.448944E+00  0.210281E+00
  0.379040E+01  0.276750E+00  0.206605E+00
  0.379314E+01  0.238556E+00  0.205513E+00
  0.379588E+01 -0.421667E-01  0.209458E+00
  0.379862E+01  0.204222E+00  0.203041E+00
  0.380136E+01  0.423028E+00  0.205751E+00
  0.380410E+01 -0.812500E-01  0.203172E+00
  0.380684E+01  0.485111E+00  0.206016E+00
  0.380958E+01 -0.163778E+00  0.207698E+00
  0.381232E+01  0.209278E+00  0.208416E+00
  0.381506E+01  0.268056E-01  0.206329E+00
  0.381780E+01  0.201222E+00  0.207870E+00
  0.382054E+01  0.181083E+00  0.206006E+00
  0.382328E+01  0.605833E-01  0.204304E+00
  0.382602E+01  0.445972E+00  0.209187E+00
  0.382876E+01  0.422444E+00  0.208097E+00
  0.383150E+01  0.108722E+00  0.207587E+00
  0.383424E+01  0.412194E+00  0.209713E+00
  0.383698E+01  0.470556E-01  0.205528E+00
  0.383972E+01  0.150528E+00  0.207233E+00
  0.384246E+01  0.630278E-01  0.202025E+00
  0.384520E+01  0.270333E+00  0.204315E+00
  0.384794E+01  0.346167E+00  0.206473E+00
  0.385068E+01  0.401111E-01  0.204201E+00
  0.385342E+01 -0.945833E-01  0.204761E+00
  0.385616E+01 -0.134472E+00  0.201608E+00
  0.385890E+01  0.204028E+00  0.205785E+00
  0.386164E+01 -0.144500E+00  0.203370E+00
  0.386438E+01  0.339083E+00  0.206920E+00
  0.386712E+01  0.576639E+00  0.203640E+00
  0.386986E+01 -0.271389E-01  0.202814E+00
  0.387260E+01  0.142972E+00  0.202402E+00
  0.387535E+01  0.143944E+00  0.204776E+00
  0.387809E+01 -0.137583E+00  0.205110E+00
  0.388083E+01  0.418889E+00  0.204385E+00
  0.388357E+01  0.386306E+00  0.209809E+00
  0.388631E+01  0.225083E+00  0.202235E+00
  0.388905E+01  0.389472E+00  0.205457E+00
  0.389179E+01  0.371667E+00  0.205857E+00
  0.389453E+01  0.154472E+00  0.207909E+00
  0.389727E+01  0.218194E+00  0.206782E+00
  0.390001E+01  0.179222E+00  0.205523E+00
  0.390275E+01  0.163139E+00  0.208277E+00
  0.390549E+01  0.837222E-01  0.203382E+00
  0.390823E+01  0.520111E+00  0.205473E+00
  0.391097E+01  0.680833E-01  0.203580E+00
  0.391371E+01  0.226278E+00  0.202165E+00
  0.391645E+01 -0.236000E+00  0.205625E+00
  0.391919E+01 -0.428056E-01  0.206780E+00
  0.392193E+01 -0.494444E-01  0.205766E+00
  0.392467E+01  0.761111E-02  0.202236E+00
  0.392741E+01 -0.341111E-01  0.204395E+00
  0.393015E+01  0.271278E+00  0.205851E+00
  0.393289E+01  0.231361E+00  0.203782E+00
  0.393563E+01  0.284278E+00  0.208437E+00
  0.393837E+01  0.196611E+00  0.203543E+00
  0.394111E+01  0.330194E+00  0.202131E+00
  0.394385E+01  0.484333E+00  0.238658E+00
  0.394659E+01  0.355028E+00  0.255775E+00
  0.394933E+01  0.370806E+00  0.264183E+00
  0.395207E+01  0.192611E+00  0.286969E+00
  0.395481E+01  0.238806E+00  0.294943E+00
  0.395755E+01  0.330000E-01  0.312818E+00
  0.396029E+01  0.570639E+00  0.318472E+00
  0.396304E+01  0.424611E+00  0.336677E+00
  0.396578E+01  0.210361E+00  0.334896E+00
  0.396852E+01  0.326917E+00  0.352169E+00
  0.397126E+01  0.389750E+00  0.271407E+00
  0.397400E+01  0.285889E+00  0.246591E+00
  0.397674E+01  0.513889E-01  0.242087E+00
  0.397948E+01  0.172222E-01  0.235827E+00
  0.398222E+01  0.230611E+00  0.235691E+00
  0.398496E+01  0.342000E+00  0.229973E+00
  0.398770E+01  0.362167E+00  0.232440E+00
  0.399044E+01  0.120389E+00  0.231015E+00
  0.399318E+01  0.418333E+00  0.230109E+00
  0.399592E+01 -0.216667E-01  0.224932E+00
  0.399866E+01  0.120000E-01  0.225401E+00
  0.400140E+01  0.104694E+00  0.228605E+00
  0.400414E+01  0.418778E+00  0.220438E+00
  0.400688E+01  0.804722E-01  0.220670E+00
  0.400962E+01 -0.755000E-01  0.222533E+00
  0.401236E+01  0.209111E+00  0.224131E+00
  0.401510E+01 -0.686944E-01  0.220757E+00
  0.401784E+01  0.287611E+00  0.221787E+00
  0.402058E+01  0.167778E-01  0.219568E+00
  0.402332E+01  0.532556E+00  0.223885E+00
  0.402606E+01  0.149028E+00  0.220734E+00
  0.402880E+01  0.302139E+00  0.214752E+00
  0.403154E+01  0.398611E+00  0.214567E+00
  0.403428E+01  0.578833E+00  0.214111E+00
  0.403702E+01  0.742778E-01  0.212196E+00
  0.403976E+01  0.362139E+00  0.212016E+00
  0.404250E+01  0.171472E+00  0.208204E+00
  0.404524E+01  0.388056E-01  0.205553E+00
  0.404798E+01  0.318639E+00  0.208319E+00
  0.405072E+01  0.275722E+00  0.204935E+00
  0.405347E+01  0.124250E+00  0.204405E+00
  0.405621E+01  0.179000E+00  0.206226E+00
  0.405895E+01  0.264444E+00  0.205461E+00
  0.406169E+01  0.249028E+00  0.204139E+00
  0.406443E+01 -0.201556E+00  0.206604E+00
  0.406717E+01  0.159000E+00  0.204381E+00
  0.406991E+01  0.147194E+00  0.208072E+00
  0.407265E+01  0.394417E+00  0.205143E+00
  0.407539E+01  0.711111E-01  0.206863E+00
  0.407813E+01  0.204389E+00  0.205315E+00
  0.408087E+01  0.483333E-02  0.206029E+00
  0.408361E+01 -0.161167E+00  0.202495E+00
  0.408635E+01 -0.104833E+00  0.204241E+00
  0.408909E+01  0.387583E+00  0.204564E+00
  0.409183E+01  0.320444E+00  0.205393E+00
  0.409457E+01  0.302444E+00  0.203475E+00
  0.409731E+01  0.162750E+00  0.204279E+00
  0.410005E+01 -0.106667E-01  0.204684E+00
  0.410279E+01  0.233889E+00  0.205362E+00
  0.410553E+01  0.561472E+00  0.207907E+00
  0.410827E+01  0.387778E-01  0.206936E+00
  0.411101E+01  0.136667E+00  0.205836E+00
  0.411375E+01  0.421306E+00  0.208128E+00
  0.411649E+01  0.277417E+00  0.206731E+00
  0.411923E+01  0.332028E+00  0.206256E+00
  0.412197E+01 -0.485833E-01  0.205606E+00
  0.412471E+01  0.571389E-01  0.204763E+00
  0.412745E+01  0.427083E+00  0.200956E+00
  0.413019E+01  0.266778E+00  0.204235E+00
  0.413293E+01  0.349722E+00  0.204187E+00
  0.413567E+01  0.182444E+00  0.202661E+00
  0.413841E+01  0.349444E+00  0.203998E+00
  0.414116E+01  0.418833E+00  0.206507E+00
  0.414390E+01  0.357667E+00  0.207845E+00
  0.414664E+01  0.222083E+00  0.206428E+00
  0.414938E+01  0.981389E-01  0.205876E+00
  0.415212E+01  0.760833E-01  0.205895E+00
  0.415486E+01  0.370694E+00  0.206448E+00
  0.415760E+01  0.290444E+00  0.202793E+00
  0.416034E+01  0.136778E+00  0.205658E+00
  0.416308E+01  0.936111E-02  0.204256E+00
  0.416582E+01  0.349500E+00  0.206562E+00
  0.416856E+01  0.335667E+00  0.205648E+00
  0.417130E+01 -0.651944E-01  0.205451E+00
  0.417404E+01  0.174472E+00  0.205350E+00
  0.417678E+01 -0.833333E-04  0.203671E+00
  0.417952E+01  0.248444E+00  0.206429E+00
  0.418226E+01  0.154250E+00  0.205203E+00
  0.418500E+01 -0.242500E-01  0.202411E+00
  0.418774E+01  0.200806E+00  0.202317E+00
  0.419048E+01  0.285611E+00  0.203105E+00
  0.419322E+01  0.411750E+00  0.210059E+00
  0.419596E+01  0.646889E+00  0.204989E+00
  0.419870E+01  0.446556E+00  0.204904E+00
  0.420144E+01  0.442472E+00  0.201843E+00
  0.420418E+01  0.636667E-01  0.203113E+00
  0.420692E+01  0.275500E+00  0.202183E+00
  0.420966E+01  0.734722E-01  0.204391E+00
  0.421240E+01  0.148139E+00  0.209799E+00
  0.421514E+01  0.188556E+00  0.200493E+00
  0.421788E+01  0.234889E+00  0.205448E+00
  0.422062E+01 -0.253889E-01  0.203395E+00
  0.422336E+01  0.130917E+00  0.202409E+00
  0.422610E+01 -0.527778E-02  0.203533E+00
  0.422884E+01  0.472917E+00  0.206159E+00
  0.423159E+01  0.178972E+00  0.203777E+00
  0.423433E+01  0.346750E+00  0.203138E+00
  0.423707E+01  0.299417E+00  0.203033E+00
  0.423981E+01  0.396000E+00  0.204529E+00
  0.424255E+01  0.471389E-01  0.206328E+00
  0.424529E+01  0.109472E+00  0.204376E+00
  0.424803E+01  0.273417E+00  0.204466E+00
  0.425077E+01 -0.241944E-01  0.204382E+00
  0.425351E+01  0.518611E-01  0.200559E+00
  0.425625E+01  0.122722E+00  0.205973E+00
  0.425899E+01  0.347333E+00  0.201256E+00
  0.426173E+01 -0.159917E+00  0.206159E+00
  0.426447E+01 -0.183611E+00  0.204231E+00
  0.426721E+01  0.458639E+00  0.194571E+00
  0.426995E+01  0.304056E+00  0.202916E+00
  0.427269E+01  0.568889E-01  0.204329E+00
  0.427543E+01  0.129917E+00  0.205544E+00
  0.427817E+01  0.159639E+00  0.200631E+00
  0.428091E+01  0.286806E+00  0.202400E+00
  0.428365E+01  0.355000E-01  0.206196E+00
  0.428639E+01  0.241722E+00  0.204293E+00
  0.428913E+01  0.123556E+00  0.205213E+00
  0.429187E+01  0.479639E+00  0.200340E+00
  0.429461E+01  0.277694E+00  0.205624E+00
  0.429735E+01  0.318611E+00  0.204647E+00
  0.430009E+01  0.179389E+00  0.204000E+00
  0.430283E+01  0.214306E+00  0.202624E+00
  0.430557E+01  0.353056E+00  0.202859E+00
  0.430831E+01  0.574222E+00  0.203457E+00
  0.431105E+01 -0.827222E-01  0.202493E+00
  0.431379E+01  0.235111E+00  0.206527E+00
  0.431653E+01  0.766944E-01  0.201668E+00
  0.431928E+01  0.955278E-01  0.202884E+00
  0.432202E+01  0.129472E+00  0.202093E+00
  0.432476E+01  0.106167E+00  0.203410E+00
  0.432750E+01  0.417333E+00  0.204829E+00
  0.433024E+01  0.410639E+00  0.203774E+00
  0.433298E+01  0.404917E+00  0.207571E+00
  0.433572E+01  0.568056E-01  0.205770E+00
  0.433846E+01 -0.340833E-01  0.203533E+00
  0.434120E+01  0.291667E-02  0.201554E+00
  0.434394E+01  0.157194E+00  0.202632E+00
  0.434668E+01 -0.201972E+00  0.205136E+00
  0.434942E+01  0.144694E+00  0.204471E+00
  0.435216E+01  0.445333E+00  0.202636E+00
  0.435490E+01  0.278611E+00  0.205376E+00
  0.435764E+01  0.682500E-01  0.203918E+00
  0.436038E+01  0.297139E+00  0.200149E+00
  0.436312E+01  0.225139E+00  0.197005E+00
  0.436586E+01  0.280722E+00  0.203053E+00
  0.436860E+01 -0.114278E+00  0.198668E+00
  0.437134E+01  0.462222E+00  0.202438E+00
  0.437408E+01  0.130306E+00  0.200940E+00
  0.437682E+01  0.212806E+00  0.203369E+00
  0.437956E+01  0.207222E+00  0.203203E+00
  0.438230E+01  0.138444E+00  0.201572E+00
  0.438504E+01  0.109528E+00  0.199868E+00
  0.438778E+01  0.157500E+00  0.198311E+00
  0.439052E+01  0.451167E+00  0.204454E+00
  0.439326E+01  0.145611E+00  0.200106E+00
  0.439600E+01  0.152444E+00  0.199011E+00
  0.439874E+01  0.305278E-01  0.196817E+00
  0.440148E+01 -0.214167E-01  0.202835E+00
  0.440422E+01 -0.168611E-01  0.200240E+00
  0.440697E+01 -0.959167E-01  0.201305E+00
  0.440971E+01  0.535528E+00  0.203326E+00
  0.441245E+01  0.407778E-01  0.205313E+00
  0.441519E+01  0.210083E+00  0.200880E+00
  0.441793E+01  0.159306E+00  0.201399E+00
  0.442067E+01  0.424639E+00  0.200835E+00
  0.442341E+01  0.283000E+00  0.200649E+00
  0.442615E+01  0.544861E+00  0.201410E+00
  0.442889E+01  0.424278E+00  0.200086E+00
  0.443163E+01  0.439833E+00  0.202560E+00
  0.443437E+01  0.130389E+00  0.201265E+00
  0.443711E+01  0.260972E+00  0.202088E+00
  0.443985E+01 -0.223611E-01  0.202449E+00
  0.444259E+01  0.243389E+00  0.203427E+00
  0.444533E+01 -0.608889E-01  0.200962E+00
  0.444807E+01  0.188694E+00  0.198632E+00
  0.445081E+01  0.166167E+00  0.201958E+00
  0.445355E+01  0.968611E-01  0.201454E+00
  0.445629E+01  0.243028E+00  0.202427E+00
  0.445903E+01  0.165806E+00  0.200748E+00
  0.446177E+01  0.213444E+00  0.198231E+00
  0.446451E+01  0.473806E+00  0.200178E+00
  0.446725E+01  0.238278E+00  0.198544E+00
  0.446999E+01  0.186528E+00  0.201437E+00
  0.447273E+01  0.975278E-01  0.199558E+00
  0.447547E+01  0.187667E+00  0.199899E+00
  0.447821E+01  0.125278E+00  0.199194E+00
  0.448095E+01  0.115222E+00  0.203212E+00
  0.448369E+01  0.360694E+00  0.198626E+00
  0.448643E+01  0.219306E+00  0.199453E+00
  0.448917E+01 -0.163500E+00  0.199359E+00
  0.449191E+01  0.533889E-01  0.202085E+00
  0.449465E+01  0.373250E+00  0.200077E+00
  0.449740E+01  0.107333E+00  0.201894E+00
  0.450014E+01  0.449944E+00  0.201088E+00
  0.450288E+01  0.159806E+00  0.196993E+00
  0.450562E+01  0.163472E+00  0.200580E+00
  0.450836E+01 -0.575556E-01  0.202247E+00
  0.451110E+01  0.527000E+00  0.199682E+00
  0.451384E+01  0.943333E-01  0.199162E+00
  0.451658E+01  0.344500E+00  0.203792E+00
  0.451932E+01  0.135833E-01  0.203500E+00
  0.452206E+01  0.525444E+00  0.200653E+00
  0.452480E+01 -0.165556E-01  0.200538E+00
  0.452754E+01  0.192389E+00  0.202021E+00
  0.453028E+01  0.262806E+00  0.198767E+00
  0.453302E+01  0.205417E+00  0.203645E+00
  0.453576E+01  0.180250E+00  0.202336E+00
  0.453850E+01  0.402056E+00  0.203753E+00
  0.454124E+01  0.259972E+00  0.200058E+00
  0.454398E+01  0.938889E-02  0.200352E+00
  0.454672E+01  0.143639E+00  0.200607E+00
  0.454946E+01  0.810000E-01  0.198491E+00
  0.455220E+01  0.102389E+00  0.202547E+00
  0.455494E+01 -0.477778E-02  0.196256E+00
  0.455768E+01  0.409167E+00  0.203700E+00
  0.456042E+01  0.931944E-01  0.197439E+00
  0.456316E+01  0.381361E+00  0.199969E+00
  0.456590E+01  0.368611E-01  0.198728E+00
  0.456864E+01  0.106083E+00  0.197932E+00
  0.457138E+01  0.139111E+00  0.206127E+00
  0.457412E+01  0.353806E+00  0.202503E+00
  0.457686E+01  0.127278E+00  0.201002E+00
  0.457960E+01  0.106889E+00  0.205340E+00
  0.458234E+01  0.263722E+00  0.202334E+00
  0.458509E+01  0.290028E+00  0.203785E+00
  0.458783E+01  0.387861E+00  0.204041E+00
  0.459057E+01  0.359056E+00  0.205730E+00
  0.459331E+01  0.696944E-01  0.205608E+00
  0.459605E+01  0.124000E+00  0.205550E+00
  0.459879E+01  0.381222E+00  0.206270E+00
  0.460153E+01  0.163167E+00  0.208739E+00
  0.460427E+01  0.202528E+00  0.206108E+00
  0.460701E+01  0.338806E+00  0.205098E+00
  0.460975E+01  0.124500E+00  0.206844E+00
  0.461249E+01  0.960000E-01  0.204825E+00
  0.461523E+01  0.197306E+00  0.202208E+00
  0.461797E+01  0.369111E+00  0.199759E+00
  0.462071E+01 -0.706111E-01  0.201401E+00
  0.462345E+01  0.299806E+00  0.201155E+00
  0.462619E+01  0.531000E+00  0.203035E+00
  0.462893E+01  0.383917E+00  0.201319E+00
  0.463167E+01  0.494306E+00  0.198382E+00
  0.463441E+01  0.228361E+00  0.200666E+00
  0.463715E+01  0.379028E+00  0.196514E+00
  0.463989E+01  0.486833E+00  0.199288E+00
  0.464263E+01  0.310278E-01  0.196257E+00
  0.464537E+01  0.268917E+00  0.198387E+00
  0.464811E+01  0.336917E+00  0.196464E+00
  0.465085E+01  0.166472E+00  0.197681E+00
  0.465359E+01  0.608056E+00  0.200026E+00
  0.465633E+01  0.227917E+00  0.197365E+00
  0.465907E+01  0.641667E-02  0.197522E+00
  0.466181E+01 -0.800000E-02  0.199568E+00
  0.466455E+01  0.653333E-01  0.198516E+00
  0.466729E+01  0.594583E+00  0.198658E+00
  0.467003E+01  0.181111E-01  0.199350E+00
  0.467278E+01  0.146833E+00  0.201123E+00
  0.467552E+01  0.630833E-01  0.202070E+00
  0.467826E+01  0.517778E-01  0.201866E+00
  0.468100E+01  0.486944E-01  0.198869E+00
  0.468374E+01  0.386861E+00  0.203054E+00
  0.468648E+01  0.141333E+00  0.199678E+00
  0.468922E+01  0.226444E+00  0.199801E+00
  0.469196E+01  0.211806E+00  0.200218E+00
  0.469470E+01  0.303306E+00  0.197429E+00
  0.469744E+01 -0.950000E-02  0.198054E+00
  0.470018E+01 -0.954722E-01  0.199927E+00
  0.470292E+01  0.380583E+00  0.201331E+00
  0.470566E+01  0.223083E+00  0.203680E+00
  0.470840E+01  0.412222E+00  0.202497E+00
  0.471114E+01  0.301167E+00  0.199609E+00
  0.471388E+01  0.463611E-01  0.198976E+00
  0.471662E+01  0.530972E+00  0.203735E+00
  0.471936E+01  0.181361E+00  0.198575E+00
  0.472210E+01  0.297611E+00  0.199187E+00
  0.472484E+01  0.156167E+00  0.202781E+00
  0.472758E+01  0.973333E-01  0.201210E+00
  0.473032E+01  0.486500E+00  0.198956E+00
  0.473306E+01  0.167833E+00  0.202196E+00
  0.473580E+01  0.311917E+00  0.198172E+00
  0.473854E+01  0.191750E+00  0.201355E+00
  0.474128E+01 -0.132083E+00  0.196446E+00
  0.474402E+01  0.209444E+00  0.199571E+00
  0.474676E+01  0.394333E+00  0.200504E+00
  0.474950E+01  0.162972E+00  0.201543E+00
  0.475224E+01  0.261667E+00  0.201228E+00
  0.475498E+01  0.261333E+00  0.199515E+00
  0.475772E+01 -0.708333E-01  0.199773E+00
  0.476046E+01  0.421417E+00  0.201844E+00
  0.476321E+01  0.199500E+00  0.203493E+00
  0.476595E+01  0.520278E+00  0.200420E+00
  0.476869E+01 -0.244889E+00  0.201996E+00
  0.477143E+01  0.317500E-01  0.202038E+00
  0.477417E+01  0.155472E+00  0.201919E+00
  0.477691E+01 -0.388333E-01  0.199087E+00
  0.477965E+01 -0.185278E-01  0.198228E+00
  0.478239E+01  0.806667E-01  0.194714E+00
  0.478513E+01  0.299056E+00  0.200876E+00
  0.478787E+01  0.391194E+00  0.198075E+00
  0.479061E+01  0.697722E+00  0.200622E+00
  0.479335E+01  0.304083E+00  0.199103E+00
  0.479609E+01  0.230417E+00  0.198193E+00
  0.479883E+01  0.111472E+00  0.200658E+00
  0.480157E+01 -0.999444E-01  0.197061E+00
  0.480431E+01  0.324389E+00  0.200056E+00
  0.480705E+01  0.112528E+00  0.198214E+00
  0.480979E+01  0.341972E+00  0.200345E+00
  0.481253E+01 -0.121667E-01  0.202147E+00
  0.481527E+01  0.467389E+00  0.200191E+00
  0.481801E+01  0.282694E+00  0.201820E+00
  0.482075E+01  0.455278E-01  0.198494E+00
  0.482349E+01  0.240056E+00  0.199129E+00
  0.482623E+01  0.177778E-01  0.201116E+00
  0.482897E+01  0.758333E-02  0.203334E+00
  0.483171E+01  0.378417E+00  0.201529E+00
  0.483445E+01  0.463639E+00  0.204660E+00
  0.483719E+01  0.435472E+00  0.200262E+00
  0.483993E+01  0.204139E+00  0.201311E+00
  0.484267E+01  0.320361E+00  0.199980E+00
  0.484541E+01  0.232333E+00  0.203279E+00
  0.484815E+01  0.220222E+00  0.200686E+00
  0.485090E+01  0.410389E+00  0.198597E+00
  0.485364E+01  0.176250E+00  0.199033E+00
  0.485638E+01  0.367639E+00  0.197704E+00
  0.485912E+01  0.270417E+00  0.200090E+00
  0.486186E+01  0.135944E+00  0.197566E+00
  0.486460E+01  0.882222E-01  0.200704E+00
  0.486734E+01 -0.176111E-01  0.201372E+00
  0.487008E+01  0.246500E+00  0.199176E+00
  0.487282E+01  0.221694E+00  0.200560E+00
  0.487556E+01  0.341194E+00  0.199721E+00
  0.487830E+01  0.166194E+00  0.200553E+00
  0.488104E+01  0.345028E+00  0.198511E+00
  0.488378E+01  0.207278E+00  0.199237E+00
  0.488652E+01  0.413889E-02  0.203130E+00
  0.488926E+01  0.528111E+00  0.197245E+00
  0.489200E+01  0.198972E+00  0.200709E+00
  0.489474E+01  0.272556E+00  0.201750E+00
  0.489748E+01  0.425194E+00  0.198553E+00
  0.490022E+01  0.710722E+00  0.199194E+00
  0.490296E+01  0.454417E+00  0.200508E+00
  0.490570E+01  0.391361E+00  0.202115E+00
  0.490844E+01  0.533250E+00  0.197745E+00
  0.491118E+01  0.409778E+00  0.201997E+00
  0.491392E+01  0.137472E+00  0.201305E+00
  0.491666E+01  0.404611E+00  0.200387E+00
  0.491940E+01  0.489028E+00  0.200434E+00
  0.492214E+01  0.462083E+00  0.201974E+00
  0.492488E+01  0.197611E+00  0.203226E+00
  0.492762E+01  0.153750E+00  0.200444E+00
  0.493036E+01  0.185028E+00  0.196672E+00
  0.493310E+01  0.315194E+00  0.202195E+00
  0.493584E+01  0.496111E-01  0.200683E+00
  0.493858E+01  0.408944E+00  0.200513E+00
  0.494133E+01  0.146667E-01  0.199611E+00
  0.494407E+01 -0.202194E+00  0.195451E+00
  0.494681E+01  0.138917E+00  0.199826E+00
  0.494955E+01  0.300806E+00  0.197853E+00
  0.495229E+01  0.238417E+00  0.201563E+00
  0.495503E+01  0.343111E+00  0.199503E+00
  0.495777E+01 -0.686111E-01  0.199850E+00
  0.496051E+01  0.112333E+00  0.199231E+00
  0.496325E+01  0.553333E-01  0.198131E+00
  0.496599E+01  0.161472E+00  0.203132E+00
  0.496873E+01  0.219750E+00  0.196212E+00
  0.497147E+01  0.324972E+00  0.199910E+00
  0.497421E+01  0.414028E+00  0.197900E+00
  0.497695E+01  0.184194E+00  0.202719E+00
  0.497969E+01  0.269472E+00  0.198645E+00
  0.498243E+01  0.341278E+00  0.202049E+00
  0.498517E+01  0.150833E-01  0.199977E+00
  0.498791E+01  0.150389E+00  0.197745E+00
  0.499065E+01  0.329306E+00  0.199169E+00
  0.499339E+01  0.547778E+00  0.202936E+00
  0.499613E+01  0.171639E+00  0.196299E+00
  0.499887E+01  0.350417E+00  0.199011E+00
  0.500161E+01  0.308944E+00  0.198403E+00
  0.500435E+01  0.316917E+00  0.196525E+00
  0.500709E+01 -0.575000E-02  0.196992E+00
  0.500983E+01  0.458889E+00  0.201163E+00
  0.501257E+01  0.147944E+00  0.198468E+00
  0.501531E+01  0.503111E+00  0.197561E+00
  0.501805E+01  0.304167E-01  0.196705E+00
  0.502079E+01  0.111222E+00  0.201194E+00
  0.502353E+01  0.450917E+00  0.201258E+00
  0.502627E+01  0.210278E-01  0.200761E+00
  0.502902E+01  0.309667E+00  0.196751E+00
  0.503176E+01  0.769167E-01  0.197139E+00
  0.503450E+01  0.516667E+00  0.198565E+00
  0.503724E+01  0.727500E-01  0.197127E+00
  0.503998E+01  0.388361E+00  0.201861E+00
  0.504272E+01  0.540556E-01  0.192626E+00
  0.504546E+01  0.132528E+00  0.198270E+00
  0.504820E+01 -0.303333E-01  0.199302E+00
  0.505094E+01  0.100778E+00  0.198269E+00
  0.505368E+01  0.301028E+00  0.201126E+00
  0.505642E+01  0.615861E+00  0.197866E+00
  0.505916E+01  0.412417E+00  0.201071E+00
  0.506190E+01  0.209833E+00  0.197356E+00
  0.506464E+01 -0.159250E+00  0.197744E+00
  0.506738E+01  0.402778E-02  0.198553E+00
  0.507012E+01  0.529417E+00  0.200005E+00
  0.507286E+01  0.221694E+00  0.199770E+00
  0.507560E+01  0.383389E+00  0.199727E+00
  0.507834E+01  0.202556E+00  0.201236E+00
  0.508108E+01  0.302056E+00  0.196559E+00
  0.508382E+01  0.301667E+00  0.200930E+00
  0.508656E+01 -0.521944E-01  0.198352E+00
  0.508930E+01  0.455611E+00  0.200463E+00
  0.509204E+01  0.184472E+00  0.199713E+00
  0.509478E+01  0.401222E+00  0.199531E+00
  0.509752E+01  0.273139E+00  0.197091E+00
  0.510026E+01  0.243056E+00  0.199619E+00
  0.510300E+01  0.185806E+00  0.201244E+00
  0.510574E+01  0.986389E-01  0.200641E+00
  0.510848E+01  0.432778E-01  0.197862E+00
  0.511122E+01  0.436167E+00  0.201599E+00
  0.511396E+01  0.689167E+00  0.203311E+00
  0.511671E+01  0.383833E+00  0.199433E+00
  0.511945E+01  0.356028E+00  0.198968E+00
  0.512219E+01  0.385611E+00  0.200546E+00
  0.512493E+01  0.258306E+00  0.200550E+00
  0.512767E+01  0.225528E+00  0.196850E+00
  0.513041E+01  0.623056E-01  0.199935E+00
  0.513315E+01  0.131944E+00  0.200654E+00
  0.513589E+01  0.152250E+00  0.199024E+00
  0.513863E+01  0.921944E-01  0.198864E+00
  0.514137E+01  0.258417E+00  0.200572E+00
  0.514411E+01  0.501972E+00  0.201395E+00
  0.514685E+01  0.552861E+00  0.201403E+00
  0.514959E+01  0.181194E+00  0.196923E+00
  0.515233E+01  0.244167E+00  0.198103E+00
  0.515507E+01  0.258972E+00  0.199644E+00
  0.515781E+01  0.223944E+00  0.199081E+00
  0.516055E+01  0.198000E+00  0.197323E+00
  0.516329E+01 -0.250833E-01  0.199157E+00
  0.516603E+01  0.286639E+00  0.198409E+00
  0.516877E+01  0.149806E+00  0.199522E+00
  0.517151E+01  0.333806E+00  0.196002E+00
  0.517425E+01  0.212139E+00  0.200228E+00
  0.517699E+01  0.154000E+00  0.199659E+00
  0.517973E+01  0.219528E+00  0.201323E+00
  0.518247E+01  0.207833E+00  0.200227E+00
  0.518521E+01  0.152278E+00  0.198882E+00
  0.518795E+01  0.277833E+00  0.199062E+00
  0.519069E+01  0.450306E+00  0.202129E+00
  0.519343E+01  0.381361E+00  0.199977E+00
  0.519617E+01 -0.216333E+00  0.198727E+00
  0.519891E+01  0.412250E+00  0.198775E+00
  0.520165E+01  0.228750E+00  0.200500E+00
  0.520439E+01  0.143917E+00  0.198609E+00
  0.520714E+01  0.533278E+00  0.199313E+00
  0.520988E+01  0.276361E+00  0.198744E+00
  0.521262E+01  0.329222E+00  0.194891E+00
  0.521536E+01 -0.215472E+00  0.199883E+00
  0.521810E+01  0.294306E+00  0.197764E+00
  0.522084E+01  0.172056E+00  0.201225E+00
  0.522358E+01  0.233194E+00  0.199159E+00
  0.522632E+01  0.763611E-01  0.200540E+00
  0.522906E+01  0.272889E+00  0.199418E+00
  0.523180E+01 -0.279444E-01  0.196241E+00
  0.523454E+01  0.353361E+00  0.198146E+00
  0.523728E+01  0.417972E+00  0.204712E+00
  0.524002E+01  0.123278E+00  0.199704E+00
  0.524276E+01  0.923889E-01  0.198785E+00
  0.524550E+01 -0.102444E+00  0.198967E+00
  0.524824E+01  0.891389E-01  0.198176E+00
  0.525098E+01  0.856944E-01  0.198131E+00
  0.525372E+01  0.214333E+00  0.197844E+00
  0.525646E+01  0.261028E+00  0.201261E+00
  0.525920E+01  0.116667E-02  0.198903E+00
  0.526194E+01 -0.104167E+00  0.199374E+00
  0.526468E+01  0.210278E+00  0.200358E+00
  0.526742E+01  0.195556E+00  0.200391E+00
  0.527016E+01  0.242250E+00  0.198097E+00
  0.527290E+01 -0.403611E-01  0.198554E+00
  0.527564E+01  0.556639E+00  0.201155E+00
  0.527838E+01  0.356194E+00  0.201046E+00
  0.528112E+01 -0.260278E-01  0.201853E+00
  0.528386E+01  0.150389E+00  0.199517E+00
  0.528660E+01 -0.848611E-01  0.201799E+00
  0.528934E+01  0.110167E+00  0.200059E+00
  0.529208E+01  0.150972E+00  0.200735E+00
  0.529483E+01  0.225417E+00  0.202498E+00
  0.529757E+01  0.270972E+00  0.237139E+00
  0.530031E+01  0.337722E+00  0.256959E+00
  0.530305E+01  0.300556E+00  0.278202E+00
  0.530579E+01  0.626667E-01  0.292635E+00
  0.530853E+01  0.309694E+00  0.309777E+00
  0.531127E+01  0.411361E+00  0.308706E+00
  0.531401E+01  0.158056E-01  0.330401E+00
  0.531675E+01  0.277000E+00  0.352179E+00
  0.531949E+01 -0.229028E+00  0.358966E+00
  0.532223E+01 -0.201444E+00  0.252751E+00
  0.532497E+01  0.481861E+00  0.243577E+00
  0.532771E+01  0.301750E+00  0.234645E+00
  0.533045E+01  0.460000E-01  0.225983E+00
  0.533319E+01  0.481361E+00  0.225815E+00
  0.533593E+01  0.493500E+00  0.223459E+00
  0.533867E+01  0.142889E+00  0.225154E+00
  0.534141E+01  0.550028E+00  0.223710E+00
  0.534415E+01  0.296583E+00  0.218719E+00
  0.534689E+01  0.286472E+00  0.224295E+00
  0.534963E+01  0.357111E+00  0.215570E+00
  0.535237E+01 -0.276667E-01  0.220217E+00
  0.535511E+01  0.274444E+00  0.220971E+00
  0.535785E+01  0.366694E+00  0.215938E+00
  0.536059E+01  0.211417E+00  0.216117E+00
  0.536333E+01  0.162389E+00  0.209439E+00
  0.536607E+01  0.990278E-01  0.204933E+00
  0.536881E+01  0.115611E+00  0.202901E+00
  0.537155E+01  0.324056E+00  0.200605E+00
  0.537429E+01  0.207000E+00  0.198966E+00
  0.537703E+01  0.440944E+00  0.199229E+00
  0.537977E+01  0.306444E+00  0.197302E+00
  0.538252E+01  0.472778E-01  0.198659E+00
  0.538526E+01  0.770278E-01  0.197833E+00
  0.538800E+01 -0.111639E+00  0.203017E+00
  0.539074E+01  0.251389E+00  0.196443E+00
  0.539348E+01  0.676611E+00  0.200685E+00
  0.539622E+01  0.609000E+00  0.200597E+00
  0.539896E+01  0.481000E+00  0.202231E+00
  0.540170E+01  0.274667E+00  0.198187E+00
  0.540444E+01  0.310667E+00  0.197162E+00
  0.540718E+01  0.285694E+00  0.198295E+00
  0.540992E+01  0.238056E+00  0.198514E+00
  0.541266E+01 -0.338056E-01  0.196657E+00
  0.541540E+01 -0.104000E+00  0.200302E+00
  0.541814E+01  0.381111E-01  0.199557E+00
  0.542088E+01 -0.141389E+00  0.194860E+00
  0.542362E+01  0.213417E+00  0.199356E+00
  0.542636E+01  0.220333E+00  0.198695E+00
  0.542910E+01  0.243694E+00  0.199364E+00
  0.543184E+01  0.700111E+00  0.197532E+00
  0.543458E+01  0.280833E-01  0.200165E+00
  0.543732E+01  0.201889E+00  0.198959E+00
  0.544006E+01 -0.605833E-01  0.195566E+00
  0.544280E+01  0.275639E+00  0.199652E+00
  0.544554E+01  0.154083E+00  0.195885E+00
  0.544828E+01  0.202667E+00  0.196597E+00
  0.545102E+01  0.469167E-01  0.197265E+00
  0.545376E+01  0.243472E+00  0.195984E+00
  0.545650E+01  0.193556E+00  0.197119E+00
  0.545924E+01  0.345556E-01  0.198233E+00
  0.546198E+01 -0.177500E-01  0.201959E+00
  0.546472E+01  0.370611E+00  0.200978E+00
  0.546746E+01 -0.156361E+00  0.193695E+00
  0.547020E+01  0.274250E+00  0.200437E+00
  0.547295E+01  0.396444E+00  0.195516E+00
  0.547569E+01  0.523556E+00  0.198527E+00
  0.547843E+01 -0.900000E-01  0.195823E+00
  0.548117E+01  0.355583E+00  0.196232E+00
  0.548391E+01  0.119222E+00  0.196659E+00
  0.548665E+01  0.353611E+00  0.196932E+00
  0.548939E+01  0.274083E+00  0.193798E+00
  0.549213E+01  0.416667E-03  0.196631E+00
  0.549487E+01 -0.981944E-01  0.198045E+00
  0.549761E+01  0.416500E+00  0.197453E+00
  0.550035E+01  0.228500E+00  0.197195E+00
  0.550309E+01  0.214222E+00  0.197692E+00
  0.550583E+01  0.546333E+00  0.200599E+00
  0.550857E+01 -0.845278E-01  0.198463E+00
  0.551131E+01 -0.146278E+00  0.197108E+00
  0.551405E+01 -0.153611E-01  0.197457E+00
  0.551679E+01  0.242722E+00  0.196330E+00
  0.551953E+01  0.366528E+00  0.197137E+00
  0.552227E+01  0.130250E+00  0.197468E+00
  0.552501E+01  0.510333E+00  0.200543E+00
  0.552775E+01  0.862056E+00  0.198192E+00
  0.553049E+01  0.344278E+00  0.196061E+00
  0.553323E+01  0.355528E+00  0.196828E+00
  0.553597E+01  0.255056E+00  0.200683E+00
  0.553871E+01  0.278806E+00  0.237630E+00
  0.554145E+01  0.943611E-01  0.261396E+00
  0.554419E+01  0.507167E+00  0.278991E+00
  0.554693E+01  0.525306E+00  0.221083E+00
  0.554967E+01  0.148056E-01  0.216177E+00
  0.555241E+01 -0.858333E-02  0.202997E+00
  0.555515E+01  0.634611E+00  0.205177E+00
  0.555789E+01  0.142833E+00  0.205025E+00
  0.556064E+01  0.411944E-01  0.205441E+00
  0.556338E+01  0.198944E+00  0.206259E+00
  0.556612E+01  0.484889E+00  0.201713E+00
  0.556886E+01  0.234611E+00  0.200286E+00
  0.557160E+01  0.880833E-01  0.202970E+00
  0.557434E+01  0.367056E+00  0.207400E+00
  0.557708E+01  0.272194E+00  0.201118E+00
  0.557982E+01  0.479694E+00  0.204728E+00
  0.558256E+01  0.174167E-01  0.201213E+00
  0.558530E+01  0.466000E+00  0.202752E+00
  0.558804E+01  0.254528E+00  0.200678E+00
  0.559078E+01  0.556944E+00  0.200215E+00
  0.559352E+01  0.425417E+00  0.204609E+00
  0.559626E+01  0.372833E+00  0.200684E+00
  0.559900E+01  0.237111E+00  0.197280E+00
  0.560174E+01  0.190944E+00  0.194201E+00
  0.560448E+01  0.399972E+00  0.198745E+00
  0.560722E+01  0.497694E+00  0.196603E+00
  0.560996E+01  0.340333E+00  0.197884E+00
  0.561270E+01 -0.122083E+00  0.197993E+00
  0.561544E+01  0.428194E+00  0.199751E+00
  0.561818E+01  0.267889E+00  0.198425E+00
  0.562092E+01  0.221389E-01  0.198040E+00
  0.562366E+01  0.352639E+00  0.198974E+00
  0.562640E+01  0.171500E+00  0.198486E+00
  0.562914E+01  0.188889E+00  0.199326E+00
  0.563188E+01  0.225528E+00  0.198320E+00
  0.563462E+01  0.231389E+00  0.198446E+00
  0.563736E+01 -0.194833E+00  0.193740E+00
  0.564010E+01 -0.660278E-01  0.191711E+00
  0.564284E+01  0.783611E-01  0.199877E+00
  0.564558E+01  0.518833E+00  0.199531E+00
  0.564833E+01  0.169944E+00  0.194850E+00
  0.565107E+01  0.309111E+00  0.197429E+00
  0.565381E+01  0.961667E-01  0.196556E+00
  0.565655E+01  0.204167E+00  0.195459E+00
  0.565929E+01  0.119583E+00  0.196776E+00
  0.566203E+01  0.118639E+00  0.194790E+00
  0.566477E+01  0.894444E-01  0.194924E+00
  0.566751E+01  0.414778E+00  0.198275E+00
  0.567025E+01  0.898611E-01  0.196629E+00
  0.567299E+01  0.121722E+00  0.196538E+00
  0.567573E+01  0.376389E-01  0.194908E+00
  0.567847E+01  0.215639E+00  0.194474E+00
  0.568121E+01  0.939444E-01  0.198010E+00
  0.568395E+01  0.182333E+00  0.197764E+00
  0.568669E+01  0.279028E+00  0.195550E+00
  0.568943E+01  0.786556E+00  0.194035E+00
  0.569217E+01  0.100528E+00  0.195498E+00
  0.569491E+01  0.521028E+00  0.199611E+00
  0.569765E+01  0.124500E+00  0.194489E+00
  0.570039E+01  0.186111E-01  0.197505E+00
  0.570313E+01  0.305806E+00  0.195783E+00
  0.570587E+01  0.403028E+00  0.195795E+00
  0.570861E+01  0.385583E+00  0.195956E+00
  0.571135E+01  0.147694E+00  0.199307E+00
  0.571409E+01  0.194361E+00  0.197321E+00
  0.571683E+01  0.415417E+00  0.196616E+00
  0.571957E+01  0.183139E+00  0.195059E+00
  0.572231E+01  0.101083E+00  0.195838E+00
  0.572505E+01  0.480833E-01  0.197359E+00
  0.572779E+01 -0.658333E-02  0.192958E+00
  0.573053E+01  0.279250E+00  0.200600E+00
  0.573327E+01  0.285056E+00  0.195256E+00
  0.573601E+01  0.366778E+00  0.196623E+00
  0.573876E+01  0.331944E-01  0.194526E+00
  0.574150E+01  0.632500E-01  0.197059E+00
  0.574424E+01  0.218472E+00  0.200440E+00
  0.574698E+01  0.954722E-01  0.195949E+00
  0.574972E+01  0.750611E+00  0.197637E+00
  0.575246E+01  0.365861E+00  0.192892E+00
  0.575520E+01  0.225361E+00  0.195678E+00
  0.575794E+01  0.157194E+00  0.194947E+00
  0.576068E+01  0.171611E+00  0.196121E+00
  0.576342E+01  0.827222E-01  0.197792E+00
  0.576616E+01  0.300167E+00  0.199362E+00
  0.576890E+01  0.516417E+00  0.195049E+00
  0.577164E+01  0.400778E+00  0.194928E+00
  0.577438E+01 -0.113361E+00  0.197752E+00
  0.577712E+01  0.101083E+00  0.194656E+00
  0.577986E+01  0.580306E+00  0.199932E+00
  0.578260E+01  0.403028E+00  0.196298E+00
  0.578534E+01  0.506972E+00  0.196074E+00
  0.578808E+01  0.119444E+00  0.196125E+00
  0.579082E+01  0.140444E+00  0.193931E+00
  0.579356E+01  0.279222E+00  0.196640E+00
  0.579630E+01  0.112139E+00  0.196925E+00
  0.579904E+01  0.120194E+00  0.197159E+00
  0.580178E+01 -0.129167E-01  0.196471E+00
  0.580452E+01  0.397806E+00  0.200179E+00
  0.580726E+01  0.116306E+00  0.197082E+00
  0.581000E+01  0.454222E+00  0.195342E+00
  0.581274E+01  0.288111E+00  0.197864E+00
  0.581548E+01  0.342917E+00  0.196576E+00
  0.581822E+01  0.380806E+00  0.197401E+00
  0.582096E+01  0.308806E+00  0.197177E+00
  0.582370E+01  0.469222E+00  0.199594E+00
  0.582645E+01  0.469278E+00  0.194819E+00
  0.582919E+01  0.332361E+00  0.196885E+00
  0.583193E+01  0.340250E+00  0.195528E+00
  0.583467E+01  0.184917E+00  0.195569E+00
  0.583741E+01  0.368583E+00  0.195171E+00
  0.584015E+01  0.666667E-03  0.193300E+00
  0.584289E+01  0.183583E+00  0.197628E+00
  0.584563E+01  0.127556E+00  0.195567E+00
  0.584837E+01  0.103000E+00  0.200347E+00
  0.585111E+01  0.270750E+00  0.198514E+00
  0.585385E+01 -0.502778E-02  0.198067E+00
  0.585659E+01  0.329472E+00  0.199013E+00
  0.585933E+01  0.246056E+00  0.197390E+00
  0.586207E+01  0.381583E+00  0.196849E+00
  0.586481E+01  0.137167E+00  0.199487E+00
  0.586755E+01  0.149694E+00  0.196883E+00
  0.587029E+01  0.332167E+00  0.194940E+00
  0.587303E+01  0.296222E+00  0.196257E+00
  0.587577E+01  0.565500E+00  0.196002E+00
  0.587851E+01  0.405194E+00  0.197303E+00
  0.588125E+01  0.445694E+00  0.197796E+00
  0.588399E+01  0.418583E+00  0.196934E+00
  0.588673E+01  0.166583E+00  0.194292E+00
  0.588947E+01  0.384722E-01  0.194680E+00
  0.589221E+01  0.461139E+00  0.195070E+00
  0.589495E+01 -0.134361E+00  0.195324E+00
  0.589769E+01  0.368778E+00  0.195924E+00
  0.590043E+01  0.308028E+00  0.196824E+00
  0.590317E+01  0.168167E+00  0.197361E+00
  0.590591E+01  0.373000E+00  0.197874E+00
  0.590865E+01  0.522444E+00  0.195495E+00
  0.591139E+01  0.212361E+00  0.194765E+00
  0.591413E+01  0.485139E+00  0.196167E+00
  0.591688E+01  0.571417E+00  0.198335E+00
  0.591962E+01  0.178972E+00  0.198810E+00
  0.592236E+01  0.756722E+00  0.198825E+00
  0.592510E+01  0.411528E+00  0.197379E+00
  0.592784E+01  0.169694E+00  0.198184E+00
  0.593058E+01 -0.446111E-01  0.200430E+00
  0.593332E+01  0.133778E+00  0.194616E+00
  0.593606E+01  0.544472E+00  0.194533E+00
  0.593880E+01  0.218722E+00  0.199422E+00
  0.594154E+01  0.282722E+00  0.198269E+00
  0.594428E+01  0.590722E+00  0.195001E+00
  0.594702E+01  0.481750E+00  0.194607E+00
  0.594976E+01  0.388056E+00  0.196276E+00
  0.595250E+01  0.470444E+00  0.193987E+00
  0.595524E+01  0.215472E+00  0.195808E+00
  0.595798E+01  0.430556E-02  0.196861E+00
  0.596072E+01  0.200833E+00  0.197751E+00
  0.596346E+01  0.445972E+00  0.199928E+00
  0.596620E+01  0.319694E+00  0.195844E+00
  0.596894E+01  0.266889E+00  0.197036E+00
  0.597168E+01  0.171028E+00  0.196512E+00
  0.597442E+01  0.669722E-01  0.194581E+00
  0.597716E+01  0.443778E+00  0.199453E+00
  0.597990E+01  0.161139E+00  0.197006E+00
  0.598264E+01  0.288667E+00  0.242926E+00
  0.598538E+01 -0.389444E-01  0.258433E+00
  0.598812E+01  0.924194E+00  0.276487E+00
  0.599086E+01  0.447556E+00  0.295250E+00
  0.599360E+01  0.837500E-01  0.310657E+00
  0.599634E+01  0.329778E+00  0.320471E+00
  0.599908E+01  0.474556E+00  0.359011E+00
  0.600182E+01  0.354556E+00  0.384879E+00
  0.600457E+01 -0.550278E-01  0.385760E+00
  0.600731E+01  0.166972E+00  0.397728E+00
  0.601005E+01  0.626333E+00  0.445063E+00
  0.601279E+01  0.988611E-01  0.448042E+00
  0.601553E+01  0.973056E+00  0.507123E+00
  0.601827E+01  0.942750E+00  0.517648E+00
  0.602101E+01 -0.314306E+00  0.586657E+00
  0.602375E+01  0.351167E+00  0.715387E+00
  0.602649E+01 -0.808111E+00  0.811198E+00
  0.602923E+01  0.436000E+00  0.102326E+01
  0.603197E+01  0.330472E+01  0.199652E+01
 ========================================
Description:                            XM                                      
Sample:              XM  c=  1.800 mg/ml Code:         XM                       
Averaged from raw files: ela_006_001.tiff ela_006_002.tiff ela_006_003.tiff ela_
Processed by: cbf-primus Thu Dec  8 12:05:29 2011                               
Channels from 1 to 2441                                                         
Angular axis file: /data/x33/Users2011/Moras.1211/aux/saxs-0/saxis_20110920.dat 
BeamCenter_X:  2425.000  BeamCenter_Y:   116.000                                
Mask file (beamstop): /data/x33/Users2011/Moras.1211/aux/saxs-0/mask_saxs_201109
Exposure time (sec):   15.000                                                   
Pin diode (mean):       0.943                                                   
Reference frame:    1                                                           
Chi-value threshold:    1.450                                                   
 ========================================
Description:                            Buffer XM                               
Sample:       Buffer XM  c=  0.000 mg/ml Code:   BufferXM                       
Averaged from raw files: ela_005_001.tiff ela_005_002.tiff ela_005_003.tiff ela_
Processed by: cbf-primus Thu Dec  8 12:02:01 2011                               
Channels from 1 to 2441                                                         
Angular axis file: /data/x33/Users2011/Moras.1211/aux/saxs-0/saxis_20110920.dat 
BeamCenter_X:  2425.000  BeamCenter_Y:   116.000                                
Mask file (beamstop): /data/x33/Users2011/Moras.1211/aux/saxs-0/mask_saxs_201109
Exposure time (sec):   15.000                                                   
Pin diode (mean):       0.947                                                   
Reference frame:    1                                                           
Chi-value threshold:    1.450                                                   
 ========================================
Description:                            Buffer XM                               
Sample:       Buffer XM  c=  0.000 mg/ml Code:   BufferXM                       
Averaged from raw files: ela_007_001.tiff ela_007_002.tiff ela_007_003.tiff ela_
Processed by: cbf-primus Thu Dec  8 12:08:58 2011                               
Channels from 1 to 2441                                                         
Angular axis file: /data/x33/Users2011/Moras.1211/aux/saxs-0/saxis_20110920.dat 
BeamCenter_X:  2425.000  BeamCenter_Y:   116.000                                
Mask file (beamstop): /data/x33/Users2011/Moras.1211/aux/saxs-0/mask_saxs_201109
Exposure time (sec):   15.000                                                   
Pin diode (mean):       0.943                                                   
Reference frame:    1                                                           
Chi-value threshold:    1.450                                                   
 ========================================
