 22-Oct-2005       (fran2_059.dat - 1.000 *fran2_060.dat) /  2.5000
fran2_059.da  Conc = .25E+01  Mult = .10E+01  N1 =    1  N2 = 2127  SCALE =  1
 an2_060.dat  Conc = .10E+01  Mult = .10E+01  N1 =    1  N2 = 2127  SCALE =  1
  0.151706E+00  0.193180E+07  0.302481E+05
  0.153956E+00  0.191944E+07  0.296838E+05
  0.156206E+00  0.193444E+07  0.278308E+05
  0.158455E+00  0.192572E+07  0.275185E+05
  0.160705E+00  0.197148E+07  0.262709E+05
  0.162955E+00  0.194496E+07  0.260108E+05
  0.165205E+00  0.192772E+07  0.249764E+05
  0.167454E+00  0.186984E+07  0.237243E+05
  0.169704E+00  0.193576E+07  0.239681E+05
  0.171954E+00  0.198432E+07  0.227886E+05
  0.174203E+00  0.194088E+07  0.223785E+05
  0.176453E+00  0.194572E+07  0.215757E+05
  0.178703E+00  0.195116E+07  0.208660E+05
  0.180952E+00  0.189440E+07  0.209641E+05
  0.183202E+00  0.190372E+07  0.198495E+05
  0.185452E+00  0.193492E+07  0.197112E+05
  0.187701E+00  0.192792E+07  0.189700E+05
  0.189951E+00  0.188764E+07  0.186322E+05
  0.192201E+00  0.187020E+07  0.185498E+05
  0.194451E+00  0.188108E+07  0.175218E+05
  0.196700E+00  0.186016E+07  0.175482E+05
  0.198950E+00  0.186928E+07  0.170682E+05
  0.201200E+00  0.185032E+07  0.168862E+05
  0.203449E+00  0.187336E+07  0.163990E+05
  0.205699E+00  0.186852E+07  0.157117E+05
  0.207949E+00  0.184520E+07  0.159248E+05
  0.210198E+00  0.180816E+07  0.154163E+05
  0.212448E+00  0.178804E+07  0.151784E+05
  0.214698E+00  0.180244E+07  0.147167E+05
  0.216948E+00  0.177612E+07  0.144800E+05
  0.219197E+00  0.177692E+07  0.144718E+05
  0.221447E+00  0.177684E+07  0.139567E+05
  0.223697E+00  0.177560E+07  0.138657E+05
  0.225946E+00  0.175668E+07  0.134369E+05
  0.228196E+00  0.173508E+07  0.134763E+05
  0.230446E+00  0.176576E+07  0.132907E+05
  0.232695E+00  0.176212E+07  0.127787E+05
  0.234945E+00  0.171976E+07  0.128087E+05
  0.237195E+00  0.169928E+07  0.124169E+05
  0.239445E+00  0.168036E+07  0.124994E+05
  0.241694E+00  0.167495E+07  0.121282E+05
  0.243944E+00  0.167260E+07  0.118425E+05
  0.246194E+00  0.167558E+07  0.119656E+05
  0.248443E+00  0.167533E+07  0.115071E+05
  0.250693E+00  0.164786E+07  0.115805E+05
  0.252943E+00  0.163664E+07  0.111833E+05
  0.255192E+00  0.161618E+07  0.111625E+05
  0.257442E+00  0.162256E+07  0.111458E+05
  0.259692E+00  0.160214E+07  0.107425E+05
  0.261942E+00  0.161184E+07  0.107295E+05
  0.264191E+00  0.158192E+07  0.104970E+05
  0.266441E+00  0.157107E+07  0.105345E+05
  0.268691E+00  0.157331E+07  0.104211E+05
  0.270940E+00  0.155622E+07  0.100862E+05
  0.273190E+00  0.155196E+07  0.100914E+05
  0.275440E+00  0.155251E+07  0.993508E+04
  0.277689E+00  0.153281E+07  0.101432E+05
  0.279939E+00  0.150101E+07  0.994961E+04
  0.282189E+00  0.150140E+07  0.984252E+04
  0.284439E+00  0.151865E+07  0.995458E+04
  0.286688E+00  0.149953E+07  0.975851E+04
  0.288938E+00  0.148628E+07  0.980287E+04
  0.291188E+00  0.150294E+07  0.959405E+04
  0.293437E+00  0.147311E+07  0.971966E+04
  0.295687E+00  0.146481E+07  0.965071E+04
  0.297937E+00  0.143442E+07  0.944645E+04
  0.300186E+00  0.144054E+07  0.952516E+04
  0.302436E+00  0.142748E+07  0.928875E+04
  0.304686E+00  0.141908E+07  0.940329E+04
  0.306935E+00  0.141166E+07  0.930645E+04
  0.309185E+00  0.138808E+07  0.916622E+04
  0.311435E+00  0.140418E+07  0.922026E+04
  0.313685E+00  0.138480E+07  0.902453E+04
  0.315934E+00  0.135503E+07  0.915627E+04
  0.318184E+00  0.134760E+07  0.893876E+04
  0.320434E+00  0.136802E+07  0.890655E+04
  0.322683E+00  0.134120E+07  0.899317E+04
  0.324933E+00  0.133400E+07  0.879767E+04
  0.327183E+00  0.134162E+07  0.884920E+04
  0.329432E+00  0.132882E+07  0.864639E+04
  0.331682E+00  0.131101E+07  0.870588E+04
  0.333932E+00  0.131726E+07  0.874866E+04
  0.336182E+00  0.129290E+07  0.854569E+04
  0.338431E+00  0.127914E+07  0.857073E+04
  0.340681E+00  0.125958E+07  0.838328E+04
  0.342931E+00  0.125692E+07  0.854154E+04
  0.345180E+00  0.124387E+07  0.834821E+04
  0.347430E+00  0.124271E+07  0.835676E+04
  0.349680E+00  0.123755E+07  0.835337E+04
  0.351929E+00  0.123616E+07  0.822347E+04
  0.354179E+00  0.120568E+07  0.832035E+04
  0.356429E+00  0.122379E+07  0.812381E+04
  0.358679E+00  0.121715E+07  0.812808E+04
  0.360928E+00  0.121084E+07  0.816181E+04
  0.363178E+00  0.119057E+07  0.805481E+04
  0.365428E+00  0.119713E+07  0.802408E+04
  0.367677E+00  0.118553E+07  0.786155E+04
  0.369927E+00  0.114882E+07  0.794233E+04
  0.372177E+00  0.115849E+07  0.791288E+04
  0.374426E+00  0.115225E+07  0.787219E+04
  0.376676E+00  0.112468E+07  0.779576E+04
  0.378926E+00  0.111775E+07  0.769142E+04
  0.381176E+00  0.111584E+07  0.778625E+04
  0.383425E+00  0.112572E+07  0.769812E+04
  0.385675E+00  0.111129E+07  0.765445E+04
  0.387925E+00  0.111000E+07  0.760317E+04
  0.390174E+00  0.109428E+07  0.755495E+04
  0.392424E+00  0.109020E+07  0.763227E+04
  0.394674E+00  0.107077E+07  0.745093E+04
  0.396923E+00  0.106789E+07  0.750205E+04
  0.399173E+00  0.105760E+07  0.749380E+04
  0.401423E+00  0.103865E+07  0.741396E+04
  0.403673E+00  0.104368E+07  0.740262E+04
  0.405922E+00  0.102796E+07  0.726782E+04
  0.408172E+00  0.102035E+07  0.733735E+04
  0.410422E+00  0.103783E+07  0.729467E+04
  0.412671E+00  0.102722E+07  0.728469E+04
  0.414921E+00  0.101868E+07  0.723862E+04
  0.417171E+00  0.100812E+07  0.714324E+04
  0.419420E+00  0.996556E+06  0.721554E+04
  0.421670E+00  0.974212E+06  0.714665E+04
  0.423920E+00  0.975832E+06  0.710626E+04
  0.426169E+00  0.971176E+06  0.707727E+04
  0.428419E+00  0.974880E+06  0.703738E+04
  0.430669E+00  0.970908E+06  0.704763E+04
  0.432919E+00  0.963728E+06  0.698577E+04
  0.435168E+00  0.951860E+06  0.693556E+04
  0.437418E+00  0.952352E+06  0.695913E+04
  0.439668E+00  0.942976E+06  0.693586E+04
  0.441917E+00  0.932600E+06  0.688458E+04
  0.444167E+00  0.937576E+06  0.677857E+04
  0.446417E+00  0.924592E+06  0.687365E+04
  0.448666E+00  0.929012E+06  0.683978E+04
  0.450916E+00  0.923732E+06  0.676941E+04
  0.453166E+00  0.914736E+06  0.677496E+04
  0.455416E+00  0.909652E+06  0.670667E+04
  0.457665E+00  0.897268E+06  0.680040E+04
  0.459915E+00  0.895500E+06  0.665985E+04
  0.462165E+00  0.878660E+06  0.666696E+04
  0.464414E+00  0.876360E+06  0.661947E+04
  0.466664E+00  0.870960E+06  0.661590E+04
  0.468914E+00  0.853748E+06  0.666115E+04
  0.471163E+00  0.842476E+06  0.652054E+04
  0.473413E+00  0.842660E+06  0.653814E+04
  0.475663E+00  0.840888E+06  0.651757E+04
  0.477913E+00  0.842804E+06  0.651662E+04
  0.480162E+00  0.841248E+06  0.652159E+04
  0.482412E+00  0.826064E+06  0.638244E+04
  0.484662E+00  0.815708E+06  0.645324E+04
  0.486911E+00  0.819960E+06  0.641750E+04
  0.489161E+00  0.817312E+06  0.639929E+04
  0.491411E+00  0.802404E+06  0.635247E+04
  0.493660E+00  0.806996E+06  0.631593E+04
  0.495910E+00  0.804988E+06  0.638712E+04
  0.498160E+00  0.795332E+06  0.625633E+04
  0.500410E+00  0.803952E+06  0.626090E+04
  0.502659E+00  0.788940E+06  0.626183E+04
  0.504909E+00  0.790080E+06  0.624740E+04
  0.507159E+00  0.787056E+06  0.627801E+04
  0.509408E+00  0.767124E+06  0.621449E+04
  0.511658E+00  0.759216E+06  0.616195E+04
  0.513908E+00  0.752288E+06  0.618779E+04
  0.516157E+00  0.755336E+06  0.619331E+04
  0.518407E+00  0.757424E+06  0.613437E+04
  0.520657E+00  0.748220E+06  0.608459E+04
  0.522907E+00  0.743676E+06  0.610372E+04
  0.525156E+00  0.732632E+06  0.607517E+04
  0.527406E+00  0.724416E+06  0.607041E+04
  0.529656E+00  0.721120E+06  0.602490E+04
  0.531905E+00  0.728012E+06  0.601559E+04
  0.534155E+00  0.722568E+06  0.604085E+04
  0.536405E+00  0.714468E+06  0.597324E+04
  0.538654E+00  0.706804E+06  0.596332E+04
  0.540904E+00  0.709580E+06  0.594528E+04
  0.543154E+00  0.686344E+06  0.598387E+04
  0.545404E+00  0.695640E+06  0.595003E+04
  0.547653E+00  0.689472E+06  0.586477E+04
  0.549903E+00  0.668804E+06  0.591457E+04
  0.552153E+00  0.682820E+06  0.584388E+04
  0.554402E+00  0.659656E+06  0.588510E+04
  0.556652E+00  0.657564E+06  0.584337E+04
  0.558902E+00  0.668880E+06  0.580518E+04
  0.561151E+00  0.663524E+06  0.584913E+04
  0.563401E+00  0.668496E+06  0.575984E+04
  0.565651E+00  0.642084E+06  0.579747E+04
  0.567900E+00  0.651776E+06  0.571768E+04
  0.570150E+00  0.644704E+06  0.574675E+04
  0.572400E+00  0.630584E+06  0.578463E+04
  0.574650E+00  0.622208E+06  0.569351E+04
  0.576899E+00  0.633272E+06  0.574107E+04
  0.579149E+00  0.617348E+06  0.562458E+04
  0.581399E+00  0.623224E+06  0.568252E+04
  0.583648E+00  0.621432E+06  0.569202E+04
  0.585898E+00  0.614984E+06  0.561224E+04
  0.588148E+00  0.601160E+06  0.564760E+04
  0.590397E+00  0.608568E+06  0.559062E+04
  0.592647E+00  0.603296E+06  0.560740E+04
  0.594897E+00  0.598900E+06  0.556145E+04
  0.597147E+00  0.597312E+06  0.555469E+04
  0.599396E+00  0.582780E+06  0.563230E+04
  0.601646E+00  0.597120E+06  0.551921E+04
  0.603896E+00  0.600460E+06  0.555606E+04
  0.606145E+00  0.577564E+06  0.545600E+04
  0.608395E+00  0.579932E+06  0.549857E+04
  0.610645E+00  0.581512E+06  0.553562E+04
  0.612894E+00  0.571928E+06  0.546405E+04
  0.615144E+00  0.565516E+06  0.548240E+04
  0.617394E+00  0.556452E+06  0.542920E+04
  0.619644E+00  0.552956E+06  0.546417E+04
  0.621893E+00  0.556804E+06  0.544441E+04
  0.624143E+00  0.544096E+06  0.537385E+04
  0.626393E+00  0.542960E+06  0.543095E+04
  0.628642E+00  0.543868E+06  0.536164E+04
  0.630892E+00  0.539736E+06  0.541148E+04
  0.633142E+00  0.533836E+06  0.535487E+04
  0.635391E+00  0.530592E+06  0.530685E+04
  0.637641E+00  0.534592E+06  0.537625E+04
  0.639891E+00  0.519608E+06  0.531114E+04
  0.642141E+00  0.516808E+06  0.532425E+04
  0.644390E+00  0.518372E+06  0.525760E+04
  0.646640E+00  0.520948E+06  0.527881E+04
  0.648890E+00  0.503664E+06  0.530692E+04
  0.651139E+00  0.512716E+06  0.522089E+04
  0.653389E+00  0.502236E+06  0.524350E+04
  0.655639E+00  0.499012E+06  0.523787E+04
  0.657888E+00  0.490296E+06  0.523678E+04
  0.660138E+00  0.492364E+06  0.523605E+04
  0.662388E+00  0.496656E+06  0.517607E+04
  0.664638E+00  0.487920E+06  0.518996E+04
  0.666887E+00  0.484220E+06  0.519163E+04
  0.669137E+00  0.466264E+06  0.520471E+04
  0.671387E+00  0.460296E+06  0.515979E+04
  0.673636E+00  0.466332E+06  0.514044E+04
  0.675886E+00  0.468948E+06  0.515220E+04
  0.678136E+00  0.459128E+06  0.512254E+04
  0.680385E+00  0.469136E+06  0.514010E+04
  0.682635E+00  0.467488E+06  0.509004E+04
  0.684885E+00  0.444520E+06  0.510375E+04
  0.687134E+00  0.455296E+06  0.510248E+04
  0.689384E+00  0.449992E+06  0.508482E+04
  0.691634E+00  0.442152E+06  0.505708E+04
  0.693884E+00  0.452340E+06  0.502847E+04
  0.696133E+00  0.440036E+06  0.509933E+04
  0.698383E+00  0.446236E+06  0.501231E+04
  0.700633E+00  0.441340E+06  0.501126E+04
  0.702882E+00  0.437200E+06  0.503594E+04
  0.705132E+00  0.422976E+06  0.500480E+04
  0.707382E+00  0.413056E+06  0.501514E+04
  0.709631E+00  0.408672E+06  0.495554E+04
  0.711881E+00  0.423652E+06  0.498916E+04
  0.714131E+00  0.419300E+06  0.498205E+04
  0.716381E+00  0.407884E+06  0.493662E+04
  0.718630E+00  0.408308E+06  0.498706E+04
  0.720880E+00  0.410804E+06  0.487896E+04
  0.723130E+00  0.412332E+06  0.494546E+04
  0.725379E+00  0.390308E+06  0.493658E+04
  0.727629E+00  0.394108E+06  0.487667E+04
  0.729879E+00  0.389336E+06  0.490973E+04
  0.732128E+00  0.388200E+06  0.486286E+04
  0.734378E+00  0.392180E+06  0.493015E+04
  0.736628E+00  0.389764E+06  0.485304E+04
  0.738878E+00  0.392600E+06  0.485568E+04
  0.741127E+00  0.392124E+06  0.486306E+04
  0.743377E+00  0.389144E+06  0.483967E+04
  0.745627E+00  0.376376E+06  0.486955E+04
  0.747876E+00  0.368556E+06  0.479649E+04
  0.750126E+00  0.360268E+06  0.480934E+04
  0.752376E+00  0.368688E+06  0.481370E+04
  0.754625E+00  0.367916E+06  0.480930E+04
  0.756875E+00  0.358344E+06  0.481216E+04
  0.759125E+00  0.357960E+06  0.473608E+04
  0.761375E+00  0.364324E+06  0.478644E+04
  0.763624E+00  0.363260E+06  0.476883E+04
  0.765874E+00  0.353192E+06  0.476853E+04
  0.768124E+00  0.350612E+06  0.475470E+04
  0.770373E+00  0.349420E+06  0.471445E+04
  0.772623E+00  0.349660E+06  0.474086E+04
  0.774873E+00  0.345272E+06  0.470134E+04
  0.777122E+00  0.352496E+06  0.472360E+04
  0.779372E+00  0.345308E+06  0.472248E+04
  0.781622E+00  0.336160E+06  0.469030E+04
  0.783872E+00  0.332440E+06  0.472167E+04
  0.786121E+00  0.332252E+06  0.464809E+04
  0.788371E+00  0.338364E+06  0.467649E+04
  0.790621E+00  0.333992E+06  0.467609E+04
  0.792870E+00  0.326560E+06  0.467353E+04
  0.795120E+00  0.326996E+06  0.465963E+04
  0.797370E+00  0.325300E+06  0.462199E+04
  0.799619E+00  0.319104E+06  0.465463E+04
  0.801869E+00  0.311780E+06  0.464111E+04
  0.804119E+00  0.309916E+06  0.461925E+04
  0.806368E+00  0.310180E+06  0.462441E+04
  0.808618E+00  0.316476E+06  0.459778E+04
  0.810868E+00  0.304440E+06  0.464263E+04
  0.813118E+00  0.301532E+06  0.457430E+04
  0.815367E+00  0.292716E+06  0.458815E+04
  0.817617E+00  0.297832E+06  0.458029E+04
  0.819867E+00  0.302404E+06  0.457657E+04
  0.822116E+00  0.300540E+06  0.459924E+04
  0.824366E+00  0.292736E+06  0.452389E+04
  0.826616E+00  0.303012E+06  0.457128E+04
  0.828865E+00  0.299804E+06  0.452844E+04
  0.831115E+00  0.290288E+06  0.455156E+04
  0.833365E+00  0.287192E+06  0.454466E+04
  0.835615E+00  0.291304E+06  0.450650E+04
  0.837864E+00  0.280376E+06  0.454230E+04
  0.840114E+00  0.276808E+06  0.449673E+04
  0.842364E+00  0.284728E+06  0.451676E+04
  0.844613E+00  0.276760E+06  0.447651E+04
  0.846863E+00  0.273864E+06  0.449012E+04
  0.849113E+00  0.272392E+06  0.453830E+04
  0.851362E+00  0.275740E+06  0.444531E+04
  0.853612E+00  0.275128E+06  0.448077E+04
  0.855862E+00  0.273096E+06  0.445271E+04
  0.858112E+00  0.259916E+06  0.445660E+04
  0.860361E+00  0.256992E+06  0.447206E+04
  0.862611E+00  0.266876E+06  0.441887E+04
  0.864861E+00  0.264140E+06  0.445928E+04
  0.867110E+00  0.255792E+06  0.442635E+04
  0.869360E+00  0.257108E+06  0.443592E+04
  0.871610E+00  0.251600E+06  0.444275E+04
  0.873859E+00  0.252536E+06  0.438382E+04
  0.876109E+00  0.264896E+06  0.443487E+04
  0.878359E+00  0.251124E+06  0.438592E+04
  0.880609E+00  0.248724E+06  0.437493E+04
  0.882858E+00  0.247660E+06  0.437244E+04
  0.885108E+00  0.247420E+06  0.435340E+04
  0.887358E+00  0.256332E+06  0.440902E+04
  0.889607E+00  0.246000E+06  0.434885E+04
  0.891857E+00  0.241376E+06  0.435180E+04
  0.894107E+00  0.247380E+06  0.435763E+04
  0.896356E+00  0.241096E+06  0.437506E+04
  0.898606E+00  0.237948E+06  0.435107E+04
  0.900856E+00  0.226880E+06  0.430540E+04
  0.903106E+00  0.230568E+06  0.434046E+04
  0.905355E+00  0.224940E+06  0.432382E+04
  0.907605E+00  0.224256E+06  0.434092E+04
  0.909855E+00  0.221492E+06  0.431449E+04
  0.912104E+00  0.224472E+06  0.428454E+04
  0.914354E+00  0.222180E+06  0.432256E+04
  0.916604E+00  0.221956E+06  0.429874E+04
  0.918853E+00  0.225528E+06  0.430911E+04
  0.921103E+00  0.225844E+06  0.425874E+04
  0.923353E+00  0.219872E+06  0.429230E+04
  0.925603E+00  0.222376E+06  0.427755E+04
  0.927852E+00  0.214928E+06  0.425089E+04
  0.930102E+00  0.220292E+06  0.428169E+04
  0.932352E+00  0.217584E+06  0.423114E+04
  0.934601E+00  0.209224E+06  0.427199E+04
  0.936851E+00  0.211988E+06  0.423563E+04
  0.939101E+00  0.211944E+06  0.421324E+04
  0.941350E+00  0.211108E+06  0.425244E+04
  0.943600E+00  0.207452E+06  0.420253E+04
  0.945850E+00  0.195112E+06  0.425303E+04
  0.948099E+00  0.188320E+06  0.421853E+04
  0.950349E+00  0.189500E+06  0.421193E+04
  0.952599E+00  0.191848E+06  0.421209E+04
  0.954849E+00  0.199432E+06  0.418746E+04
  0.957098E+00  0.200520E+06  0.421960E+04
  0.959348E+00  0.202172E+06  0.416021E+04
  0.961598E+00  0.194456E+06  0.420056E+04
  0.963847E+00  0.191224E+06  0.418809E+04
  0.966097E+00  0.194000E+06  0.414789E+04
  0.968347E+00  0.191848E+06  0.417975E+04
  0.970596E+00  0.187984E+06  0.414624E+04
  0.972846E+00  0.184736E+06  0.418047E+04
  0.975096E+00  0.187544E+06  0.415537E+04
  0.977346E+00  0.184172E+06  0.414289E+04
  0.979595E+00  0.190680E+06  0.415074E+04
  0.981845E+00  0.190020E+06  0.412313E+04
  0.984095E+00  0.178960E+06  0.414183E+04
  0.986344E+00  0.175716E+06  0.411505E+04
  0.988594E+00  0.175728E+06  0.412488E+04
  0.990844E+00  0.165096E+06  0.414186E+04
  0.993093E+00  0.177576E+06  0.410655E+04
  0.995343E+00  0.176856E+06  0.411513E+04
  0.997593E+00  0.170188E+06  0.406762E+04
  0.999843E+00  0.167540E+06  0.412615E+04
  0.100209E+01  0.177056E+06  0.411745E+04
  0.100434E+01  0.165368E+06  0.406963E+04
  0.100659E+01  0.167312E+06  0.408952E+04
  0.100884E+01  0.163628E+06  0.404279E+04
  0.101109E+01  0.154080E+06  0.410317E+04
  0.101334E+01  0.162264E+06  0.407035E+04
  0.101559E+01  0.174740E+06  0.406448E+04
  0.101784E+01  0.166688E+06  0.406802E+04
  0.102009E+01  0.159520E+06  0.405066E+04
  0.102234E+01  0.157512E+06  0.407990E+04
  0.102459E+01  0.160984E+06  0.402575E+04
  0.102684E+01  0.158728E+06  0.403827E+04
  0.102909E+01  0.151680E+06  0.406543E+04
  0.103134E+01  0.155024E+06  0.402601E+04
  0.103359E+01  0.154556E+06  0.404959E+04
  0.103584E+01  0.154380E+06  0.399275E+04
  0.103809E+01  0.147328E+06  0.403163E+04
  0.104034E+01  0.149192E+06  0.403723E+04
  0.104259E+01  0.146224E+06  0.401250E+04
  0.104484E+01  0.148272E+06  0.400887E+04
  0.104709E+01  0.151096E+06  0.399175E+04
  0.104934E+01  0.149364E+06  0.403538E+04
  0.105159E+01  0.144796E+06  0.398250E+04
  0.105384E+01  0.137892E+06  0.398702E+04
  0.105608E+01  0.142080E+06  0.399508E+04
  0.105833E+01  0.143664E+06  0.397747E+04
  0.106058E+01  0.135504E+06  0.400281E+04
  0.106283E+01  0.140832E+06  0.394460E+04
  0.106508E+01  0.137396E+06  0.397701E+04
  0.106733E+01  0.137752E+06  0.397062E+04
  0.106958E+01  0.137940E+06  0.396255E+04
  0.107183E+01  0.136472E+06  0.397611E+04
  0.107408E+01  0.129820E+06  0.393030E+04
  0.107633E+01  0.138828E+06  0.395979E+04
  0.107858E+01  0.131892E+06  0.394523E+04
  0.108083E+01  0.130532E+06  0.392661E+04
  0.108308E+01  0.133980E+06  0.394317E+04
  0.108533E+01  0.132112E+06  0.392994E+04
  0.108758E+01  0.130764E+06  0.396049E+04
  0.108983E+01  0.128576E+06  0.390526E+04
  0.109208E+01  0.121740E+06  0.391901E+04
  0.109433E+01  0.129848E+06  0.392346E+04
  0.109658E+01  0.124968E+06  0.390927E+04
  0.109883E+01  0.119868E+06  0.394210E+04
  0.110108E+01  0.125016E+06  0.387893E+04
  0.110333E+01  0.130764E+06  0.390432E+04
  0.110558E+01  0.124556E+06  0.390193E+04
  0.110783E+01  0.121480E+06  0.390472E+04
  0.111008E+01  0.114152E+06  0.389169E+04
  0.111233E+01  0.115852E+06  0.386756E+04
  0.111458E+01  0.114732E+06  0.388806E+04
  0.111683E+01  0.120348E+06  0.387094E+04
  0.111908E+01  0.117224E+06  0.387404E+04
  0.112133E+01  0.109960E+06  0.387839E+04
  0.112358E+01  0.112592E+06  0.385336E+04
  0.112583E+01  0.105904E+06  0.387956E+04
  0.112808E+01  0.101076E+06  0.384688E+04
  0.113033E+01  0.976240E+05  0.385591E+04
  0.113257E+01  0.108892E+06  0.385888E+04
  0.113482E+01  0.108100E+06  0.384622E+04
  0.113707E+01  0.107804E+06  0.384980E+04
  0.113932E+01  0.108988E+06  0.381274E+04
  0.114157E+01  0.994560E+05  0.385832E+04
  0.114382E+01  0.106260E+06  0.383066E+04
  0.114607E+01  0.989720E+05  0.384811E+04
  0.114832E+01  0.106724E+06  0.382025E+04
  0.115057E+01  0.106672E+06  0.380386E+04
  0.115282E+01  0.105644E+06  0.384573E+04
  0.115507E+01  0.989120E+05  0.380347E+04
  0.115732E+01  0.953440E+05  0.382426E+04
  0.115957E+01  0.979600E+05  0.380750E+04
  0.116182E+01  0.109476E+06  0.379603E+04
  0.116407E+01  0.106420E+06  0.383265E+04
  0.116632E+01  0.102976E+06  0.376971E+04
  0.116857E+01  0.987240E+05  0.380244E+04
  0.117082E+01  0.941600E+05  0.379992E+04
  0.117307E+01  0.944920E+05  0.380447E+04
  0.117532E+01  0.975760E+05  0.379502E+04
  0.117757E+01  0.100272E+06  0.374554E+04
  0.117982E+01  0.962560E+05  0.380649E+04
  0.118207E+01  0.103404E+06  0.377532E+04
  0.118432E+01  0.953960E+05  0.378301E+04
  0.118657E+01  0.914680E+05  0.376641E+04
  0.118882E+01  0.910360E+05  0.373822E+04
  0.119107E+01  0.925720E+05  0.377392E+04
  0.119332E+01  0.858400E+05  0.375496E+04
  0.119557E+01  0.843480E+05  0.376929E+04
  0.119782E+01  0.863280E+05  0.374460E+04
  0.120007E+01  0.824400E+05  0.374247E+04
  0.120232E+01  0.776400E+05  0.376897E+04
  0.120457E+01  0.844640E+05  0.371596E+04
  0.120681E+01  0.882000E+05  0.373669E+04
  0.120906E+01  0.907000E+05  0.372892E+04
  0.121131E+01  0.901280E+05  0.374951E+04
  0.121356E+01  0.810320E+05  0.374229E+04
  0.121581E+01  0.802840E+05  0.370941E+04
  0.121806E+01  0.880920E+05  0.373626E+04
  0.122031E+01  0.841280E+05  0.371622E+04
  0.122256E+01  0.796840E+05  0.372211E+04
  0.122481E+01  0.911400E+05  0.372428E+04
  0.122706E+01  0.862920E+05  0.370273E+04
  0.122931E+01  0.813360E+05  0.372953E+04
  0.123156E+01  0.798600E+05  0.369564E+04
  0.123381E+01  0.790040E+05  0.370572E+04
  0.123606E+01  0.800320E+05  0.369658E+04
  0.123831E+01  0.755320E+05  0.370681E+04
  0.124056E+01  0.705880E+05  0.371544E+04
  0.124281E+01  0.725800E+05  0.366519E+04
  0.124506E+01  0.763280E+05  0.367301E+04
  0.124731E+01  0.775960E+05  0.366955E+04
  0.124956E+01  0.798800E+05  0.369258E+04
  0.125181E+01  0.797280E+05  0.369437E+04
  0.125406E+01  0.831440E+05  0.365043E+04
  0.125631E+01  0.714280E+05  0.369176E+04
  0.125856E+01  0.721240E+05  0.365653E+04
  0.126081E+01  0.662640E+05  0.365785E+04
  0.126306E+01  0.721160E+05  0.365577E+04
  0.126531E+01  0.686600E+05  0.365714E+04
  0.126756E+01  0.724160E+05  0.368067E+04
  0.126981E+01  0.715520E+05  0.364354E+04
  0.127206E+01  0.688480E+05  0.366250E+04
  0.127431E+01  0.678320E+05  0.361749E+04
  0.127656E+01  0.689560E+05  0.366590E+04
  0.127881E+01  0.738960E+05  0.366116E+04
  0.128105E+01  0.654480E+05  0.362010E+04
  0.128330E+01  0.588480E+05  0.364673E+04
  0.128555E+01  0.653000E+05  0.361260E+04
  0.128780E+01  0.689800E+05  0.366385E+04
  0.129005E+01  0.627800E+05  0.362891E+04
  0.129230E+01  0.687880E+05  0.361637E+04
  0.129455E+01  0.579000E+05  0.364281E+04
  0.129680E+01  0.684600E+05  0.361552E+04
  0.129905E+01  0.626840E+05  0.362584E+04
  0.130130E+01  0.596960E+05  0.360301E+04
  0.130355E+01  0.602320E+05  0.361101E+04
  0.130580E+01  0.594080E+05  0.363203E+04
  0.130805E+01  0.625480E+05  0.359754E+04
  0.131030E+01  0.635040E+05  0.361528E+04
  0.131255E+01  0.595920E+05  0.358417E+04
  0.131480E+01  0.642760E+05  0.360280E+04
  0.131705E+01  0.592040E+05  0.360754E+04
  0.131930E+01  0.637400E+05  0.357723E+04
  0.132155E+01  0.559120E+05  0.360723E+04
  0.132380E+01  0.579040E+05  0.358262E+04
  0.132605E+01  0.623960E+05  0.359959E+04
  0.132830E+01  0.587560E+05  0.357079E+04
  0.133055E+01  0.587080E+05  0.356604E+04
  0.133280E+01  0.577920E+05  0.358815E+04
  0.133505E+01  0.566360E+05  0.358249E+04
  0.133730E+01  0.504320E+05  0.357117E+04
  0.133955E+01  0.522320E+05  0.355409E+04
  0.134180E+01  0.522640E+05  0.355187E+04
  0.134405E+01  0.436720E+05  0.358327E+04
  0.134630E+01  0.530240E+05  0.356335E+04
  0.134855E+01  0.658400E+05  0.356298E+04
  0.135080E+01  0.662480E+05  0.353694E+04
  0.135305E+01  0.612280E+05  0.356533E+04
  0.135529E+01  0.558000E+05  0.356009E+04
  0.135754E+01  0.483640E+05  0.353991E+04
  0.135979E+01  0.478880E+05  0.354345E+04
  0.136204E+01  0.514760E+05  0.353100E+04
  0.136429E+01  0.565280E+05  0.355915E+04
  0.136654E+01  0.510440E+05  0.352495E+04
  0.136879E+01  0.545200E+05  0.353626E+04
  0.137104E+01  0.510360E+05  0.353404E+04
  0.137329E+01  0.455800E+05  0.352714E+04
  0.137554E+01  0.498960E+05  0.354161E+04
  0.137779E+01  0.490320E+05  0.349069E+04
  0.138004E+01  0.457800E+05  0.353521E+04
  0.138229E+01  0.513800E+05  0.352576E+04
  0.138454E+01  0.521240E+05  0.351611E+04
  0.138679E+01  0.528080E+05  0.352219E+04
  0.138904E+01  0.533760E+05  0.348437E+04
  0.139129E+01  0.421000E+05  0.353420E+04
  0.139354E+01  0.482160E+05  0.351374E+04
  0.139579E+01  0.434520E+05  0.351290E+04
  0.139804E+01  0.464200E+05  0.350282E+04
  0.140029E+01  0.462960E+05  0.348782E+04
  0.140254E+01  0.440080E+05  0.352584E+04
  0.140479E+01  0.369760E+05  0.347126E+04
  0.140704E+01  0.428560E+05  0.349837E+04
  0.140929E+01  0.386920E+05  0.350136E+04
  0.141154E+01  0.357920E+05  0.348824E+04
  0.141379E+01  0.352360E+05  0.350556E+04
  0.141604E+01  0.456880E+05  0.345591E+04
  0.141829E+01  0.380120E+05  0.351257E+04
  0.142054E+01  0.371600E+05  0.348593E+04
  0.142279E+01  0.454720E+05  0.347443E+04
  0.142504E+01  0.490480E+05  0.348045E+04
  0.142729E+01  0.390480E+05  0.345189E+04
  0.142953E+01  0.379280E+05  0.349142E+04
  0.143178E+01  0.434520E+05  0.347142E+04
  0.143403E+01  0.446120E+05  0.345356E+04
  0.143628E+01  0.446560E+05  0.346919E+04
  0.143853E+01  0.409000E+05  0.345457E+04
  0.144078E+01  0.429080E+05  0.348565E+04
  0.144303E+01  0.488800E+05  0.344445E+04
  0.144528E+01  0.463680E+05  0.345252E+04
  0.144753E+01  0.335560E+05  0.347073E+04
  0.144978E+01  0.355960E+05  0.345447E+04
  0.145203E+01  0.366680E+05  0.345964E+04
  0.145428E+01  0.398200E+05  0.342075E+04
  0.145653E+01  0.424080E+05  0.344950E+04
  0.145878E+01  0.385560E+05  0.344213E+04
  0.146103E+01  0.408720E+05  0.344499E+04
  0.146328E+01  0.409160E+05  0.344007E+04
  0.146553E+01  0.395760E+05  0.340977E+04
  0.146778E+01  0.370640E+05  0.344604E+04
  0.147003E+01  0.408600E+05  0.343182E+04
  0.147228E+01  0.419400E+05  0.342990E+04
  0.147453E+01  0.384440E+05  0.342666E+04
  0.147678E+01  0.281560E+05  0.341258E+04
  0.147903E+01  0.353960E+05  0.344585E+04
  0.148128E+01  0.387440E+05  0.340015E+04
  0.148353E+01  0.454600E+05  0.342422E+04
  0.148578E+01  0.391280E+05  0.342196E+04
  0.148803E+01  0.329720E+05  0.342365E+04
  0.149028E+01  0.308640E+05  0.342617E+04
  0.149253E+01  0.365200E+05  0.338621E+04
  0.149478E+01  0.351920E+05  0.341924E+04
  0.149703E+01  0.344920E+05  0.341272E+04
  0.149928E+01  0.343680E+05  0.341843E+04
  0.150153E+01  0.286880E+05  0.340952E+04
  0.150377E+01  0.346320E+05  0.339651E+04
  0.150602E+01  0.282760E+05  0.341795E+04
  0.150827E+01  0.267480E+05  0.338408E+04
  0.151052E+01  0.285120E+05  0.339421E+04
  0.151277E+01  0.339320E+05  0.339815E+04
  0.151502E+01  0.265200E+05  0.339483E+04
  0.151727E+01  0.287040E+05  0.340743E+04
  0.151952E+01  0.304560E+05  0.336606E+04
  0.152177E+01  0.339600E+05  0.339536E+04
  0.152402E+01  0.347880E+05  0.337886E+04
  0.152627E+01  0.423160E+05  0.339511E+04
  0.152852E+01  0.294320E+05  0.339039E+04
  0.153077E+01  0.353360E+05  0.335109E+04
  0.153302E+01  0.377680E+05  0.339681E+04
  0.153527E+01  0.402960E+05  0.337167E+04
  0.153752E+01  0.352800E+05  0.337765E+04
  0.153977E+01  0.354320E+05  0.336794E+04
  0.154202E+01  0.364000E+05  0.336425E+04
  0.154427E+01  0.382640E+05  0.339235E+04
  0.154652E+01  0.286440E+05  0.335300E+04
  0.154877E+01  0.353000E+05  0.335688E+04
  0.155102E+01  0.339280E+05  0.335205E+04
  0.155327E+01  0.274440E+05  0.336484E+04
  0.155552E+01  0.257080E+05  0.337381E+04
  0.155777E+01  0.237600E+05  0.334814E+04
  0.156002E+01  0.386560E+05  0.336386E+04
  0.156227E+01  0.332480E+05  0.335066E+04
  0.156452E+01  0.323000E+05  0.335423E+04
  0.156677E+01  0.311680E+05  0.334241E+04
  0.156902E+01  0.262680E+05  0.332854E+04
  0.157127E+01  0.276040E+05  0.336207E+04
  0.157352E+01  0.319680E+05  0.333256E+04
  0.157577E+01  0.341960E+05  0.333438E+04
  0.157801E+01  0.330120E+05  0.332401E+04
  0.158026E+01  0.281960E+05  0.333201E+04
  0.158251E+01  0.316680E+05  0.335489E+04
  0.158476E+01  0.227360E+05  0.332005E+04
  0.158701E+01  0.260480E+05  0.333063E+04
  0.158926E+01  0.248840E+05  0.331336E+04
  0.159151E+01  0.255720E+05  0.333242E+04
  0.159376E+01  0.271920E+05  0.333418E+04
  0.159601E+01  0.320360E+05  0.331712E+04
  0.159826E+01  0.381680E+05  0.333477E+04
  0.160051E+01  0.321440E+05  0.331551E+04
  0.160276E+01  0.218480E+05  0.333072E+04
  0.160501E+01  0.185840E+05  0.330583E+04
  0.160726E+01  0.233080E+05  0.330193E+04
  0.160951E+01  0.254840E+05  0.333268E+04
  0.161176E+01  0.297920E+05  0.330348E+04
  0.161401E+01  0.254600E+05  0.331712E+04
  0.161626E+01  0.292480E+05  0.328704E+04
  0.161851E+01  0.274560E+05  0.331074E+04
  0.162076E+01  0.243760E+05  0.331919E+04
  0.162301E+01  0.176440E+05  0.328405E+04
  0.162526E+01  0.161240E+05  0.331059E+04
  0.162751E+01  0.188600E+05  0.327818E+04
  0.162976E+01  0.220520E+05  0.331010E+04
  0.163201E+01  0.242520E+05  0.330393E+04
  0.163426E+01  0.300280E+05  0.326624E+04
  0.163651E+01  0.275080E+05  0.330800E+04
  0.163876E+01  0.296640E+05  0.327886E+04
  0.164101E+01  0.305840E+05  0.329900E+04
  0.164326E+01  0.335600E+05  0.328427E+04
  0.164551E+01  0.220840E+05  0.327089E+04
  0.164776E+01  0.185200E+05  0.328835E+04
  0.165001E+01  0.133680E+05  0.326766E+04
  0.165226E+01  0.269480E+05  0.329026E+04
  0.165450E+01  0.278680E+05  0.326215E+04
  0.165675E+01  0.287160E+05  0.327077E+04
  0.165900E+01  0.162360E+05  0.328677E+04
  0.166125E+01  0.185160E+05  0.326005E+04
  0.166350E+01  0.265280E+05  0.327812E+04
  0.166575E+01  0.262440E+05  0.326153E+04
  0.166800E+01  0.281840E+05  0.327597E+04
  0.167025E+01  0.302480E+05  0.326625E+04
  0.167250E+01  0.269240E+05  0.324743E+04
  0.167475E+01  0.185960E+05  0.327577E+04
  0.167700E+01  0.213400E+05  0.324370E+04
  0.167925E+01  0.201760E+05  0.326842E+04
  0.168150E+01  0.203320E+05  0.324773E+04
  0.168375E+01  0.215080E+05  0.323750E+04
  0.168600E+01  0.220920E+05  0.326730E+04
  0.168825E+01  0.224000E+05  0.324572E+04
  0.169050E+01  0.196400E+05  0.325523E+04
  0.169275E+01  0.229840E+05  0.323176E+04
  0.169500E+01  0.204280E+05  0.324844E+04
  0.169725E+01  0.213680E+05  0.326139E+04
  0.169950E+01  0.219880E+05  0.322481E+04
  0.170175E+01  0.218320E+05  0.324134E+04
  0.170400E+01  0.161840E+05  0.322093E+04
  0.170625E+01  0.176200E+05  0.325022E+04
  0.170850E+01  0.226840E+05  0.323404E+04
  0.171075E+01  0.252040E+05  0.322237E+04
  0.171300E+01  0.170120E+05  0.323717E+04
  0.171525E+01  0.153800E+05  0.322935E+04
  0.171750E+01  0.102000E+05  0.324379E+04
  0.171975E+01  0.242160E+05  0.321461E+04
  0.172200E+01  0.263920E+05  0.322576E+04
  0.172425E+01  0.159400E+05  0.323527E+04
  0.172650E+01  0.201240E+05  0.321651E+04
  0.172874E+01  0.238280E+05  0.322969E+04
  0.173099E+01  0.242520E+05  0.318822E+04
  0.173324E+01  0.222640E+05  0.322290E+04
  0.173549E+01  0.231080E+05  0.321792E+04
  0.173774E+01  0.262680E+05  0.321590E+04
  0.173999E+01  0.230240E+05  0.322299E+04
  0.174224E+01  0.175240E+05  0.319492E+04
  0.174449E+01  0.202320E+05  0.322568E+04
  0.174674E+01  0.214360E+05  0.320381E+04
  0.174899E+01  0.226720E+05  0.321085E+04
  0.175124E+01  0.243600E+05  0.321335E+04
  0.175349E+01  0.175760E+05  0.320279E+04
  0.175574E+01  0.210920E+05  0.321592E+04
  0.175799E+01  0.220880E+05  0.317624E+04
  0.176024E+01  0.149320E+05  0.320194E+04
  0.176249E+01  0.164320E+05  0.320257E+04
  0.176474E+01  0.234160E+05  0.319761E+04
  0.176699E+01  0.233720E+05  0.320258E+04
  0.176924E+01  0.201120E+05  0.316902E+04
  0.177149E+01  0.131400E+05  0.320735E+04
  0.177374E+01  0.154800E+05  0.319293E+04
  0.177599E+01  0.177240E+05  0.318687E+04
  0.177824E+01  0.175320E+05  0.318739E+04
  0.178049E+01  0.181920E+05  0.318250E+04
  0.178274E+01  0.173160E+05  0.320148E+04
  0.178499E+01  0.182080E+05  0.316687E+04
  0.178724E+01  0.174720E+05  0.317498E+04
  0.178949E+01  0.285840E+05  0.318402E+04
  0.179174E+01  0.316560E+05  0.317984E+04
  0.179399E+01  0.279080E+05  0.319866E+04
  0.179624E+01  0.183240E+05  0.315774E+04
  0.179849E+01  0.178880E+05  0.317830E+04
  0.180074E+01  0.245520E+05  0.317160E+04
  0.180298E+01  0.191320E+05  0.317392E+04
  0.180523E+01  0.160840E+05  0.317806E+04
  0.180748E+01  0.199680E+05  0.315642E+04
  0.180973E+01  0.190280E+05  0.319221E+04
  0.181198E+01  0.166720E+05  0.316207E+04
  0.181423E+01  0.182320E+05  0.316713E+04
  0.181648E+01  0.171880E+05  0.315098E+04
  0.181873E+01  0.199760E+05  0.315525E+04
  0.182098E+01  0.179880E+05  0.318850E+04
  0.182323E+01  0.166880E+05  0.313764E+04
  0.182548E+01  0.151440E+05  0.316130E+04
  0.182773E+01  0.150320E+05  0.314883E+04
  0.182998E+01  0.225000E+05  0.314895E+04
  0.183223E+01  0.180680E+05  0.317936E+04
  0.183448E+01  0.110920E+05  0.312887E+04
  0.183673E+01  0.183760E+05  0.315674E+04
  0.183898E+01  0.176960E+05  0.314806E+04
  0.184123E+01  0.149040E+05  0.314504E+04
  0.184348E+01  0.184560E+05  0.315493E+04
  0.184573E+01  0.171160E+05  0.312144E+04
  0.184798E+01  0.138440E+05  0.315442E+04
  0.185023E+01  0.111560E+05  0.313905E+04
  0.185248E+01  0.157000E+05  0.314264E+04
  0.185473E+01  0.170000E+05  0.313251E+04
  0.185698E+01  0.196360E+05  0.313302E+04
  0.185923E+01  0.160400E+05  0.316180E+04
  0.186148E+01  0.199200E+05  0.311788E+04
  0.186373E+01  0.170120E+05  0.313264E+04
  0.186598E+01  0.908400E+04  0.313165E+04
  0.186823E+01  0.164600E+05  0.313550E+04
  0.187048E+01  0.121160E+05  0.313562E+04
  0.187273E+01  0.144480E+05  0.311060E+04
  0.187498E+01  0.904400E+04  0.313395E+04
  0.187722E+01  0.172200E+05  0.313599E+04
  0.187947E+01  0.157480E+05  0.313133E+04
  0.188172E+01  0.187240E+05  0.312910E+04
  0.188397E+01  0.236520E+05  0.309954E+04
  0.188622E+01  0.130840E+05  0.312876E+04
  0.188847E+01  0.778400E+04  0.311731E+04
  0.189072E+01  0.123160E+05  0.311526E+04
  0.189297E+01  0.172600E+05  0.311733E+04
  0.189522E+01  0.117640E+05  0.310704E+04
  0.189747E+01  0.132280E+05  0.313292E+04
  0.189972E+01  0.174120E+05  0.310307E+04
  0.190197E+01  0.199960E+05  0.310015E+04
  0.190422E+01  0.206600E+05  0.310717E+04
  0.190647E+01  0.233560E+05  0.310953E+04
  0.190872E+01  0.165480E+05  0.310370E+04
  0.191097E+01  0.120120E+05  0.307847E+04
  0.191322E+01  0.103160E+05  0.310612E+04
  0.191547E+01  0.988800E+04  0.310143E+04
  0.191772E+01  0.800400E+04  0.310844E+04
  0.191997E+01  0.103640E+05  0.309169E+04
  0.192222E+01  0.920400E+04  0.308352E+04
  0.192447E+01  0.155600E+05  0.310313E+04
  0.192672E+01  0.178200E+05  0.308687E+04
  0.192897E+01  0.131040E+05  0.309537E+04
  0.193122E+01  0.111920E+05  0.308901E+04
  0.193347E+01  0.167840E+05  0.310049E+04
  0.193572E+01  0.149080E+05  0.310077E+04
  0.193797E+01  0.159720E+05  0.307863E+04
  0.194022E+01  0.125160E+05  0.309034E+04
  0.194247E+01  0.783200E+04  0.307793E+04
  0.194472E+01  0.815600E+04  0.309483E+04
  0.194697E+01  0.824000E+04  0.308710E+04
  0.194922E+01  0.718800E+04  0.306733E+04
  0.195146E+01  0.122600E+05  0.309472E+04
  0.195371E+01  0.160760E+05  0.307146E+04
  0.195596E+01  0.115800E+05  0.308787E+04
  0.195821E+01  0.123760E+05  0.306399E+04
  0.196046E+01  0.611200E+04  0.307358E+04
  0.196271E+01  0.959200E+04  0.308509E+04
  0.196496E+01  0.179240E+05  0.306692E+04
  0.196721E+01  0.134120E+05  0.307722E+04
  0.196946E+01  0.122800E+04  0.305382E+04
  0.197171E+01  0.121120E+05  0.308809E+04
  0.197396E+01  0.150040E+05  0.308226E+04
  0.197621E+01  0.185560E+05  0.305016E+04
  0.197846E+01  0.932400E+04  0.306023E+04
  0.198071E+01  0.832000E+04  0.304576E+04
  0.198296E+01  0.106360E+05  0.307908E+04
  0.198521E+01  0.146480E+05  0.305846E+04
  0.198746E+01  0.848400E+04  0.304490E+04
  0.198971E+01  0.113280E+05  0.306837E+04
  0.199196E+01  0.939600E+04  0.304332E+04
  0.199421E+01  0.106840E+05  0.305529E+04
  0.199646E+01  0.129360E+05  0.304394E+04
  0.199871E+01  0.129240E+05  0.304957E+04
  0.200096E+01  0.167760E+05  0.305700E+04
  0.200321E+01  0.132880E+05  0.305082E+04
  0.200546E+01  0.104520E+05  0.304986E+04
  0.200771E+01  0.105560E+05  0.302970E+04
  0.200996E+01  0.144400E+05  0.305206E+04
  0.201221E+01  0.103480E+05  0.305535E+04
  0.201446E+01  0.143000E+05  0.302685E+04
  0.201671E+01  0.107440E+05  0.304131E+04
  0.201896E+01  0.564400E+04  0.303548E+04
  0.202121E+01  0.732400E+04  0.305085E+04
  0.202346E+01  0.682000E+04  0.302834E+04
  0.202570E+01  0.322000E+04  0.303605E+04
  0.202795E+01  0.183200E+04  0.304782E+04
  0.203020E+01  0.246000E+04  0.302595E+04
  0.203245E+01  0.781200E+04  0.304335E+04
  0.203470E+01  0.793200E+04  0.300860E+04
  0.203695E+01  0.279600E+04  0.302713E+04
  0.203920E+01  0.432000E+04  0.303149E+04
  0.204145E+01  0.124480E+05  0.302798E+04
  0.204370E+01  0.986400E+04  0.303987E+04
  0.204595E+01  0.655200E+04  0.301166E+04
  0.204820E+01  0.912000E+04  0.303356E+04
  0.205045E+01  0.920800E+04  0.302424E+04
  0.205270E+01  0.686800E+04  0.300831E+04
  0.205495E+01  0.114400E+05  0.302432E+04
  0.205720E+01  0.117600E+05  0.301632E+04
  0.205945E+01  0.398000E+04  0.303795E+04
  0.206170E+01  0.126920E+05  0.300131E+04
  0.206395E+01  0.118960E+05  0.300595E+04
  0.206620E+01  0.106960E+05  0.301976E+04
  0.206845E+01  0.116560E+05  0.300524E+04
  0.207070E+01  0.679600E+04  0.302781E+04
  0.207295E+01  0.630800E+04  0.298620E+04
  0.207520E+01  0.863200E+04  0.302052E+04
  0.207745E+01  0.664800E+04  0.301833E+04
  0.207970E+01  0.513200E+04  0.299639E+04
  0.208195E+01  0.768000E+04  0.301597E+04
  0.208420E+01  0.812800E+04  0.298389E+04
  0.208645E+01  0.123280E+05  0.301980E+04
  0.208870E+01  0.150640E+05  0.300349E+04
  0.209095E+01  0.114720E+05  0.299660E+04
  0.209320E+01  0.142280E+05  0.300264E+04
  0.209545E+01  0.542000E+04  0.299287E+04
  0.209770E+01 -0.464000E+03  0.301214E+04
  0.209994E+01  0.124800E+05  0.298229E+04
  0.210219E+01  0.105160E+05  0.298361E+04
  0.210444E+01  0.726000E+04  0.299615E+04
  0.210669E+01 -0.124800E+04  0.299287E+04
  0.210894E+01  0.616800E+04  0.299842E+04
  0.211119E+01  0.726400E+04  0.296950E+04
  0.211344E+01  0.780400E+04  0.299503E+04
  0.211569E+01  0.650400E+04  0.299059E+04
  0.211794E+01  0.124640E+05  0.299207E+04
  0.212019E+01  0.580800E+04  0.298813E+04
  0.212244E+01  0.644800E+04  0.295788E+04
  0.212469E+01  0.102600E+05  0.299555E+04
  0.212694E+01  0.624400E+04  0.298972E+04
  0.212919E+01  0.784400E+04  0.297811E+04
  0.213144E+01  0.632000E+04  0.298309E+04
  0.213369E+01  0.877200E+04  0.297277E+04
  0.213594E+01  0.116560E+05  0.298360E+04
  0.213819E+01  0.697200E+04  0.297136E+04
  0.214044E+01  0.149160E+05  0.297510E+04
  0.214269E+01  0.880000E+04  0.298891E+04
  0.214494E+01  0.810400E+04  0.297223E+04
  0.214719E+01  0.142160E+05  0.297832E+04
  0.214944E+01  0.124240E+05  0.296198E+04
  0.215169E+01 -0.624000E+03  0.297920E+04
  0.215394E+01  0.333600E+04  0.297853E+04
  0.215619E+01  0.771600E+04  0.297389E+04
  0.215844E+01  0.692000E+04  0.296162E+04
  0.216069E+01  0.827600E+04  0.295180E+04
  0.216294E+01  0.117400E+05  0.298033E+04
  0.216519E+01  0.108120E+05  0.295959E+04
  0.216744E+01  0.968400E+04  0.296800E+04
  0.216969E+01  0.123560E+05  0.295726E+04
  0.217194E+01  0.746800E+04  0.295820E+04
  0.217419E+01  0.454400E+04  0.297750E+04
  0.217643E+01  0.439200E+04  0.294501E+04
  0.217868E+01  0.609600E+04  0.296394E+04
  0.218093E+01  0.125160E+05  0.294858E+04
  0.218318E+01  0.495600E+04  0.297507E+04
  0.218543E+01  0.483600E+04  0.296166E+04
  0.218768E+01  0.854400E+04  0.293332E+04
  0.218993E+01  0.455600E+04  0.296167E+04
  0.219218E+01  0.682000E+04  0.293176E+04
  0.219443E+01  0.104040E+05  0.296192E+04
  0.219668E+01  0.847200E+04  0.294568E+04
  0.219893E+01  0.755200E+04  0.293650E+04
  0.220118E+01  0.142720E+05  0.296236E+04
  0.220343E+01  0.127600E+05  0.293429E+04
  0.220568E+01  0.809200E+04  0.295216E+04
  0.220793E+01  0.470800E+04  0.294128E+04
  0.221018E+01  0.437600E+04  0.294432E+04
  0.221243E+01  0.322800E+04  0.296290E+04
  0.221468E+01 -0.716000E+03  0.291796E+04
  0.221693E+01  0.642400E+04  0.294559E+04
  0.221918E+01  0.506800E+04  0.293418E+04
  0.222143E+01  0.866400E+04  0.294772E+04
  0.222368E+01  0.952000E+04  0.294035E+04
  0.222593E+01  0.666400E+04  0.291479E+04
  0.222818E+01  0.941200E+04  0.294637E+04
  0.223043E+01  0.878000E+04  0.291909E+04
  0.223268E+01  0.754400E+04  0.293133E+04
  0.223493E+01  0.102440E+05  0.292723E+04
  0.223718E+01  0.115120E+05  0.292685E+04
  0.223943E+01  0.416400E+04  0.294937E+04
  0.224168E+01  0.617200E+04  0.291482E+04
  0.224393E+01  0.293600E+04  0.292141E+04
  0.224618E+01  0.456000E+03  0.292041E+04
  0.224843E+01  0.154800E+04  0.292880E+04
  0.225067E+01  0.155600E+04  0.293601E+04
  0.225292E+01  0.506400E+04  0.291363E+04
  0.225517E+01  0.116680E+05  0.290908E+04
  0.225742E+01  0.895600E+04  0.292083E+04
  0.225967E+01  0.133240E+05  0.293316E+04
  0.226192E+01  0.122720E+05  0.293028E+04
  0.226417E+01 -0.220400E+04  0.289178E+04
  0.226642E+01  0.570400E+04  0.292433E+04
  0.226867E+01  0.606800E+04  0.290683E+04
  0.227092E+01  0.712800E+04  0.293151E+04
  0.227317E+01  0.429600E+04  0.294387E+04
  0.227542E+01 -0.400000E+03  0.293855E+04
  0.227767E+01  0.450400E+04  0.296268E+04
  0.227992E+01  0.973600E+04  0.293254E+04
  0.228217E+01  0.598000E+04  0.294040E+04
  0.228442E+01  0.401600E+04  0.291861E+04
  0.228667E+01  0.112360E+05  0.294257E+04
  0.228892E+01  0.881200E+04  0.294666E+04
  0.229117E+01  0.957600E+04  0.292293E+04
  0.229342E+01  0.395600E+04  0.294423E+04
  0.229567E+01  0.946400E+04  0.292018E+04
  0.229792E+01  0.112440E+05  0.293311E+04
  0.230017E+01  0.596000E+04  0.294182E+04
  0.230242E+01  0.634000E+04  0.291990E+04
  0.230467E+01  0.776800E+04  0.294071E+04
  0.230692E+01  0.104040E+05  0.291990E+04
  0.230917E+01  0.713600E+04  0.292856E+04
  0.231142E+01  0.591600E+04  0.290119E+04
  0.231367E+01  0.688400E+04  0.293100E+04
  0.231592E+01  0.676000E+04  0.292944E+04
  0.231817E+01  0.638000E+04  0.292086E+04
  0.232042E+01  0.956000E+03  0.292362E+04
  0.232267E+01  0.694800E+04  0.290767E+04
  0.232491E+01  0.100600E+05  0.293039E+04
  0.232716E+01  0.394000E+04  0.291654E+04
  0.232941E+01  0.421600E+04  0.290932E+04
  0.233166E+01  0.478400E+04  0.291775E+04
  0.233391E+01  0.349600E+04  0.290739E+04
  0.233616E+01  0.494000E+04  0.292470E+04
  0.233841E+01  0.956800E+04  0.289831E+04
  0.234066E+01  0.190400E+04  0.290615E+04
  0.234291E+01  0.487200E+04  0.292143E+04
  0.234516E+01  0.428800E+04  0.290538E+04
  0.234741E+01 -0.332000E+04  0.291794E+04
  0.234966E+01  0.590800E+04  0.288831E+04
  0.235191E+01  0.284000E+04  0.290840E+04
  0.235416E+01  0.811200E+04  0.292520E+04
  0.235641E+01  0.146800E+04  0.289768E+04
  0.235866E+01  0.575200E+04  0.289927E+04
  0.236091E+01  0.820400E+04  0.288487E+04
  0.236316E+01  0.490400E+04  0.290633E+04
  0.236541E+01  0.981200E+04  0.290671E+04
  0.236766E+01  0.834400E+04  0.288857E+04
  0.236991E+01  0.836400E+04  0.289961E+04
  0.237216E+01  0.373200E+04  0.288703E+04
  0.237441E+01  0.779200E+04  0.291111E+04
  0.237666E+01  0.830800E+04  0.288927E+04
  0.237891E+01  0.156800E+04  0.288558E+04
  0.238116E+01  0.412400E+04  0.289616E+04
  0.238341E+01  0.778000E+04  0.288271E+04
  0.238566E+01  0.257200E+04  0.289732E+04
  0.238791E+01  0.218800E+04  0.286465E+04
  0.239016E+01 -0.440000E+03  0.289244E+04
  0.239241E+01  0.328000E+03  0.289058E+04
  0.239466E+01 -0.224400E+04  0.287166E+04
  0.239691E+01  0.626800E+04  0.288188E+04
  0.239915E+01  0.103200E+04  0.283396E+04
  0.240140E+01 -0.380000E+03  0.286636E+04
  0.240365E+01  0.760000E+02  0.285809E+04
  0.240590E+01  0.312800E+04  0.284572E+04
  0.240815E+01  0.447200E+04  0.284444E+04
  0.241040E+01  0.910400E+04  0.284304E+04
  0.241265E+01  0.437600E+04  0.286006E+04
  0.241490E+01  0.518800E+04  0.283212E+04
  0.241715E+01  0.688400E+04  0.284000E+04
  0.241940E+01  0.157200E+04  0.284926E+04
  0.242165E+01  0.568000E+03  0.283666E+04
  0.242390E+01  0.294000E+04  0.284500E+04
  0.242615E+01 -0.169200E+04  0.281588E+04
  0.242840E+01 -0.164000E+03  0.285154E+04
  0.243065E+01  0.502400E+04  0.284351E+04
  0.243290E+01  0.359600E+04  0.283335E+04
  0.243515E+01  0.543600E+04  0.283940E+04
  0.243740E+01  0.997200E+04  0.281725E+04
  0.243965E+01  0.103560E+05  0.284875E+04
  0.244190E+01  0.222000E+04  0.282885E+04
  0.244415E+01  0.300400E+04  0.282906E+04
  0.244640E+01  0.424800E+04  0.283066E+04
  0.244865E+01  0.694000E+04  0.281648E+04
  0.245090E+01  0.756000E+03  0.284355E+04
  0.245315E+01  0.305200E+04  0.281281E+04
  0.245540E+01  0.469600E+04  0.282216E+04
  0.245765E+01  0.263600E+04  0.283886E+04
  0.245990E+01  0.429600E+04  0.282770E+04
  0.246215E+01  0.408400E+04  0.283631E+04
  0.246440E+01  0.756800E+04  0.279676E+04
  0.246665E+01  0.510400E+04  0.282290E+04
  0.246890E+01 -0.840000E+02  0.281429E+04
  0.247115E+01 -0.349600E+04  0.281909E+04
  0.247339E+01 -0.249200E+04  0.282324E+04
  0.247564E+01  0.166400E+04  0.280189E+04
  0.247789E+01  0.256000E+04  0.282257E+04
  0.248014E+01  0.300000E+03  0.280506E+04
  0.248239E+01  0.326800E+04  0.280550E+04
  0.248464E+01  0.660000E+04  0.281788E+04
  0.248689E+01  0.731200E+04  0.280228E+04
  0.248914E+01  0.372800E+04  0.282195E+04
  0.249139E+01  0.246400E+04  0.279297E+04
  0.249364E+01  0.764000E+03  0.280540E+04
  0.249589E+01  0.294800E+04  0.281369E+04
  0.249814E+01 -0.145600E+04  0.281023E+04
  0.250039E+01 -0.531200E+04  0.281319E+04
  0.250264E+01  0.374400E+04  0.277767E+04
  0.250489E+01  0.108400E+05  0.280867E+04
  0.250714E+01  0.397200E+04  0.280367E+04
  0.250939E+01  0.162800E+04  0.279575E+04
  0.251164E+01  0.798000E+04  0.279470E+04
  0.251389E+01  0.536800E+04  0.278789E+04
  0.251614E+01 -0.212000E+03  0.281444E+04
  0.251839E+01 -0.269600E+04  0.278725E+04
  0.252064E+01 -0.280000E+03  0.278975E+04
  0.252289E+01  0.388800E+04  0.279029E+04
  0.252514E+01 -0.138400E+04  0.277977E+04
  0.252739E+01  0.532400E+04  0.281983E+04
  0.252964E+01  0.439600E+04  0.277499E+04
  0.253189E+01  0.529200E+04  0.279233E+04
  0.253414E+01  0.617200E+04  0.278287E+04
  0.253639E+01 -0.372000E+04  0.279979E+04
  0.253864E+01 -0.206800E+04  0.279734E+04
  0.254089E+01 -0.160800E+04  0.276246E+04
  0.254314E+01  0.278800E+04  0.279376E+04
  0.254539E+01  0.459600E+04  0.278708E+04
  0.254763E+01  0.436000E+04  0.278458E+04
  0.254988E+01  0.616800E+04  0.277933E+04
  0.255213E+01  0.495200E+04  0.277364E+04
  0.255438E+01  0.138800E+04  0.279996E+04
  0.255663E+01  0.555600E+04  0.277802E+04
  0.255888E+01  0.686000E+04  0.277605E+04
  0.256113E+01  0.760000E+02  0.276343E+04
  0.256338E+01  0.710800E+04  0.277610E+04
  0.256563E+01 -0.108400E+04  0.279531E+04
  0.256788E+01  0.520000E+03  0.277575E+04
  0.257013E+01  0.313200E+04  0.277457E+04
  0.257238E+01  0.367600E+04  0.276260E+04
  0.257463E+01  0.137200E+04  0.277305E+04
  0.257688E+01 -0.132000E+03  0.276733E+04
  0.257913E+01 -0.250000E+04  0.275390E+04
  0.258138E+01 -0.680000E+03  0.277713E+04
  0.258363E+01 -0.632800E+04  0.276015E+04
  0.258588E+01 -0.134400E+04  0.278343E+04
  0.258813E+01  0.360800E+04  0.275675E+04
  0.259038E+01  0.380400E+04  0.276001E+04
  0.259263E+01  0.195200E+04  0.277605E+04
  0.259488E+01  0.244000E+03  0.275994E+04
  0.259713E+01 -0.260000E+04  0.276733E+04
  0.259938E+01  0.480000E+04  0.275631E+04
  0.260163E+01 -0.139600E+04  0.276384E+04
  0.260388E+01  0.844000E+03  0.276213E+04
  0.260613E+01  0.600000E+04  0.274775E+04
  0.260838E+01  0.820000E+03  0.275995E+04
  0.261063E+01 -0.261600E+04  0.274762E+04
  0.261288E+01 -0.126000E+04  0.277085E+04
  0.261513E+01 -0.472000E+04  0.275075E+04
  0.261738E+01  0.282400E+04  0.273054E+04
  0.261963E+01  0.718800E+04  0.277374E+04
  0.262187E+01  0.392800E+04  0.274205E+04
  0.262412E+01 -0.522400E+04  0.276161E+04
  0.262637E+01 -0.636800E+04  0.273145E+04
  0.262862E+01  0.512000E+03  0.275258E+04
  0.263087E+01  0.648000E+03  0.275741E+04
  0.263312E+01  0.602800E+04  0.272919E+04
  0.263537E+01  0.515200E+04  0.275106E+04
  0.263762E+01  0.842800E+04  0.272283E+04
  0.263987E+01  0.774400E+04  0.275285E+04
  0.264212E+01  0.200400E+04  0.274966E+04
  0.264437E+01  0.159600E+04  0.271926E+04
  0.264662E+01  0.126800E+04  0.275786E+04
  0.264887E+01  0.344400E+04  0.272214E+04
  0.265112E+01 -0.448000E+03  0.275131E+04
  0.265337E+01 -0.376000E+03  0.273482E+04
  0.265562E+01  0.430000E+04  0.272186E+04
  0.265787E+01  0.469200E+04  0.274604E+04
  0.266012E+01  0.100800E+04  0.272535E+04
  0.266237E+01 -0.165200E+04  0.275002E+04
  0.266462E+01 -0.100400E+04  0.272493E+04
  0.266687E+01  0.816800E+04  0.273734E+04
  0.266912E+01  0.613600E+04  0.274488E+04
  0.267137E+01  0.676400E+04  0.271140E+04
  0.267362E+01  0.170400E+04  0.274063E+04
  0.267587E+01 -0.346400E+04  0.271795E+04
  0.267812E+01  0.405600E+04  0.273116E+04
  0.268037E+01  0.709600E+04  0.274377E+04
  0.268262E+01  0.730400E+04  0.271576E+04
  0.268487E+01  0.442000E+04  0.273523E+04
  0.268712E+01  0.469600E+04  0.271525E+04
  0.268937E+01  0.804000E+03  0.272674E+04
  0.269162E+01 -0.459600E+04  0.272558E+04
  0.269387E+01  0.250800E+04  0.271608E+04
  0.269611E+01 -0.220400E+04  0.273846E+04
  0.269836E+01  0.294000E+04  0.272063E+04
  0.270061E+01 -0.322400E+04  0.271716E+04
  0.270286E+01  0.435200E+04  0.271287E+04
  0.270511E+01  0.639600E+04  0.272066E+04
  0.270736E+01  0.994800E+04  0.272952E+04
  0.270961E+01  0.312000E+04  0.271252E+04
  0.271186E+01  0.440000E+04  0.271843E+04
  0.271411E+01 -0.165200E+04  0.270664E+04
  0.271636E+01  0.314400E+04  0.271512E+04
  0.271861E+01 -0.227600E+04  0.271996E+04
  0.272086E+01 -0.432400E+04  0.270911E+04
  0.272311E+01 -0.386800E+04  0.271210E+04
  0.272536E+01 -0.434000E+04  0.270058E+04
  0.272761E+01  0.584800E+04  0.271891E+04
  0.272986E+01  0.114800E+04  0.269443E+04
  0.273211E+01  0.124000E+04  0.271727E+04
  0.273436E+01 -0.184400E+04  0.271127E+04
  0.273661E+01  0.483200E+04  0.270152E+04
  0.273886E+01  0.596800E+04  0.271179E+04
  0.274111E+01 -0.496400E+04  0.268839E+04
  0.274336E+01  0.257200E+04  0.270862E+04
  0.274561E+01 -0.118400E+04  0.269620E+04
  0.274786E+01  0.656000E+04  0.270086E+04
  0.275011E+01  0.292000E+03  0.270970E+04
  0.275236E+01 -0.440000E+03  0.268336E+04
  0.275461E+01  0.375200E+04  0.271235E+04
  0.275686E+01  0.896000E+03  0.268894E+04
  0.275911E+01 -0.160000E+03  0.270087E+04
  0.276136E+01 -0.400000E+01  0.269671E+04
  0.276361E+01 -0.314400E+04  0.268909E+04
  0.276586E+01  0.192000E+03  0.271724E+04
  0.276811E+01  0.608000E+03  0.266885E+04
  0.277036E+01 -0.628000E+04  0.269943E+04
  0.277260E+01  0.306400E+04  0.269935E+04
  0.277485E+01  0.283200E+04  0.268895E+04
  0.277710E+01  0.164000E+04  0.270733E+04
  0.277935E+01  0.530400E+04  0.267167E+04
  0.278160E+01  0.196800E+04  0.270261E+04
  0.278385E+01 -0.566800E+04  0.268756E+04
  0.278610E+01 -0.168000E+04  0.268694E+04
  0.278835E+01 -0.345200E+04  0.269123E+04
  0.279060E+01  0.767200E+04  0.267885E+04
  0.279285E+01  0.603200E+04  0.271084E+04
  0.279510E+01  0.698800E+04  0.267730E+04
  0.279735E+01  0.104800E+04  0.267660E+04
  0.279960E+01  0.151200E+04  0.268449E+04
  0.280185E+01 -0.645600E+04  0.267206E+04
  0.280410E+01  0.908000E+03  0.270266E+04
  0.280635E+01  0.376800E+04  0.267168E+04
  0.280860E+01  0.272000E+03  0.268066E+04
  0.281085E+01 -0.122800E+04  0.268588E+04
  0.281310E+01  0.451200E+04  0.268114E+04
  0.281535E+01  0.400000E+04  0.268793E+04
  0.281760E+01  0.746800E+04  0.266526E+04
  0.281985E+01  0.331200E+04  0.268889E+04
  0.282210E+01  0.134400E+04  0.267735E+04
  0.282435E+01 -0.944000E+03  0.267817E+04
  0.282660E+01  0.149600E+04  0.267694E+04
  0.282885E+01 -0.311200E+04  0.266790E+04
  0.283110E+01 -0.880000E+03  0.268155E+04
  0.283335E+01  0.150800E+04  0.266487E+04
  0.283560E+01  0.520000E+04  0.267519E+04
  0.283785E+01  0.179200E+04  0.267429E+04
  0.284010E+01 -0.344000E+04  0.266738E+04
  0.284235E+01 -0.373200E+04  0.269763E+04
  0.284460E+01  0.864000E+03  0.265517E+04
  0.284684E+01  0.108800E+04  0.268290E+04
  0.284909E+01  0.348400E+04  0.266503E+04
  0.285134E+01  0.196400E+04  0.267065E+04
  0.285359E+01  0.167200E+04  0.267233E+04
  0.285584E+01 -0.156000E+03  0.265182E+04
  0.285809E+01  0.338000E+04  0.267736E+04
  0.286034E+01  0.143200E+04  0.265875E+04
  0.286259E+01  0.284000E+04  0.267496E+04
  0.286484E+01  0.144400E+04  0.266623E+04
  0.286709E+01 -0.224000E+04  0.265331E+04
  0.286934E+01  0.480000E+03  0.267567E+04
  0.287159E+01  0.768000E+03  0.264602E+04
  0.287384E+01  0.209600E+04  0.266658E+04
  0.287609E+01 -0.339200E+04  0.265998E+04
  0.287834E+01  0.258800E+04  0.266182E+04
  0.288059E+01 -0.322000E+04  0.267101E+04
  0.288284E+01 -0.410800E+04  0.263648E+04
  0.288509E+01 -0.456800E+04  0.266693E+04
  0.288734E+01  0.436000E+03  0.265721E+04
  0.288959E+01 -0.367200E+04  0.266891E+04
  0.289184E+01  0.224000E+03  0.266172E+04
  0.289409E+01  0.233200E+04  0.263831E+04
  0.289634E+01  0.526400E+04  0.266947E+04
  0.289859E+01  0.795200E+04  0.265094E+04
  0.290084E+01  0.500000E+03  0.266145E+04
  0.290309E+01 -0.376400E+04  0.265838E+04
  0.290534E+01 -0.304000E+03  0.263759E+04
  0.290759E+01  0.784000E+03  0.266657E+04
  0.290984E+01  0.104800E+04  0.263855E+04
  0.291209E+01  0.350800E+04  0.265586E+04
  0.291434E+01 -0.177200E+04  0.264814E+04
  0.291659E+01 -0.420000E+03  0.265477E+04
  0.291884E+01  0.381200E+04  0.266163E+04
  0.292108E+01 -0.180000E+04  0.262611E+04
  0.292333E+01  0.238400E+04  0.265141E+04
  0.292558E+01 -0.368000E+03  0.263655E+04
  0.292783E+01  0.342000E+04  0.264882E+04
  0.293008E+01  0.464000E+03  0.264415E+04
  0.293233E+01 -0.116000E+03  0.263070E+04
  0.293458E+01 -0.568000E+03  0.265722E+04
  0.293683E+01  0.119600E+04  0.263672E+04
  0.293908E+01  0.161200E+04  0.264714E+04
  0.294133E+01 -0.318000E+04  0.263859E+04
  0.294358E+01  0.226000E+04  0.263931E+04
  0.294583E+01  0.220400E+04  0.265445E+04
  0.294808E+01  0.280000E+03  0.263498E+04
  0.295033E+01 -0.128000E+03  0.263335E+04
  0.295258E+01  0.190000E+04  0.264132E+04
  0.295483E+01  0.522000E+04  0.264639E+04
  0.295708E+01  0.226400E+04  0.264541E+04
  0.295933E+01  0.512000E+03  0.263376E+04
  0.296158E+01  0.367200E+04  0.264035E+04
  0.296383E+01 -0.936000E+03  0.262768E+04
  0.296608E+01  0.361200E+04  0.264507E+04
  0.296833E+01  0.832000E+03  0.262592E+04
  0.297058E+01  0.280400E+04  0.263168E+04
  0.297283E+01  0.444000E+03  0.265299E+04
  0.297508E+01  0.600000E+02  0.263124E+04
  0.297733E+01  0.299600E+04  0.264211E+04
  0.297958E+01  0.440000E+03  0.261985E+04
  0.298183E+01 -0.501200E+04  0.263947E+04
  0.298408E+01 -0.149600E+04  0.263754E+04
  0.298633E+01  0.407200E+04  0.263086E+04
  0.298858E+01  0.668800E+04  0.264040E+04
  0.299083E+01 -0.196000E+04  0.261129E+04
  0.299308E+01 -0.340800E+04  0.264914E+04
  0.299532E+01 -0.360000E+02  0.263393E+04
  0.299757E+01  0.580000E+03  0.261938E+04
  0.299982E+01 -0.280400E+04  0.264267E+04
  0.300207E+01 -0.792000E+03  0.260696E+04
  0.300432E+01 -0.744000E+03  0.264594E+04
  0.300657E+01  0.298800E+04  0.261021E+04
  0.300882E+01  0.129200E+04  0.262871E+04
  0.301107E+01  0.173600E+04  0.264078E+04
  0.301332E+01  0.320800E+04  0.261786E+04
  0.301557E+01  0.171600E+04  0.263742E+04
  0.301782E+01 -0.390400E+04  0.261361E+04
  0.302007E+01 -0.211200E+04  0.262251E+04
  0.302232E+01  0.247600E+04  0.262848E+04
  0.302457E+01 -0.272000E+03  0.261457E+04
  0.302682E+01 -0.298400E+04  0.262893E+04
  0.302907E+01  0.306000E+04  0.261292E+04
  0.303132E+01  0.400000E+02  0.263481E+04
  0.303357E+01 -0.103200E+04  0.261594E+04
  0.303582E+01  0.384000E+03  0.261007E+04
  0.303807E+01  0.314800E+04  0.263321E+04
  0.304032E+01  0.374000E+04  0.260960E+04
  0.304257E+01  0.384000E+04  0.263615E+04
  0.304482E+01 -0.172800E+04  0.261777E+04
  0.304707E+01  0.441200E+04  0.261545E+04
  0.304932E+01  0.126800E+04  0.262832E+04
  0.305157E+01  0.206400E+04  0.260715E+04
  0.305382E+01  0.102800E+04  0.262631E+04
  0.305607E+01  0.800000E+01  0.260671E+04
  0.305832E+01 -0.528000E+04  0.261958E+04
  0.306057E+01  0.231600E+04  0.262899E+04
  0.306282E+01  0.800000E+03  0.260562E+04
  0.306507E+01 -0.389600E+04  0.262609E+04
  0.306732E+01  0.357600E+04  0.260259E+04
  0.306956E+01  0.401200E+04  0.262313E+04
  0.307181E+01  0.520000E+04  0.261151E+04
  0.307406E+01  0.189600E+04  0.260332E+04
  0.307631E+01  0.289600E+04  0.261906E+04
  0.307856E+01 -0.564800E+04  0.260634E+04
  0.308081E+01 -0.247600E+04  0.261926E+04
  0.308306E+01  0.942800E+04  0.260356E+04
  0.308531E+01  0.682400E+04  0.261248E+04
  0.308756E+01  0.163600E+04  0.261178E+04
  0.308981E+01 -0.394400E+04  0.260586E+04
  0.309206E+01 -0.636000E+03  0.261786E+04
  0.309431E+01  0.178800E+04  0.259054E+04
  0.309656E+01 -0.100000E+03  0.261445E+04
  0.309881E+01  0.126400E+04  0.260752E+04
  0.310106E+01 -0.980000E+03  0.261174E+04
  0.310331E+01 -0.118000E+04  0.260916E+04
  0.310556E+01  0.348000E+04  0.259600E+04
  0.310781E+01 -0.195200E+04  0.261388E+04
  0.311006E+01  0.977600E+04  0.260127E+04
  0.311231E+01  0.240000E+04  0.260689E+04
  0.311456E+01  0.169600E+04  0.261024E+04
  0.311681E+01 -0.168000E+03  0.260036E+04
  0.311906E+01  0.422800E+04  0.261834E+04
  0.312131E+01  0.286400E+04  0.258742E+04
  0.312356E+01  0.243200E+04  0.260589E+04
  0.312581E+01  0.620000E+04  0.260054E+04
  0.312806E+01  0.381200E+04  0.260568E+04
  0.313031E+01  0.568000E+03  0.260014E+04
  0.313256E+01  0.632000E+03  0.258598E+04
  0.313481E+01  0.338400E+04  0.261451E+04
  0.313706E+01 -0.238400E+04  0.260879E+04
  0.313931E+01 -0.311200E+04  0.260512E+04
  0.314156E+01 -0.173600E+04  0.260496E+04
  0.314380E+01  0.246800E+04  0.258532E+04
  0.314605E+01  0.446400E+04  0.260668E+04
  0.314830E+01  0.798400E+04  0.259022E+04
  0.315055E+01  0.892400E+04  0.260175E+04
  0.315280E+01  0.585200E+04  0.260015E+04
  0.315505E+01  0.564400E+04  0.259219E+04
  0.315730E+01 -0.181200E+04  0.261231E+04
  0.315955E+01  0.944000E+03  0.258440E+04
  0.316180E+01  0.158000E+04  0.260736E+04
  0.316405E+01  0.372800E+04  0.260068E+04
  0.316630E+01  0.139200E+04  0.259636E+04
  0.316855E+01  0.608800E+04  0.259259E+04
  0.317080E+01  0.222400E+04  0.258927E+04
  0.317305E+01  0.116400E+04  0.260499E+04
  0.317530E+01  0.442000E+04  0.259330E+04
  0.317755E+01  0.294000E+04  0.259875E+04
  0.317980E+01  0.206400E+04  0.259424E+04
  0.318205E+01  0.352000E+03  0.258595E+04
  0.318430E+01 -0.212000E+03  0.260634E+04
  0.318655E+01  0.398800E+04  0.258206E+04
  0.318880E+01  0.907600E+04  0.260348E+04
  0.319105E+01  0.397200E+04  0.259393E+04
  0.319330E+01  0.350000E+04  0.259419E+04
  0.319555E+01  0.470000E+04  0.260648E+04
  0.319780E+01 -0.195200E+04  0.257025E+04
  0.320005E+01 -0.820000E+03  0.260530E+04
  0.320230E+01  0.180400E+04  0.258265E+04
  0.320455E+01  0.142400E+04  0.260466E+04
  0.320680E+01 -0.253200E+04  0.259737E+04
  0.320905E+01  0.222000E+04  0.258157E+04
  0.321130E+01  0.712000E+03  0.260088E+04
  0.321355E+01 -0.122400E+04  0.257507E+04
  0.321580E+01 -0.811600E+04  0.259540E+04
  0.321804E+01 -0.600000E+02  0.258815E+04
  0.322029E+01  0.358400E+04  0.258243E+04
  0.322254E+01  0.303600E+04  0.260777E+04
  0.322479E+01  0.170400E+04  0.256637E+04
  0.322704E+01  0.358800E+04  0.259321E+04
  0.322929E+01 -0.984000E+03  0.258312E+04
  0.323154E+01 -0.441600E+04  0.259819E+04
  0.323379E+01 -0.628800E+04  0.259828E+04
  0.323604E+01 -0.188400E+04  0.257220E+04
  0.323829E+01  0.348400E+04  0.259597E+04
  0.324054E+01  0.175200E+04  0.257398E+04
  0.324279E+01 -0.311600E+04  0.259263E+04
  0.324504E+01 -0.432000E+03  0.259004E+04
  0.324729E+01  0.768800E+04  0.257328E+04
  0.324954E+01 -0.196000E+03  0.259560E+04
  0.325179E+01 -0.100000E+03  0.257127E+04
  0.325404E+01 -0.180000E+04  0.258611E+04
  0.325629E+01  0.210800E+04  0.257971E+04
  0.325854E+01  0.736400E+04  0.257897E+04
  0.326079E+01  0.480000E+04  0.259300E+04
  0.326304E+01  0.408800E+04  0.257306E+04
  0.326529E+01 -0.336000E+03  0.258634E+04
  0.326754E+01 -0.330400E+04  0.257657E+04
  0.326979E+01  0.316800E+04  0.258529E+04
  0.327204E+01  0.470000E+04  0.258758E+04
  0.327429E+01 -0.284000E+04  0.256910E+04
  0.327654E+01  0.449600E+04  0.258847E+04
  0.327879E+01  0.464000E+04  0.257435E+04
  0.328104E+01  0.332000E+04  0.258726E+04
  0.328329E+01  0.215200E+04  0.256721E+04
  0.328554E+01  0.255600E+04  0.257421E+04
  0.328779E+01  0.224800E+04  0.259054E+04
  0.329004E+01  0.552000E+04  0.256827E+04
  0.329229E+01  0.322000E+04  0.258616E+04
  0.329453E+01 -0.683600E+04  0.256462E+04
  0.329678E+01 -0.659600E+04  0.257650E+04
  0.329903E+01 -0.216000E+03  0.258720E+04
  0.330128E+01  0.528000E+04  0.256164E+04
  0.330353E+01  0.392000E+04  0.259325E+04
  0.330578E+01  0.532000E+04  0.257362E+04
  0.330803E+01  0.105200E+04  0.258140E+04
  0.331028E+01  0.348000E+03  0.258175E+04
  0.331253E+01  0.150400E+04  0.256105E+04
  0.331478E+01  0.636800E+04  0.258585E+04
  0.331703E+01  0.421600E+04  0.256504E+04
  0.331928E+01  0.103600E+04  0.258750E+04
  0.332153E+01  0.274000E+04  0.256468E+04
  0.332378E+01  0.249600E+04  0.256639E+04
  0.332603E+01  0.657600E+04  0.258375E+04
  0.332828E+01  0.433600E+04  0.256685E+04
  0.333053E+01  0.668800E+04  0.257488E+04
  0.333278E+01 -0.200000E+03  0.255826E+04
  0.333503E+01  0.112800E+04  0.258550E+04
  0.333728E+01  0.134800E+04  0.258406E+04
  0.333953E+01  0.148800E+04  0.255321E+04
  0.334178E+01  0.736000E+03  0.258377E+04
  0.334403E+01 -0.548000E+03  0.255988E+04
  0.334628E+01  0.374400E+04  0.258232E+04
  0.334853E+01  0.758400E+04  0.257203E+04
  0.335078E+01  0.286000E+04  0.255882E+04
  0.335303E+01  0.108000E+04  0.258236E+04
  0.335528E+01  0.552000E+04  0.255868E+04
  0.335753E+01  0.489600E+04  0.258107E+04
  0.335978E+01  0.288400E+04  0.256108E+04
  0.336203E+01  0.135600E+04  0.257210E+04
  0.336428E+01  0.267600E+04  0.257617E+04
  0.336653E+01  0.492400E+04  0.256148E+04
  0.336877E+01  0.214800E+04  0.257802E+04
  0.337102E+01  0.410800E+04  0.255792E+04
  0.337327E+01  0.146000E+04  0.257821E+04
  0.337552E+01  0.733200E+04  0.258617E+04
  0.337777E+01  0.286000E+04  0.255320E+04
  0.338002E+01  0.317600E+04  0.257518E+04
  0.338227E+01  0.271600E+04  0.255758E+04
  0.338452E+01  0.118000E+04  0.257957E+04
  0.338677E+01  0.274400E+04  0.257149E+04
  0.338902E+01 -0.700000E+03  0.256367E+04
  0.339127E+01  0.194400E+04  0.257684E+04
  0.339352E+01  0.214400E+04  0.255252E+04
  0.339577E+01  0.859200E+04  0.257072E+04
  0.339802E+01  0.321600E+04  0.254854E+04
  0.340027E+01  0.260400E+04  0.256390E+04
  0.340252E+01 -0.109600E+04  0.257452E+04
  0.340477E+01  0.316000E+04  0.256510E+04
  0.340702E+01  0.892000E+03  0.256882E+04
  0.340927E+01 -0.920000E+03  0.255678E+04
  0.341152E+01  0.193200E+04  0.258005E+04
  0.341377E+01  0.370400E+04  0.257129E+04
  0.341602E+01  0.646800E+04  0.255962E+04
  0.341827E+01  0.244800E+04  0.257415E+04
  0.342052E+01  0.103480E+05  0.254966E+04
  0.342277E+01  0.174400E+04  0.257482E+04
  0.342502E+01  0.320000E+03  0.255546E+04
  0.342727E+01  0.132400E+04  0.256584E+04
  0.342952E+01  0.208000E+04  0.256491E+04
  0.343177E+01  0.108000E+03  0.255774E+04
  0.343402E+01 -0.299200E+04  0.257421E+04
  0.343627E+01 -0.337200E+04  0.254059E+04
  0.343852E+01  0.217200E+04  0.257450E+04
  0.344077E+01  0.198000E+04  0.257248E+04
  0.344301E+01  0.170800E+04  0.256214E+04
  0.344526E+01  0.360400E+04  0.256969E+04
  0.344751E+01 -0.172800E+04  0.253995E+04
  0.344976E+01  0.385600E+04  0.257945E+04
  0.345201E+01  0.456800E+04  0.255711E+04
  0.345426E+01  0.668000E+03  0.255742E+04
  0.345651E+01  0.474000E+04  0.257324E+04
  0.345876E+01  0.275200E+04  0.255031E+04
  0.346101E+01  0.231200E+04  0.256906E+04
  0.346326E+01  0.356000E+04  0.254979E+04
  0.346551E+01  0.193200E+04  0.256297E+04
  0.346776E+01  0.273600E+04  0.257323E+04
  0.347001E+01  0.134400E+04  0.255178E+04
  0.347226E+01  0.161600E+04  0.257422E+04
  0.347451E+01  0.267600E+04  0.253431E+04
  0.347676E+01  0.207600E+04  0.256516E+04
  0.347901E+01  0.343600E+04  0.256369E+04
  0.348126E+01  0.644800E+04  0.256607E+04
  0.348351E+01 -0.780000E+03  0.256036E+04
  0.348576E+01  0.552000E+03  0.255416E+04
  0.348801E+01  0.552800E+04  0.257308E+04
  0.349026E+01  0.103000E+05  0.255539E+04
  0.349251E+01  0.515200E+04  0.255810E+04
  0.349476E+01  0.786800E+04  0.255763E+04
  0.349701E+01  0.311200E+04  0.255940E+04
  0.349926E+01  0.377200E+04  0.257663E+04
  0.350151E+01  0.134400E+04  0.254563E+04
  0.350376E+01  0.115600E+04  0.256037E+04
  0.350601E+01  0.271200E+04  0.256535E+04
  0.350826E+01  0.619200E+04  0.254859E+04
  0.351051E+01  0.811600E+04  0.256762E+04
  0.351276E+01  0.206800E+04  0.254164E+04
  0.351501E+01  0.376800E+04  0.256653E+04
  0.351725E+01 -0.792000E+03  0.255187E+04
  0.351950E+01  0.382800E+04  0.255890E+04
  0.352175E+01  0.964000E+03  0.255783E+04
  0.352400E+01  0.481200E+04  0.254628E+04
  0.352625E+01  0.315200E+04  0.257428E+04
  0.352850E+01  0.384400E+04  0.255030E+04
  0.353075E+01  0.168800E+04  0.255482E+04
  0.353300E+01  0.623600E+04  0.255523E+04
  0.353525E+01  0.231200E+04  0.255453E+04
  0.353750E+01  0.984000E+03  0.257395E+04
  0.353975E+01  0.105200E+04  0.254189E+04
  0.354200E+01  0.126000E+04  0.256436E+04
  0.354425E+01  0.388400E+04  0.254479E+04
  0.354650E+01  0.582000E+04  0.255606E+04
  0.354875E+01  0.629600E+04  0.256015E+04
  0.355100E+01  0.258000E+04  0.254391E+04
  0.355325E+01  0.228000E+03  0.257046E+04
  0.355550E+01  0.736000E+03  0.254107E+04
  0.355775E+01 -0.386800E+04  0.256241E+04
  0.356000E+01 -0.824000E+03  0.254798E+04
  0.356225E+01  0.547600E+04  0.254270E+04
  0.356450E+01  0.308800E+04  0.257494E+04
  0.356675E+01  0.354400E+04  0.254549E+04
  0.356900E+01 -0.293200E+04  0.256045E+04
  0.357125E+01 -0.241600E+04  0.254701E+04
  0.357350E+01  0.876000E+03  0.255313E+04
  0.357575E+01  0.141200E+04  0.256321E+04
  0.357800E+01  0.125200E+04  0.254346E+04
  0.358025E+01  0.571200E+04  0.256161E+04
  0.358250E+01  0.238400E+04  0.255361E+04
  0.358475E+01  0.119600E+04  0.256060E+04
  0.358700E+01  0.107200E+04  0.255432E+04
  0.358925E+01  0.362000E+04  0.254106E+04
  0.359149E+01  0.401200E+04  0.256744E+04
  0.359374E+01  0.383600E+04  0.255729E+04
  0.359599E+01  0.445200E+04  0.255620E+04
  0.359824E+01  0.157200E+04  0.255856E+04
  0.360049E+01  0.972000E+03  0.253969E+04
  0.360274E+01 -0.156000E+03  0.256763E+04
  0.360499E+01 -0.938000E+04  0.254485E+04
  0.360724E+01  0.243200E+04  0.254978E+04
  0.360949E+01  0.768000E+03  0.256080E+04
  0.361174E+01  0.502800E+04  0.255950E+04
  0.361399E+01  0.481600E+04  0.256565E+04
  0.361624E+01 -0.572000E+03  0.254007E+04
  0.361849E+01  0.216400E+04  0.255547E+04
  0.362074E+01  0.414000E+04  0.255631E+04
  0.362299E+01  0.110000E+04  0.255850E+04
  0.362524E+01  0.192800E+04  0.256777E+04
  0.362749E+01 -0.106800E+04  0.253710E+04
  0.362974E+01  0.312000E+04  0.255407E+04
  0.363199E+01  0.375200E+04  0.255854E+04
  0.363424E+01 -0.185200E+04  0.255492E+04
  0.363649E+01 -0.109600E+04  0.255482E+04
  0.363874E+01 -0.716000E+03  0.255180E+04
  0.364099E+01 -0.112000E+03  0.256256E+04
  0.364324E+01 -0.168400E+04  0.254919E+04
  0.364549E+01 -0.168000E+04  0.254937E+04
  0.364774E+01  0.544000E+03  0.254760E+04
  0.364999E+01 -0.218800E+04  0.255688E+04
  0.365224E+01 -0.182000E+04  0.256241E+04
  0.365449E+01  0.351600E+04  0.253924E+04
  0.365674E+01  0.124400E+04  0.255386E+04
  0.365899E+01  0.394000E+04  0.255082E+04
  0.366124E+01  0.314800E+04  0.256994E+04
  0.366349E+01  0.234800E+04  0.255375E+04
  0.366573E+01  0.213200E+04  0.255693E+04
  0.366798E+01  0.174000E+04  0.256328E+04
  0.367023E+01  0.469200E+04  0.254674E+04
  0.367248E+01  0.146400E+04  0.256954E+04
  0.367473E+01  0.298400E+04  0.254902E+04
  0.367698E+01  0.232400E+04  0.255856E+04
  0.367923E+01 -0.812000E+03  0.257215E+04
  0.368148E+01 -0.536400E+04  0.255140E+04
  0.368373E+01 -0.635600E+04  0.256146E+04
  0.368598E+01 -0.340000E+03  0.254706E+04
  0.368823E+01  0.197200E+04  0.256425E+04
  0.369048E+01  0.204000E+03  0.256209E+04
  0.369273E+01 -0.240000E+04  0.254156E+04
  0.369498E+01  0.160000E+03  0.256529E+04
  0.369723E+01 -0.122800E+04  0.255027E+04
  0.369948E+01  0.119200E+04  0.256234E+04
  0.370173E+01  0.520000E+02  0.255642E+04
  0.370398E+01  0.318800E+04  0.255496E+04
  0.370623E+01 -0.332800E+04  0.257298E+04
  0.370848E+01 -0.892000E+03  0.256240E+04
  0.371073E+01 -0.196400E+04  0.255666E+04
  0.371298E+01  0.176000E+03  0.255218E+04
  0.371523E+01  0.381200E+04  0.254990E+04
  0.371748E+01 -0.336400E+04  0.257385E+04
  0.371973E+01 -0.627600E+04  0.255647E+04
  0.372198E+01 -0.634800E+04  0.256278E+04
  0.372423E+01 -0.135600E+04  0.256554E+04
  0.372648E+01 -0.419600E+04  0.255807E+04
  0.372873E+01 -0.334800E+04  0.256735E+04
  0.373098E+01 -0.516000E+04  0.254951E+04
  0.373323E+01  0.760000E+03  0.255642E+04
  0.373548E+01  0.116800E+04  0.256579E+04
  0.373773E+01  0.168800E+04  0.256066E+04
  0.373997E+01 -0.129600E+04  0.256023E+04
  0.374222E+01 -0.880000E+02  0.255475E+04
  0.374447E+01  0.413600E+04  0.256749E+04
  0.374672E+01  0.188000E+03  0.256519E+04
  0.374897E+01 -0.271200E+04  0.256163E+04
  0.375122E+01 -0.315600E+04  0.256009E+04
  0.375347E+01 -0.580800E+04  0.256137E+04
  0.375572E+01 -0.545600E+04  0.256329E+04
  0.375797E+01  0.193600E+04  0.256204E+04
  0.376022E+01  0.243600E+04  0.255232E+04
  0.376247E+01  0.328000E+03  0.256472E+04
  0.376472E+01  0.273200E+04  0.256277E+04
  0.376697E+01 -0.528000E+03  0.255626E+04
  0.376922E+01 -0.240800E+04  0.255477E+04
  0.377147E+01 -0.498800E+04  0.255949E+04
  0.377372E+01 -0.346400E+04  0.256763E+04
  0.377597E+01 -0.262000E+04  0.257241E+04
  0.377822E+01  0.132800E+04  0.256758E+04
  0.378047E+01  0.110000E+04  0.256430E+04
  0.378272E+01  0.187200E+04  0.256618E+04
  0.378497E+01 -0.146000E+04  0.257632E+04
  0.378722E+01  0.525600E+04  0.256229E+04
  0.378947E+01  0.824800E+04  0.256287E+04
  0.379172E+01  0.575200E+04  0.257088E+04
  0.379397E+01  0.411600E+04  0.257262E+04
  0.379622E+01 -0.245600E+04  0.256673E+04
  0.379847E+01  0.137600E+04  0.255817E+04
  0.380072E+01 -0.641200E+04  0.256877E+04
  0.380297E+01 -0.169200E+04  0.257616E+04
  0.380522E+01 -0.684000E+03  0.256704E+04
  0.380747E+01 -0.584000E+03  0.256369E+04
  0.380972E+01 -0.932000E+03  0.256882E+04
  0.381197E+01  0.441600E+04  0.257765E+04
  0.381422E+01  0.480000E+03  0.258086E+04
  0.381646E+01 -0.351200E+04  0.256164E+04
  0.381871E+01  0.466000E+04  0.257181E+04
  0.382096E+01  0.241600E+04  0.256329E+04
  0.382321E+01  0.233200E+04  0.257105E+04
  0.382546E+01  0.164800E+04  0.256107E+04
  0.382771E+01 -0.836000E+03  0.256054E+04
  0.382996E+01 -0.387600E+04  0.257568E+04
  0.383221E+01 -0.192000E+03  0.257615E+04
  0.383446E+01  0.880000E+03  0.256361E+04
  0.383671E+01  0.308400E+04  0.255713E+04
  0.383896E+01 -0.508000E+03  0.257127E+04
  0.384121E+01 -0.271600E+04  0.257745E+04
  0.384346E+01 -0.528400E+04  0.256917E+04
  0.384571E+01 -0.687600E+04  0.257629E+04
  0.384796E+01  0.121600E+04  0.257782E+04
  0.385021E+01  0.761200E+04  0.257736E+04
  0.385246E+01  0.768000E+03  0.258411E+04
  0.385471E+01  0.380000E+03  0.256130E+04
  0.385696E+01  0.747600E+04  0.256923E+04
  0.385921E+01  0.667200E+04  0.257550E+04
  0.386146E+01  0.806000E+04  0.258171E+04
  0.386371E+01  0.134400E+04  0.257407E+04
  0.386596E+01  0.244800E+04  0.257012E+04
  0.386821E+01 -0.372400E+04  0.258259E+04
  0.387046E+01 -0.371200E+04  0.258222E+04
  0.387271E+01 -0.324400E+04  0.257665E+04
  0.387496E+01  0.904000E+03  0.257339E+04
  0.387721E+01 -0.534400E+04  0.257337E+04
  0.387946E+01 -0.217600E+04  0.258703E+04
  0.388171E+01 -0.520000E+03  0.257428E+04
  0.388396E+01  0.473600E+04  0.257900E+04
  0.388621E+01 -0.198400E+04  0.257674E+04
  0.388846E+01 -0.311600E+04  0.258520E+04
  0.389070E+01  0.159600E+04  0.258235E+04
  0.389295E+01  0.680000E+03  0.256450E+04
  0.389520E+01 -0.245200E+04  0.257956E+04
  0.389745E+01 -0.352000E+03  0.258398E+04
  0.389970E+01 -0.239200E+04  0.259058E+04
  0.390195E+01 -0.152000E+04  0.258423E+04
  0.390420E+01 -0.205600E+04  0.258555E+04
  0.390645E+01 -0.760000E+03  0.258838E+04
  0.390870E+01 -0.145600E+04  0.259736E+04
  0.391095E+01  0.872000E+03  0.257666E+04
  0.391320E+01 -0.325600E+04  0.258524E+04
  0.391545E+01  0.936000E+03  0.258400E+04
  0.391770E+01  0.532000E+03  0.259063E+04
  0.391995E+01  0.295200E+04  0.257920E+04
  0.392220E+01  0.506000E+04  0.258432E+04
  0.392445E+01  0.506400E+04  0.259251E+04
  0.392670E+01  0.447200E+04  0.258528E+04
  0.392895E+01  0.420000E+03  0.259818E+04
  0.393120E+01 -0.266400E+04  0.257586E+04
  0.393345E+01  0.298000E+04  0.258056E+04
  0.393570E+01 -0.980000E+03  0.258879E+04
  0.393795E+01 -0.277200E+04  0.259035E+04
  0.394020E+01 -0.146000E+04  0.258496E+04
  0.394245E+01 -0.266400E+04  0.259372E+04
  0.394470E+01 -0.336400E+04  0.258938E+04
  0.394695E+01 -0.104040E+05  0.259913E+04
  0.394920E+01 -0.307200E+04  0.258146E+04
  0.395145E+01 -0.844000E+04  0.259211E+04
  0.395370E+01 -0.659200E+04  0.259065E+04
  0.395595E+01  0.232000E+03  0.259385E+04
  0.395820E+01  0.297600E+04  0.260127E+04
  0.396045E+01  0.509200E+04  0.258407E+04
  0.396270E+01  0.505200E+04  0.259740E+04
  0.396494E+01  0.153200E+04  0.259195E+04
  0.396719E+01  0.926800E+04  0.259194E+04
  0.396944E+01  0.233600E+04  0.259122E+04
  0.397169E+01 -0.141600E+04  0.258965E+04
  0.397394E+01  0.228000E+04  0.258869E+04
  0.397619E+01  0.319200E+04  0.259953E+04
  0.397844E+01  0.291600E+04  0.258508E+04
  0.398069E+01 -0.273200E+04  0.260611E+04
  0.398294E+01 -0.357200E+04  0.260119E+04
  0.398519E+01 -0.380800E+04  0.260893E+04
  0.398744E+01  0.116800E+04  0.259387E+04
  0.398969E+01 -0.824000E+03  0.258952E+04
  0.399194E+01  0.130800E+04  0.260767E+04
  0.399419E+01  0.427200E+04  0.261204E+04
  0.399644E+01  0.531600E+04  0.260354E+04
  0.399869E+01  0.268000E+03  0.260417E+04
  0.400094E+01  0.736000E+03  0.260112E+04
  0.400319E+01 -0.265200E+04  0.260149E+04
  0.400544E+01 -0.249200E+04  0.260432E+04
  0.400769E+01  0.184000E+03  0.259321E+04
  0.400994E+01 -0.502800E+04  0.260738E+04
  0.401219E+01 -0.342800E+04  0.260520E+04
  0.401444E+01  0.448000E+03  0.261500E+04
  0.401669E+01  0.139600E+04  0.259619E+04
  0.401894E+01 -0.612000E+03  0.260025E+04
  0.402119E+01 -0.230000E+04  0.261398E+04
  0.402344E+01  0.640000E+02  0.261015E+04
  0.402569E+01 -0.184800E+04  0.260895E+04
  0.402794E+01 -0.108000E+04  0.261080E+04
  0.403019E+01 -0.308400E+04  0.261266E+04
  0.403244E+01 -0.277600E+04  0.261269E+04
  0.403469E+01 -0.650400E+04  0.261146E+04
  0.403694E+01  0.268000E+04  0.261130E+04
  0.403918E+01  0.197200E+04  0.261559E+04
  0.404143E+01 -0.620000E+03  0.262016E+04
  0.404368E+01 -0.597600E+04  0.262277E+04
  0.404593E+01  0.540000E+03  0.260620E+04
  0.404818E+01 -0.560000E+02  0.261318E+04
  0.405043E+01 -0.179600E+04  0.262517E+04
  0.405268E+01 -0.539200E+04  0.261927E+04
  0.405493E+01 -0.366800E+04  0.261446E+04
  0.405718E+01  0.140400E+04  0.261107E+04
  0.405943E+01  0.337200E+04  0.262360E+04
  0.406168E+01  0.330000E+04  0.262288E+04
  0.406393E+01 -0.285600E+04  0.262162E+04
  0.406618E+01 -0.368000E+03  0.262790E+04
  0.406843E+01  0.158000E+04  0.263066E+04
  0.407068E+01  0.860000E+03  0.263356E+04
  0.407293E+01 -0.266800E+04  0.261861E+04
  0.407518E+01 -0.399200E+04  0.261797E+04
  0.407743E+01 -0.383200E+04  0.262879E+04
  0.407968E+01 -0.207200E+04  0.263026E+04
  0.408193E+01 -0.548000E+03  0.263737E+04
  0.408418E+01 -0.479200E+04  0.262220E+04
  0.408643E+01 -0.180800E+04  0.262441E+04
  0.408868E+01 -0.304800E+04  0.263895E+04
  0.409093E+01  0.388800E+04  0.263467E+04
  0.409318E+01  0.134800E+04  0.262661E+04
  0.409543E+01 -0.310000E+04  0.262730E+04
  0.409768E+01 -0.154000E+04  0.263665E+04
  0.409993E+01 -0.504000E+04  0.263929E+04
  0.410218E+01 -0.452400E+04  0.263036E+04
  0.410443E+01 -0.739600E+04  0.263698E+04
  0.410668E+01 -0.800000E+03  0.264438E+04
  0.410893E+01  0.372000E+03  0.263929E+04
  0.411118E+01  0.240800E+04  0.263284E+04
  0.411342E+01  0.192000E+03  0.263076E+04
  0.411567E+01 -0.444000E+03  0.263861E+04
  0.411792E+01 -0.476000E+03  0.265138E+04
  0.412017E+01  0.298000E+04  0.263610E+04
  0.412242E+01  0.144000E+03  0.264674E+04
  0.412467E+01 -0.540000E+03  0.264193E+04
  0.412692E+01 -0.932000E+03  0.264362E+04
  0.412917E+01 -0.124000E+04  0.265772E+04
  0.413142E+01 -0.975200E+04  0.263264E+04
  0.413367E+01 -0.106440E+05  0.265858E+04
  0.413592E+01 -0.805200E+04  0.265226E+04
  0.413817E+01 -0.328400E+04  0.265921E+04
  0.414042E+01  0.116000E+03  0.264680E+04
  0.414267E+01  0.192400E+04  0.264356E+04
  0.414492E+01 -0.370000E+04  0.265929E+04
  0.414717E+01 -0.884000E+04  0.265872E+04
  0.414942E+01 -0.995200E+04  0.265138E+04
  0.415167E+01 -0.318800E+04  0.265626E+04
  0.415392E+01 -0.661200E+04  0.265611E+04
  0.415617E+01 -0.838800E+04  0.266890E+04
  0.415842E+01 -0.320000E+02  0.265587E+04
  0.416067E+01  0.111200E+04  0.264961E+04
  0.416292E+01  0.246000E+04  0.266909E+04
  0.416517E+01  0.275200E+04  0.265928E+04
  0.416742E+01 -0.427200E+04  0.265579E+04
  0.416967E+01 -0.796400E+04  0.264609E+04
  0.417192E+01 -0.270400E+04  0.265526E+04
  0.417417E+01  0.293600E+04  0.267065E+04
  0.417642E+01 -0.141200E+04  0.266673E+04
  0.417867E+01 -0.494400E+04  0.265958E+04
  0.418092E+01 -0.604000E+04  0.267177E+04
  0.418317E+01  0.141200E+04  0.266367E+04
  0.418542E+01  0.638800E+04  0.267978E+04
  0.418766E+01  0.162800E+04  0.266429E+04
  0.418991E+01  0.193200E+04  0.267218E+04
  0.419216E+01 -0.579600E+04  0.267274E+04
  0.419441E+01 -0.488800E+04  0.267770E+04
  0.419666E+01 -0.832000E+03  0.267988E+04
  0.419891E+01 -0.654800E+04  0.266071E+04
  0.420116E+01  0.436000E+03  0.268778E+04
  0.420341E+01  0.566000E+04  0.269211E+04
  0.420566E+01  0.608000E+04  0.268092E+04
  0.420791E+01 -0.956000E+03  0.267481E+04
  0.421016E+01  0.120800E+04  0.267951E+04
  0.421241E+01  0.302800E+04  0.268271E+04
  0.421466E+01 -0.246000E+04  0.268703E+04
  0.421691E+01 -0.612800E+04  0.267899E+04
  0.421916E+01 -0.140400E+04  0.268981E+04
  0.422141E+01 -0.996000E+03  0.269419E+04
  0.422366E+01 -0.785600E+04  0.269181E+04
  0.422591E+01 -0.436400E+04  0.268661E+04
  0.422816E+01 -0.477600E+04  0.269787E+04
  0.423041E+01 -0.271600E+04  0.271075E+04
  0.423266E+01 -0.120800E+04  0.270883E+04
  0.423491E+01 -0.484000E+04  0.269812E+04
  0.423716E+01 -0.521600E+04  0.268950E+04
  0.423941E+01 -0.433200E+04  0.269795E+04
  0.424166E+01 -0.196400E+04  0.270377E+04
  0.424391E+01  0.612000E+03  0.270980E+04
  0.424616E+01  0.864000E+03  0.270765E+04
  0.424841E+01 -0.408800E+04  0.271723E+04
  0.425066E+01 -0.328000E+03  0.271475E+04
  0.425291E+01  0.715600E+04  0.271120E+04
  0.425516E+01  0.318400E+04  0.270274E+04
  0.425741E+01  0.670000E+04  0.271500E+04
  0.425966E+01  0.610800E+04  0.271015E+04
  0.426190E+01  0.708000E+03  0.272274E+04
  0.426415E+01  0.142000E+04  0.271143E+04
  0.426640E+01 -0.249200E+04  0.270863E+04
  0.426865E+01 -0.366400E+04  0.272019E+04
  0.427090E+01 -0.414800E+04  0.272616E+04
  0.427315E+01 -0.168400E+04  0.273221E+04
  0.427540E+01  0.136000E+03  0.272307E+04
  0.427765E+01 -0.274000E+04  0.273165E+04
  0.427990E+01 -0.252400E+04  0.272603E+04
  0.428215E+01 -0.168000E+03  0.271822E+04
  0.428440E+01 -0.835600E+04  0.272215E+04
  0.428665E+01 -0.135200E+04  0.273720E+04
  0.428890E+01 -0.661200E+04  0.273785E+04
  0.429115E+01 -0.224000E+04  0.273876E+04
  0.429340E+01  0.400000E+03  0.271696E+04
  0.429565E+01 -0.312400E+04  0.273408E+04
  0.429790E+01 -0.542000E+04  0.273321E+04
  0.430015E+01 -0.601200E+04  0.274510E+04
  0.430240E+01 -0.967200E+04  0.274050E+04
  0.430465E+01 -0.117360E+05  0.274861E+04
  0.430690E+01 -0.946000E+04  0.274502E+04
  0.430915E+01 -0.368000E+04  0.274883E+04
  0.431140E+01 -0.556400E+04  0.273738E+04
  0.431365E+01  0.357200E+04  0.274191E+04
  0.431590E+01 -0.996000E+03  0.276088E+04
  0.431815E+01 -0.372400E+04  0.275997E+04
  0.432040E+01  0.248800E+04  0.275712E+04
  0.432265E+01  0.118400E+04  0.274341E+04
  0.432490E+01  0.168800E+04  0.276396E+04
  0.432715E+01 -0.584000E+03  0.276651E+04
  0.432940E+01  0.302800E+04  0.276715E+04
  0.433165E+01  0.205600E+04  0.276210E+04
  0.433390E+01 -0.162400E+04  0.276635E+04
  0.433614E+01  0.432000E+03  0.276825E+04
  0.433839E+01  0.100800E+04  0.277601E+04
  0.434064E+01 -0.580800E+04  0.276554E+04
  0.434289E+01 -0.639600E+04  0.277412E+04
  0.434514E+01 -0.137920E+05  0.278478E+04
  0.434739E+01 -0.832800E+04  0.277783E+04
  0.434964E+01 -0.102000E+05  0.276869E+04
  0.435189E+01 -0.999200E+04  0.276727E+04
  0.435414E+01 -0.294400E+04  0.278737E+04
  0.435639E+01 -0.874000E+04  0.278457E+04
  0.435864E+01 -0.378400E+04  0.278476E+04
  0.436089E+01 -0.389200E+04  0.278038E+04
  0.436314E+01 -0.534800E+04  0.278813E+04
  0.436539E+01 -0.896000E+04  0.279985E+04
  0.436764E+01 -0.693600E+04  0.279031E+04
  0.436989E+01 -0.392400E+04  0.278153E+04
  0.437214E+01  0.164000E+04  0.280362E+04
  0.437439E+01 -0.236800E+04  0.280886E+04
  0.437664E+01 -0.116000E+04  0.280257E+04
  0.437889E+01 -0.473600E+04  0.279248E+04
  0.438114E+01  0.472000E+03  0.279756E+04
  0.438339E+01  0.444000E+03  0.281601E+04
  0.438564E+01 -0.400000E+02  0.281336E+04
  0.438789E+01  0.492000E+04  0.279842E+04
  0.439014E+01  0.265200E+04  0.279977E+04
  0.439239E+01  0.289600E+04  0.281181E+04
  0.439464E+01 -0.109600E+04  0.282166E+04
  0.439689E+01 -0.240400E+04  0.281263E+04
  0.439914E+01 -0.256800E+04  0.280926E+04
  0.440139E+01 -0.216800E+04  0.283271E+04
  0.440364E+01  0.772000E+03  0.282720E+04
  0.440589E+01  0.920000E+03  0.282216E+04
  0.440814E+01  0.164000E+03  0.282664E+04
  0.441039E+01 -0.267200E+04  0.282773E+04
  0.441263E+01 -0.348000E+03  0.283878E+04
  0.441488E+01 -0.140000E+03  0.284394E+04
  0.441713E+01 -0.212000E+04  0.282901E+04
  0.441938E+01  0.612000E+03  0.283423E+04
  0.442163E+01 -0.148400E+04  0.284753E+04
  0.442388E+01 -0.930800E+04  0.285207E+04
  0.442613E+01 -0.954800E+04  0.285083E+04
  0.442838E+01 -0.887600E+04  0.285464E+04
  0.443063E+01 -0.200000E+04  0.285199E+04
  0.443288E+01  0.568400E+04  0.285139E+04
  0.443513E+01  0.278000E+04  0.286604E+04
  0.443738E+01 -0.138400E+04  0.285607E+04
  0.443963E+01  0.507200E+04  0.285943E+04
  0.444188E+01 -0.303600E+04  0.286997E+04
  0.444413E+01 -0.352000E+04  0.286589E+04
  0.444638E+01 -0.592000E+03  0.285473E+04
  0.444863E+01  0.223600E+04  0.286310E+04
  0.445088E+01 -0.210800E+04  0.287683E+04
  0.445313E+01 -0.388000E+04  0.287743E+04
  0.445538E+01 -0.132000E+03  0.287867E+04
  0.445763E+01 -0.273600E+04  0.287732E+04
  0.445988E+01 -0.115200E+04  0.288533E+04
  0.446213E+01  0.139600E+04  0.288219E+04
  0.446438E+01 -0.329600E+04  0.289505E+04
  0.446663E+01 -0.456800E+04  0.289661E+04
  0.446888E+01 -0.411200E+04  0.289589E+04
  0.447113E+01 -0.298400E+04  0.290821E+04
  0.447338E+01 -0.613200E+04  0.290034E+04
  0.447563E+01 -0.518000E+04  0.288527E+04
  0.447788E+01 -0.137200E+04  0.291040E+04
  0.448013E+01 -0.600000E+03  0.290574E+04
  0.448238E+01 -0.278400E+04  0.291768E+04
  0.448463E+01 -0.266800E+04  0.290578E+04
  0.448687E+01  0.140400E+04  0.292043E+04
  0.448912E+01  0.900000E+03  0.291490E+04
  0.449137E+01 -0.332000E+03  0.292792E+04
  0.449362E+01 -0.362000E+04  0.292473E+04
  0.449587E+01 -0.478000E+04  0.293278E+04
  0.449812E+01 -0.256000E+04  0.293099E+04
  0.450037E+01 -0.366800E+04  0.294049E+04
  0.450262E+01 -0.588400E+04  0.293014E+04
  0.450487E+01 -0.605200E+04  0.294645E+04
  0.450712E+01 -0.368400E+04  0.294687E+04
  0.450937E+01  0.200000E+03  0.294971E+04
  0.451162E+01  0.344800E+04  0.294624E+04
  0.451387E+01 -0.110000E+04  0.294533E+04
  0.451612E+01  0.424000E+03  0.294413E+04
  0.451837E+01 -0.290800E+04  0.296066E+04
  0.452062E+01 -0.347200E+04  0.296572E+04
  0.452287E+01 -0.482800E+04  0.296677E+04
  0.452512E+01  0.460000E+03  0.297715E+04
  0.452737E+01 -0.110000E+04  0.297031E+04
  0.452962E+01  0.880000E+03  0.297041E+04
  0.453187E+01 -0.119600E+04  0.297246E+04
  0.453412E+01 -0.737200E+04  0.297898E+04
  0.453637E+01 -0.578800E+04  0.298585E+04
  0.453862E+01 -0.629600E+04  0.299572E+04
  0.454087E+01 -0.413600E+04  0.299045E+04
  0.454312E+01 -0.200400E+04  0.298864E+04
  0.454537E+01  0.291200E+04  0.298554E+04
  0.454762E+01  0.932000E+03  0.300609E+04
  0.454987E+01 -0.231600E+04  0.300169E+04
  0.455212E+01 -0.996000E+03  0.300028E+04
  0.455437E+01 -0.508800E+04  0.301800E+04
  0.455662E+01 -0.416000E+03  0.301010E+04
  0.455887E+01 -0.128400E+04  0.301474E+04
  0.456111E+01 -0.734000E+04  0.302460E+04
  0.456336E+01 -0.408000E+03  0.303400E+04
  0.456561E+01 -0.668000E+03  0.304015E+04
  0.456786E+01 -0.242800E+04  0.303720E+04
  0.457011E+01  0.604000E+03  0.304150E+04
  0.457236E+01  0.236400E+04  0.304167E+04
  0.457461E+01 -0.565200E+04  0.304770E+04
  0.457686E+01  0.304800E+04  0.305554E+04
  0.457911E+01 -0.598800E+04  0.307203E+04
  0.458136E+01  0.105600E+04  0.306624E+04
  0.458361E+01  0.685200E+04  0.306575E+04
  0.458586E+01  0.521200E+04  0.305238E+04
  0.458811E+01  0.348400E+04  0.306304E+04
  0.459036E+01  0.184400E+04  0.308546E+04
  0.459261E+01  0.170800E+04  0.309184E+04
  0.459486E+01 -0.480400E+04  0.308986E+04
  0.459711E+01 -0.532800E+04  0.309209E+04
  0.459936E+01 -0.860000E+03  0.309149E+04
  0.460161E+01  0.848000E+03  0.310186E+04
  0.460386E+01  0.443600E+04  0.310001E+04
  0.460611E+01 -0.676000E+03  0.310162E+04
  0.460836E+01  0.380000E+03  0.311350E+04
  0.461061E+01 -0.353600E+04  0.311584E+04
  0.461286E+01  0.433600E+04  0.313123E+04
  0.461511E+01 -0.880000E+02  0.312490E+04
  0.461736E+01 -0.349600E+04  0.312913E+04
  0.461961E+01  0.383600E+04  0.314835E+04
  0.462186E+01 -0.324000E+03  0.315034E+04
  0.462411E+01  0.577600E+04  0.313994E+04
  0.462636E+01  0.503200E+04  0.314598E+04
  0.462861E+01  0.438800E+04  0.314967E+04
  0.463086E+01  0.121600E+04  0.316345E+04
  0.463311E+01 -0.281600E+04  0.317103E+04
  0.463535E+01 -0.105200E+04  0.318730E+04
  0.463760E+01 -0.448400E+04  0.318907E+04
  0.463985E+01 -0.336000E+03  0.317746E+04
  0.464210E+01  0.229600E+04  0.319320E+04
  0.464435E+01  0.262000E+04  0.318787E+04
  0.464660E+01  0.254800E+04  0.320315E+04
  0.464885E+01 -0.813200E+04  0.320840E+04
  0.465110E+01 -0.444000E+04  0.320889E+04
  0.465335E+01 -0.124800E+04  0.321310E+04
  0.465560E+01 -0.247600E+04  0.322231E+04
  0.465785E+01 -0.481200E+04  0.323533E+04
  0.466010E+01 -0.404400E+04  0.324311E+04
  0.466235E+01 -0.273200E+04  0.324808E+04
  0.466460E+01 -0.909600E+04  0.325627E+04
  0.466685E+01 -0.665200E+04  0.324696E+04
  0.466910E+01 -0.268400E+04  0.325448E+04
  0.467135E+01  0.404000E+03  0.326639E+04
  0.467360E+01  0.814000E+04  0.327004E+04
  0.467585E+01  0.984000E+03  0.328365E+04
  0.467810E+01 -0.964000E+03  0.328905E+04
  0.468035E+01  0.332800E+04  0.328816E+04
  0.468260E+01 -0.191600E+04  0.329443E+04
  0.468485E+01 -0.504800E+04  0.330892E+04
  0.468710E+01 -0.888400E+04  0.331133E+04
  0.468935E+01 -0.516800E+04  0.331727E+04
  0.469160E+01 -0.128000E+03  0.332952E+04
  0.469385E+01  0.249200E+04  0.333258E+04
  0.469610E+01 -0.177200E+04  0.333995E+04
  0.469835E+01 -0.441600E+04  0.333125E+04
  0.470060E+01 -0.376400E+04  0.336004E+04
  0.470285E+01 -0.103200E+04  0.336372E+04
  0.470510E+01 -0.248000E+04  0.338762E+04
  0.470735E+01 -0.518800E+04  0.339646E+04
  0.470959E+01  0.472000E+03  0.339584E+04
  0.471184E+01 -0.299600E+04  0.339333E+04
  0.471409E+01 -0.104000E+05  0.339794E+04
  0.471634E+01 -0.458800E+04  0.340672E+04
  0.471859E+01  0.600400E+04  0.341061E+04
  0.472084E+01 -0.224000E+03  0.342190E+04
  0.472309E+01 -0.392000E+03  0.343737E+04
  0.472534E+01 -0.264800E+04  0.345174E+04
  0.472759E+01 -0.649200E+04  0.346122E+04
  0.472984E+01 -0.235600E+04  0.344617E+04
  0.473209E+01 -0.164400E+04  0.347130E+04
  0.473434E+01 -0.214000E+04  0.348982E+04
  0.473659E+01  0.468000E+03  0.349597E+04
  0.473884E+01  0.433600E+04  0.350904E+04
  0.474109E+01  0.336400E+04  0.352053E+04
  0.474334E+01  0.296800E+04  0.352240E+04
  0.474559E+01  0.212400E+04  0.352836E+04
  0.474784E+01 -0.668000E+03  0.355022E+04
  0.475009E+01 -0.394400E+04  0.356241E+04
  0.475234E+01  0.488000E+03  0.357885E+04
  0.475459E+01  0.584000E+04  0.357856E+04
  0.475684E+01  0.184000E+04  0.358867E+04
  0.475909E+01  0.404400E+04  0.360178E+04
  0.476134E+01  0.149200E+04  0.360878E+04
  0.476359E+01  0.738800E+04  0.363323E+04
  0.476584E+01  0.850800E+04  0.363391E+04
  0.476809E+01  0.390800E+04  0.366490E+04
  0.477034E+01  0.376000E+04  0.365310E+04
  0.477259E+01 -0.576800E+04  0.366376E+04
  0.477484E+01 -0.800000E+04  0.369388E+04
  0.477709E+01 -0.590400E+04  0.371100E+04
  0.477934E+01 -0.536000E+04  0.371281E+04
  0.478159E+01 -0.616000E+04  0.372721E+04
  0.478383E+01 -0.297600E+04  0.374903E+04
  0.478608E+01  0.173600E+04  0.376206E+04
  0.478833E+01  0.490000E+04  0.378960E+04
  0.479058E+01 -0.788000E+03  0.378277E+04
  0.479283E+01 -0.172400E+04  0.381356E+04
  0.479508E+01  0.194800E+04  0.383964E+04
  0.479733E+01  0.257200E+04  0.383687E+04
  0.479958E+01  0.450800E+04  0.386972E+04
  0.480183E+01  0.102800E+04  0.386465E+04
  0.480408E+01 -0.276800E+04  0.388779E+04
  0.480633E+01  0.513600E+04  0.389268E+04
  0.480858E+01  0.248400E+04  0.391644E+04
  0.481083E+01  0.199600E+04  0.395181E+04
  0.481308E+01  0.329200E+04  0.396748E+04
  0.481533E+01  0.320400E+04  0.399601E+04
  0.481758E+01 -0.872000E+04  0.402068E+04
  0.481983E+01 -0.262000E+04  0.402829E+04
  0.482208E+01 -0.338800E+04  0.404257E+04
  0.482433E+01 -0.983600E+04  0.406699E+04
  0.482658E+01 -0.114200E+05  0.408876E+04
  0.482883E+01 -0.448400E+04  0.411990E+04
  0.483108E+01 -0.108400E+04  0.415249E+04
  0.483333E+01 -0.360400E+04  0.417073E+04
  0.483558E+01 -0.445600E+04  0.418309E+04
  0.483783E+01  0.728000E+03  0.421260E+04
  0.484008E+01  0.107600E+04  0.425999E+04
  0.484233E+01 -0.840800E+04  0.428881E+04
  0.484458E+01 -0.975200E+04  0.432184E+04
  0.484683E+01  0.269600E+04  0.434567E+04
  0.484908E+01  0.844000E+03  0.438383E+04
  0.485133E+01 -0.644000E+04  0.441957E+04
  0.485358E+01 -0.416800E+04  0.445576E+04
  0.485583E+01 -0.120680E+05  0.450490E+04
----------C:\Users2005\Paoletti.1005\data\fran2_059.dat-----------------------------
raw data file C:\Users2005\Paoletti.1005\fran2_059.mar2300                      
Sample:     Fab NGF     c=5  mg/ml Code :                                       
X33 MAR345 data take started: Fri Oct 21 23:48:46 2005                          
                    finished: Fri Oct 21 23:53:11 2005                          
Processed by MAR-PRIMUS: Sat Oct 22 12:18:00 2005                               
 Channels from            1  to         2476                                    
  Angular axis file saxis1019.dat                                               
 BeamCenter_X=    2182.510       BeamCenter_Y=    1130.420                      
 Datector response file none Mask file mask_20051019.msk                        
 Calibration channel            3                                               
 Scale factor   10000000.0000000       Offset    1000.00000000000               
----------C:\Users2005\Paoletti.1005\data\fran2_060.dat-----------------------------
raw data file C:\Users2005\Paoletti.1005\fran2_060.mar2300                      
Sample:     buffer Fab NGF     c=0  mg/ml Code :                                
X33 MAR345 data take started: Fri Oct 21 23:57:38 2005                          
                    finished: Sat Oct 22 00:02:04 2005                          
Processed by MAR-PRIMUS: Sat Oct 22 12:18:12 2005                               
 Channels from            1  to         2476                                    
  Angular axis file saxis1019.dat                                               
 BeamCenter_X=    2182.510       BeamCenter_Y=    1130.420                      
 Datector response file none Mask file mask_20051019.msk                        
 Calibration channel            3                                               
 Scale factor   10000000.0000000       Offset    1000.00000000000               
