 Merge of: 0.7fh1114_57 1.6fh1114_54                                                                                                                                                                                                                            
0.7fh1114_57  Conc = .10E+01  Mult = .10E+01  N1 =   87  N2 =  600  SCALE =  1
1.6fh1114_54  Conc = .10E+01  Mult = .99E+00  N1 =  550  N2 = 2050  SCALE =  1
 0.270900E+00  0.300196E+00  0.105414E-01
 0.273200E+00  0.294692E+00  0.986314E-02
 0.275500E+00  0.298972E+00  0.965616E-02
 0.277800E+00  0.309880E+00  0.962499E-02
 0.280100E+00  0.294760E+00  0.936153E-02
 0.282400E+00  0.292517E+00  0.928173E-02
 0.284700E+00  0.284692E+00  0.912821E-02
 0.287000E+00  0.298819E+00  0.899195E-02
 0.289300E+00  0.295856E+00  0.891303E-02
 0.291600E+00  0.297620E+00  0.870393E-02
 0.293900E+00  0.290788E+00  0.870566E-02
 0.296200E+00  0.285017E+00  0.852596E-02
 0.298500E+00  0.275634E+00  0.834333E-02
 0.300800E+00  0.276284E+00  0.829066E-02
 0.303100E+00  0.278544E+00  0.817828E-02
 0.305400E+00  0.272278E+00  0.818157E-02
 0.307700E+00  0.274743E+00  0.798580E-02
 0.310000E+00  0.282946E+00  0.792551E-02
 0.312300E+00  0.283202E+00  0.782381E-02
 0.314600E+00  0.276575E+00  0.772282E-02
 0.316900E+00  0.272945E+00  0.769190E-02
 0.319200E+00  0.270000E+00  0.749804E-02
 0.321500E+00  0.268613E+00  0.752789E-02
 0.323800E+00  0.264298E+00  0.740269E-02
 0.326100E+00  0.269161E+00  0.730064E-02
 0.328400E+00  0.275976E+00  0.724886E-02
 0.330700E+00  0.286798E+00  0.716209E-02
 0.333000E+00  0.280325E+00  0.721368E-02
 0.335300E+00  0.266010E+00  0.707723E-02
 0.337600E+00  0.255171E+00  0.699770E-02
 0.339900E+00  0.252243E+00  0.693050E-02
 0.342200E+00  0.252175E+00  0.681985E-02
 0.344500E+00  0.255274E+00  0.687192E-02
 0.346800E+00  0.257825E+00  0.673577E-02
 0.349100E+00  0.258973E+00  0.674512E-02
 0.351400E+00  0.247757E+00  0.669468E-02
 0.353700E+00  0.237089E+00  0.659438E-02
 0.356000E+00  0.237552E+00  0.654913E-02
 0.358300E+00  0.252688E+00  0.645052E-02
 0.360600E+00  0.248544E+00  0.646114E-02
 0.362900E+00  0.251593E+00  0.637309E-02
 0.365200E+00  0.253459E+00  0.630253E-02
 0.367500E+00  0.255616E+00  0.627901E-02
 0.369800E+00  0.247808E+00  0.618528E-02
 0.372100E+00  0.240034E+00  0.622563E-02
 0.374400E+00  0.236969E+00  0.614805E-02
 0.376700E+00  0.250908E+00  0.608114E-02
 0.379000E+00  0.248921E+00  0.608447E-02
 0.381300E+00  0.254298E+00  0.598044E-02
 0.383600E+00  0.243853E+00  0.601919E-02
 0.385900E+00  0.235308E+00  0.588334E-02
 0.388200E+00  0.239110E+00  0.591258E-02
 0.390500E+00  0.230599E+00  0.586989E-02
 0.392800E+00  0.228288E+00  0.581758E-02
 0.395100E+00  0.233990E+00  0.576995E-02
 0.397400E+00  0.239281E+00  0.573092E-02
 0.399700E+00  0.240548E+00  0.573969E-02
 0.402000E+00  0.223510E+00  0.566560E-02
 0.404300E+00  0.220891E+00  0.567007E-02
 0.406600E+00  0.217637E+00  0.561036E-02
 0.408900E+00  0.215582E+00  0.555833E-02
 0.411200E+00  0.222705E+00  0.557264E-02
 0.413500E+00  0.216250E+00  0.550321E-02
 0.415800E+00  0.218099E+00  0.546288E-02
 0.418100E+00  0.220514E+00  0.548035E-02
 0.420400E+00  0.214726E+00  0.542058E-02
 0.422700E+00  0.211558E+00  0.543400E-02
 0.425000E+00  0.221849E+00  0.532074E-02
 0.427300E+00  0.216541E+00  0.531527E-02
 0.429600E+00  0.221541E+00  0.529688E-02
 0.431900E+00  0.219435E+00  0.529969E-02
 0.434200E+00  0.214126E+00  0.527716E-02
 0.436500E+00  0.203647E+00  0.522489E-02
 0.438800E+00  0.211850E+00  0.523223E-02
 0.441100E+00  0.207791E+00  0.514567E-02
 0.443400E+00  0.198852E+00  0.515218E-02
 0.445700E+00  0.204349E+00  0.511199E-02
 0.448000E+00  0.206627E+00  0.510488E-02
 0.450300E+00  0.203904E+00  0.510751E-02
 0.452600E+00  0.203562E+00  0.505900E-02
 0.454900E+00  0.203116E+00  0.502758E-02
 0.457200E+00  0.193048E+00  0.498940E-02
 0.459500E+00  0.199897E+00  0.500047E-02
 0.461800E+00  0.200908E+00  0.498389E-02
 0.464100E+00  0.201969E+00  0.490279E-02
 0.466400E+00  0.198613E+00  0.490175E-02
 0.468700E+00  0.186678E+00  0.486841E-02
 0.471000E+00  0.188716E+00  0.487751E-02
 0.473300E+00  0.189658E+00  0.485228E-02
 0.475600E+00  0.185617E+00  0.483325E-02
 0.477900E+00  0.189058E+00  0.484550E-02
 0.480200E+00  0.187294E+00  0.477922E-02
 0.482500E+00  0.190753E+00  0.479774E-02
 0.484800E+00  0.189692E+00  0.475658E-02
 0.487100E+00  0.190360E+00  0.474045E-02
 0.489400E+00  0.192312E+00  0.476327E-02
 0.491700E+00  0.182432E+00  0.470406E-02
 0.494000E+00  0.173322E+00  0.469139E-02
 0.496300E+00  0.177037E+00  0.465827E-02
 0.498600E+00  0.180719E+00  0.464691E-02
 0.500900E+00  0.189452E+00  0.467294E-02
 0.503200E+00  0.179692E+00  0.458755E-02
 0.505500E+00  0.174521E+00  0.462314E-02
 0.507800E+00  0.172363E+00  0.454293E-02
 0.510100E+00  0.174743E+00  0.454367E-02
 0.512400E+00  0.172894E+00  0.452831E-02
 0.514700E+00  0.168013E+00  0.449001E-02
 0.517000E+00  0.171558E+00  0.452191E-02
 0.519300E+00  0.169726E+00  0.446966E-02
 0.521600E+00  0.166335E+00  0.447270E-02
 0.523900E+00  0.161181E+00  0.444509E-02
 0.526200E+00  0.159229E+00  0.443556E-02
 0.528500E+00  0.162089E+00  0.442225E-02
 0.530800E+00  0.167654E+00  0.439593E-02
 0.533100E+00  0.162962E+00  0.439638E-02
 0.535400E+00  0.168562E+00  0.437916E-02
 0.537700E+00  0.168099E+00  0.437474E-02
 0.540000E+00  0.159418E+00  0.434789E-02
 0.542300E+00  0.155787E+00  0.430918E-02
 0.544600E+00  0.154692E+00  0.432938E-02
 0.546900E+00  0.160000E+00  0.430147E-02
 0.549200E+00  0.158493E+00  0.431393E-02
 0.551500E+00  0.153493E+00  0.426165E-02
 0.553800E+00  0.157603E+00  0.422789E-02
 0.556100E+00  0.155376E+00  0.423900E-02
 0.558400E+00  0.149675E+00  0.421991E-02
 0.560700E+00  0.145976E+00  0.424863E-02
 0.563000E+00  0.152089E+00  0.418845E-02
 0.565300E+00  0.151010E+00  0.421126E-02
 0.567600E+00  0.148339E+00  0.417236E-02
 0.569900E+00  0.151712E+00  0.415892E-02
 0.572200E+00  0.151318E+00  0.416610E-02
 0.574500E+00  0.155685E+00  0.413674E-02
 0.576800E+00  0.152894E+00  0.415183E-02
 0.579100E+00  0.146352E+00  0.414416E-02
 0.581400E+00  0.144230E+00  0.407651E-02
 0.583700E+00  0.145548E+00  0.409364E-02
 0.586000E+00  0.144350E+00  0.406954E-02
 0.588300E+00  0.141695E+00  0.408544E-02
 0.590600E+00  0.139469E+00  0.406406E-02
 0.592900E+00  0.138716E+00  0.406142E-02
 0.595200E+00  0.136661E+00  0.404274E-02
 0.597500E+00  0.135993E+00  0.401756E-02
 0.599800E+00  0.133665E+00  0.401751E-02
 0.602100E+00  0.135069E+00  0.399571E-02
 0.604400E+00  0.137928E+00  0.398988E-02
 0.606700E+00  0.135753E+00  0.397436E-02
 0.609000E+00  0.132192E+00  0.395551E-02
 0.611300E+00  0.134487E+00  0.393679E-02
 0.613600E+00  0.135325E+00  0.392829E-02
 0.615900E+00  0.136096E+00  0.393670E-02
 0.618200E+00  0.135000E+00  0.392273E-02
 0.620500E+00  0.133802E+00  0.389925E-02
 0.622800E+00  0.130925E+00  0.391173E-02
 0.625100E+00  0.124110E+00  0.387918E-02
 0.627400E+00  0.119572E+00  0.390273E-02
 0.629700E+00  0.115856E+00  0.387301E-02
 0.632000E+00  0.123065E+00  0.387400E-02
 0.634300E+00  0.126216E+00  0.385914E-02
 0.636600E+00  0.125137E+00  0.383289E-02
 0.638900E+00  0.125856E+00  0.383030E-02
 0.641200E+00  0.124332E+00  0.379993E-02
 0.643500E+00  0.122295E+00  0.383007E-02
 0.645800E+00  0.121764E+00  0.380281E-02
 0.648100E+00  0.121695E+00  0.376617E-02
 0.650400E+00  0.119264E+00  0.377269E-02
 0.652700E+00  0.119161E+00  0.374677E-02
 0.655000E+00  0.117466E+00  0.376689E-02
 0.657300E+00  0.110103E+00  0.373895E-02
 0.659600E+00  0.111147E+00  0.373356E-02
 0.661900E+00  0.118133E+00  0.374731E-02
 0.664200E+00  0.123733E+00  0.371407E-02
 0.666500E+00  0.116182E+00  0.373381E-02
 0.668800E+00  0.114127E+00  0.367788E-02
 0.671100E+00  0.111901E+00  0.369109E-02
 0.673400E+00  0.113151E+00  0.369395E-02
 0.675700E+00  0.110771E+00  0.367206E-02
 0.678000E+00  0.113801E+00  0.367595E-02
 0.680300E+00  0.108716E+00  0.364222E-02
 0.682600E+00  0.103048E+00  0.366155E-02
 0.684900E+00  0.110086E+00  0.364760E-02
 0.687200E+00  0.118733E+00  0.364290E-02
 0.689500E+00  0.112928E+00  0.361925E-02
 0.691800E+00  0.110788E+00  0.360361E-02
 0.694100E+00  0.110188E+00  0.361324E-02
 0.696400E+00  0.104812E+00  0.359384E-02
 0.698700E+00  0.101644E+00  0.357781E-02
 0.701000E+00  0.102312E+00  0.359193E-02
 0.703300E+00  0.103956E+00  0.358125E-02
 0.705600E+00  0.104161E+00  0.359073E-02
 0.707900E+00  0.104161E+00  0.354731E-02
 0.710200E+00  0.994349E-01  0.354351E-02
 0.712500E+00  0.100976E+00  0.352897E-02
 0.714800E+00  0.992295E-01  0.352979E-02
 0.717100E+00  0.982192E-01  0.352007E-02
 0.719400E+00  0.999487E-01  0.350671E-02
 0.721700E+00  0.102346E+00  0.351935E-02
 0.724000E+00  0.102997E+00  0.350069E-02
 0.726300E+00  0.101712E+00  0.350368E-02
 0.728600E+00  0.100360E+00  0.349177E-02
 0.730900E+00  0.980651E-01  0.347839E-02
 0.733200E+00  0.958048E-01  0.348916E-02
 0.735500E+00  0.926541E-01  0.345785E-02
 0.737800E+00  0.986987E-01  0.344879E-02
 0.740100E+00  0.944007E-01  0.345120E-02
 0.742400E+00  0.917979E-01  0.343629E-02
 0.744700E+00  0.959589E-01  0.346146E-02
 0.747000E+00  0.937500E-01  0.340725E-02
 0.749300E+00  0.878596E-01  0.341410E-02
 0.751600E+00  0.888527E-01  0.340473E-02
 0.753900E+00  0.896918E-01  0.341228E-02
 0.756200E+00  0.892980E-01  0.340967E-02
 0.758500E+00  0.927055E-01  0.339364E-02
 0.760800E+00  0.934418E-01  0.339310E-02
 0.763100E+00  0.967980E-01  0.337968E-02
 0.765400E+00  0.919349E-01  0.336853E-02
 0.767700E+00  0.917808E-01  0.336044E-02
 0.770000E+00  0.905822E-01  0.337054E-02
 0.772300E+00  0.868664E-01  0.337226E-02
 0.774600E+00  0.871575E-01  0.334768E-02
 0.776900E+00  0.852397E-01  0.334249E-02
 0.779200E+00  0.832021E-01  0.333138E-02
 0.781500E+00  0.825514E-01  0.332383E-02
 0.783800E+00  0.832877E-01  0.333944E-02
 0.786100E+00  0.828254E-01  0.329971E-02
 0.788400E+00  0.803424E-01  0.331953E-02
 0.790700E+00  0.859589E-01  0.330102E-02
 0.793000E+00  0.839555E-01  0.330699E-02
 0.795300E+00  0.811644E-01  0.327839E-02
 0.797600E+00  0.793151E-01  0.328275E-02
 0.799900E+00  0.792294E-01  0.328469E-02
 0.802200E+00  0.765069E-01  0.327060E-02
 0.804500E+00  0.808220E-01  0.326997E-02
 0.806800E+00  0.775171E-01  0.325020E-02
 0.809100E+00  0.774315E-01  0.324921E-02
 0.811400E+00  0.822945E-01  0.326376E-02
 0.813700E+00  0.835788E-01  0.324057E-02
 0.816000E+00  0.862158E-01  0.323949E-02
 0.818300E+00  0.789726E-01  0.323829E-02
 0.820600E+00  0.783048E-01  0.322230E-02
 0.822900E+00  0.791610E-01  0.323826E-02
 0.825200E+00  0.818151E-01  0.319563E-02
 0.827500E+00  0.816438E-01  0.322174E-02
 0.829800E+00  0.794863E-01  0.321225E-02
 0.832100E+00  0.738528E-01  0.321077E-02
 0.834400E+00  0.721233E-01  0.320366E-02
 0.836700E+00  0.766610E-01  0.318825E-02
 0.839000E+00  0.745548E-01  0.320078E-02
 0.841300E+00  0.705821E-01  0.318073E-02
 0.843600E+00  0.679281E-01  0.317939E-02
 0.845900E+00  0.721061E-01  0.316540E-02
 0.848200E+00  0.741267E-01  0.315739E-02
 0.850500E+00  0.733219E-01  0.316220E-02
 0.852800E+00  0.725000E-01  0.314774E-02
 0.855100E+00  0.727397E-01  0.314714E-02
 0.857400E+00  0.742123E-01  0.315348E-02
 0.859700E+00  0.800000E-01  0.314251E-02
 0.862000E+00  0.741267E-01  0.312905E-02
 0.864300E+00  0.659075E-01  0.312238E-02
 0.866600E+00  0.690753E-01  0.313353E-02
 0.868900E+00  0.700514E-01  0.311541E-02
 0.871200E+00  0.683904E-01  0.311911E-02
 0.873500E+00  0.677569E-01  0.310419E-02
 0.875800E+00  0.686131E-01  0.309804E-02
 0.878100E+00  0.661301E-01  0.309563E-02
 0.880400E+00  0.697945E-01  0.308343E-02
 0.882700E+00  0.692979E-01  0.309006E-02
 0.885000E+00  0.700000E-01  0.307591E-02
 0.887300E+00  0.622774E-01  0.308954E-02
 0.889600E+00  0.626713E-01  0.307225E-02
 0.891900E+00  0.661301E-01  0.306138E-02
 0.894200E+00  0.661987E-01  0.307313E-02
 0.896500E+00  0.638185E-01  0.305136E-02
 0.898800E+00  0.597774E-01  0.306114E-02
 0.901100E+00  0.628767E-01  0.304503E-02
 0.903400E+00  0.696404E-01  0.303671E-02
 0.905700E+00  0.667294E-01  0.305466E-02
 0.908000E+00  0.587158E-01  0.302057E-02
 0.910300E+00  0.570034E-01  0.303588E-02
 0.912600E+00  0.531164E-01  0.301271E-02
 0.914900E+00  0.560959E-01  0.302370E-02
 0.917200E+00  0.578082E-01  0.301649E-02
 0.919500E+00  0.566267E-01  0.300760E-02
 0.921800E+00  0.598459E-01  0.300955E-02
 0.924100E+00  0.655480E-01  0.298737E-02
 0.926400E+00  0.629966E-01  0.300809E-02
 0.928700E+00  0.586302E-01  0.299702E-02
 0.931000E+00  0.577911E-01  0.297931E-02
 0.933300E+00  0.590068E-01  0.299137E-02
 0.935600E+00  0.562158E-01  0.296909E-02
 0.937900E+00  0.566096E-01  0.297090E-02
 0.940200E+00  0.555137E-01  0.296022E-02
 0.942500E+00  0.548802E-01  0.297411E-02
 0.944800E+00  0.572432E-01  0.298351E-02
 0.947100E+00  0.556849E-01  0.296408E-02
 0.949400E+00  0.564897E-01  0.296950E-02
 0.951700E+00  0.592466E-01  0.293206E-02
 0.954000E+00  0.601199E-01  0.295022E-02
 0.956300E+00  0.637500E-01  0.295956E-02
 0.958600E+00  0.628082E-01  0.293746E-02
 0.960900E+00  0.576884E-01  0.293983E-02
 0.963200E+00  0.544863E-01  0.292059E-02
 0.965500E+00  0.561302E-01  0.293987E-02
 0.967800E+00  0.567123E-01  0.294224E-02
 0.970100E+00  0.538870E-01  0.290704E-02
 0.972400E+00  0.594863E-01  0.291892E-02
 0.974700E+00  0.599658E-01  0.291397E-02
 0.977000E+00  0.529452E-01  0.290926E-02
 0.979300E+00  0.514555E-01  0.289626E-02
 0.981600E+00  0.542466E-01  0.288438E-02
 0.983900E+00  0.542980E-01  0.290741E-02
 0.986200E+00  0.534589E-01  0.289028E-02
 0.988500E+00  0.533733E-01  0.290129E-02
 0.990800E+00  0.519863E-01  0.287509E-02
 0.993100E+00  0.490240E-01  0.287584E-02
 0.995400E+00  0.498459E-01  0.287597E-02
 0.997700E+00  0.519801E-01  0.276647E-02
 0.100000E+01  0.530134E-01  0.347807E-02
 0.100200E+01  0.513417E-01  0.238245E-02
 0.100500E+01  0.517614E-01  0.314897E-02
 0.100700E+01  0.489911E-01  0.336224E-02
 0.100900E+01  0.509989E-01  0.235615E-02
 0.101200E+01  0.489829E-01  0.313288E-02
 0.101400E+01  0.526976E-01  0.288443E-02
 0.101600E+01  0.487544E-01  0.330549E-02
 0.101800E+01  0.495442E-01  0.234450E-02
 0.102100E+01  0.492874E-01  0.311090E-02
 0.102300E+01  0.492198E-01  0.333945E-02
 0.102500E+01  0.478476E-01  0.233849E-02
 0.102800E+01  0.484475E-01  0.312019E-02
 0.103000E+01  0.474961E-01  0.331654E-02
 0.103200E+01  0.436255E-01  0.277046E-02
 0.103500E+01  0.501509E-01  0.225029E-02
 0.103900E+01  0.513296E-01  0.398132E-02
 0.104100E+01  0.461124E-01  0.239789E-02
 0.104400E+01  0.470762E-01  0.308938E-02
 0.104600E+01  0.496129E-01  0.328492E-02
 0.104800E+01  0.481788E-01  0.231163E-02
 0.105100E+01  0.446520E-01  0.306521E-02
 0.105300E+01  0.449673E-01  0.328134E-02
 0.105500E+01  0.435420E-01  0.230223E-02
 0.105800E+01  0.430482E-01  0.304428E-02
 0.106000E+01  0.373727E-01  0.280277E-02
 0.106200E+01  0.407068E-01  0.322013E-02
 0.106400E+01  0.468328E-01  0.228624E-02
 0.106700E+01  0.432420E-01  0.304037E-02
 0.106900E+01  0.426194E-01  0.323736E-02
 0.107100E+01  0.474186E-01  0.228632E-02
 0.107400E+01  0.466985E-01  0.303272E-02
 0.107600E+01  0.432984E-01  0.324240E-02
 0.107800E+01  0.445358E-01  0.226600E-02
 0.108100E+01  0.476920E-01  0.300680E-02
 0.108300E+01  0.455778E-01  0.277851E-02
 0.108500E+01  0.435524E-01  0.316499E-02
 0.108700E+01  0.450691E-01  0.225989E-02
 0.109000E+01  0.439311E-01  0.299128E-02
 0.109200E+01  0.428648E-01  0.320837E-02
 0.109400E+01  0.443610E-01  0.225677E-02
 0.109700E+01  0.455971E-01  0.298493E-02
 0.109900E+01  0.474580E-01  0.321283E-02
 0.110100E+01  0.432385E-01  0.224740E-02
 0.110400E+01  0.434066E-01  0.298461E-02
 0.110600E+01  0.437197E-01  0.274608E-02
 0.110800E+01  0.445366E-01  0.311243E-02
 0.111000E+01  0.431774E-01  0.223653E-02
 0.111300E+01  0.415843E-01  0.296267E-02
 0.111500E+01  0.428648E-01  0.318928E-02
 0.111700E+01  0.432510E-01  0.222152E-02
 0.112000E+01  0.431769E-01  0.293543E-02
 0.112200E+01  0.409910E-01  0.317476E-02
 0.112400E+01  0.418876E-01  0.221625E-02
 0.112700E+01  0.463775E-01  0.295033E-02
 0.112900E+01  0.445346E-01  0.270324E-02
 0.113100E+01  0.439173E-01  0.309529E-02
 0.113300E+01  0.408135E-01  0.221635E-02
 0.113600E+01  0.376187E-01  0.291935E-02
 0.113800E+01  0.389935E-01  0.313850E-02
 0.114000E+01  0.435642E-01  0.220475E-02
 0.114300E+01  0.406670E-01  0.292306E-02
 0.114500E+01  0.393210E-01  0.312938E-02
 0.114700E+01  0.385651E-01  0.218850E-02
 0.115000E+01  0.387533E-01  0.291427E-02
 0.115200E+01  0.393326E-01  0.267266E-02
 0.115400E+01  0.386325E-01  0.307210E-02
 0.115600E+01  0.401145E-01  0.218898E-02
 0.115900E+01  0.404995E-01  0.289223E-02
 0.116100E+01  0.385861E-01  0.311473E-02
 0.116300E+01  0.384896E-01  0.217480E-02
 0.116600E+01  0.400623E-01  0.289451E-02
 0.116800E+01  0.368231E-01  0.309226E-02
 0.117000E+01  0.381024E-01  0.217488E-02
 0.117300E+01  0.383175E-01  0.288703E-02
 0.117500E+01  0.373692E-01  0.263637E-02
 0.117700E+01  0.371555E-01  0.302265E-02
 0.117900E+01  0.377457E-01  0.216480E-02
 0.118200E+01  0.392666E-01  0.287501E-02
 0.118400E+01  0.387683E-01  0.307460E-02
 0.118600E+01  0.390918E-01  0.214522E-02
 0.118900E+01  0.414847E-01  0.287187E-02
 0.119100E+01  0.458761E-01  0.304467E-02
 0.119300E+01  0.406422E-01  0.214569E-02
 0.119600E+01  0.365906E-01  0.285031E-02
 0.119800E+01  0.409659E-01  0.261565E-02
 0.120000E+01  0.413364E-01  0.301288E-02
 0.120200E+01  0.375419E-01  0.213038E-02
 0.120500E+01  0.387381E-01  0.283271E-02
 0.120700E+01  0.370887E-01  0.302254E-02
 0.120900E+01  0.359496E-01  0.213172E-02
 0.121200E+01  0.334053E-01  0.283915E-02
 0.121400E+01  0.335318E-01  0.302028E-02
 0.121600E+01  0.327430E-01  0.211961E-02
 0.121900E+01  0.359167E-01  0.280703E-02
 0.122100E+01  0.400106E-01  0.258818E-02
 0.122300E+01  0.408922E-01  0.296352E-02
 0.122500E+01  0.362943E-01  0.211571E-02
 0.122800E+01  0.348692E-01  0.281615E-02
 0.123000E+01  0.350351E-01  0.300330E-02
 0.123200E+01  0.352794E-01  0.210118E-02
 0.123500E+01  0.355223E-01  0.278704E-02
 0.123700E+01  0.346825E-01  0.300275E-02
 0.123900E+01  0.347761E-01  0.210726E-02
 0.124200E+01  0.365352E-01  0.279316E-02
 0.124400E+01  0.359712E-01  0.256837E-02
 0.124600E+01  0.343629E-01  0.293362E-02
 0.124800E+01  0.328272E-01  0.209471E-02
 0.125100E+01  0.358835E-01  0.278026E-02
 0.125300E+01  0.352841E-01  0.298006E-02
 0.125500E+01  0.290821E-01  0.209344E-02
 0.125800E+01  0.328615E-01  0.277038E-02
 0.126000E+01  0.364991E-01  0.298121E-02
 0.126200E+01  0.368168E-01  0.208622E-02
 0.126500E+01  0.362986E-01  0.276606E-02
 0.126700E+01  0.333193E-01  0.255469E-02
 0.126900E+01  0.310855E-01  0.291310E-02
 0.127100E+01  0.298257E-01  0.208086E-02
 0.127400E+01  0.296734E-01  0.275082E-02
 0.127600E+01  0.297046E-01  0.296164E-02
 0.127800E+01  0.335228E-01  0.207741E-02
 0.128100E+01  0.316646E-01  0.275392E-02
 0.128300E+01  0.338153E-01  0.296037E-02
 0.128500E+01  0.313943E-01  0.206292E-02
 0.128800E+01  0.344721E-01  0.275560E-02
 0.129000E+01  0.371093E-01  0.252895E-02
 0.129200E+01  0.336883E-01  0.287591E-02
 0.129400E+01  0.325249E-01  0.206585E-02
 0.129700E+01  0.298810E-01  0.273701E-02
 0.129900E+01  0.329755E-01  0.293894E-02
 0.130100E+01  0.347633E-01  0.205621E-02
 0.130400E+01  0.326775E-01  0.273075E-02
 0.130600E+01  0.331245E-01  0.293206E-02
 0.130800E+01  0.309922E-01  0.205009E-02
 0.131100E+01  0.322264E-01  0.273999E-02
 0.131300E+01  0.306674E-01  0.250810E-02
 0.131500E+01  0.279326E-01  0.288206E-02
 0.131700E+01  0.287520E-01  0.206841E-02
 0.132000E+01  0.299447E-01  0.274698E-02
 0.132200E+01  0.292424E-01  0.294754E-02
 0.132400E+01  0.321549E-01  0.206672E-02
 0.132700E+01  0.325599E-01  0.276547E-02
 0.132900E+01  0.335045E-01  0.296132E-02
 0.133100E+01  0.265128E-01  0.207754E-02
 0.133400E+01  0.256220E-01  0.276583E-02
 0.133600E+01  0.282544E-01  0.205653E-02
 0.133800E+01  0.303019E-01  0.163782E-02
 0.134000E+01  0.308065E-01  0.114489E-02
 0.134300E+01  0.321454E-01  0.152299E-02
 0.134500E+01  0.306412E-01  0.163678E-02
 0.134700E+01  0.282069E-01  0.114469E-02
 0.135000E+01  0.272587E-01  0.153043E-02
 0.135200E+01  0.284709E-01  0.163017E-02
 0.135400E+01  0.263895E-01  0.115316E-02
 0.135700E+01  0.264760E-01  0.153081E-02
 0.135900E+01  0.271240E-01  0.140427E-02
 0.136100E+01  0.264506E-01  0.161492E-02
 0.136300E+01  0.284496E-01  0.114822E-02
 0.136600E+01  0.297189E-01  0.153793E-02
 0.136800E+01  0.294951E-01  0.164364E-02
 0.137000E+01  0.304378E-01  0.115222E-02
 0.137300E+01  0.313378E-01  0.153103E-02
 0.137500E+01  0.299127E-01  0.163655E-02
 0.137700E+01  0.274177E-01  0.115790E-02
 0.138000E+01  0.264386E-01  0.153040E-02
 0.138200E+01  0.278712E-01  0.141223E-02
 0.138400E+01  0.273535E-01  0.162427E-02
 0.138600E+01  0.266102E-01  0.115533E-02
 0.138900E+01  0.271779E-01  0.153472E-02
 0.139100E+01  0.275925E-01  0.163352E-02
 0.139300E+01  0.291456E-01  0.115720E-02
 0.139600E+01  0.282390E-01  0.153777E-02
 0.139800E+01  0.285222E-01  0.164517E-02
 0.140000E+01  0.286880E-01  0.115661E-02
 0.140300E+01  0.282620E-01  0.153657E-02
 0.140500E+01  0.274227E-01  0.141687E-02
 0.140700E+01  0.275447E-01  0.162160E-02
 0.140900E+01  0.272559E-01  0.115566E-02
 0.141200E+01  0.259405E-01  0.153684E-02
 0.141400E+01  0.253207E-01  0.164152E-02
 0.141600E+01  0.234800E-01  0.115989E-02
 0.141900E+01  0.260875E-01  0.152907E-02
 0.142100E+01  0.257471E-01  0.164390E-02
 0.142300E+01  0.263841E-01  0.116175E-02
 0.142600E+01  0.271248E-01  0.153848E-02
 0.142800E+01  0.271617E-01  0.141712E-02
 0.143000E+01  0.267442E-01  0.161521E-02
 0.143200E+01  0.256414E-01  0.115705E-02
 0.143500E+01  0.245369E-01  0.153782E-02
 0.143700E+01  0.250888E-01  0.164323E-02
 0.143900E+01  0.274709E-01  0.115828E-02
 0.144200E+01  0.254040E-01  0.154044E-02
 0.144400E+01  0.239493E-01  0.165469E-02
 0.144600E+01  0.243455E-01  0.115560E-02
 0.144900E+01  0.246030E-01  0.153574E-02
 0.145100E+01  0.250882E-01  0.141628E-02
 0.145300E+01  0.266238E-01  0.163840E-02
 0.145500E+01  0.256362E-01  0.950033E-03
 0.145800E+01  0.253132E-01  0.125340E-02
 0.146000E+01  0.275065E-01  0.134598E-02
 0.146200E+01  0.269493E-01  0.944887E-03
 0.146500E+01  0.250379E-01  0.125911E-02
 0.146700E+01  0.234466E-01  0.134929E-02
 0.146900E+01  0.235427E-01  0.947355E-03
 0.147200E+01  0.222250E-01  0.126511E-02
 0.147400E+01  0.220669E-01  0.115335E-02
 0.147600E+01  0.228006E-01  0.132651E-02
 0.147800E+01  0.228287E-01  0.947115E-03
 0.148100E+01  0.238349E-01  0.125704E-02
 0.148300E+01  0.240748E-01  0.135168E-02
 0.148500E+01  0.227915E-01  0.947425E-03
 0.148800E+01  0.217480E-01  0.126283E-02
 0.149000E+01  0.216771E-01  0.134199E-02
 0.149200E+01  0.221150E-01  0.946937E-03
 0.149500E+01  0.228126E-01  0.126127E-02
 0.149700E+01  0.228425E-01  0.115421E-02
 0.149900E+01  0.226385E-01  0.132935E-02
 0.150100E+01  0.228116E-01  0.945714E-03
 0.150400E+01  0.232035E-01  0.126043E-02
 0.150600E+01  0.249537E-01  0.134969E-02
 0.150800E+01  0.249719E-01  0.947615E-03
 0.151100E+01  0.245854E-01  0.126183E-02
 0.151300E+01  0.232202E-01  0.134315E-02
 0.151500E+01  0.240669E-01  0.948120E-03
 0.151800E+01  0.235699E-01  0.125643E-02
 0.152000E+01  0.234026E-01  0.115114E-02
 0.152200E+01  0.245987E-01  0.132524E-02
 0.152400E+01  0.236140E-01  0.943876E-03
 0.152700E+01  0.221684E-01  0.125798E-02
 0.152900E+01  0.212580E-01  0.134023E-02
 0.153100E+01  0.205068E-01  0.940580E-03
 0.153400E+01  0.229091E-01  0.125807E-02
 0.153600E+01  0.211315E-01  0.133882E-02
 0.153800E+01  0.221388E-01  0.946045E-03
 0.154100E+01  0.220971E-01  0.125476E-02
 0.154300E+01  0.222791E-01  0.115734E-02
 0.154500E+01  0.230686E-01  0.132594E-02
 0.154700E+01  0.232044E-01  0.942236E-03
 0.155000E+01  0.227917E-01  0.125803E-02
 0.155200E+01  0.241441E-01  0.134044E-02
 0.155400E+01  0.234597E-01  0.945977E-03
 0.155700E+01  0.223651E-01  0.125709E-02
 0.155900E+01  0.229725E-01  0.134575E-02
 0.156100E+01  0.227056E-01  0.947006E-03
 0.156400E+01  0.225096E-01  0.125423E-02
 0.156600E+01  0.258072E-01  0.115588E-02
 0.156800E+01  0.247301E-01  0.132006E-02
 0.157000E+01  0.231979E-01  0.944347E-03
 0.157300E+01  0.219472E-01  0.125910E-02
 0.157500E+01  0.212601E-01  0.133547E-02
 0.157700E+01  0.206506E-01  0.941620E-03
 0.158000E+01  0.210103E-01  0.124760E-02
 0.158200E+01  0.212749E-01  0.134554E-02
 0.158400E+01  0.196529E-01  0.946611E-03
 0.158700E+01  0.203317E-01  0.125152E-02
 0.158900E+01  0.212868E-01  0.115248E-02
 0.159100E+01  0.213953E-01  0.131234E-02
 0.159300E+01  0.229934E-01  0.941660E-03
 0.159600E+01  0.228065E-01  0.125065E-02
 0.159800E+01  0.220528E-01  0.134506E-02
 0.160000E+01  0.200874E-01  0.941920E-03
 0.160300E+01  0.205598E-01  0.124616E-02
 0.160500E+01  0.204425E-01  0.134031E-02
 0.160700E+01  0.224837E-01  0.939757E-03
 0.161000E+01  0.214468E-01  0.125352E-02
 0.161200E+01  0.197778E-01  0.115354E-02
 0.161400E+01  0.193923E-01  0.131048E-02
 0.161600E+01  0.188426E-01  0.939237E-03
 0.161900E+01  0.211455E-01  0.124348E-02
 0.162100E+01  0.212072E-01  0.133917E-02
 0.162300E+01  0.207492E-01  0.941156E-03
 0.162600E+01  0.197447E-01  0.124908E-02
 0.162800E+01  0.178633E-01  0.133750E-02
 0.163000E+01  0.181953E-01  0.937687E-03
 0.163300E+01  0.184083E-01  0.124958E-02
 0.163500E+01  0.195450E-01  0.133396E-02
 0.163700E+01  0.197688E-01  0.940292E-03
 0.164000E+01  0.203526E-01  0.124990E-02
 0.164200E+01  0.214147E-01  0.114569E-02
 0.164400E+01  0.203654E-01  0.131340E-02
 0.164600E+01  0.184352E-01  0.934206E-03
 0.164900E+01  0.208383E-01  0.125026E-02
 0.165100E+01  0.214167E-01  0.133679E-02
 0.165300E+01  0.218479E-01  0.937299E-03
 0.165600E+01  0.205179E-01  0.125021E-02
 0.165800E+01  0.216321E-01  0.133166E-02
 0.166000E+01  0.203796E-01  0.937445E-03
 0.166300E+01  0.199494E-01  0.124094E-02
 0.166500E+01  0.205596E-01  0.114428E-02
 0.166700E+01  0.186758E-01  0.131354E-02
 0.166900E+01  0.168729E-01  0.937244E-03
 0.167200E+01  0.164407E-01  0.124721E-02
 0.167400E+01  0.186174E-01  0.132463E-02
 0.167600E+01  0.183827E-01  0.938696E-03
 0.167900E+01  0.191779E-01  0.124719E-02
 0.168100E+01  0.192910E-01  0.133464E-02
 0.168300E+01  0.192576E-01  0.939473E-03
 0.168600E+01  0.192892E-01  0.124026E-02
 0.168800E+01  0.200681E-01  0.114238E-02
 0.169000E+01  0.200826E-01  0.130772E-02
 0.169200E+01  0.207133E-01  0.935596E-03
 0.169500E+01  0.204614E-01  0.124483E-02
 0.169700E+01  0.192529E-01  0.132681E-02
 0.169900E+01  0.184852E-01  0.935481E-03
 0.170200E+01  0.183124E-01  0.123927E-02
 0.170400E+01  0.184401E-01  0.132960E-02
 0.170600E+01  0.165768E-01  0.935255E-03
 0.170900E+01  0.151935E-01  0.124288E-02
 0.171100E+01  0.141792E-01  0.114709E-02
 0.171300E+01  0.163005E-01  0.130087E-02
 0.171500E+01  0.165357E-01  0.935113E-03
 0.171800E+01  0.158100E-01  0.124020E-02
 0.172000E+01  0.166774E-01  0.132891E-02
 0.172200E+01  0.179034E-01  0.934433E-03
 0.172500E+01  0.168532E-01  0.124081E-02
 0.172700E+01  0.153762E-01  0.133403E-02
 0.172900E+01  0.166759E-01  0.931797E-03
 0.173200E+01  0.176067E-01  0.124105E-02
 0.173400E+01  0.182658E-01  0.114206E-02
 0.173600E+01  0.196045E-01  0.130160E-02
 0.173800E+01  0.187266E-01  0.933971E-03
 0.174100E+01  0.172109E-01  0.123069E-02
 0.174300E+01  0.167701E-01  0.132811E-02
 0.174500E+01  0.185907E-01  0.931933E-03
 0.174800E+01  0.192916E-01  0.123602E-02
 0.175000E+01  0.184068E-01  0.133021E-02
 0.175200E+01  0.174064E-01  0.928911E-03
 0.175500E+01  0.166423E-01  0.123734E-02
 0.175700E+01  0.179085E-01  0.113108E-02
 0.175900E+01  0.190517E-01  0.129547E-02
 0.176100E+01  0.191705E-01  0.930218E-03
 0.176400E+01  0.188730E-01  0.123600E-02
 0.176600E+01  0.179765E-01  0.133018E-02
 0.176800E+01  0.171455E-01  0.927961E-03
 0.177100E+01  0.168027E-01  0.123423E-02
 0.177300E+01  0.184930E-01  0.132229E-02
 0.177500E+01  0.188184E-01  0.928383E-03
 0.177800E+01  0.165735E-01  0.124171E-02
 0.178000E+01  0.166165E-01  0.112762E-02
 0.178200E+01  0.154700E-01  0.130024E-02
 0.178400E+01  0.152205E-01  0.926502E-03
 0.178700E+01  0.141061E-01  0.122930E-02
 0.178900E+01  0.161250E-01  0.132609E-02
 0.179100E+01  0.165728E-01  0.927067E-03
 0.179400E+01  0.159508E-01  0.123491E-02
 0.179600E+01  0.144195E-01  0.131875E-02
 0.179800E+01  0.155950E-01  0.925403E-03
 0.180100E+01  0.164038E-01  0.122677E-02
 0.180300E+01  0.148049E-01  0.112686E-02
 0.180500E+01  0.150531E-01  0.129910E-02
 0.180700E+01  0.167145E-01  0.923552E-03
 0.181000E+01  0.169749E-01  0.123233E-02
 0.181200E+01  0.146533E-01  0.132208E-02
 0.181400E+01  0.146542E-01  0.923552E-03
 0.181700E+01  0.161069E-01  0.123196E-02
 0.181900E+01  0.175384E-01  0.130630E-02
 0.182100E+01  0.174885E-01  0.924647E-03
 0.182400E+01  0.183622E-01  0.122803E-02
 0.182600E+01  0.165400E-01  0.113237E-02
 0.182800E+01  0.149406E-01  0.129464E-02
 0.183000E+01  0.148239E-01  0.921205E-03
 0.183300E+01  0.150343E-01  0.122808E-02
 0.183500E+01  0.153365E-01  0.131119E-02
 0.183700E+01  0.141850E-01  0.925166E-03
 0.184000E+01  0.137858E-01  0.122511E-02
 0.184200E+01  0.141115E-01  0.131460E-02
 0.184400E+01  0.142795E-01  0.922152E-03
 0.184700E+01  0.146273E-01  0.122139E-02
 0.184900E+01  0.145241E-01  0.112995E-02
 0.185100E+01  0.152087E-01  0.128975E-02
 0.185300E+01  0.158293E-01  0.921445E-03
 0.185600E+01  0.145376E-01  0.122359E-02
 0.185800E+01  0.146613E-01  0.130565E-02
 0.186000E+01  0.147468E-01  0.922141E-03
 0.186300E+01  0.156323E-01  0.122110E-02
 0.186500E+01  0.168632E-01  0.131505E-02
 0.186700E+01  0.166141E-01  0.921798E-03
 0.187000E+01  0.152918E-01  0.122333E-02
 0.187200E+01  0.143774E-01  0.112606E-02
 0.187400E+01  0.129994E-01  0.128484E-02
 0.187600E+01  0.132693E-01  0.919610E-03
 0.187900E+01  0.134262E-01  0.121643E-02
 0.188100E+01  0.131140E-01  0.131249E-02
 0.188300E+01  0.135074E-01  0.921039E-03
 0.188600E+01  0.138644E-01  0.122294E-02
 0.188800E+01  0.158556E-01  0.131040E-02
 0.189000E+01  0.144411E-01  0.917992E-03
 0.189300E+01  0.153564E-01  0.122197E-02
 0.189500E+01  0.153526E-01  0.112318E-02
 0.189700E+01  0.158065E-01  0.128076E-02
 0.189900E+01  0.141550E-01  0.919738E-03
 0.190200E+01  0.128803E-01  0.121661E-02
 0.190400E+01  0.137638E-01  0.131072E-02
 0.190600E+01  0.135209E-01  0.917499E-03
 0.190900E+01  0.139585E-01  0.121602E-02
 0.191100E+01  0.128695E-01  0.130494E-02
 0.191300E+01  0.122873E-01  0.915968E-03
 0.191600E+01  0.126240E-01  0.121970E-02
 0.191800E+01  0.146489E-01  0.111984E-02
 0.192000E+01  0.167602E-01  0.128789E-02
 0.192200E+01  0.176928E-01  0.919457E-03
 0.192500E+01  0.162206E-01  0.121854E-02
 0.192700E+01  0.156297E-01  0.130941E-02
 0.192900E+01  0.150454E-01  0.915243E-03
 0.193200E+01  0.150177E-01  0.121576E-02
 0.193400E+01  0.145327E-01  0.130552E-02
 0.193600E+01  0.147193E-01  0.918364E-03
 0.193900E+01  0.147914E-01  0.122196E-02
 0.194100E+01  0.130448E-01  0.111471E-02
 0.194300E+01  0.132930E-01  0.128068E-02
 0.194500E+01  0.155348E-01  0.912927E-03
 0.194800E+01  0.136475E-01  0.121483E-02
 0.195000E+01  0.122673E-01  0.129965E-02
 0.195200E+01  0.118776E-01  0.915949E-03
 0.195500E+01  0.114469E-01  0.121623E-02
 0.195700E+01  0.117932E-01  0.129622E-02
 0.195900E+01  0.133834E-01  0.915557E-03
 0.196200E+01  0.148338E-01  0.121478E-02
 0.196400E+01  0.145006E-01  0.111743E-02
 0.196600E+01  0.136658E-01  0.128155E-02
 0.196800E+01  0.139779E-01  0.912112E-03
 0.197100E+01  0.144313E-01  0.121465E-02
 0.197300E+01  0.161043E-01  0.130331E-02
 0.197500E+01  0.151952E-01  0.916813E-03
 0.197800E+01  0.138934E-01  0.122125E-02
 0.198000E+01  0.121297E-01  0.130556E-02
 0.198200E+01  0.119037E-01  0.920772E-03
 0.198500E+01  0.127340E-01  0.121967E-02
 0.198700E+01  0.124550E-01  0.112530E-02
 0.198900E+01  0.134566E-01  0.128992E-02
 0.199100E+01  0.130947E-01  0.924784E-03
 0.199400E+01  0.130937E-01  0.122920E-02
 0.199600E+01  0.125018E-01  0.131354E-02
 0.199800E+01  0.126105E-01  0.925071E-03
 0.200100E+01  0.115477E-01  0.122951E-02
 0.200300E+01  0.103707E-01  0.131547E-02
 0.200500E+01  0.114096E-01  0.929032E-03
 0.200800E+01  0.127377E-01  0.123202E-02
 0.201000E+01  0.144492E-01  0.113514E-02
 0.201200E+01  0.144231E-01  0.129824E-02
 0.201400E+01  0.142949E-01  0.928197E-03
 0.201700E+01  0.136481E-01  0.124390E-02
 0.201900E+01  0.118974E-01  0.132796E-02
 0.202100E+01  0.125529E-01  0.935796E-03
 0.202400E+01  0.126941E-01  0.123779E-02
 0.202600E+01  0.133347E-01  0.132914E-02
 0.202800E+01  0.960089E-02  0.934593E-03
 0.203100E+01  0.100435E-01  0.124603E-02
 0.203300E+01  0.119354E-01  0.115087E-02
 0.203500E+01  0.119731E-01  0.130961E-02
 0.203700E+01  0.130027E-01  0.940794E-03
 0.204000E+01  0.134575E-01  0.124680E-02
 0.204200E+01  0.133442E-01  0.133974E-02
 0.204400E+01  0.130751E-01  0.942961E-03
 0.204700E+01  0.129609E-01  0.125403E-02
 0.204900E+01  0.136045E-01  0.134781E-02
 0.205100E+01  0.123588E-01  0.946258E-03
 0.205400E+01  0.120142E-01  0.125524E-02
 0.205600E+01  0.108650E-01  0.115677E-02
 0.205800E+01  0.110045E-01  0.132732E-02
 0.206000E+01  0.122311E-01  0.949554E-03
 0.206300E+01  0.126000E-01  0.125770E-02
 0.206500E+01  0.130992E-01  0.135408E-02
 0.206700E+01  0.115840E-01  0.949251E-03
 0.207000E+01  0.983329E-02  0.126397E-02
 0.207200E+01  0.972673E-02  0.135420E-02
 0.207400E+01  0.112890E-01  0.950613E-03
 0.207700E+01  0.129584E-01  0.126719E-02
 0.207900E+01  0.116217E-01  0.116569E-02
 0.208100E+01  0.127673E-01  0.133573E-02
 0.208300E+01  0.147300E-01  0.952280E-03
 0.208600E+01  0.157374E-01  0.127242E-02
 0.208800E+01  0.145215E-01  0.136519E-02
 0.209000E+01  0.146040E-01  0.959138E-03
 0.209300E+01  0.145437E-01  0.127888E-02
 0.209500E+01  0.151132E-01  0.136927E-02
 0.209700E+01  0.129434E-01  0.961377E-03
 0.210000E+01  0.108186E-01  0.127777E-02
 0.210200E+01  0.106621E-01  0.116994E-02
 0.210400E+01  0.138560E-01  0.134948E-02
 0.210600E+01  0.139476E-01  0.964822E-03
 0.210900E+01  0.127328E-01  0.128524E-02
 0.211100E+01  0.109126E-01  0.137242E-02
 0.211300E+01  0.104122E-01  0.962881E-03
 0.211600E+01  0.109465E-01  0.128244E-02
 0.211800E+01  0.107867E-01  0.137171E-02
 0.212000E+01  0.110879E-01  0.965165E-03
 0.212300E+01  0.102673E-01  0.128085E-02
 0.212500E+01  0.988659E-02  0.117658E-02
 0.212700E+01  0.112761E-01  0.134960E-02
 0.212900E+01  0.125225E-01  0.960143E-03
 0.213200E+01  0.116122E-01  0.128199E-02
 0.213400E+01  0.108560E-01  0.137204E-02
 0.213600E+01  0.987426E-02  0.964235E-03
 0.213900E+01  0.921061E-02  0.128052E-02
 0.214100E+01  0.904675E-02  0.136526E-02
 0.214300E+01  0.939482E-02  0.964619E-03
 0.214600E+01  0.984068E-02  0.127975E-02
 0.214800E+01  0.107448E-01  0.117990E-02
 0.215000E+01  0.107514E-01  0.134525E-02
 0.215200E+01  0.106328E-01  0.960275E-03
 0.215500E+01  0.958619E-02  0.127748E-02
 0.215700E+01  0.102760E-01  0.136479E-02
 0.215900E+01  0.887620E-02  0.963382E-03
 0.216200E+01  0.909321E-02  0.127162E-02
 0.216400E+01  0.108211E-01  0.136673E-02
 0.216600E+01  0.114022E-01  0.964017E-03
 0.216900E+01  0.112262E-01  0.127194E-02
 0.217100E+01  0.116826E-01  0.117246E-02
 0.217300E+01  0.129028E-01  0.133941E-02
 0.217500E+01  0.127570E-01  0.959503E-03
 0.217800E+01  0.118305E-01  0.127609E-02
 0.218000E+01  0.895679E-02  0.136414E-02
 0.218200E+01  0.888831E-02  0.958490E-03
 0.218500E+01  0.106748E-01  0.126771E-02
 0.218700E+01  0.100236E-01  0.136788E-02
 0.218900E+01  0.971572E-02  0.956635E-03
 0.219200E+01  0.930097E-02  0.127304E-02
 0.219400E+01  0.865077E-02  0.117208E-02
 0.219600E+01  0.107667E-01  0.133452E-02
 0.219800E+01  0.111181E-01  0.956310E-03
 0.220100E+01  0.109711E-01  0.126991E-02
 0.220300E+01  0.970505E-02  0.136814E-02
 0.220500E+01  0.871889E-02  0.958024E-03
 0.220800E+01  0.825291E-02  0.126785E-02
 0.221000E+01  0.673003E-02  0.136423E-02
 0.221200E+01  0.653699E-02  0.955194E-03
 0.221500E+01  0.861805E-02  0.127090E-02
 0.221700E+01  0.994591E-02  0.116680E-02
 0.221900E+01  0.957827E-02  0.133901E-02
 0.222100E+01  0.107378E-01  0.957096E-03
 0.222400E+01  0.103737E-01  0.126386E-02
 0.222600E+01  0.980876E-02  0.136056E-02
 0.222800E+01  0.955781E-02  0.953542E-03
 0.223100E+01  0.108052E-01  0.126876E-02
 0.223300E+01  0.114630E-01  0.136310E-02
 0.223500E+01  0.116450E-01  0.956803E-03
 0.223800E+01  0.117542E-01  0.127053E-02
 0.224000E+01  0.111115E-01  0.116127E-02
 0.224200E+01  0.847009E-02  0.133343E-02
 0.224400E+01  0.770751E-02  0.952905E-03
 0.224700E+01  0.739418E-02  0.126822E-02
 0.224900E+01  0.695598E-02  0.135979E-02
 0.225100E+01  0.898468E-02  0.951638E-03
 0.225400E+01  0.902067E-02  0.126782E-02
 0.225600E+01  0.793919E-02  0.136109E-02
 0.225800E+01  0.610421E-02  0.954277E-03
 0.226100E+01  0.783615E-02  0.127259E-02
 0.226300E+01  0.923124E-02  0.116179E-02
 0.226500E+01  0.100171E-01  0.133489E-02
 0.226700E+01  0.929279E-02  0.950408E-03
 0.227000E+01  0.937535E-02  0.126303E-02
 0.227200E+01  0.915470E-02  0.135617E-02
 0.227400E+01  0.105047E-01  0.953145E-03
 0.227700E+01  0.948231E-02  0.126772E-02
 0.227900E+01  0.929546E-02  0.135270E-02
 0.228100E+01  0.807899E-02  0.953458E-03
 0.228400E+01  0.889650E-02  0.126332E-02
 0.228600E+01  0.935918E-02  0.116271E-02
 0.228800E+01  0.929087E-02  0.133423E-02
 0.229000E+01  0.948432E-02  0.950940E-03
 0.229300E+01  0.946141E-02  0.126900E-02
 0.229500E+01  0.918646E-02  0.135444E-02
 0.229700E+01  0.735901E-02  0.951555E-03
 0.230000E+01  0.844409E-02  0.126682E-02
 0.230200E+01  0.921661E-02  0.135473E-02
 0.230400E+01  0.728805E-02  0.955317E-03
 0.230700E+01  0.598899E-02  0.126287E-02
 0.230900E+01  0.761935E-02  0.116498E-02
 0.231100E+01  0.101351E-01  0.132888E-02
 0.231300E+01  0.944976E-02  0.951798E-03
 0.231600E+01  0.981797E-02  0.126815E-02
 0.231800E+01  0.958228E-02  0.135555E-02
 0.232000E+01  0.979494E-02  0.952253E-03
 0.232300E+01  0.888359E-02  0.126015E-02
 0.232500E+01  0.747617E-02  0.135463E-02
 0.232700E+01  0.625718E-02  0.950550E-03
 0.233000E+01  0.843978E-02  0.125776E-02
 0.233200E+01  0.907831E-02  0.115905E-02
 0.233400E+01  0.910983E-02  0.132395E-02
 0.233600E+01  0.839659E-02  0.949103E-03
 0.233900E+01  0.741201E-02  0.126034E-02
 0.234100E+01  0.855886E-02  0.134788E-02
 0.234300E+01  0.775722E-02  0.949153E-03
 0.234600E+01  0.838753E-02  0.125642E-02
 0.234800E+01  0.671468E-02  0.135656E-02
 0.235000E+01  0.828751E-02  0.948477E-03
 0.235300E+01  0.938274E-02  0.125946E-02
 0.235500E+01  0.708414E-02  0.115989E-02
 0.235700E+01  0.761147E-02  0.131669E-02
 0.235900E+01  0.823831E-02  0.945979E-03
 0.236200E+01  0.767571E-02  0.125812E-02
 0.236400E+01  0.780160E-02  0.134446E-02
 0.236600E+01  0.734639E-02  0.946482E-03
 0.236900E+01  0.637563E-02  0.125700E-02
 0.237100E+01  0.858108E-02  0.135429E-02
 0.237300E+01  0.906328E-02  0.947732E-03
 0.237600E+01  0.668237E-02  0.126113E-02
 0.237800E+01  0.751013E-02  0.116072E-02
 0.238000E+01  0.902955E-02  0.132110E-02
 0.238200E+01  0.829621E-02  0.945397E-03
 0.238500E+01  0.881413E-02  0.125089E-02
 0.238700E+01  0.921132E-02  0.135104E-02
 0.238900E+01  0.876372E-02  0.946937E-03
 0.239200E+01  0.912763E-02  0.125971E-02
 0.239400E+01  0.815615E-02  0.134493E-02
 0.239600E+01  0.761923E-02  0.943028E-03
 0.239900E+01  0.794557E-02  0.125566E-02
 0.240100E+01  0.837146E-02  0.115234E-02
 0.240300E+01  0.848850E-02  0.132152E-02
 0.240500E+01  0.705177E-02  0.943178E-03
 0.240800E+01  0.644755E-02  0.125284E-02
 0.241000E+01  0.629769E-02  0.134512E-02
 0.241200E+01  0.638855E-02  0.940871E-03
 0.241500E+01  0.640944E-02  0.125134E-02
 0.241700E+01  0.603416E-02  0.133914E-02
 0.241900E+01  0.700546E-02  0.944431E-03
 0.242200E+01  0.718765E-02  0.125496E-02
 0.242400E+01  0.656765E-02  0.114893E-02
 0.242600E+01  0.747493E-02  0.132055E-02
 0.242800E+01  0.764361E-02  0.941625E-03
 0.243100E+01  0.776792E-02  0.125229E-02
 0.243300E+01  0.648184E-02  0.134365E-02
 0.243500E+01  0.552457E-02  0.943708E-03
 0.243800E+01  0.617340E-02  0.125456E-02
 0.244000E+01  0.680464E-02  0.134091E-02
 0.244200E+01  0.774234E-02  0.943494E-03
 0.244500E+01  0.851293E-02  0.124845E-02
 0.244700E+01  0.760999E-02  0.115336E-02
 0.244900E+01  0.522279E-02  0.132403E-02
 0.245100E+01  0.677127E-02  0.939451E-03
 0.245400E+01  0.765359E-02  0.124710E-02
 0.245600E+01  0.688720E-02  0.133390E-02
 0.245800E+01  0.824485E-02  0.943879E-03
 0.246100E+01  0.818837E-02  0.125577E-02
 0.246300E+01  0.884407E-02  0.133605E-02
 0.246500E+01  0.941927E-02  0.938837E-03
 0.246800E+01  0.834389E-02  0.124036E-02
 0.247000E+01  0.776290E-02  0.114579E-02
 0.247200E+01  0.564622E-02  0.131044E-02
 0.247400E+01  0.674062E-02  0.937070E-03
 0.247700E+01  0.693316E-02  0.124401E-02
 0.247900E+01  0.730630E-02  0.132934E-02
 0.248100E+01  0.790566E-02  0.930831E-03
 0.248400E+01  0.822095E-02  0.123280E-02
 0.248600E+01  0.731635E-02  0.132307E-02
 0.248800E+01  0.636600E-02  0.926542E-03
 0.249100E+01  0.676597E-02  0.122383E-02
 0.249300E+01  0.681420E-02  0.112846E-02
 0.249500E+01  0.766005E-02  0.128240E-02
 0.249700E+01  0.806028E-02  0.920593E-03
 0.250000E+01  0.774333E-02  0.121970E-02
 0.250200E+01  0.831279E-02  0.130265E-02
 0.250400E+01  0.818408E-02  0.919685E-03
 0.250700E+01  0.863034E-02  0.121527E-02
 0.250900E+01  0.801804E-02  0.130488E-02
 0.251100E+01  0.530300E-02  0.912837E-03
 0.251400E+01  0.554887E-02  0.121169E-02
 0.251600E+01  0.679859E-02  0.111675E-02
 0.251800E+01  0.626601E-02  0.127264E-02
 0.252000E+01  0.762237E-02  0.910338E-03
 0.252300E+01  0.862603E-02  0.120606E-02
 0.252500E+01  0.772011E-02  0.129095E-02
 0.252700E+01  0.792081E-02  0.906158E-03
 0.253000E+01  0.706286E-02  0.119789E-02
 0.253200E+01  0.770794E-02  0.128464E-02
 0.253400E+01  0.728570E-02  0.901600E-03
 0.253700E+01  0.840106E-02  0.119998E-02
 0.253900E+01  0.820450E-02  0.109900E-02
 0.254100E+01  0.832333E-02  0.125553E-02
 0.254300E+01  0.576964E-02  0.897636E-03
 0.254600E+01  0.631478E-02  0.118933E-02
 0.254800E+01  0.765873E-02  0.127871E-02
 0.255000E+01  0.669744E-02  0.894121E-03
 0.255300E+01  0.672539E-02  0.118786E-02
 0.255500E+01  0.652842E-02  0.127422E-02
 0.255700E+01  0.556566E-02  0.894520E-03
 0.256000E+01  0.447991E-02  0.118385E-02
 0.256200E+01  0.666596E-02  0.108340E-02
 0.256400E+01  0.668893E-02  0.124484E-02
 0.256600E+01  0.713962E-02  0.886193E-03
 0.256900E+01  0.600620E-02  0.117439E-02
 0.257100E+01  0.475356E-02  0.125674E-02
 0.257300E+01  0.616098E-02  0.881301E-03
 0.257600E+01  0.686739E-02  0.117791E-02
 0.257800E+01  0.817044E-02  0.125481E-02
 0.258000E+01  0.668064E-02  0.880374E-03
 0.258300E+01  0.588879E-02  0.117125E-02
 0.258500E+01  0.474200E-02  0.107351E-02
 0.258700E+01  0.561349E-02  0.123058E-02
 0.258900E+01  0.698926E-02  0.876356E-03
 0.259200E+01  0.558144E-02  0.116924E-02
 0.259400E+01  0.483241E-02  0.125431E-02
 0.259600E+01  0.666915E-02  0.878787E-03
 0.259900E+01  0.773104E-02  0.116742E-02
 0.260100E+01  0.723751E-02  0.124340E-02
 0.260300E+01  0.510563E-02  0.877175E-03
 0.260600E+01  0.512227E-02  0.116738E-02
 0.260800E+01  0.558773E-02  0.107419E-02
 0.261000E+01  0.611055E-02  0.122969E-02
 0.261200E+01  0.570077E-02  0.876290E-03
 0.261500E+01  0.676965E-02  0.117188E-02
 0.261700E+01  0.773281E-02  0.125154E-02
 0.261900E+01  0.638089E-02  0.877410E-03
 0.262200E+01  0.522984E-02  0.116796E-02
 0.262400E+01  0.448527E-02  0.124557E-02
 0.262600E+01  0.387487E-02  0.876849E-03
 0.262900E+01  0.437787E-02  0.116156E-02
 0.263100E+01  0.707010E-02  0.107473E-02
 0.263300E+01  0.861021E-02  0.122978E-02
 0.263500E+01  0.809075E-02  0.876700E-03
 0.263800E+01  0.805191E-02  0.116305E-02
 0.264000E+01  0.743754E-02  0.123922E-02
 0.264200E+01  0.641032E-02  0.875166E-03
 0.264500E+01  0.663381E-02  0.116572E-02
 0.264700E+01  0.737880E-02  0.124672E-02
 0.264900E+01  0.707276E-02  0.876667E-03
 0.265200E+01  0.722146E-02  0.116262E-02
 0.265400E+01  0.683604E-02  0.107425E-02
 0.265600E+01  0.440355E-02  0.122310E-02
 0.265800E+01  0.561180E-02  0.875895E-03
 0.266100E+01  0.505403E-02  0.116440E-02
 0.266300E+01  0.408204E-02  0.124888E-02
 0.266500E+01  0.636879E-02  0.876906E-03
 0.266800E+01  0.693623E-02  0.116027E-02
 0.267000E+01  0.759893E-02  0.125042E-02
 0.267200E+01  0.665347E-02  0.877319E-03
 0.267500E+01  0.594965E-02  0.116538E-02
 0.267700E+01  0.474201E-02  0.106925E-02
 0.267900E+01  0.399649E-02  0.121864E-02
 0.268100E+01  0.264898E-02  0.874920E-03
 0.268400E+01  0.484934E-02  0.116268E-02
 0.268600E+01  0.530708E-02  0.124514E-02
 0.268800E+01  0.610021E-02  0.874451E-03
 0.269100E+01  0.606275E-02  0.116148E-02
 0.269300E+01  0.628817E-02  0.124931E-02
 0.269500E+01  0.532972E-02  0.873877E-03
 0.269800E+01  0.460592E-02  0.116001E-02
 0.270000E+01  0.401331E-02  0.106720E-02
 0.270200E+01  0.547899E-02  0.122631E-02
 0.270400E+01  0.428039E-02  0.875076E-03
 0.270700E+01  0.518067E-02  0.115731E-02
 0.270900E+01  0.473293E-02  0.124072E-02
 0.271100E+01  0.432375E-02  0.872901E-03
 0.271400E+01  0.374596E-02  0.116509E-02
 0.271600E+01  0.243314E-02  0.124744E-02
 0.271800E+01  0.486474E-02  0.871764E-03
 0.272100E+01  0.766772E-02  0.116193E-02
 0.272300E+01  0.635076E-02  0.106406E-02
 0.272500E+01  0.458509E-02  0.122181E-02
 0.272700E+01  0.354073E-02  0.872775E-03
 0.273000E+01  0.452970E-02  0.116065E-02
 0.273200E+01  0.458741E-02  0.125177E-02
 0.273400E+01  0.482286E-02  0.871125E-03
 0.273700E+01  0.526918E-02  0.115890E-02
 0.273900E+01  0.514992E-02  0.124304E-02
 0.274100E+01  0.507630E-02  0.875458E-03
 0.274400E+01  0.453462E-02  0.116137E-02
 0.274600E+01  0.444085E-02  0.106145E-02
 0.274800E+01  0.497681E-02  0.122212E-02
 0.275000E+01  0.531902E-02  0.870366E-03
 0.275300E+01  0.655881E-02  0.115975E-02
 0.275500E+01  0.760422E-02  0.124139E-02
 0.275700E+01  0.568345E-02  0.873457E-03
 0.276000E+01  0.591645E-02  0.116553E-02
 0.276200E+01  0.636331E-02  0.123950E-02
 0.276400E+01  0.518330E-02  0.870881E-03
 0.276700E+01  0.540380E-02  0.116009E-02
 0.276900E+01  0.572661E-02  0.106523E-02
 0.277100E+01  0.726986E-02  0.122515E-02
 0.277300E+01  0.511530E-02  0.870932E-03
 0.277600E+01  0.514255E-02  0.115314E-02
 0.277800E+01  0.443342E-02  0.123638E-02
 0.278000E+01  0.464361E-02  0.871822E-03
 0.278300E+01  0.519234E-02  0.116068E-02
 0.278500E+01  0.586483E-02  0.123635E-02
 0.278700E+01  0.743867E-02  0.872565E-03
 0.279000E+01  0.692271E-02  0.115771E-02
 0.279200E+01  0.519763E-02  0.106539E-02
 0.279400E+01  0.594486E-02  0.121535E-02
 0.279600E+01  0.464770E-02  0.871530E-03
 0.279900E+01  0.426907E-02  0.116216E-02
 0.280100E+01  0.434611E-02  0.124089E-02
 0.280300E+01  0.510633E-02  0.870271E-03
 0.280600E+01  0.520218E-02  0.115358E-02
 0.280800E+01  0.480649E-02  0.123879E-02
 0.281000E+01  0.518625E-02  0.874139E-03
 0.281300E+01  0.389472E-02  0.115195E-02
 0.281500E+01  0.325496E-02  0.106355E-02
 0.281700E+01  0.438871E-02  0.121665E-02
 0.281900E+01  0.367515E-02  0.871550E-03
 0.282200E+01  0.434037E-02  0.115675E-02
 0.282400E+01  0.594209E-02  0.123746E-02
 0.282600E+01  0.585505E-02  0.871275E-03
 0.282900E+01  0.584822E-02  0.115693E-02
 0.283100E+01  0.488427E-02  0.124049E-02
 0.283300E+01  0.398508E-02  0.868444E-03
 0.283600E+01  0.519296E-02  0.115609E-02
 0.283800E+01  0.524601E-02  0.107014E-02
 0.284000E+01  0.461986E-02  0.121863E-02
 0.284200E+01  0.414353E-02  0.872382E-03
 0.284500E+01  0.481553E-02  0.115668E-02
 0.284700E+01  0.365024E-02  0.124021E-02
 0.284900E+01  0.544665E-02  0.870394E-03
 0.285200E+01  0.571483E-02  0.115192E-02
 0.285400E+01  0.457471E-02  0.124053E-02
 0.285600E+01  0.486535E-02  0.872181E-03
 0.285900E+01  0.457826E-02  0.116274E-02
 0.286100E+01  0.338760E-02  0.106420E-02
 0.286300E+01  0.359863E-02  0.121338E-02
 0.286500E+01  0.529368E-02  0.871601E-03
 0.286800E+01  0.487331E-02  0.116074E-02
 0.287000E+01  0.471176E-02  0.124206E-02
 0.287200E+01  0.618265E-02  0.869200E-03
 0.287500E+01  0.704258E-02  0.115774E-02
 0.287700E+01  0.690942E-02  0.124406E-02
 0.287900E+01  0.503355E-02  0.869863E-03
 0.288200E+01  0.601112E-02  0.115528E-02
 0.288400E+01  0.437844E-02  0.106166E-02
 0.288600E+01  0.489090E-02  0.122177E-02
 0.288800E+01  0.478552E-02  0.872170E-03
 0.289100E+01  0.567488E-02  0.115606E-02
 0.289300E+01  0.476045E-02  0.123974E-02
 0.289500E+01  0.339499E-02  0.871781E-03
 0.289800E+01  0.369432E-02  0.115806E-02
 0.290000E+01  0.398679E-02  0.123714E-02
 0.290200E+01  0.405473E-02  0.869361E-03
 0.290500E+01  0.334395E-02  0.115786E-02
 0.290700E+01  0.468271E-02  0.106131E-02
 0.290900E+01  0.610339E-02  0.121688E-02
 0.291100E+01  0.625639E-02  0.869925E-03
 0.291400E+01  0.469075E-02  0.115659E-02
 0.291600E+01  0.410374E-02  0.124013E-02
 0.291800E+01  0.492020E-02  0.869434E-03
 0.292100E+01  0.380559E-02  0.115687E-02
 0.292300E+01  0.299883E-02  0.123893E-02
 0.292500E+01  0.495294E-02  0.873323E-03
 0.292800E+01  0.475652E-02  0.115738E-02
 0.293000E+01  0.652240E-02  0.106445E-02
 0.293200E+01  0.713282E-02  0.122004E-02
 0.293400E+01  0.559308E-02  0.870924E-03
 0.293700E+01  0.454261E-02  0.115914E-02
 0.293900E+01  0.307873E-02  0.123669E-02
 0.294100E+01  0.297763E-02  0.870821E-03
 0.294400E+01  0.375887E-02  0.115947E-02
 0.294600E+01  0.416936E-02  0.123597E-02
 0.294800E+01  0.473041E-02  0.869893E-03
 0.295100E+01  0.451679E-02  0.115379E-02
 0.295300E+01  0.552532E-02  0.106573E-02
 0.295500E+01  0.492516E-02  0.121860E-02
 0.295700E+01  0.537604E-02  0.871270E-03
 0.296000E+01  0.422358E-02  0.115863E-02
 0.296200E+01  0.474298E-02  0.123928E-02
 0.296400E+01  0.414780E-02  0.873753E-03
 0.296700E+01  0.452539E-02  0.115528E-02
 0.296900E+01  0.374126E-02  0.124084E-02
 0.297100E+01  0.399205E-02  0.872635E-03
 0.297400E+01  0.301017E-02  0.115503E-02
 0.297600E+01  0.372152E-02  0.106903E-02
 0.297800E+01  0.499369E-02  0.121206E-02
 0.298000E+01  0.522926E-02  0.868984E-03
 0.298300E+01  0.577815E-02  0.115925E-02
 0.298500E+01  0.354970E-02  0.123982E-02
 0.298700E+01  0.181398E-02  0.873470E-03
 0.299000E+01  0.210165E-02  0.115472E-02
 0.299200E+01  0.287394E-02  0.124187E-02
 0.299400E+01  0.359793E-02  0.871856E-03
 0.299700E+01  0.360581E-02  0.115550E-02
 0.299900E+01  0.364349E-02  0.106945E-02
 0.300100E+01  0.536189E-02  0.121705E-02
 0.300300E+01  0.572551E-02  0.872903E-03
 0.300600E+01  0.542777E-02  0.115477E-02
 0.300800E+01  0.504514E-02  0.123856E-02
 0.301000E+01  0.439462E-02  0.875316E-03
 0.301300E+01  0.320687E-02  0.115575E-02
 0.301500E+01  0.352695E-02  0.124182E-02
 0.301700E+01  0.427090E-02  0.870653E-03
 0.302000E+01  0.506694E-02  0.116134E-02
 0.302200E+01  0.474087E-02  0.124410E-02
 0.302400E+01  0.464056E-02  0.872950E-03
 0.302700E+01  0.627790E-02  0.115993E-02
 0.302900E+01  0.615259E-02  0.106126E-02
 0.303100E+01  0.532813E-02  0.121948E-02
 0.303300E+01  0.454097E-02  0.870570E-03
 0.303600E+01  0.436066E-02  0.115938E-02
 0.303800E+01  0.332215E-02  0.124446E-02
 0.304000E+01  0.470733E-02  0.872485E-03
 0.304300E+01  0.588756E-02  0.116053E-02
 0.304500E+01  0.450750E-02  0.123772E-02
 0.304700E+01  0.360551E-02  0.870211E-03
 0.305000E+01  0.456658E-02  0.115753E-02
 0.305200E+01  0.505409E-02  0.106621E-02
 0.305400E+01  0.534655E-02  0.122309E-02
 0.305600E+01  0.516396E-02  0.870608E-03
 0.305900E+01  0.469013E-02  0.115931E-02
 0.306100E+01  0.372433E-02  0.124254E-02
 0.306300E+01  0.359227E-02  0.872951E-03
 0.306600E+01  0.300033E-02  0.115806E-02
 0.306800E+01  0.258501E-02  0.123868E-02
 0.307000E+01  0.476645E-02  0.873894E-03
 0.307300E+01  0.395434E-02  0.115876E-02
 0.307500E+01  0.409133E-02  0.106501E-02
 0.307700E+01  0.665621E-02  0.121628E-02
 0.307900E+01  0.638359E-02  0.869950E-03
 0.308200E+01  0.456535E-02  0.115960E-02
 0.308400E+01  0.372274E-02  0.124190E-02
 0.308600E+01  0.566961E-02  0.874056E-03
 0.308900E+01  0.523783E-02  0.115645E-02
 0.309100E+01  0.342957E-02  0.123804E-02
 0.309300E+01  0.325474E-02  0.874347E-03
 0.309600E+01  0.532634E-02  0.115402E-02
 0.309800E+01  0.691250E-02  0.106823E-02
 0.310000E+01  0.529387E-02  0.121906E-02
 0.310200E+01  0.417923E-02  0.873709E-03
 0.310500E+01  0.289276E-02  0.115806E-02
 0.310700E+01  0.367987E-02  0.123140E-02
 0.310900E+01  0.547381E-02  0.872266E-03
 0.311200E+01  0.548063E-02  0.115441E-02
 0.311400E+01  0.477950E-02  0.124159E-02
 0.311600E+01  0.495545E-02  0.869649E-03
 0.311900E+01  0.481615E-02  0.115730E-02
 0.312100E+01  0.567199E-02  0.106831E-02
 0.312300E+01  0.524631E-02  0.121591E-02
 0.312500E+01  0.416138E-02  0.873280E-03
 0.312800E+01  0.458810E-02  0.115818E-02
 0.313000E+01  0.484088E-02  0.124194E-02
 0.313200E+01  0.488198E-02  0.874044E-03
 0.313500E+01  0.461023E-02  0.115505E-02
 0.313700E+01  0.558384E-02  0.124548E-02
 0.313900E+01  0.456125E-02  0.872191E-03
 0.314200E+01  0.358860E-02  0.116021E-02
 0.314400E+01  0.400862E-02  0.106619E-02
 0.314600E+01  0.433604E-02  0.121653E-02
 0.314800E+01  0.364111E-02  0.874825E-03
 0.315100E+01  0.378776E-02  0.115834E-02
 0.315300E+01  0.480596E-02  0.124142E-02
 0.315500E+01  0.535820E-02  0.874099E-03
 0.315800E+01  0.569762E-02  0.116155E-02
 0.316000E+01  0.469536E-02  0.124541E-02
 0.316200E+01  0.360368E-02  0.870272E-03
 0.316500E+01  0.532081E-02  0.116000E-02
 0.316700E+01  0.549879E-02  0.106573E-02
 0.316900E+01  0.498090E-02  0.122227E-02
 0.317100E+01  0.476776E-02  0.876933E-03
 0.317400E+01  0.530975E-02  0.115762E-02
 0.317600E+01  0.545790E-02  0.124384E-02
 0.317800E+01  0.555043E-02  0.871601E-03
 0.318100E+01  0.581933E-02  0.116102E-02
 0.318300E+01  0.486364E-02  0.124176E-02
 0.318500E+01  0.425959E-02  0.875542E-03
 0.318800E+01  0.392053E-02  0.116518E-02
 0.319000E+01  0.329085E-02  0.106442E-02
 0.319200E+01  0.282439E-02  0.122218E-02
 0.319400E+01  0.271375E-02  0.873211E-03
 0.319700E+01  0.317121E-02  0.116352E-02
 0.319900E+01  0.332691E-02  0.125036E-02
 0.320100E+01  0.522560E-02  0.872163E-03
 0.320400E+01  0.452232E-02  0.116230E-02
 0.320600E+01  0.510388E-02  0.123975E-02
 0.320800E+01  0.471143E-02  0.876005E-03
 0.321100E+01  0.571852E-02  0.116125E-02
 0.321300E+01  0.609173E-02  0.106837E-02
 0.321500E+01  0.721975E-02  0.122720E-02
 0.321700E+01  0.822839E-02  0.874120E-03
 0.322000E+01  0.633138E-02  0.116290E-02
 0.322200E+01  0.390530E-02  0.124075E-02
 0.322400E+01  0.421405E-02  0.874202E-03
 0.322700E+01  0.320380E-02  0.116618E-02
 0.322900E+01  0.323855E-02  0.124066E-02
 0.323100E+01  0.544299E-02  0.874357E-03
 0.323400E+01  0.655574E-02  0.116189E-02
 0.323600E+01  0.627274E-02  0.107122E-02
 0.323800E+01  0.594946E-02  0.122862E-02
 0.324000E+01  0.481598E-02  0.874127E-03
 0.324300E+01  0.648320E-02  0.116515E-02
 0.324500E+01  0.812122E-02  0.124420E-02
 0.324700E+01  0.522595E-02  0.875588E-03
 0.325000E+01  0.463235E-02  0.116424E-02
 0.325200E+01  0.508854E-02  0.124851E-02
 0.325400E+01  0.653995E-02  0.878286E-03
 0.325700E+01  0.748332E-02  0.116467E-02
 0.325900E+01  0.678455E-02  0.107345E-02
 0.326100E+01  0.656416E-02  0.122475E-02
 0.326300E+01  0.576233E-02  0.877129E-03
 0.326600E+01  0.512350E-02  0.117039E-02
 0.326800E+01  0.514727E-02  0.124927E-02
 0.327000E+01  0.503198E-02  0.877247E-03
 0.327300E+01  0.535646E-02  0.116132E-02
 0.327500E+01  0.609291E-02  0.124812E-02
 0.327700E+01  0.606303E-02  0.876169E-03
 0.328000E+01  0.379329E-02  0.116561E-02
 0.328200E+01  0.422084E-02  0.107334E-02
 0.328400E+01  0.379909E-02  0.122517E-02
 0.328600E+01  0.474938E-02  0.877186E-03
 0.328900E+01  0.365252E-02  0.116193E-02
 0.329100E+01  0.435298E-02  0.124776E-02
 0.329300E+01  0.486718E-02  0.879634E-03
 0.329600E+01  0.473317E-02  0.116260E-02
 0.329800E+01  0.501869E-02  0.125505E-02
 0.330000E+01  0.457831E-02  0.876504E-03
 0.330300E+01  0.467047E-02  0.116949E-02
 0.330500E+01  0.479505E-02  0.107456E-02
 0.330700E+01  0.511539E-02  0.122564E-02
 0.330900E+01  0.542723E-02  0.876377E-03
 0.331200E+01  0.536323E-02  0.116504E-02
 0.331400E+01  0.623631E-02  0.125267E-02
 0.331600E+01  0.518051E-02  0.877719E-03
 0.331900E+01  0.671802E-02  0.116142E-02
 0.332100E+01  0.615164E-02  0.125098E-02
 0.332300E+01  0.519026E-02  0.877694E-03
 0.332600E+01  0.386091E-02  0.117107E-02
 0.332800E+01  0.277748E-02  0.107305E-02
 0.333000E+01  0.278297E-02  0.122956E-02
 0.333200E+01  0.333248E-02  0.878321E-03
 0.333500E+01  0.434222E-02  0.116214E-02
 0.333700E+01  0.513087E-02  0.125229E-02
 0.333900E+01  0.375263E-02  0.877350E-03
 0.334200E+01  0.383386E-02  0.116986E-02
 0.334400E+01  0.487316E-02  0.125312E-02
 0.334600E+01  0.541034E-02  0.877358E-03
 0.334900E+01  0.551752E-02  0.116478E-02
 0.335100E+01  0.594038E-02  0.106528E-02
 0.335300E+01  0.439434E-02  0.123114E-02
 0.335500E+01  0.320598E-02  0.878063E-03
 0.335800E+01  0.506018E-02  0.116453E-02
 0.336000E+01  0.436886E-02  0.125311E-02
 0.336200E+01  0.492829E-02  0.876772E-03
 0.336500E+01  0.458010E-02  0.117087E-02
 0.336700E+01  0.290146E-02  0.124574E-02
 0.336900E+01  0.389916E-02  0.877482E-03
 0.337200E+01  0.370478E-02  0.116800E-02
 0.337400E+01  0.406012E-02  0.107113E-02
 0.337600E+01  0.381085E-02  0.123196E-02
 0.337800E+01  0.537195E-02  0.876473E-03
 0.338100E+01  0.584945E-02  0.116835E-02
 0.338300E+01  0.439426E-02  0.124938E-02
 0.338500E+01  0.347961E-02  0.878758E-03
 0.338800E+01  0.357077E-02  0.116542E-02
 0.339000E+01  0.338724E-02  0.124708E-02
 0.339200E+01  0.368795E-02  0.878839E-03
 0.339500E+01  0.496737E-02  0.116641E-02
 0.339700E+01  0.398054E-02  0.107242E-02
 0.339900E+01  0.486788E-02  0.123169E-02
 0.340100E+01  0.430659E-02  0.878186E-03
 0.340400E+01  0.424140E-02  0.117091E-02
 0.340600E+01  0.370844E-02  0.124658E-02
 0.340800E+01  0.279846E-02  0.878250E-03
 0.341100E+01  0.334210E-02  0.116806E-02
 0.341300E+01  0.373015E-02  0.125456E-02
 0.341500E+01  0.327773E-02  0.879985E-03
 0.341800E+01  0.395803E-02  0.116241E-02
 0.342000E+01  0.340788E-02  0.107565E-02
 0.342200E+01  0.599038E-02  0.122944E-02
 0.342400E+01  0.557166E-02  0.880159E-03
 0.342700E+01  0.453154E-02  0.116846E-02
 0.342900E+01  0.422704E-02  0.124571E-02
 0.343100E+01  0.477681E-02  0.879288E-03
 0.343400E+01  0.417809E-02  0.116507E-02
 0.343600E+01  0.489856E-02  0.124988E-02
 0.343800E+01  0.538109E-02  0.880540E-03
 0.344100E+01  0.592875E-02  0.116961E-02
 0.344300E+01  0.566575E-02  0.107658E-02
 0.344500E+01  0.488016E-02  0.122059E-02
 0.344700E+01  0.469732E-02  0.878400E-03
 0.345000E+01  0.375088E-02  0.117177E-02
 0.345200E+01  0.333273E-02  0.125738E-02
 0.345400E+01  0.335930E-02  0.881450E-03
 0.345700E+01  0.449036E-02  0.116297E-02
 0.345900E+01  0.336184E-02  0.125491E-02
 0.346100E+01  0.352497E-02  0.878769E-03
 0.346400E+01  0.500425E-02  0.116813E-02
 0.346600E+01  0.592634E-02  0.107485E-02
 0.346800E+01  0.603436E-02  0.122952E-02
 0.347000E+01  0.538205E-02  0.881174E-03
 0.347300E+01  0.607320E-02  0.116745E-02
 0.347500E+01  0.529597E-02  0.125078E-02
 0.347700E+01  0.530370E-02  0.881538E-03
 0.348000E+01  0.545359E-02  0.117146E-02
 0.348200E+01  0.520919E-02  0.125763E-02
 0.348400E+01  0.587307E-02  0.877314E-03
 0.348700E+01  0.550891E-02  0.116997E-02
 0.348900E+01  0.478882E-02  0.107741E-02
 0.349100E+01  0.326827E-02  0.123470E-02
 0.349300E+01  0.211094E-02  0.881924E-03
 0.349600E+01  0.288170E-02  0.116764E-02
 0.349800E+01  0.142030E-02  0.125382E-02
 0.350000E+01  0.309899E-02  0.878342E-03
 0.350300E+01  0.184348E-02  0.116500E-02
 0.350500E+01  0.225958E-03  0.124992E-02
 0.350700E+01  0.283633E-02  0.881622E-03
 0.351000E+01  0.567304E-02  0.117627E-02
 0.351200E+01  0.474200E-02  0.107612E-02
 0.351400E+01  0.349327E-02  0.122925E-02
 0.351600E+01  0.331899E-02  0.877567E-03
 0.351900E+01  0.348226E-02  0.117254E-02
 0.352100E+01  0.337242E-02  0.125801E-02
 0.352300E+01  0.377048E-02  0.877947E-03
 0.352600E+01  0.538966E-02  0.117014E-02
 0.352800E+01  0.503774E-02  0.124911E-02
 0.353000E+01  0.219391E-02  0.881883E-03
 0.353300E+01  0.350562E-02  0.116995E-02
 0.353500E+01  0.306771E-02  0.107597E-02
 0.353700E+01  0.300695E-02  0.123645E-02
 0.353900E+01  0.423634E-02  0.880431E-03
 0.354200E+01  0.294133E-02  0.117146E-02
 0.354400E+01  0.398627E-02  0.124834E-02
 0.354600E+01  0.269581E-02  0.881076E-03
 0.354900E+01  0.251226E-02  0.117575E-02
 0.355100E+01  0.277657E-02  0.125331E-02
 0.355300E+01  0.399562E-02  0.881980E-03
 0.355600E+01  0.317122E-02  0.116798E-02
 0.355800E+01  0.530999E-02  0.107846E-02
 0.356000E+01  0.662092E-02  0.123782E-02
 0.356200E+01  0.631908E-02  0.879224E-03
 0.356500E+01  0.507985E-02  0.117365E-02
 0.356700E+01  0.523035E-02  0.125676E-02
 0.356900E+01  0.392919E-02  0.884907E-03
 0.357200E+01  0.325482E-02  0.117330E-02
 0.357400E+01  0.348778E-02  0.125459E-02
 0.357600E+01  0.492612E-02  0.886221E-03
 0.357900E+01  0.513395E-02  0.117339E-02
 0.358100E+01  0.398054E-02  0.107948E-02
 0.358300E+01  0.454571E-02  0.123672E-02
 0.358500E+01  0.322061E-02  0.883833E-03
 0.358800E+01  0.293948E-02  0.117695E-02
 0.359000E+01  0.280568E-02  0.125705E-02
 0.359200E+01  0.231284E-02  0.883376E-03
 0.359500E+01  0.238748E-02  0.117883E-02
 0.359700E+01  0.397727E-02  0.126061E-02
 0.359900E+01  0.288586E-02  0.886584E-03
 0.360200E+01  0.362855E-02  0.117127E-02
 0.360400E+01  0.495890E-02  0.108219E-02
 0.360600E+01  0.493999E-02  0.124463E-02
 0.360800E+01  0.521455E-02  0.887800E-03
 0.361100E+01  0.474976E-02  0.117517E-02
 0.361300E+01  0.468795E-02  0.125586E-02
 0.361500E+01  0.422232E-02  0.883775E-03
 0.361800E+01  0.227499E-02  0.117793E-02
 0.362000E+01  0.256596E-02  0.125872E-02
 0.362200E+01  0.374367E-02  0.886396E-03
 0.362500E+01  0.445040E-02  0.117700E-02
 0.362700E+01  0.379017E-02  0.108431E-02
 0.362900E+01  0.271392E-02  0.124092E-02
 0.363100E+01  0.207995E-02  0.884673E-03
 0.363400E+01  0.163817E-02  0.117821E-02
 0.363600E+01  0.538169E-03  0.126239E-02
 0.363800E+01  0.270940E-02  0.886565E-03
 0.364100E+01  0.253624E-02  0.117605E-02
 0.364300E+01  0.283955E-02  0.125779E-02
 0.364500E+01  0.465023E-02  0.885477E-03
 0.364800E+01  0.344906E-02  0.117711E-02
 0.365000E+01  0.385883E-02  0.107935E-02
 0.365200E+01  0.507142E-02  0.124131E-02
 0.365400E+01  0.616951E-02  0.886385E-03
 0.365700E+01  0.543884E-02  0.117727E-02
 0.365900E+01  0.376772E-02  0.125925E-02
 0.366100E+01  0.415799E-02  0.886115E-03
 0.366400E+01  0.376747E-02  0.118194E-02
 0.366600E+01  0.346344E-02  0.126425E-02
 0.366800E+01  0.421588E-02  0.887054E-03
 0.367100E+01  0.278888E-02  0.118028E-02
 0.367300E+01  0.306459E-02  0.108240E-02
 0.367500E+01  0.332299E-02  0.124258E-02
 0.367700E+01  0.479509E-02  0.889016E-03
 0.368000E+01  0.428321E-02  0.117709E-02
 0.368200E+01  0.220137E-02  0.126572E-02
 0.368400E+01  0.344061E-02  0.888115E-03
 0.368700E+01  0.312696E-02  0.117856E-02
 0.368900E+01  0.282738E-02  0.126370E-02
 0.369100E+01  0.386747E-02  0.889575E-03
 0.369400E+01  0.472333E-02  0.118511E-02
 0.369600E+01  0.305055E-02  0.108991E-02
 0.369800E+01  0.231606E-02  0.124272E-02
 0.370000E+01  0.369631E-02  0.888220E-03
 0.370300E+01  0.512042E-02  0.118250E-02
 0.370500E+01  0.498164E-02  0.126605E-02
 0.370700E+01  0.390081E-02  0.888883E-03
 0.371000E+01  0.396786E-02  0.118191E-02
 0.371200E+01  0.403389E-02  0.126829E-02
 0.371400E+01  0.498532E-02  0.888150E-03
 0.371700E+01  0.326650E-02  0.117965E-02
 0.371900E+01  0.420523E-02  0.108602E-02
 0.372100E+01  0.375818E-02  0.124659E-02
 0.372300E+01  0.416817E-02  0.890642E-03
 0.372600E+01  0.512657E-02  0.118361E-02
 0.372800E+01  0.492555E-02  0.126281E-02
 0.373000E+01  0.471900E-02  0.886506E-03
 0.373300E+01  0.453462E-02  0.118428E-02
 0.373500E+01  0.567327E-02  0.127228E-02
 0.373700E+01  0.716199E-02  0.891774E-03
 0.374000E+01  0.363532E-02  0.118323E-02
 0.374200E+01  0.291479E-02  0.109070E-02
 0.374400E+01  0.104527E-02  0.124805E-02
 0.374600E+01  0.288796E-02  0.890551E-03
 0.374900E+01  0.461330E-02  0.118508E-02
 0.375100E+01  0.501498E-02  0.126987E-02
 0.375300E+01  0.512723E-02  0.891686E-03
 0.375600E+01  0.405146E-02  0.118566E-02
 0.375800E+01  0.353435E-02  0.126014E-02
 0.376000E+01  0.337924E-02  0.888526E-03
 0.376300E+01  0.378161E-02  0.118492E-02
 0.376500E+01  0.286174E-02  0.108985E-02
 0.376700E+01  0.186656E-02  0.124699E-02
 0.376900E+01  0.335164E-02  0.889607E-03
 0.377200E+01  0.506264E-02  0.118213E-02
 0.377400E+01  0.514780E-02  0.127135E-02
 0.377600E+01  0.550916E-02  0.891927E-03
 0.377900E+01  0.496552E-02  0.118552E-02
 0.378100E+01  0.276758E-02  0.126967E-02
 0.378300E+01  0.315349E-02  0.893156E-03
 0.378600E+01  0.431702E-02  0.118546E-02
 0.378800E+01  0.347029E-02  0.109210E-02
 0.379000E+01  0.274410E-02  0.125236E-02
 0.379200E+01  0.366924E-02  0.899300E-03
 0.379500E+01  0.520095E-02  0.119056E-02
 0.379700E+01  0.626171E-02  0.127006E-02
 0.379900E+01  0.535741E-02  0.893184E-03
 0.380200E+01  0.533249E-02  0.118636E-02
 0.380400E+01  0.438949E-02  0.128071E-02
 0.380600E+01  0.391134E-02  0.896369E-03
 0.380900E+01  0.324621E-02  0.119537E-02
 0.381100E+01  0.349526E-02  0.109904E-02
 0.381300E+01  0.221226E-02  0.125472E-02
 0.381500E+01  0.305981E-02  0.896273E-03
 0.381800E+01  0.379637E-02  0.119363E-02
 0.382000E+01  0.491920E-02  0.128159E-02
 0.382200E+01  0.552030E-02  0.899189E-03
 0.382500E+01  0.551936E-02  0.118988E-02
 0.382700E+01  0.561083E-02  0.127760E-02
 0.382900E+01  0.488537E-02  0.900960E-03
 0.383200E+01  0.346504E-02  0.119882E-02
 0.383400E+01  0.230000E-02  0.110148E-02
 0.383600E+01  0.565593E-02  0.125669E-02
 0.383800E+01  0.567701E-02  0.900890E-03
 0.384100E+01  0.617217E-02  0.119905E-02
 0.384300E+01  0.537270E-02  0.128306E-02
 0.384500E+01  0.391430E-02  0.901790E-03
 0.384800E+01  0.543085E-02  0.119748E-02
 0.385000E+01  0.479379E-02  0.128966E-02
 0.385200E+01  0.395975E-02  0.903211E-03
 0.385500E+01  0.569086E-02  0.119495E-02
 0.385700E+01  0.564547E-02  0.110032E-02
 0.385900E+01  0.392233E-02  0.126562E-02
 0.386100E+01  0.322592E-02  0.905767E-03
 0.386400E+01  0.370232E-02  0.119899E-02
 0.386600E+01  0.465620E-02  0.128758E-02
 0.386800E+01  0.336879E-02  0.905126E-03
 0.387100E+01  0.372444E-02  0.119848E-02
 0.387300E+01  0.278080E-02  0.128886E-02
 0.387500E+01  0.419551E-02  0.903136E-03
 0.387800E+01  0.554395E-02  0.120267E-02
 0.388000E+01  0.672837E-02  0.110795E-02
 0.388200E+01  0.571423E-02  0.127012E-02
 0.388400E+01  0.457745E-02  0.904051E-03
 0.388700E+01  0.443319E-02  0.120728E-02
 0.388900E+01  0.422069E-02  0.129268E-02
 0.389100E+01  0.505297E-02  0.907824E-03
 0.389400E+01  0.551260E-02  0.120152E-02
 0.389600E+01  0.360473E-02  0.128696E-02
 0.389800E+01  0.423564E-02  0.907966E-03
 0.390100E+01  0.458932E-02  0.120536E-02
 0.390300E+01  0.323779E-02  0.111197E-02
 0.390500E+01  0.193969E-02  0.127542E-02
 0.390700E+01  0.257985E-02  0.911852E-03
 0.391000E+01  0.446147E-02  0.121019E-02
 0.391200E+01  0.459640E-02  0.128850E-02
 0.391400E+01  0.575136E-02  0.907228E-03
 0.391700E+01  0.461637E-02  0.120912E-02
 0.391900E+01  0.349360E-02  0.129966E-02
 0.392100E+01  0.388166E-02  0.913266E-03
 0.392400E+01  0.515239E-02  0.120851E-02
 0.392600E+01  0.516175E-02  0.111589E-02
 0.392800E+01  0.471498E-02  0.127649E-02
 0.393000E+01  0.433037E-02  0.913377E-03
 0.393300E+01  0.413998E-02  0.121119E-02
 0.393500E+01  0.354493E-02  0.130117E-02
 0.393700E+01  0.295055E-02  0.915413E-03
 0.394000E+01  0.412339E-02  0.121615E-02
 0.394200E+01  0.548859E-02  0.129684E-02
 0.394400E+01  0.400929E-02  0.913911E-03
 0.394700E+01  0.440245E-02  0.121479E-02
 0.394900E+01  0.345157E-02  0.111748E-02
 0.395100E+01  0.344879E-02  0.128013E-02
 0.395300E+01  0.480293E-02  0.914729E-03
 0.395600E+01  0.486962E-02  0.121809E-02
 0.395800E+01  0.493931E-02  0.130515E-02
 0.396000E+01  0.411115E-02  0.917627E-03
 0.396300E+01  0.315585E-02  0.121458E-02
 0.396500E+01  0.467049E-02  0.130595E-02
 0.396700E+01  0.477176E-02  0.918241E-03
 0.397000E+01  0.392054E-02  0.121880E-02
 0.397200E+01  0.490117E-02  0.112192E-02
 0.397400E+01  0.530973E-02  0.128659E-02
 0.397600E+01  0.529455E-02  0.922522E-03
 0.397900E+01  0.737144E-02  0.122515E-02
 0.398100E+01  0.490438E-02  0.130544E-02
 0.398300E+01  0.393964E-02  0.917483E-03
 0.398600E+01  0.423956E-02  0.122144E-02
 0.398800E+01  0.612624E-02  0.131228E-02
 0.399000E+01  0.593828E-02  0.920770E-03
 0.399300E+01  0.464649E-02  0.122313E-02
 0.399500E+01  0.403203E-02  0.112680E-02
 0.399700E+01  0.402461E-02  0.129062E-02
 0.399900E+01  0.469236E-02  0.920282E-03
 0.400200E+01  0.566505E-02  0.122150E-02
 0.400400E+01  0.542932E-02  0.131110E-02
 0.400600E+01  0.541339E-02  0.922456E-03
 0.400900E+01  0.500732E-02  0.122748E-02
 0.401100E+01  0.454348E-02  0.131181E-02
 0.401300E+01  0.390255E-02  0.922186E-03
 0.401600E+01  0.454199E-02  0.122703E-02
 0.401800E+01  0.410693E-02  0.112932E-02
 0.402000E+01  0.384051E-02  0.129187E-02
 0.402200E+01  0.429955E-02  0.920800E-03
 0.402500E+01  0.498642E-02  0.122749E-02
 0.402700E+01  0.533407E-02  0.131377E-02
 0.402900E+01  0.558577E-02  0.920960E-03
 0.403200E+01  0.388611E-02  0.122766E-02
 0.403400E+01  0.350419E-02  0.131504E-02
 0.403600E+01  0.232886E-02  0.926319E-03
 0.403900E+01  0.244588E-02  0.122587E-02
 0.404100E+01  0.447518E-02  0.112488E-02
 0.404300E+01  0.279115E-02  0.129576E-02
 0.404500E+01  0.301001E-02  0.927234E-03
 0.404800E+01  0.604554E-02  0.123327E-02
 0.405000E+01  0.659086E-02  0.132027E-02
 0.405200E+01  0.647718E-02  0.926372E-03
 0.405500E+01  0.576708E-02  0.123445E-02
 0.405700E+01  0.528221E-02  0.131409E-02
 0.405900E+01  0.442805E-02  0.925050E-03
 0.406200E+01  0.394451E-02  0.123259E-02
 0.406400E+01  0.564391E-02  0.113664E-02
 0.406600E+01  0.637443E-02  0.130155E-02
 0.406800E+01  0.612319E-02  0.926395E-03
 0.407100E+01  0.605538E-02  0.123376E-02
 0.407300E+01  0.691471E-02  0.132665E-02
 0.407500E+01  0.599138E-02  0.929270E-03
 0.407800E+01  0.408896E-02  0.123520E-02
 0.408000E+01  0.489803E-02  0.132070E-02
 0.408200E+01  0.454314E-02  0.927473E-03
 0.408500E+01  0.338821E-02  0.123649E-02
 0.408700E+01  0.426765E-02  0.113763E-02
 0.408900E+01  0.454571E-02  0.130133E-02
 0.409100E+01  0.479187E-02  0.932753E-03
 0.409400E+01  0.446454E-02  0.123852E-02
 0.409600E+01  0.381587E-02  0.132597E-02
 0.409800E+01  0.368046E-02  0.926701E-03
 0.410100E+01  0.452970E-02  0.123538E-02
 0.410300E+01  0.315863E-02  0.132835E-02
 0.410500E+01  0.354447E-02  0.932408E-03
 0.410800E+01  0.630310E-02  0.124023E-02
 0.411000E+01  0.732600E-02  0.113816E-02
 0.411200E+01  0.622101E-02  0.130468E-02
 0.411400E+01  0.424339E-02  0.936808E-03
 0.411700E+01  0.414735E-02  0.124160E-02
 0.411900E+01  0.333326E-02  0.132913E-02
 0.412100E+01  0.237665E-02  0.935959E-03
 0.412400E+01  0.368879E-02  0.124227E-02
 0.412600E+01  0.426567E-02  0.133194E-02
 0.412800E+01  0.453313E-02  0.934327E-03
 0.413100E+01  0.369678E-02  0.124453E-02
 0.413300E+01  0.433630E-02  0.114820E-02
 0.413500E+01  0.409160E-02  0.131190E-02
 0.413700E+01  0.304789E-02  0.935261E-03
 0.414000E+01  0.430103E-02  0.124465E-02
 0.414200E+01  0.538751E-02  0.133561E-02
 0.414400E+01  0.564123E-02  0.938791E-03
 0.414700E+01  0.364392E-02  0.124670E-02
 0.414900E+01  0.350948E-02  0.134039E-02
 0.415100E+01  0.545274E-02  0.941038E-03
 0.415400E+01  0.486409E-02  0.125203E-02
 0.415600E+01  0.513563E-02  0.133831E-02
 0.415800E+01  0.374994E-02  0.942980E-03
 0.416100E+01  0.341587E-02  0.125770E-02
 0.416300E+01  0.381670E-02  0.115635E-02
 0.416500E+01  0.294558E-02  0.132154E-02
 0.416700E+01  0.363040E-02  0.941416E-03
 0.417000E+01  0.461022E-02  0.125409E-02
 0.417200E+01  0.524094E-02  0.134264E-02
 0.417400E+01  0.466642E-02  0.946615E-03
 0.417700E+01  0.250858E-02  0.125666E-02
 0.417900E+01  0.351399E-02  0.115842E-02
 0.418100E+01  0.420667E-02  0.133148E-02
 0.418300E+01  0.550550E-02  0.950946E-03
 0.418600E+01  0.499134E-02  0.126282E-02
 0.418800E+01  0.433711E-02  0.135391E-02
 0.419000E+01  0.536185E-02  0.950552E-03
 0.419300E+01  0.408958E-02  0.126391E-02
 0.419500E+01  0.447945E-02  0.135268E-02
 0.419700E+01  0.510877E-02  0.952935E-03
 0.420000E+01  0.497843E-02  0.126882E-02
 0.420200E+01  0.454401E-02  0.135908E-02
 0.420400E+01  0.508039E-02  0.956878E-03
 0.420700E+01  0.609533E-02  0.126929E-02
 0.420900E+01  0.565951E-02  0.116907E-02
 0.421100E+01  0.443321E-02  0.134364E-02
 0.421300E+01  0.589127E-02  0.955904E-03
 0.421600E+01  0.725588E-02  0.126899E-02
 0.421800E+01  0.486416E-02  0.136327E-02
 0.422000E+01  0.399989E-02  0.960121E-03
 0.422300E+01  0.419961E-02  0.127381E-02
 0.422500E+01  0.575781E-02  0.116934E-02
 0.422700E+01  0.768818E-02  0.134659E-02
 0.422900E+01  0.681384E-02  0.962022E-03
 0.423200E+01  0.466432E-02  0.128026E-02
 0.423400E+01  0.391377E-02  0.137400E-02
 0.423600E+01  0.296735E-02  0.964944E-03
 0.423900E+01  0.521078E-02  0.128446E-02
 0.424100E+01  0.310149E-02  0.137790E-02
 0.424300E+01  0.277730E-02  0.964057E-03
 0.424600E+01  0.331075E-02  0.128236E-02
 0.424800E+01  0.379206E-02  0.137713E-02
 0.425000E+01  0.569703E-02  0.964977E-03
 0.425300E+01  0.564537E-02  0.128662E-02
 0.425500E+01  0.468115E-02  0.117877E-02
 0.425700E+01  0.428542E-02  0.136065E-02
 0.425900E+01  0.570940E-02  0.972766E-03
 0.426200E+01  0.599329E-02  0.129094E-02
 0.426400E+01  0.558067E-02  0.138004E-02
 0.426600E+01  0.598572E-02  0.968857E-03
 0.426900E+01  0.661844E-02  0.129370E-02
 0.427100E+01  0.776139E-02  0.138536E-02
 0.427300E+01  0.553867E-02  0.971666E-03
 0.427600E+01  0.376871E-02  0.129265E-02
 0.427800E+01  0.448298E-02  0.119305E-02
 0.428000E+01  0.531892E-02  0.136617E-02
 0.428200E+01  0.455820E-02  0.975419E-03
 0.428500E+01  0.378530E-02  0.129833E-02
 0.428700E+01  0.377512E-02  0.139166E-02
 0.428900E+01  0.448655E-02  0.977931E-03
 0.429200E+01  0.602096E-02  0.130105E-02
 0.429400E+01  0.439585E-02  0.139147E-02
 0.429600E+01  0.543768E-02  0.980755E-03
 0.429900E+01  0.530791E-02  0.130977E-02
 0.430100E+01  0.454227E-02  0.120407E-02
 0.430300E+01  0.446900E-02  0.137050E-02
 0.430500E+01  0.483557E-02  0.982908E-03
 0.430800E+01  0.385538E-02  0.130666E-02
 0.431000E+01  0.309249E-02  0.140340E-02
 0.431200E+01  0.390064E-02  0.982360E-03
 0.431500E+01  0.483028E-02  0.130530E-02
 0.431700E+01  0.560395E-02  0.140582E-02
 0.431900E+01  0.579454E-02  0.985201E-03
 0.432200E+01  0.429304E-02  0.130604E-02
 0.432400E+01  0.356548E-02  0.120424E-02
 0.432600E+01  0.389012E-02  0.138232E-02
 0.432800E+01  0.488363E-02  0.987730E-03
 0.433100E+01  0.607197E-02  0.131257E-02
 0.433300E+01  0.554045E-02  0.140562E-02
 0.433500E+01  0.442317E-02  0.988462E-03
 0.433800E+01  0.487516E-02  0.131689E-02
 0.434000E+01  0.438950E-02  0.140825E-02
 0.434200E+01  0.531545E-02  0.990314E-03
 0.434500E+01  0.383816E-02  0.131457E-02
 0.434700E+01  0.203318E-02  0.121372E-02
 0.434900E+01  0.339612E-02  0.139184E-02
 0.435100E+01  0.332439E-02  0.995699E-03
 0.435400E+01  0.452663E-02  0.132136E-02
 0.435600E+01  0.340365E-02  0.141471E-02
 0.435800E+01  0.303248E-02  0.993908E-03
 0.436100E+01  0.392115E-02  0.132257E-02
 0.436300E+01  0.451015E-02  0.141764E-02
 0.436500E+01  0.340884E-02  0.997355E-03
 0.436800E+01  0.403917E-02  0.132670E-02
 0.437000E+01  0.422396E-02  0.121999E-02
 0.437200E+01  0.442400E-02  0.139746E-02
 0.437400E+01  0.458136E-02  0.999376E-03
 0.437700E+01  0.335624E-02  0.132737E-02
 0.437900E+01  0.437521E-02  0.141926E-02
 0.438100E+01  0.350573E-02  0.997173E-03
 0.438400E+01  0.387873E-03  0.132560E-02
 0.438600E+01  0.150021E-02  0.142496E-02
 0.438800E+01  0.620242E-02  0.100427E-02
 0.439100E+01  0.539827E-02  0.133631E-02
 0.439300E+01  0.540049E-02  0.122219E-02
 0.439500E+01  0.518085E-02  0.140071E-02
 0.439700E+01  0.446470E-02  0.999486E-03
 0.440000E+01  0.546158E-02  0.133509E-02
 0.440200E+01  0.540445E-02  0.143133E-02
 0.440400E+01  0.654665E-02  0.100622E-02
 0.440700E+01  0.583900E-02  0.134113E-02
 0.440900E+01  0.314911E-02  0.143506E-02
 0.441100E+01  0.118880E-02  0.101085E-02
 0.441400E+01  0.292165E-02  0.134438E-02
 0.441600E+01  0.374648E-02  0.123341E-02
 0.441800E+01  0.263517E-02  0.141659E-02
 0.442000E+01  0.217415E-02  0.101022E-02
 0.442300E+01  0.337038E-02  0.134320E-02
 0.442500E+01  0.254797E-02  0.144262E-02
 0.442700E+01  0.420457E-02  0.101149E-02
 0.443000E+01  0.443627E-02  0.134636E-02
 0.443200E+01  0.356081E-02  0.144614E-02
 0.443400E+01  0.366914E-02  0.101354E-02
 0.443700E+01  0.161481E-02  0.134894E-02
 0.443900E+01  0.887859E-03  0.124192E-02
 0.444100E+01  0.323043E-02  0.142454E-02
 0.444300E+01  0.319833E-02  0.101972E-02
 0.444600E+01  0.139659E-02  0.135533E-02
 0.444800E+01  0.419105E-03  0.145577E-02
 0.445000E+01  0.101059E-02  0.102075E-02
 0.445300E+01  0.272126E-02  0.135534E-02
 0.445500E+01  0.264533E-02  0.145414E-02
 0.445700E+01  0.394199E-02  0.102582E-02
 0.446000E+01  0.258357E-02  0.136024E-02
 0.446200E+01  0.274940E-02  0.125511E-02
 0.446400E+01  0.306832E-02  0.143879E-02
 0.446600E+01  0.239694E-02  0.102851E-02
 0.446900E+01  0.161296E-02  0.136464E-02
 0.447100E+01  0.193254E-02  0.146374E-02
 0.447300E+01  0.358722E-02  0.102584E-02
 0.447600E+01  0.533557E-02  0.136071E-02
 0.447800E+01  0.450856E-02  0.145971E-02
 0.448000E+01  0.318500E-02  0.103017E-02
 0.448300E+01  0.388611E-02  0.136977E-02
 0.448500E+01  0.507905E-02  0.126444E-02
 0.448700E+01  0.290928E-02  0.145052E-02
 0.448900E+01  0.210276E-02  0.103616E-02
 0.449200E+01  0.398139E-02  0.136985E-02
 0.449400E+01  0.662155E-02  0.146888E-02
 0.449600E+01  0.466163E-02  0.103708E-02
 0.449900E+01  0.394389E-02  0.137972E-02
 0.450100E+01  0.314117E-02  0.148091E-02
 0.450300E+01  0.378746E-02  0.103928E-02
 0.450600E+01  0.333166E-02  0.138143E-02
 0.450800E+01  0.558773E-02  0.127348E-02
 0.451000E+01  0.506835E-02  0.146087E-02
 0.451200E+01  0.377065E-02  0.104409E-02
 0.451500E+01  0.445716E-02  0.138644E-02
 0.451700E+01  0.602781E-02  0.148391E-02
 0.451900E+01  0.499715E-02  0.104290E-02
 0.452200E+01  0.467845E-02  0.138879E-02
 0.452400E+01  0.579498E-02  0.148865E-02
 0.452600E+01  0.417044E-02  0.104576E-02
 0.452900E+01  0.520464E-02  0.138797E-02
 0.453100E+01  0.381670E-02  0.127969E-02
 0.453300E+01  0.305604E-02  0.146921E-02
 0.453500E+01  0.375020E-02  0.105197E-02
 0.453800E+01  0.706348E-02  0.139767E-02
 0.454000E+01  0.808948E-02  0.150132E-02
 0.454200E+01  0.631699E-02  0.105171E-02
 0.454500E+01  0.654960E-02  0.139843E-02
 0.454700E+01  0.664166E-02  0.149703E-02
 0.454900E+01  0.641728E-02  0.105179E-02
 0.455200E+01  0.526795E-02  0.140513E-02
 0.455400E+01  0.693435E-02  0.129182E-02
 0.455600E+01  0.492976E-02  0.148294E-02
 0.455800E+01  0.466224E-02  0.106039E-02
 0.456100E+01  0.603263E-02  0.140611E-02
 0.456300E+01  0.558702E-02  0.150282E-02
 0.456500E+01  0.479022E-02  0.105860E-02
 0.456800E+01  0.281838E-02  0.140717E-02
 0.457000E+01  0.276916E-02  0.150626E-02
 0.457200E+01  0.193142E-02  0.106473E-02
 0.457500E+01  0.258726E-02  0.141544E-02
 0.457700E+01  0.310984E-02  0.130424E-02
 0.457900E+01  0.239175E-02  0.149262E-02
 0.458100E+01  0.284730E-02  0.106623E-02
 0.458400E+01  0.114211E-02  0.141758E-02
 0.458600E+01  0.364177E-02  0.151812E-02
 0.458800E+01  0.247268E-02  0.107126E-02
 0.459100E+01  0.855043E-03  0.142716E-02
 0.459300E+01  0.234265E-02  0.152956E-02
 0.459500E+01  0.189190E-02  0.107832E-02
 0.459800E+01  0.334395E-02  0.143170E-02
 0.460000E+01  0.277592E-02  0.131612E-02
 0.460200E+01  0.264949E-02  0.150893E-02
 0.460400E+01  0.312345E-02  0.108041E-02
 0.460700E+01  0.291551E-02  0.143965E-02
 0.460900E+01  0.204208E-02  0.154643E-02
 0.461100E+01  0.385388E-02  0.108894E-02
 0.461400E+01  0.411294E-02  0.145294E-02
 0.461600E+01  0.341793E-02  0.156177E-02
 0.461800E+01  0.427665E-02  0.109666E-02
 0.462100E+01  0.417809E-02  0.145854E-02
 0.462300E+01  0.368407E-02  0.134079E-02
 0.462500E+01  0.274768E-02  0.153788E-02
 0.462700E+01  0.556706E-02  0.109816E-02
 0.463000E+01  0.652623E-02  0.146563E-02
 0.463200E+01  0.564787E-02  0.157399E-02
 0.463400E+01  0.438582E-02  0.110741E-02
 0.463700E+01  0.460224E-02  0.147265E-02
 0.463900E+01  0.303693E-02  0.157925E-02
 0.464100E+01  0.203120E-02  0.111026E-02
 0.464400E+01  0.121157E-02  0.148117E-02
 0.464600E+01  0.107822E-02  0.137008E-02
 0.464800E+01  0.123909E-02  0.156781E-02
 0.465000E+01  0.123790E-02  0.112132E-02
 0.465300E+01  0.771444E-03  0.149069E-02
 0.465500E+01  0.175157E-03  0.159663E-02
 0.465700E+01  0.426508E-03  0.112410E-02
 0.466000E+01  0.156195E-02  0.149212E-02
 0.466200E+01  0.187804E-02  0.160074E-02
 0.466400E+01  0.215256E-02  0.112970E-02
 0.466700E+01  0.117899E-02  0.150344E-02
 0.466900E+01  0.188183E-02  0.138529E-02
 0.467100E+01  0.172542E-02  0.159225E-02
 0.467300E+01  0.348989E-02  0.113839E-02
 0.467600E+01  0.566320E-02  0.151191E-02
 0.467800E+01  0.615799E-02  0.162454E-02
 0.468000E+01  0.504086E-02  0.114531E-02
 0.468300E+01  0.387566E-02  0.152360E-02
 0.468500E+01  0.401801E-02  0.163490E-02
 0.468700E+01  0.439349E-02  0.114954E-02
 0.469000E+01  0.654529E-02  0.152804E-02
 0.469200E+01  0.716372E-02  0.140185E-02
 0.469400E+01  0.564008E-02  0.161007E-02
 0.469600E+01  0.455333E-02  0.115159E-02
 0.469900E+01  0.459055E-02  0.154279E-02
 0.470100E+01  0.484300E-02  0.165171E-02
 0.470300E+01  0.511634E-02  0.116164E-02
 0.470600E+01  0.440676E-02  0.155040E-02
 0.470800E+01  0.324542E-02  0.165994E-02
 0.471000E+01  0.196938E-02  0.116403E-02
 0.471300E+01  0.310667E-02  0.154949E-02
 0.471500E+01  0.488712E-02  0.142863E-02
 0.471700E+01  0.558434E-02  0.163670E-02
 0.471900E+01  0.308123E-02  0.117274E-02
 0.472200E+01  0.237826E-02  0.155996E-02
 0.472400E+01  0.233736E-02  0.166950E-02
 0.472600E+01  0.219609E-02  0.117628E-02
 0.472900E+01  0.439016E-02  0.156858E-02
 0.473100E+01  0.342587E-02  0.168726E-02
 0.473300E+01  0.163621E-02  0.118412E-02
 0.473600E+01  0.264319E-02  0.157434E-02
 0.473800E+01  0.215489E-02  0.145482E-02
 0.474000E+01  0.255438E-02  0.166542E-02
 0.474200E+01  0.224641E-02  0.119092E-02
 0.474500E+01  0.477988E-02  0.158416E-02
 0.474700E+01  0.448104E-02  0.170170E-02
 0.474900E+01  0.406222E-02  0.119305E-02
 0.475200E+01  0.439385E-02  0.158994E-02
 0.475400E+01  0.415930E-02  0.170134E-02
 0.475600E+01  0.323898E-02  0.120006E-02
 0.475900E+01  0.234322E-02  0.159683E-02
 0.476100E+01  0.283989E-02  0.147968E-02
 0.476300E+01  0.295172E-02  0.170798E-02
 0.476500E+01  0.336783E-02  0.123767E-02
 0.476800E+01  0.265610E-02  0.166309E-02
 0.477000E+01  0.381058E-02  0.180050E-02
 0.477200E+01  0.325892E-02  0.128312E-02
 0.477500E+01  0.806482E-03  0.172453E-02
 0.477700E+01 -0.726026E-03  0.185575E-02
 0.477900E+01 -0.340927E-03  0.131779E-02
 0.478200E+01  0.320196E-02  0.176903E-02
 0.478400E+01  0.588108E-02  0.164195E-02
 0.478600E+01  0.696789E-02  0.163096E-02
---------Z:\home\hmertens\data\userdata\Walkinshaw.1108\man_processed\0.7fh1114_57s56.dat-------------------
 19-Dec-2008       (fh10_057.dat - 1.000 *fh10_056.dat) /  0.7300                                                                                                                                                                                               
fh10_057.dat  Conc = .73E+00  Mult = .10E+01  N1 =    1  N2 = 2083  SCALE =  1                                                                                                                                                                                  
 h10_056.dat  Conc = .10E+01  Mult = .10E+01  N1 =    1  N2 = 2083  SCALE =  1                                                                                                                                                                                  
---------Z:\home\hmertens\data\userdata\Walkinshaw.1108\man_processed\1.6fh1114_54s56.dat-------------------
 19-Dec-2008       (fh10_054.dat - 1.000 *fh10_056.dat) /  1.6200                                                                                                                                                                                               
fh10_054.dat  Conc = .16E+01  Mult = .10E+01  N1 =    1  N2 = 2083  SCALE =  1                                                                                                                                                                                  
 h10_056.dat  Conc = .10E+01  Mult = .10E+01  N1 =    1  N2 = 2083  SCALE =  1                                                                                                                                                                                  
