 24-Sep-2012       (cyn_056.dat - 1.0*Aver(cyn_055.dat,cyn_057.dat) /  5.0230 
 cyn_056.dat  Conc = .50E+01  N1 =    1  N2 = 2168
 cyn_055.dat  Conc = 0.0d+0   N1 =    1  N2 = 2168
 cyn_057.dat  Conc = 0.0d+0   N1 =    1  N2 = 2168
  0.871252E-01  0.289548E+02  0.168528E+02
  0.898592E-01  0.369898E+02  0.581065E+01
  0.925932E-01  0.310442E+02  0.468943E+01
  0.953273E-01  0.288961E+02  0.423658E+01
  0.980613E-01  0.376190E+02  0.371560E+01
  0.100795E+00  0.336233E+02  0.339039E+01
  0.103529E+00  0.327364E+02  0.302817E+01
  0.106263E+00  0.351214E+02  0.281977E+01
  0.108998E+00  0.356361E+02  0.250211E+01
  0.111732E+00  0.341728E+02  0.232490E+01
  0.114466E+00  0.348547E+02  0.217056E+01
  0.117200E+00  0.333765E+02  0.199814E+01
  0.119934E+00  0.343331E+02  0.185507E+01
  0.122668E+00  0.328857E+02  0.170196E+01
  0.125402E+00  0.332650E+02  0.159789E+01
  0.128136E+00  0.337856E+02  0.152404E+01
  0.130870E+00  0.353424E+02  0.140946E+01
  0.133604E+00  0.347064E+02  0.134300E+01
  0.136338E+00  0.335205E+02  0.123996E+01
  0.139072E+00  0.342993E+02  0.117563E+01
  0.141806E+00  0.342147E+02  0.109455E+01
  0.144540E+00  0.338242E+02  0.105086E+01
  0.147274E+00  0.320081E+02  0.101166E+01
  0.150008E+00  0.332928E+02  0.939144E+00
  0.152742E+00  0.335749E+02  0.908428E+00
  0.155476E+00  0.332606E+02  0.845156E+00
  0.158210E+00  0.340174E+02  0.823534E+00
  0.160944E+00  0.335097E+02  0.777808E+00
  0.163678E+00  0.338450E+02  0.752343E+00
  0.166412E+00  0.326752E+02  0.712953E+00
  0.169146E+00  0.326344E+02  0.680788E+00
  0.171881E+00  0.316140E+02  0.655198E+00
  0.174615E+00  0.317305E+02  0.625966E+00
  0.177349E+00  0.319628E+02  0.603117E+00
  0.180083E+00  0.315682E+02  0.571391E+00
  0.182817E+00  0.309320E+02  0.559379E+00
  0.185551E+00  0.308020E+02  0.543130E+00
  0.188285E+00  0.307921E+02  0.514261E+00
  0.191019E+00  0.304089E+02  0.495195E+00
  0.193753E+00  0.305701E+02  0.486522E+00
  0.196487E+00  0.300193E+02  0.468248E+00
  0.199221E+00  0.303545E+02  0.460177E+00
  0.201955E+00  0.295185E+02  0.426875E+00
  0.204689E+00  0.299341E+02  0.427144E+00
  0.207423E+00  0.293926E+02  0.413184E+00
  0.210157E+00  0.286925E+02  0.407609E+00
  0.212891E+00  0.292098E+02  0.396721E+00
  0.215625E+00  0.292440E+02  0.382322E+00
  0.218359E+00  0.285764E+02  0.383621E+00
  0.221093E+00  0.277401E+02  0.365951E+00
  0.223827E+00  0.284608E+02  0.360416E+00
  0.226561E+00  0.281595E+02  0.356035E+00
  0.229295E+00  0.280151E+02  0.344275E+00
  0.232029E+00  0.280707E+02  0.346638E+00
  0.234764E+00  0.274636E+02  0.326857E+00
  0.237498E+00  0.274401E+02  0.334215E+00
  0.240232E+00  0.273981E+02  0.320693E+00
  0.242966E+00  0.264975E+02  0.315937E+00
  0.245700E+00  0.262460E+02  0.314376E+00
  0.248434E+00  0.262995E+02  0.297220E+00
  0.251168E+00  0.258855E+02  0.300664E+00
  0.253902E+00  0.261653E+02  0.294066E+00
  0.256636E+00  0.257551E+02  0.287302E+00
  0.259370E+00  0.254871E+02  0.281451E+00
  0.262104E+00  0.250236E+02  0.270639E+00
  0.264838E+00  0.253276E+02  0.276410E+00
  0.267572E+00  0.247328E+02  0.265758E+00
  0.270306E+00  0.245193E+02  0.259461E+00
  0.273040E+00  0.247125E+02  0.259517E+00
  0.275774E+00  0.240748E+02  0.249001E+00
  0.278508E+00  0.235253E+02  0.251376E+00
  0.281242E+00  0.238706E+02  0.242449E+00
  0.283976E+00  0.239241E+02  0.242382E+00
  0.286710E+00  0.234218E+02  0.239908E+00
  0.289444E+00  0.233698E+02  0.232895E+00
  0.292178E+00  0.229231E+02  0.231826E+00
  0.294912E+00  0.229018E+02  0.225818E+00
  0.297647E+00  0.227798E+02  0.224531E+00
  0.300381E+00  0.224904E+02  0.223996E+00
  0.303115E+00  0.224824E+02  0.219215E+00
  0.305849E+00  0.221264E+02  0.214842E+00
  0.308583E+00  0.218244E+02  0.212857E+00
  0.311317E+00  0.217233E+02  0.208920E+00
  0.314051E+00  0.214531E+02  0.208090E+00
  0.316785E+00  0.211380E+02  0.201043E+00
  0.319519E+00  0.210207E+02  0.202083E+00
  0.322253E+00  0.212091E+02  0.202197E+00
  0.324987E+00  0.206945E+02  0.197257E+00
  0.327721E+00  0.206568E+02  0.193986E+00
  0.330455E+00  0.206045E+02  0.193417E+00
  0.333189E+00  0.202538E+02  0.192842E+00
  0.335923E+00  0.203313E+02  0.192950E+00
  0.338657E+00  0.201824E+02  0.188199E+00
  0.341391E+00  0.198976E+02  0.183063E+00
  0.344125E+00  0.197315E+02  0.184928E+00
  0.346859E+00  0.195299E+02  0.182375E+00
  0.349593E+00  0.195121E+02  0.184393E+00
  0.352327E+00  0.194551E+02  0.178193E+00
  0.355061E+00  0.193708E+02  0.176679E+00
  0.357795E+00  0.189650E+02  0.176231E+00
  0.360530E+00  0.190458E+02  0.177178E+00
  0.363264E+00  0.187760E+02  0.175761E+00
  0.365998E+00  0.187493E+02  0.171878E+00
  0.368732E+00  0.184778E+02  0.172641E+00
  0.371466E+00  0.183602E+02  0.174125E+00
  0.374200E+00  0.180754E+02  0.167714E+00
  0.376934E+00  0.178862E+02  0.169191E+00
  0.379668E+00  0.180627E+02  0.168926E+00
  0.382402E+00  0.176727E+02  0.167322E+00
  0.385136E+00  0.175853E+02  0.167610E+00
  0.387870E+00  0.176372E+02  0.163921E+00
  0.390604E+00  0.172075E+02  0.165092E+00
  0.393338E+00  0.171985E+02  0.162613E+00
  0.396072E+00  0.171064E+02  0.163331E+00
  0.398806E+00  0.169041E+02  0.159313E+00
  0.401540E+00  0.167295E+02  0.161198E+00
  0.404274E+00  0.168417E+02  0.162321E+00
  0.407008E+00  0.167727E+02  0.159350E+00
  0.409742E+00  0.163339E+02  0.157087E+00
  0.412476E+00  0.163055E+02  0.156062E+00
  0.415210E+00  0.159598E+02  0.156441E+00
  0.417944E+00  0.161022E+02  0.157811E+00
  0.420678E+00  0.157911E+02  0.152611E+00
  0.423413E+00  0.160195E+02  0.155723E+00
  0.426147E+00  0.156653E+02  0.150243E+00
  0.428881E+00  0.156042E+02  0.153357E+00
  0.431615E+00  0.153668E+02  0.151404E+00
  0.434349E+00  0.153093E+02  0.149127E+00
  0.437083E+00  0.150608E+02  0.150935E+00
  0.439817E+00  0.150887E+02  0.148278E+00
  0.442551E+00  0.151042E+02  0.149435E+00
  0.445285E+00  0.147537E+02  0.145267E+00
  0.448019E+00  0.149127E+02  0.146969E+00
  0.450753E+00  0.145680E+02  0.146916E+00
  0.453487E+00  0.146740E+02  0.145386E+00
  0.456221E+00  0.144166E+02  0.145802E+00
  0.458955E+00  0.145176E+02  0.142501E+00
  0.461689E+00  0.142349E+02  0.144002E+00
  0.464423E+00  0.139735E+02  0.142956E+00
  0.467157E+00  0.142062E+02  0.140728E+00
  0.469891E+00  0.141345E+02  0.143602E+00
  0.472625E+00  0.139292E+02  0.140400E+00
  0.475359E+00  0.138488E+02  0.141123E+00
  0.478093E+00  0.135785E+02  0.138288E+00
  0.480827E+00  0.134950E+02  0.138007E+00
  0.483561E+00  0.132072E+02  0.139535E+00
  0.486296E+00  0.133295E+02  0.136695E+00
  0.489030E+00  0.130367E+02  0.137575E+00
  0.491764E+00  0.132338E+02  0.135906E+00
  0.494498E+00  0.129994E+02  0.134520E+00
  0.497232E+00  0.130710E+02  0.136800E+00
  0.499966E+00  0.130180E+02  0.134859E+00
  0.502700E+00  0.128663E+02  0.133233E+00
  0.505434E+00  0.128484E+02  0.133265E+00
  0.508168E+00  0.127011E+02  0.134140E+00
  0.510902E+00  0.127679E+02  0.134626E+00
  0.513636E+00  0.125706E+02  0.131596E+00
  0.516370E+00  0.125045E+02  0.132979E+00
  0.519104E+00  0.124490E+02  0.132494E+00
  0.521838E+00  0.122621E+02  0.132433E+00
  0.524572E+00  0.122831E+02  0.131930E+00
  0.527306E+00  0.122599E+02  0.130004E+00
  0.530040E+00  0.122890E+02  0.131969E+00
  0.532774E+00  0.120831E+02  0.128342E+00
  0.535508E+00  0.121966E+02  0.130715E+00
  0.538242E+00  0.119755E+02  0.130530E+00
  0.540976E+00  0.119939E+02  0.128916E+00
  0.543710E+00  0.117501E+02  0.128961E+00
  0.546445E+00  0.116978E+02  0.127512E+00
  0.549179E+00  0.116255E+02  0.127328E+00
  0.551913E+00  0.115729E+02  0.125963E+00
  0.554647E+00  0.114457E+02  0.127022E+00
  0.557381E+00  0.115632E+02  0.127236E+00
  0.560115E+00  0.113757E+02  0.123740E+00
  0.562849E+00  0.113437E+02  0.124604E+00
  0.565583E+00  0.110860E+02  0.124213E+00
  0.568317E+00  0.110197E+02  0.124672E+00
  0.571051E+00  0.111518E+02  0.123109E+00
  0.573785E+00  0.109887E+02  0.122486E+00
  0.576519E+00  0.109243E+02  0.122399E+00
  0.579253E+00  0.108181E+02  0.123040E+00
  0.581987E+00  0.107769E+02  0.121486E+00
  0.584721E+00  0.107095E+02  0.122195E+00
  0.587455E+00  0.106919E+02  0.121643E+00
  0.590189E+00  0.106685E+02  0.121004E+00
  0.592923E+00  0.106426E+02  0.122538E+00
  0.595657E+00  0.106655E+02  0.119833E+00
  0.598391E+00  0.103667E+02  0.119345E+00
  0.601125E+00  0.104225E+02  0.120244E+00
  0.603859E+00  0.104139E+02  0.119430E+00
  0.606593E+00  0.103423E+02  0.118257E+00
  0.609328E+00  0.102356E+02  0.119369E+00
  0.612062E+00  0.996591E+01  0.117337E+00
  0.614796E+00  0.102410E+02  0.119469E+00
  0.617530E+00  0.100334E+02  0.116474E+00
  0.620264E+00  0.101134E+02  0.118575E+00
  0.622998E+00  0.986112E+01  0.116914E+00
  0.625732E+00  0.978365E+01  0.116631E+00
  0.628466E+00  0.977501E+01  0.115012E+00
  0.631200E+00  0.962368E+01  0.114357E+00
  0.633934E+00  0.966504E+01  0.116585E+00
  0.636668E+00  0.966913E+01  0.115246E+00
  0.639402E+00  0.974307E+01  0.114901E+00
  0.642136E+00  0.945231E+01  0.113045E+00
  0.644870E+00  0.959636E+01  0.113988E+00
  0.647604E+00  0.955886E+01  0.115121E+00
  0.650338E+00  0.938208E+01  0.113578E+00
  0.653072E+00  0.932787E+01  0.111517E+00
  0.655806E+00  0.932049E+01  0.114292E+00
  0.658540E+00  0.925671E+01  0.111056E+00
  0.661274E+00  0.918743E+01  0.113854E+00
  0.664008E+00  0.883428E+01  0.109510E+00
  0.666742E+00  0.908210E+01  0.110966E+00
  0.669476E+00  0.891287E+01  0.110759E+00
  0.672211E+00  0.888930E+01  0.110345E+00
  0.674945E+00  0.893457E+01  0.111429E+00
  0.677679E+00  0.898565E+01  0.108913E+00
  0.680413E+00  0.865753E+01  0.110508E+00
  0.683147E+00  0.860994E+01  0.109882E+00
  0.685881E+00  0.882937E+01  0.109330E+00
  0.688615E+00  0.870999E+01  0.109850E+00
  0.691349E+00  0.856344E+01  0.108043E+00
  0.694083E+00  0.835801E+01  0.107622E+00
  0.696817E+00  0.841696E+01  0.107239E+00
  0.699551E+00  0.841815E+01  0.105858E+00
  0.702285E+00  0.834159E+01  0.107256E+00
  0.705019E+00  0.823605E+01  0.107180E+00
  0.707753E+00  0.846536E+01  0.108057E+00
  0.710487E+00  0.815428E+01  0.104728E+00
  0.713221E+00  0.805015E+01  0.105337E+00
  0.715955E+00  0.826163E+01  0.106441E+00
  0.718689E+00  0.817347E+01  0.105969E+00
  0.721423E+00  0.804916E+01  0.105329E+00
  0.724157E+00  0.817377E+01  0.105032E+00
  0.726891E+00  0.798711E+01  0.103891E+00
  0.729625E+00  0.797812E+01  0.104285E+00
  0.732359E+00  0.788379E+01  0.103610E+00
  0.735094E+00  0.757134E+01  0.102932E+00
  0.737828E+00  0.778172E+01  0.101950E+00
  0.740562E+00  0.774166E+01  0.102923E+00
  0.743296E+00  0.769708E+01  0.102627E+00
  0.746030E+00  0.771885E+01  0.101475E+00
  0.748764E+00  0.753041E+01  0.101097E+00
  0.751498E+00  0.764857E+01  0.101937E+00
  0.754232E+00  0.757325E+01  0.102087E+00
  0.756966E+00  0.740013E+01  0.100328E+00
  0.759700E+00  0.721293E+01  0.100319E+00
  0.762434E+00  0.734183E+01  0.100778E+00
  0.765168E+00  0.727351E+01  0.100788E+00
  0.767902E+00  0.725805E+01  0.100057E+00
  0.770636E+00  0.733539E+01  0.100303E+00
  0.773370E+00  0.719144E+01  0.100520E+00
  0.776104E+00  0.745698E+01  0.101352E+00
  0.778838E+00  0.734280E+01  0.101114E+00
  0.781572E+00  0.701512E+01  0.993937E-01
  0.784306E+00  0.710289E+01  0.100825E+00
  0.787040E+00  0.700043E+01  0.101790E+00
  0.789774E+00  0.702354E+01  0.100870E+00
  0.792508E+00  0.704167E+01  0.100617E+00
  0.795242E+00  0.689345E+01  0.100842E+00
  0.797977E+00  0.683089E+01  0.100280E+00
  0.800711E+00  0.682844E+01  0.102367E+00
  0.803445E+00  0.675854E+01  0.998625E-01
  0.806179E+00  0.677146E+01  0.101474E+00
  0.808913E+00  0.669743E+01  0.100488E+00
  0.811647E+00  0.677315E+01  0.101716E+00
  0.814381E+00  0.648745E+01  0.994626E-01
  0.817115E+00  0.649569E+01  0.995837E-01
  0.819849E+00  0.662378E+01  0.101564E+00
  0.822583E+00  0.638706E+01  0.100562E+00
  0.825317E+00  0.647632E+01  0.100820E+00
  0.828051E+00  0.641939E+01  0.100158E+00
  0.830785E+00  0.642838E+01  0.989019E-01
  0.833519E+00  0.638428E+01  0.101495E+00
  0.836253E+00  0.642838E+01  0.997756E-01
  0.838987E+00  0.628567E+01  0.995980E-01
  0.841721E+00  0.633910E+01  0.101147E+00
  0.844455E+00  0.615648E+01  0.991613E-01
  0.847189E+00  0.612032E+01  0.100150E+00
  0.849923E+00  0.608354E+01  0.978901E-01
  0.852657E+00  0.613765E+01  0.999790E-01
  0.855391E+00  0.616257E+01  0.996615E-01
  0.858125E+00  0.613919E+01  0.100855E+00
  0.860860E+00  0.619050E+01  0.100220E+00
  0.863594E+00  0.588580E+01  0.981489E-01
  0.866328E+00  0.591271E+01  0.992488E-01
  0.869062E+00  0.582024E+01  0.990543E-01
  0.871796E+00  0.587400E+01  0.992278E-01
  0.874530E+00  0.595538E+01  0.994215E-01
  0.877264E+00  0.600120E+01  0.994195E-01
  0.879998E+00  0.589887E+01  0.996273E-01
  0.882732E+00  0.574068E+01  0.989641E-01
  0.885466E+00  0.579177E+01  0.982231E-01
  0.888200E+00  0.583374E+01  0.986484E-01
  0.890934E+00  0.568741E+01  0.982566E-01
  0.893668E+00  0.578209E+01  0.993789E-01
  0.896402E+00  0.557840E+01  0.985116E-01
  0.899136E+00  0.567393E+01  0.979394E-01
  0.901870E+00  0.556047E+01  0.979435E-01
  0.904604E+00  0.538877E+01  0.981846E-01
  0.907338E+00  0.542705E+01  0.974934E-01
  0.910072E+00  0.555303E+01  0.987327E-01
  0.912806E+00  0.545728E+01  0.982167E-01
  0.915540E+00  0.536398E+01  0.970816E-01
  0.918274E+00  0.529547E+01  0.978411E-01
  0.921009E+00  0.536422E+01  0.979027E-01
  0.923743E+00  0.529443E+01  0.975378E-01
  0.926477E+00  0.524552E+01  0.982535E-01
  0.929211E+00  0.518782E+01  0.956160E-01
  0.931945E+00  0.520167E+01  0.974078E-01
  0.934679E+00  0.524958E+01  0.973288E-01
  0.937413E+00  0.533451E+01  0.978224E-01
  0.940147E+00  0.529360E+01  0.982056E-01
  0.942881E+00  0.522244E+01  0.968180E-01
  0.945615E+00  0.501353E+01  0.976379E-01
  0.948349E+00  0.501377E+01  0.958141E-01
  0.951083E+00  0.490795E+01  0.967088E-01
  0.953817E+00  0.490811E+01  0.964734E-01
  0.956551E+00  0.492906E+01  0.968436E-01
  0.959285E+00  0.500865E+01  0.974846E-01
  0.962019E+00  0.476195E+01  0.955417E-01
  0.964753E+00  0.507523E+01  0.970611E-01
  0.967487E+00  0.489653E+01  0.956209E-01
  0.970221E+00  0.491062E+01  0.963480E-01
  0.972955E+00  0.483777E+01  0.964334E-01
  0.975689E+00  0.480911E+01  0.953913E-01
  0.978423E+00  0.486862E+01  0.975300E-01
  0.981157E+00  0.473912E+01  0.952352E-01
  0.983892E+00  0.465893E+01  0.968157E-01
  0.986626E+00  0.475396E+01  0.962671E-01
  0.989360E+00  0.467189E+01  0.960918E-01
  0.992094E+00  0.469761E+01  0.967902E-01
  0.994828E+00  0.466865E+01  0.950627E-01
  0.997562E+00  0.439919E+01  0.953658E-01
  0.100030E+01  0.444693E+01  0.934523E-01
  0.100303E+01  0.456142E+01  0.953980E-01
  0.100576E+01  0.450883E+01  0.952104E-01
  0.100850E+01  0.459802E+01  0.959151E-01
  0.101123E+01  0.469571E+01  0.959628E-01
  0.101397E+01  0.446424E+01  0.940964E-01
  0.101670E+01  0.436743E+01  0.955072E-01
  0.101943E+01  0.448464E+01  0.959029E-01
  0.102217E+01  0.445147E+01  0.946437E-01
  0.102490E+01  0.438882E+01  0.955764E-01
  0.102764E+01  0.439282E+01  0.933574E-01
  0.103037E+01  0.435969E+01  0.955698E-01
  0.103310E+01  0.437950E+01  0.940623E-01
  0.103584E+01  0.423804E+01  0.949918E-01
  0.103857E+01  0.417645E+01  0.952493E-01
  0.104131E+01  0.440008E+01  0.945214E-01
  0.104404E+01  0.409981E+01  0.953007E-01
  0.104677E+01  0.420071E+01  0.929763E-01
  0.104951E+01  0.418215E+01  0.938417E-01
  0.105224E+01  0.415104E+01  0.944142E-01
  0.105498E+01  0.411707E+01  0.939566E-01
  0.105771E+01  0.421156E+01  0.946998E-01
  0.106044E+01  0.410129E+01  0.931478E-01
  0.106318E+01  0.402904E+01  0.940524E-01
  0.106591E+01  0.397219E+01  0.924148E-01
  0.106865E+01  0.398062E+01  0.928213E-01
  0.107138E+01  0.401577E+01  0.936983E-01
  0.107411E+01  0.398680E+01  0.926776E-01
  0.107685E+01  0.402151E+01  0.939578E-01
  0.107958E+01  0.391921E+01  0.925535E-01
  0.108232E+01  0.397530E+01  0.926194E-01
  0.108505E+01  0.406226E+01  0.945504E-01
  0.108779E+01  0.375861E+01  0.922823E-01
  0.109052E+01  0.374680E+01  0.939514E-01
  0.109325E+01  0.393901E+01  0.926325E-01
  0.109599E+01  0.388765E+01  0.930519E-01
  0.109872E+01  0.385899E+01  0.935825E-01
  0.110146E+01  0.381316E+01  0.924973E-01
  0.110419E+01  0.382332E+01  0.927169E-01
  0.110692E+01  0.382642E+01  0.932759E-01
  0.110966E+01  0.363806E+01  0.920142E-01
  0.111239E+01  0.382090E+01  0.932037E-01
  0.111513E+01  0.374978E+01  0.914326E-01
  0.111786E+01  0.388032E+01  0.925525E-01
  0.112059E+01  0.366947E+01  0.917857E-01
  0.112333E+01  0.363620E+01  0.917048E-01
  0.112606E+01  0.367591E+01  0.929388E-01
  0.112880E+01  0.366453E+01  0.913660E-01
  0.113153E+01  0.368410E+01  0.921747E-01
  0.113426E+01  0.363766E+01  0.921659E-01
  0.113700E+01  0.359016E+01  0.912196E-01
  0.113973E+01  0.362691E+01  0.915197E-01
  0.114247E+01  0.352205E+01  0.921655E-01
  0.114520E+01  0.347698E+01  0.918274E-01
  0.114793E+01  0.345679E+01  0.922667E-01
  0.115067E+01  0.360200E+01  0.916472E-01
  0.115340E+01  0.352741E+01  0.915533E-01
  0.115614E+01  0.335484E+01  0.911291E-01
  0.115887E+01  0.328517E+01  0.906306E-01
  0.116160E+01  0.338476E+01  0.909472E-01
  0.116434E+01  0.349411E+01  0.908123E-01
  0.116707E+01  0.331730E+01  0.912621E-01
  0.116981E+01  0.333558E+01  0.906137E-01
  0.117254E+01  0.338356E+01  0.910080E-01
  0.117527E+01  0.346106E+01  0.910580E-01
  0.117801E+01  0.325147E+01  0.908244E-01
  0.118074E+01  0.340039E+01  0.916655E-01
  0.118348E+01  0.326797E+01  0.904294E-01
  0.118621E+01  0.336150E+01  0.904059E-01
  0.118894E+01  0.314339E+01  0.902375E-01
  0.119168E+01  0.315055E+01  0.898329E-01
  0.119441E+01  0.334854E+01  0.911286E-01
  0.119715E+01  0.312557E+01  0.899164E-01
  0.119988E+01  0.323122E+01  0.906180E-01
  0.120262E+01  0.308273E+01  0.898366E-01
  0.120535E+01  0.316908E+01  0.893520E-01
  0.120808E+01  0.314626E+01  0.898220E-01
  0.121082E+01  0.319099E+01  0.901897E-01
  0.121355E+01  0.313138E+01  0.904936E-01
  0.121629E+01  0.307007E+01  0.901009E-01
  0.121902E+01  0.301246E+01  0.890062E-01
  0.122175E+01  0.312425E+01  0.899082E-01
  0.122449E+01  0.304926E+01  0.897218E-01
  0.122722E+01  0.300980E+01  0.899408E-01
  0.122996E+01  0.297717E+01  0.955783E-01
  0.123269E+01  0.289460E+01  0.983068E-01
  0.123816E+01  0.306900E+01  0.100935E+00
  0.124089E+01  0.286281E+01  0.103527E+00
  0.124363E+01  0.297066E+01  0.106075E+00
  0.124636E+01  0.302091E+01  0.106826E+00
  0.124909E+01  0.302195E+01  0.106798E+00
  0.125183E+01  0.292137E+01  0.110115E+00
  0.125456E+01  0.269401E+01  0.109556E+00
  0.125730E+01  0.291963E+01  0.112324E+00
  0.126003E+01  0.277359E+01  0.115050E+00
  0.126276E+01  0.283426E+01  0.117395E+00
  0.126550E+01  0.281465E+01  0.105502E+00
  0.126823E+01  0.292578E+01  0.102974E+00
  0.127097E+01  0.295168E+01  0.100716E+00
  0.127370E+01  0.281625E+01  0.992900E-01
  0.127643E+01  0.291499E+01  0.982282E-01
  0.127917E+01  0.290566E+01  0.988324E-01
  0.128190E+01  0.288751E+01  0.971457E-01
  0.128464E+01  0.289519E+01  0.967152E-01
  0.128737E+01  0.270048E+01  0.954392E-01
  0.129010E+01  0.279062E+01  0.946625E-01
  0.129284E+01  0.275933E+01  0.931018E-01
  0.129557E+01  0.278152E+01  0.937006E-01
  0.129831E+01  0.289768E+01  0.921503E-01
  0.130104E+01  0.270093E+01  0.923083E-01
  0.130377E+01  0.256095E+01  0.901561E-01
  0.130651E+01  0.268049E+01  0.901539E-01
  0.130924E+01  0.265091E+01  0.912437E-01
  0.131198E+01  0.273309E+01  0.900489E-01
  0.131471E+01  0.276042E+01  0.905859E-01
  0.131744E+01  0.249991E+01  0.891671E-01
  0.132018E+01  0.256198E+01  0.889556E-01
  0.132291E+01  0.260433E+01  0.905242E-01
  0.132565E+01  0.250409E+01  0.884139E-01
  0.132838E+01  0.262836E+01  0.889952E-01
  0.133112E+01  0.249754E+01  0.888558E-01
  0.133385E+01  0.268292E+01  0.898462E-01
  0.133658E+01  0.256991E+01  0.901712E-01
  0.133932E+01  0.252822E+01  0.873787E-01
  0.134205E+01  0.258507E+01  0.895487E-01
  0.134479E+01  0.261867E+01  0.898356E-01
  0.134752E+01  0.260818E+01  0.898785E-01
  0.135025E+01  0.255680E+01  0.892056E-01
  0.135299E+01  0.248237E+01  0.888936E-01
  0.135572E+01  0.247826E+01  0.886179E-01
  0.135846E+01  0.246895E+01  0.891122E-01
  0.136119E+01  0.237008E+01  0.870794E-01
  0.136392E+01  0.232889E+01  0.880291E-01
  0.136666E+01  0.236944E+01  0.880115E-01
  0.136939E+01  0.237186E+01  0.882841E-01
  0.137213E+01  0.230379E+01  0.874290E-01
  0.137486E+01  0.245608E+01  0.882898E-01
  0.137759E+01  0.247807E+01  0.878134E-01
  0.138033E+01  0.228099E+01  0.876799E-01
  0.138306E+01  0.240471E+01  0.883119E-01
  0.138580E+01  0.224721E+01  0.866794E-01
  0.138853E+01  0.233052E+01  0.873818E-01
  0.139126E+01  0.230078E+01  0.873643E-01
  0.139400E+01  0.237379E+01  0.866576E-01
  0.139673E+01  0.231459E+01  0.885721E-01
  0.139947E+01  0.235495E+01  0.875654E-01
  0.140220E+01  0.220935E+01  0.872382E-01
  0.140493E+01  0.214603E+01  0.867977E-01
  0.140767E+01  0.225420E+01  0.870619E-01
  0.141040E+01  0.227821E+01  0.874746E-01
  0.141314E+01  0.197684E+01  0.870839E-01
  0.141587E+01  0.221717E+01  0.870615E-01
  0.141860E+01  0.218894E+01  0.869800E-01
  0.142134E+01  0.214877E+01  0.865532E-01
  0.142407E+01  0.217982E+01  0.867734E-01
  0.142681E+01  0.213758E+01  0.863854E-01
  0.142954E+01  0.219333E+01  0.866409E-01
  0.143227E+01  0.208381E+01  0.856260E-01
  0.143501E+01  0.221896E+01  0.873030E-01
  0.143774E+01  0.222010E+01  0.865373E-01
  0.144048E+01  0.221118E+01  0.865073E-01
  0.144321E+01  0.204390E+01  0.854102E-01
  0.144594E+01  0.223851E+01  0.868514E-01
  0.144868E+01  0.206373E+01  0.862776E-01
  0.145141E+01  0.220983E+01  0.867041E-01
  0.145415E+01  0.217207E+01  0.852434E-01
  0.145688E+01  0.210160E+01  0.857141E-01
  0.145962E+01  0.202964E+01  0.851419E-01
  0.146235E+01  0.208507E+01  0.846568E-01
  0.146508E+01  0.195201E+01  0.848347E-01
  0.146782E+01  0.208310E+01  0.845004E-01
  0.147055E+01  0.204429E+01  0.837463E-01
  0.147329E+01  0.194342E+01  0.832584E-01
  0.147602E+01  0.201481E+01  0.837203E-01
  0.147875E+01  0.201489E+01  0.834821E-01
  0.148149E+01  0.198246E+01  0.837837E-01
  0.148422E+01  0.196087E+01  0.832823E-01
  0.148696E+01  0.206888E+01  0.845881E-01
  0.148969E+01  0.184299E+01  0.821477E-01
  0.149242E+01  0.205346E+01  0.836073E-01
  0.149516E+01  0.197144E+01  0.838411E-01
  0.149789E+01  0.188446E+01  0.829930E-01
  0.150063E+01  0.193588E+01  0.835229E-01
  0.150336E+01  0.185326E+01  0.834465E-01
  0.150609E+01  0.185460E+01  0.837897E-01
  0.150883E+01  0.179488E+01  0.827058E-01
  0.151156E+01  0.189789E+01  0.831352E-01
  0.151430E+01  0.177775E+01  0.826131E-01
  0.151703E+01  0.196720E+01  0.845673E-01
  0.151976E+01  0.183340E+01  0.825056E-01
  0.152250E+01  0.183311E+01  0.834395E-01
  0.152523E+01  0.182772E+01  0.825358E-01
  0.152797E+01  0.185183E+01  0.828241E-01
  0.153070E+01  0.188344E+01  0.829634E-01
  0.153343E+01  0.179885E+01  0.827404E-01
  0.153617E+01  0.174108E+01  0.829867E-01
  0.153890E+01  0.182941E+01  0.816776E-01
  0.154164E+01  0.177059E+01  0.838853E-01
  0.154437E+01  0.196483E+01  0.830398E-01
  0.154710E+01  0.169910E+01  0.825022E-01
  0.154984E+01  0.171776E+01  0.830116E-01
  0.155257E+01  0.173037E+01  0.830217E-01
  0.155531E+01  0.181017E+01  0.828266E-01
  0.155804E+01  0.180107E+01  0.832811E-01
  0.156077E+01  0.172328E+01  0.817441E-01
  0.156351E+01  0.182354E+01  0.833059E-01
  0.156624E+01  0.170289E+01  0.826041E-01
  0.156898E+01  0.173789E+01  0.821046E-01
  0.157171E+01  0.163392E+01  0.821611E-01
  0.157444E+01  0.166059E+01  0.826117E-01
  0.157718E+01  0.170223E+01  0.825397E-01
  0.157991E+01  0.167824E+01  0.827798E-01
  0.158265E+01  0.169099E+01  0.820606E-01
  0.158538E+01  0.172777E+01  0.823198E-01
  0.158812E+01  0.159016E+01  0.820568E-01
  0.159085E+01  0.170466E+01  0.818887E-01
  0.159358E+01  0.160583E+01  0.816346E-01
  0.159632E+01  0.164475E+01  0.821061E-01
  0.159905E+01  0.157803E+01  0.820038E-01
  0.160179E+01  0.159974E+01  0.819480E-01
  0.160452E+01  0.165594E+01  0.818300E-01
  0.160725E+01  0.165761E+01  0.814825E-01
  0.160999E+01  0.171397E+01  0.819356E-01
  0.161272E+01  0.161593E+01  0.821824E-01
  0.161546E+01  0.166121E+01  0.817781E-01
  0.161819E+01  0.150825E+01  0.812455E-01
  0.162092E+01  0.158148E+01  0.817465E-01
  0.162366E+01  0.169000E+01  0.820842E-01
  0.162639E+01  0.160004E+01  0.816637E-01
  0.162913E+01  0.145528E+01  0.807033E-01
  0.163186E+01  0.139399E+01  0.811637E-01
  0.163459E+01  0.148339E+01  0.815703E-01
  0.163733E+01  0.149199E+01  0.821515E-01
  0.164006E+01  0.143126E+01  0.802902E-01
  0.164280E+01  0.158361E+01  0.817969E-01
  0.164553E+01  0.161848E+01  0.821582E-01
  0.164826E+01  0.139039E+01  0.812704E-01
  0.165100E+01  0.144327E+01  0.800271E-01
  0.165373E+01  0.158621E+01  0.817212E-01
  0.165647E+01  0.173440E+01  0.834388E-01
  0.165920E+01  0.136272E+01  0.805150E-01
  0.166193E+01  0.147012E+01  0.809017E-01
  0.166467E+01  0.142069E+01  0.809429E-01
  0.166740E+01  0.129306E+01  0.806043E-01
  0.167014E+01  0.153307E+01  0.817773E-01
  0.167287E+01  0.144564E+01  0.814293E-01
  0.167560E+01  0.146525E+01  0.801173E-01
  0.167834E+01  0.141741E+01  0.817708E-01
  0.168107E+01  0.153170E+01  0.814380E-01
  0.168381E+01  0.134152E+01  0.818158E-01
  0.168654E+01  0.142888E+01  0.800928E-01
  0.168927E+01  0.151315E+01  0.817880E-01
  0.169201E+01  0.137478E+01  0.804427E-01
  0.169474E+01  0.126311E+01  0.807971E-01
  0.169748E+01  0.143092E+01  0.798078E-01
  0.170021E+01  0.138022E+01  0.810618E-01
  0.170295E+01  0.133684E+01  0.805683E-01
  0.170568E+01  0.138172E+01  0.812374E-01
  0.170841E+01  0.146792E+01  0.807932E-01
  0.171115E+01  0.145838E+01  0.807567E-01
  0.171388E+01  0.135108E+01  0.809129E-01
  0.171662E+01  0.131555E+01  0.803805E-01
  0.171935E+01  0.146070E+01  0.803633E-01
  0.172208E+01  0.119004E+01  0.800407E-01
  0.172482E+01  0.138875E+01  0.800424E-01
  0.172755E+01  0.139739E+01  0.806927E-01
  0.173029E+01  0.140607E+01  0.809244E-01
  0.173302E+01  0.140439E+01  0.811413E-01
  0.173575E+01  0.133081E+01  0.803231E-01
  0.173849E+01  0.124715E+01  0.796863E-01
  0.174122E+01  0.125828E+01  0.802938E-01
  0.174396E+01  0.128856E+01  0.801469E-01
  0.174669E+01  0.123321E+01  0.795734E-01
  0.174942E+01  0.131311E+01  0.804125E-01
  0.175216E+01  0.115058E+01  0.798253E-01
  0.175489E+01  0.131781E+01  0.804671E-01
  0.175763E+01  0.136896E+01  0.802843E-01
  0.176036E+01  0.128118E+01  0.799244E-01
  0.176309E+01  0.136361E+01  0.792813E-01
  0.176583E+01  0.116845E+01  0.800766E-01
  0.176856E+01  0.126596E+01  0.804986E-01
  0.177130E+01  0.122468E+01  0.800534E-01
  0.177403E+01  0.132271E+01  0.798920E-01
  0.177676E+01  0.126159E+01  0.795692E-01
  0.177950E+01  0.120427E+01  0.793189E-01
  0.178223E+01  0.128827E+01  0.795195E-01
  0.178497E+01  0.114788E+01  0.796948E-01
  0.178770E+01  0.128885E+01  0.806730E-01
  0.179043E+01  0.116606E+01  0.797564E-01
  0.179317E+01  0.126203E+01  0.797601E-01
  0.179590E+01  0.111541E+01  0.786637E-01
  0.179864E+01  0.116936E+01  0.804325E-01
  0.180137E+01  0.121068E+01  0.805752E-01
  0.180410E+01  0.119497E+01  0.800086E-01
  0.180684E+01  0.117991E+01  0.796405E-01
  0.180957E+01  0.127949E+01  0.802109E-01
  0.181231E+01  0.112974E+01  0.797453E-01
  0.181504E+01  0.115932E+01  0.795972E-01
  0.181777E+01  0.106392E+01  0.792288E-01
  0.182051E+01  0.120939E+01  0.802125E-01
  0.182324E+01  0.114402E+01  0.794080E-01
  0.182598E+01  0.114362E+01  0.792888E-01
  0.182871E+01  0.114701E+01  0.796485E-01
  0.183145E+01  0.109385E+01  0.781487E-01
  0.183418E+01  0.115256E+01  0.800754E-01
  0.183691E+01  0.117340E+01  0.803033E-01
  0.183965E+01  0.123035E+01  0.800348E-01
  0.184238E+01  0.984820E+00  0.794172E-01
  0.184512E+01  0.977424E+00  0.777551E-01
  0.184785E+01  0.118220E+01  0.794063E-01
  0.185058E+01  0.993530E+00  0.788502E-01
  0.185332E+01  0.108162E+01  0.792942E-01
  0.185605E+01  0.994227E+00  0.785124E-01
  0.185879E+01  0.109380E+01  0.785377E-01
  0.186152E+01  0.110735E+01  0.795465E-01
  0.186425E+01  0.112047E+01  0.792680E-01
  0.186699E+01  0.105712E+01  0.796529E-01
  0.186972E+01  0.106139E+01  0.796988E-01
  0.187246E+01  0.113409E+01  0.788495E-01
  0.187519E+01  0.104475E+01  0.790367E-01
  0.187792E+01  0.103973E+01  0.783285E-01
  0.188066E+01  0.101499E+01  0.786731E-01
  0.188339E+01  0.107087E+01  0.789101E-01
  0.188613E+01  0.101201E+01  0.788470E-01
  0.188886E+01  0.978529E+00  0.789477E-01
  0.189159E+01  0.103373E+01  0.783567E-01
  0.189433E+01  0.106881E+01  0.787266E-01
  0.189706E+01  0.918316E+00  0.784018E-01
  0.189980E+01  0.112034E+01  0.790412E-01
  0.190253E+01  0.948557E+00  0.774401E-01
  0.190526E+01  0.101592E+01  0.789184E-01
  0.190800E+01  0.112803E+01  0.782996E-01
  0.191073E+01  0.995590E+00  0.777923E-01
  0.191347E+01  0.955266E+00  0.789521E-01
  0.191620E+01  0.107015E+01  0.784330E-01
  0.191893E+01  0.827404E+00  0.774686E-01
  0.192167E+01  0.893062E+00  0.784036E-01
  0.192440E+01  0.101835E+01  0.778546E-01
  0.192714E+01  0.106825E+01  0.782265E-01
  0.192987E+01  0.896108E+00  0.779970E-01
  0.193260E+01  0.955813E+00  0.783748E-01
  0.193534E+01  0.871053E+00  0.781205E-01
  0.193807E+01  0.891539E+00  0.780122E-01
  0.194081E+01  0.100728E+01  0.780899E-01
  0.194354E+01  0.955744E+00  0.774344E-01
  0.194627E+01  0.865847E+00  0.778006E-01
  0.194901E+01  0.101657E+01  0.783443E-01
  0.195174E+01  0.953852E+00  0.775924E-01
  0.195448E+01  0.978768E+00  0.782376E-01
  0.195721E+01  0.101029E+01  0.782057E-01
  0.195995E+01  0.934720E+00  0.775443E-01
  0.196268E+01  0.882481E+00  0.782899E-01
  0.196541E+01  0.877384E+00  0.776185E-01
  0.196815E+01  0.900348E+00  0.780759E-01
  0.197088E+01  0.947253E+00  0.781015E-01
  0.197362E+01  0.923671E+00  0.781941E-01
  0.197635E+01  0.837498E+00  0.770210E-01
  0.197908E+01  0.856779E+00  0.781485E-01
  0.198182E+01  0.928051E+00  0.775191E-01
  0.198455E+01  0.894784E+00  0.771684E-01
  0.198729E+01  0.931565E+00  0.777689E-01
  0.199002E+01  0.908342E+00  0.782098E-01
  0.199275E+01  0.949622E+00  0.787030E-01
  0.199549E+01  0.903733E+00  0.774756E-01
  0.199822E+01  0.830271E+00  0.773744E-01
  0.200096E+01  0.846576E+00  0.774975E-01
  0.200369E+01  0.900259E+00  0.781968E-01
  0.200642E+01  0.801493E+00  0.772424E-01
  0.200916E+01  0.750159E+00  0.772608E-01
  0.201189E+01  0.746297E+00  0.769708E-01
  0.201463E+01  0.821700E+00  0.773288E-01
  0.201736E+01  0.837896E+00  0.778834E-01
  0.202009E+01  0.805445E+00  0.771173E-01
  0.202283E+01  0.774617E+00  0.774839E-01
  0.202556E+01  0.714553E+00  0.778450E-01
  0.202830E+01  0.886761E+00  0.769645E-01
  0.203103E+01  0.950408E+00  0.783974E-01
  0.203376E+01  0.747521E+00  0.780893E-01
  0.203650E+01  0.796675E+00  0.769054E-01
  0.203923E+01  0.679634E+00  0.771538E-01
  0.204197E+01  0.771202E+00  0.775740E-01
  0.204470E+01  0.768674E+00  0.779492E-01
  0.204743E+01  0.682580E+00  0.767339E-01
  0.205017E+01  0.765917E+00  0.769904E-01
  0.205290E+01  0.956430E+00  0.775441E-01
  0.205564E+01  0.903335E+00  0.776394E-01
  0.205837E+01  0.776130E+00  0.772092E-01
  0.206110E+01  0.852170E+00  0.772707E-01
  0.206384E+01  0.853016E+00  0.776051E-01
  0.206657E+01  0.871989E+00  0.779601E-01
  0.206931E+01  0.686761E+00  0.773589E-01
  0.207204E+01  0.899044E+00  0.779323E-01
  0.207477E+01  0.839896E+00  0.774820E-01
  0.207751E+01  0.783685E+00  0.771018E-01
  0.208024E+01  0.774428E+00  0.769030E-01
  0.208298E+01  0.757137E+00  0.769853E-01
  0.208571E+01  0.778439E+00  0.773440E-01
  0.208845E+01  0.792793E+00  0.771953E-01
  0.209118E+01  0.841499E+00  0.775580E-01
  0.209391E+01  0.677165E+00  0.771957E-01
  0.209665E+01  0.737000E+00  0.765109E-01
  0.209938E+01  0.709835E+00  0.769197E-01
  0.210212E+01  0.821830E+00  0.771896E-01
  0.210485E+01  0.731216E+00  0.774502E-01
  0.210758E+01  0.784033E+00  0.771080E-01
  0.211032E+01  0.749900E+00  0.769411E-01
  0.211305E+01  0.711636E+00  0.763277E-01
  0.211579E+01  0.765777E+00  0.769861E-01
  0.211852E+01  0.756918E+00  0.768227E-01
  0.212125E+01  0.765389E+00  0.770501E-01
  0.212399E+01  0.696606E+00  0.768835E-01
  0.212672E+01  0.712333E+00  0.775449E-01
  0.212946E+01  0.585437E+00  0.760787E-01
  0.213219E+01  0.719928E+00  0.772136E-01
  0.213492E+01  0.709904E+00  0.762072E-01
  0.213766E+01  0.695272E+00  0.768413E-01
  0.214039E+01  0.643161E+00  0.765895E-01
  0.214313E+01  0.684929E+00  0.773807E-01
  0.214586E+01  0.805465E+00  0.770259E-01
  0.214859E+01  0.665200E+00  0.761805E-01
  0.215133E+01  0.634959E+00  0.768932E-01
  0.215406E+01  0.722845E+00  0.768708E-01
  0.215680E+01  0.785367E+00  0.766654E-01
  0.215953E+01  0.664045E+00  0.767632E-01
  0.216226E+01  0.637527E+00  0.758129E-01
  0.216500E+01  0.528688E+00  0.757774E-01
  0.216773E+01  0.626608E+00  0.761872E-01
  0.217047E+01  0.598447E+00  0.760807E-01
  0.217320E+01  0.582530E+00  0.762195E-01
  0.217593E+01  0.551762E+00  0.765006E-01
  0.217867E+01  0.635109E+00  0.761936E-01
  0.218140E+01  0.626190E+00  0.764996E-01
  0.218414E+01  0.698049E+00  0.761511E-01
  0.218687E+01  0.732102E+00  0.766056E-01
  0.218960E+01  0.635208E+00  0.762621E-01
  0.219234E+01  0.691181E+00  0.758776E-01
  0.219507E+01  0.710372E+00  0.763271E-01
  0.219781E+01  0.609367E+00  0.760075E-01
  0.220054E+01  0.681007E+00  0.767148E-01
  0.220328E+01  0.677633E+00  0.768847E-01
  0.220601E+01  0.554191E+00  0.750732E-01
  0.220874E+01  0.591011E+00  0.765180E-01
  0.221148E+01  0.710123E+00  0.761786E-01
  0.221421E+01  0.501563E+00  0.757595E-01
  0.221695E+01  0.713448E+00  0.764277E-01
  0.221968E+01  0.658790E+00  0.757719E-01
  0.222241E+01  0.564673E+00  0.761693E-01
  0.222515E+01  0.722387E+00  0.761335E-01
  0.222788E+01  0.566375E+00  0.762003E-01
  0.223062E+01  0.588184E+00  0.753475E-01
  0.223335E+01  0.513597E+00  0.757037E-01
  0.223608E+01  0.592554E+00  0.760149E-01
  0.223882E+01  0.539588E+00  0.754973E-01
  0.224155E+01  0.525971E+00  0.765743E-01
  0.224429E+01  0.749303E+00  0.764873E-01
  0.224702E+01  0.685716E+00  0.760181E-01
  0.224975E+01  0.589279E+00  0.759079E-01
  0.225249E+01  0.665459E+00  0.753374E-01
  0.225522E+01  0.542086E+00  0.753093E-01
  0.225796E+01  0.586004E+00  0.756318E-01
  0.226069E+01  0.653394E+00  0.762335E-01
  0.226342E+01  0.611756E+00  0.759489E-01
  0.226616E+01  0.537020E+00  0.760381E-01
  0.226889E+01  0.710701E+00  0.763231E-01
  0.227163E+01  0.532879E+00  0.755751E-01
  0.227436E+01  0.486313E+00  0.752500E-01
  0.227709E+01  0.574587E+00  0.757181E-01
  0.227983E+01  0.504967E+00  0.756772E-01
  0.228256E+01  0.604051E+00  0.758907E-01
  0.228530E+01  0.579106E+00  0.751002E-01
  0.228803E+01  0.535019E+00  0.753978E-01
  0.229076E+01  0.597621E+00  0.763652E-01
  0.229350E+01  0.584850E+00  0.759901E-01
  0.229623E+01  0.396267E+00  0.751109E-01
  0.229897E+01  0.532849E+00  0.748527E-01
  0.230170E+01  0.493440E+00  0.748682E-01
  0.230443E+01  0.647283E+00  0.753762E-01
  0.230717E+01  0.516862E+00  0.754183E-01
  0.230990E+01  0.584611E+00  0.763078E-01
  0.231264E+01  0.495710E+00  0.754293E-01
  0.231537E+01  0.529056E+00  0.748250E-01
  0.231810E+01  0.478628E+00  0.752776E-01
  0.232084E+01  0.484382E+00  0.749730E-01
  0.232357E+01  0.591947E+00  0.751940E-01
  0.232631E+01  0.500577E+00  0.743781E-01
  0.232904E+01  0.415678E+00  0.745150E-01
  0.233178E+01  0.581605E+00  0.745889E-01
  0.233451E+01  0.516245E+00  0.748742E-01
  0.233724E+01  0.491330E+00  0.743114E-01
  0.233998E+01  0.603434E+00  0.747542E-01
  0.234271E+01  0.543679E+00  0.759832E-01
  0.234545E+01  0.524886E+00  0.750619E-01
  0.234818E+01  0.504818E+00  0.751076E-01
  0.235091E+01  0.488164E+00  0.744267E-01
  0.235365E+01  0.468375E+00  0.751137E-01
  0.235638E+01  0.452518E+00  0.746674E-01
  0.235912E+01  0.503086E+00  0.753253E-01
  0.236185E+01  0.474826E+00  0.749055E-01
  0.236458E+01  0.551742E+00  0.755396E-01
  0.236732E+01  0.512353E+00  0.752827E-01
  0.237005E+01  0.456928E+00  0.748343E-01
  0.237279E+01  0.584302E+00  0.746919E-01
  0.237552E+01  0.512552E+00  0.747106E-01
  0.237825E+01  0.567918E+00  0.751265E-01
  0.238099E+01  0.447511E+00  0.750597E-01
  0.238372E+01  0.411089E+00  0.736595E-01
  0.238646E+01  0.521481E+00  0.753937E-01
  0.238919E+01  0.483765E+00  0.743591E-01
  0.239192E+01  0.477722E+00  0.748110E-01
  0.239466E+01  0.498666E+00  0.753363E-01
  0.239739E+01  0.262632E+00  0.743506E-01
  0.240013E+01  0.491808E+00  0.748617E-01
  0.240286E+01  0.550667E+00  0.752652E-01
  0.240559E+01  0.339787E+00  0.744430E-01
  0.240833E+01  0.412244E+00  0.750829E-01
  0.241106E+01  0.415678E+00  0.740247E-01
  0.241380E+01  0.519520E+00  0.751680E-01
  0.241653E+01  0.529345E+00  0.744313E-01
  0.241926E+01  0.467699E+00  0.746826E-01
  0.242200E+01  0.416315E+00  0.738189E-01
  0.242473E+01  0.546028E+00  0.744005E-01
  0.242747E+01  0.384740E+00  0.740767E-01
  0.243020E+01  0.458859E+00  0.740600E-01
  0.243293E+01  0.491400E+00  0.744414E-01
  0.243567E+01  0.467271E+00  0.749807E-01
  0.243840E+01  0.549851E+00  0.733465E-01
  0.244114E+01  0.515847E+00  0.752033E-01
  0.244387E+01  0.419928E+00  0.743542E-01
  0.244660E+01  0.364991E+00  0.749604E-01
  0.244934E+01  0.461487E+00  0.742644E-01
  0.245207E+01  0.526578E+00  0.743258E-01
  0.245481E+01  0.366454E+00  0.747015E-01
  0.245754E+01  0.419620E+00  0.741260E-01
  0.246028E+01  0.326180E+00  0.742401E-01
  0.246301E+01  0.456062E+00  0.742186E-01
  0.246574E+01  0.368724E+00  0.738497E-01
  0.246848E+01  0.427185E+00  0.742093E-01
  0.247121E+01  0.423313E+00  0.740667E-01
  0.247395E+01  0.335397E+00  0.739681E-01
  0.247668E+01  0.328967E+00  0.740000E-01
  0.247941E+01  0.463418E+00  0.742664E-01
  0.248215E+01  0.465190E+00  0.740139E-01
  0.248488E+01  0.380201E+00  0.737567E-01
  0.248762E+01  0.390683E+00  0.740134E-01
  0.249035E+01  0.414344E+00  0.739263E-01
  0.249308E+01  0.397551E+00  0.733966E-01
  0.249582E+01  0.445570E+00  0.740926E-01
  0.249855E+01  0.405734E+00  0.740795E-01
  0.250129E+01  0.346148E+00  0.736028E-01
  0.250402E+01  0.316375E+00  0.743548E-01
  0.250675E+01  0.401623E+00  0.732498E-01
  0.250949E+01  0.285128E+00  0.736108E-01
  0.251222E+01  0.529046E+00  0.744939E-01
  0.251496E+01  0.333207E+00  0.738753E-01
  0.251769E+01  0.423333E+00  0.734253E-01
  0.252042E+01  0.360571E+00  0.737545E-01
  0.252316E+01  0.299234E+00  0.739983E-01
  0.252589E+01  0.264812E+00  0.732407E-01
  0.252863E+01  0.502270E+00  0.737885E-01
  0.253136E+01  0.391529E+00  0.741138E-01
  0.253409E+01  0.357087E+00  0.735864E-01
  0.253683E+01  0.384063E+00  0.741441E-01
  0.253956E+01  0.421939E+00  0.736146E-01
  0.254230E+01  0.395202E+00  0.742037E-01
  0.254503E+01  0.335099E+00  0.736340E-01
  0.254776E+01  0.349482E+00  0.733259E-01
  0.255050E+01  0.348149E+00  0.740873E-01
  0.255323E+01  0.456301E+00  0.739817E-01
  0.255597E+01  0.353673E+00  0.740147E-01
  0.255870E+01  0.474686E+00  0.729617E-01
  0.256143E+01  0.429922E+00  0.735582E-01
  0.256417E+01  0.383804E+00  0.734441E-01
  0.256690E+01  0.330221E+00  0.728727E-01
  0.256964E+01  0.472964E+00  0.743601E-01
  0.257237E+01  0.477275E+00  0.732428E-01
  0.257510E+01  0.426100E+00  0.733959E-01
  0.257784E+01  0.313130E+00  0.731453E-01
  0.258057E+01  0.383804E+00  0.740537E-01
  0.258331E+01  0.213777E+00  0.811790E-01
  0.258604E+01  0.332471E+00  0.863268E-01
  0.258878E+01  0.420088E+00  0.903591E-01
  0.259151E+01  0.278210E+00  0.932096E-01
  0.259424E+01  0.426219E+00  0.972070E-01
  0.259698E+01  0.442813E+00  0.100919E+00
  0.259971E+01  0.360691E+00  0.104868E+00
  0.260245E+01  0.446337E+00  0.110113E+00
  0.260518E+01  0.302578E+00  0.111427E+00
  0.260791E+01  0.271451E+00  0.115650E+00
  0.261065E+01  0.107316E+00  0.116731E+00
  0.261338E+01  0.211945E+00  0.120087E+00
  0.261612E+01  0.372238E+00  0.970852E-01
  0.261885E+01  0.287010E+00  0.922083E-01
  0.262158E+01  0.446685E+00  0.904698E-01
  0.262432E+01  0.355316E+00  0.891258E-01
  0.262705E+01  0.464145E+00  0.865110E-01
  0.262979E+01  0.233576E+00  0.849561E-01
  0.263252E+01  0.243201E+00  0.826759E-01
  0.263525E+01  0.371979E+00  0.815888E-01
  0.263799E+01  0.374995E+00  0.813088E-01
  0.264072E+01  0.218873E+00  0.798424E-01
  0.264346E+01  0.315329E+00  0.803682E-01
  0.264619E+01  0.349881E+00  0.804367E-01
  0.264892E+01  0.407973E+00  0.803324E-01
  0.265166E+01  0.406261E+00  0.797726E-01
  0.265439E+01  0.374975E+00  0.800738E-01
  0.265713E+01  0.338762E+00  0.802654E-01
  0.265986E+01  0.489877E+00  0.800073E-01
  0.266259E+01  0.343540E+00  0.796949E-01
  0.266533E+01  0.492853E+00  0.793935E-01
  0.266806E+01  0.289299E+00  0.797871E-01
  0.267080E+01  0.329514E+00  0.790424E-01
  0.267353E+01  0.336432E+00  0.783790E-01
  0.267626E+01  0.322984E+00  0.798310E-01
  0.267900E+01  0.305584E+00  0.787631E-01
  0.268173E+01  0.303653E+00  0.786619E-01
  0.268447E+01  0.378977E+00  0.788764E-01
  0.268720E+01  0.277523E+00  0.782089E-01
  0.268993E+01  0.342136E+00  0.791442E-01
  0.269267E+01  0.169212E+00  0.784415E-01
  0.269540E+01  0.370665E+00  0.784410E-01
  0.269814E+01  0.126409E+00  0.775131E-01
  0.270087E+01  0.226916E+00  0.768418E-01
  0.270361E+01  0.181246E+00  0.771556E-01
  0.270634E+01  0.364832E+00  0.768837E-01
  0.270907E+01  0.430649E+00  0.768259E-01
  0.271181E+01  0.370784E+00  0.760716E-01
  0.271454E+01  0.240643E+00  0.754915E-01
  0.271728E+01  0.249910E+00  0.751399E-01
  0.272001E+01  0.283108E+00  0.744439E-01
  0.272274E+01  0.352031E+00  0.743592E-01
  0.272548E+01  0.266106E+00  0.741133E-01
  0.272821E+01  0.413428E+00  0.751159E-01
  0.273095E+01  0.474647E+00  0.748133E-01
  0.273368E+01  0.333257E+00  0.749815E-01
  0.273641E+01  0.333735E+00  0.746172E-01
  0.273915E+01  0.366365E+00  0.748800E-01
  0.274188E+01  0.319978E+00  0.745374E-01
  0.274462E+01  0.252220E+00  0.738470E-01
  0.274735E+01  0.524199E+00  0.747887E-01
  0.275008E+01  0.204698E+00  0.744149E-01
  0.275282E+01  0.269381E+00  0.748321E-01
  0.275555E+01  0.391061E+00  0.748448E-01
  0.275829E+01  0.321541E+00  0.741716E-01
  0.276102E+01  0.397024E+00  0.749533E-01
  0.276375E+01  0.413856E+00  0.754703E-01
  0.276649E+01  0.259685E+00  0.746188E-01
  0.276922E+01  0.320237E+00  0.745177E-01
  0.277196E+01  0.206968E+00  0.732909E-01
  0.277469E+01  0.384173E+00  0.737198E-01
  0.277742E+01  0.286243E+00  0.743244E-01
  0.278016E+01  0.236413E+00  0.738209E-01
  0.278289E+01  0.300109E+00  0.742128E-01
  0.278563E+01  0.253733E+00  0.743042E-01
  0.278836E+01  0.231644E+00  0.736401E-01
  0.279109E+01  0.334750E+00  0.744125E-01
  0.279383E+01  0.317848E+00  0.748113E-01
  0.279656E+01  0.309775E+00  0.737904E-01
  0.279930E+01  0.302897E+00  0.744628E-01
  0.280203E+01  0.229703E+00  0.735987E-01
  0.280476E+01  0.331923E+00  0.741589E-01
  0.280750E+01  0.116992E+00  0.736232E-01
  0.281023E+01  0.461826E+00  0.740298E-01
  0.281297E+01  0.344246E+00  0.747101E-01
  0.281570E+01  0.192116E+00  0.736561E-01
  0.281843E+01  0.260761E+00  0.733982E-01
  0.282117E+01  0.326319E+00  0.743290E-01
  0.282390E+01  0.196745E+00  0.741855E-01
  0.282664E+01  0.279285E+00  0.742787E-01
  0.282937E+01  0.349084E+00  0.737370E-01
  0.283211E+01  0.160233E+00  0.735400E-01
  0.283484E+01  0.190285E+00  0.736178E-01
  0.283757E+01  0.176847E+00  0.733932E-01
  0.284031E+01  0.225652E+00  0.735683E-01
  0.284304E+01  0.219948E+00  0.738519E-01
  0.284578E+01  0.355744E+00  0.736406E-01
  0.284851E+01  0.322815E+00  0.743351E-01
  0.285124E+01  0.285706E+00  0.735101E-01
  0.285398E+01  0.222128E+00  0.731264E-01
  0.285671E+01  0.294983E+00  0.740842E-01
  0.285945E+01  0.259307E+00  0.741258E-01
  0.286218E+01  0.234909E+00  0.738524E-01
  0.286491E+01  0.305684E+00  0.739790E-01
  0.286765E+01  0.302359E+00  0.741074E-01
  0.287038E+01  0.245620E+00  0.737878E-01
  0.287312E+01  0.247083E+00  0.727800E-01
  0.287585E+01  0.232978E+00  0.729806E-01
  0.287858E+01  0.376259E+00  0.743776E-01
  0.288132E+01  0.373870E+00  0.738049E-01
  0.288405E+01  0.350667E+00  0.739138E-01
  0.288679E+01  0.388891E+00  0.735297E-01
  0.288952E+01  0.200458E+00  0.736586E-01
  0.289225E+01  0.225333E+00  0.732472E-01
  0.289499E+01  0.170326E+00  0.728239E-01
  0.289772E+01  0.169869E+00  0.727910E-01
  0.290046E+01  0.258461E+00  0.733705E-01
  0.290319E+01  0.346785E+00  0.731607E-01
  0.290592E+01  0.170217E+00  0.729029E-01
  0.290866E+01  0.183964E+00  0.732360E-01
  0.291139E+01  0.336612E+00  0.738515E-01
  0.291413E+01  0.231256E+00  0.728779E-01
  0.291686E+01  0.160860E+00  0.729338E-01
  0.291959E+01  0.189419E+00  0.727025E-01
  0.292233E+01  0.207645E+00  0.727267E-01
  0.292506E+01  0.272228E+00  0.738208E-01
  0.292780E+01  0.222994E+00  0.731184E-01
  0.293053E+01  0.273422E+00  0.732177E-01
  0.293326E+01  0.273372E+00  0.730471E-01
  0.293600E+01  0.312403E+00  0.733513E-01
  0.293873E+01  0.214802E+00  0.728787E-01
  0.294147E+01  0.160880E+00  0.727950E-01
  0.294420E+01  0.188642E+00  0.728782E-01
  0.294693E+01  0.224676E+00  0.736784E-01
  0.294967E+01  0.176807E+00  0.729977E-01
  0.295240E+01  0.314981E+00  0.736322E-01
  0.295514E+01  0.347999E+00  0.738493E-01
  0.295787E+01  0.192425E+00  0.739360E-01
  0.296061E+01  0.265399E+00  0.725662E-01
  0.296334E+01  0.226946E+00  0.732412E-01
  0.296607E+01  0.221033E+00  0.725221E-01
  0.296881E+01  0.259486E+00  0.729596E-01
  0.297154E+01  0.438672E+00  0.736255E-01
  0.297428E+01  0.721879E-01  0.726590E-01
  0.297701E+01  0.343560E+00  0.733981E-01
  0.297974E+01  0.248188E+00  0.732516E-01
  0.298248E+01  0.381734E+00  0.731521E-01
  0.298521E+01  0.250159E+00  0.731214E-01
  0.298795E+01  0.218933E+00  0.729895E-01
  0.299068E+01  0.152120E+00  0.731512E-01
  0.299341E+01  0.302031E+00  0.727119E-01
  0.299615E+01  0.206749E+00  0.728247E-01
  0.299888E+01  0.381963E+00  0.731932E-01
  0.300162E+01  0.229066E+00  0.730329E-01
  0.300435E+01  0.252120E+00  0.725374E-01
  0.300708E+01  0.182202E+00  0.719363E-01
  0.300982E+01  0.260681E+00  0.731511E-01
  0.301255E+01  0.242763E+00  0.724071E-01
  0.301529E+01  0.207107E+00  0.724257E-01
  0.301802E+01  0.342076E+00  0.721579E-01
  0.302075E+01  0.299632E+00  0.721050E-01
  0.302349E+01  0.178200E+00  0.727405E-01
  0.302622E+01  0.164653E+00  0.719677E-01
  0.302896E+01  0.333297E+00  0.726713E-01
  0.303169E+01  0.280978E+00  0.727557E-01
  0.303442E+01  0.258491E+00  0.729277E-01
  0.303716E+01  0.160153E+00  0.729205E-01
  0.303989E+01  0.379723E+00  0.725935E-01
  0.304263E+01  0.387428E+00  0.731024E-01
  0.304536E+01  0.284690E+00  0.724082E-01
  0.304809E+01  0.240165E+00  0.727108E-01
  0.305083E+01  0.269003E+00  0.725005E-01
  0.305356E+01  0.291151E+00  0.730043E-01
  0.305630E+01  0.196287E+00  0.723379E-01
  0.305903E+01  0.937488E-01  0.721687E-01
  0.306176E+01  0.202797E+00  0.725746E-01
  0.306450E+01  0.198636E+00  0.723849E-01
  0.306723E+01  0.356072E+00  0.729788E-01
  0.306997E+01  0.204181E+00  0.721291E-01
  0.307270E+01  0.249064E+00  0.716938E-01
  0.307543E+01  0.525881E-01  0.720444E-01
  0.307817E+01  0.141788E+00  0.720422E-01
  0.308090E+01  0.143699E+00  0.720042E-01
  0.308364E+01  0.199950E+00  0.717885E-01
  0.308637E+01  0.358033E+00  0.726999E-01
  0.308911E+01  0.166614E+00  0.720552E-01
  0.309184E+01  0.199910E+00  0.730296E-01
  0.309457E+01  0.893689E-01  0.711184E-01
  0.309731E+01  0.342445E+00  0.725065E-01
  0.310004E+01  0.259974E+00  0.720253E-01
  0.310278E+01  0.289140E+00  0.721236E-01
  0.310551E+01  0.217808E+00  0.719737E-01
  0.310824E+01  0.273144E+00  0.723423E-01
  0.311098E+01  0.271173E+00  0.727780E-01
  0.311371E+01  0.254111E+00  0.722686E-01
  0.311645E+01  0.334143E+00  0.722041E-01
  0.311918E+01  0.322138E+00  0.724586E-01
  0.312191E+01  0.282421E+00  0.725170E-01
  0.312465E+01  0.308829E+00  0.718142E-01
  0.312738E+01  0.174109E+00  0.719522E-01
  0.313012E+01  0.193032E+00  0.720380E-01
  0.313285E+01  0.261089E+00  0.725914E-01
  0.313558E+01  0.209994E+00  0.718979E-01
  0.313832E+01  0.313587E+00  0.724908E-01
  0.314105E+01  0.297969E+00  0.725857E-01
  0.314379E+01  0.139966E+00  0.720477E-01
  0.314652E+01  0.374816E+00  0.724263E-01
  0.314925E+01  0.242176E+00  0.722331E-01
  0.315199E+01  0.266653E+00  0.724508E-01
  0.315472E+01  0.304390E+00  0.724350E-01
  0.315746E+01  0.188224E+00  0.716690E-01
  0.316019E+01  0.259835E+00  0.719599E-01
  0.316292E+01  0.263110E+00  0.715007E-01
  0.316566E+01  0.262901E+00  0.723534E-01
  0.316839E+01  0.148109E+00  0.716533E-01
  0.317113E+01  0.295879E+00  0.719581E-01
  0.317386E+01  0.242723E+00  0.721278E-01
  0.317659E+01  0.179892E+00  0.718087E-01
  0.317933E+01  0.302260E+00  0.723304E-01
  0.318206E+01  0.376598E+00  0.724766E-01
  0.318480E+01  0.266594E+00  0.720047E-01
  0.318753E+01  0.316633E+00  0.720577E-01
  0.319026E+01  0.282779E+00  0.709082E-01
  0.319300E+01  0.263120E+00  0.722724E-01
  0.319573E+01  0.168147E+00  0.718570E-01
  0.319847E+01  0.276299E+00  0.717924E-01
  0.320120E+01  0.899064E-01  0.707912E-01
  0.320394E+01  0.349512E+00  0.732917E-01
  0.320667E+01  0.203016E+00  0.715786E-01
  0.320940E+01  0.277056E+00  0.716040E-01
  0.321214E+01  0.245700E+00  0.716435E-01
  0.321487E+01  0.209158E+00  0.711525E-01
  0.321761E+01  0.292813E+00  0.721851E-01
  0.322034E+01  0.195043E+00  0.722906E-01
  0.322307E+01  0.287358E+00  0.709983E-01
  0.322581E+01  0.167848E+00  0.714629E-01
  0.322854E+01  0.927633E-01  0.711118E-01
  0.323128E+01  0.317131E+00  0.721524E-01
  0.323401E+01  0.140623E+00  0.716502E-01
  0.323674E+01  0.203584E+00  0.717867E-01
  0.323948E+01  0.293729E+00  0.719269E-01
  0.324221E+01  0.207058E+00  0.715021E-01
  0.324495E+01  0.265568E+00  0.715273E-01
  0.324768E+01  0.251523E+00  0.718446E-01
  0.325041E+01  0.293331E+00  0.718890E-01
  0.325315E+01  0.160004E+00  0.709333E-01
  0.325588E+01  0.316633E+00  0.718023E-01
  0.325862E+01  0.257734E+00  0.714858E-01
  0.326135E+01  0.145421E+00  0.714044E-01
  0.326408E+01  0.279484E+00  0.720264E-01
  0.326682E+01  0.261278E+00  0.714969E-01
  0.326955E+01  0.303942E+00  0.717325E-01
  0.327229E+01  0.215598E+00  0.710603E-01
  0.327502E+01  0.170048E+00  0.717347E-01
  0.327775E+01  0.338025E+00  0.713440E-01
  0.328049E+01  0.339329E+00  0.718367E-01
  0.328322E+01  0.318525E+00  0.716867E-01
  0.328596E+01  0.236194E+00  0.714315E-01
  0.328869E+01  0.216713E+00  0.709630E-01
  0.329142E+01  0.282132E+00  0.717547E-01
  0.329416E+01  0.283068E+00  0.714304E-01
  0.329689E+01  0.561716E-01  0.706265E-01
  0.329963E+01  0.176180E+00  0.718749E-01
  0.330236E+01  0.122506E+00  0.710152E-01
  0.330509E+01  0.383187E+00  0.719169E-01
  0.330783E+01  0.142763E+00  0.712438E-01
  0.331056E+01  0.327872E+00  0.721780E-01
  0.331330E+01  0.247561E+00  0.714962E-01
  0.331603E+01  0.112204E+00  0.707732E-01
  0.331876E+01  0.192485E+00  0.711635E-01
  0.332150E+01  0.189986E+00  0.710814E-01
  0.332423E+01  0.245351E+00  0.717951E-01
  0.332697E+01  0.192136E+00  0.721770E-01
  0.332970E+01  0.204031E+00  0.716769E-01
  0.333244E+01  0.286452E+00  0.709012E-01
  0.333517E+01  0.223502E+00  0.716612E-01
  0.333790E+01  0.188792E+00  0.722909E-01
  0.334064E+01  0.273631E+00  0.718500E-01
  0.334337E+01  0.314035E+00  0.713530E-01
  0.334611E+01  0.220008E+00  0.711943E-01
  0.334884E+01  0.284213E+00  0.709937E-01
  0.335157E+01  0.205614E+00  0.708065E-01
  0.335431E+01  0.246357E+00  0.717926E-01
  0.335704E+01  0.265041E+00  0.710862E-01
  0.335978E+01  0.239170E+00  0.711646E-01
  0.336251E+01  0.229415E+00  0.710966E-01
  0.336524E+01  0.273562E+00  0.712602E-01
  0.336798E+01  0.398268E-01  0.708991E-01
  0.337071E+01  0.260870E+00  0.718548E-01
  0.337345E+01  0.228618E+00  0.712355E-01
  0.337618E+01  0.322576E+00  0.711947E-01
  0.337891E+01  0.286731E+00  0.709308E-01
  0.338165E+01  0.242982E+00  0.709887E-01
  0.338438E+01  0.184651E+00  0.718278E-01
  0.338712E+01  0.311846E+00  0.708462E-01
  0.338985E+01  0.234860E+00  0.708324E-01
  0.339258E+01  0.240543E+00  0.709544E-01
  0.339532E+01  0.174318E+00  0.710135E-01
  0.339805E+01  0.109855E+00  0.710335E-01
  0.340079E+01  0.344615E+00  0.716903E-01
  0.340352E+01  0.216186E+00  0.710071E-01
  0.340625E+01  0.264553E+00  0.708176E-01
  0.340899E+01  0.362542E+00  0.718891E-01
  0.341172E+01  0.247621E+00  0.706419E-01
  0.341446E+01  0.303942E+00  0.709078E-01
  0.341719E+01  0.126438E+00  0.711620E-01
  0.341992E+01  0.194655E+00  0.710645E-01
  0.342266E+01  0.145879E+00  0.710688E-01
  0.342539E+01  0.227583E+00  0.711228E-01
  0.342813E+01  0.264304E+00  0.713097E-01
  0.343086E+01  0.211338E+00  0.705178E-01
  0.343359E+01  0.227643E+00  0.708214E-01
  0.343633E+01  0.235178E+00  0.710321E-01
  0.343906E+01  0.285059E+00  0.711031E-01
  0.344180E+01  0.293709E+00  0.710316E-01
  0.344453E+01  0.160263E+00  0.708039E-01
  0.344726E+01  0.191758E+00  0.712284E-01
  0.345000E+01  0.187010E+00  0.705167E-01
  0.345273E+01  0.180410E+00  0.704438E-01
  0.345547E+01  0.140932E+00  0.712200E-01
  0.345820E+01  0.248656E+00  0.700996E-01
  0.346094E+01  0.289697E+00  0.712175E-01
  0.346367E+01  0.235895E+00  0.706857E-01
  0.346640E+01  0.237139E+00  0.709204E-01
  0.346914E+01  0.167071E+00  0.712159E-01
  0.347187E+01  0.337527E+00  0.718409E-01
  0.347461E+01  0.156898E+00  0.703547E-01
  0.347734E+01  0.693510E-01  0.704034E-01
  0.348007E+01  0.168774E+00  0.702478E-01
  0.348281E+01  0.167918E+00  0.706786E-01
  0.348554E+01  0.247093E+00  0.707292E-01
  0.348828E+01  0.256868E+00  0.706539E-01
  0.349101E+01  0.149472E+00  0.700376E-01
  0.349374E+01  0.308073E+00  0.711903E-01
  0.349648E+01  0.725662E-01  0.700321E-01
  0.349921E+01  0.218435E+00  0.710726E-01
  0.350195E+01  0.271312E+00  0.712503E-01
  0.350468E+01  0.237667E+00  0.711506E-01
  0.350741E+01  0.177593E+00  0.706744E-01
  0.351015E+01  0.183357E+00  0.711293E-01
  0.351288E+01  0.280798E+00  0.702361E-01
  0.351562E+01  0.291031E+00  0.705416E-01
  0.351835E+01  0.299881E+00  0.706140E-01
  0.352108E+01  0.320555E+00  0.714087E-01
  0.352382E+01  0.216663E+00  0.705466E-01
  0.352655E+01  0.318853E+00  0.710317E-01
  0.352929E+01  0.234422E+00  0.707280E-01
  0.353202E+01  0.251931E+00  0.705974E-01
  0.353475E+01  0.320108E+00  0.703057E-01
  0.353749E+01  0.172925E+00  0.708616E-01
  0.354022E+01  0.137139E+00  0.705386E-01
  0.354296E+01  0.204489E+00  0.707935E-01
  0.354569E+01  0.189508E+00  0.706152E-01
  0.354842E+01  0.228310E+00  0.702966E-01
  0.355116E+01  0.211786E+00  0.709199E-01
  0.355389E+01  0.302668E+00  0.708965E-01
  0.355663E+01  0.259088E+00  0.703353E-01
  0.355936E+01  0.334093E+00  0.704613E-01
  0.356209E+01  0.188045E+00  0.705878E-01
  0.356483E+01  0.240066E+00  0.708759E-01
  0.356756E+01  0.264742E+00  0.711340E-01
  0.357030E+01  0.200946E+00  0.701629E-01
  0.357303E+01  0.218883E+00  0.705460E-01
  0.357577E+01  0.119391E+00  0.696981E-01
  0.357850E+01  0.232640E+00  0.706807E-01
  0.358123E+01  0.281027E+00  0.710466E-01
  0.358397E+01  0.304191E+00  0.708589E-01
  0.358670E+01  0.128240E+00  0.698424E-01
  0.358944E+01  0.169351E+00  0.699349E-01
  0.359217E+01  0.169162E+00  0.703876E-01
  0.359490E+01  0.284103E+00  0.703231E-01
  0.359764E+01  0.192514E+00  0.706673E-01
  0.360037E+01  0.218226E+00  0.703697E-01
  0.360311E+01  0.114244E+00  0.701234E-01
  0.360584E+01  0.217161E+00  0.702697E-01
  0.360857E+01  0.131674E+00  0.697959E-01
  0.361131E+01  0.144426E+00  0.708402E-01
  0.361404E+01  0.143430E+00  0.698985E-01
  0.361678E+01  0.175443E+00  0.708591E-01
  0.361951E+01  0.198258E+00  0.702640E-01
  0.362224E+01  0.204798E+00  0.705546E-01
  0.362498E+01  0.204310E+00  0.703555E-01
  0.362771E+01  0.252817E+00  0.710309E-01
  0.363045E+01  0.160372E+00  0.697809E-01
  0.363318E+01  0.237020E+00  0.710213E-01
  0.363591E+01  0.313438E+00  0.706670E-01
  0.363865E+01  0.275841E+00  0.705678E-01
  0.364138E+01  0.265777E+00  0.705146E-01
  0.364412E+01  0.355107E+00  0.706699E-01
  0.364685E+01  0.304390E+00  0.706486E-01
  0.364958E+01  0.170516E+00  0.704947E-01
  0.365232E+01  0.268794E+00  0.704446E-01
  0.365505E+01  0.245660E+00  0.703605E-01
  0.365779E+01  0.260611E+00  0.708877E-01
  0.366052E+01  0.233934E+00  0.703182E-01
  0.366325E+01  0.193271E+00  0.704082E-01
  0.366599E+01  0.211806E+00  0.708507E-01
  0.366872E+01  0.189618E+00  0.702837E-01
  0.367146E+01  0.215519E+00  0.704533E-01
  0.367419E+01  0.213060E+00  0.696999E-01
  0.367692E+01  0.259307E+00  0.705162E-01
  0.367966E+01  0.195252E+00  0.702279E-01
  0.368239E+01  0.128350E+00  0.697970E-01
  0.368513E+01  0.111059E+00  0.697850E-01
  0.368786E+01  0.318326E+00  0.708335E-01
  0.369059E+01  0.118137E+00  0.702355E-01
  0.369333E+01  0.251553E+00  0.703631E-01
  0.369606E+01  0.258342E+00  0.710813E-01
  0.369880E+01  0.338543E+00  0.706131E-01
  0.370153E+01  0.274020E+00  0.701462E-01
  0.370427E+01  0.233436E+00  0.704303E-01
  0.370700E+01  0.213936E+00  0.696084E-01
  0.370973E+01  0.129255E+00  0.705262E-01
  0.371247E+01  0.255654E+00  0.701160E-01
  0.371520E+01  0.902548E-01  0.700146E-01
  0.371794E+01  0.304599E+00  0.708040E-01
  0.372067E+01  0.271173E+00  0.708213E-01
  0.372340E+01  0.619351E-01  0.706925E-01
  0.372614E+01  0.275353E+00  0.707949E-01
  0.372887E+01  0.216554E+00  0.707471E-01
  0.373161E+01  0.272576E+00  0.705636E-01
  0.373434E+01  0.183725E+00  0.702515E-01
  0.373707E+01  0.164752E+00  0.702475E-01
  0.373981E+01  0.150667E+00  0.702227E-01
  0.374254E+01  0.239757E+00  0.704063E-01
  0.374528E+01  0.126229E+00  0.701728E-01
  0.374801E+01  0.171053E+00  0.699624E-01
  0.375074E+01  0.177065E+00  0.698947E-01
  0.375348E+01  0.207963E+00  0.701518E-01
  0.375621E+01  0.142425E+00  0.704823E-01
  0.375895E+01  0.156381E+00  0.703087E-01
  0.376168E+01  0.236542E+00  0.706635E-01
  0.376441E+01  0.207804E+00  0.704104E-01
  0.376715E+01  0.228141E+00  0.707941E-01
  0.376988E+01  0.198278E+00  0.704741E-01
  0.377262E+01  0.242385E+00  0.701234E-01
  0.377535E+01  0.126199E+00  0.700374E-01
  0.377808E+01  0.321173E+00  0.710151E-01
  0.378082E+01  0.180102E+00  0.700377E-01
  0.378355E+01  0.186512E+00  0.705806E-01
  0.378629E+01  0.256102E+00  0.707184E-01
  0.378902E+01  0.131276E+00  0.707423E-01
  0.379175E+01  0.220516E+00  0.701298E-01
  0.379449E+01  0.240514E+00  0.703454E-01
  0.379722E+01  0.240185E+00  0.699677E-01
  0.379996E+01  0.159954E+00  0.702281E-01
  0.380269E+01  0.149343E+00  0.697197E-01
  0.380542E+01  0.169451E+00  0.702188E-01
  0.380816E+01  0.226866E+00  0.701567E-01
  0.381089E+01  0.274139E+00  0.707385E-01
  0.381363E+01  0.164951E+00  0.700375E-01
  0.381636E+01  0.562313E-01  0.696667E-01
  0.381909E+01  0.218375E+00  0.691614E-01
  0.382183E+01  0.176508E+00  0.706142E-01
  0.382456E+01  0.226080E+00  0.703715E-01
  0.382730E+01  0.239379E+00  0.704194E-01
  0.383003E+01  0.295710E+00  0.701852E-01
  0.383277E+01  0.239040E+00  0.699022E-01
  0.383550E+01  0.305554E+00  0.710000E-01
  0.383823E+01  0.138921E+00  0.700129E-01
  0.384097E+01  0.311198E+00  0.698923E-01
  0.384370E+01  0.141290E+00  0.695354E-01
  0.384644E+01  0.160332E+00  0.695849E-01
  0.384917E+01  0.233436E+00  0.701823E-01
  0.385190E+01  0.164215E+00  0.697537E-01
  0.385464E+01  0.216006E+00  0.704950E-01
  0.385737E+01  0.213617E+00  0.702151E-01
  0.386011E+01  0.139309E+00  0.707721E-01
  0.386284E+01  0.306848E+00  0.700010E-01
  0.386557E+01  0.237398E+00  0.700617E-01
  0.386831E+01  0.148805E+00  0.696330E-01
  0.387104E+01  0.212483E+00  0.699355E-01
  0.387378E+01  0.238642E+00  0.701061E-01
  0.387651E+01  0.234720E+00  0.701453E-01
  0.387924E+01  0.193211E+00  0.696594E-01
  0.388198E+01  0.316872E+00  0.709767E-01
  0.388471E+01  0.315996E+00  0.702305E-01
  0.388745E+01  0.148776E+00  0.699687E-01
  0.389018E+01  0.215220E+00  0.704997E-01
  0.389291E+01  0.102379E+00  0.696057E-01
  0.389565E+01  0.185855E+00  0.698957E-01
  0.389838E+01  0.201324E+00  0.699777E-01
  0.390112E+01  0.147730E+00  0.695981E-01
  0.390385E+01  0.165907E+00  0.696260E-01
  0.390658E+01  0.188224E+00  0.698682E-01
  0.390932E+01  0.178857E+00  0.696527E-01
  0.391205E+01  0.215449E+00  0.700296E-01
  0.391479E+01  0.168963E+00  0.700099E-01
  0.391752E+01  0.152588E+00  0.701141E-01
  0.392025E+01  0.330978E+00  0.700379E-01
  0.392299E+01  0.119401E+00  0.695523E-01
  0.392572E+01  0.242723E+00  0.697368E-01
  0.392846E+01  0.282520E+00  0.698986E-01
  0.393119E+01  0.235228E+00  0.699205E-01
  0.393392E+01  0.307774E+00  0.701189E-01
  0.393666E+01  0.270336E+00  0.808350E-01
  0.393939E+01  0.288254E+00  0.867322E-01
  0.394213E+01  0.130540E+00  0.895721E-01
  0.394486E+01  0.202548E+00  0.964526E-01
  0.394759E+01  0.352080E+00  0.103350E+00
  0.395033E+01  0.259019E+00  0.107689E+00
  0.395306E+01  0.620844E-01  0.111486E+00
  0.395580E+01  0.122536E+00  0.112667E+00
  0.395853E+01  0.396924E+00  0.120925E+00
  0.396127E+01  0.180599E+00  0.125429E+00
  0.396400E+01  0.165369E+00  0.930125E-01
  0.396673E+01  0.282252E+00  0.880586E-01
  0.396947E+01  0.276687E+00  0.844905E-01
  0.397220E+01  0.164225E+00  0.821999E-01
  0.397494E+01  0.281883E+00  0.795948E-01
  0.397767E+01  0.343132E+00  0.792800E-01
  0.398040E+01  0.294237E+00  0.786855E-01
  0.398314E+01  0.151772E+00  0.779163E-01
  0.398587E+01  0.277543E+00  0.780865E-01
  0.398861E+01  0.210611E+00  0.776020E-01
  0.399134E+01  0.318485E+00  0.769375E-01
  0.399407E+01  0.297362E+00  0.760958E-01
  0.399681E+01  0.191340E+00  0.756337E-01
  0.399954E+01  0.298865E+00  0.765304E-01
  0.400228E+01  0.108162E+00  0.760308E-01
  0.400501E+01  0.243958E+00  0.760649E-01
  0.400774E+01  0.105873E+00  0.752354E-01
  0.401048E+01  0.590086E-01  0.746439E-01
  0.401321E+01  0.129833E+00  0.737632E-01
  0.401595E+01  0.185815E+00  0.735746E-01
  0.401868E+01  0.301543E+00  0.734250E-01
  0.402141E+01  0.200627E+00  0.723884E-01
  0.402415E+01  0.325841E+00  0.721845E-01
  0.402688E+01  0.251214E+00  0.713388E-01
  0.402962E+01  0.334740E+00  0.711700E-01
  0.403235E+01  0.281246E+00  0.702254E-01
  0.403508E+01  0.206590E+00  0.704775E-01
  0.403782E+01  0.293410E+00  0.704480E-01
  0.404055E+01  0.243122E+00  0.704220E-01
  0.404329E+01  0.238453E+00  0.703121E-01
  0.404602E+01  0.318047E+00  0.697952E-01
  0.404875E+01  0.202608E+00  0.698908E-01
  0.405149E+01  0.268037E+00  0.701590E-01
  0.405422E+01  0.234780E+00  0.699818E-01
  0.405696E+01  0.162433E+00  0.693740E-01
  0.405969E+01  0.280241E+00  0.701044E-01
  0.406242E+01  0.266036E+00  0.706627E-01
  0.406516E+01  0.217629E+00  0.696184E-01
  0.406789E+01  0.182570E+00  0.697289E-01
  0.407063E+01  0.270227E+00  0.701113E-01
  0.407336E+01  0.100587E+00  0.699866E-01
  0.407610E+01  0.133765E+00  0.698192E-01
  0.407883E+01  0.288851E+00  0.703208E-01
  0.408156E+01  0.270854E+00  0.699554E-01
  0.408430E+01  0.321690E+00  0.706055E-01
  0.408703E+01  0.195471E+00  0.695818E-01
  0.408977E+01  0.271670E+00  0.704598E-01
  0.409250E+01  0.201603E+00  0.703705E-01
  0.409523E+01  0.318465E+00  0.709228E-01
  0.409797E+01  0.217022E+00  0.694278E-01
  0.410070E+01  0.272039E+00  0.698615E-01
  0.410344E+01  0.181605E+00  0.695726E-01
  0.410617E+01  0.272915E+00  0.697156E-01
  0.410890E+01  0.327563E+00  0.697971E-01
  0.411164E+01  0.352289E+00  0.697794E-01
  0.411437E+01  0.260113E+00  0.699458E-01
  0.411711E+01  0.203783E+00  0.698279E-01
  0.411984E+01  0.235855E+00  0.700001E-01
  0.412257E+01  0.294595E+00  0.693295E-01
  0.412531E+01  0.154977E+00  0.686802E-01
  0.412804E+01  0.196566E+00  0.695718E-01
  0.413078E+01  0.177882E+00  0.695850E-01
  0.413351E+01  0.145939E+00  0.693364E-01
  0.413624E+01  0.270426E+00  0.694960E-01
  0.413898E+01  0.138264E+00  0.692105E-01
  0.414171E+01  0.219241E+00  0.696660E-01
  0.414445E+01  0.207137E+00  0.696792E-01
  0.414718E+01  0.117868E+00  0.696072E-01
  0.414991E+01  0.309954E+00  0.702242E-01
  0.415265E+01  0.234760E+00  0.695121E-01
  0.415538E+01  0.266385E+00  0.700662E-01
  0.415812E+01  0.102379E+00  0.693517E-01
  0.416085E+01  0.291658E+00  0.692629E-01
  0.416358E+01  0.315140E+00  0.698006E-01
  0.416632E+01  0.193370E+00  0.693496E-01
  0.416905E+01  0.117539E+00  0.689840E-01
  0.417179E+01  0.185795E+00  0.695163E-01
  0.417452E+01  0.229494E+00  0.692890E-01
  0.417725E+01  0.167271E+00  0.694058E-01
  0.417999E+01  0.207316E+00  0.693955E-01
  0.418272E+01  0.750348E-01  0.691305E-01
  0.418546E+01  0.323014E+00  0.700166E-01
  0.418819E+01  0.234312E+00  0.696533E-01
  0.419092E+01  0.237736E+00  0.698658E-01
  0.419366E+01  0.165130E+00  0.688938E-01
  0.419639E+01  0.195640E+00  0.696835E-01
  0.419913E+01  0.116773E+00  0.691225E-01
  0.420186E+01  0.309675E+00  0.700403E-01
  0.420460E+01  0.247701E+00  0.698418E-01
  0.420733E+01  0.270755E+00  0.696136E-01
  0.421006E+01  0.229703E+00  0.692116E-01
  0.421280E+01  0.178728E+00  0.693214E-01
  0.421553E+01  0.190484E+00  0.695254E-01
  0.421827E+01  0.344276E+00  0.693824E-01
  0.422100E+01  0.336651E+00  0.697725E-01
  0.422373E+01  0.188145E+00  0.690926E-01
  0.422647E+01  0.230898E+00  0.690993E-01
  0.422920E+01  0.239220E+00  0.694295E-01
  0.423194E+01  0.256888E+00  0.688870E-01
  0.423467E+01  0.148835E+00  0.689969E-01
  0.423740E+01  0.292853E+00  0.691680E-01
  0.424014E+01  0.328758E+00  0.691692E-01
  0.424287E+01  0.292604E+00  0.690207E-01
  0.424561E+01  0.200826E+00  0.690148E-01
  0.424834E+01  0.179942E+00  0.692673E-01
  0.425107E+01  0.180410E+00  0.687890E-01
  0.425381E+01  0.293181E+00  0.693976E-01
  0.425654E+01  0.195959E+00  0.691866E-01
  0.425928E+01  0.274637E+00  0.694907E-01
  0.426201E+01  0.188294E+00  0.689222E-01
  0.426474E+01  0.102708E+00  0.685013E-01
  0.426748E+01  0.306092E+00  0.693087E-01
  0.427021E+01  0.239817E+00  0.693082E-01
  0.427295E+01  0.283785E+00  0.692663E-01
  0.427568E+01  0.190255E+00  0.689061E-01
  0.427841E+01  0.138602E+00  0.693050E-01
  0.428115E+01  0.197561E+00  0.689036E-01
  0.428388E+01  0.255395E+00  0.689613E-01
  0.428662E+01  0.289389E+00  0.688555E-01
  0.428935E+01  0.286233E+00  0.690973E-01
  0.429208E+01  0.233715E+00  0.688532E-01
  0.429482E+01  0.175821E+00  0.682901E-01
  0.429755E+01  0.231565E+00  0.687003E-01
  0.430029E+01  0.215071E+00  0.689223E-01
  0.430302E+01  0.286223E+00  0.689395E-01
  0.430575E+01  0.310721E+00  0.680941E-01
  0.430849E+01  0.297322E+00  0.692730E-01
  0.431122E+01  0.194744E+00  0.684701E-01
  0.431396E+01  0.261865E+00  0.687891E-01
  0.431669E+01  0.239439E+00  0.691377E-01
  0.431942E+01  0.288831E+00  0.687990E-01
  0.432216E+01  0.215011E+00  0.686147E-01
  0.432489E+01  0.219401E+00  0.687264E-01
  0.432763E+01  0.267818E+00  0.690383E-01
  0.433036E+01  0.127036E+00  0.678565E-01
  0.433310E+01  0.201593E+00  0.686674E-01
  0.433583E+01  0.285089E+00  0.689237E-01
  0.433856E+01  0.223681E+00  0.682219E-01
  0.434130E+01  0.181296E+00  0.684039E-01
  0.434403E+01  0.184332E+00  0.686584E-01
  0.434677E+01  0.198686E+00  0.683786E-01
  0.434950E+01  0.121013E+00  0.686412E-01
  0.435223E+01  0.222138E+00  0.679113E-01
  0.435497E+01  0.216245E+00  0.682724E-01
  0.435770E+01  0.171979E+00  0.685032E-01
  0.436044E+01  0.126568E+00  0.683061E-01
  0.436317E+01  0.251573E+00  0.685758E-01
  0.436590E+01  0.294276E+00  0.684196E-01
  0.436864E+01  0.296138E+00  0.683593E-01
  0.437137E+01  0.260313E+00  0.685861E-01
  0.437411E+01  0.227693E+00  0.684334E-01
  0.437684E+01  0.220635E+00  0.685198E-01
  0.437957E+01  0.215061E+00  0.680266E-01
  0.438231E+01  0.293948E+00  0.689332E-01
  0.438504E+01  0.253345E+00  0.688437E-01
  0.438778E+01  0.141370E+00  0.679380E-01
  0.439051E+01  0.782003E-01  0.708136E-01
  0.439324E+01  0.213199E+00  0.685446E-01
  0.439598E+01  0.997511E-01  0.679800E-01
  0.439871E+01  0.249642E+00  0.677471E-01
  0.440145E+01  0.212303E+00  0.680184E-01
  0.440418E+01  0.293848E+00  0.682172E-01
  0.440691E+01  0.141489E+00  0.683909E-01
  0.440965E+01  0.207535E+00  0.682943E-01
  0.441238E+01  0.280978E+00  0.684542E-01
  0.441512E+01  0.271680E+00  0.682843E-01
  0.441785E+01  0.211308E+00  0.680475E-01
  0.442058E+01  0.196148E+00  0.676282E-01
  0.442332E+01  0.273791E+00  0.686225E-01
  0.442605E+01  0.252757E+00  0.681567E-01
  0.442879E+01  0.251742E+00  0.679623E-01
  0.443152E+01  0.311607E+00  0.680627E-01
  0.443425E+01  0.224925E+00  0.678615E-01
  0.443699E+01  0.242216E+00  0.681363E-01
  0.443972E+01  0.203733E+00  0.678482E-01
  0.444246E+01  0.105584E+00  0.678179E-01
  0.444519E+01  0.227225E+00  0.685001E-01
  0.444792E+01  0.196655E+00  0.673932E-01
  0.445066E+01  0.246466E+00  0.687527E-01
  0.445339E+01  0.207943E+00  0.681887E-01
  0.445613E+01  0.205505E+00  0.678183E-01
  0.445886E+01  0.185885E+00  0.674226E-01
  0.446160E+01  0.234661E+00  0.679912E-01
  0.446433E+01  0.232192E+00  0.679165E-01
  0.446706E+01  0.258780E+00  0.682431E-01
  0.446980E+01  0.278071E+00  0.676537E-01
  0.447253E+01  0.187945E+00  0.680172E-01
  0.447527E+01  0.173233E+00  0.675552E-01
  0.447800E+01  0.170416E+00  0.671816E-01
  0.448073E+01  0.148726E+00  0.673455E-01
  0.448347E+01  0.260830E+00  0.678026E-01
  0.448620E+01  0.239946E+00  0.673841E-01
  0.448894E+01  0.139001E+00  0.677624E-01
  0.449167E+01  0.267589E+00  0.682837E-01
  0.449440E+01  0.251573E+00  0.678562E-01
  0.449714E+01  0.209228E+00  0.680218E-01
  0.449987E+01  0.196616E+00  0.675986E-01
  0.450261E+01  0.199950E+00  0.677867E-01
  0.450534E+01  0.145411E+00  0.672912E-01
  0.450807E+01  0.339588E+00  0.685491E-01
  0.451081E+01  0.268256E+00  0.681584E-01
  0.451354E+01  0.268714E+00  0.682909E-01
  0.451628E+01  0.260243E+00  0.676136E-01
  0.451901E+01  0.279544E+00  0.672903E-01
  0.452174E+01  0.230380E+00  0.683693E-01
  0.452448E+01  0.123402E+00  0.669281E-01
  0.452721E+01  0.110253E+00  0.682092E-01
  0.452995E+01  0.150418E+00  0.676947E-01
  0.453268E+01  0.233207E+00  0.675268E-01
  0.453541E+01  0.212483E+00  0.685243E-01
  0.453815E+01  0.202857E+00  0.677048E-01
  0.454088E+01  0.137717E+00  0.680075E-01
  0.454362E+01  0.147571E+00  0.672075E-01
  0.454635E+01  0.206401E+00  0.684595E-01
  0.454908E+01  0.262353E+00  0.674801E-01
  0.455182E+01  0.182431E+00  0.676868E-01
  0.455455E+01  0.248686E+00  0.675543E-01
  0.455729E+01  0.194844E+00  0.676684E-01
  0.456002E+01  0.321670E+00  0.679074E-01
  0.456275E+01  0.335825E+00  0.682341E-01
  0.456549E+01  0.237926E+00  0.682636E-01
  0.456822E+01  0.284372E+00  0.675073E-01
  0.457096E+01  0.228131E+00  0.675933E-01
  0.457369E+01  0.228509E+00  0.676383E-01
  0.457643E+01  0.267171E+00  0.676307E-01
  0.457916E+01  0.160761E+00  0.676422E-01
  0.458189E+01  0.274706E+00  0.678072E-01
  0.458463E+01  0.234073E+00  0.680150E-01
  0.458736E+01  0.225543E+00  0.674883E-01
  0.459010E+01  0.267997E+00  0.684411E-01
  0.459283E+01  0.271989E+00  0.682828E-01
  0.459556E+01  0.206669E+00  0.676809E-01
  0.459830E+01  0.963169E-01  0.680632E-01
  0.460103E+01  0.258093E+00  0.677012E-01
  0.460377E+01  0.169819E+00  0.682496E-01
  0.460650E+01  0.121909E+00  0.677850E-01
  0.460923E+01  0.201045E+00  0.674719E-01
  0.461197E+01  0.258919E+00  0.677881E-01
  0.461470E+01  0.347173E+00  0.681974E-01
  0.461744E+01  0.262881E+00  0.677181E-01
  0.462017E+01  0.260681E+00  0.677145E-01
  0.462290E+01  0.232929E+00  0.676221E-01
  0.462564E+01  0.175672E+00  0.673378E-01
  0.462837E+01  0.236442E+00  0.683988E-01
  0.463111E+01  0.300030E+00  0.681126E-01
  0.463384E+01  0.202210E+00  0.681931E-01
  0.463657E+01  0.230888E+00  0.678910E-01
  0.463931E+01  0.268993E+00  0.674098E-01
  0.464204E+01  0.230609E+00  0.674449E-01
  0.464478E+01  0.292783E+00  0.676399E-01
  0.464751E+01  0.296805E+00  0.675211E-01
  0.465024E+01  0.143440E+00  0.674697E-01
  0.465298E+01  0.219749E+00  0.669291E-01
  0.465571E+01  0.164583E+00  0.672893E-01
  0.465845E+01  0.202409E+00  0.674754E-01
  0.466118E+01  0.281167E+00  0.678592E-01
  0.466391E+01  0.146536E+00  0.665207E-01
  0.466665E+01  0.216036E+00  0.665260E-01
  0.466938E+01  0.166235E+00  0.666498E-01
  0.467212E+01  0.265877E+00  0.669324E-01
  0.467485E+01  0.187935E+00  0.664455E-01
  0.467758E+01  0.225742E+00  0.673974E-01
  0.468032E+01  0.377314E+00  0.671913E-01
  0.468305E+01  0.228509E+00  0.667332E-01
  0.468579E+01  0.370137E+00  0.671723E-01
  0.468852E+01  0.291808E+00  0.674813E-01
  0.469125E+01  0.257675E+00  0.668895E-01
  0.469399E+01  0.233177E+00  0.675733E-01
  0.469672E+01  0.250169E+00  0.677337E-01
  0.469946E+01  0.157177E+00  0.666469E-01
  0.470219E+01  0.215519E+00  0.670811E-01
  0.470493E+01  0.278379E+00  0.677276E-01
  0.470766E+01  0.290683E+00  0.677286E-01
  0.471039E+01  0.278927E+00  0.672004E-01
  0.471313E+01  0.261756E+00  0.677153E-01
  0.471586E+01  0.206221E+00  0.673221E-01
  0.471860E+01  0.243012E+00  0.681107E-01
  0.472133E+01  0.278997E+00  0.678386E-01
  0.472406E+01  0.251832E+00  0.674516E-01
  0.472680E+01  0.325652E+00  0.676814E-01
  0.472953E+01  0.291230E+00  0.676375E-01
  0.473227E+01  0.197113E+00  0.682116E-01
  0.473500E+01  0.145112E+00  0.675195E-01
  0.473773E+01  0.337000E+00  0.671474E-01
  0.474047E+01  0.172974E+00  0.673531E-01
  0.474320E+01  0.274607E+00  0.679382E-01
  0.474594E+01  0.109267E+00  0.671548E-01
  0.474867E+01  0.225712E+00  0.672631E-01
  0.475140E+01  0.129096E+00  0.670426E-01
  0.475414E+01  0.272815E+00  0.672351E-01
  0.475687E+01  0.284412E+00  0.678242E-01
  0.475961E+01  0.178111E+00  0.677474E-01
  0.476234E+01  0.271501E+00  0.673755E-01
  0.476507E+01  0.269908E+00  0.673521E-01
  0.476781E+01  0.208620E+00  0.670172E-01
  0.477054E+01  0.228260E+00  0.678233E-01
  0.477328E+01  0.215101E+00  0.672892E-01
  0.477601E+01  0.285785E+00  0.681313E-01
  0.477874E+01  0.281664E+00  0.674915E-01
  0.478148E+01  0.146735E+00  0.670711E-01
  0.478421E+01  0.285427E+00  0.679178E-01
  0.478695E+01  0.234153E+00  0.672747E-01
  0.478968E+01  0.254270E+00  0.679670E-01
  0.479241E+01  0.243799E+00  0.676234E-01
  0.479515E+01  0.204250E+00  0.670861E-01
  0.479788E+01  0.189140E+00  0.676091E-01
  0.480062E+01  0.300597E+00  0.675936E-01
  0.480335E+01  0.212164E+00  0.672873E-01
  0.480608E+01  0.214254E+00  0.672996E-01
  0.480882E+01  0.391867E+00  0.674160E-01
  0.481155E+01  0.236950E+00  0.672484E-01
  0.481429E+01  0.283396E+00  0.672088E-01
  0.481702E+01  0.193112E+00  0.672007E-01
  0.481975E+01  0.287458E+00  0.675929E-01
  0.482249E+01  0.178250E+00  0.675819E-01
  0.482522E+01  0.185288E+00  0.669726E-01
  0.482796E+01  0.985367E-01  0.678034E-01
  0.483069E+01  0.288364E+00  0.677713E-01
  0.483343E+01  0.209277E+00  0.672682E-01
  0.483616E+01  0.193669E+00  0.672032E-01
  0.483889E+01  0.305276E+00  0.672550E-01
  0.484163E+01  0.158491E+00  0.678579E-01
  0.484436E+01  0.241210E+00  0.669129E-01
  0.484710E+01  0.148955E+00  0.671178E-01
  0.484983E+01  0.243291E+00  0.678874E-01
  0.485256E+01  0.243699E+00  0.669973E-01
  0.485530E+01  0.229445E+00  0.674190E-01
  0.485803E+01  0.267231E+00  0.673602E-01
  0.486077E+01  0.242554E+00  0.675168E-01
  0.486350E+01  0.175722E+00  0.672693E-01
  0.486623E+01  0.289817E+00  0.674248E-01
  0.486897E+01  0.167251E+00  0.672045E-01
  0.487170E+01  0.206759E+00  0.675319E-01
  0.487444E+01  0.180918E+00  0.670579E-01
  0.487717E+01  0.269202E+00  0.663977E-01
  0.487990E+01  0.299761E+00  0.676240E-01
  0.488264E+01  0.233635E+00  0.679227E-01
  0.488537E+01  0.184183E+00  0.673665E-01
  0.488811E+01  0.178718E+00  0.679951E-01
  0.489084E+01  0.167778E+00  0.670629E-01
  0.489357E+01  0.124905E+00  0.671251E-01
  0.489631E+01  0.291181E+00  0.674553E-01
  0.489904E+01  0.346128E+00  0.669271E-01
  0.490178E+01  0.175921E+00  0.669114E-01
  0.490451E+01  0.239170E+00  0.666904E-01
  0.490724E+01  0.147830E+00  0.674630E-01
  0.490998E+01  0.183217E+00  0.673747E-01
  0.491271E+01  0.127822E+00  0.670192E-01
  0.491545E+01  0.250946E+00  0.676674E-01
  0.491818E+01  0.172218E+00  0.676034E-01
  0.492091E+01  0.132351E+00  0.667422E-01
  0.492365E+01  0.240404E+00  0.666711E-01
  0.492638E+01  0.325592E+00  0.673020E-01
  0.492912E+01  0.226608E+00  0.671892E-01
  0.493185E+01  0.278021E+00  0.667004E-01
  0.493458E+01  0.175662E+00  0.668139E-01
  0.493732E+01  0.144485E+00  0.673123E-01
  0.494005E+01  0.172098E+00  0.673136E-01
  0.494279E+01  0.180997E+00  0.671534E-01
  0.494552E+01  0.177245E+00  0.670815E-01
  0.494825E+01  0.254688E+00  0.671412E-01
  0.495099E+01  0.158391E+00  0.666731E-01
  0.495372E+01  0.339478E+00  0.669810E-01
  0.495646E+01  0.279813E+00  0.668004E-01
  0.495919E+01  0.350766E+00  0.672517E-01
  0.496193E+01  0.146586E+00  0.673488E-01
  0.496466E+01  0.270187E+00  0.671771E-01
  0.496739E+01  0.212453E+00  0.675386E-01
  0.497013E+01  0.253564E+00  0.674398E-01
  0.497286E+01  0.221581E+00  0.671023E-01
  0.497560E+01  0.239638E+00  0.669223E-01
  0.497833E+01  0.242455E+00  0.669197E-01
  0.498106E+01  0.128827E+00  0.669306E-01
  0.498380E+01  0.981983E-01  0.671155E-01
  0.498653E+01  0.184342E+00  0.674559E-01
  0.498927E+01  0.252668E+00  0.670452E-01
  0.499200E+01  0.174667E+00  0.672879E-01
  0.499473E+01  0.216454E+00  0.671443E-01
  0.499747E+01  0.270615E+00  0.676308E-01
  0.500020E+01  0.234033E+00  0.665871E-01
  0.500294E+01  0.302558E+00  0.680864E-01
  0.500567E+01  0.258262E+00  0.673042E-01
  0.500840E+01  0.187647E+00  0.668585E-01
  0.501114E+01  0.164344E+00  0.668450E-01
  0.501387E+01  0.186413E+00  0.669966E-01
  0.501661E+01  0.180828E+00  0.666334E-01
  0.501934E+01  0.297810E+00  0.676860E-01
  0.502207E+01  0.191907E+00  0.669977E-01
  0.502481E+01  0.291957E+00  0.669731E-01
  0.502754E+01  0.250557E+00  0.674552E-01
  0.503028E+01  0.240713E+00  0.673520E-01
  0.503301E+01  0.299024E+00  0.673198E-01
  0.503574E+01  0.286691E+00  0.670662E-01
  0.503848E+01  0.290056E+00  0.668226E-01
  0.504121E+01  0.242106E+00  0.672686E-01
  0.504395E+01  0.182690E+00  0.674795E-01
  0.504668E+01  0.254509E+00  0.666157E-01
  0.504941E+01  0.289707E+00  0.675190E-01
  0.505215E+01  0.218385E+00  0.678454E-01
  0.505488E+01  0.192743E+00  0.667745E-01
  0.505762E+01  0.269898E+00  0.673650E-01
  0.506035E+01  0.147999E+00  0.670385E-01
  0.506308E+01  0.314842E+00  0.675017E-01
  0.506582E+01  0.145132E+00  0.670805E-01
  0.506855E+01  0.201423E+00  0.664137E-01
  0.507129E+01  0.150159E+00  0.667746E-01
  0.507402E+01  0.109606E+00  0.669104E-01
  0.507676E+01  0.121820E+00  0.670611E-01
  0.507949E+01  0.171202E+00  0.677030E-01
  0.508222E+01  0.141848E+00  0.671215E-01
  0.508496E+01  0.184203E+00  0.676374E-01
  0.508769E+01  0.250368E+00  0.673966E-01
  0.509043E+01  0.165758E+00  0.671722E-01
  0.509316E+01  0.342694E+00  0.672341E-01
  0.509589E+01  0.126219E+00  0.669129E-01
  0.509863E+01  0.281406E+00  0.667173E-01
  0.510136E+01  0.237219E+00  0.677768E-01
  0.510410E+01  0.202389E+00  0.672285E-01
  0.510683E+01  0.180759E+00  0.675975E-01
  0.510956E+01  0.171859E+00  0.673213E-01
  0.511230E+01  0.185288E+00  0.670281E-01
  0.511503E+01  0.246476E+00  0.672847E-01
  0.511777E+01  0.154022E+00  0.668998E-01
  0.512050E+01  0.268147E+00  0.671705E-01
  0.512323E+01  0.140583E+00  0.669005E-01
  0.512597E+01  0.210522E+00  0.670003E-01
  0.512870E+01  0.264135E+00  0.676219E-01
  0.513144E+01  0.181445E+00  0.672181E-01
  0.513417E+01  0.383337E+00  0.678520E-01
  0.513690E+01  0.190822E+00  0.671901E-01
  0.513964E+01  0.239677E+00  0.678033E-01
  0.514237E+01  0.225353E+00  0.666248E-01
  0.514511E+01  0.193540E+00  0.666836E-01
  0.514784E+01  0.230689E+00  0.679434E-01
  0.515057E+01  0.248248E+00  0.669931E-01
  0.515331E+01  0.320167E+00  0.677571E-01
  0.515604E+01  0.207237E+00  0.679495E-01
  0.515878E+01  0.197880E+00  0.668059E-01
  0.516151E+01  0.253384E+00  0.675621E-01
  0.516424E+01  0.283287E+00  0.673089E-01
  0.516698E+01  0.221760E+00  0.675816E-01
  0.516971E+01  0.208481E+00  0.674348E-01
  0.517245E+01  0.263398E+00  0.678202E-01
  0.517518E+01  0.273930E+00  0.680814E-01
  0.517791E+01  0.145541E+00  0.675453E-01
  0.518065E+01  0.250747E+00  0.679404E-01
  0.518338E+01  0.220715E+00  0.671646E-01
  0.518612E+01  0.151623E+00  0.671488E-01
  0.518885E+01  0.256759E+00  0.676499E-01
  0.519158E+01  0.103593E+00  0.667045E-01
  0.519432E+01  0.202130E+00  0.677813E-01
  0.519705E+01  0.211676E+00  0.683519E-01
  0.519979E+01  0.244903E+00  0.677499E-01
  0.520252E+01  0.188792E+00  0.674942E-01
  0.520526E+01  0.106620E+00  0.668674E-01
  0.520799E+01  0.200985E+00  0.668918E-01
  0.521072E+01  0.204360E+00  0.675077E-01
  0.521346E+01  0.207097E+00  0.674770E-01
  0.521619E+01  0.176906E+00  0.669693E-01
  0.521893E+01  0.240812E+00  0.675145E-01
  0.522166E+01  0.297830E+00  0.676227E-01
  0.522439E+01  0.154927E+00  0.673265E-01
  0.522713E+01  0.204430E+00  0.673137E-01
  0.522986E+01  0.148805E+00  0.673939E-01
  0.523260E+01  0.143161E+00  0.671872E-01
  0.523533E+01  0.154888E+00  0.670113E-01
  0.523806E+01  0.276030E+00  0.676742E-01
  0.524080E+01  0.230828E+00  0.679553E-01
  0.524353E+01  0.266554E+00  0.667422E-01
  0.524627E+01  0.219520E+00  0.676365E-01
  0.524900E+01  0.165180E+00  0.675832E-01
  0.525173E+01  0.125692E+00  0.672317E-01
  0.525447E+01  0.230330E+00  0.675078E-01
  0.525720E+01  0.629305E-01  0.671352E-01
  0.525994E+01  0.218545E+00  0.671658E-01
  0.526267E+01  0.273572E+00  0.675426E-01
  0.526540E+01  0.229853E+00  0.677028E-01
  0.526814E+01  0.170157E+00  0.677917E-01
  0.527087E+01  0.103365E+00  0.675125E-01
  0.527361E+01  0.257137E+00  0.675609E-01
  0.527634E+01  0.278977E+00  0.676665E-01
  0.527907E+01  0.129166E+00  0.673107E-01
  0.528181E+01  0.291788E+00  0.682876E-01
  0.528454E+01  0.176110E+00  0.668477E-01
  0.528728E+01  0.263846E+00  0.799266E-01
  0.529001E+01  0.230092E+00  0.853776E-01
  0.529274E+01  0.377981E+00  0.942294E-01
  0.529548E+01  0.253524E+00  0.101871E+00
  0.529821E+01 -0.563408E-02  0.106790E+00
  0.530095E+01  0.364344E+00  0.112036E+00
  0.530368E+01  0.155146E+00  0.117079E+00
  0.530641E+01  0.245720E+00  0.123765E+00
  0.530915E+01  0.309307E+00  0.130705E+00
  0.531188E+01  0.250567E+00  0.887604E-01
  0.531462E+01  0.238583E+00  0.854486E-01
  0.531735E+01  0.356112E+00  0.802561E-01
  0.532008E+01  0.366345E+00  0.774306E-01
  0.532282E+01  0.264862E+00  0.763973E-01
  0.532555E+01  0.976010E-01  0.747830E-01
  0.532829E+01  0.194485E+00  0.759658E-01
  0.533102E+01  0.218216E+00  0.742665E-01
  0.533376E+01  0.242335E+00  0.747329E-01
  0.533649E+01  0.300269E+00  0.738592E-01
  0.533922E+01  0.253086E+00  0.738470E-01
  0.534196E+01  0.323810E+00  0.735389E-01
  0.534469E+01  0.220058E+00  0.720644E-01
  0.534743E+01  0.149801E+00  0.706718E-01
  0.535016E+01  0.202787E+00  0.697095E-01
  0.535289E+01  0.213508E+00  0.698950E-01
  0.535563E+01  0.212353E+00  0.688302E-01
  0.535836E+01  0.120197E+00  0.676877E-01
  0.536110E+01  0.182381E+00  0.675411E-01
  0.536383E+01  0.210352E+00  0.674419E-01
  0.536656E+01  0.300239E+00  0.667826E-01
  0.536930E+01  0.161159E+00  0.669739E-01
  0.537203E+01  0.232560E+00  0.670791E-01
  0.537477E+01  0.280131E+00  0.674106E-01
  0.537750E+01  0.290325E+00  0.668636E-01
  0.538023E+01  0.296018E+00  0.667527E-01
  0.538297E+01  0.120506E+00  0.669797E-01
  0.538570E+01  0.145162E+00  0.669329E-01
  0.538844E+01  0.273173E+00  0.670687E-01
  0.539117E+01  0.149204E+00  0.661420E-01
  0.539390E+01  0.138413E+00  0.669826E-01
  0.539664E+01  0.211826E+00  0.672359E-01
  0.539937E+01  0.248805E+00  0.674179E-01
  0.540211E+01  0.246516E+00  0.670578E-01
  0.540484E+01  0.110761E+00  0.668256E-01
  0.540757E+01  0.229982E+00  0.675206E-01
  0.541031E+01  0.302508E+00  0.673731E-01
  0.541304E+01  0.125353E+00  0.666295E-01
  0.541578E+01  0.254061E+00  0.671582E-01
  0.541851E+01  0.165558E+00  0.663536E-01
  0.542124E+01  0.977603E-01  0.660783E-01
  0.542398E+01  0.279226E+00  0.670364E-01
  0.542671E+01  0.204440E+00  0.674446E-01
  0.542945E+01  0.215996E+00  0.669080E-01
  0.543218E+01  0.122785E+00  0.664115E-01
  0.543491E+01  0.331873E+00  0.674005E-01
  0.543765E+01  0.225324E+00  0.668311E-01
  0.544038E+01  0.136084E+00  0.660211E-01
  0.544312E+01  0.202031E+00  0.670887E-01
  0.544585E+01  0.118216E+00  0.660986E-01
  0.544858E+01  0.114782E+00  0.670985E-01
  0.545132E+01  0.158352E+00  0.668269E-01
  0.545405E+01  0.290285E+00  0.670179E-01
  0.545679E+01  0.165608E+00  0.666807E-01
  0.545952E+01  0.222357E+00  0.670268E-01
  0.546226E+01  0.263169E+00  0.669423E-01
  0.546499E+01  0.147770E+00  0.664902E-01
  0.546772E+01  0.936194E-01  0.672682E-01
  0.547046E+01  0.153434E+00  0.664282E-01
  0.547319E+01  0.175304E+00  0.657931E-01
  0.547593E+01  0.186502E+00  0.661079E-01
  0.547866E+01  0.201155E+00  0.663950E-01
  0.548139E+01  0.178519E+00  0.671000E-01
  0.548413E+01  0.100129E+00  0.664064E-01
  0.548686E+01  0.224318E+00  0.664874E-01
  0.548960E+01  0.240792E+00  0.666711E-01
  0.549233E+01  0.182023E+00  0.664464E-01
  0.549506E+01  0.228907E+00  0.665331E-01
  0.549780E+01  0.222716E+00  0.664207E-01
  0.550053E+01  0.200786E+00  0.661963E-01
  0.550327E+01  0.193062E+00  0.669312E-01
  0.550600E+01  0.966454E-01  0.667543E-01
  0.550873E+01  0.642047E-02  0.666229E-01
  0.551147E+01  0.506172E-01  0.657157E-01
  0.551420E+01  0.208461E+00  0.659161E-01
  0.551694E+01  0.234282E+00  0.669176E-01
  0.551967E+01  0.231316E+00  0.667375E-01
  0.552240E+01  0.221441E+00  0.666899E-01
  0.552514E+01  0.261039E+00  0.668108E-01
  0.552787E+01  0.229564E+00  0.796639E-01
  0.553061E+01  0.134919E+00  0.857408E-01
  0.553334E+01  0.552558E-01  0.946425E-01
  0.553607E+01  0.285367E+00  0.769531E-01
  0.553881E+01  0.136303E+00  0.735996E-01
  0.554154E+01  0.221093E+00  0.715645E-01
  0.554428E+01  0.200567E+00  0.690508E-01
  0.554701E+01  0.860641E-01  0.686806E-01
  0.554974E+01  0.219948E+00  0.697253E-01
  0.555248E+01  0.256152E+00  0.686363E-01
  0.555521E+01  0.273233E+00  0.689966E-01
  0.555795E+01  0.205744E+00  0.681464E-01
  0.556068E+01  0.201473E+00  0.679542E-01
  0.556341E+01  0.234929E+00  0.692865E-01
  0.556615E+01  0.255375E+00  0.680221E-01
  0.556888E+01  0.159606E+00  0.681629E-01
  0.557162E+01  0.239050E+00  0.682485E-01
  0.557435E+01  0.234611E+00  0.686428E-01
  0.557709E+01  0.717400E-01  0.675990E-01
  0.557982E+01  0.200219E+00  0.681747E-01
  0.558255E+01  0.220784E+00  0.670816E-01
  0.558529E+01  0.104061E+00  0.658820E-01
  0.558802E+01  0.128668E+00  0.653914E-01
  0.559076E+01  0.206221E+00  0.663622E-01
  0.559349E+01  0.184043E+00  0.670057E-01
  0.559622E+01  0.244635E+00  0.662931E-01
  0.559896E+01  0.291738E+00  0.673425E-01
  0.560169E+01  0.220466E+00  0.661369E-01
  0.560443E+01  0.245690E+00  0.658639E-01
  0.560716E+01  0.248387E+00  0.663399E-01
  0.560989E+01  0.298069E+00  0.656656E-01
  0.561263E+01  0.260432E+00  0.670842E-01
  0.561536E+01  0.242883E+00  0.667630E-01
  0.561810E+01  0.323482E+00  0.664248E-01
  0.562083E+01  0.126896E+00  0.657616E-01
  0.562356E+01  0.245292E+00  0.655454E-01
  0.562630E+01  0.537926E-01  0.661891E-01
  0.562903E+01  0.170665E+00  0.658444E-01
  0.563177E+01  0.230868E+00  0.661618E-01
  0.563450E+01  0.229096E+00  0.660654E-01
  0.563723E+01  0.151822E+00  0.659186E-01
  0.563997E+01  0.147462E+00  0.656350E-01
  0.564270E+01  0.110273E+00  0.653917E-01
  0.564544E+01  0.111786E+00  0.657501E-01
  0.564817E+01  0.116315E+00  0.654221E-01
  0.565090E+01  0.192544E+00  0.662358E-01
  0.565364E+01  0.180749E+00  0.656243E-01
  0.565637E+01  0.151603E-01  0.653736E-01
  0.565911E+01  0.176249E+00  0.656430E-01
  0.566184E+01  0.788672E-01  0.654713E-01
  0.566457E+01  0.243739E+00  0.660761E-01
  0.566731E+01  0.213408E+00  0.662082E-01
  0.567004E+01  0.206699E+00  0.659459E-01
  0.567278E+01  0.235437E+00  0.658094E-01
  0.567551E+01  0.217400E+00  0.654799E-01
  0.567824E+01  0.178698E+00  0.658583E-01
  0.568098E+01  0.178459E+00  0.660405E-01
  0.568371E+01  0.935895E-01  0.661776E-01
  0.568645E+01  0.279136E+00  0.662586E-01
  0.568918E+01  0.355843E+00  0.661017E-01
  0.569191E+01  0.247004E+00  0.660427E-01
  0.569465E+01  0.184830E+00  0.655763E-01
  0.569738E+01  0.305365E+00  0.665668E-01
  0.570012E+01  0.216972E+00  0.655291E-01
  0.570285E+01  0.128459E+00  0.653255E-01
  0.570559E+01  0.129455E+00  0.656460E-01
  0.570832E+01  0.166006E+00  0.662615E-01
  0.571105E+01  0.257466E+00  0.668135E-01
  0.571379E+01  0.749751E-01  0.658669E-01
  0.571652E+01  0.181784E+00  0.656380E-01
  0.571926E+01  0.227135E+00  0.662694E-01
  0.572199E+01  0.238324E+00  0.661412E-01
  0.572472E+01  0.212751E+00  0.662723E-01
  0.572746E+01  0.926040E-01  0.647043E-01
  0.573019E+01  0.152130E+00  0.658785E-01
  0.573293E+01  0.241569E+00  0.665338E-01
  0.573566E+01  0.264613E+00  0.664479E-01
  0.573839E+01  0.300896E+00  0.658486E-01
  0.574113E+01  0.158322E+00  0.652273E-01
  0.574386E+01  0.211119E+00  0.661266E-01
  0.574660E+01  0.650010E-01  0.655127E-01
  0.574933E+01  0.202837E+00  0.661402E-01
  0.575206E+01  0.272825E+00  0.661690E-01
  0.575480E+01  0.157675E+00  0.657756E-01
  0.575753E+01  0.993828E-01  0.662005E-01
  0.576027E+01  0.136582E+00  0.662238E-01
  0.576300E+01  0.170516E+00  0.660945E-01
  0.576573E+01  0.198358E+00  0.662923E-01
  0.576847E+01  0.271402E+00  0.665746E-01
  0.577120E+01  0.118764E+00  0.656170E-01
  0.577394E+01  0.168166E+00  0.659369E-01
  0.577667E+01  0.779017E-01  0.655352E-01
  0.577940E+01  0.142644E-01  0.656299E-01
  0.578214E+01  0.335636E+00  0.662630E-01
  0.578487E+01  0.214165E+00  0.660121E-01
  0.578761E+01  0.269232E+00  0.659774E-01
  0.579034E+01  0.160641E+00  0.654997E-01
  0.579307E+01  0.163727E+00  0.653372E-01
  0.579581E+01  0.174467E+00  0.663719E-01
  0.579854E+01  0.136860E+00  0.654246E-01
  0.580128E+01  0.182331E+00  0.655148E-01
  0.580401E+01  0.136462E+00  0.655028E-01
  0.580674E+01  0.172735E+00  0.656881E-01
  0.580948E+01  0.188772E+00  0.654506E-01
  0.581221E+01  0.163926E+00  0.655690E-01
  0.581495E+01  0.158312E+00  0.650004E-01
  0.581768E+01  0.172307E+00  0.654612E-01
  0.582041E+01  0.203653E+00  0.656461E-01
  0.582315E+01  0.128698E+00  0.653108E-01
  0.582588E+01  0.201404E+00  0.657213E-01
  0.582862E+01  0.161796E+00  0.655192E-01
  0.583135E+01  0.122885E+00  0.655070E-01
  0.583409E+01  0.146795E+00  0.656077E-01
  0.583682E+01  0.176299E+00  0.658734E-01
  0.583955E+01  0.910810E-01  0.652366E-01
  0.584229E+01  0.165827E+00  0.654052E-01
  0.584502E+01  0.206002E+00  0.660548E-01
  0.584776E+01  0.219550E+00  0.655600E-01
  0.585049E+01  0.152986E+00  0.651913E-01
  0.585322E+01  0.178569E+00  0.657632E-01
  0.585596E+01  0.133516E+00  0.658115E-01
  0.585869E+01  0.158013E+00  0.657062E-01
  0.586143E+01  0.231007E+00  0.658102E-01
  0.586416E+01  0.224826E+00  0.657261E-01
  0.586689E+01  0.158371E+00  0.656062E-01
  0.586963E+01  0.261288E+00  0.665442E-01
  0.587236E+01  0.160581E+00  0.656983E-01
  0.587510E+01  0.254589E+00  0.658084E-01
  0.587783E+01  0.224378E+00  0.656609E-01
  0.588056E+01  0.111975E+00  0.653986E-01
  0.588330E+01  0.208391E+00  0.658369E-01
  0.588603E+01  0.128180E+00  0.657362E-01
  0.588877E+01  0.251752E+00  0.659566E-01
  0.589150E+01  0.183635E+00  0.656387E-01
  0.589423E+01  0.233586E+00  0.662503E-01
  0.589697E+01  0.191439E+00  0.654567E-01
  0.589970E+01  0.224099E+00  0.658350E-01
  0.590244E+01  0.182819E+00  0.657428E-01
  0.590517E+01  0.170784E+00  0.656429E-01
  0.590790E+01  0.190474E+00  0.656779E-01
  0.591064E+01  0.154589E+00  0.664523E-01
  0.591337E+01  0.103713E+00  0.659439E-01
  0.591611E+01  0.166016E+00  0.656461E-01
  0.591884E+01  0.283566E+00  0.658178E-01
  0.592157E+01  0.961875E-01  0.651656E-01
  0.592431E+01  0.194525E+00  0.664645E-01
  0.592704E+01  0.205316E+00  0.660170E-01
  0.592978E+01  0.229096E+00  0.654134E-01
  0.593251E+01  0.282351E+00  0.652330E-01
  0.593524E+01  0.169898E+00  0.654335E-01
  0.593798E+01  0.196058E+00  0.651576E-01
  0.594071E+01  0.825503E-01  0.657603E-01
  0.594345E+01  0.190543E+00  0.655157E-01
  0.594618E+01  0.743878E-01  0.657459E-01
  0.594892E+01  0.149691E+00  0.656961E-01
  0.595165E+01  0.136144E+00  0.658113E-01
  0.595438E+01  0.202568E+00  0.654073E-01
  0.595712E+01  0.192405E+00  0.658354E-01
  0.595985E+01  0.192783E+00  0.660291E-01
  0.596259E+01  0.131097E+00  0.652612E-01
  0.596532E+01  0.161786E+00  0.657277E-01
  0.596805E+01  0.162851E+00  0.660780E-01
  0.597079E+01  0.192843E+00  0.796934E-01
  0.597352E+01  0.996616E-01  0.854093E-01
  0.597626E+01  0.406132E-01  0.946606E-01
  0.597899E+01  0.198218E+00  0.103451E+00
  0.598172E+01  0.174965E+00  0.108158E+00
  0.598446E+01  0.483974E-01  0.117050E+00
  0.598719E+01  0.907028E-01  0.123183E+00
  0.598993E+01  0.372228E+00  0.129318E+00
  0.599266E+01  0.246317E+00  0.137849E+00
  0.599539E+01  0.402747E-01  0.146399E+00
  0.599813E+01  0.158371E+00  0.160632E+00
  0.600086E+01  0.119022E+00  0.170630E+00
  0.600360E+01  0.398736E+00  0.191140E+00
  0.600633E+01 -0.519908E-01  0.218379E+00
  0.600906E+01 -0.688831E-01  0.258986E+00
  0.601180E+01  0.486403E+00  0.314750E+00
  0.601453E+01  0.192495E+00  0.475051E+00
 ========================================
Description:                            BAZ2Bpeptide2 2                         
Sample: BAZ2Bpeptide2 2  c=  5.023 mg/ml Code:        baz                       
Averaged from raw files: cyn_056_001.tiff cyn_056_002.tiff cyn_056_003.tiff cyn_
Processed by: cbf-primus Mon Sep 24 19:02:04 2012                               
Channels from 1 to 2440                                                         
Angular axis file: /data/x33/Users2012/Cynthia.0912/aux/saxs-0/axis_saxs_2012040
BeamCenter_X:  2426.000  BeamCenter_Y:   128.000                                
Mask file (beamstop): /data/x33/Users2012/Cynthia.0912/aux/saxs-0/mask_saxs_2012
Exposure time (sec):   15.000                                                   
Pin diode (mean):       0.904                                                   
Reference frame:    1                                                           
Chi-value threshold:    1.450                                                   
 ========================================
Description:                            Buffer                                  
Sample:          Buffer  c=  0.000 mg/ml Code:        baz                       
Averaged from raw files: cyn_055_001.tiff cyn_055_002.tiff cyn_055_003.tiff cyn_
Processed by: cbf-primus Mon Sep 24 18:58:26 2012                               
Channels from 1 to 2440                                                         
Angular axis file: /data/x33/Users2012/Cynthia.0912/aux/saxs-0/axis_saxs_2012040
BeamCenter_X:  2426.000  BeamCenter_Y:   128.000                                
Mask file (beamstop): /data/x33/Users2012/Cynthia.0912/aux/saxs-0/mask_saxs_2012
Exposure time (sec):   15.000                                                   
Pin diode (mean):       0.911                                                   
Reference frame:    1                                                           
Chi-value threshold:    1.450                                                   
 ========================================
Description:                            Buffer                                  
Sample:          Buffer  c=  0.000 mg/ml Code:        baz                       
Averaged from raw files: cyn_057_001.tiff cyn_057_002.tiff cyn_057_003.tiff cyn_
Processed by: cbf-primus Mon Sep 24 19:11:16 2012                               
Channels from 1 to 2440                                                         
Angular axis file: /data/x33/Users2012/Cynthia.0912/aux/saxs-0/axis_saxs_2012040
BeamCenter_X:  2426.000  BeamCenter_Y:   128.000                                
Mask file (beamstop): /data/x33/Users2012/Cynthia.0912/aux/saxs-0/mask_saxs_2012
Exposure time (sec):   15.000                                                   
Pin diode (mean):       0.904                                                   
Reference frame:    1                                                           
Chi-value threshold:    1.450                                                   
 ========================================
