 Extrapolation to c=0 from: CD44Fv1_0101 CD44Fv1_0103 CD44Fv1_0105                                                                                                                                                                                              
CD44Fv1_0101  Conc = .50E+01  Mult = .10E+01  N1 =   10  N2 =  400  SCALE =  1
CD44Fv1_0103  Conc = .25E+01  Mult = .10E+01  N1 =   10  N2 =  400  SCALE =  1
CD44Fv1_0105  Conc = .10E+01  Mult = .83E+00  N1 =   10  N2 =  400  SCALE =  1
 0.200275E+00  0.768418E+04  0.695448E+02
 0.202909E+00  0.760593E+04  0.696195E+02
 0.205543E+00  0.771619E+04  0.687754E+02
 0.208177E+00  0.763560E+04  0.687855E+02
 0.210811E+00  0.761108E+04  0.671960E+02
 0.213445E+00  0.759089E+04  0.675450E+02
 0.216079E+00  0.750865E+04  0.669203E+02
 0.218713E+00  0.749110E+04  0.666558E+02
 0.221347E+00  0.740508E+04  0.657776E+02
 0.223981E+00  0.750789E+04  0.655678E+02
 0.226615E+00  0.747072E+04  0.655377E+02
 0.229249E+00  0.749172E+04  0.650826E+02
 0.231883E+00  0.734250E+04  0.638886E+02
 0.234517E+00  0.745652E+04  0.644851E+02
 0.237151E+00  0.736451E+04  0.632525E+02
 0.239785E+00  0.732512E+04  0.631812E+02
 0.242419E+00  0.736639E+04  0.623941E+02
 0.245053E+00  0.723380E+04  0.622758E+02
 0.247687E+00  0.720149E+04  0.621928E+02
 0.250321E+00  0.731935E+04  0.617243E+02
 0.252955E+00  0.718999E+04  0.613664E+02
 0.255589E+00  0.713115E+04  0.599600E+02
 0.258223E+00  0.708563E+04  0.599486E+02
 0.260857E+00  0.699821E+04  0.597547E+02
 0.263491E+00  0.702434E+04  0.589870E+02
 0.266125E+00  0.711516E+04  0.588992E+02
 0.268759E+00  0.700528E+04  0.582274E+02
 0.271393E+00  0.702999E+04  0.584665E+02
 0.274027E+00  0.688243E+04  0.575958E+02
 0.276661E+00  0.685262E+04  0.573489E+02
 0.279295E+00  0.676621E+04  0.572660E+02
 0.281929E+00  0.674752E+04  0.566926E+02
 0.284563E+00  0.683406E+04  0.567819E+02
 0.287197E+00  0.672568E+04  0.554543E+02
 0.289831E+00  0.674733E+04  0.554988E+02
 0.292465E+00  0.671446E+04  0.555372E+02
 0.295099E+00  0.665018E+04  0.548958E+02
 0.297733E+00  0.651657E+04  0.548746E+02
 0.300367E+00  0.659678E+04  0.536939E+02
 0.303001E+00  0.666688E+04  0.543531E+02
 0.305635E+00  0.662092E+04  0.540937E+02
 0.308269E+00  0.657331E+04  0.534698E+02
 0.310903E+00  0.659958E+04  0.534313E+02
 0.313537E+00  0.653677E+04  0.528560E+02
 0.316171E+00  0.635730E+04  0.524832E+02
 0.318805E+00  0.637911E+04  0.519584E+02
 0.321439E+00  0.638055E+04  0.516212E+02
 0.324073E+00  0.639466E+04  0.517342E+02
 0.326707E+00  0.643008E+04  0.513044E+02
 0.329341E+00  0.636255E+04  0.514424E+02
 0.331975E+00  0.637709E+04  0.508328E+02
 0.334609E+00  0.630002E+04  0.503146E+02
 0.337243E+00  0.626821E+04  0.501370E+02
 0.339877E+00  0.627011E+04  0.498831E+02
 0.342511E+00  0.619071E+04  0.494393E+02
 0.345145E+00  0.621325E+04  0.490279E+02
 0.347779E+00  0.611496E+04  0.489747E+02
 0.350413E+00  0.615914E+04  0.486275E+02
 0.353047E+00  0.618763E+04  0.484144E+02
 0.355681E+00  0.602676E+04  0.478458E+02
 0.358315E+00  0.600771E+04  0.476494E+02
 0.360949E+00  0.596498E+04  0.474201E+02
 0.363583E+00  0.595062E+04  0.472129E+02
 0.366217E+00  0.592533E+04  0.467542E+02
 0.368851E+00  0.598126E+04  0.467042E+02
 0.371485E+00  0.590391E+04  0.463414E+02
 0.374119E+00  0.589082E+04  0.464656E+02
 0.376753E+00  0.586870E+04  0.458305E+02
 0.379387E+00  0.580010E+04  0.460442E+02
 0.382021E+00  0.578259E+04  0.466585E+02
 0.384655E+00  0.580574E+04  0.476606E+02
 0.387289E+00  0.574955E+04  0.478867E+02
 0.389923E+00  0.569751E+04  0.472746E+02
 0.392557E+00  0.558656E+04  0.476450E+02
 0.395191E+00  0.561555E+04  0.478865E+02
 0.397825E+00  0.564615E+04  0.485044E+02
 0.400459E+00  0.561314E+04  0.481837E+02
 0.403093E+00  0.553625E+04  0.480577E+02
 0.405727E+00  0.546370E+04  0.484156E+02
 0.408361E+00  0.550313E+04  0.479576E+02
 0.410995E+00  0.548035E+04  0.484549E+02
 0.413629E+00  0.543809E+04  0.486511E+02
 0.416263E+00  0.538217E+04  0.478311E+02
 0.418897E+00  0.526508E+04  0.482665E+02
 0.421531E+00  0.537615E+04  0.478685E+02
 0.424165E+00  0.526581E+04  0.484707E+02
 0.426799E+00  0.526313E+04  0.482138E+02
 0.429433E+00  0.521357E+04  0.480859E+02
 0.432067E+00  0.529997E+04  0.482079E+02
 0.434701E+00  0.525701E+04  0.478411E+02
 0.437335E+00  0.516050E+04  0.465062E+02
 0.439969E+00  0.522510E+04  0.454204E+02
 0.442603E+00  0.512343E+04  0.449473E+02
 0.445237E+00  0.512195E+04  0.442506E+02
 0.447871E+00  0.505546E+04  0.434332E+02
 0.450505E+00  0.499962E+04  0.432927E+02
 0.453139E+00  0.498890E+04  0.424044E+02
 0.455773E+00  0.498611E+04  0.425252E+02
 0.458407E+00  0.501366E+04  0.424006E+02
 0.461041E+00  0.499640E+04  0.420526E+02
 0.463675E+00  0.494747E+04  0.417976E+02
 0.466309E+00  0.485224E+04  0.410423E+02
 0.468943E+00  0.491452E+04  0.410124E+02
 0.471577E+00  0.483145E+04  0.405900E+02
 0.474211E+00  0.476067E+04  0.403307E+02
 0.476845E+00  0.473968E+04  0.401771E+02
 0.479479E+00  0.474020E+04  0.399220E+02
 0.482113E+00  0.467326E+04  0.397744E+02
 0.484747E+00  0.465991E+04  0.392482E+02
 0.487381E+00  0.462782E+04  0.394395E+02
 0.490015E+00  0.460473E+04  0.387289E+02
 0.492649E+00  0.455807E+04  0.383964E+02
 0.495283E+00  0.457825E+04  0.387352E+02
 0.497917E+00  0.457433E+04  0.382269E+02
 0.500551E+00  0.449160E+04  0.380077E+02
 0.503185E+00  0.448165E+04  0.378169E+02
 0.505819E+00  0.447668E+04  0.378939E+02
 0.508453E+00  0.442277E+04  0.376183E+02
 0.511088E+00  0.443733E+04  0.369882E+02
 0.513722E+00  0.442065E+04  0.371002E+02
 0.516356E+00  0.436427E+04  0.368969E+02
 0.518990E+00  0.432909E+04  0.374882E+02
 0.521624E+00  0.431146E+04  0.374887E+02
 0.524258E+00  0.429733E+04  0.375554E+02
 0.526892E+00  0.433935E+04  0.380388E+02
 0.529526E+00  0.423621E+04  0.375756E+02
 0.532160E+00  0.419407E+04  0.375629E+02
 0.534794E+00  0.419710E+04  0.373734E+02
 0.537428E+00  0.416192E+04  0.373494E+02
 0.540062E+00  0.421016E+04  0.377418E+02
 0.542696E+00  0.415527E+04  0.371814E+02
 0.545330E+00  0.407613E+04  0.363641E+02
 0.547964E+00  0.404329E+04  0.360152E+02
 0.550598E+00  0.404424E+04  0.352749E+02
 0.553232E+00  0.403383E+04  0.351885E+02
 0.555866E+00  0.403600E+04  0.347707E+02
 0.558500E+00  0.398666E+04  0.344285E+02
 0.561134E+00  0.397109E+04  0.342137E+02
 0.563768E+00  0.387386E+04  0.339019E+02
 0.566402E+00  0.389580E+04  0.337445E+02
 0.569036E+00  0.390067E+04  0.335744E+02
 0.571670E+00  0.389999E+04  0.335522E+02
 0.574304E+00  0.387687E+04  0.333263E+02
 0.576938E+00  0.383928E+04  0.328814E+02
 0.579572E+00  0.377360E+04  0.326749E+02
 0.582206E+00  0.373620E+04  0.324998E+02
 0.584840E+00  0.367810E+04  0.321245E+02
 0.587474E+00  0.375881E+04  0.323662E+02
 0.590108E+00  0.371519E+04  0.321123E+02
 0.592742E+00  0.364667E+04  0.318693E+02
 0.595376E+00  0.363968E+04  0.316251E+02
 0.598010E+00  0.360363E+04  0.314324E+02
 0.600644E+00  0.359293E+04  0.311434E+02
 0.603278E+00  0.352699E+04  0.311057E+02
 0.605912E+00  0.351202E+04  0.308258E+02
 0.608546E+00  0.352105E+04  0.307799E+02
 0.611180E+00  0.353068E+04  0.306163E+02
 0.613814E+00  0.352441E+04  0.304103E+02
 0.616448E+00  0.351458E+04  0.303141E+02
 0.619082E+00  0.345347E+04  0.302340E+02
 0.621716E+00  0.345205E+04  0.301424E+02
 0.624350E+00  0.342752E+04  0.298965E+02
 0.626984E+00  0.338657E+04  0.296183E+02
 0.629618E+00  0.330332E+04  0.295183E+02
 0.632252E+00  0.333181E+04  0.292471E+02
 0.634886E+00  0.331497E+04  0.292092E+02
 0.637520E+00  0.327645E+04  0.289108E+02
 0.640154E+00  0.328643E+04  0.288695E+02
 0.642788E+00  0.323119E+04  0.285668E+02
 0.645422E+00  0.320003E+04  0.283335E+02
 0.648056E+00  0.326909E+04  0.284016E+02
 0.650690E+00  0.319189E+04  0.280117E+02
 0.653324E+00  0.316400E+04  0.280102E+02
 0.655958E+00  0.314770E+04  0.276303E+02
 0.658592E+00  0.315299E+04  0.275923E+02
 0.661226E+00  0.309970E+04  0.273957E+02
 0.663860E+00  0.307237E+04  0.271444E+02
 0.666494E+00  0.308273E+04  0.271982E+02
 0.669128E+00  0.304967E+04  0.268476E+02
 0.671762E+00  0.303764E+04  0.270618E+02
 0.674396E+00  0.301593E+04  0.268417E+02
 0.677030E+00  0.298991E+04  0.266526E+02
 0.679664E+00  0.297547E+04  0.266031E+02
 0.682298E+00  0.293950E+04  0.263923E+02
 0.684932E+00  0.291097E+04  0.264402E+02
 0.687566E+00  0.293289E+04  0.262606E+02
 0.690200E+00  0.290311E+04  0.260897E+02
 0.692834E+00  0.286824E+04  0.260806E+02
 0.695468E+00  0.283051E+04  0.258058E+02
 0.698102E+00  0.284857E+04  0.257742E+02
 0.700736E+00  0.283916E+04  0.255536E+02
 0.703370E+00  0.280901E+04  0.257202E+02
 0.706004E+00  0.280714E+04  0.254630E+02
 0.708638E+00  0.275624E+04  0.252328E+02
 0.711272E+00  0.276220E+04  0.252190E+02
 0.713906E+00  0.277070E+04  0.249533E+02
 0.716540E+00  0.271487E+04  0.249541E+02
 0.719174E+00  0.267791E+04  0.248111E+02
 0.721808E+00  0.268252E+04  0.247036E+02
 0.724442E+00  0.264521E+04  0.244567E+02
 0.727076E+00  0.265541E+04  0.244080E+02
 0.729710E+00  0.262371E+04  0.241813E+02
 0.732344E+00  0.261646E+04  0.240835E+02
 0.734978E+00  0.260957E+04  0.239395E+02
 0.737612E+00  0.256061E+04  0.239804E+02
 0.740246E+00  0.252449E+04  0.236010E+02
 0.742880E+00  0.250367E+04  0.236797E+02
 0.745514E+00  0.251120E+04  0.235045E+02
 0.748148E+00  0.246143E+04  0.234956E+02
 0.750782E+00  0.251994E+04  0.236263E+02
 0.753416E+00  0.247230E+04  0.234383E+02
 0.756050E+00  0.243647E+04  0.232596E+02
 0.758684E+00  0.243482E+04  0.231322E+02
 0.761318E+00  0.241547E+04  0.232290E+02
 0.763952E+00  0.244394E+04  0.231384E+02
 0.766586E+00  0.239614E+04  0.231091E+02
 0.769220E+00  0.238762E+04  0.229019E+02
 0.771854E+00  0.238315E+04  0.228023E+02
 0.774488E+00  0.237242E+04  0.229012E+02
 0.777122E+00  0.234002E+04  0.227926E+02
 0.779756E+00  0.233596E+04  0.230859E+02
 0.782390E+00  0.228763E+04  0.234108E+02
 0.785024E+00  0.229169E+04  0.235760E+02
 0.787658E+00  0.228690E+04  0.238081E+02
 0.790292E+00  0.229036E+04  0.236668E+02
 0.792926E+00  0.224279E+04  0.236993E+02
 0.795560E+00  0.222162E+04  0.236585E+02
 0.798194E+00  0.220374E+04  0.237447E+02
 0.800828E+00  0.217881E+04  0.237597E+02
 0.803462E+00  0.216061E+04  0.235919E+02
 0.806096E+00  0.213112E+04  0.235397E+02
 0.808730E+00  0.211071E+04  0.231592E+02
 0.811364E+00  0.209446E+04  0.227332E+02
 0.813998E+00  0.211400E+04  0.224797E+02
 0.816632E+00  0.209858E+04  0.223774E+02
 0.819266E+00  0.208054E+04  0.222744E+02
 0.821900E+00  0.205278E+04  0.219971E+02
 0.824534E+00  0.205246E+04  0.219265E+02
 0.827168E+00  0.202412E+04  0.218322E+02
 0.829802E+00  0.201948E+04  0.218008E+02
 0.832436E+00  0.199346E+04  0.217140E+02
 0.835070E+00  0.198852E+04  0.215964E+02
 0.837704E+00  0.198754E+04  0.215760E+02
 0.840338E+00  0.196383E+04  0.215017E+02
 0.842972E+00  0.193531E+04  0.213737E+02
 0.845606E+00  0.193484E+04  0.213162E+02
 0.848240E+00  0.191627E+04  0.212949E+02
 0.850874E+00  0.190809E+04  0.212735E+02
 0.853508E+00  0.189541E+04  0.211614E+02
 0.856142E+00  0.187013E+04  0.210927E+02
 0.858776E+00  0.186058E+04  0.210127E+02
 0.861410E+00  0.184776E+04  0.209594E+02
 0.864044E+00  0.185107E+04  0.209881E+02
 0.866678E+00  0.183108E+04  0.208245E+02
 0.869312E+00  0.181009E+04  0.206835E+02
 0.871946E+00  0.179605E+04  0.206208E+02
 0.874580E+00  0.179766E+04  0.206022E+02
 0.877214E+00  0.177262E+04  0.204459E+02
 0.879849E+00  0.176979E+04  0.204417E+02
 0.882483E+00  0.174638E+04  0.203686E+02
 0.885117E+00  0.174153E+04  0.203272E+02
 0.887751E+00  0.173047E+04  0.202485E+02
 0.890385E+00  0.172269E+04  0.202192E+02
 0.893019E+00  0.171656E+04  0.202130E+02
 0.895653E+00  0.170896E+04  0.200790E+02
 0.898287E+00  0.168679E+04  0.200040E+02
 0.900921E+00  0.165082E+04  0.199672E+02
 0.903555E+00  0.164082E+04  0.200451E+02
 0.906189E+00  0.162580E+04  0.200605E+02
 0.908823E+00  0.160438E+04  0.199893E+02
 0.911457E+00  0.160143E+04  0.199829E+02
 0.914091E+00  0.159395E+04  0.199352E+02
 0.916725E+00  0.157620E+04  0.198922E+02
 0.919359E+00  0.157047E+04  0.198679E+02
 0.921993E+00  0.158231E+04  0.198096E+02
 0.924627E+00  0.155853E+04  0.197766E+02
 0.927261E+00  0.153819E+04  0.197300E+02
 0.929895E+00  0.152819E+04  0.197789E+02
 0.932529E+00  0.151668E+04  0.196798E+02
 0.935163E+00  0.150904E+04  0.195877E+02
 0.937797E+00  0.150349E+04  0.199009E+02
 0.940431E+00  0.148784E+04  0.200582E+02
 0.943065E+00  0.147774E+04  0.202879E+02
 0.945699E+00  0.146182E+04  0.203979E+02
 0.948333E+00  0.141883E+04  0.204656E+02
 0.950967E+00  0.141322E+04  0.206351E+02
 0.953601E+00  0.142771E+04  0.206569E+02
 0.956235E+00  0.140438E+04  0.207597E+02
 0.958869E+00  0.139942E+04  0.208075E+02
 0.961503E+00  0.138827E+04  0.209230E+02
 0.964137E+00  0.139889E+04  0.210655E+02
 0.966771E+00  0.139902E+04  0.209852E+02
 0.969405E+00  0.139452E+04  0.211542E+02
 0.972039E+00  0.137070E+04  0.211314E+02
 0.974673E+00  0.134350E+04  0.212350E+02
 0.977307E+00  0.131357E+04  0.211352E+02
 0.979941E+00  0.132719E+04  0.212216E+02
 0.982575E+00  0.132273E+04  0.212841E+02
 0.985209E+00  0.129802E+04  0.212420E+02
 0.987843E+00  0.127775E+04  0.212550E+02
 0.990477E+00  0.129199E+04  0.214262E+02
 0.993111E+00  0.130053E+04  0.212004E+02
 0.995745E+00  0.127777E+04  0.208401E+02
 0.998379E+00  0.127035E+04  0.205800E+02
 0.100101E+01  0.126764E+04  0.204241E+02
 0.100365E+01  0.125649E+04  0.202501E+02
 0.100628E+01  0.123216E+04  0.202500E+02
 0.100891E+01  0.123313E+04  0.201916E+02
 0.101155E+01  0.121340E+04  0.200587E+02
 0.101418E+01  0.120145E+04  0.199835E+02
 0.101682E+01  0.116463E+04  0.198896E+02
 0.101945E+01  0.115617E+04  0.199096E+02
 0.102208E+01  0.116891E+04  0.196913E+02
 0.102472E+01  0.116859E+04  0.198758E+02
 0.102735E+01  0.117247E+04  0.197457E+02
 0.102999E+01  0.114994E+04  0.196753E+02
 0.103262E+01  0.114014E+04  0.197024E+02
 0.103525E+01  0.108902E+04  0.194499E+02
 0.103789E+01  0.109159E+04  0.195731E+02
 0.104052E+01  0.109084E+04  0.195536E+02
 0.104316E+01  0.107960E+04  0.194626E+02
 0.104579E+01  0.109927E+04  0.195020E+02
 0.104842E+01  0.106855E+04  0.193678E+02
 0.105106E+01  0.106426E+04  0.194364E+02
 0.105369E+01  0.105951E+04  0.194057E+02
 0.105633E+01  0.103800E+04  0.193836E+02
 0.105896E+01  0.103802E+04  0.194013E+02
 0.106159E+01  0.102668E+04  0.191989E+02
 0.106423E+01  0.102320E+04  0.193371E+02
 0.106686E+01  0.100380E+04  0.190878E+02
 0.106950E+01  0.990102E+03  0.192783E+02
 0.107213E+01  0.103037E+04  0.192744E+02
 0.107477E+01  0.100398E+04  0.191758E+02
 0.107740E+01  0.100579E+04  0.192809E+02
 0.108003E+01  0.984103E+03  0.191131E+02
 0.108267E+01  0.961280E+03  0.191815E+02
 0.108267E+01  0.961280E+03  0.191815E+02
 0.108530E+01  0.957736E+03  0.189873E+02
 0.108794E+01  0.990267E+03  0.190738E+02
 0.109057E+01  0.954826E+03  0.190653E+02
 0.109320E+01  0.916372E+03  0.188066E+02
 0.109584E+01  0.914966E+03  0.189304E+02
 0.109847E+01  0.920803E+03  0.187059E+02
 0.110111E+01  0.908923E+03  0.187101E+02
 0.110374E+01  0.911899E+03  0.186482E+02
 0.110637E+01  0.900479E+03  0.185544E+02
 0.110901E+01  0.892472E+03  0.185568E+02
 0.111164E+01  0.871328E+03  0.183000E+02
 0.111428E+01  0.867013E+03  0.183860E+02
 0.111691E+01  0.859507E+03  0.184145E+02
 0.111954E+01  0.890902E+03  0.184025E+02
 0.112218E+01  0.883967E+03  0.183784E+02
 0.112481E+01  0.894169E+03  0.183962E+02
 0.112745E+01  0.875641E+03  0.183927E+02
 0.113008E+01  0.844360E+03  0.181838E+02
 0.113271E+01  0.869221E+03  0.182298E+02
 0.113535E+01  0.828857E+03  0.181354E+02
 0.113798E+01  0.839813E+03  0.180194E+02
 0.114062E+01  0.817145E+03  0.181255E+02
 0.114325E+01  0.813912E+03  0.180089E+02
 0.114588E+01  0.830874E+03  0.179738E+02
 0.114852E+01  0.811347E+03  0.179269E+02
 0.115115E+01  0.811768E+03  0.178346E+02
 0.115379E+01  0.779541E+03  0.178999E+02
 0.115642E+01  0.776397E+03  0.176018E+02
 0.115905E+01  0.791956E+03  0.176538E+02
 0.116169E+01  0.801291E+03  0.176838E+02
 0.116432E+01  0.766224E+03  0.176104E+02
 0.116696E+01  0.746393E+03  0.176014E+02
 0.116959E+01  0.740824E+03  0.174117E+02
 0.117222E+01  0.732679E+03  0.173596E+02
 0.117486E+01  0.758605E+03  0.174188E+02
 0.117749E+01  0.747829E+03  0.173451E+02
 0.118013E+01  0.767835E+03  0.173713E+02
 0.118276E+01  0.737833E+03  0.172707E+02
 0.118539E+01  0.705489E+03  0.172933E+02
 0.118803E+01  0.688273E+03  0.171407E+02
 0.119066E+01  0.703063E+03  0.170598E+02
 0.119330E+01  0.710873E+03  0.170986E+02
 0.119593E+01  0.692199E+03  0.170406E+02
 0.119856E+01  0.684356E+03  0.170131E+02
 0.120120E+01  0.705421E+03  0.169107E+02
 0.120383E+01  0.678577E+03  0.168688E+02
 0.120647E+01  0.656508E+03  0.167838E+02
 0.120910E+01  0.664133E+03  0.168267E+02
 0.121173E+01  0.691823E+03  0.168862E+02
 0.121437E+01  0.684668E+03  0.167821E+02
 0.121700E+01  0.658432E+03  0.167493E+02
 0.121964E+01  0.644694E+03  0.166145E+02
 0.122227E+01  0.640549E+03  0.166112E+02
 0.122490E+01  0.632577E+03  0.164999E+02
 0.122754E+01  0.618485E+03  0.164343E+02
 0.123017E+01  0.605799E+03  0.164146E+02
 0.123281E+01  0.628923E+03  0.163410E+02
 0.123544E+01  0.612985E+03  0.162802E+02
 0.123807E+01  0.623541E+03  0.163023E+02
 0.124071E+01  0.612856E+03  0.162434E+02
 0.124334E+01  0.603458E+03  0.161900E+02
 0.124598E+01  0.615454E+03  0.161625E+02
 0.124861E+01  0.628506E+03  0.163047E+02
 0.125124E+01  0.594530E+03  0.160783E+02
 0.125388E+01  0.591265E+03  0.161138E+02
 0.125651E+01  0.579215E+03  0.160082E+02
 0.125915E+01  0.573039E+03  0.160480E+02
 0.126178E+01  0.556682E+03  0.159497E+02
 0.126441E+01  0.556985E+03  0.158583E+02
 0.126705E+01  0.568535E+03  0.159345E+02
 0.126968E+01  0.576880E+03  0.159264E+02
 0.127232E+01  0.559818E+03  0.158820E+02
 0.127495E+01  0.563145E+03  0.159684E+02
 0.127758E+01  0.549699E+03  0.157659E+02
 0.128022E+01  0.545404E+03  0.158943E+02
 0.128285E+01  0.560047E+03  0.157512E+02
 0.128549E+01  0.550777E+03  0.158156E+02
 0.128812E+01  0.551437E+03  0.157591E+02
 0.129075E+01  0.539811E+03  0.155803E+02
 0.129339E+01  0.524531E+03  0.156807E+02
 0.129602E+01  0.535589E+03  0.156145E+02
 0.129866E+01  0.530098E+03  0.155825E+02
 0.130129E+01  0.501202E+03  0.154500E+02
 0.130392E+01  0.492770E+03  0.154165E+02
 0.130656E+01  0.497728E+03  0.155056E+02
 0.130919E+01  0.507760E+03  0.153739E+02
 0.131183E+01  0.509145E+03  0.154455E+02
 0.131446E+01  0.507808E+03  0.154436E+02
 0.131709E+01  0.485466E+03  0.152668E+02
 0.131973E+01  0.494732E+03  0.154501E+02
 0.132236E+01  0.491388E+03  0.152269E+02
 0.132500E+01  0.501865E+03  0.153077E+02
 0.132763E+01  0.488735E+03  0.153094E+02
 0.133026E+01  0.481187E+03  0.152171E+02
 0.133290E+01  0.477059E+03  0.152793E+02
 0.133553E+01  0.482856E+03  0.150831E+02
 0.133817E+01  0.462232E+03  0.150757E+02
 0.134080E+01  0.459733E+03  0.150877E+02
 0.134343E+01  0.437067E+03  0.149458E+02
 0.134607E+01  0.471005E+03  0.150900E+02
 0.134870E+01  0.452586E+03  0.150088E+02
 0.135134E+01  0.444292E+03  0.149395E+02
 0.135397E+01  0.447908E+03  0.149091E+02
 0.135660E+01  0.444338E+03  0.148724E+02
 0.135924E+01  0.432891E+03  0.149568E+02
 0.136187E+01  0.442951E+03  0.148510E+02
 0.136451E+01  0.439300E+03  0.148918E+02
 0.136714E+01  0.430104E+03  0.148152E+02
 0.136977E+01  0.430885E+03  0.147006E+02
 0.137241E+01  0.433673E+03  0.148612E+02
 0.137504E+01  0.418139E+03  0.147719E+02
 0.137768E+01  0.419912E+03  0.147347E+02
 0.138031E+01  0.433195E+03  0.146722E+02
 0.138294E+01  0.423096E+03  0.145982E+02
 0.138558E+01  0.399642E+03  0.145763E+02
 0.138821E+01  0.415194E+03  0.145971E+02
 0.139085E+01  0.425594E+03  0.145316E+02
 0.139348E+01  0.403082E+03  0.145852E+02
 0.139611E+01  0.385717E+03  0.144835E+02
 0.139875E+01  0.397236E+03  0.145599E+02
 0.140138E+01  0.387420E+03  0.144257E+02
 0.140402E+01  0.396947E+03  0.143909E+02
 0.140665E+01  0.391184E+03  0.144603E+02
 0.140928E+01  0.390887E+03  0.143659E+02
 0.141192E+01  0.386948E+03  0.143774E+02
 0.141455E+01  0.384067E+03  0.143346E+02
 0.141719E+01  0.384913E+03  0.142769E+02
 0.141982E+01  0.369012E+03  0.143519E+02
 0.142245E+01  0.366892E+03  0.141613E+02
 0.142509E+01  0.367203E+03  0.142574E+02
 0.142772E+01  0.353698E+03  0.141986E+02
 0.143036E+01  0.362427E+03  0.142257E+02
 0.143299E+01  0.349281E+03  0.141846E+02
 0.143562E+01  0.340272E+03  0.140286E+02
 0.143826E+01  0.341463E+03  0.141577E+02
 0.144089E+01  0.358786E+03  0.141032E+02
 0.144353E+01  0.344675E+03  0.140633E+02
 0.144616E+01  0.343935E+03  0.141733E+02
 0.144879E+01  0.342683E+03  0.139967E+02
 0.145143E+01  0.340827E+03  0.140327E+02
 0.145406E+01  0.339578E+03  0.139570E+02
 0.145670E+01  0.333472E+03  0.139404E+02
 0.145933E+01  0.334424E+03  0.139935E+02
 0.146196E+01  0.336180E+03  0.138638E+02
 0.146460E+01  0.330968E+03  0.140293E+02
 0.146723E+01  0.331672E+03  0.138525E+02
 0.146987E+01  0.330255E+03  0.138781E+02
 0.147250E+01  0.313346E+03  0.138612E+02
 0.147513E+01  0.311804E+03  0.137588E+02
 0.147777E+01  0.315445E+03  0.139669E+02
 0.148040E+01  0.312476E+03  0.137687E+02
 0.148304E+01  0.311844E+03  0.137679E+02
 0.148567E+01  0.318327E+03  0.138192E+02
 0.148830E+01  0.324038E+03  0.137294E+02
 0.149094E+01  0.306217E+03  0.137336E+02
 0.149357E+01  0.318384E+03  0.136596E+02
 0.149621E+01  0.296160E+03  0.139652E+02
 0.149884E+01  0.308179E+03  0.141041E+02
 0.150147E+01  0.303996E+03  0.140578E+02
 0.150411E+01  0.306998E+03  0.142608E+02
 0.150674E+01  0.284686E+03  0.141966E+02
 0.150938E+01  0.298561E+03  0.143634E+02
 0.151201E+01  0.292444E+03  0.143029E+02
 0.151464E+01  0.286943E+03  0.144155E+02
 0.151728E+01  0.309686E+03  0.145058E+02
 0.151991E+01  0.302742E+03  0.144237E+02
 0.152255E+01  0.290824E+03  0.145478E+02
 0.152518E+01  0.299471E+03  0.145555E+02
 0.152781E+01  0.304735E+03  0.146471E+02
 0.153045E+01  0.253978E+03  0.145368E+02
 0.153308E+01  0.274098E+03  0.146024E+02
 0.153572E+01  0.272235E+03  0.147008E+02
 0.153835E+01  0.268832E+03  0.146616E+02
 0.154098E+01  0.274761E+03  0.147008E+02
 0.154362E+01  0.264865E+03  0.147089E+02
 0.154625E+01  0.264935E+03  0.146845E+02
 0.154889E+01  0.255735E+03  0.147329E+02
 0.155152E+01  0.252634E+03  0.144796E+02
 0.155415E+01  0.284792E+03  0.144051E+02
 0.155679E+01  0.277665E+03  0.142438E+02
 0.155942E+01  0.258743E+03  0.141601E+02
 0.156206E+01  0.245511E+03  0.140855E+02
 0.156469E+01  0.244137E+03  0.140364E+02
 0.156732E+01  0.262306E+03  0.140151E+02
 0.156996E+01  0.261662E+03  0.139285E+02
 0.157259E+01  0.240068E+03  0.139302E+02
 0.157523E+01  0.226512E+03  0.138323E+02
 0.157786E+01  0.251071E+03  0.138945E+02
 0.158049E+01  0.258892E+03  0.137663E+02
 0.158313E+01  0.238837E+03  0.137205E+02
 0.158576E+01  0.249612E+03  0.137443E+02
 0.158840E+01  0.236782E+03  0.135965E+02
 0.159103E+01  0.243694E+03  0.136382E+02
 0.159366E+01  0.234433E+03  0.136230E+02
 0.159630E+01  0.228088E+03  0.135643E+02
 0.159893E+01  0.232831E+03  0.135432E+02
 0.160157E+01  0.227123E+03  0.134869E+02
 0.160420E+01  0.225101E+03  0.135183E+02
 0.160683E+01  0.209110E+03  0.134422E+02
 0.160947E+01  0.211513E+03  0.134502E+02
 0.161210E+01  0.211969E+03  0.134308E+02
 0.161474E+01  0.200290E+03  0.133641E+02
 0.161737E+01  0.226473E+03  0.134903E+02
 0.162000E+01  0.224274E+03  0.133722E+02
 0.162264E+01  0.225388E+03  0.134233E+02
 0.162527E+01  0.224847E+03  0.133604E+02
 0.162791E+01  0.209422E+03  0.133516E+02
 0.163054E+01  0.197879E+03  0.133076E+02
 0.163317E+01  0.204478E+03  0.133111E+02
 0.163581E+01  0.211679E+03  0.133680E+02
 0.163844E+01  0.216823E+03  0.132774E+02
 0.164108E+01  0.200013E+03  0.132778E+02
 0.164371E+01  0.203940E+03  0.132738E+02
 0.164634E+01  0.211212E+03  0.131768E+02
 0.164898E+01  0.206286E+03  0.132862E+02
 0.165161E+01  0.204291E+03  0.131773E+02
 0.165425E+01  0.209767E+03  0.132631E+02
 0.165688E+01  0.185613E+03  0.132042E+02
 0.165951E+01  0.176304E+03  0.130590E+02
 0.166215E+01  0.199164E+03  0.132197E+02
 0.166478E+01  0.193900E+03  0.131242E+02
 0.166742E+01  0.195091E+03  0.131877E+02
 0.167005E+01  0.209425E+03  0.131302E+02
 0.167268E+01  0.193174E+03  0.130550E+02
 0.167532E+01  0.187711E+03  0.131670E+02
 0.167795E+01  0.208646E+03  0.131260E+02
 0.168059E+01  0.174120E+03  0.130348E+02
 0.168322E+01  0.185906E+03  0.130134E+02
 0.168585E+01  0.195007E+03  0.129738E+02
 0.168849E+01  0.189454E+03  0.130243E+02
 0.169112E+01  0.187429E+03  0.129375E+02
 0.169376E+01  0.181362E+03  0.129948E+02
 0.169639E+01  0.163622E+03  0.128362E+02
 0.169902E+01  0.184435E+03  0.128642E+02
 0.170166E+01  0.179813E+03  0.129224E+02
 0.170429E+01  0.182173E+03  0.128809E+02
 0.170693E+01  0.188473E+03  0.129613E+02
 0.170956E+01  0.187352E+03  0.128712E+02
 0.171219E+01  0.170938E+03  0.128506E+02
 0.171483E+01  0.163163E+03  0.127434E+02
 0.171746E+01  0.170465E+03  0.127565E+02
 0.172010E+01  0.150517E+03  0.127901E+02
 0.172273E+01  0.152046E+03  0.127595E+02
 0.172536E+01  0.157076E+03  0.127693E+02
 0.172800E+01  0.166086E+03  0.127177E+02
 0.173063E+01  0.166879E+03  0.127364E+02
 0.173327E+01  0.166498E+03  0.127798E+02
 0.173590E+01  0.162267E+03  0.127232E+02
 0.173853E+01  0.143247E+03  0.127317E+02
 0.174117E+01  0.156037E+03  0.126917E+02
 0.174380E+01  0.170719E+03  0.126541E+02
 0.174644E+01  0.157080E+03  0.126940E+02
 0.174907E+01  0.162529E+03  0.126729E+02
 0.175170E+01  0.140448E+03  0.126550E+02
 0.175434E+01  0.150467E+03  0.126572E+02
 0.175697E+01  0.128638E+03  0.126036E+02
 0.175961E+01  0.132940E+03  0.126009E+02
 0.176224E+01  0.134917E+03  0.126137E+02
 0.176487E+01  0.142354E+03  0.125834E+02
 0.176751E+01  0.142235E+03  0.126051E+02
 0.177014E+01  0.149296E+03  0.126192E+02
 0.177278E+01  0.146401E+03  0.126699E+02
 0.177541E+01  0.144320E+03  0.125909E+02
 0.177804E+01  0.152853E+03  0.125118E+02
 0.178068E+01  0.145899E+03  0.125358E+02
 0.178331E+01  0.126703E+03  0.125179E+02
 0.178595E+01  0.114905E+03  0.124990E+02
 0.178858E+01  0.143301E+03  0.125839E+02
 0.179121E+01  0.135942E+03  0.124974E+02
 0.179385E+01  0.133187E+03  0.125250E+02
 0.179648E+01  0.137899E+03  0.124589E+02
 0.179912E+01  0.146979E+03  0.124875E+02
 0.180175E+01  0.127393E+03  0.124771E+02
 0.180439E+01  0.130639E+03  0.124257E+02
 0.180702E+01  0.135454E+03  0.124690E+02
 0.180965E+01  0.127477E+03  0.123501E+02
 0.181229E+01  0.128110E+03  0.124259E+02
 0.181492E+01  0.115993E+03  0.123474E+02
 0.181756E+01  0.127443E+03  0.123406E+02
 0.182019E+01  0.115749E+03  0.123899E+02
 0.182282E+01  0.110001E+03  0.123348E+02
 0.182546E+01  0.130176E+03  0.124128E+02
 0.182809E+01  0.127474E+03  0.124295E+02
 0.183073E+01  0.120272E+03  0.123339E+02
 0.183336E+01  0.135735E+03  0.124659E+02
 0.183599E+01  0.141859E+03  0.122974E+02
 0.183863E+01  0.128267E+03  0.124316E+02
 0.184126E+01  0.133036E+03  0.123394E+02
 0.184390E+01  0.117431E+03  0.123036E+02
 0.184653E+01  0.102876E+03  0.123599E+02
 0.184916E+01  0.104757E+03  0.122779E+02
 0.185180E+01  0.113498E+03  0.124138E+02
 0.185443E+01  0.124669E+03  0.123905E+02
 0.185707E+01  0.823992E+02  0.122542E+02
 0.185970E+01  0.898012E+02  0.122593E+02
 0.186233E+01  0.103123E+03  0.122430E+02
 0.186497E+01  0.101884E+03  0.123639E+02
 0.186760E+01  0.113415E+03  0.122756E+02
 0.187024E+01  0.103502E+03  0.122463E+02
 0.187287E+01  0.119879E+03  0.124128E+02
 0.187550E+01  0.113444E+03  0.122733E+02
 0.187814E+01  0.109672E+03  0.123096E+02
 0.188077E+01  0.115507E+03  0.122878E+02
 0.188341E+01  0.100759E+03  0.123112E+02
 0.188604E+01  0.106933E+03  0.123078E+02
 0.188867E+01  0.100021E+03  0.122621E+02
 0.189131E+01  0.826544E+02  0.123369E+02
 0.189394E+01  0.106610E+03  0.122454E+02
 0.189658E+01  0.109782E+03  0.123533E+02
 0.189921E+01  0.973342E+02  0.123899E+02
 0.190184E+01  0.970416E+02  0.122872E+02
 0.190448E+01  0.904244E+02  0.123172E+02
 0.190711E+01  0.826938E+02  0.121700E+02
 0.190975E+01  0.100251E+03  0.123676E+02
 0.191238E+01  0.111957E+03  0.122824E+02
 0.191501E+01  0.985050E+02  0.122516E+02
 0.191765E+01  0.951594E+02  0.124065E+02
 0.192028E+01  0.757422E+02  0.122497E+02
 0.192292E+01  0.100015E+03  0.123674E+02
 0.192555E+01  0.924010E+02  0.122934E+02
 0.192818E+01  0.945124E+02  0.122970E+02
 0.193082E+01  0.102396E+03  0.123755E+02
 0.193345E+01  0.915390E+02  0.123131E+02
 0.193609E+01  0.978738E+02  0.123829E+02
 0.193872E+01  0.100916E+03  0.123326E+02
 0.194135E+01  0.103872E+03  0.123218E+02
 0.194399E+01  0.106106E+03  0.123227E+02
 0.194662E+01  0.821580E+02  0.122558E+02
 0.194926E+01  0.853842E+02  0.123230E+02
 0.195189E+01  0.100924E+03  0.123625E+02
 0.195452E+01  0.755454E+02  0.122404E+02
 0.195716E+01  0.856922E+02  0.122921E+02
 0.195979E+01  0.835746E+02  0.122344E+02
 0.196243E+01  0.742354E+02  0.122578E+02
 0.196506E+01  0.716862E+02  0.122697E+02
 0.196769E+01  0.869976E+02  0.123211E+02
 0.197033E+01  0.108317E+03  0.122935E+02
 0.197296E+01  0.723634E+02  0.122247E+02
 0.197560E+01  0.767812E+02  0.122774E+02
 0.197823E+01  0.791062E+02  0.123328E+02
 0.198086E+01  0.807530E+02  0.122868E+02
 0.198350E+01  0.773576E+02  0.123167E+02
 0.198613E+01  0.780558E+02  0.123447E+02
 0.198877E+01  0.772608E+02  0.123186E+02
 0.199140E+01  0.701514E+02  0.122510E+02
 0.199403E+01  0.833162E+02  0.122623E+02
 0.199667E+01  0.985534E+02  0.123299E+02
 0.199930E+01  0.836590E+02  0.123436E+02
 0.200194E+01  0.733700E+02  0.122826E+02
 0.200457E+01  0.648506E+02  0.122957E+02
 0.200720E+01  0.553570E+02  0.121931E+02
 0.200984E+01  0.637550E+02  0.122314E+02
 0.201247E+01  0.572372E+02  0.122830E+02
 0.201511E+01  0.529072E+02  0.122223E+02
 0.201774E+01  0.863732E+02  0.123819E+02
 0.202037E+01  0.886844E+02  0.122338E+02
 0.202301E+01  0.785716E+02  0.122772E+02
 0.202564E+01  0.641272E+02  0.122735E+02
 0.202828E+01  0.761518E+02  0.122855E+02
 0.203091E+01  0.884528E+02  0.123495E+02
 0.203354E+01  0.770102E+02  0.122411E+02
 0.203618E+01  0.784846E+02  0.122726E+02
 0.203881E+01  0.836458E+02  0.121674E+02
 0.204145E+01  0.828384E+02  0.122078E+02
 0.204408E+01  0.725758E+02  0.122689E+02
 0.204671E+01  0.713716E+02  0.121651E+02
 0.204935E+01  0.673512E+02  0.122662E+02
 0.205198E+01  0.753806E+02  0.122384E+02
 0.205462E+01  0.578868E+02  0.123897E+02
 0.205725E+01  0.788980E+02  0.126116E+02
 0.205988E+01  0.803756E+02  0.125849E+02
 0.206252E+01  0.899610E+02  0.128407E+02
 0.206515E+01  0.696754E+02  0.127277E+02
 0.206779E+01  0.679452E+02  0.128811E+02
 0.207042E+01  0.731158E+02  0.129327E+02
 0.207305E+01  0.619890E+02  0.128784E+02
 0.207569E+01  0.760692E+02  0.130749E+02
 0.207832E+01  0.779868E+02  0.130730E+02
 0.208096E+01  0.533286E+02  0.130986E+02
 0.208359E+01  0.709198E+02  0.131652E+02
 0.208622E+01  0.639324E+02  0.131812E+02
 0.208886E+01  0.723556E+02  0.133052E+02
 0.209149E+01  0.791588E+02  0.132967E+02
 0.209413E+01  0.637212E+02  0.134000E+02
 0.209676E+01  0.570376E+02  0.133227E+02
 0.209939E+01  0.546984E+02  0.133792E+02
 0.210203E+01  0.602136E+02  0.134209E+02
 0.210466E+01  0.680570E+02  0.133636E+02
 0.210730E+01  0.615564E+02  0.135441E+02
 0.210993E+01  0.668442E+02  0.132655E+02
 0.211256E+01  0.701124E+02  0.132160E+02
 0.211520E+01  0.611346E+02  0.131092E+02
 0.211783E+01  0.578876E+02  0.128467E+02
 0.212047E+01  0.559376E+02  0.128635E+02
 0.212310E+01  0.503966E+02  0.128680E+02
 0.212573E+01  0.594570E+02  0.127844E+02
 0.212837E+01  0.766344E+02  0.128665E+02
 0.213100E+01  0.644900E+02  0.128316E+02
 0.213364E+01  0.655060E+02  0.128051E+02
 0.213627E+01  0.593808E+02  0.127363E+02
 0.213890E+01  0.609546E+02  0.127127E+02
 0.214154E+01  0.741262E+02  0.129319E+02
 0.214417E+01  0.711896E+02  0.128226E+02
 0.214681E+01  0.700410E+02  0.128355E+02
 0.214944E+01  0.525444E+02  0.126785E+02
 0.215207E+01  0.493934E+02  0.127004E+02
 0.215471E+01  0.585580E+02  0.127618E+02
 0.215734E+01  0.799654E+02  0.127528E+02
 0.215998E+01  0.697398E+02  0.127734E+02
 0.216261E+01  0.623252E+02  0.127604E+02
 0.216524E+01  0.574984E+02  0.127543E+02
 0.216788E+01  0.386912E+02  0.127862E+02
 0.217051E+01  0.328700E+02  0.126614E+02
 0.217315E+01  0.313934E+02  0.127345E+02
 0.217578E+01  0.492072E+02  0.127635E+02
 0.217841E+01  0.428714E+02  0.127883E+02
 0.218105E+01  0.551468E+02  0.127838E+02
 0.218368E+01  0.391826E+02  0.127164E+02
 0.218632E+01  0.602184E+02  0.128253E+02
 0.218895E+01  0.520482E+02  0.128879E+02
 0.219158E+01  0.504646E+02  0.127913E+02
 0.219422E+01  0.503740E+02  0.128283E+02
 0.219685E+01  0.416802E+02  0.127294E+02
 0.219949E+01  0.428858E+02  0.127431E+02
 0.220212E+01  0.572698E+02  0.127820E+02
 0.220475E+01  0.495512E+02  0.126845E+02
 0.220739E+01  0.475072E+02  0.127891E+02
 0.221002E+01  0.360510E+02  0.127408E+02
 0.221266E+01  0.560154E+02  0.127650E+02
 0.221529E+01  0.569874E+02  0.127724E+02
 0.221792E+01  0.510950E+02  0.126721E+02
 0.222056E+01  0.309572E+02  0.127741E+02
 0.222319E+01  0.448042E+02  0.127718E+02
 0.222583E+01  0.509932E+02  0.127538E+02
 0.222846E+01  0.450706E+02  0.127748E+02
 0.223109E+01  0.495794E+02  0.126981E+02
 0.223373E+01  0.352224E+02  0.127894E+02
 0.223636E+01  0.475456E+02  0.127127E+02
 0.223900E+01  0.482938E+02  0.127853E+02
 0.224163E+01  0.577792E+02  0.128356E+02
 0.224426E+01  0.515158E+02  0.127786E+02
 0.224690E+01  0.595774E+02  0.128852E+02
 0.224953E+01  0.420238E+02  0.127759E+02
 0.225217E+01  0.375478E+02  0.128886E+02
 0.225480E+01  0.468898E+02  0.129065E+02
 0.225743E+01  0.540278E+02  0.128079E+02
 0.226007E+01  0.544054E+02  0.129492E+02
 0.226270E+01  0.542068E+02  0.127942E+02
 0.226534E+01  0.493320E+02  0.128548E+02
 0.226797E+01  0.612048E+02  0.128957E+02
 0.227060E+01  0.543140E+02  0.127760E+02
 0.227324E+01  0.412408E+02  0.128855E+02
 0.227587E+01  0.254308E+02  0.127303E+02
 0.227851E+01  0.416794E+02  0.129048E+02
 0.228114E+01  0.382926E+02  0.128200E+02
 0.228377E+01  0.484816E+02  0.128172E+02
 0.228641E+01  0.322134E+02  0.128384E+02
 0.228904E+01  0.417526E+02  0.127541E+02
 0.229168E+01  0.483906E+02  0.128451E+02
 0.229431E+01  0.354706E+02  0.127604E+02
 0.229694E+01  0.313170E+02  0.127494E+02
 0.229958E+01  0.476354E+02  0.127852E+02
 0.230221E+01  0.451978E+02  0.127145E+02
 0.230485E+01  0.387346E+02  0.127753E+02
 0.230748E+01  0.409060E+02  0.127669E+02
 0.231011E+01  0.508838E+02  0.127481E+02
 0.231275E+01  0.555408E+02  0.127728E+02
 0.231538E+01  0.416008E+02  0.127728E+02
 0.231802E+01  0.330312E+02  0.127811E+02
 0.232065E+01  0.413982E+02  0.128165E+02
 0.232328E+01  0.544966E+02  0.128337E+02
 0.232592E+01  0.458270E+02  0.128151E+02
 0.232855E+01  0.316036E+02  0.127502E+02
 0.233119E+01  0.322538E+02  0.127834E+02
 0.233382E+01  0.395058E+02  0.128280E+02
 0.233645E+01  0.318502E+02  0.128374E+02
 0.233909E+01  0.359062E+02  0.127672E+02
 0.234172E+01  0.436218E+02  0.128293E+02
 0.234436E+01  0.441762E+02  0.128238E+02
 0.234699E+01  0.526682E+02  0.128151E+02
 0.234962E+01  0.432420E+02  0.127975E+02
 0.235226E+01  0.382582E+02  0.127477E+02
 0.235489E+01  0.352822E+02  0.128401E+02
 0.235753E+01  0.252800E+02  0.127500E+02
 0.236016E+01  0.301424E+02  0.127771E+02
 0.236279E+01  0.148886E+02  0.127063E+02
 0.236543E+01  0.431230E+02  0.127551E+02
 0.236806E+01  0.372756E+02  0.127941E+02
 0.237070E+01  0.321306E+02  0.127040E+02
 0.237333E+01  0.470082E+02  0.127600E+02
 0.237596E+01  0.534626E+02  0.127174E+02
 0.237860E+01  0.413590E+02  0.126785E+02
 0.238123E+01  0.324516E+02  0.127065E+02
 0.238387E+01  0.348696E+02  0.126392E+02
 0.238650E+01  0.434686E+02  0.127844E+02
 0.238913E+01  0.422826E+02  0.127490E+02
 0.239177E+01  0.425752E+02  0.127779E+02
 0.239440E+01  0.614168E+02  0.127547E+02
 0.239704E+01  0.329420E+02  0.127135E+02
 0.239967E+01  0.394626E+02  0.128246E+02
 0.240230E+01  0.346910E+02  0.126278E+02
 0.240494E+01  0.380638E+02  0.128340E+02
 0.240757E+01  0.304018E+02  0.127460E+02
 0.241021E+01  0.333592E+02  0.126601E+02
 0.241284E+01  0.316966E+02  0.128513E+02
 0.241547E+01  0.200188E+02  0.126659E+02
 0.241811E+01  0.245676E+02  0.127772E+02
 0.242074E+01  0.199552E+02  0.126920E+02
 0.242338E+01  0.369938E+02  0.128377E+02
 0.242601E+01  0.241104E+02  0.127221E+02
 0.242864E+01  0.262618E+02  0.126284E+02
 0.243128E+01  0.364196E+02  0.128517E+02
 0.243391E+01  0.389092E+02  0.127060E+02
 0.243655E+01  0.402864E+02  0.127765E+02
 0.243918E+01  0.397814E+02  0.128023E+02
 0.244181E+01  0.337846E+02  0.127676E+02
 0.244445E+01  0.377164E+02  0.128663E+02
 0.244708E+01  0.326736E+02  0.126778E+02
 0.244972E+01  0.550224E+02  0.128458E+02
 0.245235E+01  0.304820E+02  0.126964E+02
 0.245498E+01  0.209818E+02  0.126686E+02
 0.245762E+01  0.937920E+01  0.127623E+02
 0.246025E+01  0.101098E+02  0.126229E+02
 0.246289E+01  0.162100E+02  0.127470E+02
 0.246552E+01  0.193364E+02  0.127636E+02
 0.246815E+01  0.252534E+02  0.127993E+02
 0.247079E+01  0.320146E+02  0.127837E+02
 0.247342E+01  0.372120E+02  0.126941E+02
 0.247606E+01  0.474488E+02  0.128363E+02
 0.247869E+01  0.365816E+02  0.127659E+02
 0.248132E+01  0.362878E+02  0.127556E+02
 0.248396E+01  0.282290E+02  0.128471E+02
 0.248659E+01  0.308726E+02  0.127348E+02
 0.248923E+01  0.467964E+02  0.129012E+02
 0.249186E+01  0.763680E+01  0.126566E+02
 0.249449E+01  0.217784E+02  0.127355E+02
 0.249713E+01  0.289252E+02  0.128183E+02
 0.249976E+01  0.407770E+02  0.128108E+02
 0.250240E+01  0.260852E+02  0.128080E+02
 0.250503E+01  0.334902E+02  0.127526E+02
 0.250766E+01  0.230222E+02  0.127870E+02
 0.251030E+01  0.416536E+02  0.127485E+02
 0.251293E+01  0.309630E+02  0.127793E+02
 0.251557E+01  0.221818E+02  0.127573E+02
 0.251820E+01  0.199754E+02  0.127647E+02
 0.252083E+01  0.455376E+02  0.128228E+02
 0.252347E+01  0.246444E+02  0.127352E+02
 0.252610E+01  0.280784E+02  0.127639E+02
 0.252874E+01  0.248238E+02  0.127852E+02
 0.253137E+01  0.367240E+02  0.128130E+02
 0.253400E+01  0.234126E+02  0.128287E+02
 0.253664E+01  0.130398E+02  0.127427E+02
 0.253927E+01  0.279856E+02  0.127631E+02
 0.254191E+01  0.192218E+02  0.128040E+02
 0.254454E+01  0.179442E+02  0.128246E+02
 0.254718E+01  0.246922E+02  0.129041E+02
 0.254981E+01  0.296588E+02  0.128063E+02
 0.255244E+01  0.327190E+02  0.128124E+02
 0.255508E+01  0.417262E+02  0.128336E+02
 0.255771E+01  0.369492E+02  0.128900E+02
 0.256035E+01  0.197384E+02  0.127755E+02
 0.256298E+01  0.384394E+02  0.127074E+02
 0.256561E+01  0.369500E+02  0.128516E+02
 0.256825E+01  0.389860E+02  0.128213E+02
 0.257088E+01  0.359966E+02  0.127949E+02
 0.257352E+01  0.299778E+02  0.127459E+02
 0.257615E+01  0.313358E+02  0.127321E+02
 0.257878E+01  0.506622E+02  0.127503E+02
 0.258142E+01  0.431774E+02  0.128133E+02
 0.258405E+01  0.861180E+01  0.126806E+02
 0.258669E+01  0.258892E+02  0.127841E+02
 0.258932E+01  0.303948E+02  0.127797E+02
 0.259195E+01  0.193210E+02  0.126942E+02
 0.259459E+01  0.188530E+02  0.126335E+02
 0.259722E+01  0.115510E+02  0.126798E+02
 0.259986E+01  0.167016E+02  0.127201E+02
 0.260249E+01  0.183666E+02  0.127485E+02
 0.260512E+01  0.334038E+02  0.126615E+02
 0.260776E+01  0.420250E+02  0.127411E+02
 0.261039E+01  0.360568E+02  0.128239E+02
 0.261303E+01  0.292582E+02  0.131317E+02
 0.261566E+01  0.315960E+02  0.132714E+02
 0.261829E+01  0.414294E+02  0.133272E+02
 0.262093E+01  0.359298E+02  0.135391E+02
 0.262356E+01  0.191108E+02  0.135971E+02
 0.262620E+01  0.251518E+02  0.137334E+02
 0.262883E+01  0.310610E+02  0.138780E+02
 0.263146E+01  0.186584E+02  0.138689E+02
 0.263410E+01  0.308438E+02  0.140261E+02
 0.263673E+01  0.278108E+02  0.141483E+02
 0.263937E+01  0.263598E+02  0.141417E+02
 0.264200E+01  0.143984E+02  0.142333E+02
 0.264463E+01  0.107592E+02  0.142698E+02
 0.264727E+01  0.226964E+02  0.143962E+02
 0.264990E+01  0.170028E+02  0.143556E+02
 0.265254E+01  0.377380E+02  0.145619E+02
 0.265517E+01  0.373968E+02  0.147188E+02
 0.265780E+01  0.110048E+02  0.146242E+02
 0.266044E+01  0.291418E+02  0.148348E+02
 0.266307E+01  0.393164E+02  0.147698E+02
 0.266571E+01  0.189306E+02  0.147342E+02
 0.266834E+01 -0.127392E+02  0.143067E+02
 0.267097E+01  0.951720E+01  0.139326E+02
 0.267361E+01  0.424940E+02  0.140851E+02
 0.267624E+01  0.289396E+02  0.139405E+02
 0.267888E+01  0.685760E+01  0.138821E+02
 0.268151E+01  0.224798E+02  0.138828E+02
 0.268414E+01  0.321630E+02  0.137919E+02
 0.268678E+01  0.148220E+02  0.137555E+02
 0.268941E+01  0.180122E+02  0.136775E+02
 0.269205E+01  0.189232E+02  0.137196E+02
 0.269468E+01  0.272298E+02  0.136300E+02
 0.269731E+01  0.259366E+02  0.136932E+02
 0.269995E+01  0.157576E+02  0.137923E+02
 0.270258E+01  0.257462E+02  0.135972E+02
 0.270522E+01  0.359648E+02  0.136127E+02
 0.270785E+01  0.173570E+02  0.134778E+02
 0.271048E+01  0.260100E+02  0.135453E+02
 0.271312E+01  0.328314E+02  0.136474E+02
 0.271575E+01  0.274844E+02  0.134872E+02
 0.271839E+01  0.271828E+02  0.135543E+02
 0.272102E+01  0.277076E+02  0.135160E+02
 0.272365E+01  0.433766E+02  0.135465E+02
 0.272629E+01  0.318238E+02  0.135181E+02
 0.272892E+01  0.230040E+02  0.134187E+02
 0.273156E+01  0.271104E+02  0.134895E+02
 0.273419E+01  0.335488E+02  0.134340E+02
 0.273682E+01  0.346040E+02  0.134622E+02
 0.273946E+01  0.324678E+02  0.133853E+02
 0.274209E+01  0.350210E+02  0.133475E+02
 0.274473E+01  0.337104E+02  0.134034E+02
 0.274736E+01  0.293588E+02  0.132961E+02
 0.274999E+01  0.373256E+02  0.133030E+02
 0.275263E+01  0.394186E+02  0.132955E+02
 0.275526E+01  0.264168E+02  0.133113E+02
 0.275790E+01  0.228564E+02  0.133753E+02
 0.276053E+01  0.305570E+02  0.132691E+02
 0.276316E+01  0.307634E+02  0.132316E+02
 0.276580E+01  0.431450E+02  0.133089E+02
 0.276843E+01  0.439038E+02  0.132624E+02
 0.277107E+01  0.472846E+02  0.132577E+02
 0.277370E+01  0.402262E+02  0.132372E+02
 0.277633E+01  0.213290E+02  0.131702E+02
 0.277897E+01  0.330286E+02  0.133155E+02
 0.278160E+01  0.313384E+02  0.132647E+02
 0.278424E+01  0.251580E+02  0.131824E+02
 0.278687E+01  0.313880E+02  0.132363E+02
 0.278950E+01  0.312042E+02  0.132019E+02
 0.279214E+01  0.364886E+02  0.132957E+02
 0.279477E+01  0.337130E+02  0.131969E+02
 0.279741E+01  0.330356E+02  0.132161E+02
 0.280004E+01  0.303956E+02  0.132412E+02
 0.280267E+01  0.221506E+02  0.131764E+02
 0.280531E+01  0.236700E+02  0.132688E+02
 0.280794E+01  0.232434E+02  0.131719E+02
 0.281058E+01  0.309664E+02  0.131782E+02
 0.281321E+01  0.207348E+02  0.132279E+02
 0.281584E+01  0.132446E+02  0.131642E+02
 0.281848E+01  0.295662E+02  0.132548E+02
 0.282111E+01  0.201326E+02  0.131733E+02
 0.282375E+01  0.255316E+02  0.131744E+02
 0.282638E+01  0.401262E+02  0.132515E+02
 0.282901E+01  0.115742E+02  0.130927E+02
 0.283165E+01  0.161708E+02  0.131839E+02
 0.283428E+01  0.238596E+02  0.131769E+02
 0.283692E+01  0.137158E+02  0.131436E+02
 0.283955E+01  0.138140E+02  0.131156E+02
 0.284218E+01  0.278040E+02  0.130575E+02
 0.284482E+01  0.329178E+02  0.132436E+02
 0.284745E+01  0.251244E+02  0.131551E+02
 0.285009E+01  0.348038E+02  0.131902E+02
 0.285272E+01  0.207700E+02  0.131920E+02
 0.285535E+01  0.313206E+02  0.131040E+02
 0.285799E+01  0.302870E+02  0.132184E+02
 0.286062E+01  0.332510E+02  0.130861E+02
 0.286326E+01  0.181338E+02  0.130991E+02
 0.286589E+01  0.182378E+02  0.131237E+02
 0.286852E+01  0.196936E+02  0.131294E+02
 0.287116E+01  0.339514E+02  0.132865E+02
 0.287379E+01  0.403560E+02  0.130975E+02
 0.287643E+01  0.189470E+02  0.131505E+02
 0.287906E+01  0.391702E+02  0.132591E+02
 0.288169E+01  0.302808E+02  0.131595E+02
 0.288433E+01  0.898660E+01  0.131355E+02
 0.288696E+01  0.207484E+02  0.130864E+02
 0.288960E+01  0.214380E+02  0.132475E+02
 0.289223E+01  0.186374E+02  0.131243E+02
 0.289486E+01  0.279434E+02  0.131471E+02
 0.289750E+01  0.282400E+02  0.131651E+02
 0.290013E+01  0.269640E+02  0.131203E+02
 0.290277E+01  0.247100E+02  0.131847E+02
 0.290540E+01  0.357682E+02  0.131592E+02
 0.290803E+01  0.261682E+02  0.131150E+02
 0.291067E+01  0.996680E+01  0.131318E+02
 0.291330E+01  0.224752E+02  0.131193E+02
 0.291594E+01  0.249626E+02  0.131718E+02
 0.291857E+01  0.313364E+02  0.131032E+02
 0.292120E+01  0.178544E+02  0.130463E+02
 0.292384E+01  0.130752E+02  0.131460E+02
 0.292647E+01  0.124782E+02  0.130665E+02
 0.292911E+01 -0.343860E+01  0.130126E+02
 0.293174E+01  0.159050E+02  0.131384E+02
 0.293437E+01  0.200268E+02  0.130215E+02
 0.293701E+01  0.904000E+01  0.130573E+02
 0.293964E+01  0.964400E+00  0.129969E+02
 0.294228E+01  0.269040E+01  0.130322E+02
 0.294491E+01  0.283150E+02  0.130806E+02
 0.294754E+01  0.355518E+02  0.130198E+02
 0.295018E+01  0.259394E+02  0.129972E+02
 0.295281E+01  0.330510E+02  0.130112E+02
 0.295545E+01  0.180290E+02  0.129791E+02
 0.295808E+01  0.304916E+02  0.129862E+02
 0.296071E+01  0.269132E+02  0.130000E+02
 0.296335E+01  0.121874E+02  0.129711E+02
 0.296598E+01  0.860600E+00  0.129093E+02
 0.296862E+01  0.140466E+02  0.129312E+02
 0.297125E+01  0.246066E+02  0.130568E+02
 0.297388E+01  0.281966E+02  0.130110E+02
 0.297652E+01  0.253480E+02  0.129997E+02
 0.297915E+01  0.196974E+02  0.129813E+02
 0.298179E+01  0.235688E+02  0.130003E+02
 0.298442E+01  0.262878E+02  0.129552E+02
 0.298705E+01  0.207620E+02  0.128941E+02
 0.298969E+01  0.214292E+02  0.129976E+02
 0.299232E+01  0.115324E+02  0.129734E+02
 0.299496E+01  0.466320E+01  0.129076E+02
 0.299759E+01  0.263948E+02  0.129363E+02
 0.300022E+01  0.283344E+02  0.130053E+02
 0.300286E+01  0.241850E+02  0.130521E+02
 0.300549E+01  0.246174E+02  0.129750E+02
 0.300813E+01  0.305330E+02  0.129635E+02
 0.301076E+01  0.379982E+02  0.130062E+02
 0.301339E+01  0.391906E+02  0.130413E+02
 0.301603E+01  0.221926E+02  0.130342E+02
 0.301866E+01  0.226034E+02  0.128836E+02
 0.302130E+01  0.889120E+01  0.129597E+02
 0.302393E+01  0.198898E+02  0.130264E+02
 0.302656E+01  0.255002E+02  0.130310E+02
 0.302920E+01  0.293048E+02  0.129840E+02
 0.303183E+01  0.287484E+02  0.129298E+02
 0.303447E+01  0.356206E+02  0.130274E+02
 0.303710E+01  0.327126E+02  0.130221E+02
 0.303973E+01  0.372378E+02  0.130281E+02
 0.304237E+01  0.115184E+02  0.129244E+02
 0.304500E+01  0.163794E+02  0.130131E+02
 0.304764E+01  0.225466E+02  0.130791E+02
 0.305027E+01  0.543880E+01  0.129167E+02
 0.305290E+01  0.203926E+02  0.129616E+02
 0.305554E+01  0.152288E+02  0.130106E+02
 0.305817E+01  0.160362E+02  0.129787E+02
 0.306081E+01  0.104278E+02  0.129610E+02
 0.306344E+01  0.742520E+01  0.129215E+02
 0.306607E+01  0.846020E+01  0.129767E+02
 0.306871E+01  0.202330E+02  0.130290E+02
 0.307134E+01  0.264654E+02  0.129626E+02
 0.307398E+01  0.337316E+02  0.130060E+02
 0.307661E+01  0.279134E+02  0.130112E+02
 0.307924E+01  0.261664E+02  0.129723E+02
 0.308188E+01  0.163696E+02  0.129990E+02
 0.308451E+01  0.236960E+02  0.130054E+02
 0.308715E+01  0.169354E+02  0.130093E+02
 0.308978E+01  0.269748E+02  0.130459E+02
 0.309241E+01  0.359900E+01  0.128672E+02
 0.309505E+01  0.218588E+02  0.129981E+02
 0.309768E+01  0.224986E+02  0.129647E+02
 0.310032E+01  0.217074E+02  0.130207E+02
 0.310295E+01  0.204234E+02  0.129604E+02
 0.310558E+01  0.279018E+02  0.129442E+02
 0.310822E+01  0.393418E+02  0.129447E+02
 0.311085E+01  0.248856E+02  0.129654E+02
 0.311349E+01  0.342070E+02  0.130245E+02
 0.311612E+01  0.245346E+02  0.129897E+02
 0.311875E+01  0.271078E+02  0.129065E+02
 0.312139E+01  0.191658E+02  0.129511E+02
 0.312402E+01  0.175204E+02  0.129273E+02
 0.312666E+01  0.143006E+02  0.129859E+02
 0.312929E+01  0.270862E+02  0.129909E+02
 0.313192E+01  0.131364E+02  0.129250E+02
 0.313456E+01  0.137080E+02  0.130380E+02
 0.313719E+01  0.183338E+02  0.129665E+02
 0.313983E+01  0.201612E+02  0.129808E+02
 0.314246E+01  0.199382E+02  0.129803E+02
 0.314509E+01  0.201112E+02  0.130090E+02
 0.314773E+01  0.188464E+02  0.130335E+02
 0.315036E+01  0.840620E+01  0.128590E+02
 0.315300E+01  0.104774E+02  0.128980E+02
 0.315563E+01  0.185420E+02  0.130020E+02
 0.315826E+01  0.248178E+02  0.130328E+02
 0.316090E+01  0.158818E+02  0.130079E+02
 0.316353E+01  0.192032E+02  0.129460E+02
 0.316617E+01  0.358582E+02  0.130341E+02
 0.316880E+01  0.356006E+02  0.130883E+02
 0.317143E+01  0.230054E+02  0.134288E+02
 0.317407E+01  0.230240E+02  0.136568E+02
 0.317670E+01  0.171190E+02  0.137180E+02
 0.317934E+01  0.219776E+02  0.139345E+02
 0.318197E+01  0.279408E+02  0.139884E+02
 0.318460E+01  0.180594E+02  0.140104E+02
 0.318724E+01  0.168712E+02  0.141551E+02
 0.318987E+01  0.100880E+02  0.142820E+02
 0.319251E+01  0.769900E+01  0.144447E+02
 0.319514E+01  0.154010E+02  0.145034E+02
 0.319777E+01  0.329752E+02  0.144965E+02
 0.320041E+01  0.291610E+02  0.146404E+02
 0.320304E+01  0.423548E+02  0.148108E+02
 0.320568E+01  0.349010E+02  0.147931E+02
 0.320831E+01  0.279440E+02  0.147549E+02
 0.321094E+01  0.167470E+02  0.148261E+02
 0.321358E+01  0.398362E+02  0.150535E+02
 0.321621E+01  0.343878E+02  0.150252E+02
 0.321885E+01  0.308036E+02  0.150813E+02
 0.322148E+01  0.373258E+02  0.150613E+02
 0.322411E+01  0.254910E+02  0.151151E+02
 0.322675E+01  0.997800E+01  0.148117E+02
 0.322938E+01  0.264668E+02  0.144468E+02
 0.323202E+01  0.139104E+02  0.143459E+02
 0.323465E+01  0.172416E+02  0.142624E+02
 0.323728E+01  0.243566E+02  0.141970E+02
 0.323992E+01  0.388796E+02  0.141387E+02
 0.324255E+01  0.243692E+02  0.140184E+02
 0.324519E+01  0.132420E+01  0.139995E+02
 0.324782E+01  0.251276E+02  0.139808E+02
 0.325045E+01  0.377776E+02  0.139689E+02
 0.325309E+01  0.258312E+02  0.139848E+02
 0.325572E+01  0.204198E+02  0.139400E+02
 0.325836E+01  0.270492E+02  0.139419E+02
 0.326099E+01  0.476638E+02  0.139136E+02
 0.326362E+01  0.249218E+02  0.136890E+02
 0.326626E+01  0.252898E+02  0.137708E+02
 0.326889E+01  0.119170E+02  0.136866E+02
 0.327153E+01  0.177242E+02  0.137345E+02
 0.327416E+01  0.198442E+02  0.136901E+02
 0.327679E+01  0.125964E+02  0.135359E+02
 0.327943E+01  0.236912E+02  0.136655E+02
 0.328206E+01  0.107026E+02  0.136198E+02
 0.328470E+01  0.274170E+02  0.135943E+02
 0.328733E+01  0.116644E+02  0.135186E+02
 0.328997E+01  0.376028E+02  0.135840E+02
 0.329260E+01  0.202572E+02  0.136568E+02
 0.329523E+01  0.267690E+02  0.135915E+02
 0.329787E+01  0.202970E+02  0.135372E+02
 0.330050E+01  0.244750E+02  0.135557E+02
 0.330314E+01  0.192976E+02  0.136011E+02
 0.330577E+01  0.204654E+02  0.136064E+02
 0.330840E+01  0.265918E+02  0.135023E+02
 0.331104E+01  0.251628E+02  0.135729E+02
 0.331367E+01  0.208346E+02  0.135714E+02
 0.331631E+01  0.326046E+02  0.136009E+02
 0.331894E+01  0.134978E+02  0.135311E+02
 0.332157E+01  0.327916E+02  0.135330E+02
 0.332421E+01  0.560650E+02  0.136294E+02
 0.332684E+01  0.414528E+02  0.136841E+02
 0.332948E+01  0.219824E+02  0.135626E+02
 0.333211E+01  0.140558E+02  0.135829E+02
 0.333474E+01  0.344978E+02  0.135767E+02
 0.333738E+01  0.400880E+02  0.136231E+02
 0.334001E+01  0.536930E+02  0.135513E+02
 0.334265E+01  0.211524E+02  0.134022E+02
 0.334528E+01  0.248064E+02  0.134506E+02
 0.334791E+01  0.410822E+02  0.134481E+02
 0.335055E+01  0.464098E+02  0.135423E+02
 0.335318E+01  0.287868E+02  0.134163E+02
 0.335582E+01  0.210860E+02  0.133504E+02
 0.335845E+01  0.281582E+02  0.134062E+02
 0.336108E+01  0.287614E+02  0.133065E+02
 0.336372E+01  0.374526E+02  0.133706E+02
 0.336635E+01  0.397148E+02  0.133017E+02
 0.336899E+01  0.389704E+02  0.133910E+02
 0.337162E+01  0.201420E+02  0.133123E+02
 0.337425E+01  0.212424E+02  0.132422E+02
 0.337689E+01  0.271086E+02  0.132932E+02
 0.337952E+01  0.395194E+02  0.132952E+02
 0.338216E+01  0.155308E+02  0.133206E+02
 0.338479E+01  0.193500E+02  0.132888E+02
 0.338742E+01  0.358036E+02  0.132350E+02
 0.339006E+01  0.274846E+02  0.132802E+02
 0.339269E+01  0.385100E+02  0.133143E+02
 0.339533E+01  0.201082E+02  0.133134E+02
 0.339796E+01  0.331754E+02  0.133139E+02
 0.340059E+01  0.215152E+02  0.131827E+02
 0.340323E+01  0.110846E+02  0.132298E+02
 0.340586E+01  0.261560E+01  0.132124E+02
 0.340850E+01 -0.113960E+01  0.132312E+02
 0.341113E+01  0.104140E+02  0.132271E+02
 0.341376E+01  0.216274E+02  0.132481E+02
 0.341640E+01  0.261150E+02  0.132487E+02
 0.341903E+01  0.175230E+02  0.132158E+02
 0.342167E+01  0.829520E+01  0.131718E+02
 0.342430E+01  0.176050E+02  0.132961E+02
 0.342693E+01  0.299558E+02  0.133046E+02
 0.342957E+01  0.338288E+02  0.133454E+02
 0.343220E+01  0.835800E+01  0.131964E+02
 0.343484E+01  0.152174E+02  0.131559E+02
 0.343747E+01  0.417492E+02  0.133192E+02
 0.344010E+01  0.435864E+02  0.132688E+02
 0.344274E+01  0.221522E+02  0.131776E+02
 0.344537E+01  0.239346E+02  0.132202E+02
 0.344801E+01  0.153100E+02  0.132852E+02
 0.345064E+01  0.324462E+02  0.133235E+02
 0.345327E+01  0.280128E+02  0.131835E+02
 0.345591E+01  0.275236E+02  0.132544E+02
 0.345854E+01  0.222736E+02  0.132684E+02
 0.346118E+01  0.255338E+02  0.132716E+02
 0.346381E+01  0.301562E+02  0.132099E+02
 0.346644E+01  0.236778E+02  0.131910E+02
 0.346908E+01  0.127446E+02  0.132652E+02
 0.347171E+01  0.159130E+02  0.131716E+02
 0.347435E+01  0.147820E+02  0.132482E+02
 0.347698E+01  0.142294E+02  0.131924E+02
 0.347961E+01  0.257772E+02  0.131978E+02
 0.348225E+01  0.245286E+02  0.132289E+02
 0.348488E+01  0.452482E+02  0.132066E+02
 0.348752E+01  0.262422E+02  0.132106E+02
 0.349015E+01  0.188330E+02  0.132090E+02
 0.349278E+01  0.294804E+02  0.132816E+02
 0.349542E+01  0.308736E+02  0.132534E+02
 0.349805E+01  0.197908E+02  0.130894E+02
 0.350069E+01  0.250660E+02  0.131917E+02
 0.350332E+01  0.328864E+02  0.132389E+02
 0.350595E+01  0.504370E+02  0.132824E+02
 0.350859E+01  0.366608E+02  0.132552E+02
 0.351122E+01  0.125338E+02  0.131188E+02
 0.351386E+01  0.613720E+01  0.132238E+02
 0.351649E+01  0.189648E+02  0.132016E+02
 0.351912E+01  0.193700E+02  0.131210E+02
 0.352176E+01  0.296546E+02  0.132130E+02
 0.352439E+01  0.275920E+02  0.131719E+02
 0.352703E+01  0.184788E+02  0.131973E+02
 0.352966E+01  0.234084E+02  0.131240E+02
 0.353229E+01  0.425918E+02  0.131556E+02
 0.353493E+01  0.251710E+02  0.132066E+02
 0.353756E+01  0.301762E+02  0.132019E+02
 0.354020E+01  0.264856E+02  0.132138E+02
 0.354283E+01  0.435826E+02  0.131991E+02
 0.354546E+01  0.516128E+02  0.131941E+02
 0.354810E+01  0.750860E+01  0.131565E+02
 0.355073E+01  0.300706E+02  0.131692E+02
 0.355337E+01  0.292470E+02  0.131886E+02
 0.355600E+01  0.272174E+02  0.132110E+02
 0.355863E+01  0.346848E+02  0.132063E+02
 0.356127E+01  0.326054E+02  0.132385E+02
 0.356390E+01  0.320970E+02  0.131191E+02
 0.356654E+01  0.327982E+02  0.132091E+02
 0.356917E+01  0.206974E+02  0.131602E+02
 0.357180E+01  0.360114E+02  0.132004E+02
 0.357444E+01  0.295754E+02  0.132795E+02
 0.357707E+01  0.235462E+02  0.131812E+02
 0.357971E+01  0.237890E+02  0.131935E+02
 0.358234E+01  0.343320E+02  0.132225E+02
 0.358497E+01  0.391412E+02  0.131445E+02
 0.358761E+01  0.507868E+02  0.132261E+02
 0.359024E+01  0.383208E+02  0.131582E+02
 0.359288E+01  0.219840E+02  0.131636E+02
 0.359551E+01  0.194406E+02  0.131687E+02
 0.359814E+01  0.242678E+02  0.131259E+02
 0.360078E+01  0.349780E+02  0.132193E+02
 0.360341E+01  0.216320E+02  0.131288E+02
 0.360605E+01  0.247250E+02  0.132127E+02
 0.360868E+01  0.144410E+02  0.132135E+02
 0.361131E+01  0.259316E+02  0.131270E+02
 0.361395E+01  0.299406E+02  0.131890E+02
 0.361658E+01  0.361340E+02  0.132491E+02
 0.361922E+01  0.338260E+02  0.131750E+02
 0.362185E+01  0.259062E+02  0.131868E+02
 0.362448E+01  0.611180E+01  0.131830E+02
 0.362712E+01  0.232598E+02  0.132668E+02
 0.362975E+01  0.408506E+02  0.131598E+02
 0.363239E+01  0.442460E+02  0.131542E+02
 0.363502E+01  0.416330E+02  0.131551E+02
 0.363765E+01  0.300374E+02  0.131586E+02
 0.364029E+01  0.327886E+02  0.132876E+02
 0.364292E+01  0.334390E+02  0.131528E+02
 0.364556E+01  0.210756E+02  0.131828E+02
 0.364819E+01  0.316168E+02  0.131923E+02
 0.365082E+01  0.435510E+02  0.131986E+02
 0.365346E+01  0.533114E+02  0.132360E+02
 0.365609E+01  0.356248E+02  0.131017E+02
 0.365873E+01  0.303216E+02  0.131197E+02
 0.366136E+01  0.242980E+02  0.131604E+02
 0.366399E+01  0.818120E+01  0.130169E+02
 0.366663E+01  0.181448E+02  0.130947E+02
 0.366926E+01  0.430092E+02  0.131284E+02
 0.367190E+01  0.167206E+02  0.131103E+02
 0.367453E+01  0.110980E+02  0.130571E+02
 0.367716E+01  0.403418E+02  0.130472E+02
 0.367980E+01  0.568280E+02  0.131669E+02
 0.368243E+01  0.354380E+02  0.131073E+02
 0.368507E+01  0.467450E+02  0.131180E+02
 0.368770E+01  0.251220E+02  0.130485E+02
 0.369033E+01  0.453490E+02  0.129667E+02
 0.369297E+01  0.344786E+02  0.130095E+02
 0.369560E+01  0.177670E+02  0.128969E+02
 0.369824E+01  0.350858E+02  0.129917E+02
 0.370087E+01  0.205730E+02  0.129858E+02
 0.370350E+01  0.301444E+02  0.129984E+02
 0.370614E+01  0.138232E+02  0.131074E+02
 0.370877E+01  0.294778E+02  0.129788E+02
 0.371141E+01  0.380154E+02  0.129638E+02
 0.371404E+01  0.353436E+02  0.130212E+02
 0.371667E+01  0.290516E+02  0.129275E+02
 0.371931E+01  0.225108E+02  0.129636E+02
 0.372194E+01  0.206414E+02  0.128717E+02
 0.372458E+01  0.183208E+02  0.129302E+02
 0.372721E+01  0.271872E+02  0.130495E+02
 0.372984E+01  0.251662E+02  0.134058E+02
 0.373248E+01  0.273970E+02  0.137303E+02
 0.373511E+01  0.169686E+02  0.138707E+02
 0.373775E+01  0.218050E+02  0.141356E+02
 0.374038E+01  0.425862E+02  0.143230E+02
 0.374301E+01  0.495470E+02  0.143916E+02
 0.374565E+01  0.219858E+02  0.144755E+02
 0.374828E+01  0.173230E+02  0.145905E+02
 0.375092E+01  0.866480E+01  0.148831E+02
 0.375355E+01 -0.516920E+01  0.148818E+02
 0.375618E+01  0.310456E+02  0.148867E+02
 0.375882E+01  0.179862E+02  0.151203E+02
 0.376145E+01  0.266238E+02  0.152619E+02
 0.376409E+01  0.437690E+02  0.154208E+02
 0.376672E+01  0.449946E+02  0.154317E+02
 0.376935E+01  0.351868E+02  0.154372E+02
 0.377199E+01  0.347984E+02  0.155783E+02
 0.377462E+01  0.150834E+02  0.155201E+02
 0.377726E+01  0.899100E+01  0.154698E+02
 0.377989E+01  0.111926E+02  0.157226E+02
 0.378252E+01  0.254888E+02  0.157831E+02
 0.378516E+01  0.330752E+02  0.155056E+02
 0.378779E+01  0.298500E+01  0.149613E+02
 0.379043E+01  0.358008E+02  0.148759E+02
 0.379306E+01  0.304770E+02  0.148113E+02
 0.379569E+01  0.259026E+02  0.146875E+02
 0.379833E+01  0.200804E+02  0.146237E+02
 0.380096E+01  0.163660E+02  0.145358E+02
 0.380360E+01  0.175776E+02  0.145363E+02
 0.380623E+01  0.341576E+02  0.145654E+02
 0.380886E+01  0.352244E+02  0.143688E+02
 0.381150E+01  0.312422E+02  0.143384E+02
 0.381413E+01  0.370978E+02  0.143332E+02
 0.381677E+01  0.153082E+02  0.143736E+02
 0.381940E+01 -0.776400E+00  0.142782E+02
 0.382203E+01  0.207504E+02  0.141884E+02
 0.382467E+01  0.211878E+02  0.142692E+02
 0.382730E+01  0.227428E+02  0.142675E+02
 0.382994E+01  0.356800E+02  0.143532E+02
 0.383257E+01  0.298208E+02  0.143347E+02
 0.383520E+01  0.252904E+02  0.142602E+02
 0.383784E+01  0.190960E+02  0.142135E+02
 0.384047E+01  0.472526E+02  0.143296E+02
 0.384311E+01  0.344566E+02  0.143243E+02
 0.384574E+01  0.311908E+02  0.141459E+02
 0.384837E+01  0.197750E+02  0.141371E+02
 0.385101E+01  0.158626E+02  0.142710E+02
 0.385364E+01  0.364422E+02  0.142226E+02
 0.385628E+01  0.286226E+02  0.142157E+02
 0.385891E+01  0.273244E+02  0.142034E+02
 0.386154E+01  0.268170E+02  0.142521E+02
 0.386418E+01  0.198510E+02  0.143264E+02
 0.386681E+01  0.235132E+02  0.142587E+02
 0.386945E+01  0.295546E+02  0.143014E+02
 0.387208E+01  0.400500E+02  0.143133E+02
 0.387471E+01  0.397368E+02  0.142814E+02
 0.387735E+01  0.453024E+02  0.142336E+02
 0.387998E+01  0.281768E+02  0.142053E+02
 0.388262E+01  0.318632E+02  0.143286E+02
 0.388525E+01  0.252226E+02  0.143258E+02
 0.388788E+01  0.139200E+02  0.142608E+02
 0.389052E+01  0.728520E+01  0.143025E+02
 0.389315E+01  0.272804E+02  0.143636E+02
 0.389579E+01  0.284176E+02  0.144208E+02
 0.389842E+01  0.216672E+02  0.143070E+02
 0.390105E+01  0.382902E+02  0.143237E+02
 0.390369E+01  0.423866E+02  0.143984E+02
 0.390632E+01  0.270600E+02  0.143495E+02
 0.390896E+01  0.132260E+02  0.143543E+02
 0.391159E+01  0.221302E+02  0.144633E+02
 0.391422E+01  0.924400E+01  0.143839E+02
 0.391686E+01  0.227564E+02  0.144442E+02
 0.391949E+01  0.285990E+02  0.143668E+02
 0.392213E+01  0.152966E+02  0.143314E+02
 0.392476E+01  0.352200E+00  0.144217E+02
 0.392739E+01  0.171840E+02  0.143831E+02
 0.393003E+01  0.220250E+02  0.145265E+02
 0.393266E+01  0.232234E+02  0.144176E+02
 0.393530E+01  0.399340E+02  0.144974E+02
 0.393793E+01  0.489116E+02  0.146152E+02
 0.394056E+01  0.525222E+02  0.145676E+02
 0.394320E+01  0.289774E+02  0.145656E+02
 0.394583E+01  0.183112E+02  0.144280E+02
 0.394847E+01  0.240632E+02  0.144411E+02
 0.395110E+01  0.248312E+02  0.144745E+02
 0.395373E+01  0.517672E+02  0.145842E+02
 0.395637E+01  0.311372E+02  0.146098E+02
 0.395900E+01  0.179234E+02  0.145951E+02
 0.396164E+01  0.143820E+02  0.146143E+02
 0.396427E+01  0.283960E+02  0.146716E+02
 0.396690E+01  0.194580E+02  0.145410E+02
 0.396954E+01  0.248462E+02  0.146310E+02
 0.397217E+01  0.290250E+02  0.146375E+02
 0.397481E+01  0.116994E+02  0.146319E+02
 0.397744E+01  0.400808E+02  0.146861E+02
 0.398007E+01  0.343096E+02  0.146806E+02
 0.398271E+01  0.277588E+02  0.147084E+02
 0.398534E+01  0.340958E+02  0.147067E+02
 0.398798E+01  0.451542E+02  0.146975E+02
 0.399061E+01  0.446898E+02  0.147377E+02
 0.399324E+01  0.357706E+02  0.146848E+02
 0.399588E+01  0.343310E+02  0.148504E+02
 0.399851E+01  0.249466E+02  0.147520E+02
 0.400115E+01  0.279454E+02  0.147228E+02
 0.400378E+01  0.120260E+02  0.147150E+02
 0.400641E+01  0.200468E+02  0.147793E+02
 0.400905E+01  0.395406E+02  0.149355E+02
 0.401168E+01  0.979720E+01  0.147441E+02
 0.401432E+01  0.319726E+02  0.147045E+02
 0.401695E+01  0.294798E+02  0.148009E+02
 0.401958E+01  0.154006E+02  0.146484E+02
 0.402222E+01  0.306158E+02  0.147157E+02
 0.402485E+01  0.168962E+02  0.146253E+02
 0.402749E+01  0.840620E+01  0.146913E+02
 0.403012E+01  0.293558E+02  0.146875E+02
 0.403276E+01  0.341644E+02  0.146183E+02
 0.403539E+01  0.414528E+02  0.146481E+02
 0.403802E+01  0.352706E+02  0.146282E+02
 0.404066E+01  0.187854E+02  0.146262E+02
 0.404329E+01  0.945820E+01  0.145853E+02
 0.404593E+01  0.492156E+02  0.147866E+02
 0.404856E+01  0.281270E+02  0.146320E+02
 0.405119E+01  0.138780E+02  0.146648E+02
 0.405383E+01  0.269678E+02  0.148082E+02
 0.405646E+01  0.353906E+02  0.147757E+02
 0.405910E+01  0.356474E+02  0.147469E+02
 0.406173E+01  0.357780E+02  0.148407E+02
 0.406436E+01  0.346178E+02  0.148105E+02
 0.406700E+01  0.365562E+02  0.149174E+02
 0.406963E+01  0.534704E+02  0.148688E+02
 0.407227E+01  0.341462E+02  0.149384E+02
 0.407490E+01  0.202458E+02  0.149242E+02
 0.407753E+01  0.348200E+02  0.149408E+02
 0.408017E+01  0.303792E+02  0.150027E+02
 0.408280E+01  0.288856E+02  0.149166E+02
 0.408544E+01  0.282420E+02  0.149136E+02
 0.408807E+01  0.165380E+02  0.149449E+02
 0.409070E+01  0.238780E+02  0.150046E+02
 0.409334E+01  0.360276E+02  0.151338E+02
 0.409597E+01  0.134304E+02  0.150128E+02
 0.409861E+01  0.323102E+02  0.149921E+02
 0.410124E+01  0.538718E+02  0.150855E+02
 0.410387E+01  0.380084E+02  0.150617E+02
 0.410651E+01  0.135522E+02  0.150195E+02
 0.410914E+01  0.128950E+02  0.150983E+02
 0.411178E+01  0.121790E+02  0.151561E+02
 0.411441E+01  0.309180E+02  0.152203E+02
 0.411704E+01  0.387102E+02  0.152338E+02
 0.411968E+01  0.616006E+02  0.153844E+02
 0.412231E+01  0.393392E+02  0.152840E+02
 0.412495E+01  0.259354E+02  0.152970E+02
 0.412758E+01  0.188972E+02  0.153566E+02
 0.413021E+01  0.125998E+02  0.152519E+02
 0.413285E+01  0.212820E+02  0.154171E+02
 0.413548E+01  0.166714E+02  0.154315E+02
 0.413812E+01  0.249488E+02  0.154966E+02
 0.414075E+01  0.267674E+02  0.154534E+02
 0.414338E+01  0.223400E+02  0.154880E+02
 0.414602E+01  0.503738E+02  0.154989E+02
 0.414865E+01  0.307230E+02  0.154892E+02
 0.415129E+01  0.155934E+02  0.155087E+02
 0.415392E+01  0.199476E+02  0.155076E+02
 0.415655E+01  0.240264E+02  0.154626E+02
 0.415919E+01  0.285374E+02  0.156148E+02
 0.416182E+01  0.450454E+02  0.156005E+02
 0.416446E+01  0.420632E+02  0.155540E+02
 0.416709E+01  0.385588E+02  0.155981E+02
 0.416972E+01  0.444432E+02  0.155318E+02
 0.417236E+01  0.118484E+02  0.155539E+02
 0.417499E+01  0.120340E+02  0.154760E+02
 0.417763E+01  0.251296E+02  0.155557E+02
 0.418026E+01  0.207836E+02  0.155773E+02
 0.418289E+01  0.252688E+02  0.155686E+02
 0.418553E+01  0.467924E+02  0.156660E+02
 0.418816E+01  0.447896E+02  0.156188E+02
 0.419080E+01  0.411620E+02  0.157260E+02
 0.419343E+01  0.402646E+02  0.156974E+02
 0.419606E+01  0.280654E+02  0.155682E+02
 0.419870E+01  0.185970E+02  0.155671E+02
 0.420133E+01  0.190652E+02  0.155412E+02
 0.420397E+01  0.220528E+02  0.157138E+02
 0.420660E+01  0.339776E+02  0.158450E+02
 0.420923E+01  0.354676E+02  0.158065E+02
 0.421187E+01  0.286084E+02  0.158174E+02
 0.421450E+01  0.331548E+02  0.157929E+02
 0.421714E+01  0.316046E+02  0.158573E+02
 0.421977E+01  0.505040E+02  0.158914E+02
 0.422240E+01  0.322072E+02  0.158213E+02
 0.422504E+01  0.370410E+02  0.159189E+02
 0.422767E+01  0.406208E+02  0.159661E+02
 0.423031E+01  0.191016E+02  0.160786E+02
 0.423294E+01  0.147002E+02  0.159801E+02
 0.423557E+01  0.500868E+02  0.161580E+02
 0.423821E+01  0.302498E+02  0.161961E+02
 0.424084E+01  0.277082E+02  0.161773E+02
 0.424348E+01  0.186312E+02  0.161321E+02
 0.424611E+01  0.183620E+02  0.162855E+02
 0.424874E+01  0.148572E+02  0.160565E+02
 0.425138E+01  0.291300E+02  0.162669E+02
 0.425401E+01  0.214298E+02  0.164020E+02
 0.425665E+01  0.240146E+02  0.164174E+02
 0.425928E+01  0.240518E+02  0.163998E+02
 0.426191E+01  0.311894E+02  0.164109E+02
 0.426455E+01  0.227092E+02  0.164915E+02
 0.426718E+01  0.459554E+02  0.164316E+02
 0.426982E+01  0.217680E+02  0.164577E+02
 0.427245E+01  0.417496E+02  0.166344E+02
 0.427508E+01  0.285500E+02  0.165514E+02
 0.427772E+01 -0.391920E+01  0.166293E+02
 0.428035E+01 -0.542760E+01  0.166280E+02
 0.428299E+01  0.125068E+02  0.168354E+02
 0.428562E+01  0.244120E+02  0.169686E+02
 0.428825E+01  0.132990E+02  0.177596E+02
 0.429089E+01  0.397186E+02  0.184022E+02
 0.429352E+01  0.355440E+02  0.189969E+02
 0.429616E+01  0.329566E+02  0.196235E+02
 0.429879E+01  0.358144E+02  0.201945E+02
 0.430142E+01  0.483450E+02  0.206514E+02
 0.430406E+01  0.116730E+02  0.207995E+02
 0.430669E+01  0.450752E+02  0.210883E+02
 0.430933E+01  0.321986E+02  0.212202E+02
 0.431196E+01  0.739660E+01  0.216473E+02
 0.431459E+01  0.287218E+02  0.219074E+02
 0.431723E+01  0.476442E+02  0.220837E+02
 0.431986E+01  0.945820E+01  0.220882E+02
 0.432250E+01  0.644006E+02  0.224173E+02
 0.432513E+01  0.354922E+02  0.223669E+02
 0.432776E+01  0.417000E+02  0.222641E+02
 0.433040E+01  0.267156E+02  0.227481E+02
 0.433303E+01  0.676060E+01  0.229858E+02
 0.433567E+01  0.111176E+02  0.232655E+02
 0.433830E+01  0.232074E+02  0.235311E+02
 0.434093E+01  0.150800E+02  0.233352E+02
 0.434357E+01  0.226140E+02  0.236002E+02
 0.434620E+01  0.442904E+02  0.236921E+02
 0.434884E+01  0.341266E+02  0.239373E+02
 0.435147E+01  0.196968E+02  0.241638E+02
 0.435410E+01  0.804960E+01  0.241583E+02
 0.435674E+01  0.250486E+02  0.245344E+02
 0.435937E+01  0.325198E+02  0.246840E+02
 0.436201E+01  0.172664E+02  0.247615E+02
 0.436464E+01  0.574496E+02  0.250359E+02
 0.436727E+01  0.862920E+01  0.253663E+02
 0.436991E+01  0.258114E+02  0.255667E+02
 0.437254E+01  0.196980E+02  0.253886E+02
 0.437518E+01  0.832960E+01  0.255955E+02
 0.437781E+01  0.193992E+02  0.259962E+02
 0.438044E+01  0.452574E+02  0.262049E+02
 0.438308E+01  0.280398E+02  0.263477E+02
 0.438571E+01  0.347294E+02  0.267066E+02
 0.438835E+01  0.336932E+02  0.268886E+02
 0.439098E+01  0.300964E+02  0.268419E+02
 0.439361E+01  0.179706E+02  0.269110E+02
 0.439625E+01  0.347186E+02  0.273844E+02
 0.439888E+01  0.143400E+02  0.272467E+02
 0.440152E+01  0.426538E+02  0.275899E+02
 0.440415E+01  0.458308E+02  0.276630E+02
 0.440678E+01  0.328880E+02  0.278815E+02
 0.440942E+01  0.487490E+02  0.281234E+02
 0.441205E+01  0.462248E+02  0.284459E+02
 0.441469E+01  0.392518E+02  0.288379E+02
 0.441732E+01  0.279934E+02  0.287914E+02
 0.441995E+01  0.278766E+02  0.288502E+02
 0.442259E+01  0.405480E+01  0.289044E+02
 0.442522E+01  0.287740E+01  0.289395E+02
 0.442786E+01  0.290794E+02  0.298864E+02
 0.443049E+01  0.378406E+02  0.298202E+02
 0.443312E+01  0.386996E+02  0.299107E+02
 0.443576E+01  0.179864E+02  0.299268E+02
 0.443839E+01  0.431930E+02  0.302436E+02
 0.444103E+01  0.184528E+02  0.306048E+02
 0.444366E+01  0.119046E+02  0.310401E+02
 0.444629E+01  0.505890E+02  0.312034E+02
 0.444893E+01  0.347042E+02  0.314962E+02
 0.445156E+01  0.356378E+02  0.314797E+02
 0.445420E+01  0.382078E+02  0.319620E+02
 0.445683E+01  0.449568E+02  0.321790E+02
 0.445946E+01  0.100407E+03  0.323752E+02
 0.446210E+01  0.415254E+02  0.325825E+02
 0.446473E+01  0.523134E+02  0.331487E+02
 0.446737E+01  0.503320E+01  0.336281E+02
 0.447000E+01  0.302586E+02  0.333478E+02
 0.447263E+01  0.539482E+02  0.338279E+02
 0.447527E+01  0.328452E+02  0.342300E+02
 0.447790E+01 -0.340720E+01  0.333273E+02
 0.448054E+01 -0.864980E+01  0.336799E+02
 0.448317E+01  0.565434E+02  0.363084E+02
 0.448580E+01  0.262160E+02  0.457909E+02
 0.448844E+01  0.863942E+02  0.680487E+02
-----------C:\Work\Papers\Mikhail_Bumba_Oct14\Data\CD44Fv1_0101.dat-------------------
Sample description: CD44-Fv1 5                                                                                                                                                                                                                                  
Sample: CD44-Fv1 5  c= 5.0000 mg/ml  Code: CD44Fv1                                                                                                                                                                                                              
Parent(s): processed/subtracted/CD44Fv1_0101_sub.dat                                                                                                                                                                                                            
-----------C:\Work\Papers\Mikhail_Bumba_Oct14\Data\CD44Fv1_0103.dat-------------------
Sample description: CD44-Fv1 2-5                                                                                                                                                                                                                                
Sample: CD44-Fv1 2-5  c= 2.5000 mg/ml  Code: CD44Fv1                                                                                                                                                                                                            
Parent(s): processed/subtracted/CD44Fv1_0103_sub.dat                                                                                                                                                                                                            
-----------C:\Work\Papers\Mikhail_Bumba_Oct14\Data\CD44Fv1_0105.dat-------------------
Sample description: CD44-Fv1 1-25                                                                                                                                                                                                                               
Sample: CD44-Fv1 1-25  c= 1.0000 mg/ml  Code: CD44Fv1                                                                                                                                                                                                           
Parent(s): processed/subtracted/CD44Fv1_0105_sub.dat                                                                                                                                                                                                            