Sample description: LbHsp90
Sample: LbHsp90  c= 0 mg/ml  Code: 
 1.621116e-001  2.940916e-001
 1.750000e-001  2.829924e-001
 1.878884e-001  2.713269e-001
 2.007768e-001  2.583078e-001
 2.136652e-001  2.458962e-001
 2.265536e-001  2.335915e-001
 2.394420e-001  2.215398e-001
 2.523304e-001  2.097778e-001
 2.652188e-001  1.971601e-001
 2.781073e-001  1.864364e-001
 2.909957e-001  1.757810e-001
 3.038841e-001  1.659663e-001
 3.167725e-001  1.562086e-001
 3.296609e-001  1.464174e-001
 3.425493e-001  1.373139e-001
 3.554377e-001  1.293991e-001
 3.683261e-001  1.215564e-001
 3.812145e-001  1.138499e-001
 3.941029e-001  1.066293e-001
 4.069913e-001  9.951670e-002
 4.198797e-001  9.344018e-002
 4.327681e-001  8.778279e-002
 4.456565e-001  8.208373e-002
 4.585449e-001  7.686935e-002
 4.714333e-001  7.193405e-002
 4.843217e-001  6.778676e-002
 4.972101e-001  6.406704e-002
 5.100985e-001  5.996716e-002
 5.229869e-001  5.619261e-002
 5.358753e-001  5.306953e-002
 5.487637e-001  4.985949e-002
 5.616521e-001  4.710536e-002
 5.745406e-001  4.448578e-002
 5.874289e-001  4.190469e-002
 6.003174e-001  3.952591e-002
 6.132058e-001  3.731764e-002
 6.260942e-001  3.542641e-002
 6.389826e-001  3.371099e-002
 6.518710e-001  3.202079e-002
 6.647594e-001  3.034220e-002
 6.776478e-001  2.881164e-002
 6.905362e-001  2.738452e-002
 7.034246e-001  2.614689e-002
 7.163130e-001  2.501716e-002
 7.292014e-001  2.367102e-002
 7.420898e-001  2.267684e-002
 7.549782e-001  2.160752e-002
 7.678666e-001  2.063448e-002
 7.807550e-001  1.981704e-002
 7.936434e-001  1.907400e-002
 8.065319e-001  1.841978e-002
 8.194202e-001  1.759070e-002
 8.323086e-001  1.681145e-002
 8.451970e-001  1.600420e-002
 8.580855e-001  1.565391e-002
 8.709738e-001  1.519167e-002
 8.838623e-001  1.471638e-002
 8.967507e-001  1.399790e-002
 9.096391e-001  1.347521e-002
 9.225275e-001  1.303442e-002
 9.354159e-001  1.265657e-002
 9.483043e-001  1.236108e-002
 9.611927e-001  1.182966e-002
 9.740811e-001  1.129288e-002
 9.869695e-001  1.087367e-002
 9.998579e-001  1.065928e-002
 1.012746e+000  1.042770e-002
 1.025635e+000  1.012366e-002
 1.038523e+000  9.758446e-003
 1.051411e+000  9.605179e-003
 1.064300e+000  9.293968e-003
 1.077188e+000  8.969021e-003
 1.090077e+000  8.555241e-003
 1.102965e+000  8.322197e-003
 1.115854e+000  8.223254e-003
 1.128742e+000  7.846920e-003
 1.141630e+000  7.384218e-003
 1.154519e+000  7.111682e-003
 1.167407e+000  6.860967e-003
 1.180296e+000  6.566003e-003
 1.193184e+000  6.343839e-003
 1.206072e+000  6.120685e-003
 1.218961e+000  5.864937e-003
 1.231849e+000  5.740125e-003
 1.244738e+000  5.709985e-003
 1.257626e+000  5.479396e-003
 1.270514e+000  5.170525e-003
 1.283403e+000  4.845275e-003
 1.296291e+000  4.633259e-003
 1.309180e+000  4.519278e-003
 1.322068e+000  4.427982e-003
 1.334956e+000  4.330342e-003
 1.347845e+000  4.080718e-003
 1.360733e+000  3.836448e-003
 1.373622e+000  3.731150e-003
 1.386510e+000  3.602035e-003
 1.399398e+000  3.510970e-003
 1.412287e+000  3.338033e-003
 1.425175e+000  3.270445e-003
 1.438064e+000  3.170379e-003
 1.450952e+000  3.036137e-003
 1.463840e+000  2.868176e-003
 1.476729e+000  2.774566e-003
 1.489617e+000  2.624218e-003
 1.502506e+000  2.480556e-003
 1.515394e+000  2.536963e-003
 1.528283e+000  2.479893e-003
 1.541171e+000  2.392232e-003
 1.554059e+000  2.311360e-003
 1.566948e+000  2.180352e-003
 1.579836e+000  2.119317e-003
 1.592725e+000  2.136096e-003
 1.605613e+000  2.035125e-003
 1.618501e+000  1.850814e-003
 1.631390e+000  1.727054e-003
 1.644278e+000  1.755253e-003
 1.657167e+000  1.741992e-003
 1.670055e+000  1.662713e-003
 1.682943e+000  1.591886e-003
 1.695832e+000  1.643261e-003
 1.708720e+000  1.591435e-003
 1.721609e+000  1.324773e-003
 1.734497e+000  1.268626e-003
 1.747385e+000  1.347088e-003
 1.760274e+000  1.300407e-003
 1.773162e+000  1.299480e-003
 1.786051e+000  1.309000e-003
 1.798939e+000  1.295886e-003
 1.811827e+000  1.258626e-003
 1.824716e+000  1.151241e-003
 1.837604e+000  1.125621e-003
 1.850493e+000  1.046945e-003
 1.863381e+000  9.802831e-004
 1.876269e+000  9.556553e-004
 1.889158e+000  9.377461e-004
 1.902046e+000  9.397684e-004
 1.914935e+000  9.856239e-004
 1.927823e+000  9.713150e-004
 1.940711e+000  1.062003e-003
 1.953600e+000  1.080144e-003
 1.966488e+000  1.075871e-003
 1.979377e+000  1.081074e-003
 1.992265e+000  9.727023e-004
 2.005153e+000  8.968708e-004
 2.018042e+000  8.805167e-004
 2.030930e+000  8.760787e-004
 2.043819e+000  8.446716e-004
 2.056707e+000  8.618229e-004
 2.069596e+000  8.019303e-004
 2.082484e+000  8.434433e-004
 2.095372e+000  8.168940e-004
 2.108261e+000  7.768108e-004
 2.121149e+000  7.899009e-004
 2.134037e+000  8.324183e-004
 2.146926e+000  7.974161e-004
 2.159814e+000  7.305951e-004
 2.172703e+000  7.339465e-004
 2.185591e+000  7.303539e-004
 2.198479e+000  7.128428e-004
 2.211368e+000  6.688067e-004
 2.224256e+000  5.753841e-004
 2.237145e+000  5.651545e-004
 2.250033e+000  6.680366e-004
 2.262922e+000  7.385744e-004
 2.275810e+000  6.733886e-004
 2.288698e+000  6.790601e-004
 2.301587e+000  6.797361e-004
 2.314475e+000  6.860976e-004
 2.327364e+000  7.206805e-004
 2.340252e+000  6.105315e-004
 2.353140e+000  6.651448e-004
 2.366029e+000  7.444821e-004
 2.378917e+000  6.713934e-004
 2.391806e+000  5.671085e-004
 2.404694e+000  6.975015e-004
 2.417583e+000  7.507517e-004
 2.430471e+000  6.581505e-004
 2.443359e+000  6.028552e-004
 2.456248e+000  6.340596e-004
 2.469136e+000  6.963346e-004
 2.482024e+000  6.520398e-004
 2.494913e+000  6.071524e-004
 2.507801e+000  6.185487e-004
 2.520690e+000  6.665026e-004
 2.533578e+000  6.270704e-004
 2.546466e+000  6.353239e-004
 2.559355e+000  5.891713e-004
 2.572243e+000  5.722335e-004
 2.585132e+000  6.993641e-004
 2.598020e+000  6.589970e-004
 2.610908e+000  6.003687e-004
 2.623797e+000  6.944789e-004
 2.636685e+000  6.749847e-004
 2.649574e+000  7.381473e-004
 2.662462e+000  6.848416e-004
 2.675350e+000  6.265961e-004
 2.688239e+000  6.324298e-004
 2.701127e+000  7.089865e-004
 2.714016e+000  7.256555e-004
 2.726904e+000  6.554027e-004
 2.739793e+000  5.122421e-004
 2.752681e+000  5.292082e-004
 2.765569e+000  6.989088e-004
 2.778458e+000  7.134908e-004
 2.791346e+000  7.197949e-004
 2.804235e+000  6.449526e-004
 2.817123e+000  6.930529e-004
 2.830011e+000  6.655940e-004
 2.842900e+000  6.445366e-004
 2.855788e+000  7.014801e-004
 2.868677e+000  6.399089e-004
 2.881565e+000  5.942427e-004
 2.894453e+000  5.620498e-004
 2.907342e+000  5.246922e-004
 2.920230e+000  5.970736e-004
 2.933119e+000  6.490135e-004
 2.946007e+000  7.290815e-004
 2.958895e+000  7.119560e-004
 2.971784e+000  6.281083e-004
 2.984672e+000  5.661924e-004
 2.997561e+000  6.056073e-004
 3.010449e+000  5.945380e-004
 3.023337e+000  6.053589e-004
 3.036226e+000  6.561665e-004
 3.049114e+000  6.594374e-004
 3.062003e+000  6.263844e-004
 3.074891e+000  5.772658e-004
 3.087780e+000  5.039218e-004
 3.100668e+000  5.127611e-004
 3.113556e+000  6.053578e-004
 3.126445e+000  6.359890e-004
 3.139333e+000  6.280440e-004
 3.152221e+000  5.623744e-004
 3.165110e+000  5.077796e-004
 3.177998e+000  5.535230e-004
 3.190887e+000  6.111679e-004
 3.203775e+000  5.846539e-004
 3.216663e+000  6.127456e-004
 3.229552e+000  6.359049e-004
 3.242440e+000  5.980523e-004
 3.255329e+000  5.917909e-004
 3.268217e+000  5.350171e-004
 3.281105e+000  4.903922e-004
 3.293994e+000  4.249689e-004
range-from: 1
range-to: 244
