
Sample:   c= 0 mg/ml  Code: 
 3.637830e-002  2.449470e+001  1.649585e+001
 4.111730e-002  2.486935e+001  6.063300e+000
 4.585640e-002  2.651145e+001  4.663125e+000
 5.059550e-002  2.510495e+001  3.702340e+000
 5.533460e-002  2.458025e+001  2.992260e+000
 6.007370e-002  2.531530e+001  2.492605e+000
 6.481280e-002  2.510735e+001  2.135380e+000
 6.955190e-002  2.647960e+001  1.871115e+000
 7.429100e-002  2.678415e+001  1.659480e+000
 7.903010e-002  2.658505e+001  1.489490e+000
 8.376920e-002  2.721145e+001  1.359525e+000
 8.850830e-002  2.714935e+001  1.253075e+000
 9.324740e-002  2.582700e+001  1.157230e+000
 9.798650e-002  2.554280e+001  1.076610e+000
 1.027260e-001  2.569995e+001  1.011700e+000
 1.074650e-001  2.579600e+001  9.575300e-001
 1.122040e-001  2.645690e+001  9.118350e-001
 1.169430e-001  2.649915e+001  8.718850e-001
 1.216820e-001  2.585925e+001  8.333650e-001
 1.264210e-001  2.547425e+001  7.985400e-001
 1.311600e-001  2.601140e+001  7.703300e-001
 1.358990e-001  2.600320e+001  7.433650e-001
 1.406380e-001  2.610530e+001  7.188350e-001
 1.453770e-001  2.546720e+001  6.971750e-001
 1.501170e-001  2.505715e+001  6.780300e-001
 1.548560e-001  2.545775e+001  6.612300e-001
 1.595950e-001  2.552975e+001  6.453050e-001
 1.643340e-001  2.513825e+001  6.299300e-001
 1.690730e-001  2.574540e+001  6.153850e-001
 1.738120e-001  2.589450e+001  6.014550e-001
 1.785510e-001  2.559395e+001  5.888550e-001
 1.832900e-001  2.550350e+001  5.777750e-001
 1.880290e-001  2.571540e+001  5.678500e-001
 1.927680e-001  2.561885e+001  5.577050e-001
 1.975070e-001  2.528085e+001  5.479350e-001
 2.022460e-001  2.547165e+001  5.395050e-001
 2.069860e-001  2.532520e+001  5.312350e-001
 2.117250e-001  2.524745e+001  5.233000e-001
 2.164640e-001  2.532935e+001  5.163500e-001
 2.212030e-001  2.534375e+001  5.089550e-001
 2.259420e-001  2.544330e+001  5.022050e-001
 2.306810e-001  2.512030e+001  4.951490e-001
 2.354200e-001  2.478945e+001  4.885285e-001
 2.401590e-001  2.460175e+001  4.824570e-001
 2.448980e-001  2.446175e+001  4.764380e-001
 2.496380e-001  2.415015e+001  4.708260e-001
 2.543770e-001  2.413320e+001  4.662590e-001
 2.591160e-001  2.450385e+001  4.620805e-001
 2.638550e-001  2.422665e+001  4.570720e-001
 2.685940e-001  2.341115e+001  4.516365e-001
 2.733330e-001  2.339500e+001  4.471785e-001
 2.780720e-001  2.407395e+001  4.433420e-001
 2.828110e-001  2.409915e+001  4.383610e-001
 2.875500e-001  2.382810e+001  4.330320e-001
 2.922890e-001  2.384715e+001  4.284595e-001
 2.970280e-001  2.390600e+001  4.246660e-001
 3.017680e-001  2.386305e+001  4.229605e-001
 3.065070e-001  2.370930e+001  4.254050e-001
 3.112460e-001  2.337090e+001  4.281380e-001
 3.159850e-001  2.337400e+001  4.296755e-001
 3.207240e-001  2.329120e+001  4.298945e-001
 3.254630e-001  2.320015e+001  4.292535e-001
 3.302020e-001  2.339125e+001  4.288330e-001
 3.349410e-001  2.336405e+001  4.281810e-001
 3.396800e-001  2.336910e+001  4.276125e-001
 3.444190e-001  2.358110e+001  4.296915e-001
 3.491580e-001  2.329375e+001  4.361730e-001
 3.538970e-001  2.293605e+001  4.422645e-001
 3.586370e-001  2.261510e+001  4.464630e-001
 3.633760e-001  2.208035e+001  4.495095e-001
 3.681150e-001  2.179385e+001  4.522900e-001
 3.728540e-001  2.173360e+001  4.544255e-001
 3.775930e-001  2.212750e+001  4.572875e-001
 3.823320e-001  2.206155e+001  4.591925e-001
 3.870710e-001  2.211935e+001  4.615455e-001
 3.918100e-001  2.188550e+001  4.633245e-001
 3.965490e-001  2.181815e+001  4.646735e-001
 4.012880e-001  2.164165e+001  4.648955e-001
 4.060280e-001  2.113960e+001  4.650170e-001
 4.107670e-001  2.097500e+001  4.658560e-001
 4.155060e-001  2.115080e+001  4.682095e-001
 4.202450e-001  2.091850e+001  4.709830e-001
 4.249840e-001  2.104620e+001  4.734395e-001
 4.297230e-001  2.079195e+001  4.731025e-001
 4.344620e-001  2.072970e+001  4.754185e-001
 4.392010e-001  2.059880e+001  4.850785e-001
 4.439400e-001  2.042120e+001  4.977345e-001
 4.486790e-001  2.028340e+001  5.071250e-001
 4.534190e-001  2.025650e+001  5.143900e-001
 4.581580e-001  2.012685e+001  5.206700e-001
 4.628970e-001  1.989105e+001  5.262300e-001
 4.676360e-001  1.987585e+001  5.319500e-001
 4.723750e-001  1.942660e+001  5.367750e-001
 4.771140e-001  1.891310e+001  5.404850e-001
 4.818530e-001  1.895275e+001  5.450600e-001
 4.865920e-001  1.908575e+001  5.506550e-001
 4.913310e-001  1.930580e+001  5.558700e-001
 4.960700e-001  1.971300e+001  5.597600e-001
 5.008090e-001  1.979480e+001  5.575050e-001
 5.055480e-001  1.970655e+001  5.421150e-001
 5.102880e-001  1.971560e+001  5.291600e-001
 5.150270e-001  1.945960e+001  5.202200e-001
 5.197660e-001  1.924675e+001  5.134000e-001
 5.245050e-001  1.903825e+001  5.078650e-001
 5.292440e-001  1.852525e+001  5.032400e-001
 5.339830e-001  1.806505e+001  4.994360e-001
 5.387220e-001  1.781250e+001  4.956350e-001
 5.434610e-001  1.795345e+001  4.923650e-001
 5.482000e-001  1.818690e+001  4.901905e-001
 5.529400e-001  1.807360e+001  4.880090e-001
 5.576790e-001  1.798290e+001  4.841675e-001
 5.624180e-001  1.770925e+001  4.808825e-001
 5.671570e-001  1.765490e+001  4.769840e-001
 5.718960e-001  1.754555e+001  4.733390e-001
 5.766350e-001  1.726065e+001  4.697695e-001
 5.813740e-001  1.696025e+001  4.661035e-001
 5.861130e-001  1.682890e+001  4.630620e-001
 5.908520e-001  1.684135e+001  4.599660e-001
 5.955910e-001  1.710185e+001  4.571575e-001
 6.003300e-001  1.718705e+001  4.542550e-001
 6.050700e-001  1.705130e+001  4.511410e-001
 6.098090e-001  1.662810e+001  4.483610e-001
 6.145480e-001  1.601930e+001  4.458875e-001
 6.192870e-001  1.569265e+001  4.441955e-001
 6.240260e-001  1.569690e+001  4.432505e-001
 6.287650e-001  1.598000e+001  4.421470e-001
 6.335040e-001  1.603225e+001  4.412255e-001
 6.382430e-001  1.597220e+001  4.400410e-001
 6.429820e-001  1.568900e+001  4.388670e-001
 6.477210e-001  1.573575e+001  4.381520e-001
 6.524600e-001  1.591625e+001  4.369080e-001
 6.572000e-001  1.596600e+001  4.360680e-001
 6.619390e-001  1.533455e+001  4.346805e-001
 6.666780e-001  1.516830e+001  4.334640e-001
 6.714170e-001  1.537425e+001  4.322725e-001
 6.761560e-001  1.521505e+001  4.309190e-001
 6.808950e-001  1.488895e+001  4.294900e-001
 6.856340e-001  1.458955e+001  4.284620e-001
 6.903730e-001  1.432960e+001  4.272610e-001
 6.951120e-001  1.458120e+001  4.261125e-001
 6.998510e-001  1.473000e+001  4.254100e-001
 7.045910e-001  1.452825e+001  4.247435e-001
 7.093300e-001  1.422925e+001  4.234185e-001
 7.140690e-001  1.412900e+001  4.221880e-001
 7.188080e-001  1.402780e+001  4.208350e-001
 7.235470e-001  1.422280e+001  4.199250e-001
 7.282860e-001  1.379160e+001  4.184835e-001
 7.330250e-001  1.343230e+001  4.174520e-001
 7.377640e-001  1.353680e+001  4.166110e-001
 7.425030e-001  1.323130e+001  4.151735e-001
 7.472420e-001  1.283570e+001  4.137240e-001
 7.519810e-001  1.312970e+001  4.128670e-001
 7.567210e-001  1.336805e+001  4.121270e-001
 7.614600e-001  1.332195e+001  4.114945e-001
 7.661990e-001  1.336225e+001  4.112675e-001
 7.709380e-001  1.334120e+001  4.109555e-001
 7.756770e-001  1.256880e+001  4.096065e-001
 7.804160e-001  1.197620e+001  4.076030e-001
 7.851550e-001  1.223110e+001  4.067960e-001
 7.898940e-001  1.219155e+001  4.061045e-001
 7.946330e-001  1.201395e+001  4.049680e-001
 7.993720e-001  1.214405e+001  4.037375e-001
 8.041110e-001  1.206060e+001  4.023560e-001
 8.088510e-001  1.202800e+001  4.013290e-001
 8.135900e-001  1.191565e+001  4.007250e-001
 8.183290e-001  1.121735e+001  3.998770e-001
 8.230680e-001  1.117185e+001  3.989285e-001
 8.278070e-001  1.144270e+001  3.983815e-001
 8.325460e-001  1.125785e+001  3.971650e-001
 8.372850e-001  1.166060e+001  3.963360e-001
 8.420240e-001  1.154530e+001  3.955000e-001
 8.467630e-001  1.125665e+001  3.947200e-001
 8.515020e-001  1.095595e+001  3.941385e-001
 8.562410e-001  1.115945e+001  3.935670e-001
 8.609810e-001  1.087590e+001  3.923665e-001
 8.657200e-001  1.109745e+001  3.912280e-001
 8.704590e-001  1.133880e+001  3.912010e-001
 8.751980e-001  1.126915e+001  3.907590e-001
 8.799370e-001  1.112805e+001  3.900605e-001
 8.846760e-001  1.059220e+001  3.885820e-001
 8.894150e-001  9.894500e+000  3.871185e-001
 8.941540e-001  9.988950e+000  3.865410e-001
 8.988930e-001  1.022735e+001  3.859600e-001
 9.036320e-001  1.019435e+001  3.851010e-001
 9.083710e-001  1.028865e+001  3.841030e-001
 9.131110e-001  1.033240e+001  3.835250e-001
 9.178500e-001  1.014780e+001  3.828030e-001
 9.225890e-001  1.034830e+001  3.818985e-001
 9.273280e-001  1.039545e+001  3.812050e-001
 9.320670e-001  9.957000e+000  3.801730e-001
 9.368060e-001  9.394500e+000  3.791485e-001
 9.415450e-001  9.589000e+000  3.786615e-001
 9.462840e-001  9.728900e+000  3.781140e-001
 9.510230e-001  9.519550e+000  3.770680e-001
 9.557620e-001  9.358350e+000  3.758945e-001
 9.605020e-001  9.093250e+000  3.750490e-001
 9.652410e-001  8.999400e+000  3.743410e-001
 9.699800e-001  9.263800e+000  3.740675e-001
 9.747190e-001  9.016100e+000  3.730610e-001
 9.794580e-001  8.696100e+000  3.721875e-001
 9.841970e-001  8.674900e+000  3.716210e-001
 9.889360e-001  8.823900e+000  3.713595e-001
 9.936750e-001  8.958250e+000  3.708420e-001
 9.984140e-001  8.536500e+000  3.700925e-001
 1.003150e+000  8.471600e+000  3.689800e-001
 1.007890e+000  8.197100e+000  3.677060e-001
 1.012630e+000  8.134200e+000  3.665900e-001
 1.017370e+000  8.261650e+000  3.660550e-001
 1.022110e+000  8.395400e+000  3.658075e-001
 1.026850e+000  8.225150e+000  3.650480e-001
 1.031590e+000  7.881100e+000  3.644445e-001
 1.036330e+000  7.640600e+000  3.636015e-001
 1.041070e+000  7.708500e+000  3.624605e-001
 1.045810e+000  8.008950e+000  3.630630e-001
 1.050540e+000  8.039750e+000  3.615065e-001
 1.055280e+000  7.725650e+000  3.606835e-001
 1.060020e+000  7.837750e+000  3.602725e-001
 1.064760e+000  8.008400e+000  3.600760e-001
 1.069500e+000  8.002950e+000  3.592605e-001
 1.074240e+000  7.531050e+000  3.579460e-001
 1.078980e+000  7.142700e+000  3.569775e-001
 1.083720e+000  7.184200e+000  3.563380e-001
 1.088460e+000  7.050700e+000  3.555920e-001
 1.093200e+000  7.057550e+000  3.545990e-001
 1.097940e+000  7.238650e+000  3.553455e-001
 1.102670e+000  7.020650e+000  3.537905e-001
 1.107410e+000  7.039700e+000  3.532160e-001
 1.112150e+000  7.006750e+000  3.528565e-001
 1.116890e+000  6.628750e+000  3.521360e-001
 1.121630e+000  6.546800e+000  3.517265e-001
 1.126370e+000  6.631300e+000  3.512095e-001
 1.131110e+000  6.621850e+000  3.506230e-001
 1.135850e+000  6.785800e+000  3.497315e-001
 1.140590e+000  6.935800e+000  3.488995e-001
 1.145330e+000  6.783900e+000  3.490780e-001
 1.150060e+000  6.285950e+000  3.472260e-001
 1.154800e+000  6.277400e+000  3.468210e-001
 1.159540e+000  6.272650e+000  3.462200e-001
 1.164280e+000  6.210800e+000  3.456580e-001
 1.169020e+000  6.188250e+000  3.449465e-001
 1.173760e+000  5.948500e+000  3.441760e-001
 1.178500e+000  6.066600e+000  3.438075e-001
 1.183240e+000  6.174350e+000  3.435290e-001
 1.187980e+000  6.084650e+000  3.429755e-001
 1.192720e+000  5.934300e+000  3.421350e-001
 1.197460e+000  5.832700e+000  3.428305e-001
 1.202190e+000  5.830550e+000  3.414730e-001
 1.206930e+000  5.829800e+000  3.409330e-001
 1.211670e+000  5.602000e+000  3.402385e-001
 1.216410e+000  5.513800e+000  3.393380e-001
 1.221150e+000  5.502450e+000  3.387205e-001
 1.225890e+000  5.560350e+000  3.381935e-001
 1.230630e+000  5.337400e+000  3.376040e-001
 1.235370e+000  5.344850e+000  3.373540e-001
 1.240110e+000  5.374050e+000  3.385055e-001
 1.244850e+000  5.405800e+000  3.440845e-001
 1.249590e+000  5.113000e+000  3.531095e-001
 1.254320e+000  4.871920e+000  3.583075e-001
 1.259060e+000  5.023700e+000  3.638200e-001
 1.263800e+000  5.242250e+000  3.682600e-001
 1.268540e+000  5.258400e+000  3.720665e-001
 1.273280e+000  5.007150e+000  3.756750e-001
 1.278020e+000  4.774425e+000  3.793205e-001
 1.282760e+000  4.877075e+000  3.826820e-001
 1.287500e+000  4.919145e+000  3.847560e-001
 1.292240e+000  4.812400e+000  3.865365e-001
 1.296980e+000  4.534600e+000  3.873565e-001
 1.301720e+000  4.263040e+000  3.889190e-001
 1.306450e+000  4.475905e+000  3.859105e-001
 1.311190e+000  4.891815e+000  3.770605e-001
 1.315930e+000  4.895015e+000  3.676540e-001
 1.320670e+000  4.546725e+000  3.605155e-001
 1.325410e+000  4.104230e+000  3.549950e-001
 1.330150e+000  3.788580e+000  3.508285e-001
 1.334890e+000  4.013490e+000  3.475110e-001
 1.339630e+000  4.345885e+000  3.444645e-001
 1.344370e+000  4.460505e+000  3.416195e-001
 1.349110e+000  4.456065e+000  3.388875e-001
 1.353850e+000  4.306930e+000  3.378395e-001
 1.358580e+000  4.380250e+000  3.359360e-001
 1.363320e+000  4.489920e+000  3.352310e-001
 1.368060e+000  4.615050e+000  3.344700e-001
 1.372800e+000  4.256110e+000  3.336170e-001
 1.377540e+000  3.933055e+000  3.326705e-001
 1.382280e+000  3.637765e+000  3.316305e-001
 1.387020e+000  3.421010e+000  3.306845e-001
 1.391760e+000  3.380310e+000  3.299170e-001
 1.396500e+000  3.538470e+000  3.296175e-001
 1.401240e+000  3.967950e+000  3.289295e-001
 1.405980e+000  4.123300e+000  3.291400e-001
 1.410710e+000  4.052070e+000  3.276305e-001
 1.415450e+000  3.826305e+000  3.270055e-001
 1.420190e+000  3.459260e+000  3.260990e-001
 1.424930e+000  3.298460e+000  3.252410e-001
 1.429670e+000  3.414350e+000  3.247830e-001
 1.434410e+000  3.567590e+000  3.244260e-001
 1.439150e+000  3.406810e+000  3.236955e-001
 1.443890e+000  3.299680e+000  3.227260e-001
 1.448630e+000  3.350810e+000  3.223150e-001
 1.453370e+000  3.204175e+000  3.216550e-001
 1.458110e+000  3.180570e+000  3.218145e-001
 1.462840e+000  2.957275e+000  3.200660e-001
 1.467580e+000  3.035725e+000  3.200585e-001
 1.472320e+000  3.031185e+000  3.198675e-001
 1.477060e+000  3.076115e+000  3.192055e-001
 1.481800e+000  3.303520e+000  3.186465e-001
 1.486540e+000  3.312770e+000  3.182520e-001
 1.491280e+000  3.201760e+000  3.177680e-001
 1.496020e+000  3.190485e+000  3.171950e-001
 1.500760e+000  3.232030e+000  3.175035e-001
 1.505500e+000  3.169670e+000  3.206005e-001
 1.510240e+000  2.797485e+000  3.289540e-001
 1.514970e+000  2.505670e+000  3.344065e-001
 1.519710e+000  2.673480e+000  3.394740e-001
 1.524450e+000  2.816035e+000  3.436755e-001
 1.529190e+000  2.903000e+000  3.459840e-001
 1.533930e+000  3.030075e+000  3.428025e-001
 1.538670e+000  2.770920e+000  3.356225e-001
 1.543410e+000  2.527355e+000  3.299620e-001
 1.548150e+000  2.397375e+000  3.256600e-001
 1.552890e+000  2.297535e+000  3.220855e-001
 1.557630e+000  2.370545e+000  3.193445e-001
 1.562370e+000  2.688505e+000  3.173130e-001
 1.567110e+000  2.714610e+000  3.165225e-001
 1.571840e+000  2.524010e+000  3.140775e-001
 1.576580e+000  2.510535e+000  3.124710e-001
 1.581320e+000  2.720965e+000  3.110790e-001
 1.586060e+000  2.599690e+000  3.097870e-001
 1.590800e+000  2.364385e+000  3.086880e-001
 1.595540e+000  2.467490e+000  3.083490e-001
 1.600280e+000  2.533900e+000  3.086725e-001
 1.605020e+000  2.498225e+000  3.089575e-001
 1.609760e+000  2.229200e+000  3.089985e-001
 1.614500e+000  2.223375e+000  3.089200e-001
 1.619240e+000  2.445325e+000  3.096885e-001
 1.623970e+000  2.571825e+000  3.083545e-001
 1.628710e+000  2.548470e+000  3.080040e-001
 1.633450e+000  2.280590e+000  3.073680e-001
 1.638190e+000  2.138980e+000  3.067185e-001
 1.642930e+000  1.967520e+000  3.061980e-001
 1.647670e+000  2.119820e+000  3.057400e-001
 1.652410e+000  2.327675e+000  3.054270e-001
 1.657150e+000  2.172590e+000  3.048025e-001
 1.661890e+000  1.939455e+000  3.042825e-001
 1.666630e+000  1.834970e+000  3.035270e-001
 1.671370e+000  1.956885e+000  3.040080e-001
 1.676100e+000  2.079420e+000  3.028125e-001
 1.680840e+000  1.910155e+000  3.025675e-001
 1.685580e+000  1.813955e+000  3.022515e-001
 1.690320e+000  1.718570e+000  3.015025e-001
 1.695060e+000  1.535805e+000  3.008445e-001
 1.699800e+000  1.689800e+000  3.004910e-001
 1.704540e+000  2.081730e+000  3.002895e-001
 1.709280e+000  1.942970e+000  2.996580e-001
 1.714020e+000  1.488200e+000  2.989920e-001
 1.718760e+000  1.409965e+000  2.983540e-001
 1.723500e+000  1.618965e+000  2.988595e-001
 1.728230e+000  1.583235e+000  2.976610e-001
 1.732970e+000  1.530465e+000  2.972940e-001
 1.737710e+000  1.363730e+000  2.970235e-001
 1.742450e+000  1.564020e+000  2.965670e-001
 1.747190e+000  1.622325e+000  2.962530e-001
 1.751930e+000  1.604295e+000  2.958335e-001
 1.756670e+000  1.811055e+000  2.956740e-001
 1.761410e+000  1.907255e+000  2.955910e-001
 1.766150e+000  1.699340e+000  2.948540e-001
 1.770890e+000  1.573940e+000  2.939830e-001
 1.775630e+000  1.533045e+000  2.944785e-001
 1.780360e+000  1.427835e+000  2.932820e-001
 1.785100e+000  1.440645e+000  2.930810e-001
 1.789840e+000  1.254520e+000  2.925130e-001
 1.794580e+000  1.004685e+000  2.919610e-001
 1.799320e+000  1.076115e+000  2.917895e-001
 1.804060e+000  1.309900e+000  2.915400e-001
 1.808800e+000  1.421385e+000  2.911910e-001
 1.813540e+000  1.335750e+000  2.907365e-001
 1.818280e+000  1.295315e+000  2.903135e-001
 1.823020e+000  1.407195e+000  2.897060e-001
 1.827760e+000  1.471455e+000  2.902210e-001
 1.832490e+000  1.351220e+000  2.889745e-001
 1.837230e+000  1.435965e+000  2.887945e-001
 1.841970e+000  1.447420e+000  2.885825e-001
 1.846710e+000  1.390665e+000  2.882095e-001
 1.851450e+000  1.060435e+000  2.876055e-001
 1.856190e+000  8.478100e-001  2.873260e-001
 1.860930e+000  1.026280e+000  2.869425e-001
 1.865670e+000  1.183955e+000  2.864340e-001
 1.870410e+000  1.236865e+000  2.861445e-001
 1.875150e+000  1.258240e+000  2.855490e-001
 1.879890e+000  1.142470e+000  2.861990e-001
 1.884620e+000  1.035470e+000  2.849940e-001
 1.889360e+000  1.067400e+000  2.846130e-001
 1.894100e+000  1.007640e+000  2.840900e-001
 1.898840e+000  1.166230e+000  2.838020e-001
 1.903580e+000  1.329695e+000  2.835060e-001
 1.908320e+000  1.288170e+000  2.832110e-001
 1.913060e+000  1.020770e+000  2.828645e-001
 1.917800e+000  7.509200e-001  2.823310e-001
 1.922540e+000  8.623250e-001  1.618955e-001
 1.927280e+000  9.286000e-001  1.964765e-001
 1.932020e+000  9.299800e-001  3.387790e-001
 1.936760e+000  9.812350e-001  1.536045e-001
 1.941490e+000  9.721050e-001  7.546400e-002
 1.946230e+000  9.515200e-001  7.542500e-002
 1.950970e+000  9.763000e-001  7.535250e-002
 1.955710e+000  1.029965e+000  7.522600e-002
 1.960450e+000  1.026310e+000  7.504400e-002
 1.965190e+000  9.665650e-001  7.482300e-002
 1.969930e+000  9.439500e-001  7.458350e-002
 1.974670e+000  9.168900e-001  7.440950e-002
 1.979410e+000  8.641650e-001  7.431850e-002
 1.984150e+000  8.167650e-001  7.416500e-002
 1.988890e+000  8.033050e-001  7.429400e-002
 1.993620e+000  7.828250e-001  7.399450e-002
 1.998360e+000  7.596350e-001  7.397850e-002
 2.003100e+000  7.956450e-001  7.398450e-002
 2.007840e+000  8.531550e-001  7.400250e-002
 2.012580e+000  8.522500e-001  7.402150e-002
 2.017320e+000  7.783050e-001  7.397950e-002
 2.022060e+000  7.669300e-001  7.390900e-002
 2.026800e+000  7.872350e-001  7.382300e-002
 2.031540e+000  8.302400e-001  7.373650e-002
 2.036280e+000  8.122250e-001  7.391400e-002
 2.041010e+000  8.215250e-001  7.365450e-002
 2.045750e+000  7.861500e-001  7.395700e-002
 2.050490e+000  7.467450e-001  7.497200e-002
 2.055230e+000  7.377400e-001  7.647400e-002
 2.059970e+000  7.339900e-001  7.772350e-002
 2.064710e+000  7.427100e-001  7.867650e-002
 2.069450e+000  7.704150e-001  7.947250e-002
 2.074190e+000  7.604800e-001  8.016550e-002
 2.078930e+000  7.167300e-001  8.068900e-002
 2.083670e+000  6.694700e-001  8.096450e-002
 2.088410e+000  6.898350e-001  8.150500e-002
 2.093140e+000  7.159000e-001  8.146150e-002
 2.097880e+000  6.902450e-001  8.169150e-002
 2.102620e+000  6.332400e-001  8.185950e-002
 2.107360e+000  6.208300e-001  8.194550e-002
 2.112100e+000  5.949800e-001  8.151500e-002
 2.116840e+000  5.770650e-001  8.007350e-002
 2.121580e+000  6.018700e-001  7.852650e-002
 2.126320e+000  6.404950e-001  7.732600e-002
 2.131060e+000  6.340900e-001  7.637400e-002
 2.135800e+000  6.046650e-001  7.553000e-002
 2.140540e+000  5.917350e-001  7.517350e-002
 2.145270e+000  6.009450e-001  7.456100e-002
 2.150010e+000  5.976300e-001  7.434850e-002
 2.154750e+000  5.790550e-001  7.417150e-002
 2.159490e+000  5.712600e-001  7.400500e-002
 2.164230e+000  5.255550e-001  7.381700e-002
 2.168970e+000  5.108950e-001  7.362800e-002
 2.173710e+000  5.722000e-001  7.349750e-002
 2.178450e+000  6.329600e-001  7.334400e-002
 2.183190e+000  6.199500e-001  7.317100e-002
 2.187930e+000  6.302200e-001  7.301350e-002
 2.192670e+000  6.456400e-001  7.317700e-002
 2.197400e+000  6.613750e-001  7.285400e-002
 2.202140e+000  6.127400e-001  7.273700e-002
 2.206880e+000  5.738050e-001  7.259550e-002
 2.211620e+000  5.619600e-001  7.245250e-002
 2.216360e+000  4.842715e-001  7.232700e-002
 2.221100e+000  4.680925e-001  7.226350e-002
 2.225840e+000  4.576540e-001  7.215800e-002
 2.230580e+000  4.216565e-001  7.200800e-002
 2.235320e+000  4.181445e-001  7.187550e-002
 2.240060e+000  4.691980e-001  7.171750e-002
 2.244800e+000  5.159450e-001  7.187600e-002
 2.249530e+000  4.718015e-001  7.157200e-002
 2.254270e+000  4.408260e-001  7.150750e-002
 2.259010e+000  4.364085e-001  7.142750e-002
 2.263750e+000  4.402035e-001  7.128700e-002
 2.268490e+000  4.426210e-001  7.116600e-002
 2.273230e+000  4.470290e-001  7.110750e-002
 2.277970e+000  5.188350e-001  7.105200e-002
 2.282710e+000  5.552950e-001  7.100100e-002
 2.287450e+000  5.067600e-001  7.088500e-002
 2.292190e+000  4.466130e-001  7.070200e-002
 2.296930e+000  3.912685e-001  7.086700e-002
 2.301660e+000  3.746110e-001  7.056600e-002
 2.306400e+000  3.593825e-001  7.046500e-002
 2.311140e+000  3.705545e-001  7.040350e-002
 2.315880e+000  3.808655e-001  7.033150e-002
 2.320620e+000  4.273885e-001  7.023600e-002
 2.325360e+000  4.501340e-001  7.016500e-002
 2.330100e+000  4.468970e-001  7.011300e-002
 2.334840e+000  4.434695e-001  7.003400e-002
 2.339580e+000  4.892705e-001  6.994950e-002
 2.344320e+000  5.188200e-001  6.979900e-002
 2.349060e+000  4.952185e-001  6.991050e-002
 2.353790e+000  4.855685e-001  6.960150e-002
 2.358530e+000  4.552500e-001  6.956500e-002
 2.363270e+000  4.307220e-001  6.951550e-002
 2.368010e+000  4.278070e-001  6.944650e-002
 2.372750e+000  3.953605e-001  6.932500e-002
 2.377490e+000  3.659420e-001  6.921650e-002
 2.382230e+000  3.659670e-001  6.914500e-002
 2.386970e+000  3.409105e-001  6.913350e-002
 2.391710e+000  3.086370e-001  7.083150e-002
 2.396450e+000  3.273430e-001  7.898200e-002
 2.401190e+000  3.686560e-001  8.440250e-002
 2.405920e+000  3.896515e-001  2.188990e-001
 2.410660e+000  4.220245e-001  2.958545e-002
 2.415400e+000  3.920885e-001  2.953980e-002
 2.420140e+000  3.736695e-001  2.951360e-002
 2.424880e+000  3.686905e-001  2.948745e-002
 2.429620e+000  3.721995e-001  2.946025e-002
 2.434360e+000  3.824505e-001  2.944260e-002
 2.439100e+000  3.814995e-001  2.941370e-002
 2.443840e+000  3.910905e-001  2.936725e-002
 2.448580e+000  3.842115e-001  2.929720e-002
 2.453320e+000  3.769105e-001  2.936150e-002
 2.458050e+000  3.856545e-001  2.926795e-002
 2.462790e+000  3.583135e-001  2.923430e-002
 2.467530e+000  3.600470e-001  2.921995e-002
 2.472270e+000  3.559590e-001  2.919170e-002
 2.477010e+000  3.375875e-001  2.915610e-002
 2.481750e+000  3.446780e-001  2.910535e-002
 2.486490e+000  3.398375e-001  2.906120e-002
 2.491230e+000  3.264500e-001  2.903815e-002
 2.495970e+000  3.178380e-001  2.900330e-002
 2.500710e+000  3.028085e-001  2.892590e-002
 2.505450e+000  3.218920e-001  2.897790e-002
 2.510180e+000  3.284770e-001  2.888215e-002
 2.514920e+000  3.364250e-001  2.889050e-002
 2.519660e+000  3.419175e-001  2.886670e-002
 2.524400e+000  3.352500e-001  2.883705e-002
 2.529140e+000  3.392375e-001  2.881105e-002
 2.533880e+000  3.381060e-001  2.878540e-002
 2.538620e+000  3.536250e-001  2.877135e-002
 2.543360e+000  3.631760e-001  2.872390e-002
 2.548100e+000  3.451410e-001  2.864355e-002
 2.552840e+000  3.369730e-001  2.855650e-002
 2.557580e+000  3.377525e-001  2.858890e-002
 2.562310e+000  3.286105e-001  2.846195e-002
 2.567050e+000  3.241280e-001  2.843640e-002
 2.571790e+000  3.169555e-001  2.839465e-002
 2.576530e+000  3.487595e-001  2.837245e-002
 2.581270e+000  3.388015e-001  2.833640e-002
 2.586010e+000  3.230955e-001  2.831115e-002
 2.590750e+000  3.413255e-001  2.830995e-002
 2.595490e+000  3.256110e-001  2.830695e-002
 2.600230e+000  2.862895e-001  2.830265e-002
 2.604970e+000  2.691375e-001  2.825875e-002
 2.609710e+000  2.826035e-001  2.832555e-002
 2.614440e+000  2.946545e-001  2.822405e-002
 2.619180e+000  2.992500e-001  2.821045e-002
 2.623920e+000  3.181995e-001  2.822875e-002
 2.628660e+000  3.237760e-001  2.820225e-002
 2.633400e+000  3.286840e-001  2.816730e-002
 2.638140e+000  3.261810e-001  2.813325e-002
 2.642880e+000  3.265625e-001  2.811565e-002
 2.647620e+000  3.047250e-001  2.807155e-002
 2.652360e+000  3.049440e-001  2.804590e-002
 2.657100e+000  3.125040e-001  2.800910e-002
 2.661840e+000  3.031630e-001  2.806360e-002
 2.666570e+000  2.790900e-001  2.796185e-002
 2.671310e+000  2.747325e-001  2.794125e-002
 2.676050e+000  2.925525e-001  2.793605e-002
 2.680790e+000  2.923155e-001  2.790220e-002
 2.685530e+000  2.952620e-001  2.787340e-002
 2.690270e+000  2.947855e-001  2.785165e-002
 2.695010e+000  2.983360e-001  2.783705e-002
 2.699750e+000  2.838970e-001  2.778130e-002
 2.704490e+000  2.912585e-001  2.774875e-002
 2.709230e+000  3.075160e-001  2.772360e-002
 2.713970e+000  3.224465e-001  2.779800e-002
 2.718700e+000  3.004425e-001  2.769190e-002
 2.723440e+000  2.894695e-001  2.766420e-002
 2.728180e+000  2.959680e-001  2.764820e-002
 2.732920e+000  3.130395e-001  2.762720e-002
 2.737660e+000  3.051420e-001  2.758335e-002
 2.742400e+000  2.864415e-001  2.755120e-002
 2.747140e+000  2.959955e-001  2.754125e-002
 2.751880e+000  3.073380e-001  2.753050e-002
 2.756620e+000  3.013720e-001  2.750960e-002
 2.761360e+000  2.780580e-001  2.744455e-002
 2.766100e+000  2.707740e-001  2.747720e-002
 2.770830e+000  2.825930e-001  2.737900e-002
 2.775570e+000  2.827095e-001  2.736755e-002
 2.780310e+000  2.829860e-001  2.736785e-002
 2.785050e+000  2.981885e-001  2.735250e-002
 2.789790e+000  3.114325e-001  2.732100e-002
 2.794530e+000  3.255935e-001  2.729615e-002
 2.799270e+000  3.051060e-001  2.725855e-002
 2.804010e+000  2.985030e-001  2.724850e-002
 2.808750e+000  2.804285e-001  2.720580e-002
 2.813490e+000  2.793860e-001  2.715505e-002
 2.818230e+000  2.836395e-001  2.721800e-002
 2.822960e+000  2.933630e-001  2.714025e-002
 2.827700e+000  2.986995e-001  2.714250e-002
 2.832440e+000  3.079255e-001  2.714025e-002
 2.837180e+000  2.995100e-001  2.711445e-002
 2.841920e+000  2.731640e-001  2.707245e-002
 2.846660e+000  2.765270e-001  2.706125e-002
 2.851400e+000  2.897800e-001  2.717660e-002
 2.856140e+000  2.714800e-001  2.754560e-002
 2.860880e+000  2.471625e-001  2.803755e-002
 2.865620e+000  2.510120e-001  2.842340e-002
 2.870360e+000  2.662075e-001  2.880030e-002
 2.875090e+000  2.872590e-001  2.894350e-002
 2.879830e+000  2.950175e-001  2.909895e-002
 2.884570e+000  2.931565e-001  2.920320e-002
 2.889310e+000  3.056900e-001  2.930640e-002
 2.894050e+000  2.886705e-001  2.937445e-002
 2.898790e+000  2.910030e-001  2.943095e-002
 2.903530e+000  2.904830e-001  2.949285e-002
 2.908270e+000  2.831285e-001  2.955915e-002
 2.913010e+000  2.869950e-001  2.960745e-002
 2.917750e+000  2.838755e-001  2.945685e-002
 2.922490e+000  2.659095e-001  2.900225e-002
 2.927220e+000  2.513005e-001  2.839980e-002
 2.931960e+000  2.692495e-001  2.805320e-002
 2.936700e+000  2.948220e-001  2.780205e-002
 2.941440e+000  3.190580e-001  2.763990e-002
 2.946180e+000  2.875620e-001  2.752800e-002
 2.950920e+000  2.633180e-001  2.744520e-002
 2.955660e+000  2.731420e-001  2.737400e-002
 2.960400e+000  2.790085e-001  2.732340e-002
 2.965140e+000  2.689195e-001  2.726815e-002
 2.969880e+000  2.679105e-001  2.719335e-002
 2.974620e+000  2.763710e-001  2.722515e-002
 2.979350e+000  2.633080e-001  2.709410e-002
 2.984090e+000  2.554450e-001  2.706615e-002
 2.988830e+000  2.498285e-001  2.701940e-002
 2.993570e+000  2.480190e-001  2.696535e-002
 2.998310e+000  2.546865e-001  2.692675e-002
 3.003050e+000  2.727805e-001  2.691920e-002
 3.007790e+000  2.819770e-001  2.690855e-002
 3.012530e+000  2.884405e-001  2.688005e-002
 3.017270e+000  2.768170e-001  2.682995e-002
 3.022010e+000  2.707500e-001  2.676225e-002
 3.026750e+000  2.673835e-001  2.680690e-002
 3.031480e+000  2.767025e-001  2.671970e-002
 3.036220e+000  2.811320e-001  2.670070e-002
 3.040960e+000  2.759030e-001  2.666270e-002
 3.045700e+000  2.890095e-001  2.663860e-002
 3.050440e+000  2.818730e-001  2.662440e-002
 3.055180e+000  3.030540e-001  2.658275e-002
 3.059920e+000  3.069145e-001  2.655265e-002
 3.064660e+000  2.852370e-001  2.650890e-002
 3.069400e+000  2.676200e-001  2.646480e-002
 3.074140e+000  2.777570e-001  2.643835e-002
 3.078880e+000  2.791595e-001  2.649780e-002
 3.083610e+000  2.833535e-001  2.640575e-002
 3.088350e+000  2.895155e-001  2.639740e-002
 3.093090e+000  2.895210e-001  2.636990e-002
 3.097830e+000  2.836365e-001  2.633945e-002
 3.102570e+000  2.824420e-001  2.633510e-002
 3.107310e+000  2.688125e-001  2.629405e-002
 3.112050e+000  2.680475e-001  2.624790e-002
 3.116790e+000  2.871865e-001  2.623510e-002
 3.121530e+000  2.920825e-001  2.621575e-002
 3.126270e+000  2.822885e-001  2.618135e-002
 3.131010e+000  2.753410e-001  2.613690e-002
 3.135750e+000  2.861055e-001  2.619220e-002
 3.140480e+000  3.020255e-001  2.610310e-002
 3.145220e+000  2.857135e-001  2.607560e-002
 3.149960e+000  2.606855e-001  2.604095e-002
 3.154700e+000  2.663505e-001  2.601820e-002
 3.159440e+000  2.500890e-001  2.599590e-002
 3.164180e+000  2.580375e-001  2.597720e-002
 3.168920e+000  2.655320e-001  2.596435e-002
 3.173660e+000  2.628160e-001  2.593025e-002
 3.178400e+000  2.564060e-001  2.590725e-002
 3.183140e+000  2.533540e-001  2.586405e-002
 3.187880e+000  2.619755e-001  2.590030e-002
 3.192610e+000  2.576990e-001  2.580020e-002
 3.197350e+000  2.704795e-001  2.580500e-002
 3.202090e+000  2.558735e-001  2.576675e-002
 3.206830e+000  2.462890e-001  2.573200e-002
 3.211570e+000  2.465940e-001  2.571815e-002
 3.216310e+000  2.728645e-001  2.572555e-002
 3.221050e+000  2.718520e-001  2.569585e-002
 3.225790e+000  2.608145e-001  2.565470e-002
 3.230530e+000  2.675785e-001  2.562140e-002
 3.235270e+000  2.861420e-001  2.556620e-002
 3.240010e+000  2.749410e-001  2.560380e-002
 3.244740e+000  2.496115e-001  2.551510e-002
 3.249480e+000  2.481065e-001  2.550380e-002
 3.254220e+000  2.602225e-001  2.548355e-002
 3.258960e+000  2.527745e-001  2.546490e-002
 3.263700e+000  2.487140e-001  2.545165e-002
 3.268440e+000  2.569420e-001  2.543955e-002
 3.273180e+000  2.615090e-001  2.541470e-002
 3.277920e+000  2.464985e-001  2.537195e-002
 3.282660e+000  2.568045e-001  2.534865e-002
 3.287400e+000  2.683705e-001  2.535750e-002
 3.292140e+000  2.627035e-001  2.535640e-002
 3.296880e+000  2.593780e-001  2.541330e-002
 3.301610e+000  2.570915e-001  2.532485e-002
 3.306350e+000  2.734950e-001  2.533950e-002
 3.311090e+000  2.801800e-001  2.532740e-002
 3.315830e+000  2.592675e-001  2.527820e-002
 3.320570e+000  2.549685e-001  2.526435e-002
 3.325310e+000  2.687915e-001  2.523900e-002
 3.330050e+000  2.626610e-001  2.521380e-002
 3.334790e+000  2.497880e-001  2.519460e-002
 3.339530e+000  2.704410e-001  2.519355e-002
 3.344270e+000  2.873925e-001  2.517125e-002
 3.349010e+000  2.883660e-001  2.522025e-002
 3.353740e+000  2.656060e-001  2.511780e-002
 3.358480e+000  2.660455e-001  2.511125e-002
 3.363220e+000  2.647000e-001  2.508875e-002
 3.367960e+000  2.708465e-001  2.508160e-002
 3.372700e+000  2.785390e-001  2.506860e-002
 3.377440e+000  2.649395e-001  2.511780e-002
 3.382180e+000  2.710490e-001  2.536365e-002
 3.386920e+000  2.743015e-001  2.582155e-002
 3.391660e+000  2.727755e-001  2.618720e-002
 3.396400e+000  2.817440e-001  2.640670e-002
 3.401140e+000  2.872450e-001  2.661980e-002
 3.405870e+000  2.798610e-001  2.663435e-002
 3.410610e+000  2.485150e-001  2.667080e-002
 3.415350e+000  2.232285e-001  2.666470e-002
 3.420090e+000  2.056485e-001  2.666070e-002
 3.424830e+000  2.172620e-001  2.670915e-002
 3.429570e+000  2.283740e-001  2.677750e-002
 3.434310e+000  2.434905e-001  2.684280e-002
 3.439050e+000  2.637820e-001  2.690470e-002
 3.443790e+000  2.716250e-001  2.695180e-002
 3.448530e+000  2.663985e-001  2.697495e-002
 3.453270e+000  2.799790e-001  2.710220e-002
 3.458000e+000  2.648340e-001  2.707375e-002
 3.462740e+000  2.739095e-001  2.711730e-002
 3.467480e+000  2.575330e-001  2.715115e-002
 3.472220e+000  2.366745e-001  2.718865e-002
 3.476960e+000  2.447155e-001  2.722425e-002
 3.481700e+000  2.515450e-001  2.728225e-002
 3.486440e+000  2.594740e-001  2.732260e-002
 3.491180e+000  2.556070e-001  2.734525e-002
 3.495920e+000  2.350065e-001  2.736405e-002
 3.500660e+000  2.308720e-001  2.737355e-002
 3.505400e+000  2.218905e-001  2.746415e-002
 3.510130e+000  2.250605e-001  2.744285e-002
 3.514870e+000  2.276390e-001  2.747490e-002
 3.519610e+000  2.316170e-001  2.750230e-002
 3.524350e+000  2.558510e-001  2.754920e-002
 3.529090e+000  2.801040e-001  2.758655e-002
 3.533830e+000  2.600415e-001  2.761655e-002
 3.538570e+000  2.371705e-001  2.762900e-002
 3.543310e+000  2.447195e-001  2.767780e-002
 3.548050e+000  2.502845e-001  2.769130e-002
 3.552790e+000  2.518005e-001  2.768615e-002
 3.557530e+000  2.502285e-001  2.777900e-002
 3.562260e+000  2.393690e-001  2.772490e-002
 3.567000e+000  2.450950e-001  2.778485e-002
 3.571740e+000  2.314810e-001  2.780920e-002
 3.576480e+000  2.126590e-001  2.781505e-002
 3.581220e+000  2.261485e-001  2.784610e-002
 3.585960e+000  2.235950e-001  2.787660e-002
 3.590700e+000  2.289660e-001  2.791355e-002
 3.595440e+000  2.198270e-001  2.791385e-002
 3.600180e+000  2.355235e-001  2.792030e-002
 3.604920e+000  2.454140e-001  2.791395e-002
 3.609660e+000  2.580530e-001  2.799115e-002
 3.614390e+000  2.550230e-001  2.788250e-002
 3.619130e+000  2.350380e-001  2.784500e-002
 3.623870e+000  2.033370e-001  2.781635e-002
 3.628610e+000  2.020105e-001  2.783350e-002
 3.633350e+000  2.106310e-001  2.784505e-002
 3.638090e+000  2.244820e-001  2.787325e-002
 3.642830e+000  2.275550e-001  2.789705e-002
 3.647570e+000  2.406000e-001  2.794305e-002
 3.652310e+000  2.529480e-001  2.802245e-002
 3.657050e+000  2.548845e-001  2.827220e-002
 3.661790e+000  2.270955e-001  2.904020e-002
 3.666520e+000  2.400095e-001  2.963300e-002
 3.671260e+000  2.417240e-001  3.009445e-002
 3.676000e+000  2.308865e-001  3.045275e-002
 3.680740e+000  2.376395e-001  3.072955e-002
 3.685480e+000  2.427280e-001  3.091820e-002
 3.690220e+000  2.371795e-001  3.108605e-002
 3.694960e+000  2.463730e-001  3.126795e-002
 3.699700e+000  2.544430e-001  3.147110e-002
 3.704440e+000  2.387335e-001  3.162515e-002
 3.709180e+000  2.088960e-001  3.173200e-002
 3.713920e+000  2.154350e-001  3.197065e-002
 3.718650e+000  2.153465e-001  3.203005e-002
 3.723390e+000  2.154355e-001  3.218775e-002
 3.728130e+000  2.324285e-001  3.235390e-002
 3.732870e+000  2.057125e-001  3.248815e-002
 3.737610e+000  2.182790e-001  3.264495e-002
 3.742350e+000  2.658040e-001  3.283275e-002
 3.747090e+000  2.862500e-001  3.299205e-002
 3.751830e+000  2.894935e-001  3.314375e-002
 3.756570e+000  2.660215e-001  3.322805e-002
 3.761310e+000  2.400635e-001  3.330910e-002
 3.766050e+000  2.043845e-001  3.351595e-002
 3.770780e+000  2.010015e-001  3.354040e-002
 3.775520e+000  2.163205e-001  3.371960e-002
 3.780260e+000  2.285785e-001  3.390115e-002
 3.785000e+000  2.303290e-001  3.400845e-002
 3.789740e+000  2.107955e-001  3.412090e-002
 3.794480e+000  2.142145e-001  3.423125e-002
 3.799220e+000  2.319720e-001  3.436995e-002
 3.803960e+000  2.351080e-001  3.452310e-002
 3.808700e+000  2.101560e-001  3.462025e-002
 3.813440e+000  2.032355e-001  3.471850e-002
 3.818180e+000  2.250125e-001  3.495270e-002
 3.822910e+000  2.540900e-001  3.499325e-002
 3.827650e+000  2.629980e-001  3.513215e-002
 3.832390e+000  2.395015e-001  3.526010e-002
 3.837130e+000  2.139780e-001  3.538285e-002
 3.841870e+000  2.164865e-001  3.551080e-002
 3.846610e+000  2.455735e-001  3.564995e-002
 3.851350e+000  2.449110e-001  3.577455e-002
 3.856090e+000  2.330665e-001  3.591090e-002
 3.860830e+000  2.206890e-001  3.603245e-002
 3.865570e+000  2.301810e-001  3.611270e-002
 3.870310e+000  2.329555e-001  3.633395e-002
 3.875040e+000  2.143255e-001  3.636750e-002
 3.879780e+000  2.302990e-001  3.654125e-002
 3.884520e+000  2.439020e-001  3.666480e-002
 3.889260e+000  2.463880e-001  3.676310e-002
 3.894000e+000  2.548775e-001  3.687765e-002
 3.898740e+000  2.337350e-001  3.700080e-002
 3.903480e+000  2.648680e-001  3.719840e-002
 3.908220e+000  2.793650e-001  3.734050e-002
 3.912960e+000  2.951260e-001  3.750675e-002
 3.917700e+000  2.679775e-001  3.756170e-002
 3.922440e+000  2.437780e-001  3.776295e-002
 3.927170e+000  2.055020e-001  3.776490e-002
 3.931910e+000  1.881230e-001  3.788810e-002
 3.936650e+000  1.866525e-001  3.804070e-002
 3.941390e+000  1.882275e-001  3.818855e-002
 3.946130e+000  1.964490e-001  3.831735e-002
 3.950870e+000  2.215510e-001  3.843800e-002
 3.955610e+000  2.267920e-001  3.847090e-002
 3.960350e+000  2.493800e-001  3.846100e-002
 3.965090e+000  2.514410e-001  3.845445e-002
 3.969830e+000  2.322435e-001  3.841330e-002
 3.974570e+000  2.121600e-001  3.848950e-002
 3.979300e+000  1.728090e-001  3.842035e-002
 3.984040e+000  1.875815e-001  3.851625e-002
 3.988780e+000  2.102215e-001  3.863905e-002
 3.993520e+000  1.920140e-001  3.879230e-002
 3.998260e+000  1.460815e-001  3.887365e-002
 4.003000e+000  1.746745e-001  3.899490e-002
 4.007740e+000  2.133740e-001  3.917085e-002
 4.012480e+000  2.212825e-001  3.928975e-002
 4.017220e+000  2.177740e-001  3.936090e-002
 4.021960e+000  2.014075e-001  3.941110e-002
 4.026700e+000  2.026555e-001  3.968165e-002
 4.031430e+000  1.906980e-001  3.974200e-002
 4.036170e+000  1.906370e-001  3.989550e-002
 4.040910e+000  2.013165e-001  4.007665e-002
 4.045650e+000  2.157940e-001  4.027295e-002
 4.050390e+000  2.386920e-001  4.045480e-002
 4.055130e+000  2.546950e-001  4.055125e-002
 4.059870e+000  2.635235e-001  4.064295e-002
 4.064610e+000  2.273355e-001  4.081155e-002
 4.069350e+000  2.055805e-001  4.098115e-002
 4.074090e+000  2.231695e-001  4.109745e-002
 4.078830e+000  2.315670e-001  4.131755e-002
 4.083560e+000  1.915765e-001  4.132625e-002
 4.088300e+000  1.877225e-001  4.146460e-002
 4.093040e+000  2.040165e-001  4.161465e-002
 4.097780e+000  2.239560e-001  4.179840e-002
 4.102520e+000  2.275200e-001  4.196450e-002
 4.107260e+000  1.906820e-001  4.210985e-002
 4.112000e+000  2.050590e-001  4.225575e-002
 4.116740e+000  2.162975e-001  4.238585e-002
 4.121480e+000  2.216515e-001  4.251995e-002
 4.126220e+000  2.270810e-001  4.266750e-002
 4.130960e+000  2.219100e-001  4.295025e-002
 4.135690e+000  2.189275e-001  4.297115e-002
 4.140430e+000  2.099595e-001  4.311835e-002
 4.145170e+000  2.190885e-001  4.329770e-002
 4.149910e+000  2.244375e-001  4.347605e-002
 4.154650e+000  2.372890e-001  4.365255e-002
 4.159390e+000  2.281975e-001  4.378595e-002
 4.164130e+000  2.118680e-001  4.392625e-002
 4.168870e+000  1.989420e-001  4.407370e-002
 4.173610e+000  2.110425e-001  4.426120e-002
 4.178350e+000  2.486670e-001  4.441575e-002
 4.183090e+000  2.478225e-001  4.470820e-002
 4.187820e+000  2.180930e-001  4.472710e-002
 4.192560e+000  2.058670e-001  4.490180e-002
 4.197300e+000  1.989375e-001  4.508100e-002
 4.202040e+000  1.791600e-001  4.523040e-002
 4.206780e+000  1.758135e-001  4.544280e-002
 4.211520e+000  1.961735e-001  4.562135e-002
 4.216260e+000  2.090740e-001  4.577160e-002
 4.221000e+000  2.068090e-001  4.594270e-002
 4.225740e+000  2.308800e-001  4.613790e-002
 4.230480e+000  2.484920e-001  4.630290e-002
 4.235220e+000  2.204765e-001  4.660135e-002
 4.239950e+000  2.146215e-001  4.663955e-002
 4.244690e+000  2.012195e-001  4.683430e-002
 4.249430e+000  1.944420e-001  4.701130e-002
 4.254170e+000  2.026765e-001  4.718565e-002
 4.258910e+000  1.832055e-001  4.738075e-002
 4.263650e+000  1.732325e-001  4.755895e-002
 4.268390e+000  1.768040e-001  4.780985e-002
 4.273130e+000  1.867570e-001  4.804885e-002
 4.277870e+000  1.793945e-001  4.824110e-002
 4.282610e+000  1.890800e-001  4.840055e-002
 4.287350e+000  2.084890e-001  4.875745e-002
 4.292080e+000  2.412760e-001  4.884985e-002
 4.296820e+000  2.435520e-001  4.904035e-002
 4.301560e+000  2.224075e-001  4.920795e-002
 4.306300e+000  2.196220e-001  4.948015e-002
 4.311040e+000  2.228825e-001  4.971075e-002
 4.315780e+000  2.001015e-001  4.988020e-002
 4.320520e+000  1.780795e-001  5.004050e-002
 4.325260e+000  1.762595e-001  5.023750e-002
 4.330000e+000  1.769655e-001  5.044600e-002
 4.334740e+000  1.728295e-001  5.059700e-002
 4.339480e+000  1.745880e-001  5.097150e-002
 4.344210e+000  1.610915e-001  5.107950e-002
 4.348950e+000  1.929385e-001  5.134750e-002
 4.353690e+000  2.236310e-001  5.164600e-002
 4.358430e+000  2.220435e-001  5.184300e-002
 4.363170e+000  2.287820e-001  5.210300e-002
 4.367910e+000  2.087635e-001  5.234350e-002
 4.372650e+000  1.811895e-001  5.251700e-002
 4.377390e+000  1.779690e-001  5.270100e-002
 4.382130e+000  1.726475e-001  5.291750e-002
 4.386870e+000  1.369200e-001  5.310500e-002
 4.391610e+000  1.688005e-001  5.360800e-002
 4.396340e+000  2.074125e-001  5.379100e-002
 4.401080e+000  2.196705e-001  5.405950e-002
 4.405820e+000  1.832770e-001  5.426450e-002
 4.410560e+000  1.744175e-001  5.458600e-002
 4.415300e+000  2.289860e-001  5.490700e-002
 4.420040e+000  2.288300e-001  5.512900e-002
 4.424780e+000  1.941825e-001  5.527250e-002
 4.429520e+000  1.953170e-001  5.528650e-002
 4.434260e+000  1.929205e-001  5.528250e-002
 4.439000e+000  2.196240e-001  5.528500e-002
 4.443740e+000  2.179745e-001  5.556400e-002
 4.448470e+000  1.945850e-001  5.549500e-002
 4.453210e+000  1.736610e-001  5.555800e-002
 4.457950e+000  2.052600e-001  5.560750e-002
 4.462690e+000  2.461095e-001  5.572000e-002
 4.467430e+000  2.574115e-001  5.595000e-002
 4.472170e+000  2.661800e-001  5.623350e-002
 4.476910e+000  2.796165e-001  5.640700e-002
 4.481650e+000  2.523645e-001  5.662200e-002
 4.486390e+000  2.327205e-001  5.689300e-002
 4.491130e+000  2.101510e-001  5.718200e-002
 4.495870e+000  1.753535e-001  5.760450e-002
 4.500600e+000  1.613615e-001  5.771200e-002
 4.505340e+000  1.824975e-001  5.805350e-002
 4.510080e+000  1.980715e-001  5.845950e-002
 4.514820e+000  2.223505e-001  5.887350e-002
 4.519560e+000  2.413160e-001  5.925100e-002
 4.524300e+000  2.355715e-001  5.955500e-002
 4.529040e+000  2.367890e-001  5.984800e-002
 4.533780e+000  2.294235e-001  6.021200e-002
 4.538520e+000  2.512140e-001  6.060750e-002
 4.543260e+000  2.188105e-001  6.087900e-002
 4.548000e+000  2.192230e-001  6.120100e-002
 4.552740e+000  2.450920e-001  6.177050e-002
 4.557470e+000  2.419890e-001  6.196850e-002
 4.562210e+000  2.728565e-001  6.245600e-002
 4.566950e+000  2.847040e-001  6.281050e-002
 4.571690e+000  2.158785e-001  6.309650e-002
 4.576430e+000  1.589860e-001  6.341500e-002
 4.581170e+000  1.463165e-001  6.384450e-002
 4.585910e+000  1.956450e-001  6.434100e-002
 4.590650e+000  2.150275e-001  6.478350e-002
 4.595390e+000  2.378490e-001  6.526450e-002
 4.600130e+000  2.787360e-001  6.572350e-002
 4.604870e+000  2.915980e-001  6.636550e-002
 4.609600e+000  2.726390e-001  6.652300e-002
 4.614340e+000  1.826055e-001  6.684050e-002
 4.619080e+000  1.436250e-001  6.733700e-002
 4.623820e+000  1.745160e-001  6.787250e-002
 4.628560e+000  1.664460e-001  6.823550e-002
 4.633300e+000  1.821805e-001  6.873200e-002
 4.638040e+000  2.290410e-001  6.946850e-002
 4.642780e+000  2.189255e-001  6.997950e-002
 4.647520e+000  1.881660e-001  7.034950e-002
 4.652260e+000  2.178040e-001  7.094050e-002
 4.657000e+000  1.879520e-001  7.172450e-002
 4.661730e+000  2.440020e-001  7.207500e-002
 4.666470e+000  2.893160e-001  7.258800e-002
 4.671210e+000  2.450250e-001  7.312100e-002
 4.675950e+000  2.299425e-001  7.386100e-002
 4.680690e+000  2.196860e-001  7.448250e-002
 4.685430e+000  2.393525e-001  7.506400e-002
 4.690170e+000  2.205410e-001  7.563800e-002
 4.694910e+000  2.266285e-001  7.629600e-002
 4.699650e+000  2.495850e-001  7.703350e-002
 4.704390e+000  2.378390e-001  7.755850e-002
 4.709130e+000  2.226685e-001  7.848650e-002
 4.713860e+000  2.147310e-001  7.903350e-002
 4.718600e+000  2.078450e-001  7.977150e-002
 4.723340e+000  1.764870e-001  8.044650e-002
 4.728080e+000  1.904475e-001  8.116500e-002
 4.732820e+000  2.025840e-001  8.211350e-002
 4.737560e+000  1.355735e-001  8.305350e-002
 4.742300e+000  1.453100e-001  8.398250e-002
 4.747040e+000  1.869880e-001  8.502150e-002
 4.751780e+000  2.069935e-001  8.591150e-002
 4.756520e+000  2.071400e-001  8.685000e-002
 4.761260e+000  1.953080e-001  8.826800e-002
 4.765990e+000  2.168800e-001  8.908900e-002
 4.770730e+000  2.066280e-001  9.006500e-002
 4.775470e+000  2.497220e-001  9.099800e-002
 4.780210e+000  2.742110e-001  9.209700e-002
 4.784950e+000  2.048225e-001  9.321600e-002
 4.789690e+000  1.853890e-001  9.421250e-002
 4.794430e+000  1.862270e-001  9.545600e-002
 4.799170e+000  2.051490e-001  9.691500e-002
 4.803910e+000  2.410805e-001  9.842900e-002
 4.808650e+000  2.254155e-001  9.980300e-002
 4.813390e+000  1.538230e-001  1.012925e-001
 4.818120e+000  1.022950e-001  1.024015e-001
 4.822860e+000  8.775950e-002  1.040450e-001
 4.827600e+000  1.251280e-001  1.056605e-001
 4.832340e+000  1.646135e-001  1.073095e-001
 4.837080e+000  1.513725e-001  1.091940e-001
 4.841820e+000  1.156115e-001  1.113065e-001
 4.846560e+000  1.056595e-001  1.133090e-001
 4.851300e+000  1.729275e-001  1.156170e-001
 4.856040e+000  2.054235e-001  1.179350e-001
 4.860780e+000  1.855865e-001  1.204815e-001
 4.865520e+000  1.914245e-001  1.232880e-001
 4.870250e+000  1.577550e-001  1.254935e-001
 4.874990e+000  1.136350e-001  1.286815e-001
 4.879730e+000  9.486500e-002  1.322130e-001
 4.884470e+000  1.528125e-001  1.360580e-001
 4.889210e+000  2.315980e-001  1.391535e-001
 4.893950e+000  1.576590e-001  1.421455e-001
 4.898690e+000  1.921870e-001  1.466985e-001
 4.903430e+000  2.851795e-001  1.521280e-001
 4.908170e+000  2.850085e-001  1.576445e-001
 4.912910e+000  1.879795e-001  1.632585e-001
 4.917650e+000  1.495835e-001  1.703140e-001
 4.922380e+000  2.108315e-001  1.780505e-001
 4.927120e+000  3.909095e-001  1.875725e-001
 4.931860e+000  4.033530e-001  1.975990e-001
 4.936600e+000  4.405030e-001  2.099300e-001
 4.941340e+000  4.925910e-001  2.233145e-001
 4.946080e+000  3.480820e-001  2.386115e-001
 4.950820e+000  3.746075e-002  2.586685e-001
 4.955560e+000 -1.306380e-001  2.875930e-001
 4.960300e+000 -4.779240e-002  3.302915e-001
 4.965040e+000 -7.885400e-002  4.087130e-001
 4.969780e+000  1.818435e-001  5.968900e-001
 4.974510e+000  3.196920e-001  9.354450e-001
range-from: 1
range-to: 1043
