Sample description: 14-E06 Fab
Sample: 14-E06 Fab  c= 16.0000 mg/ml  Code: FAB1
Parent(s): C:/DOCUME~1/graewert/LOCALS~1/Temp/qt_temp.sv7720
 2.017270e-001  1.058895e+003  2.769697e+001
 2.043620e-001  1.057246e+003  2.739793e+001
 2.069960e-001  1.045522e+003  2.714219e+001
 2.096310e-001  1.035150e+003  2.741516e+001
 2.122660e-001  1.024351e+003  2.679144e+001
 2.149000e-001  1.055973e+003  2.705025e+001
 2.175350e-001  1.037065e+003  2.693813e+001
 2.201700e-001  1.050825e+003  2.682216e+001
 2.228040e-001  1.026466e+003  2.667289e+001
 2.254390e-001  1.043613e+003  2.637043e+001
 2.280740e-001  1.047754e+003  2.639950e+001
 2.307080e-001  1.047600e+003  2.617819e+001
 2.333430e-001  1.031612e+003  2.595892e+001
 2.359780e-001  1.031143e+003  2.616751e+001
 2.386120e-001  1.024196e+003  2.582033e+001
 2.412470e-001  1.000836e+003  2.560568e+001
 2.438820e-001  1.012062e+003  2.541436e+001
 2.465160e-001  9.735736e+002  2.512798e+001
 2.491510e-001  9.673239e+002  2.501441e+001
 2.517860e-001  1.029069e+003  2.534317e+001
 2.544200e-001  1.039983e+003  2.545205e+001
 2.570550e-001  1.001060e+003  2.477368e+001
 2.596890e-001  9.924802e+002  2.481968e+001
 2.623240e-001  1.000941e+003  2.477129e+001
 2.649590e-001  9.927775e+002  2.473231e+001
 2.675930e-001  1.025598e+003  2.483642e+001
 2.702280e-001  1.009930e+003  2.450083e+001
 2.728630e-001  9.932179e+002  2.452027e+001
 2.754970e-001  9.698287e+002  2.410246e+001
 2.781320e-001  9.820268e+002  2.417981e+001
 2.807670e-001  9.839936e+002  2.404466e+001
 2.834010e-001  9.984393e+002  2.396552e+001
 2.860360e-001  1.009530e+003  2.410569e+001
 2.886710e-001  9.723649e+002  2.358010e+001
 2.913050e-001  9.646744e+002  2.347214e+001
 2.939400e-001  9.608695e+002  2.351031e+001
 2.965750e-001  9.372177e+002  2.323283e+001
 2.992090e-001  9.636669e+002  2.325596e+001
 3.018440e-001  9.778134e+002  2.301026e+001
 3.044790e-001  9.788247e+002  2.321710e+001
 3.071130e-001  9.507525e+002  2.295573e+001
 3.097480e-001  9.477901e+002  2.294939e+001
 3.123830e-001  9.576596e+002  2.283251e+001
 3.150170e-001  9.276675e+002  2.237373e+001
 3.176520e-001  9.454632e+002  2.257455e+001
 3.202870e-001  9.445388e+002  2.246426e+001
 3.229210e-001  9.286044e+002  2.240202e+001
 3.255560e-001  9.277103e+002  2.222535e+001
 3.281900e-001  8.944397e+002  2.184449e+001
 3.308250e-001  9.009304e+002  2.198830e+001
 3.334600e-001  9.173531e+002  2.172005e+001
 3.360940e-001  9.022460e+002  2.164694e+001
 3.387290e-001  9.206932e+002  2.166535e+001
 3.413640e-001  9.134429e+002  2.158890e+001
 3.439980e-001  8.853810e+002  2.136933e+001
 3.466330e-001  8.888790e+002  2.111016e+001
 3.492680e-001  8.743841e+002  2.110532e+001
 3.519020e-001  8.548869e+002  2.093838e+001
 3.545370e-001  8.545529e+002  2.094227e+001
 3.571720e-001  8.617958e+002  2.102809e+001
 3.598060e-001  8.743891e+002  2.145930e+001
 3.624410e-001  8.912453e+002  2.198950e+001
 3.650760e-001  8.670121e+002  2.197590e+001
 3.677100e-001  8.455903e+002  2.201978e+001
 3.703450e-001  8.841217e+002  2.216330e+001
 3.729800e-001  8.741935e+002  2.214910e+001
 3.756140e-001  8.795124e+002  2.247603e+001
 3.782490e-001  8.366691e+002  2.208280e+001
 3.808840e-001  7.909812e+002  2.195791e+001
 3.835180e-001  8.219437e+002  2.215318e+001
 3.861530e-001  8.186006e+002  2.241049e+001
 3.887880e-001  8.269182e+002  2.247939e+001
 3.914220e-001  8.257443e+002  2.242650e+001
 3.940570e-001  8.262857e+002  2.259633e+001
 3.966910e-001  8.131648e+002  2.233447e+001
 3.993260e-001  8.262030e+002  2.265431e+001
 4.019610e-001  8.068157e+002  2.258124e+001
 4.045950e-001  8.196305e+002  2.281098e+001
 4.072300e-001  8.101917e+002  2.283479e+001
 4.098650e-001  8.132481e+002  2.262681e+001
 4.124990e-001  8.100540e+002  2.235936e+001
 4.151340e-001  8.061416e+002  2.173066e+001
 4.177690e-001  8.177827e+002  2.151603e+001
 4.204030e-001  8.132674e+002  2.123713e+001
 4.230380e-001  8.005874e+002  2.078396e+001
 4.256730e-001  7.960470e+002  2.081374e+001
 4.283070e-001  7.705553e+002  2.034010e+001
 4.309420e-001  7.708745e+002  2.040603e+001
 4.335770e-001  7.688404e+002  2.035500e+001
 4.362110e-001  7.611172e+002  1.998505e+001
 4.388460e-001  7.708484e+002  1.999341e+001
 4.414810e-001  7.587415e+002  1.973254e+001
 4.441150e-001  7.661073e+002  1.971475e+001
 4.467500e-001  7.457070e+002  1.942644e+001
 4.493850e-001  7.454558e+002  1.929726e+001
 4.520190e-001  7.522059e+002  1.931466e+001
 4.546540e-001  7.553653e+002  1.920917e+001
 4.572890e-001  7.510757e+002  1.918967e+001
 4.599230e-001  7.397542e+002  1.890639e+001
 4.625580e-001  7.305367e+002  1.890035e+001
 4.651930e-001  7.336467e+002  1.892690e+001
 4.678270e-001  7.287779e+002  1.856700e+001
 4.704620e-001  7.221397e+002  1.863723e+001
 4.730960e-001  7.177800e+002  1.849292e+001
 4.757310e-001  7.051645e+002  1.849793e+001
 4.783660e-001  6.985389e+002  1.836350e+001
 4.810000e-001  6.931957e+002  1.820602e+001
 4.836350e-001  6.838271e+002  1.804626e+001
 4.862700e-001  6.912546e+002  1.799767e+001
 4.889040e-001  6.724333e+002  1.795535e+001
 4.915390e-001  6.628326e+002  1.773629e+001
 4.941740e-001  6.741907e+002  1.775459e+001
 4.968080e-001  6.919910e+002  1.795119e+001
 4.994430e-001  6.852998e+002  1.785477e+001
 5.020780e-001  6.672476e+002  1.768125e+001
 5.047120e-001  6.804720e+002  1.764351e+001
 5.073470e-001  6.700010e+002  1.753694e+001
 5.099820e-001  6.659985e+002  1.749099e+001
 5.126160e-001  6.702663e+002  1.735087e+001
 5.152510e-001  6.257781e+002  1.695339e+001
 5.178860e-001  6.417984e+002  1.696728e+001
 5.205200e-001  6.575685e+002  1.707157e+001
 5.231550e-001  6.602017e+002  1.710558e+001
 5.257900e-001  6.426763e+002  1.695351e+001
 5.284240e-001  6.324629e+002  1.707187e+001
 5.310590e-001  6.269787e+002  1.728697e+001
 5.336940e-001  6.181028e+002  1.738344e+001
 5.363280e-001  6.179331e+002  1.728713e+001
 5.389630e-001  6.022509e+002  1.724755e+001
 5.415970e-001  6.017837e+002  1.154945e+001
 5.442320e-001  6.088115e+002  9.253361e+000
 5.468670e-001  6.104091e+002  9.153564e+000
 5.495010e-001  6.007225e+002  9.109232e+000
 5.521360e-001  5.904397e+002  9.042666e+000
 5.547710e-001  5.858064e+002  9.001423e+000
 5.574050e-001  5.801127e+002  8.917772e+000
 5.600400e-001  5.815372e+002  8.772321e+000
 5.626750e-001  5.766844e+002  8.705554e+000
 5.653090e-001  5.797801e+002  8.654360e+000
 5.679440e-001  5.770511e+002  8.591424e+000
 5.705790e-001  5.652029e+002  8.413070e+000
 5.732130e-001  5.618383e+002  8.359717e+000
 5.758480e-001  5.607353e+002  8.396534e+000
 5.784830e-001  5.519834e+002  8.307868e+000
 5.811170e-001  5.551893e+002  8.228066e+000
 5.837520e-001  5.433790e+002  8.178282e+000
 5.863870e-001  5.380155e+002  8.150869e+000
 5.890210e-001  5.367827e+002  8.129721e+000
 5.916560e-001  5.346264e+002  8.094380e+000
 5.942910e-001  5.364386e+002  8.074411e+000
 5.969250e-001  5.374605e+002  8.051490e+000
 5.995600e-001  5.285868e+002  7.993698e+000
 6.021950e-001  5.256360e+002  7.944286e+000
 6.048290e-001  5.192495e+002  7.904118e+000
 6.074640e-001  5.167245e+002  7.839679e+000
 6.100980e-001  5.128609e+002  7.875909e+000
 6.127330e-001  5.202412e+002  7.823030e+000
 6.153680e-001  5.149946e+002  7.803936e+000
 6.180020e-001  5.063746e+002  7.778742e+000
 6.206370e-001  5.022807e+002  7.751107e+000
 6.232720e-001  4.934451e+002  7.731230e+000
 6.259060e-001  4.954987e+002  7.658307e+000
 6.285410e-001  4.891846e+002  7.650004e+000
 6.311760e-001  4.780348e+002  7.530713e+000
 6.338100e-001  4.810612e+002  7.513940e+000
 6.364450e-001  4.764820e+002  7.478332e+000
 6.390800e-001  4.770175e+002  7.471330e+000
 6.417140e-001  4.768223e+002  7.491070e+000
 6.443490e-001  4.733060e+002  7.420984e+000
 6.469840e-001  4.623323e+002  7.326040e+000
 6.496180e-001  4.642496e+002  7.346941e+000
 6.522530e-001  4.611284e+002  7.259993e+000
 6.548880e-001  4.568754e+002  7.249545e+000
 6.575220e-001  4.494150e+002  7.134500e+000
 6.601570e-001  4.553934e+002  7.204379e+000
 6.627920e-001  4.537814e+002  7.173907e+000
 6.654260e-001  4.527289e+002  7.159169e+000
 6.680610e-001  4.359192e+002  7.131439e+000
 6.706960e-001  4.363182e+002  7.086961e+000
 6.733300e-001  4.306789e+002  7.088087e+000
 6.759650e-001  4.257144e+002  7.020912e+000
 6.786000e-001  4.273470e+002  7.053057e+000
 6.812340e-001  4.262020e+002  7.017722e+000
 6.838690e-001  4.261923e+002  6.989212e+000
 6.865030e-001  4.190369e+002  7.008114e+000
 6.891380e-001  4.154339e+002  6.926131e+000
 6.917730e-001  4.147463e+002  6.969205e+000
 6.944070e-001  4.086908e+002  6.922078e+000
 6.970420e-001  4.027837e+002  6.852620e+000
 6.996770e-001  3.995672e+002  6.884980e+000
 7.023110e-001  4.017345e+002  6.791136e+000
 7.049460e-001  3.979708e+002  6.780634e+000
 7.075810e-001  3.906054e+002  6.776738e+000
 7.102150e-001  3.884815e+002  6.708042e+000
 7.128500e-001  3.885519e+002  6.703642e+000
 7.154850e-001  3.908406e+002  6.650248e+000
 7.181190e-001  3.836180e+002  6.654483e+000
 7.207540e-001  3.740494e+002  6.594402e+000
 7.233890e-001  3.718265e+002  6.630896e+000
 7.260230e-001  3.710367e+002  6.592489e+000
 7.286580e-001  3.654050e+002  6.545103e+000
 7.312930e-001  3.738652e+002  6.572132e+000
 7.339270e-001  3.673266e+002  6.541702e+000
 7.365620e-001  3.642979e+002  6.492414e+000
 7.391970e-001  3.632576e+002  6.498917e+000
 7.418310e-001  3.631699e+002  6.500818e+000
 7.444660e-001  3.542755e+002  6.433046e+000
 7.471010e-001  3.539291e+002  6.371093e+000
 7.497350e-001  3.488539e+002  6.388396e+000
 7.523700e-001  3.461126e+002  6.386223e+000
 7.550040e-001  3.359385e+002  6.396248e+000
 7.576390e-001  3.372377e+002  6.506391e+000
 7.602740e-001  3.354788e+002  6.496034e+000
 7.629080e-001  3.326132e+002  6.541919e+000
 7.655430e-001  3.338285e+002  6.636046e+000
 7.681780e-001  3.313130e+002  6.667730e+000
 7.708120e-001  3.237250e+002  6.598637e+000
 7.734470e-001  3.196929e+002  6.620612e+000
 7.760820e-001  3.200348e+002  6.657243e+000
 7.787160e-001  3.190479e+002  6.593507e+000
 7.813510e-001  3.180652e+002  6.578708e+000
 7.839860e-001  3.214804e+002  6.564272e+000
 7.866200e-001  3.086494e+002  6.404668e+000
 7.892550e-001  3.044622e+002  6.326797e+000
 7.918900e-001  3.057382e+002  6.247779e+000
 7.945240e-001  3.082485e+002  6.224986e+000
 7.971590e-001  3.006795e+002  6.144272e+000
 7.997940e-001  2.964144e+002  6.146926e+000
 8.024280e-001  2.925849e+002  6.074949e+000
 8.050630e-001  2.897580e+002  6.053538e+000
 8.076980e-001  2.916921e+002  6.052154e+000
 8.103320e-001  2.913180e+002  6.060531e+000
 8.129670e-001  2.947351e+002  6.061171e+000
 8.156020e-001  2.919273e+002  6.012127e+000
 8.182360e-001  2.843014e+002  5.951076e+000
 8.208710e-001  2.842972e+002  5.941344e+000
 8.235050e-001  2.780307e+002  5.945573e+000
 8.261400e-001  2.725843e+002  5.875924e+000
 8.287750e-001  2.658056e+002  5.780266e+000
 8.314090e-001  2.662571e+002  5.800330e+000
 8.340440e-001  2.642479e+002  5.768694e+000
 8.366790e-001  2.677059e+002  5.765036e+000
 8.393130e-001  2.635415e+002  5.763374e+000
 8.419480e-001  2.564206e+002  5.685074e+000
 8.445830e-001  2.580394e+002  5.679141e+000
 8.472170e-001  2.565889e+002  5.663238e+000
 8.498520e-001  2.501205e+002  5.583763e+000
 8.524870e-001  2.449723e+002  5.581929e+000
 8.551210e-001  2.479015e+002  5.566174e+000
 8.577560e-001  2.502907e+002  5.572460e+000
 8.603910e-001  2.494123e+002  5.531928e+000
 8.630250e-001  2.469875e+002  5.552386e+000
 8.656600e-001  2.468698e+002  5.542717e+000
 8.682950e-001  2.397499e+002  5.470008e+000
 8.709290e-001  2.380548e+002  5.488184e+000
 8.735640e-001  2.363586e+002  5.411896e+000
 8.761990e-001  2.350245e+002  5.463556e+000
 8.788330e-001  2.343795e+002  5.468202e+000
 8.814680e-001  2.324774e+002  5.434335e+000
 8.841030e-001  2.318239e+002  5.498014e+000
 8.867370e-001  2.287141e+002  5.463755e+000
 8.893720e-001  2.211097e+002  5.417251e+000
 8.920070e-001  2.194694e+002  5.378844e+000
 8.946410e-001  2.173361e+002  5.356074e+000
 8.972760e-001  2.167287e+002  5.355455e+000
 8.999100e-001  2.146533e+002  5.322804e+000
 9.025450e-001  2.144806e+002  5.347875e+000
 9.051800e-001  2.109016e+002  5.272486e+000
 9.078140e-001  2.128417e+002  5.252384e+000
 9.104490e-001  2.115937e+002  5.274806e+000
 9.130840e-001  2.100580e+002  5.298395e+000
 9.157180e-001  2.098461e+002  5.317481e+000
 9.183530e-001  2.027429e+002  5.348906e+000
 9.209880e-001  2.004199e+002  5.424553e+000
 9.236220e-001  1.989623e+002  5.447908e+000
 9.262570e-001  1.983058e+002  5.446026e+000
 9.288920e-001  1.943373e+002  5.502926e+000
 9.315260e-001  1.977194e+002  5.498740e+000
 9.341610e-001  1.984677e+002  5.564722e+000
 9.367960e-001  1.993496e+002  5.585131e+000
 9.394300e-001  1.916946e+002  5.516834e+000
 9.420650e-001  1.795566e+002  5.524157e+000
 9.447000e-001  1.803657e+002  5.543501e+000
 9.473340e-001  1.878620e+002  5.625570e+000
 9.499690e-001  1.870503e+002  5.577472e+000
 9.526040e-001  1.817582e+002  5.559450e+000
 9.552380e-001  1.782115e+002  5.565517e+000
 9.578730e-001  1.818507e+002  5.589915e+000
 9.605080e-001  1.821355e+002  5.603947e+000
 9.631420e-001  1.866748e+002  5.629345e+000
 9.657770e-001  1.805638e+002  5.660596e+000
 9.684110e-001  1.726919e+002  5.654985e+000
 9.710460e-001  1.689383e+002  5.505230e+000
 9.736810e-001  1.691310e+002  5.413538e+000
 9.763150e-001  1.683826e+002  5.361877e+000
 9.789500e-001  1.669635e+002  5.330668e+000
 9.815850e-001  1.636015e+002  5.278455e+000
 9.842190e-001  1.627216e+002  5.248548e+000
 9.868540e-001  1.559664e+002  5.181767e+000
 9.894890e-001  1.521870e+002  5.195952e+000
 9.921230e-001  1.564499e+002  5.156647e+000
 9.947580e-001  1.576735e+002  5.103920e+000
 9.973930e-001  1.619520e+002  5.156739e+000
 1.000030e+000  1.595032e+002  5.165208e+000
 1.002660e+000  1.606786e+002  5.075765e+000
 1.005300e+000  1.557194e+002  5.065613e+000
 1.007930e+000  1.585151e+002  5.039656e+000
 1.010570e+000  1.586460e+002  5.074805e+000
 1.013200e+000  1.543144e+002  5.022283e+000
 1.015840e+000  1.522787e+002  5.001025e+000
 1.018470e+000  1.517103e+002  5.001689e+000
 1.021100e+000  1.466401e+002  4.935777e+000
 1.023740e+000  1.461453e+002  4.963290e+000
 1.026370e+000  1.433394e+002  4.884855e+000
 1.029010e+000  1.402692e+002  4.908002e+000
 1.031640e+000  1.413589e+002  4.867206e+000
 1.034280e+000  1.445323e+002  4.912733e+000
 1.036910e+000  1.447727e+002  4.885386e+000
 1.039550e+000  1.402127e+002  4.877143e+000
 1.042180e+000  1.400033e+002  4.839892e+000
 1.044820e+000  1.419168e+002  4.852955e+000
 1.047450e+000  1.361075e+002  4.819247e+000
 1.050090e+000  1.330864e+002  4.827657e+000
 1.052720e+000  1.299898e+002  4.751954e+000
 1.055360e+000  1.326874e+002  4.747994e+000
 1.057990e+000  1.275110e+002  4.731029e+000
 1.060620e+000  1.313897e+002  4.711164e+000
 1.063260e+000  1.260356e+002  4.671820e+000
 1.065890e+000  1.263411e+002  4.661661e+000
 1.068530e+000  1.267780e+002  4.694335e+000
 1.071160e+000  1.262333e+002  4.963420e+000
 1.073800e+000  1.261554e+002  1.302303e+001
 1.076430e+000  1.268943e+002  1.978099e+000
 1.079070e+000  1.245522e+002  1.966775e+000
 1.081700e+000  1.216998e+002  1.945536e+000
 1.084340e+000  1.215623e+002  1.944876e+000
 1.086970e+000  1.205301e+002  1.928095e+000
 1.089610e+000  1.177204e+002  1.920644e+000
 1.092240e+000  1.169482e+002  1.915516e+000
 1.094870e+000  1.186679e+002  1.906298e+000
 1.097510e+000  1.161674e+002  1.899766e+000
 1.100140e+000  1.145032e+002  1.887940e+000
 1.102780e+000  1.134031e+002  1.884666e+000
 1.105410e+000  1.128886e+002  1.862968e+000
 1.108050e+000  1.117746e+002  1.865202e+000
 1.110680e+000  1.113665e+002  1.858812e+000
 1.113320e+000  1.104337e+002  1.869726e+000
 1.115950e+000  1.087896e+002  1.844373e+000
 1.118590e+000  1.087941e+002  1.850821e+000
 1.121220e+000  1.101317e+002  1.845411e+000
 1.123860e+000  1.090085e+002  1.855367e+000
 1.126490e+000  1.072937e+002  1.828713e+000
 1.129130e+000  1.074626e+002  1.820430e+000
 1.131760e+000  1.058855e+002  1.808973e+000
 1.134390e+000  1.039319e+002  1.795332e+000
 1.137030e+000  1.032228e+002  1.805863e+000
 1.139660e+000  1.028908e+002  1.788081e+000
 1.142300e+000  1.020023e+002  1.787865e+000
 1.144930e+000  1.030221e+002  1.784164e+000
 1.147570e+000  1.000602e+002  1.772028e+000
 1.150200e+000  9.896216e+001  1.752970e+000
 1.152840e+000  9.872265e+001  1.755629e+000
 1.155470e+000  9.804221e+001  1.744915e+000
 1.158110e+000  9.767057e+001  1.753773e+000
 1.160740e+000  9.582366e+001  1.724368e+000
 1.163380e+000  9.531531e+001  1.735562e+000
 1.166010e+000  9.608535e+001  1.722257e+000
 1.168650e+000  9.471881e+001  1.722602e+000
 1.171280e+000  9.369919e+001  1.716291e+000
 1.173910e+000  9.370560e+001  1.698347e+000
 1.176550e+000  9.199313e+001  1.699918e+000
 1.179180e+000  9.065048e+001  1.679452e+000
 1.181820e+000  9.171474e+001  1.694935e+000
 1.184450e+000  9.192362e+001  1.680912e+000
 1.187090e+000  9.134290e+001  1.686284e+000
 1.189720e+000  8.945080e+001  1.672072e+000
 1.192360e+000  8.903138e+001  1.671821e+000
 1.194990e+000  8.751610e+001  1.651726e+000
 1.197630e+000  8.877774e+001  1.660281e+000
 1.200260e+000  8.760844e+001  1.645794e+000
 1.202900e+000  8.565196e+001  1.641165e+000
 1.205530e+000  8.421994e+001  1.613933e+000
 1.208170e+000  8.449008e+001  1.630982e+000
 1.210800e+000  8.359881e+001  1.616695e+000
 1.213430e+000  8.387805e+001  1.606191e+000
 1.216070e+000  8.358622e+001  1.607895e+000
 1.218700e+000  8.208494e+001  1.588689e+000
 1.221340e+000  7.994078e+001  1.596347e+000
 1.223970e+000  8.022392e+001  1.584465e+000
 1.226610e+000  8.046641e+001  1.592192e+000
 1.229240e+000  8.157872e+001  1.583112e+000
 1.231880e+000  8.080336e+001  1.588505e+000
 1.234510e+000  7.958047e+001  1.580987e+000
 1.237150e+000  7.776869e+001  1.579228e+000
 1.239780e+000  7.695162e+001  1.563460e+000
 1.242420e+000  7.931275e+001  1.582917e+000
 1.245050e+000  7.784876e+001  1.580642e+000
 1.247680e+000  7.530739e+001  1.556207e+000
 1.250320e+000  7.371006e+001  1.547410e+000
 1.252950e+000  7.393638e+001  1.540384e+000
 1.255590e+000  7.474829e+001  1.547409e+000
 1.258220e+000  7.494127e+001  1.544683e+000
 1.260860e+000  7.371185e+001  1.540220e+000
 1.263490e+000  7.308910e+001  1.524468e+000
 1.266130e+000  7.170404e+001  1.522233e+000
 1.268760e+000  7.246545e+001  1.517875e+000
 1.271400e+000  7.363545e+001  1.530188e+000
 1.274030e+000  7.314197e+001  1.512942e+000
 1.276670e+000  7.132986e+001  1.512911e+000
 1.279300e+000  7.045275e+001  1.505698e+000
 1.281940e+000  6.846955e+001  1.497493e+000
 1.284570e+000  6.850817e+001  1.488085e+000
 1.287200e+000  6.829864e+001  1.475444e+000
 1.289840e+000  6.811754e+001  1.487701e+000
 1.292470e+000  6.680486e+001  1.473461e+000
 1.295110e+000  6.691021e+001  1.475552e+000
 1.297740e+000  6.840132e+001  1.467482e+000
 1.300380e+000  6.966792e+001  1.486653e+000
 1.303010e+000  6.973021e+001  1.481960e+000
 1.305650e+000  6.681454e+001  1.470441e+000
 1.308280e+000  6.515777e+001  1.449310e+000
 1.310920e+000  6.538056e+001  1.450334e+000
 1.313550e+000  6.374093e+001  1.432175e+000
 1.316190e+000  6.446346e+001  1.446149e+000
 1.318820e+000  6.389872e+001  1.432090e+000
 1.321460e+000  6.342125e+001  1.433990e+000
 1.324090e+000  6.423450e+001  1.435508e+000
 1.326720e+000  6.279771e+001  1.420981e+000
 1.329360e+000  6.240000e+001  1.425885e+000
 1.331990e+000  6.347830e+001  1.424240e+000
 1.334630e+000  6.274126e+001  1.428627e+000
 1.337260e+000  6.048741e+001  1.407741e+000
 1.339900e+000  6.008629e+001  1.404816e+000
 1.342530e+000  6.109576e+001  1.398123e+000
 1.345170e+000  6.076755e+001  1.404051e+000
 1.347800e+000  6.018995e+001  1.397806e+000
 1.350440e+000  5.808057e+001  1.397531e+000
 1.353070e+000  5.851552e+001  1.381004e+000
 1.355710e+000  5.926398e+001  1.388030e+000
 1.358340e+000  5.817934e+001  1.389932e+000
 1.360970e+000  5.731532e+001  1.372968e+000
 1.363610e+000  5.770776e+001  1.373125e+000
 1.366240e+000  5.727057e+001  1.366990e+000
 1.368880e+000  5.654329e+001  1.372950e+000
 1.371510e+000  5.620868e+001  1.368021e+000
 1.374150e+000  5.706579e+001  1.372214e+000
 1.376780e+000  5.599995e+001  1.351608e+000
 1.379420e+000  5.596881e+001  1.361092e+000
 1.382050e+000  5.610043e+001  1.350281e+000
 1.384690e+000  5.528922e+001  1.356930e+000
 1.387320e+000  5.410368e+001  1.342417e+000
 1.389960e+000  5.376053e+001  1.343968e+000
 1.392590e+000  5.397330e+001  1.340666e+000
 1.395230e+000  5.531501e+001  1.345371e+000
 1.397860e+000  5.504795e+001  1.339563e+000
 1.400490e+000  5.350772e+001  1.328474e+000
 1.403130e+000  5.211932e+001  1.328459e+000
 1.405760e+000  5.158762e+001  1.318823e+000
 1.408400e+000  5.323452e+001  1.321422e+000
 1.411030e+000  5.348533e+001  1.318884e+000
 1.413670e+000  5.208689e+001  1.321143e+000
 1.416300e+000  5.174291e+001  1.310670e+000
 1.418940e+000  5.218555e+001  1.321634e+000
 1.421570e+000  5.162563e+001  1.305324e+000
 1.424210e+000  5.213423e+001  1.318197e+000
 1.426840e+000  5.176024e+001  1.303089e+000
 1.429480e+000  5.135573e+001  1.307596e+000
 1.432110e+000  5.052420e+001  1.302339e+000
 1.434750e+000  5.120820e+001  1.310750e+000
 1.437380e+000  4.933622e+001  1.301392e+000
 1.440010e+000  5.030550e+001  1.291718e+000
 1.442650e+000  4.988351e+001  1.288809e+000
 1.445280e+000  4.824724e+001  1.278199e+000
 1.447920e+000  4.914980e+001  1.291810e+000
 1.450550e+000  4.789773e+001  1.278413e+000
 1.453190e+000  4.837993e+001  1.279599e+000
 1.455820e+000  4.804126e+001  1.272398e+000
 1.458460e+000  4.691466e+001  1.272016e+000
 1.461090e+000  4.679193e+001  1.264987e+000
 1.463730e+000  4.640902e+001  1.274275e+000
 1.466360e+000  4.643616e+001  1.265210e+000
 1.469000e+000  4.663740e+001  1.272528e+000
 1.471630e+000  4.649730e+001  1.262390e+000
 1.474270e+000  4.479272e+001  1.266872e+000
 1.476900e+000  4.552242e+001  1.279204e+000
 1.479530e+000  4.634665e+001  1.288250e+000
 1.482170e+000  4.510810e+001  1.303600e+000
 1.484800e+000  4.510064e+001  1.295013e+000
 1.487440e+000  4.596102e+001  1.318631e+000
 1.490070e+000  4.496919e+001  1.310500e+000
 1.492710e+000  4.481369e+001  1.322648e+000
 1.495340e+000  4.609854e+001  1.322509e+000
 1.497980e+000  4.449217e+001  1.321679e+000
 1.500610e+000  4.265614e+001  1.314442e+000
 1.503250e+000  4.273111e+001  1.323823e+000
 1.505880e+000  4.278874e+001  1.318542e+000
 1.508520e+000  4.173941e+001  1.319959e+000
 1.511150e+000  4.161002e+001  1.324882e+000
 1.513780e+000  4.119385e+001  1.321372e+000
 1.516420e+000  4.151131e+001  1.330167e+000
 1.519050e+000  4.168094e+001  1.324790e+000
 1.521690e+000  4.093575e+001  1.331561e+000
 1.524320e+000  4.226644e+001  1.328224e+000
 1.526960e+000  4.163041e+001  1.345235e+000
 1.529590e+000  4.132786e+001  1.322555e+000
 1.532230e+000  4.105161e+001  1.311104e+000
 1.534860e+000  4.058036e+001  1.295973e+000
 1.537500e+000  3.957250e+001  1.286034e+000
 1.540130e+000  4.005369e+001  1.270037e+000
 1.542770e+000  4.065211e+001  1.275959e+000
 1.545400e+000  3.997013e+001  1.263639e+000
 1.548040e+000  3.922339e+001  1.258607e+000
 1.550670e+000  3.939392e+001  1.256288e+000
 1.553300e+000  3.957365e+001  1.246005e+000
 1.555940e+000  3.976192e+001  1.248538e+000
 1.558570e+000  3.908399e+001  1.244491e+000
 1.561210e+000  3.900302e+001  1.241752e+000
 1.563840e+000  3.922794e+001  1.235655e+000
 1.566480e+000  3.791606e+001  1.228457e+000
 1.569110e+000  3.733542e+001  1.217620e+000
 1.571750e+000  3.695553e+001  1.223515e+000
 1.574380e+000  3.704828e+001  1.208064e+000
 1.577020e+000  3.570341e+001  1.206904e+000
 1.579650e+000  3.490529e+001  1.192137e+000
 1.582290e+000  3.595640e+001  1.209767e+000
 1.584920e+000  3.539953e+001  1.195526e+000
 1.587560e+000  3.539783e+001  1.195152e+000
 1.590190e+000  3.601493e+001  1.202006e+000
 1.592820e+000  3.728742e+001  1.199816e+000
 1.595460e+000  3.515368e+001  1.198279e+000
 1.598090e+000  3.392051e+001  1.176466e+000
 1.600730e+000  3.329656e+001  1.179545e+000
 1.603360e+000  3.439765e+001  1.175680e+000
 1.606000e+000  3.344045e+001  1.173292e+000
 1.608630e+000  3.464683e+001  1.176299e+000
 1.611270e+000  3.432139e+001  1.175684e+000
 1.613900e+000  3.378390e+001  1.170471e+000
 1.616540e+000  3.303785e+001  1.175937e+000
 1.619170e+000  3.277526e+001  1.160218e+000
 1.621810e+000  3.424134e+001  1.176848e+000
 1.624440e+000  3.377661e+001  1.168569e+000
 1.627080e+000  3.210139e+001  1.168374e+000
 1.629710e+000  3.169414e+001  1.161059e+000
 1.632340e+000  3.167934e+001  1.154573e+000
 1.634980e+000  3.176057e+001  1.158324e+000
 1.637610e+000  3.102940e+001  1.143001e+000
 1.640250e+000  3.218824e+001  1.152246e+000
 1.642880e+000  3.326271e+001  1.154096e+000
 1.645520e+000  3.445518e+001  1.168785e+000
 1.648150e+000  3.365245e+001  1.158095e+000
 1.650790e+000  3.110171e+001  1.146387e+000
 1.653420e+000  2.995856e+001  1.135543e+000
 1.656060e+000  2.934915e+001  1.134568e+000
 1.658690e+000  2.994542e+001  1.133780e+000
 1.661330e+000  3.035239e+001  1.139788e+000
 1.663960e+000  3.089880e+001  1.135825e+000
 1.666590e+000  3.112142e+001  1.132365e+000
 1.669230e+000  3.087279e+001  1.134997e+000
 1.671860e+000  2.966133e+001  1.122966e+000
 1.674500e+000  2.952564e+001  1.122169e+000
 1.677130e+000  2.906979e+001  1.115095e+000
 1.679770e+000  2.891819e+001  1.122977e+000
 1.682400e+000  3.008034e+001  1.116532e+000
 1.685040e+000  3.008057e+001  1.125105e+000
 1.687670e+000  2.932995e+001  1.111259e+000
 1.690310e+000  2.858511e+001  1.115684e+000
 1.692940e+000  2.734104e+001  1.106054e+000
 1.695580e+000  2.742792e+001  1.105269e+000
 1.698210e+000  2.708692e+001  1.098306e+000
 1.700850e+000  2.759990e+001  1.099652e+000
 1.703480e+000  2.815903e+001  1.104811e+000
 1.706110e+000  2.675813e+001  1.098061e+000
 1.708750e+000  2.671985e+001  1.099386e+000
 1.711380e+000  2.764659e+001  1.098023e+000
 1.714020e+000  2.612924e+001  1.095970e+000
 1.716650e+000  2.616643e+001  1.089981e+000
 1.719290e+000  2.632298e+001  1.094841e+000
 1.721920e+000  2.664137e+001  1.088202e+000
 1.724560e+000  2.651898e+001  1.093763e+000
 1.727190e+000  2.551875e+001  1.084846e+000
 1.729830e+000  2.472999e+001  1.088991e+000
 1.732460e+000  2.470538e+001  1.079739e+000
 1.735100e+000  2.418873e+001  1.076742e+000
 1.737730e+000  2.477068e+001  1.074765e+000
 1.740370e+000  2.527277e+001  1.079819e+000
 1.743000e+000  2.563297e+001  1.081457e+000
 1.745630e+000  2.450924e+001  1.068039e+000
 1.748270e+000  2.425420e+001  1.076062e+000
 1.750900e+000  2.419819e+001  1.066293e+000
 1.753540e+000  2.414293e+001  1.072596e+000
 1.756170e+000  2.396457e+001  1.067913e+000
 1.758810e+000  2.438470e+001  1.074176e+000
 1.761440e+000  2.530359e+001  1.073010e+000
 1.764080e+000  2.455785e+001  1.068164e+000
 1.766710e+000  2.369768e+001  1.057029e+000
 1.769350e+000  2.312722e+001  1.058275e+000
 1.771980e+000  2.316035e+001  1.058103e+000
 1.774620e+000  2.353860e+001  1.068008e+000
 1.777250e+000  2.258164e+001  1.050594e+000
 1.779890e+000  2.235484e+001  1.061705e+000
 1.782520e+000  2.201067e+001  1.055496e+000
 1.785150e+000  2.187131e+001  1.044410e+000
 1.787790e+000  2.152572e+001  1.048827e+000
 1.790420e+000  2.195049e+001  1.043243e+000
 1.793060e+000  2.125430e+001  1.046079e+000
 1.795690e+000  2.108331e+001  1.036130e+000
 1.798330e+000  2.215462e+001  1.046811e+000
 1.800960e+000  2.266111e+001  1.044048e+000
 1.803600e+000  2.196539e+001  1.048021e+000
 1.806230e+000  2.108350e+001  1.047460e+000
 1.808870e+000  2.066166e+001  1.041840e+000
 1.811500e+000  2.083003e+001  1.037384e+000
 1.814140e+000  2.096631e+001  1.040241e+000
 1.816770e+000  2.090100e+001  1.036625e+000
 1.819400e+000  2.116916e+001  1.034663e+000
 1.822040e+000  2.010772e+001  1.034444e+000
 1.824670e+000  1.949589e+001  1.025948e+000
 1.827310e+000  1.990046e+001  1.027082e+000
 1.829940e+000  1.983902e+001  1.025482e+000
 1.832580e+000  1.845551e+001  1.021657e+000
 1.835210e+000  1.980034e+001  1.017478e+000
 1.837850e+000  1.969294e+001  1.025983e+000
 1.840480e+000  1.888811e+001  1.012409e+000
 1.843120e+000  1.927310e+001  1.021442e+000
 1.845750e+000  1.859887e+001  1.016413e+000
 1.848390e+000  1.872986e+001  1.023598e+000
 1.851020e+000  1.875394e+001  1.014588e+000
 1.853660e+000  1.915457e+001  1.015915e+000
 1.856290e+000  1.936795e+001  1.017714e+000
 1.858920e+000  1.858634e+001  1.008899e+000
 1.861560e+000  1.731772e+001  1.011869e+000
 1.864190e+000  1.653156e+001  1.001182e+000
 1.866830e+000  1.745717e+001  1.006861e+000
 1.869460e+000  1.810089e+001  1.007226e+000
 1.872100e+000  1.827416e+001  1.008081e+000
 1.874730e+000  1.838029e+001  1.005206e+000
 1.877370e+000  1.799982e+001  1.015012e+000
 1.880000e+000  1.802674e+001  1.011429e+000
 1.882640e+000  1.843153e+001  1.020991e+000
 1.885270e+000  1.741395e+001  1.000430e+000
 1.887910e+000  1.737561e+001  1.007901e+000
 1.890540e+000  1.686151e+001  1.006568e+000
 1.893180e+000  1.740382e+001  1.013423e+000
 1.895810e+000  1.663458e+001  1.006750e+000
 1.898440e+000  1.656373e+001  9.938282e-001
 1.901080e+000  1.669065e+001  1.004215e+000
 1.903710e+000  1.651781e+001  1.000785e+000
 1.906350e+000  1.658952e+001  1.012367e+000
 1.908980e+000  1.586817e+001  9.979711e-001
 1.911620e+000  1.566419e+001  1.002044e+000
 1.914250e+000  1.484785e+001  9.940884e-001
 1.916890e+000  1.484880e+001  1.000509e+000
 1.919520e+000  1.580588e+001  9.958826e-001
 1.922160e+000  1.538461e+001  1.000534e+000
 1.924790e+000  1.501029e+001  9.921202e-001
 1.927430e+000  1.556396e+001  1.001767e+000
 1.930060e+000  1.536303e+001  1.002828e+000
 1.932690e+000  1.601720e+001  9.996174e-001
 1.935330e+000  1.484881e+001  9.950012e-001
 1.937960e+000  1.452981e+001  9.898847e-001
 1.940600e+000  1.464075e+001  9.960087e-001
 1.943230e+000  1.546197e+001  9.960371e-001
 1.945870e+000  1.584517e+001  1.002787e+000
 1.948500e+000  1.567205e+001  9.939972e-001
 1.951140e+000  1.530327e+001  1.001171e+000
 1.953770e+000  1.536871e+001  9.965965e-001
 1.956410e+000  1.579399e+001  1.004181e+000
 1.959040e+000  1.406124e+001  9.884316e-001
 1.961680e+000  1.369247e+001  9.862506e-001
 1.964310e+000  1.397063e+001  9.875268e-001
 1.966950e+000  1.507593e+001  9.989826e-001
 1.969580e+000  1.465126e+001  9.965913e-001
 1.972210e+000  1.513630e+001  9.968959e-001
 1.974850e+000  1.526412e+001  9.982748e-001
 1.977480e+000  1.409708e+001  9.846384e-001
 1.980120e+000  1.375761e+001  9.937911e-001
 1.982750e+000  1.330283e+001  9.902595e-001
 1.985390e+000  1.368110e+001  9.924997e-001
 1.988020e+000  1.383945e+001  9.853380e-001
 1.990660e+000  1.414774e+001  1.001782e+000
 1.993290e+000  1.338006e+001  9.870616e-001
 1.995930e+000  1.234109e+001  9.898169e-001
 1.998560e+000  1.186716e+001  9.804772e-001
 2.001200e+000  1.230245e+001  9.876884e-001
 2.003830e+000  1.258438e+001  9.823731e-001
 2.006470e+000  1.284578e+001  9.856912e-001
 2.009100e+000  1.289704e+001  9.829739e-001
 2.011730e+000  1.213484e+001  9.709978e-001
 2.014370e+000  1.255687e+001  9.786922e-001
 2.017000e+000  1.231488e+001  9.803076e-001
 2.019640e+000  1.226862e+001  9.844586e-001
 2.022270e+000  1.258585e+001  9.833993e-001
 2.024910e+000  1.224191e+001  9.808434e-001
 2.027540e+000  1.284548e+001  9.811956e-001
 2.030180e+000  1.214606e+001  9.813301e-001
 2.032810e+000  1.170624e+001  9.814791e-001
 2.035450e+000  1.214027e+001  1.003786e+000
 2.038080e+000  1.279182e+001  1.013658e+000
 2.040720e+000  1.182814e+001  1.022795e+000
 2.043350e+000  1.205570e+001  1.018019e+000
 2.045990e+000  1.204286e+001  1.025823e+000
 2.048620e+000  1.221576e+001  1.040306e+000
 2.051250e+000  1.244034e+001  1.037776e+000
 2.053890e+000  1.273522e+001  1.043528e+000
 2.056520e+000  1.251914e+001  1.044992e+000
 2.059160e+000  1.135428e+001  1.051585e+000
 2.061790e+000  1.089818e+001  1.048472e+000
 2.064430e+000  1.156764e+001  1.050057e+000
 2.067060e+000  1.159528e+001  1.046348e+000
 2.069700e+000  1.081078e+001  1.049397e+000
 2.072330e+000  1.125413e+001  1.052749e+000
 2.074970e+000  1.164377e+001  1.063606e+000
 2.077600e+000  1.238642e+001  1.062206e+000
 2.080240e+000  1.218017e+001  1.077766e+000
 2.082870e+000  1.083957e+001  1.072758e+000
 2.085500e+000  1.210621e+001  1.072877e+000
 2.088140e+000  1.118600e+001  1.068106e+000
 2.090770e+000  1.019432e+001  1.041627e+000
 2.093410e+000  8.770709e+000  1.033717e+000
 2.096040e+000  1.005674e+001  1.025701e+000
 2.098680e+000  9.858085e+000  1.027011e+000
 2.101310e+000  9.344109e+000  1.009845e+000
 2.103950e+000  1.049668e+001  1.025387e+000
 2.106580e+000  1.029222e+001  1.011224e+000
 2.109220e+000  1.076000e+001  1.015174e+000
 2.111850e+000  1.043448e+001  1.006665e+000
 2.114490e+000  9.980809e+000  1.013334e+000
 2.117120e+000  9.572411e+000  1.005938e+000
 2.119760e+000  1.044483e+001  1.012952e+000
 2.122390e+000  1.008756e+001  1.012230e+000
 2.125020e+000  9.272010e+000  1.005259e+000
 2.127660e+000  9.533042e+000  1.012016e+000
 2.130290e+000  8.947493e+000  1.004265e+000
 2.132930e+000  8.937995e+000  1.003427e+000
 2.135560e+000  9.733248e+000  1.001059e+000
 2.138200e+000  1.010583e+001  1.020540e+000
 2.140830e+000  1.086136e+001  1.011286e+000
 2.143470e+000  1.082676e+001  1.013315e+000
 2.146100e+000  1.021336e+001  9.999748e-001
 2.148740e+000  9.247015e+000  1.006668e+000
 2.151370e+000  9.179550e+000  1.004680e+000
 2.154010e+000  8.756510e+000  1.005129e+000
 2.156640e+000  9.041237e+000  9.992206e-001
 2.159280e+000  9.118481e+000  1.005786e+000
 2.161910e+000  9.716010e+000  1.015562e+000
 2.164540e+000  9.345015e+000  1.006129e+000
 2.167180e+000  9.059952e+000  1.008964e+000
 2.169810e+000  9.416381e+000  1.007336e+000
 2.172450e+000  9.059417e+000  1.001775e+000
 2.175080e+000  9.175060e+000  1.001346e+000
 2.177720e+000  8.670090e+000  1.002584e+000
 2.180350e+000  7.898615e+000  9.941974e-001
 2.182990e+000  9.337409e+000  1.011795e+000
 2.185620e+000  9.825286e+000  1.011353e+000
 2.188260e+000  9.076934e+000  1.004629e+000
 2.190890e+000  9.899728e+000  1.006024e+000
 2.193530e+000  8.973194e+000  1.009422e+000
 2.196160e+000  9.139869e+000  1.002396e+000
 2.198800e+000  9.552022e+000  1.006222e+000
 2.201430e+000  8.987541e+000  1.009493e+000
 2.204060e+000  8.851406e+000  1.006811e+000
 2.206700e+000  7.822476e+000  1.007006e+000
 2.209330e+000  8.801109e+000  9.995615e-001
 2.211970e+000  8.867950e+000  1.006628e+000
 2.214600e+000  9.411106e+000  1.004225e+000
 2.217240e+000  8.149970e+000  1.002854e+000
 2.219870e+000  9.006800e+000  1.003282e+000
 2.222510e+000  8.962936e+000  1.002979e+000
 2.225140e+000  8.963461e+000  1.002784e+000
 2.227780e+000  8.632918e+000  1.010980e+000
 2.230410e+000  9.050549e+000  1.004609e+000
 2.233050e+000  1.023372e+001  1.019544e+000
 2.235680e+000  9.149911e+000  1.013629e+000
 2.238310e+000  8.374509e+000  1.012051e+000
 2.240950e+000  9.303867e+000  1.021345e+000
 2.243580e+000  8.484987e+000  1.009077e+000
 2.246220e+000  9.151192e+000  1.012958e+000
 2.248850e+000  8.418376e+000  1.005750e+000
 2.251490e+000  8.117747e+000  1.010556e+000
 2.254120e+000  8.105771e+000  1.000588e+000
 2.256760e+000  8.060368e+000  1.007634e+000
 2.259390e+000  9.162095e+000  1.003151e+000
 2.262030e+000  9.859520e+000  1.006972e+000
 2.264660e+000  8.907781e+000  9.973753e-001
 2.267300e+000  7.199077e+000  9.998417e-001
 2.269930e+000  7.751627e+000  1.003221e+000
 2.272570e+000  8.300782e+000  1.004077e+000
 2.275200e+000  9.319040e+000  1.006607e+000
 2.277830e+000  8.675805e+000  1.004167e+000
 2.280470e+000  9.169986e+000  1.009405e+000
 2.283100e+000  1.001007e+001  1.006618e+000
 2.285740e+000  9.479890e+000  1.006122e+000
 2.288370e+000  8.333047e+000  1.001538e+000
 2.291010e+000  7.773116e+000  1.005886e+000
 2.293640e+000  7.474981e+000  9.996604e-001
 2.296280e+000  7.797172e+000  1.006228e+000
 2.298910e+000  8.140148e+000  9.891328e-001
 2.301550e+000  9.034304e+000  1.009204e+000
 2.304180e+000  8.900475e+000  1.009466e+000
 2.306820e+000  8.525599e+000  1.010071e+000
 2.309450e+000  7.615375e+000  1.000495e+000
 2.312090e+000  8.034293e+000  1.002620e+000
 2.314720e+000  9.322562e+000  1.011376e+000
 2.317350e+000  8.615737e+000  9.993577e-001
 2.319990e+000  7.896374e+000  1.005006e+000
 2.322620e+000  7.764537e+000  1.001672e+000
 2.325260e+000  7.503913e+000  9.978109e-001
 2.327890e+000  7.373601e+000  9.982096e-001
 2.330530e+000  7.947101e+000  1.008636e+000
 2.333160e+000  8.902549e+000  1.009292e+000
 2.335800e+000  8.876916e+000  1.018139e+000
 2.338430e+000  8.173751e+000  1.009429e+000
 2.341070e+000  7.081186e+000  1.010605e+000
 2.343700e+000  7.660846e+000  9.994116e-001
 2.346340e+000  8.692957e+000  1.010300e+000
 2.348970e+000  8.119257e+000  1.003439e+000
 2.351610e+000  6.991472e+000  1.002685e+000
 2.354240e+000  6.985497e+000  9.989732e-001
 2.356870e+000  7.176065e+000  9.883672e-001
 2.359510e+000  7.163259e+000  9.991163e-001
 2.362140e+000  6.607838e+000  9.932897e-001
 2.364780e+000  7.201046e+000  1.002899e+000
 2.367410e+000  7.425240e+000  9.979613e-001
 2.370050e+000  6.898340e+000  9.958761e-001
 2.372680e+000  6.508171e+000  9.832233e-001
 2.375320e+000  7.027672e+000  9.878348e-001
 2.377950e+000  6.730161e+000  9.886163e-001
 2.380590e+000  6.483771e+000  9.960354e-001
 2.383220e+000  6.366508e+000  9.906894e-001
 2.385860e+000  6.266611e+000  1.000367e+000
 2.388490e+000  6.956489e+000  1.002317e+000
 2.391120e+000  7.530780e+000  9.967248e-001
 2.393760e+000  7.440924e+000  9.932454e-001
 2.396390e+000  7.157150e+000  9.899952e-001
 2.399030e+000  7.394105e+000  9.968935e-001
 2.401660e+000  7.487640e+000  9.933408e-001
 2.404300e+000  8.443898e+000  1.011963e+000
 2.406930e+000  8.413980e+000  9.979697e-001
 2.409570e+000  8.044832e+000  1.004125e+000
 2.412200e+000  7.014995e+000  9.964161e-001
 2.414840e+000  6.497599e+000  9.922937e-001
 2.417470e+000  6.846664e+000  9.944762e-001
 2.420110e+000  7.263471e+000  1.000851e+000
 2.422740e+000  7.097514e+000  9.947527e-001
 2.425380e+000  7.260558e+000  9.917000e-001
 2.428010e+000  6.454955e+000  9.925269e-001
 2.430640e+000  6.511038e+000  9.828458e-001
 2.433280e+000  7.194976e+000  9.878234e-001
 2.435910e+000  7.620724e+000  9.922397e-001
 2.438550e+000  6.080218e+000  9.883816e-001
 2.441180e+000  6.572860e+000  9.851053e-001
 2.443820e+000  6.143798e+000  9.913183e-001
 2.446450e+000  6.294261e+000  9.770631e-001
 2.449090e+000  6.190124e+000  9.926850e-001
 2.451720e+000  5.958667e+000  9.873508e-001
 2.454360e+000  5.308041e+000  9.960363e-001
 2.456990e+000  5.081381e+000  9.813161e-001
 2.459630e+000  5.529400e+000  9.909179e-001
 2.462260e+000  6.757446e+000  9.956369e-001
 2.464900e+000  6.092799e+000  9.925845e-001
 2.467530e+000  7.233156e+000  9.910904e-001
 2.470160e+000  6.195950e+000  9.824401e-001
 2.472800e+000  6.632229e+000  9.967255e-001
 2.475430e+000  6.566462e+000  9.879073e-001
 2.478070e+000  6.644042e+000  9.960297e-001
 2.480700e+000  6.682320e+000  9.921837e-001
 2.483340e+000  5.758154e+000  9.944810e-001
 2.485970e+000  6.039077e+000  1.001798e+000
 2.488610e+000  7.407231e+000  1.006509e+000
 2.491240e+000  6.478071e+000  9.891487e-001
 2.493880e+000  6.082502e+000  9.996039e-001
 2.496510e+000  5.534237e+000  9.866566e-001
 2.499150e+000  4.726710e+000  9.895511e-001
 2.501780e+000  5.820125e+000  9.914893e-001
 2.504410e+000  6.600166e+000  9.978906e-001
 2.507050e+000  7.113662e+000  1.007409e+000
 2.509680e+000  6.986166e+000  9.899457e-001
 2.512320e+000  6.493593e+000  9.933474e-001
 2.514950e+000  5.569380e+000  9.875170e-001
 2.517590e+000  5.820030e+000  9.932320e-001
 2.520220e+000  6.014466e+000  9.932799e-001
 2.522860e+000  6.623526e+000  9.954923e-001
 2.525490e+000  5.362970e+000  9.807549e-001
 2.528130e+000  4.858700e+000  9.852738e-001
 2.530760e+000  4.413810e+000  9.856765e-001
 2.533400e+000  5.379380e+000  9.847930e-001
 2.536030e+000  6.530836e+000  9.903182e-001
 2.538670e+000  5.830175e+000  9.953452e-001
 2.541300e+000  7.288341e+000  9.980702e-001
 2.543930e+000  6.931954e+000  9.888465e-001
 2.546570e+000  5.861388e+000  9.833401e-001
 2.549200e+000  6.642650e+000  9.851446e-001
 2.551840e+000  6.885976e+000  9.891004e-001
 2.554470e+000  6.854713e+000  9.857220e-001
 2.557110e+000  6.000365e+000  9.886247e-001
 2.559740e+000  6.438828e+000  9.768317e-001
 2.562380e+000  6.560735e+000  9.920787e-001
 2.565010e+000  5.278557e+000  9.834211e-001
 2.567650e+000  4.633233e+000  9.857838e-001
 2.570280e+000  5.309848e+000  9.835416e-001
 2.572920e+000  5.210412e+000  9.856241e-001
 2.575550e+000  4.614985e+000  9.793699e-001
 2.578190e+000  5.655085e+000  9.806950e-001
 2.580820e+000  5.633401e+000  9.824154e-001
 2.583450e+000  5.424793e+000  9.790135e-001
 2.586090e+000  6.232270e+000  9.934348e-001
 2.588720e+000  7.065668e+000  9.945303e-001
 2.591360e+000  6.937958e+000  1.001189e+000
 2.593990e+000  5.675668e+000  1.012890e+000
 2.596630e+000  5.652649e+000  1.028167e+000
 2.599260e+000  5.232964e+000  1.028012e+000
 2.601900e+000  4.740002e+000  1.045008e+000
 2.604530e+000  4.604622e+000  1.039738e+000
 2.607170e+000  4.963739e+000  1.067923e+000
 2.609800e+000  4.829833e+000  1.061530e+000
 2.612440e+000  4.934281e+000  1.068638e+000
 2.615070e+000  4.702481e+000  1.071593e+000
 2.617710e+000  5.247079e+000  1.087725e+000
 2.620340e+000  5.869636e+000  1.104523e+000
 2.622970e+000  6.094173e+000  1.103152e+000
 2.625610e+000  4.994695e+000  1.102452e+000
 2.628240e+000  4.318962e+000  1.094182e+000
 2.630880e+000  4.158366e+000  1.101734e+000
 2.633510e+000  5.067787e+000  1.106736e+000
 2.636150e+000  4.271315e+000  1.116845e+000
 2.638780e+000  4.993312e+000  1.128578e+000
 2.641420e+000  4.940843e+000  1.134435e+000
 2.644050e+000  4.088766e+000  1.130982e+000
 2.646690e+000  4.288943e+000  1.116026e+000
 2.649320e+000  4.786854e+000  1.103048e+000
 2.651960e+000  5.669866e+000  1.098520e+000
 2.654590e+000  4.866136e+000  1.076826e+000
 2.657220e+000  4.275451e+000  1.056362e+000
 2.659860e+000  5.979781e+000  1.069697e+000
 2.662490e+000  5.999886e+000  1.068886e+000
 2.665130e+000  4.523127e+000  1.064796e+000
 2.667760e+000  4.982126e+000  1.048735e+000
 2.670400e+000  5.449038e+000  1.059540e+000
 2.673030e+000  4.607735e+000  1.050926e+000
 2.675670e+000  3.680512e+000  1.044432e+000
 2.678300e+000  4.609140e+000  1.036100e+000
 2.680940e+000  4.480125e+000  1.048034e+000
 2.683570e+000  5.444697e+000  1.044588e+000
 2.686210e+000  4.660766e+000  1.040905e+000
 2.688840e+000  4.230523e+000  1.040135e+000
 2.691480e+000  4.085124e+000  1.043711e+000
 2.694110e+000  4.143933e+000  1.041845e+000
 2.696740e+000  4.272575e+000  1.035605e+000
 2.699380e+000  4.984836e+000  1.037132e+000
 2.702010e+000  4.303445e+000  1.020786e+000
 2.704650e+000  4.292038e+000  1.032771e+000
 2.707280e+000  4.794306e+000  1.035326e+000
 2.709920e+000  4.634619e+000  1.036279e+000
 2.712550e+000  4.426507e+000  1.026915e+000
 2.715190e+000  4.723128e+000  1.032972e+000
 2.717820e+000  5.593295e+000  1.028715e+000
 2.720460e+000  5.121768e+000  1.029191e+000
 2.723090e+000  4.440757e+000  1.020923e+000
 2.725730e+000  5.076277e+000  1.032242e+000
 2.728360e+000  4.723156e+000  1.031623e+000
 2.731000e+000  4.311247e+000  1.031984e+000
 2.733630e+000  4.793632e+000  1.029526e+000
 2.736260e+000  5.602194e+000  1.024612e+000
 2.738900e+000  5.464406e+000  1.030586e+000
 2.741530e+000  5.656963e+000  1.024562e+000
 2.744170e+000  5.396184e+000  1.025391e+000
 2.746800e+000  4.110627e+000  1.014835e+000
 2.749440e+000  3.806720e+000  1.014434e+000
 2.752070e+000  4.024366e+000  1.007956e+000
 2.754710e+000  4.704704e+000  1.015597e+000
 2.757340e+000  4.577792e+000  1.012149e+000
 2.759980e+000  4.256158e+000  1.019057e+000
 2.762610e+000  4.764898e+000  1.016410e+000
 2.765250e+000  4.563507e+000  1.024599e+000
 2.767880e+000  3.943972e+000  1.015665e+000
 2.770520e+000  4.338684e+000  1.014943e+000
 2.773150e+000  4.569496e+000  1.017900e+000
 2.775780e+000  3.488378e+000  1.005032e+000
 2.778420e+000  3.875178e+000  1.014102e+000
 2.781050e+000  4.771301e+000  1.003863e+000
 2.783690e+000  6.159440e+000  1.023167e+000
 2.786320e+000  4.402699e+000  1.009922e+000
 2.788960e+000  4.321758e+000  1.009765e+000
 2.791590e+000  4.167591e+000  1.008859e+000
 2.794230e+000  4.291111e+000  1.013279e+000
 2.796860e+000  4.459386e+000  1.014419e+000
 2.799500e+000  4.172624e+000  1.012173e+000
 2.802130e+000  5.193388e+000  1.009018e+000
 2.804770e+000  4.747968e+000  1.013724e+000
 2.807400e+000  4.571475e+000  1.010397e+000
 2.810030e+000  4.795506e+000  1.007722e+000
 2.812670e+000  4.820592e+000  1.010288e+000
 2.815300e+000  4.251554e+000  1.003133e+000
 2.817940e+000  4.381563e+000  1.018621e+000
 2.820570e+000  4.580753e+000  1.008501e+000
 2.823210e+000  4.481870e+000  1.013862e+000
 2.825840e+000  3.433378e+000  1.003707e+000
 2.828480e+000  3.638835e+000  1.006877e+000
 2.831110e+000  4.671734e+000  1.008528e+000
 2.833750e+000  4.825372e+000  1.016840e+000
 2.836380e+000  4.329960e+000  1.006974e+000
 2.839020e+000  4.080001e+000  1.004818e+000
 2.841650e+000  3.634789e+000  1.004301e+000
 2.844290e+000  3.839104e+000  1.005775e+000
 2.846920e+000  4.000424e+000  1.003965e+000
 2.849550e+000  3.532267e+000  1.000010e+000
 2.852190e+000  3.392231e+000  1.002399e+000
 2.854820e+000  4.328511e+000  1.007145e+000
 2.857460e+000  4.173090e+000  1.009514e+000
 2.860090e+000  4.886017e+000  1.007072e+000
 2.862730e+000  5.019968e+000  1.012528e+000
 2.865360e+000  5.401962e+000  1.014020e+000
 2.868000e+000  4.602002e+000  1.005891e+000
 2.870630e+000  3.460950e+000  9.929935e-001
 2.873270e+000  2.402636e+000  9.962698e-001
 2.875900e+000  2.324482e+000  9.945492e-001
 2.878540e+000  3.655548e+000  1.004558e+000
 2.881170e+000  3.672771e+000  1.004413e+000
 2.883810e+000  4.182004e+000  1.010862e+000
 2.886440e+000  4.175536e+000  1.009128e+000
 2.889070e+000  4.803154e+000  1.004098e+000
 2.891710e+000  4.674242e+000  1.007715e+000
 2.894340e+000  4.452103e+000  1.002492e+000
 2.896980e+000  4.215768e+000  1.007440e+000
 2.899610e+000  4.630046e+000  1.003175e+000
 2.902250e+000  4.740374e+000  1.009123e+000
 2.904880e+000  3.560837e+000  9.968264e-001
 2.907520e+000  3.462371e+000  1.004561e+000
 2.910150e+000  4.230181e+000  1.001637e+000
 2.912790e+000  3.629347e+000  1.001274e+000
 2.915420e+000  2.707410e+000  9.889359e-001
 2.918060e+000  2.902852e+000  9.995111e-001
 2.920690e+000  2.705678e+000  9.971748e-001
 2.923320e+000  3.901517e+000  9.915757e-001
 2.925960e+000  4.440958e+000  9.961698e-001
 2.928590e+000  4.137625e+000  9.849689e-001
 2.931230e+000  4.730971e+000  9.974977e-001
 2.933860e+000  4.735709e+000  9.891307e-001
 2.936500e+000  4.518199e+000  1.000507e+000
 2.939130e+000  4.733637e+000  9.941938e-001
 2.941770e+000  4.846868e+000  1.000632e+000
 2.944400e+000  4.830417e+000  9.954777e-001
 2.947040e+000  4.528872e+000  1.005179e+000
 2.949670e+000  3.526174e+000  9.921600e-001
 2.952310e+000  4.446894e+000  1.001312e+000
 2.954940e+000  4.211696e+000  9.924380e-001
 2.957580e+000  3.888692e+000  9.952751e-001
 2.960210e+000  4.463264e+000  9.987795e-001
 2.962840e+000  4.540915e+000  9.989026e-001
 2.965480e+000  3.360904e+000  9.919972e-001
 2.968110e+000  2.818372e+000  9.805991e-001
 2.970750e+000  4.051220e+000  9.946673e-001
 2.973380e+000  4.991383e+000  9.970882e-001
 2.976020e+000  3.944719e+000  1.000684e+000
 2.978650e+000  4.253801e+000  9.966417e-001
 2.981290e+000  5.147600e+000  9.954733e-001
 2.983920e+000  4.126634e+000  9.851885e-001
 2.986560e+000  4.101649e+000  9.968742e-001
 2.989190e+000  3.948267e+000  9.948913e-001
 2.991830e+000  3.727739e+000  9.900561e-001
 2.994460e+000  3.930080e+000  9.861622e-001
 2.997100e+000  3.409225e+000  9.922388e-001
 2.999730e+000  4.566010e+000  9.946534e-001
 3.002360e+000  4.749460e+000  9.950775e-001
 3.005000e+000  4.261933e+000  9.916623e-001
 3.007630e+000  4.701523e+000  9.876155e-001
 3.010270e+000  3.288067e+000  9.926255e-001
 3.012900e+000  3.897639e+000  9.961932e-001
 3.015540e+000  4.168989e+000  1.001688e+000
 3.018170e+000  3.474157e+000  9.842193e-001
 3.020810e+000  2.829802e+000  9.919752e-001
 3.023440e+000  4.273094e+000  9.956182e-001
 3.026080e+000  5.232141e+000  1.001703e+000
 3.028710e+000  4.728566e+000  9.972124e-001
 3.031350e+000  4.054995e+000  9.961881e-001
 3.033980e+000  4.257339e+000  9.921968e-001
 3.036620e+000  4.331566e+000  9.965406e-001
 3.039250e+000  4.473071e+000  9.986661e-001
 3.041880e+000  4.180239e+000  9.962831e-001
 3.044520e+000  4.003726e+000  9.968955e-001
 3.047150e+000  4.102044e+000  9.896526e-001
 3.049790e+000  4.362994e+000  1.000086e+000
 3.052420e+000  5.488463e+000  1.000565e+000
 3.055060e+000  5.919676e+000  1.011430e+000
 3.057690e+000  4.859747e+000  9.957883e-001
 3.060330e+000  4.390507e+000  9.962975e-001
 3.062960e+000  3.759109e+000  9.893562e-001
 3.065600e+000  4.237603e+000  9.936370e-001
 3.068230e+000  5.045711e+000  9.923236e-001
 3.070870e+000  4.232350e+000  9.988902e-001
 3.073500e+000  4.674573e+000  1.000449e+000
 3.076130e+000  3.793514e+000  9.939280e-001
 3.078770e+000  3.443189e+000  9.984534e-001
 3.081400e+000  4.520814e+000  9.844586e-001
 3.084040e+000  4.922548e+000  9.930507e-001
 3.086670e+000  4.190670e+000  9.848367e-001
 3.089310e+000  3.175637e+000  9.973149e-001
 3.091940e+000  3.088543e+000  9.939658e-001
 3.094580e+000  3.019206e+000  9.924187e-001
 3.097210e+000  4.786008e+000  9.964674e-001
 3.099850e+000  4.127954e+000  1.001343e+000
 3.102480e+000  2.814255e+000  9.864416e-001
 3.105120e+000  2.753093e+000  9.944522e-001
 3.107750e+000  4.416722e+000  9.958802e-001
 3.110390e+000  4.459156e+000  9.951617e-001
 3.113020e+000  4.079061e+000  9.965962e-001
 3.115650e+000  3.468199e+000  9.964340e-001
 3.118290e+000  3.078463e+000  9.934308e-001
 3.120920e+000  2.958943e+000  9.913073e-001
 3.123560e+000  4.245706e+000  1.000922e+000
 3.126190e+000  4.534393e+000  9.922476e-001
 3.128830e+000  4.454717e+000  9.959452e-001
 3.131460e+000  4.113857e+000  9.901055e-001
 3.134100e+000  4.085181e+000  9.978700e-001
 3.136730e+000  4.150320e+000  9.880749e-001
 3.139370e+000  4.410204e+000  9.936533e-001
 3.142000e+000  3.967605e+000  9.914878e-001
 3.144640e+000  3.545701e+000  9.962990e-001
 3.147270e+000  4.048363e+000  9.915554e-001
 3.149910e+000  4.052153e+000  1.004108e+000
 3.152540e+000  4.432937e+000  1.033460e+000
 3.155170e+000  4.348715e+000  1.041179e+000
 3.157810e+000  3.491146e+000  1.054305e+000
 3.160440e+000  3.668441e+000  1.055287e+000
 3.163080e+000  4.053973e+000  1.081981e+000
 3.165710e+000  3.818363e+000  1.081797e+000
 3.168350e+000  3.775085e+000  1.098819e+000
 3.170980e+000  4.440769e+000  1.104850e+000
 3.173620e+000  4.568183e+000  1.122413e+000
 3.176250e+000  5.045497e+000  1.125335e+000
 3.178890e+000  5.862147e+000  1.138154e+000
 3.181520e+000  4.775473e+000  1.127809e+000
 3.184160e+000  4.859471e+000  1.144588e+000
 3.186790e+000  4.816662e+000  1.143202e+000
 3.189430e+000  3.707303e+000  1.144405e+000
 3.192060e+000  4.028583e+000  1.152218e+000
 3.194690e+000  4.054134e+000  1.144441e+000
 3.197330e+000  3.928032e+000  1.154921e+000
 3.199960e+000  3.350621e+000  1.153735e+000
 3.202600e+000  4.550226e+000  1.171402e+000
 3.205230e+000  3.612260e+000  1.154721e+000
 3.207870e+000  4.278861e+000  1.137206e+000
 3.210500e+000  3.843583e+000  1.107313e+000
 3.213140e+000  4.067211e+000  1.097786e+000
 3.215770e+000  4.839493e+000  1.096379e+000
 3.218410e+000  4.954466e+000  1.094373e+000
 3.221040e+000  4.892871e+000  1.081480e+000
 3.223680e+000  5.094855e+000  1.081956e+000
 3.226310e+000  5.016029e+000  1.080572e+000
 3.228940e+000  4.123504e+000  1.064962e+000
 3.231580e+000  3.577909e+000  1.059977e+000
 3.234210e+000  4.157548e+000  1.054397e+000
 3.236850e+000  4.437589e+000  1.063820e+000
 3.239480e+000  4.730593e+000  1.051883e+000
 3.242120e+000  4.099750e+000  1.057551e+000
 3.244750e+000  4.556388e+000  1.050454e+000
 3.247390e+000  4.165306e+000  1.051415e+000
 3.250020e+000  4.053096e+000  1.051266e+000
 3.252660e+000  3.537182e+000  1.057784e+000
 3.255290e+000  2.794764e+000  1.047006e+000
 3.257930e+000  3.281403e+000  1.043207e+000
 3.260560e+000  3.222263e+000  1.036590e+000
 3.263200e+000  3.460022e+000  1.044235e+000
 3.265830e+000  3.561066e+000  1.044012e+000
 3.268460e+000  3.540785e+000  1.039390e+000
 3.271100e+000  3.394676e+000  1.042497e+000
 3.273730e+000  3.602234e+000  1.034301e+000
 3.276370e+000  4.211273e+000  1.043415e+000
 3.279000e+000  4.896166e+000  1.046631e+000
 3.281640e+000  5.481408e+000  1.048983e+000
 3.284270e+000  4.631114e+000  1.044602e+000
 3.286910e+000  3.825644e+000  1.043784e+000
 3.289540e+000  3.966028e+000  1.034036e+000
 3.292180e+000  4.156926e+000  1.037232e+000
 3.294810e+000  3.867521e+000  1.031190e+000
 3.297450e+000  3.655133e+000  1.041555e+000
 3.300080e+000  4.162677e+000  1.045366e+000
 3.302720e+000  4.052339e+000  1.047479e+000
 3.305350e+000  2.902413e+000  1.041393e+000
 3.307980e+000  2.950166e+000  1.028382e+000
 3.310620e+000  4.215202e+000  1.032548e+000
 3.313250e+000  4.776619e+000  1.024828e+000
 3.315890e+000  3.498748e+000  1.021996e+000
 3.318520e+000  3.002545e+000  1.019535e+000
 3.321160e+000  4.481288e+000  1.039612e+000
 3.323790e+000  5.191438e+000  1.036061e+000
 3.326430e+000  4.456435e+000  1.033251e+000
 3.329060e+000  3.089861e+000  1.021377e+000
 3.331700e+000  4.241597e+000  1.036909e+000
 3.334330e+000  5.445698e+000  1.033922e+000
 3.336970e+000  3.866925e+000  1.024946e+000
 3.339600e+000  3.125847e+000  1.013656e+000
 3.342240e+000  4.392011e+000  1.019416e+000
 3.344870e+000  3.753083e+000  1.018929e+000
 3.347500e+000  2.099696e+000  1.008118e+000
 3.350140e+000  3.785197e+000  1.016754e+000
 3.352770e+000  4.518201e+000  1.017378e+000
 3.355410e+000  4.405834e+000  1.027474e+000
 3.358040e+000  3.724690e+000  1.013050e+000
 3.360680e+000  3.724731e+000  1.017558e+000
 3.363310e+000  4.350230e+000  1.019812e+000
 3.365950e+000  4.314596e+000  1.027487e+000
 3.368580e+000  5.494446e+000  1.024940e+000
 3.371220e+000  4.280168e+000  1.020656e+000
 3.373850e+000  4.410937e+000  1.021504e+000
 3.376490e+000  4.331524e+000  1.021635e+000
 3.379120e+000  3.755394e+000  1.014828e+000
 3.381750e+000  3.950721e+000  1.015101e+000
 3.384390e+000  3.736882e+000  1.023306e+000
 3.387020e+000  4.304392e+000  1.029127e+000
 3.389660e+000  4.454161e+000  1.030884e+000
 3.392290e+000  5.774024e+000  1.030241e+000
 3.394930e+000  5.308260e+000  1.025797e+000
 3.397560e+000  4.620792e+000  1.014031e+000
 3.400200e+000  3.993612e+000  1.020317e+000
 3.402830e+000  4.268289e+000  1.014203e+000
 3.405470e+000  4.400985e+000  1.020422e+000
 3.408100e+000  3.494389e+000  1.016830e+000
 3.410740e+000  2.570891e+000  1.018680e+000
 3.413370e+000  3.095497e+000  1.012475e+000
 3.416010e+000  3.834565e+000  1.014306e+000
 3.418640e+000  4.873968e+000  1.016436e+000
 3.421270e+000  3.375743e+000  1.006296e+000
 3.423910e+000  2.445140e+000  1.008472e+000
 3.426540e+000  4.163825e+000  1.017691e+000
 3.429180e+000  4.445930e+000  1.020939e+000
 3.431810e+000  3.706662e+000  1.009695e+000
 3.434450e+000  3.360219e+000  1.009995e+000
 3.437080e+000  4.143424e+000  1.010087e+000
 3.439720e+000  4.189612e+000  1.017885e+000
 3.442350e+000  3.742241e+000  1.008679e+000
 3.444990e+000  3.770038e+000  1.018519e+000
 3.447620e+000  3.903093e+000  1.010158e+000
 3.450260e+000  3.574798e+000  1.018027e+000
 3.452890e+000  3.731031e+000  1.016564e+000
 3.455530e+000  3.945643e+000  1.020793e+000
 3.458160e+000  3.871377e+000  1.018898e+000
 3.460790e+000  5.160953e+000  1.010942e+000
 3.463430e+000  5.353612e+000  1.020616e+000
 3.466060e+000  4.282052e+000  1.010231e+000
 3.468700e+000  3.067363e+000  1.008569e+000
 3.471330e+000  3.304198e+000  1.008837e+000
 3.473970e+000  3.963244e+000  1.004623e+000
 3.476600e+000  4.557952e+000  1.004614e+000
 3.479240e+000  4.731158e+000  1.018490e+000
 3.481870e+000  4.145265e+000  1.009028e+000
 3.484510e+000  3.537692e+000  1.013863e+000
 3.487140e+000  3.949944e+000  1.011759e+000
 3.489780e+000  4.779368e+000  1.022421e+000
 3.492410e+000  4.005557e+000  1.019523e+000
 3.495040e+000  4.123866e+000  1.009431e+000
 3.497680e+000  4.737766e+000  1.017177e+000
 3.500310e+000  3.999269e+000  1.004772e+000
 3.502950e+000  2.985994e+000  1.007181e+000
 3.505580e+000  3.353193e+000  9.987892e-001
 3.508220e+000  3.667501e+000  1.006885e+000
 3.510850e+000  4.013777e+000  1.013414e+000
 3.513490e+000  3.276730e+000  1.009372e+000
 3.516120e+000  3.657172e+000  1.001208e+000
 3.518760e+000  3.574125e+000  1.009969e+000
 3.521390e+000  3.905875e+000  1.007556e+000
 3.524030e+000  4.582829e+000  1.009397e+000
 3.526660e+000  4.952898e+000  1.013660e+000
 3.529300e+000  4.174828e+000  1.010573e+000
 3.531930e+000  4.490669e+000  1.006724e+000
 3.534560e+000  4.587831e+000  1.009267e+000
 3.537200e+000  3.854052e+000  1.014178e+000
 3.539830e+000  3.649435e+000  1.007363e+000
 3.542470e+000  4.548523e+000  1.020908e+000
 3.545100e+000  4.343869e+000  1.014040e+000
 3.547740e+000  3.476265e+000  1.010375e+000
 3.550370e+000  3.328553e+000  1.008602e+000
 3.553010e+000  3.000273e+000  1.008573e+000
 3.555640e+000  3.543327e+000  1.000014e+000
 3.558280e+000  4.079987e+000  1.007828e+000
 3.560910e+000  3.799326e+000  1.004902e+000
 3.563550e+000  3.779463e+000  1.014970e+000
 3.566180e+000  3.355272e+000  1.003769e+000
 3.568820e+000  3.764325e+000  1.005221e+000
 3.571450e+000  3.521365e+000  1.006057e+000
 3.574080e+000  4.111747e+000  1.006283e+000
 3.576720e+000  4.431639e+000  1.010120e+000
 3.579350e+000  3.167881e+000  1.000076e+000
 3.581990e+000  3.070764e+000  1.007539e+000
 3.584620e+000  3.075097e+000  9.954184e-001
 3.587260e+000  2.703226e+000  9.990589e-001
 3.589890e+000  3.939401e+000  9.999718e-001
 3.592530e+000  3.869444e+000  1.004970e+000
 3.595160e+000  2.863590e+000  9.987110e-001
 3.597800e+000  2.844242e+000  1.004412e+000
 3.600430e+000  3.326681e+000  1.002449e+000
 3.603070e+000  4.577059e+000  1.011400e+000
 3.605700e+000  4.194213e+000  1.002235e+000
 3.608340e+000  4.171947e+000  1.007867e+000
 3.610970e+000  2.894916e+000  9.990864e-001
 3.613600e+000  3.189328e+000  9.975661e-001
 3.616240e+000  3.620711e+000  1.004641e+000
 3.618870e+000  3.353310e+000  9.986288e-001
 3.621510e+000  4.704005e+000  1.009298e+000
 3.624140e+000  4.772637e+000  1.000797e+000
 3.626780e+000  3.771917e+000  1.010188e+000
 3.629410e+000  4.449939e+000  1.003851e+000
 3.632050e+000  4.488141e+000  1.015768e+000
 3.634680e+000  3.293589e+000  1.004214e+000
 3.637320e+000  2.922736e+000  1.007507e+000
 3.639950e+000  2.666610e+000  1.004385e+000
 3.642590e+000  4.054318e+000  1.016383e+000
 3.645220e+000  3.327679e+000  1.010657e+000
 3.647850e+000  2.994366e+000  1.001531e+000
 3.650490e+000  3.503550e+000  1.010304e+000
 3.653120e+000  3.260301e+000  1.002805e+000
 3.655760e+000  2.921438e+000  1.009892e+000
 3.658390e+000  2.685209e+000  1.001697e+000
 3.661030e+000  3.350745e+000  1.020306e+000
 3.663660e+000  4.237727e+000  1.008246e+000
 3.666300e+000  3.999165e+000  1.014549e+000
 3.668930e+000  4.349503e+000  1.007855e+000
 3.671570e+000  5.165461e+000  1.018200e+000
 3.674200e+000  4.169638e+000  1.006563e+000
 3.676840e+000  2.470148e+000  1.006263e+000
 3.679470e+000  2.949593e+000  1.000796e+000
 3.682110e+000  3.391129e+000  1.003302e+000
 3.684740e+000  1.944759e+000  1.001086e+000
 3.687370e+000  3.802764e+000  1.007081e+000
 3.690010e+000  4.088377e+000  1.010592e+000
 3.692640e+000  3.327759e+000  1.001717e+000
 3.695280e+000  2.666474e+000  9.975486e-001
 3.697910e+000  2.749040e+000  9.935233e-001
 3.700550e+000  3.668990e+000  1.007270e+000
 3.703180e+000  3.614460e+000  1.008953e+000
 3.705820e+000  3.878408e+000  1.016444e+000
 3.708450e+000  3.748942e+000  1.016177e+000
 3.711090e+000  3.856145e+000  1.055741e+000
 3.713720e+000  3.331374e+000  1.066102e+000
 3.716360e+000  3.376963e+000  1.073392e+000
 3.718990e+000  2.894324e+000  1.068494e+000
 3.721630e+000  3.180921e+000  1.089917e+000
 3.724260e+000  3.300434e+000  1.111069e+000
 3.726890e+000  3.639013e+000  1.121136e+000
 3.729530e+000  3.137626e+000  1.136113e+000
 3.732160e+000  3.271331e+000  1.132313e+000
 3.734800e+000  3.052429e+000  1.159065e+000
 3.737430e+000  2.625400e+000  1.150333e+000
 3.740070e+000  4.381313e+000  1.171033e+000
 3.742700e+000  4.634594e+000  1.178565e+000
 3.745340e+000  3.584486e+000  1.197779e+000
 3.747970e+000  3.368301e+000  1.192618e+000
 3.750610e+000  3.523240e+000  1.197333e+000
 3.753240e+000  3.085231e+000  1.208503e+000
 3.755880e+000  3.963705e+000  1.229381e+000
 3.758510e+000  4.106079e+000  1.235568e+000
 3.761150e+000  2.827445e+000  1.238564e+000
 3.763780e+000  2.593317e+000  1.212268e+000
 3.766410e+000  2.420021e+000  1.179052e+000
 3.769050e+000  2.436443e+000  1.172895e+000
 3.771680e+000  3.491089e+000  1.158567e+000
 3.774320e+000  3.669018e+000  1.159440e+000
 3.776950e+000  3.729378e+000  1.141984e+000
 3.779590e+000  3.479646e+000  1.144039e+000
 3.782220e+000  2.880496e+000  1.128169e+000
 3.784860e+000  1.516806e+000  1.118303e+000
 3.787490e+000  1.120183e+000  1.109365e+000
 3.790130e+000  1.254932e+000  1.116539e+000
 3.792760e+000  3.213217e+000  1.122590e+000
 3.795400e+000  4.571938e+000  1.128634e+000
 3.798030e+000  3.788179e+000  1.116408e+000
 3.800660e+000  3.718623e+000  1.115781e+000
 3.803300e+000  2.768361e+000  1.114481e+000
 3.805930e+000  3.050822e+000  1.107630e+000
 3.808570e+000  3.343273e+000  1.115726e+000
 3.811200e+000  3.619868e+000  1.118329e+000
 3.813840e+000  3.774504e+000  1.116302e+000
 3.816470e+000  2.882297e+000  1.105844e+000
 3.819110e+000  3.264735e+000  1.114034e+000
 3.821740e+000  4.393167e+000  1.118265e+000
 3.824380e+000  3.485305e+000  1.113819e+000
 3.827010e+000  2.803263e+000  1.100545e+000
 3.829650e+000  3.472572e+000  1.106540e+000
 3.832280e+000  3.547848e+000  1.106998e+000
 3.834920e+000  3.729889e+000  1.121389e+000
 3.837550e+000  2.817504e+000  1.115861e+000
 3.840180e+000  3.151057e+000  1.116434e+000
 3.842820e+000  4.532353e+000  1.134135e+000
 3.845450e+000  3.512681e+000  1.117403e+000
 3.848090e+000  1.676617e+000  1.114508e+000
 3.850720e+000  3.697692e+000  1.112265e+000
 3.853360e+000  3.087585e+000  1.112809e+000
 3.855990e+000  3.259796e+000  1.117957e+000
 3.858630e+000  3.692983e+000  1.128845e+000
 3.861260e+000  4.316843e+000  1.126417e+000
 3.863900e+000  4.486332e+000  1.126370e+000
 3.866530e+000  5.410906e+000  1.122248e+000
 3.869170e+000  4.361130e+000  1.133501e+000
 3.871800e+000  3.040619e+000  1.126131e+000
 3.874440e+000  3.491075e+000  1.126039e+000
 3.877070e+000  3.783620e+000  1.129806e+000
 3.879700e+000  3.735502e+000  1.118520e+000
 3.882340e+000  2.296683e+000  1.118658e+000
 3.884970e+000  2.041367e+000  1.106551e+000
 3.887610e+000  2.972164e+000  1.117602e+000
 3.890240e+000  3.232702e+000  1.120516e+000
 3.892880e+000  3.991686e+000  1.129982e+000
 3.895510e+000  4.104548e+000  1.135622e+000
 3.898150e+000  3.707740e+000  1.136444e+000
 3.900780e+000  4.415454e+000  1.133022e+000
 3.903420e+000  3.512136e+000  1.132550e+000
 3.906050e+000  3.498726e+000  1.128565e+000
 3.908690e+000  2.724838e+000  1.128826e+000
 3.911320e+000  2.918452e+000  1.122479e+000
 3.913960e+000  3.311866e+000  1.129199e+000
 3.916590e+000  3.451752e+000  1.130841e+000
 3.919220e+000  2.782388e+000  1.128182e+000
 3.921860e+000  4.034456e+000  1.144611e+000
 3.924490e+000  3.927029e+000  1.136046e+000
 3.927130e+000  3.856984e+000  1.139731e+000
 3.929760e+000  3.336952e+000  1.128404e+000
 3.932400e+000  3.348258e+000  1.143472e+000
 3.935030e+000  2.997037e+000  1.129207e+000
 3.937670e+000  2.918151e+000  1.146572e+000
 3.940300e+000  3.233323e+000  1.133049e+000
 3.942940e+000  2.786455e+000  1.127417e+000
 3.945570e+000  3.590819e+000  1.131171e+000
 3.948210e+000  3.774025e+000  1.146183e+000
 3.950840e+000  3.681605e+000  1.145381e+000
 3.953470e+000  4.222437e+000  1.139754e+000
 3.956110e+000  3.842226e+000  1.143366e+000
 3.958740e+000  3.189195e+000  1.136525e+000
 3.961380e+000  2.358302e+000  1.128960e+000
 3.964010e+000  2.679370e+000  1.131882e+000
 3.966650e+000  3.158996e+000  1.145855e+000
 3.969280e+000  4.708134e+000  1.230110e+000
Parent(s): C:/DOCUME~1/graewert/LOCALS~1/Temp/qt_temp.cr7720 C:/DOCUME~1/graewert/LOCALS~1/Temp/qt_temp.sv7720
creator: datmerge
creator-version: v0.2 (r3648)
datmerge-factor C: /DOCUME~1/graewert/LOCALS~1/Temp/qt_temp.sv7720: .9937
parent: C:/DOCUME~1/graewert/LOCALS~1/Temp/qt_temp.sv7720
